149
219
396
-54
167
-274
350
-483
195
-763
403
-1046
178
-1291
481
-1524
440
-1799
165
-2000
217
-2209
133
-2499
183
-2741
299
-2887
557
-3215
247
-3447
345
-3593
175
-3925
353
-4149
253
-4385
99
-4587
141
-4847
133
-5091
85
-5307
93
-5611
93
-5831
133
-6111
109
-6379
85
-6543
85
-6759
85
-7079
117
-7299
149
-7487
101
-7759
85
-7931
85
-8231
101
-8479
93
-8747
149
-8951
109
-9239
141
-9451
93
-9747
117
-9891
117
-10131
109
-10371
149
-10627
149
-10875
109
-11099
141
-11411
109
-11587
133
-11827
149
-12155
125
-12267
125
-12547
133
-12819
109
-13043
125
-13307
85
-13571
117
-13747
109
-13947
125
-14299
93
-14475
93
-14739
133
-15019
117
-15227
85
-15451
101
-15627
93
-15947
101
-16107
101
-16419
101
-16707
149
-16827
109
-17123
85
-17315
85
-17619
141
-17915
133
-18051
141
-18355
109
-18635
101
-18827
-143
716
-27
-49
-110
-279
-153
-587
-81
-817
-43
-1019
-29
-1221
-22
-1511
-110
-1670
-96
-1959
-63
-2195
-121
-2511
-141
-2673
-153
-3021
-125
-3263
-43
-3423
-91
-3717
-89
-3921
-99
-4089
-71
-4407
-111
-4611
-119
-4819
-139
-5147
-75
-5407
-143
-5547
-83
-5895
-23
-5999
-75
-6315
-75
-6599
-147
-6751
-103
-7047
-123
-7335
-75
-7559
-59
-7747
-59
-8003
-71
-8179
-127
-8427
-63
-8659
-115
-8927
-91
-9167
-75
-9499
-91
-9731
-139
-9987
-147
-10211
-107
-10371
-83
-10635
-147
-10907
-123
-11067
-123
-11323
-131
-11571
-147
-11795
-115
-12051
-123
-12267
-27
-12635
-123
-12811
-139
-13051
-139
-13227
-83
-13507
-123
-13787
-43
-13955
-115
-14219
-155
-14539
-35
-14699
-115
-14955
-67
-15203
-27
-15499
-35
-15659
-155
-15971
-99
-16227
-155
-16403
-155
-16683
-91
-16843
-75
-17123
-99
-17387
-139
-17651
-51
-17883
-83
-18115
-99
-18267
-131
-18555
-115
-18859
-335
591
-250
-142
-239
-231
-294
-543
-337
-746
-335
-984
-297
-1323
-369
-1504
-373
-1757
-249
-2011
-349
-2284
-369
-2515
-267
-2737
-351
-2999
-287
-3163
-365
-3465
-353
-3695
-373
-3909
-369
-4151
-349
-4325
-331
-4695
-331
-4831
-359
-5075
-387
-5419
-267
-5567
-331
-5843
-275
-6035
-247
-6379
-267
-6607
-319
-6771
-339
-7003
-239
-7343
-315
-7587
-371
-7707
-351
-7983
-387
-8287
-259
-8419
-363
-8723
-307
-8979
-307
-9167
-367
-9459
-275
-9643
-379
-9907
-323
-10179
-395
-10355
-363
-10667
-355
-10939
-347
-11107
-387
-11411
-339
-11675
-331
-11907
-315
-12091
-307
-12291
-275
-12611
-299
-12763
-363
-13091
-371
-13323
-379
-13547
-355
-13755
-275
-14059
-275
-14275
-395
-14491
-355
-14763
-283
-14923
-291
-15211
-307
-15499
-355
-15675
-307
-15995
-283
-16203
-323
-16475
-355
-16635
-379
-16899
-355
-17163
-355
-17379
-323
-17563
-315
-17907
-371
-18075
-387
-18371
-379
-18627
-291
-18819
-499
198
-499
-73
-603
-299
-577
-561
-556
-785
-609
-1027
-491
-1285
-602
-1526
-589
-1755
-531
-1982
-610
-2235
-605
-2451
-591
-2681
-607
-2977
-571
-3181
-549
-3475
-587
-3639
-513
-3939
-477
-4211
-525
-4377
-581
-4631
-603
-4847
-591
-5191
-627
-5403
-599
-5571
-547
-5899
-619
-6095
-547
-6263
-599
-6587
-611
-6807
-519
-7015
-567
-7263
-599
-7563
-627
-7787
-591
-8059
-575
-8219
-587
-8483
-611
-8747
-583
-8939
-591
-9195
-579
-9419
-635
-9755
-507
-9955
-635
-10139
-595
-10435
-571
-10627
-611
-10835
-627
-11115
-611
-11355
-547
-11555
-595
-11907
-595
-12067
-587
-12387
-595
-12627
-555
-12843
-595
-13067
-627
-13291
-579
-13539
-619
-13731
-507
-14035
-579
-14227
-555
-14507
-507
-14787
-547
-14995
-627
-15259
-627
-15507
-587
-15707
-515
-15971
-579
-16195
-563
-16467
-627
-16611
-579
-16939
-611
-17179
-619
-17387
-579
-17555
-563
-17795
-627
-18075
-627
-18315
-627
-18555
-611
-18819
-735
1015
-841
-33
-861
-290
-771
-574
-867
-795
-803
-1020
-821
-1259
-758
-1432
-830
-1703
-811
-2028
-805
-2203
-761
-2473
-851
-2679
-831
-3011
-797
-3223
-787
-3361
-799
-3695
-829
-3949
-825
-4115
-807
-4443
-759
-4697
-795
-4851
-787
-5167
-827
-5327
-823
-5643
-859
-5783
-799
-6083
-847
-6351
-827
-6555
-807
-6827
-827
-7007
-783
-7247
-827
-7487
-755
-7763
-767
-7995
-823
-8159
-815
-8451
-827
-8743
-859
-8971
-751
-9143
-819
-9443
-827
-9691
-851
-9939
-851
-10195
-867
-10475
-843
-10611
-755
-10955
-851
-11123
-755
-11379
-843
-11555
-835
-11915
-851
-12035
-851
-12291
-867
-12579
-827
-12747
-763
-13115
-851
-13315
-859
-13523
-835
-13723
-851
-14035
-827
-14203
-827
-14555
-867
-14739
-763
-15011
-851
-15275
-835
-15435
-811
-15755
-755
-15907
-771
-16219
-819
-16411
-827
-16683
-867
-16899
-803
-17195
-803
-17395
-843
-17643
-827
-17851
-875
-18075
-859
-18315
-851
-18635
-779
-18851
-1083
1774
-979
-93
-1009
-259
-1095
-601
-1081
-730
-1038
-1015
-1077
-1323
-1078
-1539
-1103
-1743
-1087
-2037
-1011
-2275
-979
-2503
-1055
-2787
-979
-2935
-1085
-3131
-1055
-3451
-1091
-3625
-1019
-3865
-1081
-4125
-1085
-4461
-1071
-4587
-1079
-4835
-1047
-5175
-995
-5315
-1059
-5567
-975
-5803
-995
-6111
-1067
-6251
-1047
-6519
-1071
-6735
-1059
-7015
-991
-7331
-1031
-7571
-991
-7695
-1031
-7971
-1047
-8163
-1099
-8487
-1039
-8663
-1075
-8999
-1091
-9191
-999
-9499
-1051
-9683
-1011
-9883
-1099
-10115
-1115
-10451
-1075
-10707
-1091
-10899
-1091
-11115
-1091
-11379
-1115
-11579
-1011
-11787
-1051
-12083
-1003
-12339
-1019
-12507
-1075
-12771
-1115
-13083
-1115
-13243
-987
-13499
-1091
-13787
-1091
-14059
-1059
-14243
-1099
-14539
-1091
-14707
-1083
-14955
-1115
-15219
-1011
-15427
-1027
-15651
-995
-15979
-1027
-16179
-1011
-16355
-1091
-16611
-987
-16891
-1115
-17075
-995
-17307
-1027
-17611
-987
-17795
-1019
-18107
-1067
-18363
-1075
-18619
-1091
-18827
-1275
1714
-1343
-8
-1263
-358
-1225
-595
-1327
-790
-1267
-1057
-1307
-1310
-1310
-1455
-1297
-1757
-1293
-2053
-1223
-2254
-1239
-2435
-1225
-2693
-1267
-2987
-1259
-3219
-1237
-3399
-1299
-3709
-1291
-3945
-1301
-4195
-1293
-4359
-1309
-4591
-1347
-4815
-1267
-5139
-1339
-5379
-1279
-5615
-1295
-5823
-1211
-6035
-1267
-6379
-1323
-6483
-1279
-6795
-1271
-7035
-1327
-7351
-1283
-7459
-1315
-7811
-1231
-7979
-1347
-8223
-1339
-8407
-1315
-8715
-1239
-9007
-1223
-9179
-1323
-9499
-1355
-9755
-1355
-9979
-1283
-10227
-1283
-10451
-1267
-10619
-1339
-10883
-1331
-11131
-1243
-11387
-1347
-11651
-1267
-11899
-1331
-12035
-1331
-12267
-1355
-12627
-1251
-12875
-1259
-12987
-1323
-13267
-1355
-13467
-1299
-13779
-1347
-14003
-1251
-14211
-1267
-14523
-1331
-14667
-1355
-15003
-1315
-15211
-1347
-15515
-1299
-15651
-1251
-15979
-1243
-16187
-1283
-16443
-1307
-16667
-1267
-16931
-1251
-17195
-1275
-17307
-1355
-17627
-1259
-17859
-1355
-18067
-1331
-18379
-1243
-18635
-1227
-18867
-1571
1893
-1485
-113
-1483
-287
-1553
-495
-1513
-735
-1523
-1023
-1511
-1279
-1531
-1481
-1543
-1717
-1485
-1983
-1523
-2249
-1561
-2505
-1469
-2779
-1563
-3029
-1489
-3175
-1547
-3431
-1569
-3717
-1515
-3939
-1541
-4091
-1515
-4369
-1465
-4675
-1503
-4879
-1579
-5123
-1535
-5415
-1503
-5607
-1463
-5795
-1495
-6019
-1483
-6319
-1587
-6535
-1543
-6723
-1519
-7003
-1479
-7271
-1563
-7495
-1527
-7715
-1555
-7955
-1595
-8263
-1543
-8515
-1475
-8699
-1531
-8975
-1531
-9195
-1575
-9435
-1475
-9635
-1587
-9883
-1571
-10147
-1563
-10427
-1499
-10619
-1547
-10955
-1571
-11179
-1547
-11307
-1507
-11579
-1595
-11787
-1571
-12115
-1587
-12267
-1579
-12563
-1467
-12795
-1491
-13091
-1523
-13299
-1563
-13523
-1555
-13739
-1523
-13995
-1507
-14267
-1587
-14515
-1539
-14723
-1571
-14971
-1587
-15187
-1523
-15467
-1499
-15667
-1531
-15979
-1555
-16219
-1539
-16403
-1587
-16715
-1491
-16883
-1587
-17131
-1475
-17355
-1515
-17643
-1547
-17803
-1547
-18091
-1555
-18283
-1491
-18635
-1595
-18843
-1827
1255
-1749
-81
-1795
-275
-1735
-481
-1799
-831
-1763
-973
-1813
-1317
-1743
-1589
-1803
-1717
-1787
-1979
-1819
-2199
-1803
-2461
-1765
-2633
-1745
-2955
-1799
-3243
-1775
-3459
-1707
-3613
-1795
-3903
-1723
-4149
-1751
-4441
-1729
-4661
-1723
-4931
-1795
-5147
-1699
-5291
-1783
-5591
-1815
-5859
-1707
-6027
-1751
-6299
-1807
-6615
-1795
-6867
-1827
-7107
-1791
-7267
-1799
-7531
-1831
-7711
-1835
-8015
-1743
-8163
-1791
-8483
-1807
-8735
-1743
-8919
-1807
-9191
-1807
-9507
-1803
-9627
-1739
-9899
-1795
-10147
-1827
-10347
-1827
-10691
-1835
-10883
-1707
-11075
-1787
-11387
-1779
-11635
-1755
-11835
-1731
-12123
-1723
-12339
-1771
-12619
-1731
-12835
-1827
-13051
-1763
-13251
-1739
-13507
-1819
-13739
-1835
-13987
-1811
-14227
-1827
-14531
-1747
-14699
-1819
-14907
-1835
-15147
-1787
-15499
-1723
-15715
-1811
-15915
-1819
-16211
-1779
-16419
-1779
-16611
-1827
-16827
-1715
-17083
-1771
-17307
-1779
-17547
-1715
-17819
-1835
-18051
-1827
-18291
-1819
-18611
-1795
-18867
-1999
933
-1939
-57
-2025
-323
-1983
-615
-2047
-761
-2025
-1087
-1981
-1299
-1997
-1489
-1955
-1767
-1987
-2037
-1975
-2227
-1993
-2527
-1995
-2661
-1985
-2989
-2033
-3217
-1921
-3445
-1945
-3649
-2035
-3895
-2063
-4077
-2047
-4377
-2005
-4691
-2047
-4867
-2023
-5163
-2023
-5339
-2055
-5571
-1995
-5807
-2027
-6139
-2023
-6363
-2067
-6607
-2043
-6831
-2027
-7047
-2023
-7347
-2015
-7579
-1995
-7799
-2039
-7963
-1987
-8239
-2043
-8515
-1939
-8755
-2019
-8903
-2047
-9175
-2043
-9467
-2027
-9723
-2075
-9947
-1947
-10235
-2059
-10379
-2003
-10635
-2059
-10899
-2035
-11083
-2019
-11395
-1979
-11595
-1963
-11883
-2011
-12083
-1979
-12355
-2043
-12627
-2059
-12755
-2051
-13027
-2035
-13283
-2019
-13507
-2043
-13819
-1947
-14027
-2003
-14219
-2067
-14483
-2051
-14707
-2019
-14923
-2035
-15203
-2043
-15515
-2035
-15683
-2067
-15939
-2075
-16155
-2067
-16387
-1987
-16715
-2075
-16955
-1947
-17067
-1955
-17355
-2011
-17651
-2043
-17835
-1963
-18139
-2027
-18339
-1979
-18531
-2067
-18867
-2251
337
-2303
-113
-2239
-291
-2251
-531
-2217
-783
-2315
-1061
-2255
-1325
-2275
-1497
-2195
-1787
-2249
-1963
-2277
-2229
-2219
-2409
-2271
-2651
-2295
-2991
-2259
-3153
-2191
-3483
-2221
-3711
-2229
-3903
-2299
-4171
-2267
-4377
-2307
-4603
-2239
-4891
-2175
-5179
-2239
-5347
-2207
-5627
-2275
-5795
-2247
-6095
-2291
-6351
-2219
-6615
-2191
-6867
-2207
-7023
-2255
-7343
-2211
-7443
-2251
-7719
-2235
-8067
-2215
-8215
-2171
-8531
-2259
-8679
-2267
-8879
-2211
-9235
-2263
-9491
-2291
-9683
-2275
-9931
-2275
-10131
-2235
-10403
-2243
-10715
-2299
-10939
-2227
-11147
-2283
-11339
-2315
-11659
-2235
-11915
-2251
-12115
-2315
-12371
-2307
-12515
-2203
-12763
-2251
-13027
-2259
-13331
-2243
-13571
-2267
-13763
-2307
-14051
-2227
-14275
-2307
-14475
-2307
-14779
-2251
-15027
-2227
-15171
-2307
-15515
-2219
-15683
-2291
-15979
-2307
-16187
-2307
-16475
-2219
-16587
-2211
-16923
-2283
-17131
-2307
-17323
-2219
-17579
-2267
-17851
-2267
-18131
-2203
-18323
-2227
-18539
-2307
-18843
-2455
535
-2505
-37
-2495
-263
-2517
-555
-2455
-733
-2389
-971
-2521
-1291
-2397
-1457
-2485
-1799
-2499
-2053
-2541
-2227
-2499
-2479
-2449
-2735
-2513
-3025
-2421
-3161
-2531
-3471
-2473
-3605
-2471
-3905
-2465
-4185
-2423
-4341
-2509
-4659
-2535
-4815
-2535
-5075
-2547
-5411
-2499
-5675
-2483
-5875
-2527
-6015
-2483
-6323
-2539
-6531
-2451
-6763
-2547
-7099
-2535
-7343
-2539
-7539
-2499
-7699
-2491
-8003
-2479
-8171
-2523
-8399
-2519
-8691
-2503
-8895
-2511
-9123
-2439
-9471
-2451
-9627
-2459
-9891
-2467
-10115
-2515
-10435
-2507
-10635
-2491
-10859
-2475
-11099
-2547
-11323
-2539
-11547
-2491
-11819
-2547
-12051
-2515
-12299
-2499
-12539
-2523
-12795
-2451
-12987
-2467
-13251
-2507
-13515
-2467
-13827
-2467
-13947
-2467
-14243
-2491
-14499
-2451
-14707
-2475
-15027
-2467
-15163
-2427
-15507
-2499
-15747
-2475
-15915
-2467
-16107
-2523
-16419
-2515
-16611
-2483
-16899
-2539
-17099
-2547
-17331
-2531
-17603
-2547
-17883
-2507
-18139
-2515
-18299
-2539
-18523
-2507
-18859
-2715
125
-2755
-95
-2707
-363
-2735
-539
-2727
-827
-2683
-999
-2707
-1247
-2687
-1495
-2759
-1783
-2779
-1991
-2779
-2219
-2711
-2411
-2727
-2695
-2671
-3011
-2755
-3247
-2751
-3387
-2755
-3711
-2727
-3843
-2727
-4119
-2759
-4435
-2671
-4623
-2767
-4895
-2691
-5099
-2743
-5335
-2787
-5667
-2743
-5819
-2743
-6099
-2751
-6263
-2767
-6631
-2703
-6779
-2739
-7095
-2703
-7239
-2715
-7567
-2667
-7719
-2751
-7995
-2679
-8251
-2671
-8399
-2755
-8715
-2743
-8911
-2755
-9195
-2791
-9507
-2667
-9635
-2779
-9963
-2739
-10219
-2771
-10355
-2771
-10635
-2731
-10843
-2787
-11067
-2707
-11395
-2755
-11651
-2787
-11843
-2771
-12131
-2755
-12323
-2787
-12547
-2763
-12779
-2795
-13035
-2739
-13315
-2691
-13475
-2731
-13707
-2755
-13995
-2747
-14251
-2675
-14435
-2779
-14723
-2723
-15035
-2723
-15163
-2763
-15443
-2699
-15755
-2699
-15979
-2771
-16147
-2739
-16363
-2787
-16691
-2731
-16851
-2779
-17075
-2787
-17371
-2731
-17675
-2675
-17907
-2747
-18035
-2667
-18379
-2731
-18619
-2763
-18867
-2935
141
-2899
-35
-2935
-335
-3011
-607
-2975
-795
-3023
-1047
-3007
-1235
-3035
-1467
-3015
-1715
-2999
-2027
-2879
-2203
-2967
-2447
-2883
-2743
-3011
-2883
-2939
-3147
-3003
-3459
-2971
-3671
-3011
-3947
-2975
-4171
-2983
-4431
-2907
-4683
-2903
-4831
-2979
-5163
-3019
-5387
-2951
-5607
-2915
-5875
-3023
-6027
-2947
-6263
-2987
-6515
-2979
-6795
-2951
-7079
-3007
-7311
-2935
-7587
-3031
-7791
-2991
-8051
-2971
-8183
-2983
-8443
-3011
-8683
-2967
-8931
-2971
-9167
-2951
-9391
-2971
-9683
-2971
-9963
-2979
-10139
-3035
-10419
-3019
-10651
-2955
-10955
-2939
-11123
-2979
-11355
-3011
-11667
-3011
-11843
-2947
-12107
-3019
-12267
-3011
-12539
-2947
-12867
-3027
-13099
-2971
-13243
-2955
-13491
-2987
-13739
-2915
-13955
-3035
-14187
-3019
-14499
-2987
-14771
-3027
-14995
-2995
-15251
-2979
-15475
-2915
-15659
-3035
-15923
-2923
-16211
-2915
-16395
-2939
-16659
-3027
-16851
-3003
-17123
-3035
-17315
-2915
-17555
-2963
-17811
-2907
-18059
-2907
-18283
-3011
-18579
-3011
-18851
-3247
101
-3187
-67
-3179
-339
-3139
-559
-3251
-791
-3219
-1039
-3147
-1307
-3235
-1463
-3267
-1803
-3267
-2059
-3203
-2275
-3219
-2527
-3151
-2699
-3211
-2923
-3235
-3235
-3207
-3495
-3243
-3723
-3263
-3919
-3251
-4147
-3239
-4435
-3191
-4639
-3223
-4895
-3255
-5091
-3215
-5319
-3199
-5559
-3223
-5811
-3223
-6127
-3167
-6307
-3223
-6539
-3195
-6827
-3171
-7083
-3251
-7335
-3207
-7595
-3135
-7687
-3191
-8027
-3263
-8267
-3255
-8483
-3127
-8771
-3247
-8967
-3199
-9151
-3231
-9459
-3259
-9651
-3219
-9955
-3275
-10147
-3275
-10379
-3259
-10595
-3243
-10883
-3243
-11139
-3187
-11315
-3203
-11643
-3171
-11867
-3259
-12043
-3259
-12283
-3147
-12571
-3179
-12851
-3227
-13083
-3171
-13291
-3243
-13491
-3171
-13707
-3219
-14075
-3195
-14315
-3235
-14531
-3219
-14747
-3195
-14947
-3259
-15227
-3211
-15419
-3275
-15667
-3195
-15899
-3203
-16163
-3243
-16419
-3147
-16691
-3259
-16827
-3243
-17155
-3259
-17403
-3227
-17667
-3235
-17835
-3227
-18059
-3243
-18315
-3155
-18531
-3163
-18851
-3403
93
-3423
-135
-3395
-371
-3447
-591
-3503
-847
-3427
-987
-3515
-1315
-3403
-1451
-3467
-1783
-3375
-1971
-3375
-2251
-3463
-2463
-3435
-2739
-3483
-2947
-3499
-3247
-3367
-3379
-3359
-3739
-3379
-3847
-3463
-4211
-3483
-4443
-3367
-4635
-3415
-4859
-3479
-5115
-3423
-5363
-3399
-5583
-3363
-5807
-3443
-6011
-3447
-6363
-3491
-6599
-3463
-6759
-3451
-7071
-3459
-7311
-3475
-7527
-3443
-7787
-3431
-8039
-3443
-8199
-3455
-8507
-3363
-8791
-3435
-8915
-3475
-9163
-3447
-9459
-3459
-9691
-3467
-9875
-3403
-10171
-3483
-10451
-3491
-10587
-3443
-10867
-3475
-11075
-3435
-11395
-3459
-11611
-3499
-11875
-3491
-12131
-3475
-12379
-3515
-12515
-3443
-12787
-3451
-12987
-3491
-13315
-3507
-13531
-3443
-13803
-3499
-14043
-3403
-14291
-3491
-14459
-3443
-14667
-3443
-14955
-3395
-15227
-3475
-15403
-3435
-15731
-3411
-15899
-3515
-16123
-3435
-16371
-3387
-16595
-3443
-16843
-3403
-17163
-3459
-17435
-3427
-17595
-3403
-17827
-3435
-18075
-3451
-18347
-3395
-18563
-3419
-18827
-3731
93
-3715
-59
-3711
-331
-3735
-511
-3695
-779
-3643
-971
-3655
-1307
-3695
-1483
-3743
-1771
-3663
-2043
-3739
-2215
-3755
-2415
-3731
-2719
-3751
-2907
-3687
-3135
-3691
-3491
-3711
-3715
-3619
-3891
-3615
-4139
-3611
-4435
-3623
-4675
-3647
-4931
-3683
-5151
-3735
-5283
-3731
-5595
-3747
-5791
-3683
-6119
-3723
-6355
-3683
-6607
-3699
-6771
-3631
-7011
-3755
-7255
-3659
-7519
-3739
-7831
-3683
-8035
-3691
-8239
-3751
-8519
-3723
-8663
-3707
-8955
-3699
-9171
-3707
-9475
-3651
-9683
-3643
-9875
-3723
-10107
-3659
-10371
-3651
-10651
-3755
-10931
-3723
-11187
-3747
-11403
-3691
-11675
-3707
-11787
-3739
-12131
-3627
-12299
-3755
-12563
-3723
-12835
-3747
-13035
-3651
-13275
-3715
-13483
-3691
-13731
-3755
-13995
-3731
-14195
-3755
-14499
-3731
-14731
-3755
-14923
-3667
-15155
-3739
-15467
-3715
-15659
-3707
-15971
-3683
-16195
-3675
-16371
-3707
-16619
-3755
-16827
-3627
-17179
-3747
-17323
-3635
-17651
-3683
-17907
-3651
-18027
-3691
-18387
-3699
-18579
-3723
-18811
-3891
149
-3971
-15
-3939
-323
-3983
-571
-3947
-767
-3879
-979
-3907
-1287
-3991
-1535
-3959
-1747
-3903
-2027
-3923
-2231
-3947
-2547
-3923
-2771
-3927
-2907
-3911
-3207
-3935
-3371
-3979
-3739
-3971
-3879
-3903
-4103
-3947
-4451
-3959
-4647
-3939
-4895
-3955
-5099
-3967
-5419
-3851
-5595
-3919
-5779
-3951
-5999
-3871
-6267
-3919
-6559
-3923
-6819
-3859
-7107
-3975
-7259
-3867
-7571
-3963
-7711
-3979
-7955
-3951
-8255
-3947
-8503
-3943
-8703
-3887
-8995
-3915
-9239
-3895
-9371
-3923
-9683
-3995
-9987
-3987
-10179
-3963
-10443
-3907
-10667
-3979
-10851
-3995
-11115
-3995
-11339
-3923
-11627
-3931
-11811
-3915
-12091
-3955
-12363
-3907
-12603
-3931
-12763
-3995
-13003
-3963
-13339
-3867
-13467
-3987
-13723
-3971
-13987
-3939
-14259
-3955
-14451
-3987
-14739
-3987
-14907
-3995
-15147
-3883
-15395
-3867
-15643
-3971
-15955
-3963
-16235
-3955
-16363
-3995
-16691
-3915
-16827
-3963
-17115
-3979
-17315
-3979
-17547
-3875
-17811
-3995
-18107
-3971
-18363
-3987
-18603
-3987
-18843
-4119
85
-4171
-35
-4195
-287
-4127
-631
-4179
-835
-4135
-1043
-4203
-1271
-4087
-1575
-4195
-1711
-4191
-2011
-4171
-2219
-4195
-2543
-4103
-2759
-4111
-2991
-4219
-3191
-4159
-3455
-4147
-3699
-4199
-3887
-4099
-4167
-4219
-4419
-4211
-4599
-4151
-4839
-4207
-5139
-4227
-5299
-4123
-5647
-4103
-5831
-4151
-6103
-4187
-6371
-4163
-6619
-4215
-6739
-4171
-7031
-4191
-7343
-4199
-7443
-4211
-7755
-4183
-7927
-4151
-8247
-4095
-8507
-4195
-8647
-4187
-9011
-4203
-9243
-4167
-9419
-4187
-9683
-4211
-9875
-4155
-10187
-4115
-10427
-4187
-10699
-4131
-10891
-4219
-11131
-4163
-11331
-4235
-11611
-4171
-11867
-4147
-12115
-4179
-12307
-4219
-12627
-4163
-12803
-4155
-13027
-4195
-13275
-4131
-13483
-4155
-13755
-4211
-13987
-4123
-14291
-4219
-14427
-4235
-14755
-4187
-15027
-4219
-15203
-4203
-15507
-4171
-15675
-4219
-15891
-4219
-16195
-4219
-16379
-4115
-16715
-4235
-16939
-4227
-17075
-4219
-17379
-4203
-17635
-4203
-17795
-4187
-18051
-4211
-18347
-4227
-18587
-4107
-18867
-4419
85
-4363
-107
-4427
-379
-4399
-507
-4395
-823
-4415
-1111
-4379
-1335
-4435
-1487
-4447
-1751
-4363
-2003
-4355
-2171
-4371
-2423
-4451
-2715
-4427
-2915
-4371
-3263
-4459
-3451
-4451
-3699
-4435
-3883
-4427
-4155
-4451
-4359
-4427
-4635
-4411
-4883
-4403
-5155
-4431
-5415
-4463
-5615
-4439
-5907
-4339
-6075
-4371
-6323
-4443
-6543
-4427
-6787
-4443
-7067
-4347
-7211
-4391
-7539
-4415
-7675
-4387
-7983
-4327
-8179
-4371
-8543
-4339
-8663
-4351
-8979
-4411
-9131
-4475
-9411
-4475
-9635
-4435
-9939
-4443
-10115
-4467
-10427
-4475
-10651
-4363
-10923
-4443
-11067
-4467
-11363
-4451
-11627
-4427
-11851
-4395
-12139
-4419
-12323
-4467
-12635
-4403
-12843
-4467
-13019
-4467
-13283
-4459
-13547
-4443
-13731
-4419
-14019
-4363
-14227
-4363
-14467
-4475
-14699
-4347
-14947
-4435
-15179
-4459
-15475
-4443
-15755
-4427
-15971
-4371
-16235
-4427
-16427
-4419
-16699
-4371
-16843
-4427
-17115
-4379
-17379
-4379
-17571
-4427
-17843
-4347
-18107
-4427
-18323
-4435
-18507
-4459
-18875
-4615
101
-4663
-15
-4599
-299
-4679
-611
-4667
-843
-4663
-1035
-4599
-1223
-4703
-1559
-4707
-1751
-4695
-2067
-4715
-2307
-4655
-2407
-4679
-2747
-4627
-2959
-4595
-3163
-4587
-3451
-4687
-3655
-4651
-3867
-4699
-4203
-4647
-4367
-4703
-4619
-4579
-4875
-4675
-5083
-4655
-5387
-4567
-5619
-4643
-5887
-4583
-6119
-4691
-6355
-4679
-6615
-4599
-6775
-4659
-7079
-4667
-7275
-4611
-7471
-4699
-7679
-4683
-8051
-4607
-8267
-4663
-8539
-4687
-8735
-4655
-8899
-4643
-9139
-4591
-9367
-4627
-9667
-4715
-9947
-4715
-10227
-4707
-10395
-4651
-10587
-4659
-10891
-4603
-11075
-4691
-11355
-4683
-11595
-4691
-11851
-4643
-12027
-4675
-12299
-4651
-12627
-4627
-12811
-4683
-13107
-4659
-13355
-4691
-13499
-4603
-13739
-4675
-14067
-4691
-14195
-4683
-14451
-4675
-14739
-4659
-14963
-4707
-15187
-4587
-15515
-4707
-15739
-4683
-15995
-4699
-16219
-4707
-16443
-4691
-16635
-4715
-16939
-4707
-17115
-4699
-17395
-4611
-17587
-4595
-17819
-4715
-18155
-4683
-18371
-4595
-18587
-4659
-18851
-4867
133
-4823
-3
-4907
-379
-4907
-563
-4843
-847
-4883
-1043
-4907
-1247
-4903
-1563
-4871
-1727
-4859
-1991
-4895
-2167
-4879
-2463
-4835
-2735
-4935
-2955
-4923
-3247
-4919
-3411
-4819
-3615
-4915
-3931
-4871
-4207
-4927
-4455
-4947
-4591
-4859
-4915
-4907
-5171
-4883
-5387
-4811
-5611
-4867
-5803
-4859
-6011
-4891
-6363
-4923
-6591
-4835
-6807
-4835
-7023
-4927
-7319
-4843
-7543
-4839
-7743
-4907
-8063
-4899
-8287
-4935
-8555
-4887
-8687
-4847
-9003
-4891
-9131
-4907
-9355
-4947
-9731
-4867
-9915
-4883
-10155
-4899
-10347
-4923
-10715
-4915
-10835
-4931
-11115
-4899
-11379
-4923
-11547
-4947
-11835
-4843
-12131
-4947
-12355
-4891
-12635
-4947
-12835
-4851
-13027
-4947
-13307
-4843
-13483
-4939
-13747
-4843
-14067
-4947
-14243
-4939
-14483
-4851
-14763
-4931
-14939
-4875
-15251
-4851
-15403
-4907
-15731
-4939
-15995
-4827
-16115
-4907
-16403
-4891
-16683
-4947
-16827
-4867
-17171
-4939
-17315
-4891
-17619
-4915
-17787
-4931
-18059
-4931
-18275
-4875
-18603
-4947
-18835
-5055
109
-5151
-27
-5095
-267
-5151
-507
-5119
-791
-5155
-1043
-5091
-1263
-5163
-1515
-5075
-1811
-5059
-1947
-5147
-2223
-5127
-2471
-5143
-2787
-5171
-2947
-5155
-3163
-5139
-3459
-5035
-3699
-5167
-3855
-5127
-4139
-5155
-4359
-5139
-4675
-5051
-4947
-5171
-5115
-5119
-5347
-5107
-5599
-5131
-5859
-5119
-6091
-5163
-6343
-5167
-6531
-5175
-6807
-5127
-7087
-5119
-7259
-5151
-7475
-5067
-7783
-5123
-7939
-5159
-8211
-5179
-8395
-5155
-8719
-5083
-8947
-5119
-9131
-5079
-9447
-5187
-9683
-5171
-9979
-5115
-10235
-5123
-10347
-5115
-10683
-5115
-10883
-5131
-11147
-5163
-11331
-5083
-11619
-5179
-11843
-5107
-12075
-5187
-12363
-5163
-12523
-5171
-12747
-5147
-13035
-5195
-13315
-5091
-13555
-5139
-13795
-5139
-13955
-5147
-14187
-5099
-14531
-5179
-14667
-5147
-14987
-5155
-15243
-5139
-15483
-5123
-15683
-5131
-15995
-5115
-16211
-5067
-16355
-5123
-16691
-5171
-16891
-5171
-17139
-5171
-17355
-5195
-17595
-5123
-17891
-5187
-18059
-5187
-18387
-5171
-18515
-5179
-18851
-5355
101
-5339
-135
-5379
-375
-5387
-559
-5323
-775
-5419
-1107
-5347
-1303
-5427
-1595
-5395
-1803
-5395
-2003
-5435
-2235
-5355
-2475
-5315
-2739
-5419
-2915
-5435
-3227
-5403
-3459
-5419
-3675
-5395
-3851
-5419
-4147
-5395
-4435
-5387
-4667
-5387
-4851
-5427
-5067
-5363
-5367
-5403
-5675
-5307
-5811
-5395
-6147
-5331
-6275
-5411
-6547
-5307
-6723
-5315
-7035
-5419
-7235
-5331
-7591
-5419
-7747
-5403
-8059
-5363
-8263
-5387
-8491
-5371
-8663
-5419
-8923
-5363
-9155
-5355
-9415
-5379
-9699
-5411
-9899
-5387
-10211
-5419
-10435
-5395
-10675
-5363
-10883
-5387
-11115
-5323
-11419
-5435
-11675
-5403
-11811
-5427
-12131
-5371
-12323
-5427
-12507
-5379
-12843
-5395
-13019
-5355
-13275
-5419
-13483
-5435
-13827
-5363
-14011
-5395
-14219
-5323
-14491
-5427
-14675
-5419
-14947
-5435
-15275
-5371
-15475
-5387
-15755
-5411
-15907
-5403
-16115
-5411
-16379
-5435
-16603
-5387
-16931
-5315
-17147
-5427
-17363
-5387
-17563
-5395
-17891
-5387
-18147
-5331
-18299
-5339
-18507
-5307
-18819
-5675
125
-5651
-147
-5675
-347
-5579
-515
-5579
-795
-5635
-1107
-5675
-1299
-5563
-1555
-5675
-1827
-5555
-2035
-5659
-2251
-5651
-2483
-5619
-2715
-5571
-3035
-5667
-3155
-5571
-3387
-5587
-3635
-5675
-3923
-5675
-4107
-5659
-4355
-5659
-4627
-5603
-4939
-5667
-5067
-5651
-5315
-5651
-5555
-5563
-5827
-5659
-6139
-5579
-6291
-5667
-6547
-5611
-6843
-5659
-7075
-5627
-7267
-5659
-7507
-5619
-7747
-5643
-7995
-5643
-8267
-5667
-8443
-5619
-8747
-5675
-8971
-5547
-9163
-5579
-9459
-5611
-9667
-5659
-9971
-5667
-10131
-5651
-10427
-5547
-10691
-5675
-10867
-5571
-11067
-5547
-11363
-5555
-11579
-5651
-11803
-5659
-12027
-5659
-12291
-5659
-12619
-5635
-12875
-5603
-13035
-5675
-13331
-5619
-13539
-5619
-13795
-5643
-14059
-5675
-14187
-5619
-14435
-5659
-14779
-5603
-14931
-5675
-15251
-5619
-15443
-5667
-15755
-5603
-15979
-5627
-16195
-5651
-16419
-5651
-16699
-5667
-16867
-5659
-17131
-5643
-17411
-5595
-17603
-5675
-17851
-5619
-18155
-5667
-18395
-5563
-18563
-5651
-18851
-5883
117
-5883
-131
-5803
-275
-5899
-627
-5859
-827
-5859
-1099
-5835
-1275
-5827
-1475
-5883
-1811
-5795
-1987
-5883
-2259
-5907
-2515
-5891
-2675
-5891
-2995
-5803
-3155
-5843
-3411
-5859
-3747
-5883
-3883
-5907
-4155
-5803
-4371
-5835
-4595
-5819
-4843
-5915
-5115
-5875
-5379
-5891
-5619
-5883
-5811
-5915
-6155
-5835
-6275
-5795
-6587
-5883
-6819
-5915
-7027
-5907
-7347
-5899
-7555
-5827
-7755
-5867
-7987
-5899
-8299
-5835
-8523
-5915
-8707
-5875
-8995
-5915
-9203
-5891
-9467
-5875
-9747
-5899
-9987
-5915
-10123
-5867
-10379
-5867
-10611
-5803
-10939
-5859
-11115
-5915
-11403
-5867
-11675
-5819
-11787
-5811
-12139
-5795
-12371
-5851
-12507
-5907
-12795
-5843
-13083
-5899
-13283
-5883
-13579
-5803
-13755
-5875
-13955
-5875
-14283
-5795
-14435
-5787
-14763
-5811
-14995
-5843
-15251
-5859
-15427
-5875
-15683
-5907
-15875
-5915
-16123
-5915
-16387
-5899
-16611
-5883
-16923
-5915
-17163
-5787
-17339
-5915
-17547
-5787
-17827
-5843
-18147
-5819
-18355
-5859
-18587
-5851
-18851
-6067
85
-6075
-107
-6131
-371
-6131
-587
-6155
-795
-6035
-1075
-6115
-1307
-6099
-1555
-6107
-1827
-6059
-2075
-6123
-2235
-6107
-2531
-6115
-2667
-6123
-2955
-6067
-3275
-6131
-3451
-6155
-3755
-6115
-3899
-6131
-4195
-6139
-4355
-6099
-4675
-6139
-4931
-6027
-5131
-6107
-5363
-6067
-5643
-6067
-5875
-6123
-6155
-6131
-6307
-6123
-6523
-6099
-6779
-6107
-7003
-6075
-7299
-6059
-7499
-6083
-7819
-6147
-8051
-6131
-8259
-6131
-8531
-6147
-8683
-6155
-8923
-6099
-9259
-6147
-9499
-6051
-9635
-6051
-9915
-6027
-10195
-6075
-10379
-6123
-10675
-6091
-10851
-6115
-11083
-6131
-11331
-6067
-11627
-6123
-11883
-6099
-12099
-6099
-12291
-6099
-12507
-6075
-12763
-6123
-13011
-6083
-13251
-6035
-13563
-6083
-13747
-6147
-13979
-6067
-14187
-6027
-14483
-6059
-14747
-6131
-14987
-6139
-15275
-6091
-15475
-6155
-15707
-6147
-15987
-6043
-16235
-6147
-16387
-6067
-16619
-6091
-16939
-6083
-17139
-6083
-17315
-6059
-17595
-6139
-17915
-6043
-18035
-6147
-18323
-6099
-18515
-6035
-18827
-6347
125
-6331
-147
-6283
-395
-6395
-619
-6299
-859
-6371
-1107
-6387
-1339
-6379
-1491
-6315
-1819
-6275
-2043
-6371
-2243
-6355
-2459
-6291
-2683
-6275
-2915
-6387
-3203
-6339
-3491
-6291
-3635
-6371
-3979
-6331
-4107
-6387
-4371
-6355
-4619
-6371
-4931
-6299
-5139
-6291
-5355
-6307
-5571
-6275
-5795
-6387
-6091
-6379
-6283
-6395
-6563
-6379
-6771
-6379
-7091
-6307
-7315
-6339
-7515
-6379
-7739
-6363
-8035
-6395
-8187
-6395
-8539
-6379
-8683
-6307
-8955
-6291
-9155
-6379
-9403
-6355
-9691
-6355
-9867
-6387
-10147
-6267
-10363
-6379
-10683
-6307
-10939
-6387
-11155
-6315
-11355
-6299
-11643
-6283
-11859
-6355
-12091
-6331
-12299
-6395
-12587
-6387
-12851
-6299
-13011
-6267
-13307
-6363
-13491
-6355
-13835
-6379
-14059
-6299
-14259
-6323
-14475
-6347
-14747
-6307
-14947
-6347
-15163
-6379
-15491
-6307
-15683
-6275
-15939
-6347
-16107
-6379
-16475
-6323
-16699
-6355
-16859
-6331
-17171
-6387
-17347
-6347
-17667
-6371
-17899
-6339
-18099
-6363
-18395
-6323
-18627
-6323
-18867
-6579
117
-6635
-35
-6627
-267
-6619
-563
-6539
-771
-6611
-1075
-6619
-1243
-6547
-1579
-6595
-1715
-6507
-2067
-6571
-2219
-6579
-2507
-6635
-2667
-6539
-2947
-6603
-3187
-6627
-3419
-6563
-3723
-6563
-3979
-6611
-4171
-6627
-4355
-6571
-4627
-6579
-4931
-6603
-5147
-6587
-5307
-6619
-5579
-6603
-5819
-6579
-6115
-6571
-6355
-6579
-6603
-6547
-6859
-6627
-7051
-6627
-7315
-6579
-7467
-6603
-7827
-6619
-7963
-6619
-8275
-6635
-8475
-6603
-8739
-6635
-8947
-6635
-9235
-6611
-9515
-6627
-9659
-6579
-9867
-6523
-10235
-6619
-10459
-6571
-10715
-6611
-10851
-6563
-11171
-6611
-11307
-6611
-11555
-6627
-11875
-6611
-12027
-6635
-12307
-6635
-12507
-6563
-12851
-6515
-13107
-6587
-13347
-6627
-13515
-6547
-13835
-6627
-13979
-6539
-14211
-6595
-14491
-6595
-14771
-6635
-15003
-6515
-15243
-6547
-15411
-6603
-15699
-6571
-15891
-6587
-16235
-6515
-16363
-6507
-16659
-6635
-16939
-6611
-17115
-6547
-17363
-6507
-17675
-6619
-17875
-6579
-18147
-6563
-18323
-6619
-18539
-6563
-18867
-6827
93
-6827
-99
-6747
-339
-6835
-547
-6843
-811
-6875
-987
-6811
-1315
-6867
-1483
-6811
-1771
-6843
-2051
-6875
-2187
-6843
-2547
-6859
-2731
-6755
-2931
-6771
-3227
-6827
-3491
-6835
-3699
-6867
-3995
-6763
-4187
-6803
-4475
-6851
-4587
-6827
-4835
-6867
-5115
-6867
-5411
-6859
-5555
-6851
-5851
-6867
-6123
-6803
-6339
-6835
-6547
-6843
-6843
-6859
-7099
-6843
-7227
-6827
-7555
-6835
-7819
-6843
-7979
-6875
-8315
-6843
-8451
-6763
-8675
-6787
-9019
-6803
-9155
-6787
-9515
-6875
-9723
-6867
-9931
-6755
-10227
-6795
-10467
-6819
-10707
-6875
-10947
-6843
-11067
-6747
-11307
-6819
-11579
-6763
-11875
-6811
-12139
-6843
-12363
-6771
-12635
-6827
-12747
-6819
-13067
-6771
-13339
-6755
-13523
-6803
-13803
-6771
-14003
-6827
-14227
-6867
-14523
-6851
-14699
-6875
-14915
-6763
-15243
-6859
-15395
-6779
-15715
-6755
-15995
-6819
-16123
-6787
-16411
-6803
-16699
-6795
-16915
-6859
-17131
-6851
-17307
-6763
-17667
-6803
-17827
-6819
-18067
-6859
-18371
-6771
-18619
-6771
-18835
-7027
93
-6995
-75
-6995
-307
-7075
-539
-7107
-859
-6995
-1043
-7075
-1339
-7099
-1579
-7067
-1779
-7027
-1979
-7115
-2195
-7019
-2547
-7091
-2683
-7027
-2939
-7091
-3275
-7115
-3395
-7083
-3707
-7027
-3987
-7107
-4131
-7011
-4419
-6995
-4659
-7051
-4915
-7115
-5187
-7091
-5347
-7091
-5547
-7115
-5795
-7091
-6139
-7059
-6299
-6995
-6595
-7083
-6787
-6987
-7059
-7099
-7235
-7107
-7595
-7011
-7795
-7051
-7979
-7059
-8243
-7003
-8539
-7083
-8691
-7107
-8963
-7099
-9219
-7035
-9507
-7115
-9659
-7099
-9883
-7115
-10195
-7075
-10451
-7011
-10603
-7083
-10867
-7115
-11147
-7075
-11395
-7035
-11675
-7091
-11891
-7027
-12107
-7019
-12363
-7099
-12515
-7003
-12875
-7075
-13011
-7075
-13227
-7107
-13483
-7083
-13739
-7019
-14019
-7067
-14251
-7075
-14459
-7083
-14707
-7107
-14923
-7035
-15179
-7107
-15443
-7091
-15635
-7115
-15971
-7099
-16203
-7083
-16363
-7019
-16619
-7115
-16859
-7035
-17187
-7051
-17435
-7003
-17587
-7107
-17827
-7019
-18027
-6987
-18339
-7019
-18635
-6987
-18819
-7331
117
-7299
-59
-7355
-371
-7283
-507
-7291
-827
-7251
-995
-7347
-1307
-7307
-1531
-7283
-1779
-7235
-2043
-7307
-2267
-7259
-2531
-7227
-2707
-7331
-2939
-7291
-3171
-7235
-3507
-7323
-3731
-7347
-3971
-7307
-4203
-7323
-4395
-7259
-4675
-7251
-4827
-7227
-5075
-7291
-5435
-7275
-5651
-7299
-5851
-7347
-6059
-7307
-6339
-7315
-6531
-7251
-6835
-7299
-7091
-7251
-7323
-7307
-7515
-7243
-7827
-7347
-8051
-7347
-8275
-7283
-8539
-7267
-8795
-7251
-8979
-7347
-9235
-7315
-9499
-7251
-9675
-7331
-9899
-7259
-10211
-7251
-10475
-7355
-10675
-7299
-10947
-7283
-11171
-7299
-11403
-7299
-11603
-7227
-11891
-7283
-12115
-7267
-12379
-7267
-12539
-7299
-12795
-7315
-13019
-7267
-13331
-7331
-13515
-7267
-13819
-7331
-13979
-7235
-14227
-7283
-14443
-7243
-14795
-7227
-14947
-7275
-15171
-7331
-15507
-7331
-15683
-7259
-15883
-7267
-16179
-7323
-16459
-7267
-16635
-7291
-16875
-7347
-17139
-7299
-17371
-7355
-17555
-7283
-17899
-7267
-18099
-7299
-18339
-7315
-18579
-7323
-18859
-7579
101
-7587
-131
-7563
-267
-7475
-555
-7571
-827
-7571
-1027
-7579
-1259
-7531
-1515
-7531
-1803
-7571
-1987
-7595
-2307
-7515
-2507
-7579
-2675
-7579
-3003
-7499
-3147
-7579
-3515
-7507
-3627
-7595
-3907
-7563
-4123
-7467
-4459
-7595
-4659
-7467
-4851
-7531
-5139
-7523
-5435
-7515
-5579
-7555
-5803
-7595
-6043
-7547
-6315
-7547
-6579
-7587
-6755
-7595
-7043
-7587
-7243
-7587
-7555
-7571
-7819
-7595
-8011
-7467
-8227
-7531
-8499
-7539
-8739
-7547
-8947
-7555
-9179
-7475
-9443
-7587
-9643
-7507
-9939
-7499
-10131
-7579
-10411
-7483
-10595
-7539
-10931
-7579
-11171
-7595
-11395
-7499
-11643
-7595
-11803
-7579
-12091
-7587
-12347
-7499
-12555
-7539
-12779
-7555
-13115
-7595
-13299
-7539
-13587
-7587
-13723
-7595
-14035
-7563
-14299
-7563
-14459
-7475
-14731
-7475
-14995
-7523
-15171
-7515
-15467
-7507
-15683
-7571
-15899
-7555
-16115
-7547
-16427
-7531
-16707
-7515
-16899
-7475
-17091
-7483
-17371
-7491
-17563
-7539
-17851
-7523
-18139
-7571
-18315
-7531
-18563
-7523
-18867
-7739
149
-7739
-91
-7723
-275
-7771
-523
-7747
-779
-7795
-1107
-7763
-1259
-7803
-1595
-7819
-1787
-7755
-2035
-7819
-2203
-7835
-2547
-7739
-2771
-7803
-2915
-7755
-3147
-7787
-3395
-7723
-3659
-7795
-3955
-7803
-4131
-7835
-4355
-7723
-4651
-7771
-4843
-7787
-5075
-7755
-5323
-7803
-5651
-7827
-5907
-7763
-6155
-7763
-6379
-7747
-6619
-7771
-6819
-7819
-7027
-7835
-7299
-7763
-7499
-7819
-7819
-7835
-8067
-7835
-8259
-7787
-8451
-7819
-8691
-7827
-8923
-7835
-9179
-7715
-9443
-7811
-9739
-7803
-9883
-7811
-10163
-7731
-10387
-7779
-10683
-7787
-10851
-7779
-11107
-7787
-11387
-7835
-11651
-7779
-11819
-7819
-12059
-7707
-12283
-7795
-12555
-7827
-12795
-7811
-13051
-7723
-13291
-7739
-13491
-7731
-13763
-7835
-14019
-7835
-14203
-7731
-14531
-7771
-14683
-7795
-15011
-7819
-15155
-7723
-15451
-7795
-15755
-7707
-15931
-7715
-16123
-7771
-16419
-7795
-16587
-7835
-16891
-7795
-17131
-7731
-17379
-7779
-17587
-7739
-17891
-7747
-18075
-7819
-18323
-7795
-18579
-7811
-18819
-8035
109
-8075
-107
-8019
-267
-8051
-587
-8067
-827
-8003
-1051
-7947
-1267
-7979
-1563
-7947
-1771
-8019
-1995
-8059
-2283
-8051
-2483
-7995
-2779
-8075
-2907
-7963
-3195
-8075
-3483
-7995
-3683
-8051
-3883
-7995
-4147
-7955
-4371
-8003
-4619
-8003
-4931
-8059
-5147
-7987
-5403
-7963
-5635
-8051
-5851
-8059
-6123
-8075
-6315
-8043
-6555
-8003
-6851
-8043
-7067
-8059
-7267
-8043
-7587
-8035
-7763
-7979
-7979
-8059
-8283
-8019
-8443
-7971
-8731
-8059
-8907
-7947
-9155
-8035
-9499
-7995
-9667
-7995
-9907
-8075
-10163
-8011
-10363
-8059
-10691
-7979
-10875
-8067
-11195
-8067
-11411
-7987
-11667
-8043
-11819
-7955
-12051
-8019
-12395
-7971
-12635
-8051
-12835
-8075
-13003
-8067
-13267
-8051
-13571
-7947
-13739
-8075
-14043
-8027
-14211
-8027
-14499
-8075
-14795
-8019
-14915
-8067
-15163
-8027
-15467
-8011
-15723
-8011
-15963
-8027
-16163
-7963
-16451
-8059
-16643
-8027
-16899
-8067
-17131
-7971
-17339
-8019
-17555
-7947
-17899
-8035
-18107
-8035
-18323
-7963
-18595
-8059
-18835
-8299
109
-8267
-131
-8299
-339
-8307
-547
-8275
-835
-8203
-1075
-8291
-1355
-8235
-1587
-8291
-1779
-8315
-2035
-8243
-2195
-8315
-2531
-8219
-2691
-8307
-3011
-8203
-3251
-8267
-3507
-8299
-3707
-8291
-3963
-8275
-4235
-8251
-4419
-8243
-4643
-8275
-4867
-8243
-5139
-8299
-5371
-8315
-5635
-8267
-5827
-8307
-6027
-8203
-6307
-8235
-6603
-8243
-6811
-8203
-7035
-8219
-7275
-8267
-7507
-8235
-7779
-8227
-8019
-8315
-8267
-8291
-8499
-8291
-8795
-8243
-9035
-8315
-9251
-8203
-9451
-8243
-9723
-8243
-9955
-8187
-10139
-8315
-10427
-8211
-10635
-8227
-10851
-8291
-11107
-8315
-11427
-8211
-11635
-8307
-11795
-8211
-12147
-8275
-12315
-8251
-12627
-8307
-12851
-8291
-13107
-8291
-13283
-8307
-13507
-8307
-13827
-8283
-14011
-8203
-14299
-8299
-14507
-8267
-14715
-8267
-14979
-8275
-15275
-8315
-15435
-8275
-15635
-8219
-15931
-8195
-16227
-8275
-16347
-8275
-16675
-8195
-16891
-8243
-17195
-8315
-17323
-8307
-17611
-8227
-17915
-8315
-18043
-8195
-18379
-8315
-18571
-8299
-18827
-8531
93
-8467
-83
-8547
-291
-8499
-635
-8555
-851
-8531
-1011
-8491
-1331
-8491
-1507
-8531
-1835
-8475
-2051
-8483
-2219
-8555
-2515
-8443
-2723
-8459
-2915
-8539
-3195
-8491
-3475
-8451
-3723
-8499
-3979
-8467
-4219
-8475
-4355
-8539
-4603
-8515
-4843
-8491
-5099
-8515
-5323
-8531
-5651
-8539
-5827
-8435
-6075
-8555
-6283
-8555
-6619
-8547
-6819
-8555
-7059
-8491
-7267
-8555
-7491
-8483
-7811
-8523
-8019
-8467
-8203
-8547
-8435
-8515
-8699
-8491
-8931
-8499
-9203
-8555
-9459
-8531
-9659
-8483
-9891
-8491
-10187
-8547
-10387
-8531
-10603
-8547
-10827
-8547
-11083
-8467
-11419
-8451
-11611
-8539
-11867
-8467
-12035
-8547
-12395
-8555
-12507
-8499
-12803
-8483
-13067
-8515
-13299
-8483
-13547
-8531
-13803
-8523
-13995
-8539
-14299
-8491
-14555
-8483
-14691
-8459
-15011
-8459
-15235
-8507
-15451
-8467
-15651
-8467
-15931
-8451
-16147
-8555
-16443
-8555
-16643
-8467
-16907
-8523
-17107
-8555
-17435
-8467
-17643
-8539
-17867
-8499
-18147
-8539
-18331
-8531
-18595
-8547
-18875
-8683
133
-8755
-35
-8715
-379
-8731
-571
-8763
-795
-8747
-1035
-8787
-1251
-8771
-1579
-8779
-1723
-8739
-1995
-8667
-2299
-8723
-2427
-8683
-2715
-8747
-2971
-8795
-3275
-8667
-3403
-8763
-3691
-8683
-3995
-8787
-4211
-8699
-4475
-8755
-4683
-8707
-4923
-8699
-5099
-8667
-5387
-8691
-5651
-8747
-5795
-8747
-6131
-8787
-6323
-8675
-6531
-8787
-6867
-8771
-7115
-8739
-7283
-8723
-7475
-8755
-7747
-8755
-8043
-8771
-8267
-8739
-8427
-8715
-8763
-8763
-9027
-8739
-9171
-8683
-9451
-8715
-9659
-8763
-9955
-8787
-10107
-8787
-10475
-8691
-10627
-8795
-10851
-8739
-11195
-8715
-11419
-8747
-11579
-8755
-11899
-8699
-12027
-8667
-12387
-8691
-12587
-8691
-12763
-8795
-13003
-8715
-13307
-8779
-13523
-8747
-13787
-8771
-13987
-8747
-14267
-8779
-14435
-8723
-14707
-8795
-14971
-8747
-15219
-8699
-15459
-8755
-15715
-8787
-15931
-8667
-16211
-8779
-16427
-8795
-16691
-8779
-16859
-8771
-17083
-8707
-17323
-8683
-17667
-8707
-17915
-8699
-18027
-8675
-18307
-8755
-18595
-8747
-18811
-9011
101
-8939
-27
-9011
-331
-9011
-563
-8923
-867
-9011
-1091
-9003
-1259
-8987
-1515
-8995
-1739
-8907
-2067
-8947
-2203
-9035
-2451
-8947
-2683
-9011
-2947
-9027
-3267
-8979
-3515
-8987
-3627
-9011
-3995
-8995
-4155
-9011
-4363
-8987
-4611
-9019
-4931
-8907
-5195
-8979
-5339
-9019
-5595
-8931
-5883
-8987
-6139
-9035
-6331
-8995
-6571
-9019
-6755
-8995
-7107
-9011
-7235
-8995
-7539
-9027
-7715
-8987
-8067
-8979
-8299
-8947
-8515
-9035
-8723
-8931
-8907
-9003
-9227
-8947
-9459
-8931
-9651
-8995
-9867
-9011
-10123
-9019
-10475
-8915
-10611
-9027
-10931
-9035
-11107
-9027
-11347
-8931
-11675
-8931
-11795
-8931
-12131
-8947
-12395
-9003
-12611
-8987
-12795
-9027
-13011
-8971
-13347
-8947
-13523
-8923
-13795
-9003
-14019
-9019
-14195
-9035
-14427
-8971
-14779
-9003
-15027
-8987
-15235
-9019
-15411
-8955
-15675
-8947
-15883
-8939
-16195
-8931
-16411
-9019
-16667
-9011
-16931
-8963
-17195
-8987
-17355
-9027
-17651
-8955
-17883
-9003
-18059
-9011
-18331
-8987
-18523
-9003
-18859
-9147
141
-9251
-91
-9243
-371
-9267
-603
-9259
-755
-9171
-1075
-9195
-1355
-9267
-1491
-9275
-1739
-9187
-1971
-9187
-2315
-9267
-2459
-9179
-2795
-9203
-2963
-9227
-3259
-9267
-3411
-9251
-3675
-9187
-3987
-9163
-4163
-9219
-4459
-9195
-4611
-9275
-4875
-9195
-5083
-9195
-5331
-9275
-5571
-9267
-5843
-9235
-6123
-9179
-6363
-9163
-6523
-9171
-6859
-9227
-7099
-9267
-7315
-9187
-7475
-9267
-7819
-9259
-7995
-9179
-8203
-9227
-8539
-9275
-8699
-9147
-8979
-9275
-9275
-9187
-9443
-9195
-9707
-9187
-9899
-9259
-10211
-9147
-10371
-9227
-10651
-9259
-10947
-9251
-11067
-9259
-11315
-9275
-11651
-9227
-11907
-9171
-12139
-9259
-12355
-9203
-12619
-9267
-12875
-9171
-12995
-9259
-13347
-9211
-13539
-9195
-13755
-9267
-14019
-9243
-14315
-9187
-14459
-9275
-14723
-9275
-14907
-9275
-15259
-9275
-15507
-9147
-15715
-9251
-15995
-9203
-16227
-9243
-16387
-9267
-16659
-9187
-16907
-9211
-17195
-9251
-17371
-9219
-17611
-9275
-17851
-9187
-18139
-9243
-18379
-9267
-18595
-9275
-18835
-9427
149
-9507
-43
-9467
-387
-9427
-595
-9515
-819
-9499
-1043
-9395
-1291
-9515
-1507
-9403
-1787
-9403
-2059
-9419
-2251
-9483
-2515
-9491
-2683
-9403
-2963
-9459
-3203
-9395
-3467
-9507
-3715
-9515
-3907
-9419
-4219
-9411
-4347
-9515
-4603
-9491
-4843
-9499
-5179
-9435
-5347
-9491
-5563
-9387
-5915
-9395
-6155
-9499
-6379
-9499
-6515
-9499
-6763
-9395
-7059
-9411
-7243
-9451
-7467
-9499
-7811
-9491
-8051
-9515
-8243
-9475
-8467
-9507
-8691
-9475
-8995
-9475
-9211
-9427
-9411
-9499
-9715
-9499
-9931
-9475
-10219
-9507
-10387
-9435
-10699
-9515
-10867
-9475
-11147
-9467
-11347
-9499
-11547
-9459
-11859
-9451
-12075
-9483
-12331
-9435
-12595
-9459
-12819
-9451
-13011
-9483
-13267
-9507
-13563
-9387
-13747
-9475
-13995
-9491
-14227
-9467
-14451
-9459
-14771
-9475
-15003
-9483
-15155
-9507
-15467
-9403
-15723
-9515
-15995
-9435
-16211
-9435
-16411
-9507
-16659
-9491
-16851
-9483
-17187
-9411
-17363
-9419
-17571
-9507
-17795
-9467
-18155
-9475
-18291
-9467
-18619
-9387
-18819
-9691
133
-9635
-123
-9723
-299
-9747
-579
-9715
-771
-9675
-1043
-9707
-1347
-9755
-1475
-9699
-1819
-9739
-2051
-9723
-2267
-9723
-2499
-9659
-2715
-9731
-2915
-9683
-3243
-9755
-3411
-9699
-3739
-9707
-3899
-9739
-4211
-9683
-4451
-9747
-4683
-9747
-4843
-9755
-5179
-9675
-5355
-9731
-5555
-9731
-5811
-9667
-6131
-9675
-6331
-9755
-6619
-9739
-6851
-9723
-7003
-9683
-7307
-9699
-7483
-9643
-7803
-9739
-7979
-9715
-8315
-9707
-8531
-9651
-8707
-9659
-8995
-9675
-9171
-9627
-9411
-9747
-9731
-9747
-9923
-9731
-10163
-9707
-10451
-9747
-10619
-9691
-10907
-9747
-11147
-9723
-11347
-9659
-11571
-9739
-11899
-9747
-12123
-9627
-12339
-9699
-12539
-9755
-12811
-9635
-12987
-9723
-13299
-9651
-13555
-9691
-13787
-9755
-14051
-9755
-14291
-9659
-14515
-9755
-14707
-9667
-15011
-9643
-15155
-9755
-15515
-9739
-15731
-9747
-15939
-9643
-16219
-9635
-16395
-9755
-16635
-9755
-16947
-9651
-17075
-9755
-17339
-9715
-17571
-9723
-17899
-9651
-18051
-9715
-18339
-9627
-18539
-9723
-18835
-9971
125
-9995
-139
-9867
-315
-9899
-563
-9971
-811
-9947
-1107
-9987
-1323
-9971
-1595
-9995
-1835
-9971
-1971
-9891
-2291
-9963
-2475
-9883
-2675
-9995
-2947
-9955
-3203
-9971
-3515
-9939
-3747
-9915
-3875
-9955
-4163
-9931
-4395
-9947
-4699
-9971
-4859
-9875
-5155
-9995
-5355
-9899
-5563
-9995
-5851
-9939
-6083
-9875
-6283
-9939
-6531
-9931
-6803
-9875
-7091
-9867
-7227
-9979
-7587
-9923
-7835
-9955
-7979
-9947
-8259
-9939
-8435
-9915
-8699
-9987
-8947
-9995
-9171
-9963
-9443
-9907
-9667
-9923
-9907
-9987
-10155
-9883
-10395
-9947
-10635
-9955
-10827
-9971
-11107
-9891
-11387
-9987
-11611
-9963
-11883
-9979
-12107
-9931
-12307
-9939
-12539
-9931
-12843
-9883
-12995
-9995
-13275
-9995
-13475
-9907
-13787
-9995
-14027
-9899
-14251
-9899
-14435
-9995
-14675
-9915
-14987
-9995
-15243
-9891
-15427
-9963
-15699
-9891
-15875
-9963
-16195
-9987
-16443
-9939
-16627
-9987
-16923
-9915
-17091
-9931
-17339
-9987
-17619
-9907
-17787
-9899
-18107
-9939
-18323
-9963
-18627
-9923
-18819
-10219
117
-10187
-131
-10235
-331
-10147
-507
-10211
-819
-10187
-995
-10107
-1307
-10211
-1579
-10123
-1731
-10219
-2075
-10203
-2187
-10179
-2443
-10179
-2763
-10131
-2955
-10219
-3275
-10187
-3451
-10147
-3723
-10203
-3907
-10203
-4123
-10211
-4411
-10187
-4675
-10139
-4843
-10179
-5107
-10235
-5387
-10235
-5675
-10195
-5915
-10219
-6131
-10163
-6347
-10171
-6515
-10115
-6875
-10203
-7107
-10107
-7323
-10155
-7547
-10195
-7827
-10115
-8059
-10235
-8203
-10163
-8459
-10203
-8787
-10163
-8979
-10203
-9235
-10107
-9443
-10123
-9659
-10147
-9955
-10187
-10123
-10203
-10395
-10155
-10651
-10219
-10955
-10211
-11099
-10203
-11315
-10211
-11643
-10179
-11827
-10219
-12035
-10179
-12283
-10155
-12523
-10147
-12843
-10219
-13083
-10187
-13331
-10195
-13539
-10107
-13795
-10227
-14035
-10147
-14203
-10171
-14467
-10187
-14763
-10171
-14963
-10227
-15267
-10211
-15507
-10219
-15739
-10227
-15931
-10187
-16123
-10203
-16387
-10235
-16691
-10123
-16923
-10203
-17115
-10163
-17371
-10227
-17627
-10235
-17787
-10163
-18091
-10155
-18267
-10139
-18595
-10211
-18875
-10467
93
-10443
-43
-10467
-395
-10435
-563
-10427
-827
-10443
-1043
-10459
-1291
-10475
-1563
-10411
-1731
-10467
-1987
-10443
-2227
-10459
-2459
-10475
-2667
-10475
-2931
-10443
-3243
-10435
-3515
-10467
-3675
-10427
-3963
-10459
-4227
-10443
-4427
-10467
-4691
-10427
-4827
-10443
-5115
-10467
-5419
-10475
-5619
-10475
-5875
-10451
-6131
-10435
-6291
-10443
-6595
-10435
-6755
-10435
-7091
-10443
-7275
-10475
-7507
-10443
-7827
-10443
-7987
-10467
-8227
-10451
-8539
-10451
-8699
-10459
-8915
-10427
-9155
-10443
-9515
-10411
-9635
-10435
-9987
-10475
-10155
-10475
-10395
-10419
-10627
-10475
-10883
-10467
-11099
-10411
-11315
-10467
-11603
-10443
-11803
-10467
-12059
-10435
-12307
-10427
-12635
-10435
-12755
-10459
-13075
-10419
-13323
-10419
-13555
-10467
-13747
-10419
-13963
-10435
-14251
-10451
-14539
-10443
-14731
-10475
-14947
-10451
-15275
-10467
-15475
-10475
-15739
-10443
-15899
-10475
-16227
-10451
-16475
-10435
-16611
-10451
-16835
-10467
-17115
-10443
-17355
-10475
-17611
-10459
-17795
-10459
-18155
-10451
-18347
-10467
-18627
-10451
-18851
