151
1898
500
-13
230
-327
236
-493
163
-770
439
-1091
258
-1299
184
-1551
455
-1731
342
-1958
380
-2245
885
-2483
227
-2639
339
-3023
125
-3215
149
-3481
293
-3723
101
-3959
157
-4177
153
-4413
127
-4647
125
-4835
133
-5079
125
-5367
117
-5575
109
-5835
117
-6091
141
-6331
93
-6619
101
-6871
85
-6963
93
-7295
117
-7515
85
-7715
133
-7975
109
-8255
133
-8427
117
-8707
101
-9007
109
-9231
125
-9407
85
-9635
125
-9867
101
-10203
133
-10347
93
-10635
141
-10827
117
-11115
85
-11323
141
-11555
141
-11795
93
-12027
101
-12323
93
-12579
101
-12771
85
-13051
101
-13227
93
-13587
117
-13747
117
-13987
101
-14291
85
-14459
109
-14691
101
-14939
117
-15179
101
-15451
93
-15707
93
-15955
149
-16139
109
-16355
85
-16587
117
-16867
125
-17099
109
-17435
117
-17667
93
-17867
125
-18083
85
-18267
133
-18611
101
-18827
-143
1057
-97
-45
-61
-347
-33
-547
-132
-852
-131
-1060
-93
-1264
-122
-1463
-119
-1731
-129
-1993
-11
-2306
-55
-2415
-43
-2709
-59
-2925
-103
-3187
-97
-3491
-49
-3751
-113
-3941
-111
-4173
-67
-4347
-51
-4593
-91
-4883
-135
-5175
-27
-5379
-119
-5635
-91
-5867
-75
-6027
-127
-6335
-43
-6523
-111
-6787
-119
-7007
-123
-7303
-127
-7487
-119
-7811
-139
-8023
-55
-8291
-43
-8555
-75
-8651
-83
-8887
-47
-9203
-75
-9379
-131
-9715
-99
-9971
-115
-10195
-83
-10419
-107
-10627
-115
-10851
-99
-11139
-123
-11331
-43
-11627
-139
-11843
-139
-12123
-27
-12307
-147
-12531
-155
-12851
-139
-13059
-155
-13355
-155
-13555
-91
-13723
-91
-14027
-115
-14227
-155
-14547
-91
-14691
-59
-15011
-91
-15267
-123
-15459
-51
-15731
-147
-15995
-99
-16195
-67
-16475
-51
-16691
-131
-16947
-147
-17067
-139
-17323
-107
-17651
-131
-17867
-27
-18091
-155
-18371
-131
-18555
-115
-18859
-335
202
-348
-117
-349
-349
-318
-567
-328
-831
-345
-1006
-317
-1323
-383
-1545
-367
-1683
-273
-2023
-351
-2307
-365
-2505
-311
-2763
-351
-2947
-353
-3233
-295
-3401
-315
-3735
-383
-3935
-367
-4089
-367
-4419
-355
-4567
-307
-4823
-275
-5063
-371
-5411
-331
-5599
-355
-5815
-299
-6039
-331
-6347
-299
-6483
-319
-6771
-295
-7059
-351
-7239
-351
-7531
-279
-7747
-307
-8011
-363
-8239
-335
-8431
-291
-8707
-371
-8895
-291
-9195
-371
-9515
-387
-9643
-379
-9987
-387
-10235
-267
-10427
-307
-10611
-363
-10907
-395
-11179
-283
-11387
-387
-11619
-379
-11787
-355
-12083
-315
-12315
-299
-12595
-339
-12779
-283
-13083
-339
-13275
-299
-13499
-291
-13723
-347
-13955
-355
-14219
-315
-14483
-339
-14747
-267
-15003
-299
-15195
-307
-15507
-307
-15747
-371
-15971
-339
-16163
-275
-16467
-387
-16683
-355
-16835
-307
-17147
-387
-17339
-395
-17659
-339
-17859
-315
-18075
-379
-18315
-363
-18627
-395
-18867
-503
1505
-529
-88
-585
-333
-617
-545
-601
-762
-573
-1107
-594
-1259
-537
-1480
-596
-1733
-525
-2051
-552
-2249
-563
-2463
-549
-2683
-589
-2915
-583
-3141
-569
-3483
-539
-3669
-629
-3987
-503
-4139
-537
-4367
-591
-4665
-535
-4891
-599
-5059
-611
-5419
-611
-5623
-579
-5887
-507
-6095
-591
-6379
-575
-6507
-507
-6759
-499
-7047
-507
-7331
-603
-7531
-567
-7795
-571
-8047
-599
-8211
-563
-8431
-571
-8659
-543
-8983
-563
-9271
-551
-9367
-563
-9723
-603
-9867
-571
-10211
-603
-10379
-635
-10691
-515
-10915
-571
-11179
-579
-11403
-555
-11603
-507
-11851
-635
-12083
-627
-12395
-611
-12619
-587
-12803
-555
-13083
-627
-13299
-587
-13491
-595
-13819
-635
-14043
-579
-14235
-611
-14555
-603
-14779
-515
-14979
-523
-15179
-619
-15483
-611
-15707
-595
-15947
-539
-16211
-603
-16475
-579
-16683
-595
-16907
-635
-17091
-507
-17331
-555
-17563
-619
-17875
-603
-18035
-555
-18267
-547
-18547
-635
-18835
-735
1227
-840
-47
-823
-273
-754
-569
-829
-817
-771
-981
-801
-1330
-842
-1491
-871
-1801
-795
-1995
-817
-2257
-789
-2491
-851
-2691
-755
-2959
-743
-3127
-731
-3491
-855
-3707
-785
-3909
-837
-4203
-835
-4375
-825
-4589
-843
-4875
-723
-5135
-819
-5383
-827
-5571
-859
-5819
-787
-6091
-755
-6343
-827
-6523
-771
-6803
-747
-7091
-831
-7299
-851
-7499
-827
-7815
-791
-7987
-755
-8283
-835
-8467
-815
-8663
-859
-8983
-803
-9135
-819
-9507
-867
-9683
-843
-9891
-755
-10163
-747
-10435
-795
-10707
-835
-10835
-843
-11187
-875
-11427
-827
-11563
-859
-11907
-859
-12115
-787
-12275
-843
-12539
-875
-12843
-819
-13027
-755
-13243
-859
-13531
-795
-13755
-795
-14075
-851
-14195
-779
-14491
-811
-14747
-867
-15027
-763
-15267
-835
-15427
-755
-15667
-859
-15947
-747
-16203
-827
-16379
-819
-16691
-875
-16955
-851
-17075
-747
-17419
-819
-17611
-819
-17851
-803
-18155
-859
-18387
-875
-18531
-819
-18851
-1083
1210
-1095
-43
-986
-369
-1061
-562
-1062
-845
-1042
-1071
-1089
-1309
-971
-1529
-989
-1723
-1071
-1977
-1005
-2272
-1061
-2431
-999
-2767
-983
-3025
-1103
-3257
-1067
-3467
-1087
-3643
-1035
-3915
-1049
-4139
-1069
-4343
-1063
-4557
-1075
-4927
-1063
-5191
-987
-5291
-1083
-5651
-999
-5899
-1031
-6015
-1079
-6243
-1095
-6607
-1083
-6815
-1091
-6979
-1023
-7287
-1039
-7491
-1075
-7795
-1047
-7931
-1099
-8187
-1099
-8419
-999
-8723
-1027
-8959
-1087
-9147
-1023
-9491
-1067
-9643
-1115
-9971
-1115
-10139
-1115
-10371
-1075
-10651
-1043
-10867
-1075
-11171
-1099
-11307
-1011
-11627
-1091
-11787
-1099
-12139
-987
-12387
-1035
-12531
-1067
-12763
-1107
-13027
-1115
-13251
-1067
-13587
-1067
-13835
-987
-14027
-1027
-14211
-1067
-14531
-1067
-14779
-1083
-14979
-1003
-15179
-1003
-15451
-1067
-15651
-1075
-15955
-1083
-16203
-1083
-16419
-1027
-16611
-1059
-16939
-1059
-17115
-1059
-17323
-1091
-17667
-1107
-17867
-995
-18083
-1083
-18299
-995
-18515
-1051
-18875
-1275
1559
-1343
-95
-1339
-379
-1290
-551
-1323
-813
-1293
-986
-1339
-1282
-1289
-1465
-1249
-1702
-1233
-2031
-1256
-2290
-1329
-2451
-1353
-2667
-1329
-2915
-1303
-3243
-1337
-3483
-1231
-3727
-1317
-3961
-1229
-4167
-1247
-4459
-1251
-4657
-1235
-4835
-1307
-5151
-1279
-5375
-1219
-5595
-1307
-5827
-1267
-6063
-1291
-6367
-1239
-6595
-1247
-6767
-1291
-7031
-1291
-7315
-1283
-7571
-1311
-7771
-1251
-7991
-1271
-8227
-1323
-8459
-1319
-8707
-1215
-8979
-1291
-9123
-1259
-9383
-1339
-9643
-1259
-9867
-1251
-10187
-1275
-10419
-1355
-10627
-1267
-10859
-1227
-11195
-1235
-11395
-1227
-11635
-1235
-11787
-1267
-12075
-1355
-12275
-1323
-12555
-1347
-12819
-1259
-13075
-1307
-13291
-1347
-13467
-1251
-13755
-1235
-14035
-1323
-14259
-1339
-14555
-1275
-14763
-1331
-15035
-1307
-15195
-1347
-15499
-1275
-15747
-1283
-15947
-1323
-16131
-1339
-16419
-1339
-16595
-1243
-16867
-1355
-17195
-1307
-17371
-1283
-17579
-1251
-17811
-1283
-18091
-1315
-18355
-1315
-18515
-1283
-18835
-1563
533
-1433
-113
-1533
-265
-1533
-607
-1471
-835
-1527
-1041
-1517
-1259
-1531
-1487
-1539
-1787
-1477
-1997
-1555
-2299
-1481
-2473
-1475
-2699
-1551
-2899
-1581
-3257
-1559
-3437
-1589
-3675
-1511
-3943
-1553
-4127
-1539
-4381
-1549
-4691
-1575
-4839
-1471
-5127
-1455
-5335
-1507
-5543
-1563
-5871
-1547
-6063
-1531
-6383
-1539
-6631
-1495
-6811
-1551
-7003
-1571
-7335
-1475
-7543
-1523
-7783
-1499
-8051
-1555
-8235
-1547
-8467
-1467
-8771
-1595
-8975
-1531
-9147
-1579
-9483
-1531
-9747
-1515
-9955
-1531
-10171
-1531
-10419
-1547
-10627
-1587
-10939
-1595
-11083
-1539
-11331
-1539
-11659
-1531
-11803
-1555
-12123
-1499
-12347
-1563
-12523
-1483
-12827
-1539
-13099
-1531
-13315
-1539
-13467
-1587
-13803
-1595
-14051
-1467
-14243
-1563
-14475
-1571
-14755
-1571
-14947
-1587
-15203
-1587
-15403
-1579
-15627
-1571
-15955
-1555
-16211
-1531
-16427
-1579
-16603
-1491
-16883
-1563
-17099
-1571
-17387
-1531
-17635
-1571
-17819
-1515
-18139
-1467
-18387
-1523
-18523
-1595
-18859
-1819
223
-1771
-43
-1731
-341
-1823
-623
-1717
-775
-1723
-1019
-1703
-1261
-1737
-1575
-1737
-1803
-1821
-2055
-1731
-2235
-1793
-2487
-1701
-2715
-1797
-2955
-1809
-3243
-1825
-3481
-1741
-3725
-1801
-3867
-1785
-4135
-1711
-4359
-1709
-4683
-1767
-4811
-1787
-5159
-1771
-5335
-1723
-5639
-1795
-5851
-1715
-6095
-1707
-6243
-1707
-6535
-1731
-6783
-1755
-7087
-1759
-7287
-1723
-7439
-1803
-7807
-1763
-8003
-1783
-8299
-1747
-8415
-1715
-8759
-1695
-8935
-1823
-9239
-1707
-9423
-1811
-9699
-1819
-9987
-1779
-10163
-1739
-10379
-1739
-10715
-1747
-10891
-1827
-11107
-1787
-11395
-1819
-11603
-1811
-11867
-1755
-12123
-1755
-12371
-1787
-12523
-1827
-12787
-1707
-13035
-1819
-13227
-1755
-13571
-1779
-13779
-1771
-13963
-1811
-14235
-1827
-14539
-1731
-14771
-1747
-14947
-1763
-15203
-1795
-15499
-1731
-15635
-1731
-15939
-1795
-16211
-1779
-16459
-1779
-16651
-1739
-16843
-1795
-17067
-1835
-17339
-1723
-17547
-1755
-17875
-1707
-18147
-1819
-18307
-1763
-18555
-1763
-18811
-2003
1481
-2039
-35
-2059
-241
-2023
-577
-1947
-801
-2003
-1071
-2047
-1271
-1987
-1467
-1991
-1751
-1963
-1975
-1947
-2207
-1989
-2527
-1973
-2761
-1995
-2979
-2051
-3219
-2041
-3399
-2017
-3715
-2055
-3941
-1979
-4163
-2061
-4419
-1923
-4579
-1995
-4891
-2039
-5091
-2059
-5351
-2039
-5595
-2023
-5787
-1935
-6095
-2071
-6315
-2039
-6575
-2067
-6735
-1939
-7035
-2055
-7243
-1927
-7547
-1975
-7691
-2039
-7971
-2035
-8163
-1943
-8511
-1999
-8755
-2063
-9035
-1999
-9219
-1971
-9515
-1995
-9739
-1979
-9891
-2075
-10163
-2011
-10371
-2019
-10659
-2059
-10947
-2043
-11107
-2059
-11427
-2043
-11627
-2003
-11891
-2051
-12035
-1987
-12331
-1963
-12571
-1955
-12755
-2051
-13067
-2043
-13243
-1963
-13491
-1963
-13755
-2027
-14051
-1987
-14259
-2035
-14459
-2067
-14795
-2035
-15011
-2075
-15195
-1947
-15443
-2051
-15699
-1995
-15987
-2011
-16163
-2067
-16355
-2003
-16699
-2035
-16915
-2075
-17107
-1987
-17331
-2067
-17595
-1963
-17899
-2067
-18051
-2003
-18331
-1963
-18587
-2051
-18875
-2187
179
-2227
-5
-2289
-375
-2237
-533
-2209
-777
-2283
-1099
-2227
-1307
-2273
-1511
-2259
-1727
-2195
-2005
-2275
-2247
-2305
-2455
-2235
-2695
-2247
-2971
-2251
-3227
-2223
-3419
-2203
-3675
-2163
-3903
-2207
-4181
-2287
-4355
-2291
-4615
-2251
-4851
-2267
-5119
-2175
-5307
-2295
-5563
-2191
-5871
-2299
-6035
-2199
-6371
-2315
-6575
-2199
-6779
-2267
-7063
-2167
-7235
-2287
-7567
-2279
-7787
-2195
-7991
-2243
-8219
-2227
-8435
-2295
-8679
-2231
-8987
-2271
-9195
-2275
-9423
-2315
-9755
-2299
-9923
-2275
-10179
-2315
-10403
-2251
-10651
-2235
-10947
-2315
-11099
-2251
-11395
-2195
-11643
-2187
-11827
-2243
-12091
-2283
-12291
-2299
-12507
-2283
-12851
-2251
-13019
-2283
-13315
-2291
-13467
-2195
-13811
-2291
-13963
-2267
-14259
-2227
-14475
-2315
-14755
-2291
-15019
-2259
-15187
-2283
-15395
-2299
-15739
-2195
-15891
-2235
-16195
-2259
-16427
-2251
-16595
-2211
-16827
-2259
-17187
-2219
-17395
-2307
-17651
-2307
-17899
-2299
-18067
-2315
-18323
-2283
-18515
-2299
-18835
-2507
623
-2527
-99
-2509
-323
-2535
-525
-2457
-811
-2535
-1009
-2507
-1325
-2507
-1529
-2523
-1703
-2509
-1961
-2545
-2233
-2513
-2513
-2465
-2715
-2503
-3011
-2455
-3183
-2427
-3407
-2471
-3615
-2463
-3933
-2487
-4161
-2447
-4417
-2525
-4671
-2459
-4887
-2427
-5075
-2443
-5363
-2479
-5575
-2519
-5883
-2459
-6035
-2503
-6363
-2435
-6591
-2531
-6767
-2395
-7039
-2415
-7291
-2395
-7499
-2423
-7675
-2515
-7983
-2511
-8287
-2491
-8467
-2487
-8755
-2547
-8927
-2491
-9127
-2471
-9419
-2483
-9723
-2539
-9915
-2523
-10195
-2515
-10387
-2507
-10587
-2555
-10875
-2555
-11147
-2547
-11347
-2515
-11643
-2555
-11827
-2475
-12107
-2539
-12267
-2443
-12523
-2555
-12819
-2531
-13067
-2531
-13235
-2547
-13499
-2523
-13707
-2451
-14059
-2435
-14195
-2507
-14435
-2507
-14771
-2491
-14923
-2435
-15235
-2523
-15491
-2427
-15683
-2531
-15915
-2515
-16107
-2523
-16347
-2515
-16603
-2499
-16827
-2435
-17091
-2451
-17363
-2459
-17595
-2435
-17803
-2531
-18115
-2523
-18379
-2539
-18579
-2555
-18819
-2747
149
-2683
-37
-2739
-299
-2763
-543
-2659
-783
-2687
-1073
-2695
-1227
-2667
-1567
-2647
-1735
-2679
-1911
-2795
-2315
-2767
-2455
-2695
-2707
-2699
-3015
-2731
-3227
-2755
-3427
-2679
-3737
-2683
-3927
-2659
-4159
-2715
-4431
-2711
-4655
-2771
-4895
-2723
-5155
-2727
-5343
-2791
-5675
-2771
-5791
-2743
-6103
-2771
-6371
-2779
-6619
-2739
-6759
-2723
-7095
-2711
-7255
-2763
-7511
-2739
-7723
-2747
-8003
-2707
-8287
-2671
-8467
-2739
-8703
-2703
-8923
-2679
-9175
-2711
-9451
-2771
-9667
-2755
-9947
-2795
-10227
-2771
-10443
-2787
-10707
-2739
-10915
-2787
-11195
-2731
-11379
-2771
-11579
-2699
-11875
-2771
-12027
-2731
-12283
-2795
-12619
-2747
-12843
-2675
-12987
-2707
-13355
-2667
-13499
-2731
-13715
-2779
-14011
-2771
-14203
-2771
-14467
-2683
-14771
-2739
-15019
-2691
-15147
-2723
-15403
-2683
-15675
-2667
-15971
-2771
-16179
-2739
-16355
-2691
-16603
-2779
-16875
-2691
-17075
-2675
-17371
-2795
-17611
-2723
-17803
-2779
-18027
-2731
-18387
-2691
-18539
-2667
-18843
-2887
85
-2923
-79
-2991
-331
-3011
-623
-2943
-751
-2975
-1027
-3023
-1259
-2999
-1583
-2971
-1771
-3011
-1999
-2879
-2219
-2935
-2483
-2991
-2739
-3011
-2911
-3007
-3155
-2983
-3391
-2951
-3683
-2991
-3935
-2955
-4187
-3007
-4391
-2995
-4647
-2903
-4915
-2983
-5139
-2999
-5399
-2927
-5543
-2903
-5851
-3011
-6147
-2959
-6291
-2943
-6507
-2971
-6827
-3023
-7095
-2907
-7339
-3015
-7491
-3019
-7739
-2879
-7939
-2967
-8207
-2983
-8479
-2967
-8715
-3019
-8999
-2983
-9183
-2987
-9411
-2987
-9635
-2995
-9971
-2963
-10147
-2931
-10451
-3003
-10675
-2939
-10907
-2979
-11075
-2971
-11395
-3035
-11571
-2971
-11859
-3035
-12099
-3027
-12283
-3011
-12619
-2979
-12795
-2947
-13099
-3003
-13347
-2947
-13499
-2923
-13747
-2947
-14019
-2971
-14315
-2979
-14427
-2931
-14707
-3035
-14963
-2987
-15227
-2987
-15515
-2979
-15675
-2987
-15899
-3027
-16155
-3027
-16459
-2939
-16667
-3019
-16907
-2987
-17139
-3035
-17387
-2939
-17555
-3011
-17899
-3027
-18043
-2979
-18363
-3003
-18611
-3019
-18827
-3247
101
-3139
-139
-3247
-247
-3239
-599
-3135
-827
-3251
-1087
-3139
-1323
-3227
-1455
-3227
-1691
-3203
-2039
-3231
-2279
-3267
-2435
-3151
-2723
-3219
-2919
-3247
-3171
-3179
-3435
-3239
-3723
-3243
-3935
-3207
-4175
-3195
-4327
-3191
-4647
-3247
-4835
-3239
-5079
-3239
-5383
-3271
-5523
-3195
-5867
-3215
-6059
-3207
-6355
-3223
-6511
-3203
-6823
-3191
-7083
-3131
-7247
-3227
-7503
-3271
-7675
-3259
-8031
-3243
-8199
-3231
-8515
-3155
-8715
-3243
-8943
-3171
-9167
-3203
-9427
-3259
-9651
-3195
-9955
-3267
-10139
-3171
-10427
-3227
-10611
-3227
-10939
-3203
-11115
-3187
-11395
-3275
-11579
-3275
-11891
-3187
-12091
-3227
-12267
-3195
-12595
-3251
-12819
-3243
-13011
-3267
-13267
-3235
-13539
-3227
-13731
-3163
-13979
-3203
-14299
-3219
-14483
-3267
-14699
-3243
-14939
-3243
-15227
-3211
-15395
-3187
-15651
-3259
-15907
-3243
-16195
-3195
-16459
-3155
-16715
-3235
-16883
-3259
-17195
-3275
-17315
-3211
-17627
-3275
-17795
-3275
-18027
-3267
-18339
-3155
-18515
-3259
-18875
-3451
93
-3435
-123
-3483
-367
-3495
-603
-3459
-783
-3383
-979
-3499
-1327
-3495
-1511
-3515
-1767
-3475
-1999
-3479
-2171
-3499
-2471
-3415
-2739
-3491
-2967
-3479
-3167
-3503
-3427
-3487
-3731
-3451
-3939
-3467
-4231
-3459
-4455
-3403
-4563
-3475
-4943
-3423
-5067
-3463
-5407
-3387
-5591
-3483
-5899
-3463
-6071
-3411
-6255
-3483
-6571
-3379
-6807
-3507
-7047
-3475
-7227
-3503
-7559
-3427
-7755
-3515
-8063
-3475
-8231
-3463
-8479
-3503
-8651
-3387
-9003
-3411
-9187
-3507
-9427
-3459
-9707
-3411
-9947
-3411
-10219
-3451
-10371
-3443
-10675
-3467
-10867
-3435
-11147
-3499
-11315
-3467
-11635
-3499
-11859
-3483
-12155
-3483
-12323
-3459
-12587
-3467
-12803
-3427
-13059
-3483
-13227
-3403
-13531
-3507
-13787
-3467
-13971
-3427
-14227
-3451
-14531
-3395
-14739
-3427
-14995
-3499
-15227
-3507
-15515
-3451
-15715
-3419
-15979
-3443
-16211
-3419
-16395
-3443
-16619
-3507
-16947
-3515
-17067
-3483
-17315
-3515
-17611
-3467
-17891
-3483
-18051
-3427
-18339
-3491
-18619
-3507
-18851
-3679
141
-3671
-99
-3643
-307
-3691
-539
-3691
-855
-3667
-999
-3739
-1279
-3731
-1555
-3715
-1775
-3651
-2007
-3623
-2219
-3731
-2555
-3735
-2755
-3755
-2915
-3735
-3159
-3619
-3491
-3703
-3719
-3651
-3919
-3727
-4119
-3699
-4427
-3707
-4647
-3735
-4871
-3679
-5167
-3719
-5423
-3711
-5603
-3751
-5783
-3731
-6055
-3751
-6283
-3663
-6519
-3703
-6747
-3647
-6983
-3667
-7311
-3739
-7455
-3691
-7799
-3683
-8031
-3651
-8215
-3703
-8503
-3695
-8691
-3691
-8971
-3691
-9207
-3755
-9499
-3723
-9755
-3707
-9995
-3675
-10179
-3667
-10459
-3699
-10603
-3747
-10859
-3723
-11123
-3731
-11363
-3683
-11675
-3635
-11915
-3755
-12099
-3739
-12275
-3723
-12627
-3739
-12875
-3731
-13115
-3683
-13227
-3715
-13523
-3707
-13739
-3755
-13995
-3635
-14251
-3691
-14523
-3707
-14715
-3723
-15027
-3747
-15203
-3691
-15387
-3635
-15715
-3651
-15867
-3715
-16195
-3747
-16387
-3747
-16707
-3683
-16891
-3755
-17067
-3747
-17331
-3723
-17555
-3699
-17827
-3755
-18091
-3699
-18371
-3699
-18579
-3723
-18811
-3915
101
-3923
-107
-3979
-267
-3923
-567
-3959
-843
-3979
-1003
-3975
-1255
-3907
-1547
-3931
-1699
-3911
-2059
-3899
-2231
-3987
-2443
-3911
-2747
-3959
-2907
-3883
-3127
-3899
-3423
-3987
-3719
-3911
-3971
-3875
-4103
-3919
-4423
-3967
-4567
-3959
-4891
-3851
-5155
-3971
-5343
-3863
-5523
-3979
-5799
-3959
-6091
-3931
-6395
-3963
-6507
-3975
-6767
-3955
-7107
-3975
-7307
-3951
-7579
-3915
-7739
-3915
-7991
-3951
-8247
-3995
-8527
-3935
-8759
-3931
-8923
-3975
-9187
-3955
-9491
-3875
-9755
-3891
-9915
-3979
-10227
-3971
-10451
-3923
-10667
-3987
-10899
-3987
-11091
-3995
-11403
-3883
-11603
-3915
-11883
-3915
-12043
-3987
-12363
-3875
-12539
-3907
-12795
-3987
-13035
-3971
-13331
-3979
-13587
-3971
-13723
-3987
-13987
-3867
-14243
-3987
-14515
-3947
-14755
-3939
-14979
-3867
-15179
-3907
-15483
-3915
-15667
-3923
-15987
-3883
-16147
-3979
-16403
-3947
-16667
-3939
-16915
-3963
-17163
-3899
-17355
-3883
-17547
-3915
-17907
-3987
-18075
-3995
-18363
-3899
-18603
-3987
-18843
-4127
101
-4211
-35
-4155
-327
-4187
-491
-4119
-803
-4151
-1083
-4147
-1319
-4187
-1451
-4211
-1811
-4115
-2055
-4191
-2195
-4107
-2427
-4219
-2707
-4099
-3003
-4207
-3203
-4143
-3379
-4159
-3687
-4163
-3899
-4223
-4191
-4127
-4411
-4215
-4683
-4167
-4883
-4207
-5139
-4095
-5411
-4183
-5619
-4151
-5855
-4135
-6091
-4179
-6355
-4191
-6535
-4187
-6727
-4195
-7071
-4155
-7219
-4211
-7575
-4159
-7727
-4135
-8051
-4139
-8283
-4179
-8499
-4223
-8755
-4107
-8911
-4139
-9239
-4123
-9507
-4107
-9707
-4115
-9979
-4203
-10107
-4227
-10403
-4187
-10643
-4171
-10955
-4203
-11083
-4163
-11315
-4187
-11571
-4171
-11819
-4219
-12075
-4115
-12323
-4155
-12571
-4227
-12787
-4211
-12987
-4227
-13347
-4227
-13499
-4195
-13779
-4171
-13947
-4131
-14299
-4163
-14459
-4115
-14739
-4187
-14955
-4187
-15163
-4195
-15435
-4219
-15699
-4179
-15971
-4115
-16131
-4203
-16475
-4195
-16659
-4187
-16947
-4187
-17123
-4171
-17371
-4195
-17587
-4219
-17787
-4139
-18115
-4139
-18347
-4227
-18587
-4107
-18867
-4419
85
-4391
-43
-4435
-251
-4363
-559
-4343
-751
-4427
-1087
-4443
-1343
-4415
-1503
-4443
-1751
-4375
-1927
-4423
-2287
-4447
-2531
-4459
-2735
-4443
-2943
-4363
-3155
-4403
-3471
-4451
-3719
-4443
-3843
-4467
-4183
-4447
-4403
-4399
-4579
-4463
-4867
-4391
-5059
-4427
-5367
-4399
-5587
-4379
-5827
-4455
-6055
-4459
-6347
-4395
-6523
-4383
-6811
-4347
-7063
-4431
-7323
-4323
-7471
-4435
-7779
-4455
-7991
-4471
-8223
-4435
-8523
-4427
-8739
-4375
-8983
-4435
-9171
-4427
-9387
-4363
-9707
-4427
-9915
-4475
-10139
-4379
-10363
-4475
-10627
-4467
-10939
-4435
-11067
-4459
-11307
-4387
-11611
-4443
-11875
-4355
-12139
-4395
-12371
-4475
-12547
-4395
-12851
-4379
-12987
-4419
-13291
-4451
-13523
-4355
-13827
-4451
-14003
-4419
-14299
-4363
-14475
-4387
-14699
-4443
-15019
-4427
-15171
-4459
-15403
-4475
-15715
-4371
-15995
-4387
-16147
-4459
-16435
-4427
-16667
-4355
-16907
-4451
-17179
-4475
-17435
-4451
-17651
-4459
-17883
-4395
-18051
-4427
-18267
-4435
-18507
-4459
-18875
-4611
109
-4683
-7
-4675
-383
-4635
-507
-4663
-747
-4699
-1107
-4635
-1291
-4703
-1499
-4659
-1687
-4703
-1931
-4643
-2199
-4559
-2427
-4615
-2739
-4631
-2967
-4599
-3195
-4623
-3387
-4631
-3643
-4675
-3875
-4687
-4091
-4651
-4387
-4627
-4595
-4655
-4879
-4647
-5059
-4679
-5371
-4691
-5643
-4663
-5859
-4675
-6027
-4651
-6235
-4631
-6543
-4687
-6859
-4595
-6999
-4631
-7239
-4663
-7491
-4647
-7747
-4707
-7947
-4651
-8275
-4679
-8463
-4659
-8655
-4555
-8907
-4707
-9231
-4651
-9491
-4611
-9747
-4707
-9947
-4595
-10211
-4627
-10395
-4603
-10595
-4715
-10939
-4691
-11123
-4699
-11427
-4699
-11595
-4619
-11811
-4699
-12123
-4667
-12307
-4691
-12523
-4707
-12835
-4667
-13059
-4675
-13355
-4699
-13515
-4627
-13811
-4707
-14051
-4643
-14291
-4691
-14443
-4675
-14747
-4715
-14971
-4651
-15251
-4707
-15483
-4587
-15739
-4595
-15891
-4611
-16203
-4715
-16347
-4595
-16651
-4611
-16899
-4627
-17171
-4587
-17387
-4635
-17587
-4587
-17811
-4611
-18043
-4619
-18275
-4595
-18619
-4683
-18843
-4931
133
-4843
-87
-4891
-363
-4923
-567
-4851
-775
-4835
-1051
-4871
-1291
-4859
-1563
-4915
-1787
-4843
-1975
-4911
-2287
-4795
-2467
-4891
-2715
-4951
-2899
-4955
-3195
-4935
-3419
-4919
-3699
-4895
-3967
-4855
-4187
-4831
-4335
-4827
-4579
-4927
-4923
-4847
-5135
-4835
-5355
-4891
-5611
-4891
-5835
-4883
-6027
-4895
-6367
-4891
-6571
-4931
-6783
-4807
-7083
-4871
-7211
-4859
-7467
-4923
-7755
-4875
-7975
-4895
-8279
-4839
-8527
-4931
-8739
-4943
-8999
-4875
-9191
-4907
-9415
-4899
-9739
-4875
-9907
-4875
-10179
-4883
-10387
-4915
-10587
-4899
-10891
-4859
-11083
-4875
-11315
-4867
-11619
-4915
-11787
-4915
-12083
-4883
-12299
-4907
-12611
-4923
-12803
-4891
-13011
-4947
-13283
-4891
-13507
-4883
-13827
-4923
-13955
-4923
-14315
-4843
-14555
-4931
-14667
-4899
-14955
-4867
-15235
-4931
-15491
-4891
-15683
-4915
-15867
-4955
-16123
-4899
-16459
-4947
-16667
-4859
-16875
-4899
-17115
-4915
-17315
-4875
-17635
-4955
-17843
-4891
-18043
-4867
-18299
-4835
-18571
-4923
-18835
-5155
117
-5131
-43
-5171
-355
-5163
-627
-5131
-751
-5175
-1003
-5087
-1219
-5075
-1539
-5079
-1775
-5043
-1999
-5067
-2279
-5123
-2435
-5155
-2659
-5115
-2915
-5119
-3179
-5167
-3395
-5047
-3699
-5179
-3887
-5123
-4163
-5119
-4327
-5171
-4695
-5159
-4871
-5039
-5123
-5111
-5287
-5127
-5539
-5103
-5871
-5127
-6051
-5171
-6299
-5139
-6567
-5187
-6819
-5183
-6979
-5147
-7235
-5091
-7539
-5147
-7775
-5091
-7979
-5039
-8271
-5039
-8471
-5083
-8671
-5159
-8947
-5119
-9171
-5147
-9395
-5139
-9691
-5099
-9947
-5195
-10211
-5179
-10443
-5171
-10691
-5187
-10907
-5107
-11155
-5179
-11419
-5107
-11651
-5187
-11843
-5131
-12059
-5123
-12299
-5083
-12619
-5163
-12803
-5091
-13067
-5163
-13227
-5171
-13547
-5171
-13835
-5139
-14019
-5171
-14275
-5179
-14459
-5107
-14675
-5131
-14931
-5163
-15163
-5067
-15403
-5179
-15683
-5099
-15899
-5083
-16147
-5115
-16379
-5179
-16611
-5163
-16899
-5187
-17195
-5179
-17363
-5163
-17619
-5123
-17843
-5179
-18067
-5123
-18339
-5187
-18595
-5179
-18819
-5323
133
-5427
-123
-5379
-371
-5371
-579
-5339
-791
-5419
-987
-5347
-1319
-5411
-1579
-5387
-1811
-5395
-2019
-5411
-2187
-5419
-2491
-5315
-2743
-5419
-2923
-5387
-3151
-5403
-3467
-5331
-3623
-5347
-3943
-5379
-4215
-5355
-4347
-5435
-4691
-5387
-4855
-5427
-5107
-5395
-5375
-5419
-5595
-5427
-5827
-5363
-6131
-5387
-6271
-5395
-6571
-5307
-6811
-5395
-7063
-5339
-7259
-5427
-7467
-5395
-7711
-5387
-7927
-5419
-8251
-5363
-8463
-5387
-8703
-5387
-8983
-5307
-9251
-5363
-9507
-5355
-9651
-5363
-9987
-5435
-10227
-5339
-10419
-5427
-10715
-5411
-10835
-5331
-11123
-5347
-11411
-5419
-11603
-5435
-11867
-5403
-12147
-5347
-12387
-5395
-12587
-5363
-12803
-5363
-13003
-5347
-13259
-5411
-13523
-5363
-13763
-5427
-14051
-5379
-14267
-5411
-14515
-5307
-14691
-5315
-14923
-5435
-15219
-5403
-15387
-5435
-15659
-5387
-15979
-5427
-16107
-5411
-16419
-5347
-16683
-5395
-16899
-5371
-17067
-5307
-17331
-5403
-17563
-5411
-17811
-5371
-18099
-5387
-18283
-5387
-18563
-5339
-18851
-5587
149
-5667
-123
-5579
-291
-5595
-539
-5571
-851
-5635
-1115
-5675
-1307
-5555
-1571
-5675
-1835
-5643
-1979
-5555
-2275
-5675
-2523
-5619
-2723
-5579
-2939
-5667
-3163
-5571
-3395
-5603
-3699
-5635
-3971
-5675
-4115
-5635
-4427
-5659
-4683
-5563
-4851
-5571
-5131
-5579
-5347
-5563
-5627
-5611
-5803
-5635
-6027
-5667
-6283
-5595
-6531
-5635
-6795
-5555
-7067
-5659
-7235
-5547
-7499
-5675
-7763
-5627
-8003
-5675
-8187
-5603
-8523
-5603
-8795
-5595
-8931
-5595
-9155
-5667
-9499
-5659
-9739
-5579
-9963
-5611
-10139
-5635
-10419
-5603
-10627
-5675
-10955
-5667
-11075
-5627
-11419
-5555
-11611
-5619
-11803
-5603
-12043
-5651
-12299
-5611
-12507
-5627
-12875
-5627
-13027
-5571
-13259
-5547
-13467
-5619
-13803
-5563
-14067
-5651
-14267
-5635
-14435
-5667
-14747
-5603
-15035
-5595
-15155
-5651
-15467
-5587
-15755
-5635
-15883
-5643
-16171
-5635
-16467
-5547
-16699
-5659
-16875
-5635
-17187
-5659
-17427
-5611
-17571
-5659
-17907
-5571
-18075
-5667
-18339
-5571
-18539
-5619
-18811
-5875
93
-5875
-115
-5875
-283
-5835
-627
-5883
-747
-5907
-987
-5843
-1235
-5803
-1547
-5883
-1819
-5883
-1979
-5859
-2259
-5891
-2475
-5891
-2683
-5907
-2955
-5835
-3203
-5843
-3419
-5843
-3715
-5883
-3891
-5907
-4163
-5899
-4467
-5787
-4627
-5899
-4875
-5883
-5179
-5811
-5355
-5891
-5627
-5899
-5907
-5827
-6091
-5899
-6291
-5827
-6515
-5915
-6795
-5875
-7099
-5795
-7259
-5795
-7595
-5795
-7835
-5835
-8051
-5819
-8203
-5851
-8499
-5891
-8787
-5883
-8995
-5899
-9163
-5915
-9411
-5795
-9635
-5867
-9867
-5795
-10131
-5907
-10363
-5875
-10683
-5795
-10827
-5835
-11171
-5827
-11379
-5915
-11611
-5819
-11907
-5867
-12059
-5803
-12363
-5915
-12571
-5867
-12827
-5883
-13091
-5883
-13283
-5787
-13571
-5843
-13739
-5835
-14011
-5795
-14195
-5787
-14539
-5915
-14691
-5899
-15027
-5915
-15243
-5899
-15411
-5827
-15707
-5851
-15947
-5787
-16187
-5859
-16475
-5899
-16715
-5843
-16851
-5907
-17131
-5907
-17339
-5811
-17651
-5907
-17819
-5891
-18155
-5867
-18331
-5843
-18571
-5891
-18867
-6059
117
-6147
-155
-6067
-339
-6083
-515
-6091
-851
-6083
-1003
-6131
-1355
-6075
-1555
-6091
-1763
-6147
-2011
-6123
-2187
-6107
-2515
-6115
-2675
-6067
-2995
-6131
-3251
-6131
-3459
-6027
-3651
-6115
-3907
-6131
-4203
-6139
-4379
-6107
-4635
-6107
-4859
-6131
-5155
-6107
-5371
-6059
-5611
-6091
-5811
-6091
-6083
-6083
-6355
-6107
-6595
-6131
-6867
-6115
-7011
-6027
-7331
-6123
-7563
-6155
-7827
-6139
-7971
-6115
-8315
-6139
-8515
-6123
-8739
-6123
-8947
-6115
-9275
-6123
-9427
-6051
-9643
-6051
-9931
-6147
-10123
-6147
-10475
-6027
-10699
-6155
-10867
-6123
-11187
-6139
-11315
-6067
-11651
-6131
-11907
-6099
-12099
-6147
-12371
-6075
-12571
-6027
-12755
-6139
-13027
-6107
-13243
-6139
-13475
-6027
-13739
-6043
-14043
-6147
-14307
-6115
-14523
-6091
-14675
-6043
-15027
-6051
-15211
-6035
-15467
-6043
-15651
-6075
-15891
-6131
-16139
-6147
-16467
-6091
-16627
-6107
-16915
-6123
-17179
-6107
-17315
-6147
-17619
-6155
-17843
-6051
-18099
-6099
-18315
-6083
-18611
-6115
-18835
-6387
149
-6323
-27
-6395
-315
-6355
-627
-6275
-771
-6371
-1115
-6363
-1243
-6379
-1475
-6355
-1715
-6387
-2027
-6355
-2259
-6267
-2515
-6299
-2683
-6387
-2923
-6371
-3155
-6387
-3515
-6395
-3739
-6395
-3995
-6323
-4115
-6355
-4459
-6315
-4619
-6355
-4859
-6307
-5131
-6379
-5347
-6387
-5587
-6315
-5907
-6323
-6043
-6371
-6323
-6371
-6531
-6315
-6795
-6323
-7067
-6339
-7243
-6339
-7467
-6371
-7811
-6355
-8011
-6339
-8219
-6395
-8523
-6371
-8795
-6355
-9035
-6371
-9251
-6331
-9491
-6331
-9747
-6371
-9963
-6395
-10179
-6275
-10379
-6395
-10635
-6307
-10851
-6363
-11195
-6355
-11331
-6315
-11643
-6363
-11867
-6291
-12139
-6387
-12323
-6315
-12603
-6371
-12763
-6395
-13043
-6395
-13251
-6275
-13563
-6283
-13827
-6371
-14019
-6355
-14315
-6347
-14523
-6331
-14699
-6379
-14931
-6275
-15195
-6339
-15419
-6307
-15675
-6379
-15867
-6299
-16179
-6267
-16427
-6275
-16651
-6387
-16915
-6307
-17107
-6339
-17387
-6331
-17587
-6315
-17891
-6387
-18083
-6355
-18275
-6347
-18635
-6307
-18859
-6571
109
-6563
-51
-6611
-299
-6523
-531
-6571
-811
-6611
-987
-6627
-1339
-6579
-1483
-6539
-1835
-6595
-1971
-6539
-2267
-6627
-2499
-6547
-2755
-6531
-3011
-6611
-3195
-6627
-3427
-6587
-3723
-6523
-3947
-6595
-4115
-6579
-4443
-6595
-4603
-6611
-4859
-6611
-5115
-6555
-5387
-6619
-5611
-6603
-5827
-6603
-6147
-6571
-6363
-6627
-6579
-6595
-6819
-6579
-7075
-6635
-7283
-6635
-7499
-6571
-7771
-6571
-7979
-6539
-8203
-6627
-8475
-6579
-8723
-6619
-8907
-6595
-9219
-6595
-9435
-6571
-9675
-6603
-9939
-6595
-10211
-6611
-10395
-6579
-10691
-6603
-10851
-6595
-11163
-6587
-11307
-6507
-11667
-6611
-11787
-6531
-12099
-6619
-12395
-6611
-12547
-6595
-12771
-6619
-13043
-6515
-13235
-6619
-13555
-6539
-13811
-6571
-14059
-6547
-14259
-6531
-14427
-6571
-14707
-6555
-14971
-6603
-15267
-6547
-15491
-6571
-15683
-6515
-15939
-6563
-16211
-6603
-16347
-6531
-16707
-6611
-16859
-6611
-17123
-6627
-17395
-6595
-17627
-6571
-17787
-6619
-18099
-6539
-18291
-6523
-18571
-6619
-18859
-6827
93
-6859
-75
-6819
-267
-6803
-635
-6851
-779
-6851
-987
-6811
-1323
-6875
-1507
-6771
-1811
-6835
-2059
-6835
-2299
-6787
-2475
-6859
-2747
-6803
-2971
-6771
-3235
-6819
-3387
-6851
-3691
-6771
-3907
-6803
-4155
-6851
-4419
-6803
-4619
-6843
-4955
-6867
-5195
-6875
-5411
-6779
-5555
-6867
-5843
-6875
-6147
-6755
-6355
-6843
-6515
-6803
-6747
-6755
-7059
-6827
-7251
-6859
-7563
-6811
-7723
-6819
-8019
-6779
-8283
-6787
-8507
-6747
-8683
-6755
-9035
-6803
-9227
-6819
-9395
-6867
-9691
-6803
-9891
-6763
-10115
-6867
-10387
-6867
-10635
-6867
-10955
-6779
-11115
-6827
-11363
-6819
-11579
-6859
-11803
-6867
-12099
-6779
-12331
-6803
-12539
-6755
-12851
-6859
-13075
-6779
-13243
-6859
-13547
-6851
-13827
-6779
-13947
-6875
-14211
-6859
-14491
-6755
-14675
-6867
-14971
-6811
-15251
-6835
-15467
-6851
-15659
-6803
-15875
-6747
-16163
-6843
-16435
-6867
-16683
-6843
-16907
-6771
-17139
-6787
-17323
-6755
-17675
-6787
-17851
-6811
-18083
-6843
-18379
-6755
-18619
-6811
-18811
-7027
93
-7011
-155
-7083
-283
-7019
-635
-6987
-851
-7003
-987
-7115
-1331
-7067
-1531
-7075
-1707
-7099
-1987
-7067
-2187
-7067
-2427
-7067
-2683
-7075
-2931
-7043
-3171
-7075
-3475
-7107
-3755
-7107
-3971
-7067
-4155
-7003
-4443
-7099
-4675
-7075
-4939
-7083
-5139
-7075
-5427
-7075
-5659
-7091
-5843
-7011
-6067
-7107
-6347
-7051
-6619
-7075
-6779
-7115
-7043
-7099
-7267
-7107
-7499
-6987
-7803
-7091
-8075
-7075
-8283
-7091
-8467
-7115
-8707
-7115
-8995
-7035
-9187
-7051
-9403
-7083
-9739
-7107
-9947
-7099
-10187
-7067
-10379
-6987
-10595
-7059
-10883
-7083
-11195
-7027
-11427
-7067
-11579
-7011
-11907
-6987
-12059
-7107
-12355
-7019
-12611
-7075
-12859
-7107
-13091
-7083
-13259
-7035
-13491
-7075
-13835
-7099
-14043
-7051
-14227
-7091
-14451
-7035
-14755
-7035
-14995
-7107
-15203
-7075
-15387
-7027
-15739
-7051
-15995
-7043
-16235
-7011
-16355
-7035
-16635
-7051
-16835
-7115
-17155
-7075
-17427
-7003
-17603
-7107
-17835
-7075
-18051
-7067
-18275
-7011
-18571
-7115
-18843
-7331
117
-7299
-35
-7331
-331
-7227
-563
-7323
-859
-7251
-1115
-7355
-1227
-7299
-1539
-7315
-1803
-7291
-2003
-7355
-2315
-7323
-2515
-7227
-2715
-7315
-2939
-7291
-3259
-7267
-3403
-7275
-3723
-7355
-3891
-7267
-4107
-7315
-4355
-7315
-4587
-7275
-4827
-7331
-5107
-7259
-5419
-7323
-5563
-7339
-5859
-7275
-6091
-7315
-6299
-7355
-6579
-7299
-6819
-7235
-7115
-7291
-7243
-7243
-7507
-7315
-7731
-7339
-7979
-7315
-8283
-7315
-8435
-7331
-8715
-7315
-9011
-7331
-9251
-7315
-9507
-7339
-9667
-7315
-9867
-7355
-10163
-7227
-10475
-7227
-10699
-7227
-10899
-7307
-11179
-7339
-11427
-7331
-11603
-7347
-11851
-7315
-12139
-7331
-12267
-7275
-12539
-7259
-12755
-7291
-13011
-7299
-13259
-7355
-13595
-7355
-13755
-7243
-13979
-7243
-14291
-7259
-14443
-7347
-14771
-7299
-14963
-7275
-15171
-7347
-15387
-7299
-15707
-7339
-15939
-7283
-16187
-7315
-16451
-7307
-16587
-7299
-16867
-7355
-17075
-7307
-17315
-7355
-17571
-7283
-17915
-7267
-18115
-7283
-18371
-7267
-18611
-7331
-18867
-7587
125
-7571
-51
-7571
-379
-7539
-627
-7523
-763
-7491
-1011
-7491
-1235
-7563
-1539
-7579
-1771
-7539
-2043
-7499
-2235
-7579
-2507
-7595
-2699
-7571
-2907
-7547
-3203
-7563
-3395
-7555
-3667
-7467
-3987
-7587
-4211
-7507
-4427
-7547
-4651
-7571
-4939
-7507
-5107
-7539
-5363
-7547
-5651
-7539
-5843
-7571
-6027
-7539
-6331
-7563
-6547
-7571
-6843
-7563
-7115
-7539
-7243
-7579
-7475
-7539
-7835
-7531
-7963
-7547
-8267
-7555
-8475
-7547
-8707
-7483
-9003
-7563
-9243
-7547
-9515
-7563
-9691
-7579
-9899
-7531
-10195
-7531
-10371
-7571
-10651
-7595
-10899
-7507
-11155
-7579
-11363
-7531
-11571
-7595
-11811
-7523
-12131
-7555
-12379
-7531
-12619
-7595
-12875
-7531
-13043
-7579
-13339
-7507
-13523
-7579
-13723
-7571
-14011
-7515
-14235
-7587
-14451
-7595
-14795
-7499
-14971
-7587
-15267
-7587
-15491
-7579
-15747
-7515
-15875
-7555
-16195
-7587
-16395
-7507
-16667
-7563
-16891
-7595
-17067
-7531
-17315
-7491
-17579
-7539
-17867
-7563
-18035
-7547
-18387
-7531
-18571
-7571
-18843
-7795
125
-7819
-99
-7779
-275
-7723
-587
-7747
-787
-7819
-1019
-7763
-1283
-7707
-1491
-7739
-1715
-7763
-1971
-7755
-2203
-7835
-2555
-7755
-2715
-7795
-2955
-7803
-3251
-7739
-3467
-7771
-3627
-7835
-3987
-7787
-4115
-7739
-4371
-7787
-4715
-7715
-4923
-7707
-5139
-7779
-5347
-7835
-5571
-7723
-5819
-7739
-6131
-7779
-6315
-7795
-6515
-7835
-6851
-7779
-7107
-7747
-7323
-7739
-7467
-7835
-7771
-7827
-7987
-7827
-8267
-7827
-8435
-7835
-8723
-7787
-8931
-7827
-9155
-7835
-9411
-7747
-9627
-7731
-9955
-7755
-10139
-7755
-10459
-7779
-10667
-7819
-10915
-7819
-11075
-7835
-11315
-7779
-11675
-7715
-11803
-7803
-12067
-7819
-12347
-7771
-12555
-7763
-12843
-7723
-13083
-7723
-13235
-7803
-13539
-7771
-13795
-7819
-14027
-7811
-14291
-7731
-14451
-7739
-14763
-7755
-15035
-7827
-15251
-7819
-15507
-7819
-15731
-7835
-15875
-7803
-16187
-7795
-16443
-7771
-16587
-7763
-16947
-7803
-17099
-7803
-17419
-7819
-17643
-7707
-17915
-7787
-18027
-7747
-18371
-7755
-18539
-7827
-18875
-8035
109
-8067
-67
-8035
-299
-8019
-587
-8067
-835
-8075
-995
-8075
-1355
-8067
-1547
-8075
-1787
-8019
-2003
-8075
-2203
-8051
-2491
-7971
-2787
-8059
-2979
-8051
-3227
-8067
-3443
-8035
-3707
-8075
-3947
-8067
-4179
-8027
-4387
-7979
-4651
-8067
-4955
-8075
-5163
-7971
-5379
-7971
-5667
-7979
-5795
-7963
-6043
-7955
-6299
-8043
-6619
-7963
-6835
-8011
-7091
-7995
-7347
-8075
-7547
-7971
-7803
-8003
-8075
-8011
-8235
-7995
-8427
-8019
-8675
-8075
-8979
-7963
-9187
-7955
-9451
-8035
-9699
-8059
-9867
-8003
-10187
-7979
-10443
-8003
-10651
-8051
-10931
-7955
-11067
-7987
-11435
-7979
-11563
-8075
-11787
-7955
-12059
-8075
-12323
-8059
-12635
-7971
-12771
-8027
-13099
-8059
-13299
-7963
-13515
-7955
-13827
-8059
-14027
-8075
-14283
-8043
-14547
-7987
-14731
-7971
-14907
-8075
-15267
-7971
-15411
-8043
-15627
-7987
-15995
-8019
-16115
-8027
-16387
-7979
-16587
-8059
-16875
-7947
-17107
-8059
-17411
-8067
-17547
-7979
-17891
-8035
-18123
-8059
-18323
-7963
-18619
-7947
-18819
-8299
109
-8267
-131
-8235
-275
-8291
-555
-8275
-843
-8315
-987
-8203
-1243
-8307
-1507
-8227
-1707
-8283
-1963
-8211
-2211
-8315
-2539
-8291
-2731
-8203
-3011
-8251
-3259
-8283
-3459
-8275
-3691
-8203
-3867
-8299
-4147
-8235
-4371
-8267
-4603
-8259
-4891
-8259
-5131
-8291
-5355
-8299
-5603
-8299
-5795
-8259
-6059
-8259
-6275
-8211
-6555
-8187
-6851
-8227
-7067
-8267
-7347
-8227
-7571
-8315
-7723
-8227
-8019
-8283
-8203
-8299
-8475
-8291
-8723
-8283
-8923
-8227
-9171
-8291
-9435
-8251
-9731
-8235
-9891
-8275
-10163
-8243
-10451
-8211
-10683
-8267
-10867
-8315
-11187
-8307
-11379
-8243
-11587
-8307
-11811
-8291
-12051
-8211
-12379
-8315
-12523
-8315
-12867
-8195
-13027
-8275
-13331
-8315
-13547
-8275
-13803
-8203
-14075
-8219
-14315
-8275
-14427
-8291
-14707
-8235
-15035
-8315
-15163
-8203
-15499
-8283
-15635
-8267
-15939
-8275
-16139
-8291
-16427
-8291
-16667
-8307
-16851
-8299
-17195
-8275
-17435
-8291
-17595
-8307
-17907
-8315
-18059
-8195
-18395
-8251
-18595
-8299
-18811
-8531
93
-8539
-115
-8515
-315
-8491
-603
-8555
-859
-8427
-1043
-8475
-1347
-8523
-1587
-8547
-1747
-8555
-1955
-8467
-2187
-8555
-2523
-8451
-2699
-8475
-2939
-8531
-3171
-8475
-3387
-8539
-3643
-8475
-3955
-8499
-4163
-8499
-4475
-8483
-4611
-8555
-4947
-8539
-5155
-8483
-5379
-8491
-5579
-8531
-5811
-8539
-6107
-8515
-6371
-8531
-6587
-8555
-6851
-8491
-6995
-8547
-7243
-8531
-7587
-8443
-7779
-8523
-8059
-8427
-8299
-8499
-8443
-8547
-8699
-8499
-8995
-8547
-9195
-8427
-9499
-8467
-9755
-8443
-9907
-8499
-10235
-8531
-10419
-8435
-10627
-8539
-10939
-8451
-11115
-8539
-11411
-8547
-11643
-8475
-11859
-8547
-12155
-8475
-12387
-8467
-12571
-8475
-12819
-8499
-13083
-8475
-13235
-8539
-13523
-8523
-13779
-8531
-14043
-8467
-14203
-8499
-14467
-8427
-14699
-8539
-14939
-8539
-15275
-8443
-15483
-8547
-15731
-8443
-15979
-8515
-16147
-8491
-16347
-8531
-16595
-8555
-16891
-8507
-17067
-8507
-17395
-8507
-17563
-8547
-17915
-8459
-18035
-8499
-18267
-8427
-18563
-8547
-18851
-8691
117
-8683
-27
-8787
-315
-8755
-571
-8731
-859
-8723
-995
-8723
-1275
-8747
-1547
-8755
-1715
-8667
-2043
-8675
-2187
-8723
-2435
-8715
-2667
-8683
-2915
-8795
-3267
-8779
-3403
-8755
-3635
-8667
-3891
-8771
-4171
-8747
-4379
-8715
-4627
-8787
-4859
-8787
-5139
-8739
-5363
-8699
-5579
-8667
-5851
-8763
-6091
-8795
-6387
-8739
-6563
-8731
-6811
-8763
-6995
-8771
-7291
-8683
-7483
-8675
-7707
-8747
-7987
-8739
-8235
-8707
-8467
-8747
-8707
-8739
-8987
-8691
-9275
-8715
-9483
-8707
-9691
-8723
-9979
-8739
-10115
-8787
-10403
-8771
-10699
-8787
-10835
-8675
-11075
-8691
-11387
-8771
-11571
-8675
-11883
-8675
-12115
-8707
-12331
-8787
-12611
-8723
-12835
-8787
-13083
-8755
-13355
-8779
-13587
-8779
-13779
-8739
-14019
-8675
-14219
-8667
-14523
-8707
-14723
-8683
-14963
-8739
-15267
-8795
-15475
-8707
-15707
-8779
-15899
-8787
-16171
-8771
-16427
-8707
-16675
-8667
-16851
-8795
-17091
-8795
-17315
-8787
-17555
-8683
-17899
-8699
-18091
-8795
-18267
-8731
-18515
-8731
-18819
-9011
125
-8939
-139
-8995
-283
-9011
-571
-8971
-755
-8931
-1011
-9011
-1323
-8955
-1515
-8963
-1707
-8987
-1963
-8995
-2195
-9035
-2459
-8995
-2707
-9027
-3011
-9011
-3171
-8987
-3491
-8963
-3715
-8955
-3963
-9035
-4195
-9027
-4395
-9019
-4643
-9035
-4899
-9003
-5075
-8907
-5387
-9003
-5619
-9035
-5819
-8979
-6099
-8955
-6323
-8979
-6595
-8939
-6795
-8931
-7099
-9019
-7283
-9011
-7531
-8955
-7731
-8947
-8051
-8971
-8275
-8987
-8451
-9011
-8699
-9035
-9027
-8971
-9267
-8995
-9515
-9011
-9691
-8979
-9995
-8995
-10115
-8963
-10363
-8931
-10683
-8931
-10883
-9035
-11091
-8947
-11363
-9011
-11675
-8995
-11891
-8923
-12107
-9003
-12347
-8963
-12627
-8923
-12747
-8963
-13083
-9019
-13315
-8907
-13523
-8995
-13755
-8915
-14003
-9003
-14259
-9003
-14443
-9027
-14787
-9035
-14907
-9019
-15235
-8963
-15427
-9019
-15731
-9011
-15915
-8939
-16107
-8995
-16403
-8931
-16707
-8971
-16907
-8995
-17195
-8987
-17403
-8979
-17587
-8979
-17915
-9019
-18027
-8955
-18315
-8955
-18523
-8963
-18835
-9251
85
-9267
-139
-9259
-275
-9267
-611
-9251
-755
-9243
-1043
-9243
-1267
-9243
-1539
-9195
-1827
-9235
-1947
-9243
-2299
-9267
-2467
-9251
-2739
-9187
-3027
-9227
-3267
-9163
-3419
-9267
-3723
-9187
-3907
-9171
-4123
-9179
-4451
-9275
-4587
-9203
-4915
-9235
-5083
-9235
-5371
-9155
-5651
-9227
-5787
-9171
-6043
-9227
-6315
-9259
-6571
-9195
-6803
-9259
-7067
-9147
-7299
-9155
-7523
-9179
-7811
-9227
-7987
-9267
-8187
-9267
-8451
-9147
-8747
-9187
-8963
-9235
-9259
-9179
-9515
-9267
-9675
-9227
-9971
-9235
-10115
-9203
-10371
-9259
-10715
-9227
-10891
-9155
-11171
-9179
-11347
-9171
-11555
-9259
-11795
-9187
-12035
-9243
-12395
-9211
-12515
-9211
-12819
-9211
-13099
-9203
-13339
-9195
-13491
-9267
-13707
-9219
-14043
-9259
-14187
-9235
-14523
-9267
-14715
-9155
-15027
-9259
-15147
-9171
-15427
-9275
-15747
-9275
-15923
-9171
-16227
-9203
-16411
-9259
-16611
-9235
-16843
-9275
-17123
-9275
-17427
-9219
-17611
-9275
-17851
-9187
-18139
-9243
-18379
-9275
-18611
-9251
-18875
-9387
125
-9435
-99
-9507
-387
-9467
-595
-9419
-819
-9443
-1107
-9451
-1315
-9467
-1563
-9499
-1715
-9451
-1971
-9419
-2259
-9483
-2523
-9491
-2787
-9499
-2947
-9459
-3211
-9443
-3491
-9403
-3691
-9515
-3915
-9435
-4107
-9467
-4435
-9443
-4651
-9403
-4931
-9459
-5107
-9491
-5339
-9491
-5635
-9467
-5891
-9459
-6115
-9387
-6379
-9507
-6523
-9419
-6795
-9451
-7115
-9419
-7323
-9499
-7467
-9475
-7715
-9491
-7971
-9515
-8275
-9515
-8435
-9387
-8699
-9403
-8923
-9507
-9275
-9475
-9475
-9451
-9643
-9483
-9971
-9451
-10179
-9411
-10443
-9515
-10619
-9419
-10931
-9411
-11075
-9475
-11411
-9475
-11571
-9395
-11875
-9515
-12131
-9459
-12315
-9467
-12603
-9491
-12835
-9435
-13107
-9491
-13259
-9499
-13579
-9499
-13819
-9507
-14067
-9435
-14187
-9483
-14539
-9459
-14699
-9459
-14995
-9515
-15219
-9395
-15467
-9515
-15659
-9491
-15931
-9427
-16219
-9427
-16379
-9427
-16587
-9427
-16907
-9515
-17123
-9507
-17323
-9419
-17571
-9507
-17795
-9467
-18155
-9467
-18275
-9403
-18595
-9419
-18851
-9667
101
-9731
-35
-9723
-387
-9755
-619
-9683
-851
-9755
-1043
-9747
-1331
-9691
-1587
-9755
-1811
-9731
-2035
-9715
-2187
-9643
-2451
-9659
-2691
-9739
-3019
-9683
-3251
-9699
-3475
-9755
-3643
-9699
-3899
-9723
-4219
-9699
-4475
-9699
-4715
-9723
-4923
-9667
-5163
-9755
-5307
-9731
-5587
-9731
-5915
-9723
-6147
-9747
-6267
-9707
-6571
-9739
-6843
-9755
-7003
-9715
-7307
-9635
-7555
-9715
-7707
-9707
-8051
-9755
-8203
-9747
-8483
-9707
-8715
-9723
-8947
-9739
-9227
-9731
-9507
-9755
-9635
-9699
-9987
-9667
-10227
-9707
-10403
-9683
-10667
-9651
-10867
-9707
-11155
-9691
-11331
-9747
-11547
-9723
-11907
-9715
-12123
-9707
-12283
-9667
-12611
-9683
-12835
-9699
-13043
-9667
-13267
-9707
-13571
-9643
-13747
-9691
-13995
-9747
-14251
-9707
-14507
-9739
-14715
-9707
-15011
-9731
-15235
-9739
-15499
-9691
-15691
-9691
-15883
-9723
-16179
-9731
-16427
-9667
-16611
-9723
-16907
-9659
-17179
-9643
-17323
-9699
-17643
-9723
-17899
-9651
-18139
-9715
-18339
-9723
-18555
-9651
-18843
-9955
133
-9907
-51
-9963
-387
-9987
-531
-9891
-811
-9955
-1011
-9963
-1355
-9947
-1507
-9923
-1755
-9923
-1987
-9947
-2219
-9915
-2435
-9867
-2707
-9979
-3027
-9995
-3211
-9963
-3467
-9971
-3723
-9875
-3867
-9923
-4235
-9939
-4467
-9995
-4611
-9979
-4843
-9963
-5171
-9947
-5355
-9947
-5651
-9939
-5867
-9995
-6131
-9899
-6355
-9867
-6603
-9875
-6859
-9947
-7075
-9979
-7315
-9979
-7499
-9963
-7715
-9923
-7979
-9907
-8211
-9963
-8435
-9995
-8715
-9971
-8947
-9931
-9219
-9939
-9419
-9923
-9707
-9947
-9907
-9955
-10163
-9987
-10467
-9995
-10715
-9995
-10867
-9899
-11123
-9955
-11331
-9971
-11547
-9907
-11803
-9891
-12107
-9915
-12299
-9931
-12507
-9971
-12747
-9939
-13099
-9939
-13339
-9971
-13547
-9939
-13787
-9955
-13963
-9883
-14243
-9955
-14539
-9955
-14731
-9899
-14931
-9915
-15235
-9971
-15467
-9995
-15747
-9963
-15923
-9915
-16219
-9979
-16443
-9955
-16691
-9875
-16867
-9867
-17099
-9987
-17339
-9971
-17619
-9971
-17819
-9955
-18131
-9891
-18355
-9987
-18587
-9931
-18827
-10179
93
-10171
-115
-10179
-307
-10187
-563
-10235
-779
-10147
-1115
-10171
-1267
-10203
-1563
-10155
-1779
-10203
-1963
-10227
-2235
-10139
-2443
-10163
-2667
-10211
-2947
-10203
-3171
-10131
-3483
-10171
-3723
-10235
-3867
-10163
-4179
-10227
-4387
-10171
-4603
-10227
-4867
-10163
-5115
-10171
-5387
-10219
-5603
-10211
-5883
-10227
-6051
-10227
-6395
-10171
-6635
-10227
-6835
-10139
-7115
-10219
-7267
-10195
-7475
-10235
-7787
-10139
-8051
-10179
-8259
-10219
-8523
-10155
-8691
-10219
-9011
-10219
-9275
-10227
-9435
-10123
-9675
-10147
-9971
-10179
-10123
-10139
-10371
-10147
-10659
-10203
-10859
-10187
-11171
-10107
-11355
-10179
-11563
-10147
-11795
-10179
-12107
-10147
-12395
-10115
-12555
-10139
-12851
-10235
-13035
-10227
-13315
-10219
-13515
-10179
-13739
-10123
-13947
-10203
-14235
-10227
-14547
-10235
-14795
-10171
-14955
-10171
-15211
-10115
-15411
-10227
-15755
-10147
-15995
-10107
-16107
-10139
-16427
-10203
-16715
-10195
-16883
-10179
-17187
-10187
-17347
-10235
-17619
-10235
-17827
-10227
-18139
-10235
-18379
-10187
-18515
-10131
-18819
-10419
93
-10459
-107
-10443
-307
-10467
-619
-10443
-835
-10419
-1019
-10451
-1323
-10443
-1467
-10467
-1787
-10467
-2019
-10411
-2211
-10459
-2467
-10475
-2731
-10467
-3027
-10427
-3267
-10435
-3491
-10411
-3747
-10475
-3915
-10451
-4123
-10451
-4379
-10435
-4699
-10419
-4859
-10475
-5155
-10435
-5323
-10443
-5611
-10443
-5811
-10443
-6059
-10451
-6355
-10451
-6579
-10467
-6811
-10443
-7059
-10443
-7307
-10451
-7571
-10419
-7819
-10419
-8067
-10427
-8195
-10475
-8459
-10451
-8763
-10419
-8979
-10459
-9163
-10419
-9443
-10475
-9739
-10451
-9867
-10459
-10163
-10419
-10411
-10443
-10635
-10475
-10891
-10411
-11107
-10467
-11403
-10443
-11587
-10443
-11859
-10411
-12091
-10467
-12355
-10467
-12531
-10435
-12867
-10443
-13107
-10467
-13251
-10419
-13539
-10443
-13707
-10443
-14059
-10459
-14307
-10475
-14435
-10451
-14731
-10475
-14939
-10427
-15219
-10451
-15419
-10475
-15627
-10459
-15939
-10419
-16115
-10427
-16371
-10411
-16707
-10451
-16859
-10419
-17091
-10467
-17331
-10459
-17627
-10475
-17883
-10451
-18155
-10467
-18299
-10427
-18579
-10459
-18827
