101
212
500
-43
175
-343
508
-499
313
-785
159
-1065
398
-1293
134
-1499
394
-1697
457
-2027
284
-2228
437
-2539
137
-2765
159
-2987
263
-3193
527
-3431
269
-3715
193
-3885
177
-4113
359
-4367
111
-4583
93
-4899
109
-5095
133
-5295
85
-5539
117
-5915
133
-6095
125
-6323
85
-6539
133
-6847
125
-7079
149
-7335
85
-7467
125
-7723
149
-7975
117
-8215
125
-8427
141
-8767
141
-8983
125
-9199
125
-9463
93
-9651
117
-9995
109
-10155
93
-10403
109
-10667
141
-10915
85
-11123
141
-11363
93
-11611
133
-11891
101
-12035
117
-12355
149
-12571
141
-12859
85
-13035
85
-13339
141
-13595
117
-13787
109
-13995
149
-14307
117
-14555
93
-14699
149
-15019
133
-15147
109
-15427
93
-15723
117
-15979
117
-16171
85
-16371
141
-16667
141
-16915
133
-17155
101
-17331
117
-17659
125
-17811
101
-18115
149
-18387
133
-18611
101
-18827
-143
502
-36
-72
-99
-285
-99
-509
6
-812
-89
-987
-115
-1322
-125
-1523
-75
-1705
-54
-2026
-128
-2186
-47
-2511
-47
-2651
-119
-2903
-31
-3183
-91
-3407
-83
-3613
-139
-3887
-125
-4099
-137
-4325
-65
-4583
-99
-4815
-91
-5163
-11
-5379
-131
-5611
-63
-5887
-123
-6011
-119
-6275
-123
-6615
-111
-6803
-39
-7083
-35
-7227
-31
-7527
-63
-7779
-23
-7971
-115
-8199
-79
-8515
-75
-8687
-83
-8895
-135
-9115
-91
-9483
-131
-9747
-99
-9955
-83
-10187
-27
-10427
-155
-10651
-139
-10899
-43
-11139
-67
-11363
-123
-11659
-123
-11867
-43
-12027
-67
-12315
-67
-12547
-27
-12779
-139
-13067
-131
-13283
-139
-13539
-83
-13811
-107
-13979
-83
-14299
-139
-14531
-51
-14691
-123
-15019
-75
-15163
-147
-15499
-131
-15747
-147
-15995
-147
-16131
-147
-16443
-83
-16635
-139
-16875
-115
-17083
-139
-17419
-75
-17547
-35
-17859
-147
-18107
-147
-18371
-131
-18555
-115
-18859
-371
378
-355
-138
-347
-290
-265
-595
-301
-747
-363
-1063
-373
-1273
-327
-1462
-271
-1830
-369
-1927
-358
-2221
-367
-2463
-357
-2691
-395
-2967
-287
-3137
-259
-3463
-389
-3617
-389
-3947
-323
-4145
-375
-4375
-269
-4627
-275
-4927
-343
-5087
-383
-5419
-339
-5539
-363
-5811
-327
-6119
-287
-6335
-283
-6547
-287
-6847
-299
-7059
-391
-7231
-319
-7499
-295
-7751
-307
-7971
-343
-8259
-367
-8547
-303
-8699
-355
-8899
-299
-9195
-383
-9499
-387
-9691
-363
-9867
-307
-10187
-363
-10363
-355
-10611
-387
-10843
-315
-11139
-275
-11307
-315
-11627
-355
-11891
-339
-12147
-379
-12315
-283
-12547
-283
-12859
-339
-12995
-347
-13227
-339
-13483
-363
-13763
-275
-14051
-291
-14195
-283
-14547
-323
-14707
-339
-14923
-395
-15267
-379
-15451
-387
-15683
-371
-15971
-331
-16203
-363
-16467
-387
-16643
-379
-16843
-275
-17123
-323
-17331
-395
-17563
-379
-17843
-347
-18107
-291
-18339
-323
-18555
-307
-18827
-503
1993
-553
-61
-553
-339
-515
-597
-605
-796
-481
-1061
-503
-1219
-607
-1527
-603
-1745
-531
-1936
-558
-2248
-555
-2425
-539
-2649
-529
-2979
-585
-3139
-619
-3473
-529
-3669
-561
-3869
-611
-4149
-555
-4435
-587
-4587
-607
-4811
-575
-5107
-567
-5347
-611
-5607
-587
-5867
-591
-6099
-487
-6383
-607
-6515
-539
-6751
-575
-7079
-483
-7303
-587
-7507
-599
-7767
-631
-8055
-575
-8183
-599
-8451
-587
-8755
-507
-8995
-587
-9163
-599
-9383
-635
-9683
-539
-9971
-627
-10219
-619
-10363
-635
-10707
-603
-10907
-531
-11115
-563
-11379
-603
-11651
-563
-11787
-531
-12075
-531
-12395
-531
-12587
-603
-12843
-627
-13003
-563
-13291
-603
-13475
-635
-13803
-619
-14003
-619
-14259
-619
-14467
-563
-14755
-531
-15011
-595
-15219
-603
-15403
-635
-15635
-635
-15915
-603
-16107
-539
-16419
-587
-16611
-635
-16827
-635
-17131
-603
-17315
-587
-17571
-627
-17883
-587
-18051
-531
-18363
-539
-18571
-595
-18811
-759
978
-810
-105
-869
-283
-741
-505
-854
-821
-863
-1089
-781
-1277
-794
-1586
-826
-1712
-817
-2061
-834
-2194
-751
-2463
-787
-2761
-833
-3015
-747
-3133
-759
-3443
-767
-3637
-795
-3887
-851
-4207
-827
-4415
-737
-4691
-743
-4911
-775
-5079
-843
-5335
-835
-5615
-795
-5879
-727
-6135
-787
-6371
-747
-6499
-759
-6819
-855
-6979
-867
-7227
-859
-7523
-871
-7775
-799
-8019
-839
-8155
-823
-8511
-779
-8735
-775
-9023
-859
-9215
-835
-9499
-819
-9683
-795
-9907
-835
-10131
-763
-10355
-787
-10643
-835
-10931
-875
-11179
-827
-11411
-851
-11667
-867
-11803
-819
-12139
-787
-12363
-779
-12555
-827
-12779
-835
-13043
-755
-13355
-803
-13475
-859
-13739
-867
-13979
-875
-14283
-771
-14555
-867
-14771
-875
-14971
-875
-15203
-859
-15451
-755
-15699
-851
-15947
-875
-16123
-747
-16475
-843
-16611
-795
-16851
-859
-17067
-827
-17395
-851
-17619
-803
-17875
-851
-18131
-795
-18283
-771
-18595
-763
-18875
-1083
975
-1023
-81
-1026
-271
-1031
-601
-969
-807
-1073
-1090
-1060
-1272
-1082
-1544
-1067
-1765
-1067
-2009
-966
-2210
-1011
-2419
-1073
-2715
-1019
-2907
-1043
-3119
-1063
-3427
-1083
-3703
-1079
-3913
-1025
-4151
-1039
-4453
-1029
-4565
-1103
-4907
-1051
-5107
-1099
-5339
-1063
-5595
-1087
-5891
-1079
-6059
-1099
-6263
-1079
-6595
-999
-6771
-1091
-6963
-1027
-7319
-1011
-7475
-1035
-7819
-1051
-7987
-1071
-8199
-1043
-8451
-1059
-8699
-1083
-8963
-1091
-9195
-1087
-9387
-1115
-9659
-1035
-9899
-995
-10211
-1091
-10475
-1091
-10699
-1043
-10883
-1003
-11179
-1107
-11427
-1115
-11619
-1075
-11811
-1107
-12051
-987
-12355
-1043
-12603
-1107
-12803
-987
-13091
-1035
-13243
-1099
-13547
-1027
-13827
-1099
-14051
-1043
-14275
-1107
-14547
-1115
-14667
-1067
-14915
-1059
-15195
-1091
-15443
-1083
-15691
-1091
-15899
-1083
-16115
-1067
-16427
-1051
-16715
-1067
-16875
-1107
-17163
-1051
-17331
-1035
-17651
-987
-17907
-1107
-18059
-987
-18331
-1115
-18635
-1059
-18811
-1275
1589
-1285
-103
-1258
-279
-1219
-514
-1221
-730
-1243
-1030
-1323
-1303
-1295
-1568
-1298
-1779
-1276
-1983
-1239
-2171
-1303
-2437
-1283
-2711
-1281
-2991
-1217
-3235
-1305
-3363
-1255
-3723
-1273
-3939
-1285
-4201
-1307
-4411
-1235
-4589
-1323
-4919
-1219
-5147
-1235
-5351
-1319
-5587
-1351
-5859
-1319
-6035
-1259
-6319
-1247
-6499
-1323
-6795
-1239
-7071
-1211
-7331
-1267
-7459
-1291
-7783
-1243
-7947
-1307
-8243
-1347
-8519
-1267
-8647
-1291
-8947
-1295
-9259
-1299
-9507
-1299
-9739
-1299
-9899
-1331
-10235
-1355
-10443
-1243
-10659
-1235
-10835
-1355
-11195
-1275
-11419
-1355
-11603
-1347
-11883
-1267
-12147
-1339
-12339
-1275
-12635
-1291
-12827
-1355
-13083
-1323
-13275
-1339
-13499
-1299
-13779
-1299
-14035
-1307
-14251
-1347
-14491
-1299
-14723
-1331
-15035
-1243
-15235
-1235
-15419
-1275
-15747
-1299
-15963
-1251
-16147
-1299
-16411
-1267
-16643
-1315
-16931
-1243
-17099
-1307
-17435
-1307
-17659
-1267
-17907
-1259
-18067
-1259
-18275
-1323
-18563
-1323
-18835
-1563
887
-1565
-101
-1527
-319
-1543
-589
-1565
-775
-1483
-1007
-1559
-1275
-1499
-1499
-1551
-1719
-1535
-1959
-1495
-2267
-1523
-2459
-1547
-2771
-1571
-2891
-1567
-3229
-1521
-3479
-1555
-3729
-1465
-3907
-1527
-4119
-1473
-4459
-1469
-4691
-1495
-4851
-1551
-5099
-1523
-5367
-1503
-5515
-1515
-5791
-1503
-6091
-1471
-6243
-1499
-6583
-1459
-6847
-1583
-7043
-1563
-7267
-1511
-7563
-1491
-7727
-1495
-8051
-1475
-8291
-1591
-8487
-1547
-8687
-1559
-8991
-1503
-9247
-1527
-9383
-1595
-9699
-1531
-9963
-1531
-10179
-1587
-10435
-1555
-10691
-1507
-10835
-1467
-11139
-1539
-11427
-1579
-11659
-1539
-11811
-1571
-12067
-1515
-12347
-1579
-12571
-1515
-12755
-1595
-13091
-1571
-13347
-1571
-13499
-1595
-13811
-1571
-14051
-1571
-14187
-1587
-14467
-1587
-14723
-1515
-15019
-1595
-15155
-1491
-15483
-1475
-15643
-1515
-15899
-1587
-16235
-1539
-16459
-1563
-16659
-1595
-16827
-1499
-17083
-1547
-17371
-1563
-17611
-1563
-17907
-1595
-18035
-1579
-18355
-1579
-18515
-1507
-18867
-1811
1081
-1805
-125
-1803
-245
-1815
-529
-1737
-783
-1763
-989
-1745
-1301
-1787
-1495
-1775
-1799
-1821
-1941
-1819
-2283
-1727
-2429
-1789
-2711
-1779
-2933
-1825
-3147
-1801
-3463
-1731
-3731
-1719
-3875
-1771
-4119
-1747
-4433
-1677
-4605
-1699
-4939
-1819
-5163
-1763
-5355
-1783
-5563
-1791
-5827
-1727
-6119
-1723
-6267
-1735
-6587
-1703
-6747
-1687
-7063
-1779
-7275
-1759
-7519
-1683
-7803
-1699
-7955
-1767
-8243
-1723
-8499
-1783
-8663
-1771
-8891
-1799
-9175
-1791
-9375
-1755
-9643
-1771
-9947
-1819
-10131
-1755
-10403
-1779
-10635
-1771
-10875
-1771
-11075
-1827
-11427
-1795
-11643
-1763
-11851
-1779
-12123
-1731
-12267
-1739
-12563
-1763
-12819
-1731
-13027
-1803
-13291
-1755
-13571
-1795
-13803
-1787
-14003
-1819
-14235
-1803
-14451
-1747
-14787
-1827
-14979
-1803
-15211
-1835
-15515
-1827
-15675
-1731
-15939
-1787
-16163
-1723
-16459
-1763
-16587
-1755
-16915
-1715
-17171
-1771
-17379
-1707
-17595
-1811
-17843
-1715
-18099
-1811
-18371
-1811
-18635
-1779
-18859
-1943
321
-2027
-53
-1955
-325
-2017
-571
-2019
-799
-2035
-1073
-2059
-1279
-2003
-1513
-2045
-1747
-1933
-2001
-2021
-2303
-1983
-2519
-2057
-2671
-2051
-2983
-1997
-3199
-1971
-3371
-2039
-3651
-2019
-3835
-1977
-4151
-2059
-4467
-2043
-4657
-2031
-4847
-1939
-5159
-2047
-5323
-2075
-5579
-2039
-5795
-2019
-6091
-2019
-6291
-2047
-6587
-2015
-6767
-2027
-6995
-2019
-7327
-2051
-7563
-2031
-7803
-2063
-7999
-1935
-8283
-2059
-8495
-2011
-8763
-2003
-8943
-2043
-9223
-1971
-9435
-1979
-9691
-2075
-9923
-2051
-10147
-2027
-10371
-2011
-10603
-2027
-10947
-2059
-11139
-2019
-11387
-1971
-11635
-1979
-11851
-1979
-12083
-2027
-12363
-1955
-12587
-2043
-12755
-2075
-12995
-2051
-13323
-2011
-13491
-2011
-13803
-2075
-14027
-2035
-14315
-2019
-14451
-2043
-14667
-1971
-14939
-1987
-15251
-2051
-15459
-1979
-15627
-2067
-15947
-2043
-16139
-2003
-16387
-2019
-16627
-2003
-16947
-2059
-17195
-1963
-17403
-2075
-17651
-2067
-17843
-1947
-18131
-2019
-18371
-2043
-18531
-1979
-18835
-2187
155
-2247
-19
-2273
-333
-2215
-517
-2239
-859
-2289
-1029
-2167
-1287
-2277
-1471
-2287
-1785
-2197
-1933
-2187
-2183
-2293
-2435
-2259
-2679
-2289
-3015
-2237
-3219
-2235
-3351
-2259
-3737
-2203
-3857
-2207
-4217
-2251
-4431
-2291
-4637
-2215
-4891
-2243
-5067
-2275
-5419
-2179
-5531
-2191
-5863
-2279
-6127
-2259
-6355
-2271
-6567
-2247
-6771
-2247
-7071
-2243
-7259
-2207
-7515
-2311
-7831
-2283
-7995
-2207
-8243
-2231
-8499
-2183
-8731
-2171
-8963
-2299
-9251
-2219
-9375
-2235
-9675
-2307
-9979
-2259
-10107
-2299
-10411
-2203
-10659
-2211
-10835
-2259
-11139
-2267
-11355
-2235
-11667
-2243
-11803
-2275
-12083
-2211
-12315
-2259
-12563
-2275
-12747
-2291
-13011
-2187
-13259
-2315
-13539
-2187
-13835
-2219
-14011
-2243
-14283
-2211
-14483
-2227
-14755
-2259
-14947
-2267
-15187
-2275
-15467
-2243
-15667
-2307
-15899
-2203
-16171
-2235
-16395
-2227
-16595
-2283
-16947
-2275
-17155
-2307
-17347
-2299
-17571
-2251
-17803
-2315
-18139
-2227
-18347
-2251
-18619
-2315
-18859
-2499
615
-2495
-35
-2395
-347
-2523
-527
-2499
-773
-2519
-975
-2425
-1281
-2517
-1571
-2491
-1829
-2501
-2039
-2495
-2309
-2537
-2489
-2547
-2703
-2531
-2941
-2431
-3169
-2483
-3415
-2519
-3691
-2519
-3887
-2529
-4171
-2535
-4439
-2443
-4675
-2435
-4927
-2415
-5099
-2543
-5335
-2539
-5539
-2519
-5855
-2475
-6027
-2515
-6315
-2539
-6499
-2467
-6739
-2431
-7107
-2427
-7271
-2487
-7467
-2543
-7771
-2471
-8055
-2427
-8211
-2531
-8491
-2547
-8787
-2455
-8903
-2459
-9263
-2515
-9395
-2491
-9723
-2483
-9875
-2555
-10139
-2555
-10459
-2507
-10611
-2539
-10955
-2539
-11091
-2451
-11315
-2555
-11571
-2547
-11875
-2459
-12075
-2523
-12363
-2475
-12547
-2515
-12875
-2515
-13051
-2467
-13323
-2467
-13523
-2555
-13731
-2475
-13987
-2451
-14187
-2499
-14499
-2483
-14715
-2523
-14939
-2539
-15195
-2547
-15435
-2547
-15699
-2435
-15875
-2547
-16163
-2539
-16363
-2547
-16675
-2467
-16947
-2531
-17179
-2459
-17323
-2515
-17643
-2475
-17827
-2507
-18051
-2531
-18347
-2531
-18523
-2499
-18867
-2659
457
-2751
-99
-2715
-355
-2763
-591
-2727
-803
-2691
-1003
-2763
-1295
-2735
-1451
-2787
-1827
-2751
-2019
-2667
-2285
-2663
-2455
-2719
-2723
-2695
-2991
-2735
-3163
-2699
-3439
-2655
-3707
-2727
-3863
-2643
-4127
-2667
-4439
-2755
-4595
-2791
-4855
-2651
-5139
-2787
-5395
-2723
-5655
-2767
-5811
-2731
-6043
-2735
-6339
-2739
-6475
-2723
-6771
-2731
-7095
-2751
-7299
-2723
-7471
-2699
-7739
-2795
-7979
-2683
-8207
-2663
-8451
-2771
-8647
-2691
-8995
-2719
-9175
-2651
-9459
-2795
-9659
-2675
-9891
-2755
-10171
-2715
-10459
-2747
-10651
-2787
-10859
-2747
-11067
-2683
-11403
-2723
-11667
-2723
-11883
-2699
-12059
-2675
-12267
-2771
-12619
-2715
-12747
-2787
-13043
-2715
-13291
-2747
-13507
-2699
-13747
-2667
-13947
-2795
-14227
-2763
-14475
-2675
-14763
-2771
-14987
-2787
-15187
-2715
-15443
-2675
-15715
-2675
-15939
-2715
-16203
-2747
-16363
-2683
-16611
-2787
-16883
-2675
-17155
-2739
-17419
-2723
-17667
-2755
-17811
-2755
-18035
-2787
-18331
-2731
-18627
-2675
-18827
-2911
85
-2939
-63
-2983
-323
-2955
-511
-2931
-815
-2919
-1027
-2991
-1327
-2963
-1455
-2999
-1739
-2971
-2015
-3035
-2239
-2955
-2539
-2967
-2667
-3011
-2919
-2975
-3231
-3011
-3375
-2935
-3619
-2967
-3887
-2975
-4091
-2959
-4419
-2927
-4619
-2939
-4951
-2947
-5135
-2939
-5347
-3019
-5563
-2907
-5831
-2991
-6019
-2947
-6283
-2903
-6591
-2987
-6839
-2939
-6995
-2935
-7327
-2971
-7523
-3019
-7811
-2947
-7999
-2923
-8215
-2987
-8543
-3007
-8763
-2939
-8987
-2963
-9203
-2923
-9379
-2923
-9755
-2931
-9995
-2939
-10155
-2955
-10435
-2995
-10715
-2987
-10835
-3003
-11067
-2971
-11323
-3011
-11635
-2923
-11899
-2915
-12027
-2995
-12299
-2939
-12531
-3011
-12819
-3027
-13051
-3035
-13235
-3011
-13475
-3003
-13763
-3027
-13979
-2995
-14267
-3027
-14515
-3011
-14739
-3019
-15027
-3003
-15251
-2955
-15443
-2963
-15747
-3011
-15987
-3003
-16171
-2987
-16475
-3011
-16595
-2939
-16883
-2955
-17099
-3027
-17331
-2955
-17571
-3011
-17795
-3011
-18083
-2995
-18331
-3003
-18627
-3027
-18819
-3151
85
-3267
-39
-3179
-319
-3235
-587
-3219
-819
-3207
-995
-3143
-1295
-3203
-1491
-3263
-1691
-3151
-1979
-3247
-2227
-3259
-2419
-3211
-2667
-3219
-2907
-3251
-3179
-3207
-3483
-3255
-3667
-3175
-3855
-3251
-4147
-3191
-4315
-3211
-4715
-3179
-4947
-3219
-5111
-3259
-5327
-3171
-5639
-3179
-5867
-3187
-6131
-3215
-6315
-3147
-6595
-3239
-6735
-3219
-7047
-3263
-7323
-3167
-7459
-3247
-7787
-3255
-7943
-3135
-8203
-3243
-8451
-3175
-8695
-3227
-8971
-3223
-9127
-3187
-9471
-3211
-9683
-3235
-9979
-3267
-10171
-3251
-10451
-3203
-10667
-3251
-10955
-3227
-11099
-3219
-11371
-3259
-11587
-3235
-11803
-3203
-12059
-3227
-12291
-3179
-12587
-3179
-12763
-3243
-12995
-3251
-13251
-3171
-13475
-3171
-13803
-3187
-14075
-3155
-14195
-3275
-14515
-3235
-14723
-3219
-14947
-3235
-15243
-3203
-15475
-3211
-15627
-3155
-15995
-3179
-16235
-3275
-16403
-3179
-16635
-3235
-16875
-3235
-17083
-3179
-17435
-3259
-17651
-3267
-17819
-3187
-18115
-3147
-18363
-3275
-18587
-3163
-18843
-3459
85
-3463
-63
-3495
-259
-3475
-523
-3391
-747
-3379
-1011
-3415
-1299
-3463
-1443
-3395
-1767
-3387
-1939
-3475
-2171
-3483
-2515
-3495
-2719
-3507
-2911
-3499
-3231
-3475
-3419
-3395
-3751
-3443
-3859
-3455
-4135
-3459
-4455
-3483
-4575
-3499
-4927
-3495
-5095
-3439
-5403
-3499
-5535
-3479
-5887
-3443
-6051
-3379
-6335
-3451
-6611
-3503
-6811
-3447
-7003
-3507
-7275
-3495
-7495
-3391
-7819
-3511
-8055
-3479
-8227
-3483
-8527
-3471
-8775
-3407
-8983
-3491
-9171
-3419
-9379
-3427
-9683
-3443
-9987
-3499
-10163
-3443
-10363
-3507
-10691
-3467
-10891
-3507
-11091
-3499
-11403
-3515
-11619
-3507
-11883
-3411
-12051
-3515
-12387
-3507
-12619
-3475
-12795
-3507
-13107
-3515
-13307
-3507
-13547
-3467
-13811
-3499
-14003
-3499
-14299
-3499
-14523
-3483
-14771
-3507
-14931
-3499
-15259
-3451
-15435
-3403
-15643
-3435
-15955
-3443
-16107
-3419
-16443
-3435
-16619
-3475
-16899
-3507
-17187
-3491
-17323
-3515
-17563
-3507
-17803
-3483
-18059
-3403
-18307
-3459
-18587
-3507
-18819
-3723
117
-3687
-115
-3631
-307
-3747
-507
-3707
-795
-3719
-1043
-3651
-1355
-3671
-1579
-3711
-1787
-3667
-2023
-3635
-2307
-3691
-2423
-3595
-2715
-3731
-2931
-3671
-3211
-3747
-3491
-3699
-3699
-3715
-3847
-3623
-4215
-3683
-4463
-3675
-4595
-3699
-4799
-3731
-5143
-3635
-5371
-3627
-5655
-3755
-5811
-3603
-6079
-3711
-6275
-3727
-6599
-3667
-6839
-3751
-6991
-3679
-7251
-3671
-7495
-3667
-7675
-3723
-7987
-3727
-8227
-3691
-8415
-3659
-8651
-3699
-8939
-3755
-9259
-3659
-9455
-3667
-9675
-3755
-9995
-3715
-10235
-3707
-10371
-3747
-10667
-3651
-10939
-3723
-11091
-3715
-11403
-3675
-11555
-3747
-11875
-3715
-12139
-3715
-12363
-3691
-12595
-3747
-12771
-3715
-13003
-3651
-13291
-3739
-13547
-3723
-13819
-3643
-14067
-3675
-14203
-3675
-14499
-3731
-14691
-3699
-14955
-3715
-15259
-3723
-15435
-3691
-15691
-3651
-15947
-3691
-16203
-3755
-16395
-3731
-16667
-3755
-16827
-3707
-17067
-3627
-17315
-3667
-17643
-3635
-17835
-3755
-18027
-3683
-18283
-3723
-18515
-3747
-18811
-3963
141
-3915
-115
-3911
-299
-3963
-543
-3851
-747
-3883
-1071
-3899
-1295
-3903
-1475
-3911
-1707
-3943
-2027
-3899
-2207
-3983
-2531
-3871
-2691
-3855
-2895
-3947
-3139
-3975
-3455
-3915
-3623
-3975
-3883
-3947
-4127
-3931
-4435
-3899
-4631
-3931
-4887
-3859
-5163
-3951
-5343
-3847
-5655
-3967
-5891
-3875
-6019
-3951
-6267
-3983
-6543
-3887
-6775
-3975
-7059
-3867
-7307
-3939
-7559
-3943
-7715
-3899
-8011
-3931
-8211
-3987
-8455
-3919
-8703
-3875
-9007
-3883
-9119
-3951
-9387
-3947
-9691
-3875
-9923
-3931
-10131
-3955
-10443
-3875
-10635
-3995
-10883
-3971
-11179
-3979
-11435
-3971
-11563
-3979
-11859
-3955
-12107
-3987
-12315
-3915
-12563
-3995
-12755
-3963
-13075
-3995
-13331
-3931
-13587
-3883
-13779
-3995
-13971
-3915
-14187
-3883
-14515
-3971
-14691
-3915
-15019
-3963
-15211
-3939
-15507
-3987
-15675
-3867
-15979
-3979
-16155
-3947
-16387
-3987
-16651
-3963
-16867
-3971
-17123
-3947
-17435
-3955
-17627
-3939
-17851
-3963
-18139
-3963
-18371
-3883
-18603
-3971
-18867
-4143
85
-4219
-75
-4143
-247
-4211
-587
-4099
-803
-4119
-967
-4191
-1331
-4227
-1463
-4115
-1807
-4203
-2031
-4179
-2183
-4115
-2463
-4171
-2795
-4103
-3011
-4135
-3167
-4107
-3415
-4203
-3623
-4183
-3919
-4115
-4095
-4187
-4439
-4111
-4659
-4199
-4923
-4227
-5171
-4079
-5347
-4163
-5619
-4195
-5811
-4139
-6051
-4207
-6259
-4183
-6547
-4179
-6779
-4195
-6991
-4171
-7243
-4187
-7483
-4187
-7831
-4171
-7975
-4227
-8199
-4175
-8415
-4199
-8683
-4115
-8887
-4143
-9239
-4147
-9359
-4195
-9715
-4139
-9883
-4227
-10139
-4227
-10419
-4211
-10643
-4219
-10891
-4219
-11123
-4203
-11411
-4179
-11635
-4123
-11851
-4171
-12115
-4139
-12331
-4139
-12515
-4211
-12827
-4211
-13083
-4219
-13283
-4115
-13579
-4211
-13763
-4235
-13947
-4227
-14299
-4203
-14427
-4147
-14755
-4107
-14931
-4163
-15195
-4107
-15387
-4235
-15643
-4107
-15955
-4211
-16171
-4147
-16371
-4227
-16635
-4227
-16891
-4171
-17115
-4123
-17363
-4227
-17667
-4195
-17827
-4179
-18107
-4219
-18307
-4179
-18555
-4107
-18867
-4331
133
-4347
-15
-4435
-263
-4455
-603
-4335
-823
-4419
-967
-4447
-1279
-4459
-1555
-4459
-1795
-4411
-2035
-4439
-2267
-4391
-2531
-4463
-2711
-4443
-2927
-4339
-3163
-4471
-3443
-4387
-3727
-4355
-3847
-4455
-4171
-4355
-4323
-4415
-4643
-4423
-4843
-4387
-5135
-4383
-5399
-4411
-5575
-4459
-5815
-4411
-6047
-4427
-6279
-4459
-6607
-4439
-6831
-4371
-7099
-4439
-7339
-4455
-7463
-4459
-7799
-4463
-7931
-4443
-8251
-4343
-8515
-4375
-8731
-4427
-8947
-4339
-9211
-4475
-9375
-4427
-9707
-4395
-9891
-4443
-10155
-4411
-10403
-4419
-10643
-4451
-10955
-4443
-11107
-4435
-11355
-4475
-11643
-4395
-11883
-4387
-12155
-4475
-12339
-4427
-12627
-4427
-12819
-4355
-13067
-4387
-13267
-4403
-13515
-4427
-13827
-4475
-14003
-4387
-14187
-4427
-14539
-4411
-14771
-4443
-14987
-4451
-15267
-4443
-15419
-4427
-15731
-4379
-15931
-4467
-16139
-4475
-16379
-4443
-16595
-4435
-16899
-4451
-17171
-4467
-17427
-4467
-17619
-4419
-17859
-4451
-18107
-4403
-18275
-4435
-18507
-4459
-18875
-4679
149
-4627
-43
-4675
-387
-4671
-555
-4595
-775
-4699
-1051
-4651
-1307
-4715
-1515
-4675
-1715
-4675
-1951
-4683
-2271
-4691
-2419
-4695
-2775
-4707
-2995
-4627
-3219
-4695
-3395
-4679
-3619
-4707
-3863
-4583
-4219
-4647
-4395
-4599
-4635
-4687
-4955
-4607
-5107
-4663
-5315
-4703
-5635
-4659
-5767
-4647
-6087
-4671
-6263
-4575
-6539
-4643
-6795
-4715
-6999
-4579
-7279
-4659
-7551
-4659
-7787
-4707
-7995
-4655
-8283
-4687
-8487
-4667
-8775
-4627
-8911
-4587
-9131
-4683
-9379
-4659
-9651
-4667
-9907
-4627
-10107
-4699
-10411
-4715
-10643
-4691
-10859
-4707
-11179
-4635
-11395
-4691
-11571
-4611
-11867
-4707
-12107
-4699
-12267
-4635
-12539
-4587
-12875
-4715
-13035
-4691
-13355
-4715
-13587
-4691
-13779
-4691
-13995
-4699
-14299
-4627
-14435
-4619
-14755
-4691
-14971
-4683
-15243
-4707
-15515
-4659
-15683
-4619
-15875
-4707
-16219
-4707
-16451
-4707
-16595
-4667
-16843
-4667
-17115
-4659
-17371
-4659
-17667
-4611
-17819
-4707
-18075
-4651
-18275
-4707
-18619
-4627
-18867
-4871
133
-4827
-107
-4907
-363
-4935
-507
-4907
-867
-4931
-1007
-4907
-1343
-4859
-1515
-4907
-1691
-4831
-1995
-4915
-2235
-4867
-2403
-4879
-2747
-4919
-2923
-4899
-3227
-4831
-3479
-4891
-3635
-4815
-3927
-4831
-4195
-4843
-4347
-4907
-4671
-4903
-4899
-4903
-5055
-4935
-5391
-4875
-5623
-4915
-5759
-4851
-6107
-4927
-6311
-4891
-6567
-4911
-6755
-4847
-7039
-4855
-7227
-4951
-7487
-4927
-7703
-4931
-7943
-4811
-8163
-4839
-8551
-4859
-8759
-4915
-8915
-4915
-9179
-4827
-9471
-4883
-9683
-4851
-9899
-4915
-10195
-4859
-10355
-4923
-10715
-4923
-10931
-4915
-11139
-4947
-11371
-4939
-11611
-4939
-11795
-4859
-12091
-4907
-12363
-4931
-12507
-4915
-12875
-4931
-12987
-4955
-13243
-4923
-13555
-4899
-13835
-4923
-14043
-4835
-14291
-4883
-14427
-4859
-14691
-4899
-15011
-4867
-15219
-4851
-15451
-4939
-15731
-4915
-15963
-4899
-16115
-4955
-16475
-4915
-16611
-4947
-16931
-4827
-17179
-4907
-17411
-4883
-17555
-4907
-17875
-4955
-18099
-4947
-18387
-4859
-18603
-4859
-18851
-5147
141
-5067
-107
-5151
-283
-5155
-595
-5139
-803
-5151
-1043
-5143
-1291
-5083
-1527
-5111
-1763
-5035
-2003
-5179
-2223
-5159
-2507
-5127
-2695
-5159
-2971
-5171
-3163
-5075
-3471
-5123
-3707
-5151
-3851
-5087
-4127
-5099
-4375
-5127
-4591
-5099
-4835
-5087
-5139
-5127
-5419
-5175
-5531
-5135
-5859
-5167
-6091
-5179
-6299
-5167
-6539
-5095
-6807
-5103
-6983
-5087
-7331
-5067
-7531
-5139
-7711
-5131
-8003
-5115
-8259
-5171
-8463
-5167
-8783
-5103
-9027
-5127
-9187
-5083
-9407
-5179
-9739
-5075
-9955
-5147
-10203
-5179
-10387
-5163
-10587
-5147
-10867
-5155
-11099
-5067
-11371
-5187
-11659
-5075
-11883
-5099
-12099
-5195
-12299
-5187
-12571
-5091
-12803
-5163
-13099
-5115
-13243
-5171
-13531
-5091
-13795
-5171
-13955
-5187
-14267
-5139
-14531
-5187
-14739
-5107
-14963
-5147
-15259
-5179
-15499
-5147
-15723
-5195
-15995
-5107
-16155
-5107
-16371
-5163
-16683
-5115
-16859
-5083
-17075
-5075
-17419
-5123
-17571
-5187
-17883
-5075
-18075
-5179
-18307
-5139
-18539
-5115
-18875
-5371
85
-5403
-123
-5395
-379
-5355
-583
-5403
-867
-5315
-1011
-5323
-1227
-5427
-1523
-5331
-1799
-5419
-2035
-5379
-2207
-5379
-2439
-5315
-2743
-5315
-2955
-5347
-3219
-5347
-3503
-5331
-3603
-5435
-3955
-5395
-4123
-5355
-4467
-5411
-4651
-5379
-4891
-5371
-5087
-5371
-5299
-5395
-5531
-5435
-5883
-5435
-6099
-5307
-6263
-5411
-6507
-5307
-6835
-5395
-7107
-5315
-7323
-5323
-7451
-5339
-7739
-5347
-7959
-5307
-8231
-5331
-8435
-5411
-8787
-5411
-8979
-5435
-9179
-5395
-9419
-5419
-9723
-5371
-9987
-5419
-10147
-5435
-10371
-5435
-10683
-5355
-10843
-5363
-11099
-5411
-11315
-5331
-11587
-5323
-11907
-5363
-12083
-5427
-12331
-5307
-12507
-5307
-12851
-5435
-13107
-5403
-13235
-5379
-13563
-5331
-13779
-5355
-14035
-5419
-14227
-5355
-14451
-5419
-14707
-5387
-14987
-5395
-15235
-5307
-15411
-5411
-15651
-5411
-15891
-5379
-16115
-5435
-16395
-5435
-16627
-5347
-16843
-5363
-17107
-5323
-17371
-5379
-17547
-5307
-17867
-5371
-18075
-5419
-18339
-5403
-18547
-5435
-18819
-5563
93
-5555
-99
-5675
-267
-5643
-539
-5667
-787
-5667
-1003
-5579
-1323
-5579
-1555
-5627
-1755
-5595
-1947
-5603
-2267
-5555
-2483
-5603
-2771
-5667
-2955
-5643
-3275
-5555
-3403
-5603
-3723
-5547
-3939
-5627
-4163
-5595
-4387
-5619
-4659
-5563
-4923
-5595
-5139
-5675
-5347
-5595
-5651
-5619
-5843
-5651
-6155
-5675
-6267
-5675
-6619
-5651
-6835
-5603
-7067
-5635
-7331
-5675
-7467
-5675
-7747
-5635
-8067
-5667
-8291
-5643
-8443
-5643
-8699
-5619
-9027
-5643
-9155
-5603
-9419
-5571
-9747
-5659
-9923
-5667
-10227
-5627
-10435
-5595
-10683
-5643
-10907
-5659
-11107
-5579
-11419
-5635
-11555
-5547
-11883
-5611
-12155
-5603
-12267
-5571
-12563
-5643
-12851
-5603
-13091
-5675
-13339
-5651
-13515
-5643
-13723
-5643
-14043
-5603
-14299
-5635
-14483
-5659
-14739
-5675
-15003
-5667
-15227
-5643
-15459
-5675
-15747
-5563
-15963
-5627
-16203
-5659
-16443
-5667
-16603
-5651
-16955
-5579
-17131
-5555
-17331
-5635
-17643
-5571
-17787
-5635
-18139
-5643
-18267
-5667
-18579
-5651
-18843
-5867
93
-5891
-123
-5811
-379
-5907
-603
-5851
-859
-5795
-1091
-5843
-1307
-5795
-1499
-5883
-1723
-5835
-1955
-5819
-2251
-5803
-2539
-5803
-2715
-5843
-2931
-5899
-3219
-5875
-3499
-5891
-3651
-5907
-3995
-5907
-4123
-5819
-4475
-5915
-4635
-5891
-4923
-5875
-5147
-5875
-5435
-5811
-5555
-5819
-5819
-5907
-6139
-5811
-6291
-5859
-6547
-5899
-6827
-5851
-7035
-5827
-7323
-5907
-7587
-5875
-7835
-5787
-7979
-5891
-8219
-5787
-8459
-5787
-8707
-5859
-8955
-5811
-9203
-5907
-9411
-5875
-9675
-5803
-9995
-5891
-10235
-5883
-10363
-5851
-10635
-5835
-10899
-5899
-11179
-5915
-11379
-5819
-11547
-5803
-11819
-5907
-12067
-5843
-12347
-5899
-12587
-5907
-12843
-5819
-13035
-5827
-13291
-5875
-13507
-5915
-13731
-5803
-14003
-5899
-14315
-5811
-14547
-5835
-14675
-5795
-14947
-5891
-15195
-5787
-15459
-5859
-15739
-5907
-15875
-5787
-16115
-5851
-16403
-5891
-16667
-5843
-16923
-5915
-17083
-5875
-17395
-5875
-17619
-5787
-17867
-5907
-18139
-5899
-18315
-5899
-18531
-5803
-18851
-6051
109
-6147
-35
-6139
-299
-6051
-627
-6131
-827
-6099
-1011
-6115
-1227
-6107
-1555
-6139
-1755
-6107
-1971
-6083
-2307
-6155
-2475
-6115
-2675
-6051
-2939
-6067
-3163
-6131
-3459
-6107
-3675
-6131
-3987
-6115
-4187
-6075
-4347
-6155
-4659
-6067
-4899
-6107
-5075
-6099
-5427
-6099
-5563
-6115
-5899
-6115
-6083
-6075
-6275
-6139
-6603
-6147
-6843
-6147
-7027
-6115
-7307
-6107
-7555
-6115
-7723
-6139
-7955
-6115
-8227
-6043
-8507
-6123
-8787
-6155
-9003
-6155
-9155
-6131
-9387
-6067
-9747
-6131
-9891
-6027
-10187
-6139
-10355
-6083
-10707
-6059
-10891
-6155
-11171
-6147
-11419
-6115
-11659
-6099
-11883
-6099
-12123
-6139
-12267
-6123
-12627
-6075
-12827
-6147
-13067
-6091
-13251
-6123
-13555
-6123
-13763
-6051
-13971
-6059
-14299
-6115
-14435
-6131
-14683
-6139
-14979
-6123
-15195
-6147
-15395
-6115
-15731
-6099
-15947
-6043
-16179
-6099
-16387
-6027
-16635
-6139
-16939
-6083
-17155
-6131
-17435
-6123
-17603
-6155
-17875
-6139
-18107
-6155
-18379
-6083
-18515
-6091
-18811
-6387
125
-6355
-35
-6355
-315
-6379
-627
-6283
-875
-6355
-1107
-6267
-1259
-6395
-1579
-6371
-1787
-6347
-2003
-6275
-2299
-6291
-2515
-6323
-2795
-6387
-2963
-6315
-3203
-6339
-3507
-6331
-3691
-6283
-3891
-6323
-4235
-6267
-4403
-6395
-4619
-6339
-4835
-6323
-5139
-6291
-5307
-6371
-5571
-6387
-5883
-6395
-6115
-6307
-6299
-6355
-6635
-6387
-6803
-6371
-7003
-6379
-7227
-6283
-7539
-6339
-7779
-6291
-7955
-6315
-8251
-6371
-8507
-6395
-8715
-6363
-8915
-6363
-9219
-6355
-9515
-6307
-9731
-6363
-9915
-6371
-10115
-6395
-10435
-6291
-10651
-6363
-10891
-6315
-11067
-6283
-11331
-6395
-11651
-6291
-11835
-6395
-12075
-6307
-12307
-6363
-12531
-6371
-12851
-6331
-12995
-6299
-13283
-6307
-13595
-6363
-13739
-6395
-13947
-6347
-14243
-6315
-14483
-6387
-14747
-6379
-14915
-6331
-15251
-6307
-15459
-6291
-15747
-6339
-15907
-6387
-16227
-6283
-16363
-6371
-16691
-6395
-16851
-6387
-17115
-6379
-17395
-6371
-17675
-6363
-17915
-6387
-18115
-6387
-18323
-6395
-18571
-6315
-18859
-6547
85
-6563
-51
-6579
-395
-6595
-587
-6547
-843
-6635
-1083
-6507
-1259
-6555
-1499
-6635
-1827
-6611
-2035
-6619
-2219
-6571
-2523
-6571
-2795
-6611
-2955
-6603
-3195
-6627
-3427
-6619
-3635
-6515
-3931
-6595
-4155
-6507
-4411
-6595
-4715
-6627
-4939
-6531
-5139
-6523
-5403
-6523
-5675
-6603
-5899
-6627
-6115
-6587
-6379
-6571
-6515
-6619
-6859
-6539
-7099
-6627
-7299
-6563
-7507
-6523
-7747
-6595
-8051
-6547
-8235
-6563
-8515
-6523
-8739
-6539
-8923
-6579
-9227
-6531
-9491
-6627
-9707
-6579
-9907
-6547
-10235
-6627
-10467
-6555
-10611
-6627
-10923
-6555
-11187
-6515
-11379
-6627
-11579
-6563
-11803
-6539
-12083
-6507
-12315
-6587
-12579
-6627
-12803
-6635
-12987
-6555
-13331
-6611
-13515
-6563
-13803
-6579
-14027
-6563
-14187
-6595
-14483
-6579
-14723
-6587
-15027
-6627
-15211
-6595
-15411
-6603
-15723
-6635
-15883
-6571
-16219
-6635
-16395
-6635
-16595
-6603
-16843
-6555
-17195
-6523
-17363
-6579
-17611
-6571
-17787
-6507
-18059
-6611
-18299
-6531
-18595
-6547
-18867
-6827
93
-6835
-51
-6819
-299
-6835
-619
-6875
-851
-6795
-1107
-6867
-1291
-6811
-1595
-6875
-1755
-6763
-2043
-6875
-2187
-6843
-2459
-6859
-2747
-6875
-2939
-6843
-3251
-6819
-3387
-6851
-3723
-6843
-3915
-6819
-4187
-6867
-4355
-6843
-4715
-6779
-4875
-6787
-5163
-6867
-5339
-6779
-5651
-6819
-5875
-6835
-6147
-6755
-6291
-6875
-6595
-6867
-6747
-6867
-7067
-6835
-7227
-6803
-7531
-6787
-7795
-6835
-8059
-6803
-8187
-6827
-8507
-6827
-8739
-6859
-8995
-6811
-9171
-6811
-9467
-6811
-9699
-6803
-9883
-6875
-10195
-6771
-10403
-6787
-10651
-6827
-10851
-6859
-11195
-6819
-11331
-6811
-11547
-6851
-11787
-6747
-12123
-6827
-12315
-6747
-12627
-6843
-12779
-6819
-12995
-6851
-13259
-6803
-13563
-6811
-13739
-6803
-13971
-6859
-14219
-6875
-14435
-6747
-14747
-6835
-15003
-6819
-15163
-6755
-15467
-6875
-15691
-6843
-15875
-6819
-16187
-6875
-16371
-6755
-16587
-6795
-16835
-6827
-17099
-6787
-17323
-6867
-17603
-6787
-17851
-6787
-18059
-6875
-18379
-6787
-18579
-6787
-18851
-6995
149
-7107
-139
-7051
-291
-7099
-555
-7027
-843
-7043
-1019
-7043
-1235
-7075
-1539
-7043
-1779
-7083
-1979
-7115
-2219
-7043
-2483
-7011
-2787
-7107
-2971
-7091
-3251
-7075
-3475
-7027
-3683
-7027
-3995
-7035
-4163
-7035
-4387
-7083
-4603
-7043
-4947
-7003
-5099
-7051
-5435
-7075
-5555
-7075
-5811
-7059
-6123
-7027
-6371
-6995
-6603
-7067
-6843
-7099
-7067
-6987
-7235
-7067
-7483
-7059
-7787
-7051
-7947
-7059
-8235
-6987
-8435
-7027
-8739
-7003
-8963
-7083
-9203
-7115
-9435
-7019
-9715
-7091
-9899
-7107
-10195
-7043
-10459
-7051
-10619
-7091
-10867
-7027
-11187
-7099
-11331
-7035
-11675
-7091
-11803
-7003
-12139
-7043
-12339
-7043
-12579
-7067
-12819
-7107
-13059
-7027
-13299
-7019
-13531
-7027
-13715
-7091
-14027
-7027
-14315
-6995
-14555
-7075
-14747
-7051
-14955
-6995
-15259
-7107
-15483
-7115
-15659
-7107
-15923
-7115
-16219
-7091
-16443
-7115
-16643
-7027
-16955
-7115
-17099
-7067
-17371
-7003
-17603
-7099
-17851
-7043
-18059
-7083
-18299
-7067
-18611
-7003
-18811
-7355
141
-7299
-67
-7355
-267
-7259
-587
-7347
-811
-7331
-1019
-7315
-1283
-7275
-1563
-7243
-1803
-7251
-1971
-7315
-2227
-7331
-2555
-7315
-2715
-7291
-2971
-7259
-3219
-7299
-3387
-7299
-3667
-7355
-3883
-7299
-4147
-7331
-4363
-7235
-4659
-7323
-4883
-7251
-5099
-7259
-5379
-7323
-5571
-7331
-5883
-7347
-6075
-7299
-6323
-7331
-6571
-7339
-6867
-7251
-7011
-7251
-7275
-7299
-7483
-7347
-7771
-7355
-8019
-7299
-8203
-7291
-8435
-7347
-8779
-7283
-8939
-7227
-9187
-7323
-9443
-7339
-9667
-7355
-9907
-7227
-10163
-7251
-10411
-7275
-10715
-7339
-10835
-7267
-11131
-7283
-11379
-7283
-11635
-7323
-11795
-7275
-12139
-7331
-12339
-7299
-12611
-7283
-12779
-7275
-13027
-7315
-13227
-7323
-13515
-7259
-13755
-7331
-14043
-7323
-14299
-7251
-14499
-7331
-14723
-7243
-15019
-7347
-15227
-7315
-15467
-7275
-15659
-7315
-15947
-7347
-16195
-7347
-16355
-7291
-16659
-7259
-16955
-7355
-17075
-7331
-17339
-7307
-17635
-7355
-17859
-7251
-18115
-7331
-18371
-7347
-18611
-7227
-18843
-7491
109
-7587
-67
-7563
-315
-7587
-635
-7523
-819
-7587
-1043
-7579
-1259
-7563
-1587
-7571
-1811
-7595
-1971
-7547
-2275
-7507
-2435
-7539
-2723
-7571
-3027
-7579
-3275
-7539
-3395
-7531
-3691
-7547
-3907
-7547
-4107
-7467
-4395
-7539
-4675
-7571
-4955
-7587
-5107
-7555
-5411
-7531
-5667
-7539
-5915
-7555
-6155
-7595
-6299
-7515
-6555
-7595
-6819
-7595
-7027
-7475
-7267
-7563
-7579
-7587
-7723
-7571
-7971
-7595
-8219
-7595
-8507
-7563
-8683
-7531
-9003
-7491
-9251
-7587
-9467
-7595
-9683
-7491
-9987
-7483
-10171
-7579
-10467
-7579
-10659
-7563
-10867
-7571
-11171
-7595
-11411
-7595
-11579
-7499
-11827
-7475
-12155
-7579
-12339
-7595
-12635
-7555
-12859
-7595
-13027
-7555
-13315
-7563
-13587
-7579
-13771
-7595
-13971
-7587
-14243
-7563
-14507
-7467
-14699
-7555
-14995
-7523
-15275
-7587
-15507
-7507
-15683
-7523
-15907
-7475
-16123
-7483
-16347
-7579
-16667
-7475
-16891
-7563
-17083
-7595
-17427
-7539
-17563
-7555
-17859
-7579
-18131
-7531
-18395
-7579
-18579
-7531
-18827
-7787
133
-7747
-43
-7795
-275
-7827
-507
-7723
-755
-7755
-1051
-7819
-1323
-7779
-1531
-7755
-1779
-7779
-2059
-7795
-2291
-7739
-2427
-7827
-2747
-7811
-2955
-7803
-3275
-7763
-3483
-7763
-3699
-7795
-3931
-7811
-4163
-7763
-4467
-7827
-4691
-7723
-4939
-7803
-5123
-7827
-5419
-7779
-5643
-7819
-5811
-7707
-6083
-7795
-6299
-7763
-6531
-7779
-6843
-7779
-7115
-7803
-7251
-7779
-7499
-7803
-7795
-7803
-8059
-7755
-8307
-7827
-8515
-7755
-8763
-7835
-9035
-7819
-9155
-7803
-9475
-7819
-9707
-7803
-9955
-7811
-10147
-7747
-10379
-7787
-10683
-7755
-10851
-7731
-11067
-7739
-11307
-7819
-11667
-7779
-11891
-7835
-12107
-7795
-12347
-7787
-12523
-7739
-12787
-7819
-13083
-7819
-13331
-7803
-13531
-7795
-13803
-7739
-13979
-7795
-14187
-7803
-14507
-7819
-14787
-7795
-14907
-7763
-15275
-7731
-15483
-7723
-15699
-7739
-15899
-7747
-16203
-7835
-16475
-7731
-16659
-7763
-16827
-7707
-17123
-7771
-17347
-7835
-17635
-7731
-17899
-7827
-18035
-7787
-18315
-7803
-18531
-7731
-18875
-8075
125
-8075
-115
-8035
-299
-7987
-547
-8051
-819
-8043
-1043
-8051
-1259
-7979
-1587
-8075
-1811
-7995
-1971
-8011
-2267
-8075
-2555
-7963
-2763
-8043
-2979
-8027
-3267
-7963
-3419
-7971
-3683
-7987
-3971
-7995
-4115
-8067
-4379
-7995
-4635
-7995
-4907
-8011
-5163
-7995
-5387
-8059
-5667
-8035
-5867
-8075
-6067
-8043
-6283
-8035
-6619
-7995
-6755
-8067
-7043
-8019
-7259
-8043
-7475
-8075
-7819
-8051
-7987
-8075
-8235
-8075
-8531
-8019
-8675
-7987
-8955
-7995
-9267
-8059
-9403
-8003
-9715
-8043
-9867
-7979
-10171
-8051
-10355
-7995
-10611
-8075
-10947
-7987
-11099
-7979
-11403
-8043
-11547
-8059
-11819
-8035
-12139
-8051
-12363
-8075
-12571
-7979
-12875
-8043
-13075
-8019
-13347
-7971
-13587
-7971
-13763
-8003
-14035
-8051
-14195
-8035
-14515
-8075
-14731
-7987
-15011
-7947
-15219
-8051
-15483
-8051
-15731
-8011
-15955
-8027
-16187
-7995
-16387
-7963
-16627
-8035
-16827
-8075
-17107
-8043
-17323
-8067
-17571
-8075
-17803
-8011
-18155
-8059
-18299
-8067
-18595
-8011
-18843
-8283
109
-8315
-155
-8315
-331
-8283
-579
-8243
-779
-8299
-1107
-8211
-1267
-8275
-1523
-8283
-1811
-8275
-2035
-8235
-2299
-8227
-2483
-8227
-2779
-8299
-2987
-8275
-3219
-8195
-3483
-8307
-3627
-8195
-3867
-8315
-4227
-8315
-4435
-8195
-4715
-8291
-4947
-8211
-5075
-8259
-5395
-8283
-5651
-8291
-5827
-8315
-6083
-8251
-6355
-8267
-6547
-8235
-6859
-8275
-7099
-8227
-7323
-8307
-7523
-8275
-7819
-8315
-8051
-8315
-8283
-8235
-8515
-8275
-8787
-8307
-8931
-8267
-9171
-8219
-9411
-8251
-9683
-8291
-9891
-8283
-10107
-8299
-10443
-8211
-10603
-8195
-10907
-8299
-11131
-8267
-11323
-8283
-11547
-8187
-11827
-8291
-12051
-8251
-12267
-8307
-12531
-8187
-12867
-8235
-13107
-8211
-13267
-8307
-13531
-8291
-13795
-8315
-14003
-8315
-14203
-8251
-14475
-8251
-14739
-8291
-14915
-8283
-15259
-8219
-15411
-8235
-15635
-8307
-15899
-8251
-16235
-8291
-16475
-8307
-16675
-8307
-16875
-8275
-17107
-8299
-17419
-8259
-17659
-8227
-17891
-8187
-18059
-8291
-18395
-8315
-18603
-8315
-18867
-8499
141
-8451
-43
-8547
-283
-8499
-603
-8499
-835
-8547
-1091
-8547
-1283
-8483
-1499
-8467
-1707
-8523
-2059
-8491
-2259
-8523
-2491
-8523
-2707
-8515
-2907
-8483
-3243
-8491
-3507
-8547
-3635
-8539
-3995
-8459
-4171
-8531
-4419
-8507
-4675
-8523
-4915
-8555
-5115
-8515
-5331
-8531
-5619
-8467
-5859
-8459
-6123
-8483
-6299
-8427
-6563
-8451
-6763
-8475
-7019
-8507
-7299
-8483
-7555
-8499
-7715
-8515
-7971
-8467
-8267
-8483
-8523
-8515
-8707
-8483
-8907
-8475
-9195
-8499
-9459
-8531
-9699
-8547
-9939
-8507
-10139
-8483
-10459
-8531
-10659
-8515
-10835
-8467
-11139
-8491
-11331
-8459
-11547
-8531
-11795
-8515
-12139
-8507
-12323
-8555
-12579
-8427
-12763
-8507
-13075
-8515
-13347
-8475
-13571
-8515
-13739
-8443
-13971
-8451
-14315
-8507
-14539
-8555
-14731
-8435
-15035
-8515
-15259
-8515
-15427
-8443
-15635
-8443
-15883
-8451
-16139
-8515
-16443
-8475
-16707
-8491
-16915
-8435
-17099
-8507
-17395
-8491
-17595
-8547
-17803
-8483
-18067
-8483
-18291
-8483
-18635
-8427
-18835
-8667
133
-8715
-91
-8667
-347
-8755
-603
-8699
-867
-8771
-1019
-8755
-1291
-8763
-1515
-8787
-1771
-8747
-1979
-8771
-2227
-8723
-2435
-8779
-2779
-8667
-2995
-8779
-3251
-8787
-3459
-8747
-3755
-8691
-3979
-8771
-4179
-8779
-4467
-8763
-4699
-8715
-4907
-8755
-5155
-8707
-5323
-8779
-5619
-8771
-5891
-8747
-6139
-8771
-6283
-8683
-6547
-8675
-6795
-8763
-7091
-8683
-7315
-8763
-7563
-8723
-7835
-8707
-8019
-8739
-8267
-8667
-8539
-8691
-8787
-8795
-8995
-8795
-9211
-8699
-9395
-8667
-9739
-8787
-9979
-8699
-10147
-8771
-10459
-8787
-10603
-8771
-10915
-8739
-11099
-8707
-11411
-8787
-11635
-8683
-11835
-8667
-12035
-8771
-12275
-8747
-12539
-8779
-12803
-8795
-12987
-8787
-13299
-8731
-13491
-8747
-13819
-8763
-14075
-8795
-14243
-8699
-14459
-8747
-14699
-8787
-14923
-8763
-15243
-8699
-15451
-8795
-15699
-8731
-15955
-8683
-16211
-8747
-16371
-8667
-16595
-8795
-16867
-8675
-17083
-8787
-17347
-8795
-17667
-8787
-17843
-8795
-18091
-8795
-18267
-8763
-18611
-8779
-18875
-8955
109
-9011
-83
-8931
-339
-9011
-523
-8939
-755
-9035
-1091
-9035
-1331
-9003
-1531
-8971
-1819
-9035
-2051
-8923
-2211
-8931
-2531
-9027
-2731
-9011
-2915
-9011
-3251
-8915
-3395
-8907
-3683
-8987
-3979
-9035
-4179
-8955
-4443
-9019
-4627
-8995
-4835
-9011
-5107
-8907
-5435
-9011
-5595
-8979
-5899
-9035
-6131
-8963
-6339
-8907
-6539
-8995
-6827
-8987
-7099
-9003
-7355
-9027
-7531
-8963
-7723
-9011
-8019
-8979
-8299
-9027
-8427
-9019
-8747
-8995
-8987
-9027
-9203
-8931
-9435
-9003
-9627
-8947
-9931
-8955
-10187
-8979
-10419
-8971
-10627
-8963
-10947
-8947
-11155
-9035
-11331
-9011
-11619
-8915
-11787
-8955
-12115
-9003
-12315
-9027
-12635
-9003
-12851
-8987
-13067
-9003
-13267
-9019
-13539
-8939
-13803
-9027
-13987
-8963
-14267
-8963
-14483
-8915
-14787
-8907
-14931
-8931
-15219
-9035
-15475
-8931
-15707
-9011
-15979
-8963
-16187
-9035
-16403
-9003
-16651
-9035
-16931
-9019
-17155
-8979
-17363
-8955
-17579
-8955
-17787
-8923
-18131
-9011
-18291
-8931
-18515
-9003
-18859
-9251
93
-9267
-59
-9171
-331
-9243
-563
-9203
-859
-9275
-1011
-9187
-1355
-9195
-1507
-9259
-1803
-9243
-2011
-9219
-2235
-9155
-2459
-9275
-2699
-9275
-3035
-9267
-3235
-9267
-3507
-9147
-3667
-9243
-3979
-9211
-4203
-9187
-4451
-9251
-4619
-9267
-4875
-9275
-5147
-9171
-5347
-9219
-5579
-9235
-5859
-9219
-6051
-9243
-6363
-9147
-6635
-9243
-6819
-9251
-7019
-9171
-7347
-9147
-7467
-9267
-7715
-9267
-7955
-9251
-8259
-9147
-8515
-9235
-8675
-9219
-9035
-9275
-9203
-9251
-9491
-9275
-9651
-9275
-9963
-9267
-10147
-9259
-10403
-9195
-10651
-9227
-10923
-9195
-11195
-9235
-11387
-9251
-11587
-9251
-11907
-9203
-12107
-9211
-12395
-9275
-12539
-9235
-12867
-9275
-13027
-9171
-13331
-9203
-13467
-9203
-13747
-9251
-14059
-9275
-14251
-9275
-14523
-9243
-14691
-9155
-14971
-9275
-15259
-9267
-15491
-9203
-15659
-9179
-15867
-9219
-16195
-9267
-16355
-9251
-16619
-9219
-16843
-9243
-17123
-9275
-17363
-9259
-17595
-9203
-17859
-9187
-18139
-9243
-18379
-9259
-18563
-9219
-18859
-9507
85
-9475
-91
-9515
-267
-9507
-539
-9483
-835
-9435
-1115
-9475
-1315
-9491
-1571
-9419
-1811
-9419
-2027
-9419
-2227
-9515
-2499
-9467
-2731
-9411
-2955
-9459
-3251
-9451
-3499
-9507
-3755
-9499
-3923
-9475
-4115
-9499
-4355
-9515
-4683
-9451
-4883
-9427
-5123
-9419
-5387
-9491
-5651
-9491
-5819
-9451
-6091
-9411
-6291
-9515
-6579
-9515
-6851
-9443
-7099
-9467
-7267
-9459
-7507
-9475
-7715
-9387
-7987
-9499
-8187
-9427
-8443
-9411
-8691
-9467
-8979
-9491
-9171
-9491
-9427
-9419
-9707
-9467
-9987
-9419
-10179
-9475
-10395
-9515
-10587
-9491
-10867
-9467
-11131
-9395
-11427
-9499
-11595
-9443
-11899
-9491
-12075
-9459
-12323
-9451
-12507
-9443
-12859
-9515
-13043
-9403
-13299
-9507
-13491
-9483
-13747
-9475
-14035
-9515
-14227
-9451
-14547
-9451
-14707
-9483
-14979
-9419
-15219
-9515
-15403
-9443
-15707
-9467
-15955
-9443
-16227
-9507
-16379
-9403
-16707
-9427
-16907
-9467
-17067
-9467
-17339
-9515
-17611
-9507
-17795
-9467
-18155
-9499
-18267
-9483
-18619
-9483
-18859
-9723
125
-9747
-139
-9747
-275
-9667
-619
-9739
-747
-9643
-1067
-9651
-1355
-9731
-1515
-9627
-1803
-9715
-1979
-9723
-2235
-9627
-2499
-9755
-2787
-9723
-2995
-9739
-3235
-9747
-3443
-9739
-3683
-9747
-3867
-9699
-4235
-9715
-4395
-9755
-4699
-9731
-4883
-9643
-5075
-9755
-5419
-9627
-5619
-9747
-5875
-9731
-6091
-9683
-6283
-9731
-6507
-9715
-6843
-9723
-7035
-9691
-7243
-9755
-7555
-9659
-7779
-9715
-7955
-9755
-8291
-9707
-8515
-9651
-8795
-9627
-9003
-9683
-9219
-9675
-9459
-9627
-9651
-9627
-9987
-9691
-10155
-9731
-10459
-9675
-10619
-9699
-10923
-9731
-11099
-9643
-11419
-9683
-11579
-9683
-11907
-9747
-12155
-9627
-12363
-9691
-12603
-9739
-12787
-9755
-13003
-9755
-13331
-9683
-13547
-9691
-13827
-9755
-14035
-9707
-14283
-9739
-14499
-9747
-14707
-9739
-14987
-9659
-15211
-9635
-15451
-9747
-15627
-9739
-15987
-9731
-16171
-9667
-16451
-9635
-16659
-9659
-16955
-9675
-17187
-9739
-17387
-9723
-17667
-9755
-17835
-9731
-18155
-9747
-18275
-9739
-18627
-9755
-18875
-9955
149
-9987
-51
-9979
-291
-9963
-595
-9923
-867
-9915
-1107
-9979
-1347
-9899
-1555
-9995
-1827
-9923
-1963
-9979
-2259
-9963
-2523
-9907
-2715
-9867
-2939
-9867
-3195
-9963
-3499
-9915
-3683
-9971
-3915
-9987
-4171
-9979
-4363
-9995
-4603
-9979
-4955
-9923
-5099
-9987
-5387
-9971
-5611
-9939
-5875
-9987
-6075
-9891
-6371
-9979
-6507
-9979
-6835
-9867
-7083
-9891
-7243
-9923
-7587
-9987
-7715
-9995
-8027
-9883
-8299
-9963
-8499
-9947
-8699
-9939
-8907
-9955
-9275
-9995
-9387
-9971
-9723
-9963
-9907
-9947
-10123
-9875
-10355
-9915
-10659
-9891
-10891
-9979
-11083
-9963
-11323
-9979
-11643
-9955
-11819
-9963
-12059
-9939
-12267
-9883
-12507
-9907
-12859
-9947
-13059
-9979
-13331
-9979
-13491
-9947
-13779
-9947
-13947
-9883
-14195
-9867
-14459
-9923
-14675
-9883
-14963
-9987
-15179
-9947
-15475
-9979
-15659
-9995
-15971
-9947
-16107
-9947
-16427
-9963
-16619
-9915
-16939
-9947
-17099
-9915
-17339
-9979
-17571
-9939
-17835
-9979
-18035
-9987
-18283
-9923
-18563
-9963
-18835
-10219
117
-10235
-99
-10179
-355
-10179
-619
-10123
-811
-10123
-1011
-10131
-1323
-10235
-1531
-10211
-1723
-10211
-1955
-10211
-2307
-10187
-2531
-10219
-2691
-10211
-2955
-10163
-3171
-10227
-3443
-10139
-3707
-10171
-3955
-10195
-4195
-10107
-4443
-10227
-4707
-10219
-4875
-10131
-5187
-10131
-5379
-10123
-5635
-10203
-5891
-10171
-6027
-10163
-6275
-10179
-6579
-10107
-6811
-10211
-7075
-10203
-7243
-10195
-7515
-10203
-7835
-10227
-8051
-10227
-8291
-10235
-8539
-10163
-8779
-10115
-9027
-10155
-9251
-10131
-9427
-10219
-9651
-10195
-9891
-10179
-10195
-10163
-10347
-10203
-10603
-10139
-10939
-10235
-11131
-10171
-11363
-10115
-11651
-10163
-11859
-10171
-12027
-10131
-12387
-10139
-12595
-10227
-12867
-10123
-13083
-10219
-13315
-10219
-13539
-10203
-13827
-10219
-13971
-10203
-14267
-10147
-14507
-10139
-14675
-10227
-14955
-10203
-15211
-10227
-15467
-10147
-15707
-10235
-15971
-10163
-16131
-10195
-16475
-10147
-16635
-10219
-16915
-10195
-17123
-10155
-17315
-10219
-17643
-10219
-17859
-10235
-18083
-10155
-18299
-10203
-18603
-10155
-18835
-10475
141
-10435
-131
-10459
-323
-10467
-507
-10475
-843
-10459
-1091
-10443
-1267
-10443
-1563
-10443
-1803
-10475
-2011
-10467
-2195
-10475
-2531
-10467
-2795
-10475
-2971
-10427
-3171
-10435
-3419
-10475
-3683
-10467
-3979
-10467
-4147
-10451
-4435
-10467
-4691
-10475
-4867
-10451
-5123
-10419
-5435
-10419
-5555
-10459
-5803
-10443
-6075
-10411
-6275
-10435
-6507
-10443
-6843
-10427
-7027
-10467
-7275
-10411
-7571
-10411
-7811
-10467
-8043
-10467
-8251
-10451
-8499
-10467
-8683
-10427
-9003
-10451
-9179
-10435
-9403
-10451
-9667
-10451
-9915
-10475
-10227
-10459
-10459
-10459
-10627
-10443
-10907
-10427
-11187
-10411
-11419
-10427
-11587
-10435
-11795
-10475
-12099
-10427
-12347
-10443
-12555
-10411
-12811
-10411
-13083
-10411
-13291
-10443
-13515
-10467
-13731
-10443
-14035
-10427
-14211
-10451
-14483
-10459
-14755
-10459
-14939
-10459
-15267
-10435
-15483
-10443
-15667
-10467
-15891
-10475
-16171
-10451
-16379
-10475
-16683
-10435
-16867
-10443
-17155
-10475
-17395
-10427
-17643
-10427
-17875
-10435
-18139
-10411
-18339
-10475
-18627
-10459
-18859
