101
212
240
-42
263
-341
505
-503
185
-834
460
-1006
361
-1291
259
-1496
250
-1706
370
-2026
187
-2225
161
-2541
305
-2763
211
-2953
159
-3189
145
-3427
131
-3707
243
-3881
247
-4135
179
-4359
253
-4573
93
-4911
109
-5087
133
-5307
85
-5555
117
-5915
141
-6027
125
-6347
85
-6555
133
-6835
125
-7079
149
-7335
93
-7551
117
-7763
117
-7995
101
-8211
93
-8491
141
-8687
85
-8899
149
-9187
109
-9467
101
-9651
101
-9955
85
-10179
101
-10475
149
-10627
149
-10947
133
-11139
141
-11363
141
-11643
141
-11883
109
-12131
141
-12371
117
-12627
109
-12763
117
-13019
141
-13259
85
-13491
133
-13803
109
-13995
149
-14307
109
-14467
125
-14691
117
-14931
93
-15187
93
-15427
93
-15667
117
-15979
117
-16171
93
-16435
141
-16667
117
-16923
125
-17099
109
-17331
149
-17563
93
-17851
117
-18107
101
-18267
125
-18635
101
-18827
-143
586
-8
-28
-97
-286
-54
-594
-135
-826
-89
-986
-114
-1323
-125
-1523
-74
-1706
-63
-2017
-122
-2187
-67
-2443
-47
-2655
-119
-2903
-19
-3159
-91
-3409
-83
-3613
-131
-3879
-127
-4099
-111
-4355
-43
-4599
-99
-4803
-83
-5187
-27
-5399
-131
-5611
-63
-5887
-11
-6003
-67
-6271
-67
-6591
-111
-6803
-39
-7083
-35
-7227
-119
-7531
-59
-7715
-123
-8043
-67
-8259
-127
-8467
-123
-8723
-99
-8879
-135
-9139
-91
-9499
-67
-9691
-147
-9899
-115
-10219
-131
-10459
-115
-10603
-91
-10851
-147
-11099
-67
-11363
-131
-11579
-83
-11859
-75
-12027
-155
-12379
-67
-12627
-83
-12763
-99
-13075
-123
-13267
-107
-13579
-155
-13779
-107
-13979
-83
-14299
-139
-14531
-147
-14715
-67
-14995
-155
-15267
-51
-15387
-99
-15747
-147
-15995
-147
-16131
-147
-16443
-155
-16715
-147
-16827
-115
-17083
-99
-17323
-139
-17651
-67
-17787
-115
-18123
-155
-18339
-131
-18555
-115
-18859
-370
422
-373
-63
-341
-314
-360
-534
-351
-761
-381
-1083
-365
-1301
-326
-1463
-257
-1704
-303
-2043
-377
-2237
-371
-2465
-355
-2695
-391
-2937
-285
-3135
-253
-3463
-389
-3617
-363
-3927
-323
-4145
-351
-4379
-289
-4619
-283
-4927
-335
-5087
-383
-5411
-339
-5567
-347
-5843
-239
-6071
-375
-6319
-379
-6515
-291
-6787
-299
-7059
-391
-7231
-347
-7523
-279
-7771
-299
-7987
-351
-8275
-335
-8423
-299
-8767
-355
-9019
-355
-9247
-315
-9459
-299
-9755
-363
-9867
-315
-10211
-363
-10347
-347
-10667
-395
-10867
-395
-11083
-275
-11307
-307
-11579
-387
-11827
-363
-12083
-395
-12347
-395
-12539
-323
-12835
-339
-12995
-323
-13299
-387
-13475
-387
-13779
-275
-14051
-291
-14195
-283
-14547
-323
-14771
-339
-14923
-355
-15195
-315
-15427
-387
-15683
-371
-15971
-331
-16203
-363
-16467
-291
-16587
-315
-16859
-307
-17139
-387
-17331
-291
-17667
-371
-17803
-331
-18059
-331
-18307
-379
-18571
-339
-18851
-503
1516
-556
-114
-541
-347
-587
-614
-604
-796
-494
-1051
-493
-1273
-526
-1446
-604
-1747
-614
-1931
-548
-2185
-553
-2425
-543
-2643
-527
-2983
-591
-3139
-613
-3477
-543
-3655
-559
-3885
-603
-4175
-493
-4455
-581
-4551
-583
-4819
-587
-5103
-599
-5299
-603
-5627
-579
-5899
-599
-6055
-495
-6391
-591
-6499
-539
-6751
-575
-7079
-487
-7311
-519
-7579
-539
-7731
-631
-7971
-591
-8207
-587
-8467
-591
-8723
-575
-8955
-563
-9219
-563
-9471
-539
-9643
-571
-9963
-635
-10219
-603
-10371
-571
-10699
-627
-10931
-611
-11147
-563
-11379
-539
-11651
-627
-11835
-579
-12155
-587
-12283
-547
-12539
-627
-12843
-627
-13003
-595
-13315
-603
-13475
-635
-13803
-619
-14003
-619
-14259
-619
-14467
-563
-14755
-531
-15011
-595
-15219
-603
-15403
-635
-15635
-635
-15915
-603
-16107
-539
-16419
-627
-16715
-611
-16907
-587
-17179
-635
-17395
-595
-17579
-595
-17915
-539
-18067
-627
-18315
-587
-18515
-627
-18811
-759
564
-836
-107
-805
-250
-813
-611
-854
-821
-779
-1003
-785
-1271
-825
-1507
-753
-1718
-814
-2014
-837
-2280
-753
-2463
-831
-2721
-839
-3007
-739
-3133
-755
-3447
-845
-3679
-787
-3881
-835
-4203
-835
-4461
-721
-4709
-747
-4903
-751
-5099
-831
-5279
-827
-5603
-799
-5839
-795
-6007
-787
-6383
-743
-6487
-763
-6803
-851
-6983
-863
-7227
-859
-7523
-871
-7775
-811
-7999
-855
-8243
-855
-8519
-851
-8699
-847
-9011
-843
-9143
-743
-9499
-851
-9747
-859
-9987
-835
-10123
-819
-10387
-803
-10675
-843
-10835
-859
-11171
-875
-11435
-819
-11579
-867
-11803
-827
-12155
-867
-12363
-859
-12627
-851
-12835
-835
-13043
-859
-13227
-867
-13515
-875
-13755
-867
-13979
-875
-14283
-859
-14475
-867
-14771
-875
-14971
-875
-15203
-859
-15451
-755
-15699
-851
-15947
-875
-16123
-875
-16403
-843
-16643
-779
-16899
-795
-17147
-835
-17323
-843
-17675
-819
-17875
-779
-18155
-859
-18283
-859
-18627
-755
-18851
-1083
453
-1033
-83
-1061
-383
-1058
-611
-989
-821
-1059
-1037
-1081
-1341
-985
-1510
-1053
-1740
-977
-2028
-959
-2210
-1053
-2417
-1069
-2673
-1083
-2953
-1045
-3113
-1091
-3455
-1059
-3691
-1059
-3973
-1079
-4207
-1075
-4351
-1061
-4581
-1111
-4919
-1043
-5107
-1051
-5391
-1067
-5623
-1095
-5903
-1075
-6083
-1095
-6255
-1107
-6603
-995
-6763
-1091
-6963
-1083
-7255
-1091
-7543
-1039
-7703
-1079
-7955
-1087
-8159
-1035
-8459
-1063
-8691
-971
-8967
-1011
-9127
-1051
-9463
-1091
-9627
-1107
-9875
-1059
-10211
-987
-10403
-1019
-10659
-1107
-10851
-1003
-11179
-1099
-11307
-1011
-11651
-1091
-11907
-1099
-12107
-1075
-12363
-1107
-12619
-1059
-12875
-1003
-13083
-1059
-13243
-995
-13499
-995
-13819
-1019
-13955
-1043
-14275
-1035
-14515
-1115
-14667
-1067
-14915
-1059
-15195
-1091
-15443
-1083
-15691
-1091
-15899
-1091
-16155
-1051
-16411
-1035
-16611
-1099
-16851
-1099
-17171
-1059
-17323
-1027
-17635
-1083
-17819
-1115
-18027
-1107
-18395
-1107
-18563
-1043
-18851
-1275
1018
-1289
-91
-1252
-280
-1218
-515
-1251
-716
-1267
-1003
-1295
-1324
-1294
-1568
-1303
-1770
-1283
-1983
-1245
-2161
-1303
-2443
-1339
-2731
-1253
-2971
-1199
-3223
-1275
-3421
-1283
-3653
-1215
-3845
-1249
-4187
-1275
-4437
-1227
-4583
-1347
-4923
-1339
-5103
-1219
-5295
-1315
-5583
-1335
-5871
-1311
-6031
-1291
-6331
-1235
-6491
-1323
-6791
-1239
-7071
-1243
-7331
-1339
-7475
-1327
-7747
-1319
-8059
-1319
-8247
-1335
-8527
-1219
-8683
-1323
-8975
-1263
-9235
-1315
-9515
-1291
-9659
-1235
-9915
-1323
-10107
-1227
-10419
-1315
-10659
-1355
-10883
-1307
-11091
-1331
-11323
-1267
-11571
-1347
-11859
-1227
-12107
-1251
-12307
-1323
-12595
-1251
-12835
-1323
-13027
-1339
-13283
-1307
-13595
-1331
-13755
-1323
-13979
-1307
-14251
-1315
-14427
-1299
-14723
-1331
-15035
-1243
-15235
-1235
-15419
-1275
-15747
-1299
-15963
-1315
-16139
-1347
-16411
-1267
-16643
-1251
-16955
-1291
-17155
-1283
-17323
-1339
-17547
-1283
-17859
-1275
-18027
-1355
-18339
-1243
-18571
-1227
-18875
-1563
757
-1559
-119
-1527
-319
-1547
-587
-1493
-835
-1577
-983
-1497
-1303
-1511
-1521
-1563
-1703
-1537
-1957
-1497
-2263
-1521
-2479
-1549
-2647
-1571
-2941
-1569
-3235
-1535
-3495
-1523
-3735
-1525
-3873
-1583
-4209
-1451
-4441
-1479
-4681
-1539
-4919
-1547
-5127
-1535
-5355
-1511
-5523
-1531
-5783
-1491
-6071
-1459
-6259
-1571
-6603
-1463
-6859
-1555
-7063
-1595
-7315
-1479
-7471
-1523
-7815
-1587
-8055
-1483
-8259
-1535
-8515
-1551
-8667
-1531
-8907
-1579
-9179
-1595
-9491
-1523
-9643
-1579
-9891
-1539
-10227
-1555
-10403
-1547
-10643
-1507
-10923
-1571
-11187
-1467
-11427
-1595
-11563
-1571
-11843
-1595
-12099
-1531
-12307
-1515
-12563
-1563
-12875
-1515
-13107
-1555
-13291
-1531
-13539
-1539
-13787
-1595
-14067
-1571
-14187
-1475
-14555
-1531
-14675
-1515
-15019
-1555
-15187
-1491
-15483
-1475
-15643
-1515
-15899
-1587
-16235
-1539
-16459
-1563
-16659
-1595
-16915
-1499
-17083
-1523
-17419
-1539
-17555
-1579
-17843
-1491
-18051
-1539
-18355
-1571
-18531
-1547
-18851
-1811
1191
-1681
-139
-1725
-361
-1803
-533
-1695
-797
-1749
-1031
-1755
-1337
-1775
-1531
-1759
-1785
-1827
-1935
-1813
-2283
-1731
-2427
-1751
-2663
-1765
-2987
-1801
-3155
-1773
-3469
-1719
-3717
-1751
-3851
-1755
-4137
-1747
-4433
-1701
-4595
-1699
-4927
-1807
-5115
-1823
-5307
-1767
-5579
-1779
-5819
-1723
-6099
-1727
-6255
-1731
-6595
-1687
-6735
-1711
-7075
-1707
-7299
-1807
-7495
-1819
-7767
-1771
-7955
-1807
-8211
-1779
-8463
-1811
-8679
-1751
-8915
-1727
-9255
-1783
-9439
-1763
-9715
-1811
-9979
-1803
-10195
-1819
-10419
-1763
-10595
-1819
-10899
-1747
-11115
-1747
-11371
-1771
-11611
-1723
-11851
-1707
-12091
-1819
-12339
-1779
-12595
-1803
-12835
-1715
-13067
-1795
-13243
-1827
-13507
-1747
-13771
-1787
-14003
-1819
-14235
-1819
-14451
-1787
-14747
-1827
-14979
-1739
-15227
-1739
-15395
-1827
-15675
-1731
-15939
-1787
-16163
-1811
-16443
-1763
-16587
-1755
-16915
-1715
-17171
-1715
-17427
-1795
-17563
-1747
-17867
-1779
-18083
-1835
-18355
-1755
-18563
-1715
-18859
-2047
1703
-2025
-29
-1935
-255
-2005
-575
-1929
-751
-1991
-977
-2015
-1315
-1983
-1471
-2039
-1759
-1935
-1999
-2027
-2301
-1979
-2519
-2055
-2671
-2051
-2985
-1965
-3201
-2007
-3397
-2015
-3641
-2025
-3887
-2009
-4221
-1947
-4469
-2035
-4671
-1995
-4855
-1935
-5139
-2027
-5347
-2027
-5615
-2031
-5799
-1995
-6079
-2019
-6323
-2031
-6579
-2015
-6771
-2011
-6991
-2007
-7215
-2067
-7523
-1999
-7819
-2007
-7935
-2075
-8183
-2059
-8487
-2015
-8727
-2003
-8963
-2011
-9247
-1947
-9395
-2003
-9643
-1995
-9987
-2035
-10139
-2051
-10451
-1971
-10619
-2051
-10923
-2043
-11067
-2059
-11395
-2019
-11579
-1995
-11907
-2059
-12067
-2043
-12331
-1979
-12627
-1963
-12811
-2075
-13027
-1979
-13307
-2035
-13507
-2035
-13763
-2075
-14027
-2035
-14315
-2019
-14451
-1963
-14707
-2067
-14987
-2027
-15267
-2043
-15467
-1971
-15683
-2067
-15947
-1955
-16203
-2027
-16443
-2019
-16627
-2003
-16947
-2075
-17171
-1947
-17403
-2043
-17635
-2003
-17811
-2051
-18099
-2019
-18371
-1963
-18579
-2003
-18867
-2195
899
-2247
-11
-2223
-287
-2253
-499
-2269
-743
-2255
-1099
-2257
-1351
-2285
-1443
-2247
-1781
-2201
-1935
-2193
-2181
-2227
-2467
-2259
-2677
-2283
-3015
-2249
-3215
-2249
-3367
-2263
-3739
-2291
-3975
-2303
-4117
-2257
-4383
-2283
-4637
-2199
-4911
-2175
-5059
-2235
-5327
-2195
-5547
-2199
-5867
-2267
-6127
-2267
-6347
-2267
-6595
-2243
-6763
-2207
-7003
-2243
-7255
-2219
-7471
-2291
-7831
-2271
-8011
-2235
-8227
-2259
-8519
-2231
-8687
-2291
-9015
-2183
-9147
-2175
-9439
-2195
-9699
-2291
-9923
-2283
-10235
-2235
-10435
-2267
-10715
-2291
-10955
-2251
-11075
-2307
-11323
-2299
-11563
-2299
-11827
-2299
-12123
-2283
-12267
-2195
-12611
-2211
-12819
-2251
-12995
-2291
-13283
-2251
-13507
-2259
-13835
-2291
-14035
-2315
-14227
-2227
-14491
-2227
-14707
-2283
-15027
-2219
-15195
-2291
-15395
-2235
-15651
-2307
-15899
-2275
-16107
-2291
-16387
-2307
-16595
-2315
-16923
-2187
-17187
-2307
-17347
-2235
-17603
-2227
-17827
-2315
-18139
-2227
-18347
-2307
-18539
-2307
-18851
-2531
691
-2525
-103
-2463
-371
-2405
-489
-2471
-727
-2505
-1015
-2543
-1315
-2479
-1539
-2467
-1793
-2503
-2033
-2499
-2309
-2491
-2455
-2547
-2705
-2531
-2947
-2433
-3169
-2463
-3435
-2495
-3683
-2527
-3851
-2477
-4081
-2531
-4463
-2437
-4659
-2435
-4919
-2419
-5099
-2535
-5343
-2531
-5535
-2507
-5855
-2531
-6011
-2435
-6351
-2543
-6499
-2415
-6831
-2419
-7051
-2523
-7315
-2471
-7483
-2419
-7795
-2511
-7939
-2531
-8239
-2467
-8503
-2547
-8743
-2511
-8875
-2455
-9275
-2519
-9459
-2451
-9675
-2427
-9899
-2443
-10131
-2515
-10403
-2531
-10643
-2467
-10835
-2523
-11155
-2507
-11379
-2475
-11563
-2515
-11819
-2531
-12035
-2523
-12363
-2499
-12603
-2547
-12875
-2435
-13051
-2451
-13315
-2555
-13595
-2491
-13715
-2491
-14075
-2475
-14275
-2515
-14491
-2491
-14747
-2539
-15003
-2435
-15235
-2491
-15451
-2459
-15699
-2435
-15875
-2547
-16163
-2539
-16363
-2467
-16683
-2523
-16851
-2555
-17195
-2547
-17419
-2467
-17579
-2507
-17899
-2507
-18123
-2531
-18347
-2459
-18563
-2499
-18867
-2707
125
-2711
-139
-2731
-267
-2723
-531
-2659
-775
-2767
-1091
-2771
-1335
-2735
-1451
-2671
-1799
-2755
-2019
-2671
-2289
-2655
-2425
-2695
-2647
-2695
-3007
-2695
-3163
-2659
-3467
-2659
-3721
-2719
-3967
-2687
-4125
-2711
-4375
-2759
-4591
-2775
-4863
-2667
-5155
-2763
-5391
-2715
-5651
-2767
-5819
-2735
-6047
-2739
-6351
-2735
-6483
-2719
-6747
-2727
-7063
-2743
-7299
-2655
-7515
-2779
-7703
-2647
-7987
-2755
-8263
-2659
-8479
-2759
-8767
-2771
-9019
-2651
-9131
-2663
-9515
-2715
-9675
-2771
-9971
-2795
-10163
-2763
-10371
-2795
-10675
-2771
-10835
-2715
-11115
-2755
-11427
-2787
-11643
-2747
-11835
-2699
-12067
-2675
-12339
-2739
-12547
-2787
-12755
-2715
-13019
-2707
-13291
-2771
-13483
-2787
-13827
-2763
-14003
-2795
-14227
-2723
-14443
-2675
-14715
-2787
-15003
-2715
-15187
-2771
-15387
-2747
-15667
-2675
-15939
-2715
-16203
-2747
-16363
-2771
-16635
-2667
-16955
-2675
-17155
-2739
-17419
-2787
-17619
-2755
-17843
-2779
-18131
-2795
-18283
-2763
-18611
-2699
-18827
-2983
101
-3023
-91
-3023
-307
-2999
-567
-2935
-731
-2919
-1027
-2999
-1335
-2979
-1495
-2911
-1751
-2971
-2015
-3023
-2167
-3031
-2487
-2963
-2683
-3003
-2923
-2967
-3251
-2911
-3399
-2951
-3627
-2899
-3859
-2911
-4115
-2951
-4435
-2939
-4619
-2907
-4815
-3027
-5159
-2931
-5339
-2999
-5559
-2899
-5839
-2979
-6031
-2979
-6275
-2903
-6575
-2911
-6855
-2991
-6995
-2931
-7267
-3007
-7483
-2987
-7823
-2911
-8059
-2939
-8287
-2927
-8431
-3027
-8659
-2967
-8891
-2991
-9243
-2895
-9395
-2987
-9627
-3035
-9915
-2971
-10203
-2955
-10371
-3019
-10627
-2995
-10827
-2939
-11067
-2995
-11363
-2971
-11659
-3011
-11843
-3035
-12155
-3011
-12363
-2995
-12547
-3011
-12747
-2955
-13059
-2979
-13339
-2995
-13491
-2955
-13731
-3019
-14051
-2995
-14267
-3027
-14515
-3035
-14739
-2995
-14947
-2995
-15227
-2907
-15451
-3003
-15675
-2987
-15899
-3003
-16171
-2987
-16475
-2923
-16651
-2939
-16883
-2955
-17099
-3027
-17331
-2955
-17571
-3027
-17867
-3035
-18147
-3011
-18387
-3003
-18523
-2947
-18811
-3243
125
-3227
-123
-3179
-331
-3235
-587
-3199
-863
-3219
-1059
-3179
-1331
-3239
-1499
-3263
-1691
-3151
-1979
-3223
-2251
-3203
-2515
-3267
-2779
-3247
-2947
-3167
-3267
-3147
-3451
-3259
-3659
-3147
-3847
-3259
-4151
-3219
-4327
-3191
-4695
-3207
-4939
-3227
-5119
-3243
-5351
-3195
-5611
-3167
-5863
-3167
-6143
-3211
-6347
-3147
-6595
-3223
-6739
-3155
-7063
-3147
-7315
-3223
-7495
-3155
-7779
-3243
-7983
-3271
-8187
-3203
-8439
-3259
-8719
-3179
-8915
-3227
-9167
-3115
-9411
-3227
-9651
-3203
-9971
-3251
-10155
-3171
-10347
-3147
-10659
-3251
-10915
-3195
-11187
-3147
-11315
-3267
-11595
-3195
-11883
-3259
-12131
-3243
-12379
-3235
-12539
-3227
-12875
-3155
-13107
-3147
-13243
-3203
-13587
-3243
-13739
-3243
-13947
-3267
-14203
-3275
-14515
-3275
-14731
-3187
-14931
-3259
-15171
-3267
-15467
-3251
-15747
-3195
-15867
-3171
-16227
-3259
-16403
-3235
-16667
-3235
-16875
-3235
-17083
-3179
-17435
-3259
-17651
-3267
-17827
-3267
-18139
-3235
-18331
-3275
-18587
-3203
-18851
-3459
85
-3463
-63
-3495
-255
-3427
-623
-3475
-787
-3391
-1059
-3427
-1311
-3463
-1443
-3395
-1767
-3375
-1943
-3483
-2179
-3483
-2515
-3499
-2723
-3491
-2939
-3387
-3235
-3491
-3411
-3403
-3755
-3443
-3883
-3443
-4147
-3475
-4471
-3483
-4583
-3499
-4939
-3483
-5091
-3443
-5391
-3475
-5559
-3487
-5903
-3423
-6039
-3371
-6351
-3483
-6611
-3495
-6851
-3503
-7051
-3451
-7267
-3395
-7499
-3423
-7835
-3475
-7999
-3403
-8287
-3499
-8475
-3395
-8767
-3451
-8935
-3447
-9235
-3475
-9507
-3451
-9707
-3515
-9979
-3507
-10107
-3467
-10355
-3427
-10675
-3515
-10891
-3467
-11067
-3491
-11387
-3491
-11627
-3419
-11907
-3411
-12075
-3419
-12275
-3499
-12523
-3467
-12859
-3459
-13019
-3483
-13259
-3499
-13555
-3483
-13803
-3499
-14011
-3507
-14267
-3467
-14547
-3507
-14715
-3395
-15035
-3499
-15147
-3451
-15435
-3403
-15643
-3411
-15987
-3467
-16195
-3499
-16435
-3435
-16619
-3475
-16899
-3507
-17187
-3491
-17323
-3427
-17571
-3467
-17907
-3475
-18027
-3507
-18323
-3499
-18579
-3507
-18819
-3723
117
-3687
-115
-3615
-311
-3739
-503
-3627
-843
-3735
-1051
-3635
-1299
-3651
-1471
-3711
-1787
-3667
-2023
-3619
-2291
-3687
-2511
-3695
-2731
-3743
-2963
-3739
-3147
-3679
-3511
-3715
-3727
-3683
-3867
-3623
-4223
-3691
-4467
-3675
-4595
-3715
-4819
-3727
-5127
-3659
-5367
-3635
-5655
-3755
-5803
-3707
-6027
-3635
-6299
-3743
-6599
-3739
-6727
-3671
-7055
-3739
-7235
-3671
-7483
-3723
-7803
-3683
-8055
-3659
-8255
-3655
-8527
-3719
-8771
-3691
-8983
-3659
-9247
-3659
-9435
-3699
-9659
-3691
-9891
-3643
-10211
-3723
-10427
-3675
-10595
-3731
-10835
-3739
-11067
-3747
-11363
-3755
-11563
-3699
-11907
-3715
-12051
-3747
-12283
-3635
-12563
-3683
-12795
-3739
-13091
-3747
-13235
-3755
-13499
-3691
-13755
-3739
-13947
-3627
-14219
-3739
-14451
-3723
-14675
-3747
-14963
-3755
-15187
-3675
-15507
-3691
-15691
-3651
-15947
-3755
-16163
-3699
-16475
-3731
-16651
-3739
-16899
-3715
-17147
-3627
-17315
-3651
-17595
-3715
-17819
-3747
-18139
-3739
-18387
-3731
-18523
-3699
-18835
-3963
141
-3947
-123
-3915
-303
-3879
-535
-3863
-807
-3959
-1043
-3931
-1203
-3959
-1447
-3895
-1815
-3943
-2011
-3879
-2195
-3963
-2543
-3967
-2719
-3931
-2979
-3855
-3215
-3963
-3515
-3899
-3599
-3971
-3875
-3963
-4111
-3911
-4439
-3931
-4619
-3947
-4875
-3843
-5159
-3963
-5371
-3863
-5651
-3991
-5875
-3963
-6055
-3939
-6367
-3955
-6627
-3875
-6751
-3879
-7087
-3951
-7223
-3927
-7571
-3975
-7751
-3943
-7935
-3963
-8211
-3875
-8411
-3971
-8711
-3959
-8963
-3879
-9151
-3991
-9499
-3867
-9659
-3875
-9987
-3891
-10211
-3947
-10363
-3939
-10595
-3939
-10827
-3987
-11179
-3955
-11435
-3995
-11579
-3939
-11795
-3971
-12107
-3971
-12283
-3971
-12563
-3955
-12795
-3947
-13075
-3979
-13347
-3939
-13579
-3899
-13819
-3891
-14075
-3979
-14307
-3995
-14547
-3979
-14787
-3891
-15019
-3987
-15243
-3955
-15467
-3987
-15675
-3995
-15875
-3987
-16235
-3931
-16355
-3939
-16699
-3979
-16939
-3955
-17147
-3915
-17419
-3971
-17547
-3947
-17867
-3939
-18139
-3955
-18371
-3987
-18611
-3987
-18859
-4143
85
-4227
-99
-4135
-251
-4199
-579
-4151
-815
-4115
-1091
-4155
-1279
-4163
-1547
-4107
-1759
-4203
-2059
-4151
-2211
-4115
-2455
-4203
-2767
-4195
-2915
-4163
-3171
-4151
-3391
-4207
-3623
-4179
-3935
-4231
-4095
-4207
-4411
-4115
-4687
-4191
-4903
-4235
-5167
-4079
-5351
-4187
-5639
-4219
-5807
-4211
-6111
-4195
-6379
-4179
-6547
-4163
-6731
-4203
-7007
-4135
-7235
-4215
-7503
-4143
-7811
-4103
-7975
-4175
-8183
-4207
-8503
-4199
-8731
-4155
-8875
-4107
-9259
-4179
-9387
-4211
-9691
-4195
-9899
-4171
-10147
-4179
-10419
-4235
-10699
-4163
-10939
-4171
-11075
-4187
-11379
-4203
-11571
-4171
-11883
-4123
-12035
-4211
-12371
-4227
-12515
-4187
-12787
-4123
-13027
-4139
-13331
-4139
-13563
-4147
-13739
-4171
-14011
-4171
-14267
-4227
-14491
-4211
-14739
-4115
-14995
-4211
-15227
-4107
-15507
-4203
-15747
-4195
-15947
-4171
-16147
-4187
-16411
-4203
-16643
-4179
-16827
-4147
-17099
-4155
-17435
-4195
-17579
-4195
-17859
-4179
-18107
-4115
-18283
-4235
-18531
-4139
-18827
-4331
133
-4363
-7
-4459
-259
-4455
-603
-4395
-775
-4371
-991
-4411
-1227
-4455
-1547
-4443
-1755
-4407
-2019
-4435
-2243
-4391
-2519
-4463
-2715
-4419
-2899
-4423
-3239
-4467
-3375
-4427
-3675
-4375
-3867
-4351
-4207
-4355
-4351
-4439
-4627
-4431
-4811
-4383
-5119
-4371
-5407
-4439
-5579
-4435
-5819
-4431
-6047
-4315
-6255
-4467
-6579
-4391
-6771
-4415
-7091
-4423
-7211
-4443
-7587
-4399
-7719
-4379
-8027
-4419
-8187
-4427
-8427
-4359
-8711
-4443
-8955
-4455
-9239
-4343
-9467
-4475
-9707
-4451
-9867
-4363
-10187
-4459
-10387
-4355
-10587
-4371
-10955
-4451
-11091
-4467
-11363
-4475
-11547
-4395
-11827
-4435
-12043
-4427
-12339
-4459
-12563
-4451
-12763
-4451
-13011
-4427
-13315
-4387
-13491
-4403
-13763
-4395
-14027
-4427
-14187
-4435
-14507
-4459
-14667
-4475
-15019
-4395
-15243
-4475
-15419
-4467
-15699
-4419
-15971
-4475
-16171
-4395
-16451
-4467
-16715
-4395
-16907
-4379
-17099
-4443
-17379
-4379
-17635
-4459
-17843
-4355
-18099
-4403
-18275
-4459
-18587
-4419
-18851
-4575
85
-4635
-135
-4655
-355
-4667
-571
-4671
-823
-4607
-975
-4651
-1315
-4567
-1495
-4611
-1743
-4687
-1943
-4695
-2299
-4691
-2427
-4699
-2795
-4707
-3003
-4647
-3259
-4695
-3471
-4679
-3603
-4687
-3867
-4571
-4223
-4667
-4407
-4611
-4603
-4687
-4935
-4571
-5063
-4675
-5295
-4711
-5611
-4687
-5787
-4671
-6107
-4579
-6271
-4703
-6535
-4671
-6855
-4691
-7083
-4691
-7315
-4703
-7559
-4647
-7807
-4639
-7939
-4635
-8239
-4571
-8411
-4615
-8707
-4651
-8979
-4643
-9235
-4707
-9515
-4667
-9747
-4643
-9971
-4659
-10227
-4683
-10443
-4659
-10683
-4603
-10931
-4675
-11115
-4707
-11347
-4707
-11547
-4683
-11795
-4699
-12147
-4691
-12291
-4643
-12531
-4707
-12771
-4715
-13035
-4715
-13347
-4651
-13499
-4707
-13755
-4643
-13963
-4651
-14203
-4699
-14491
-4675
-14779
-4699
-14987
-4691
-15235
-4611
-15499
-4659
-15683
-4659
-15907
-4707
-16131
-4715
-16363
-4683
-16691
-4667
-16955
-4699
-17099
-4603
-17435
-4603
-17619
-4587
-17915
-4699
-18099
-4683
-18275
-4691
-18515
-4627
-18867
-4867
109
-4859
-143
-4903
-343
-4915
-499
-4879
-743
-4931
-1055
-4831
-1319
-4943
-1531
-4895
-1675
-4835
-1975
-4935
-2215
-4875
-2419
-4883
-2731
-4935
-2931
-4915
-3219
-4819
-3483
-4891
-3635
-4879
-3983
-4839
-4203
-4827
-4331
-4899
-4675
-4915
-4891
-4915
-5187
-4843
-5379
-4875
-5627
-4891
-5799
-4827
-6119
-4931
-6331
-4891
-6555
-4931
-6795
-4907
-7039
-4879
-7287
-4839
-7579
-4891
-7775
-4831
-7971
-4887
-8239
-4927
-8531
-4915
-8735
-4859
-8983
-4875
-9175
-4911
-9515
-4915
-9731
-4939
-9867
-4939
-10139
-4859
-10475
-4931
-10595
-4835
-10859
-4851
-11187
-4915
-11411
-4891
-11643
-4915
-11907
-4867
-12075
-4923
-12387
-4907
-12587
-4947
-12787
-4947
-13035
-4843
-13251
-4923
-13555
-4867
-13819
-4931
-14067
-4835
-14283
-4907
-14499
-4907
-14779
-4867
-14987
-4907
-15163
-4867
-15483
-4915
-15747
-4939
-15875
-4835
-16227
-4891
-16435
-4915
-16611
-4947
-16931
-4827
-17179
-4907
-17411
-4883
-17611
-4867
-17915
-4915
-18027
-4931
-18371
-4875
-18579
-4939
-18859
-5039
125
-5135
-39
-5163
-355
-5171
-603
-5163
-815
-5179
-1027
-5083
-1255
-5171
-1547
-5143
-1811
-5055
-1971
-5191
-2219
-5131
-2495
-5139
-2683
-5171
-2971
-5171
-3155
-5091
-3475
-5159
-3667
-5131
-3951
-5127
-4139
-5103
-4343
-5127
-4583
-5067
-4819
-5067
-5083
-5127
-5415
-5167
-5559
-5051
-5863
-5147
-6027
-5155
-6275
-5187
-6559
-5147
-6751
-5047
-7003
-5171
-7307
-5163
-7551
-5083
-7707
-5091
-7983
-5151
-8271
-5175
-8467
-5167
-8715
-5159
-8915
-5167
-9171
-5147
-9491
-5195
-9739
-5155
-9899
-5171
-10211
-5195
-10371
-5123
-10635
-5195
-10875
-5083
-11083
-5187
-11307
-5075
-11595
-5123
-11827
-5195
-12099
-5131
-12379
-5187
-12531
-5179
-12827
-5195
-13091
-5099
-13355
-5155
-13523
-5147
-13747
-5139
-14051
-5179
-14315
-5139
-14475
-5155
-14675
-5195
-14987
-5187
-15275
-5155
-15435
-5195
-15627
-5099
-15875
-5115
-16179
-5115
-16363
-5195
-16691
-5187
-16947
-5083
-17075
-5075
-17419
-5171
-17675
-5155
-17867
-5139
-18051
-5075
-18275
-5187
-18603
-5187
-18827
-5347
93
-5315
-107
-5387
-299
-5419
-627
-5315
-791
-5339
-1043
-5403
-1331
-5419
-1555
-5363
-1807
-5419
-2035
-5379
-2203
-5379
-2447
-5315
-2747
-5315
-2947
-5347
-3211
-5347
-3495
-5379
-3619
-5403
-3907
-5395
-4119
-5355
-4443
-5363
-4695
-5379
-4911
-5315
-5115
-5427
-5395
-5363
-5563
-5427
-5859
-5323
-6055
-5435
-6283
-5427
-6555
-5427
-6747
-5403
-6995
-5395
-7243
-5355
-7563
-5411
-7723
-5403
-8011
-5435
-8195
-5371
-8491
-5411
-8779
-5427
-9035
-5427
-9195
-5419
-9499
-5371
-9675
-5427
-9899
-5427
-10131
-5379
-10347
-5427
-10659
-5427
-10859
-5347
-11115
-5355
-11371
-5371
-11643
-5419
-11907
-5403
-12131
-5419
-12315
-5411
-12627
-5307
-12875
-5387
-13067
-5315
-13355
-5419
-13531
-5411
-13739
-5411
-14059
-5379
-14203
-5435
-14507
-5331
-14763
-5427
-14971
-5323
-15219
-5379
-15435
-5435
-15715
-5387
-15915
-5363
-16171
-5427
-16387
-5427
-16715
-5403
-16955
-5403
-17139
-5315
-17403
-5379
-17675
-5387
-17787
-5371
-18035
-5355
-18395
-5403
-18571
-5427
-18811
-5563
93
-5555
-99
-5643
-291
-5651
-619
-5603
-843
-5619
-1115
-5579
-1323
-5611
-1563
-5627
-1755
-5595
-1947
-5603
-2267
-5555
-2483
-5603
-2771
-5667
-2955
-5643
-3275
-5555
-3403
-5659
-3627
-5547
-3955
-5675
-4163
-5619
-4459
-5675
-4659
-5635
-4923
-5635
-5163
-5675
-5347
-5595
-5651
-5651
-5859
-5563
-6131
-5675
-6267
-5675
-6619
-5659
-6851
-5603
-7003
-5603
-7299
-5563
-7507
-5643
-7707
-5627
-7955
-5643
-8219
-5659
-8531
-5659
-8795
-5675
-8979
-5619
-9227
-5563
-9515
-5659
-9635
-5611
-9923
-5547
-10235
-5659
-10451
-5603
-10715
-5635
-10891
-5667
-11139
-5651
-11411
-5667
-11651
-5603
-11795
-5571
-12091
-5667
-12307
-5611
-12587
-5643
-12763
-5587
-12995
-5571
-13323
-5651
-13515
-5579
-13715
-5595
-14035
-5675
-14299
-5611
-14467
-5675
-14795
-5579
-15035
-5587
-15267
-5675
-15515
-5611
-15715
-5611
-15907
-5563
-16187
-5643
-16411
-5675
-16691
-5627
-16891
-5659
-17115
-5651
-17411
-5587
-17571
-5643
-17859
-5547
-18107
-5651
-18347
-5667
-18627
-5659
-18819
-5867
93
-5891
-123
-5811
-379
-5907
-531
-5827
-779
-5811
-1067
-5915
-1251
-5915
-1483
-5883
-1723
-5851
-2051
-5827
-2299
-5843
-2547
-5803
-2715
-5843
-2931
-5899
-3219
-5875
-3499
-5891
-3715
-5883
-3979
-5875
-4211
-5851
-4475
-5851
-4659
-5915
-4931
-5827
-5131
-5915
-5379
-5835
-5587
-5899
-5827
-5867
-6107
-5907
-6315
-5859
-6595
-5891
-6867
-5795
-7075
-5843
-7347
-5811
-7555
-5795
-7835
-5835
-7947
-5867
-8275
-5851
-8491
-5891
-8787
-5915
-8971
-5875
-9211
-5843
-9491
-5859
-9635
-5883
-9955
-5835
-10139
-5915
-10387
-5851
-10659
-5883
-10875
-5907
-11195
-5883
-11331
-5899
-11595
-5891
-11907
-5891
-12155
-5883
-12283
-5851
-12595
-5883
-12811
-5859
-13019
-5827
-13291
-5859
-13571
-5787
-13707
-5891
-13955
-5883
-14315
-5859
-14499
-5867
-14747
-5867
-14955
-5875
-15275
-5907
-15395
-5795
-15667
-5843
-15939
-5787
-16115
-5811
-16379
-5899
-16699
-5883
-16931
-5827
-17179
-5899
-17419
-5835
-17643
-5907
-17795
-5851
-18035
-5859
-18275
-5835
-18603
-5827
-18851
-6051
109
-6147
-35
-6131
-307
-6067
-619
-6115
-747
-6035
-1091
-6091
-1315
-6099
-1515
-6083
-1795
-6099
-2003
-6075
-2307
-6139
-2483
-6115
-2675
-6051
-2939
-6067
-3163
-6131
-3459
-6131
-3651
-6131
-3875
-6051
-4115
-6107
-4459
-6147
-4707
-6147
-4939
-6051
-5091
-6155
-5339
-6115
-5547
-6059
-5867
-6115
-6083
-6043
-6267
-6139
-6595
-6083
-6867
-6027
-7011
-6147
-7235
-6131
-7539
-6059
-7787
-6123
-8019
-6099
-8219
-6035
-8539
-6027
-8691
-6067
-9019
-6155
-9195
-6027
-9499
-6123
-9627
-6091
-9907
-6067
-10235
-6147
-10403
-6083
-10683
-6155
-10939
-6115
-11179
-6147
-11411
-6027
-11555
-6139
-11851
-6139
-12155
-6067
-12371
-6131
-12587
-6139
-12867
-6067
-13075
-6123
-13339
-6059
-13595
-6155
-13755
-6131
-14051
-6147
-14211
-6131
-14547
-6051
-14691
-6147
-14963
-6131
-15259
-6099
-15443
-6139
-15691
-6115
-15955
-6043
-16179
-6091
-16475
-6099
-16635
-6115
-16923
-6083
-17131
-6123
-17411
-6043
-17651
-6147
-17859
-6147
-18091
-6131
-18307
-6155
-18587
-6035
-18859
-6387
125
-6355
-35
-6355
-315
-6395
-635
-6339
-859
-6275
-1019
-6291
-1251
-6339
-1587
-6347
-1771
-6379
-2019
-6387
-2299
-6387
-2547
-6323
-2795
-6387
-2963
-6315
-3203
-6339
-3507
-6331
-3691
-6283
-3891
-6387
-4115
-6291
-4411
-6387
-4635
-6355
-4843
-6299
-5187
-6299
-5411
-6395
-5659
-6275
-5811
-6339
-6035
-6323
-6387
-6299
-6547
-6355
-6763
-6283
-7099
-6379
-7251
-6299
-7587
-6387
-7835
-6291
-7963
-6387
-8275
-6283
-8467
-6347
-8723
-6371
-8995
-6323
-9251
-6395
-9411
-6355
-9731
-6395
-9947
-6371
-10187
-6315
-10475
-6331
-10699
-6363
-10867
-6363
-11139
-6387
-11395
-6339
-11675
-6291
-11795
-6371
-12107
-6291
-12347
-6371
-12635
-6315
-12859
-6331
-13115
-6339
-13267
-6355
-13579
-6379
-13747
-6339
-13947
-6339
-14299
-6355
-14547
-6307
-14787
-6275
-15011
-6315
-15243
-6371
-15395
-6395
-15699
-6347
-15931
-6387
-16227
-6267
-16371
-6291
-16643
-6395
-16859
-6387
-17115
-6395
-17323
-6387
-17603
-6379
-17883
-6315
-18091
-6323
-18331
-6363
-18635
-6307
-18867
-6547
85
-6563
-51
-6579
-395
-6619
-571
-6563
-803
-6603
-1059
-6619
-1227
-6619
-1491
-6619
-1787
-6547
-2067
-6611
-2291
-6587
-2459
-6571
-2795
-6611
-2955
-6603
-3195
-6627
-3427
-6619
-3635
-6523
-3955
-6595
-4155
-6579
-4451
-6555
-4659
-6611
-4867
-6627
-5123
-6531
-5395
-6603
-5587
-6635
-5867
-6547
-6139
-6603
-6355
-6547
-6611
-6619
-6835
-6587
-7067
-6635
-7339
-6627
-7523
-6619
-7811
-6619
-8067
-6619
-8235
-6579
-8507
-6619
-8755
-6571
-8963
-6627
-9195
-6635
-9515
-6563
-9651
-6611
-9883
-6587
-10235
-6611
-10411
-6571
-10707
-6595
-10923
-6523
-11075
-6507
-11331
-6515
-11571
-6539
-11787
-6635
-12099
-6611
-12355
-6635
-12611
-6635
-12835
-6555
-13059
-6635
-13251
-6595
-13499
-6579
-13731
-6595
-14027
-6563
-14299
-6515
-14451
-6611
-14763
-6627
-14915
-6531
-15195
-6571
-15451
-6635
-15699
-6635
-15923
-6571
-16219
-6627
-16379
-6619
-16651
-6619
-16859
-6555
-17171
-6547
-17363
-6579
-17611
-6571
-17803
-6627
-18027
-6635
-18299
-6595
-18587
-6579
-18835
-6827
93
-6835
-51
-6867
-331
-6803
-571
-6827
-803
-6787
-1003
-6867
-1291
-6811
-1595
-6875
-1787
-6867
-2035
-6803
-2251
-6835
-2547
-6859
-2747
-6875
-2939
-6843
-3251
-6819
-3387
-6851
-3723
-6867
-3947
-6771
-4171
-6755
-4379
-6779
-4675
-6747
-4947
-6747
-5171
-6811
-5355
-6811
-5579
-6803
-5819
-6819
-6115
-6867
-6363
-6859
-6563
-6763
-6811
-6763
-7083
-6795
-7347
-6851
-7515
-6859
-7747
-6875
-8075
-6867
-8243
-6835
-8435
-6851
-8691
-6811
-9011
-6795
-9267
-6747
-9467
-6843
-9643
-6835
-9875
-6771
-10219
-6763
-10403
-6843
-10627
-6747
-10859
-6803
-11115
-6827
-11371
-6859
-11635
-6747
-11883
-6859
-12027
-6803
-12363
-6811
-12523
-6835
-12811
-6763
-13019
-6811
-13331
-6787
-13571
-6827
-13771
-6875
-14035
-6747
-14283
-6819
-14475
-6811
-14787
-6851
-14987
-6867
-15275
-6875
-15427
-6875
-15731
-6819
-15963
-6819
-16187
-6779
-16435
-6859
-16715
-6763
-16931
-6803
-17123
-6787
-17323
-6867
-17603
-6787
-17859
-6875
-18099
-6851
-18283
-6787
-18579
-6771
-18859
-6995
149
-7107
-139
-7003
-291
-7043
-595
-7091
-835
-7067
-995
-7043
-1235
-7075
-1539
-7043
-1779
-7075
-2075
-7091
-2251
-7035
-2547
-7011
-2787
-7107
-2971
-6995
-3275
-7075
-3475
-7027
-3683
-7027
-3995
-7035
-4163
-7083
-4475
-7091
-4635
-7083
-4851
-7115
-5195
-7027
-5395
-7043
-5619
-7107
-5867
-7059
-6123
-7003
-6307
-7027
-6611
-7003
-6755
-7011
-7019
-7075
-7347
-7067
-7547
-7043
-7835
-7075
-8059
-7107
-8211
-7083
-8523
-7083
-8779
-7003
-8971
-7107
-9211
-7067
-9499
-7091
-9675
-7075
-9899
-7083
-10219
-7051
-10475
-6995
-10683
-7043
-10955
-7027
-11083
-7083
-11387
-7019
-11595
-7075
-11883
-7107
-12139
-7019
-12291
-7107
-12523
-7099
-12771
-7075
-13011
-7099
-13283
-7043
-13491
-7075
-13771
-7115
-14043
-7019
-14275
-7019
-14467
-7107
-14795
-7091
-14963
-7091
-15211
-7107
-15491
-7099
-15691
-7067
-15907
-7043
-16195
-7115
-16419
-7051
-16611
-7115
-16851
-7115
-17099
-7067
-17371
-7003
-17603
-7091
-17867
-7043
-18059
-7083
-18267
-7067
-18611
-7075
-18819
-7355
141
-7275
-83
-7331
-347
-7307
-627
-7283
-827
-7259
-987
-7283
-1323
-7259
-1475
-7243
-1803
-7299
-1947
-7355
-2307
-7347
-2547
-7315
-2715
-7315
-2923
-7355
-3235
-7299
-3387
-7299
-3667
-7283
-3923
-7299
-4147
-7331
-4363
-7251
-4643
-7307
-4939
-7259
-5083
-7355
-5331
-7347
-5579
-7347
-5851
-7339
-6091
-7291
-6371
-7339
-6555
-7267
-6867
-7267
-7059
-7291
-7259
-7227
-7595
-7355
-7771
-7331
-7995
-7299
-8187
-7235
-8499
-7259
-8779
-7331
-8987
-7339
-9267
-7355
-9459
-7299
-9755
-7259
-9955
-7251
-10227
-7347
-10475
-7307
-10635
-7315
-10955
-7275
-11099
-7275
-11307
-7355
-11635
-7235
-11875
-7291
-12043
-7339
-12395
-7283
-12539
-7355
-12811
-7355
-13059
-7355
-13291
-7315
-13563
-7323
-13755
-7347
-13963
-7347
-14211
-7283
-14483
-7347
-14699
-7275
-14931
-7227
-15219
-7339
-15435
-7339
-15699
-7283
-15939
-7299
-16147
-7355
-16355
-7323
-16651
-7339
-16835
-7315
-17163
-7251
-17355
-7315
-17563
-7355
-17859
-7251
-18115
-7283
-18315
-7339
-18611
-7227
-18811
-7491
109
-7539
-131
-7547
-275
-7579
-555
-7547
-771
-7483
-1107
-7499
-1251
-7507
-1475
-7571
-1811
-7507
-2059
-7571
-2259
-7579
-2523
-7571
-2739
-7563
-2915
-7475
-3211
-7539
-3395
-7531
-3691
-7563
-3867
-7587
-4211
-7467
-4387
-7539
-4627
-7499
-4827
-7563
-5195
-7507
-5363
-7547
-5651
-7547
-5915
-7579
-6115
-7539
-6387
-7579
-6547
-7467
-6779
-7555
-6987
-7563
-7323
-7547
-7539
-7587
-7835
-7531
-8075
-7555
-8235
-7523
-8451
-7467
-8795
-7571
-9035
-7571
-9155
-7595
-9499
-7531
-9699
-7483
-9939
-7563
-10115
-7547
-10459
-7571
-10627
-7491
-10859
-7555
-11131
-7483
-11355
-7523
-11571
-7555
-11819
-7467
-12083
-7531
-12379
-7531
-12515
-7595
-12803
-7571
-13091
-7571
-13243
-7475
-13555
-7507
-13819
-7483
-14059
-7547
-14251
-7507
-14523
-7523
-14683
-7539
-14995
-7587
-15179
-7595
-15395
-7595
-15691
-7579
-15987
-7555
-16195
-7587
-16355
-7491
-16619
-7475
-16947
-7571
-17179
-7531
-17307
-7507
-17651
-7547
-17891
-7579
-18131
-7531
-18395
-7491
-18523
-7571
-18867
-7787
133
-7747
-115
-7755
-379
-7779
-547
-7827
-843
-7811
-1043
-7779
-1323
-7779
-1531
-7755
-1779
-7779
-2059
-7819
-2315
-7739
-2427
-7827
-2675
-7803
-3027
-7795
-3251
-7763
-3483
-7763
-3699
-7795
-3931
-7803
-4115
-7715
-4435
-7779
-4635
-7835
-4883
-7747
-5147
-7811
-5347
-7819
-5555
-7763
-5915
-7771
-6043
-7723
-6339
-7763
-6611
-7811
-6819
-7731
-7043
-7795
-7355
-7707
-7579
-7787
-7723
-7787
-7955
-7771
-8195
-7747
-8491
-7755
-8683
-7787
-9011
-7723
-9259
-7795
-9387
-7771
-9739
-7739
-9883
-7811
-10123
-7811
-10419
-7795
-10715
-7827
-10835
-7747
-11131
-7795
-11395
-7811
-11635
-7715
-11907
-7755
-12051
-7819
-12283
-7803
-12531
-7771
-12843
-7715
-12995
-7795
-13355
-7771
-13491
-7811
-13795
-7795
-13947
-7795
-14307
-7827
-14515
-7835
-14731
-7819
-14939
-7827
-15211
-7835
-15451
-7811
-15643
-7827
-15915
-7715
-16123
-7835
-16459
-7819
-16595
-7739
-16891
-7827
-17083
-7771
-17323
-7835
-17555
-7739
-17851
-7803
-18043
-7715
-18339
-7803
-18619
-7779
-18843
-8075
125
-8011
-75
-8051
-315
-8059
-547
-8051
-763
-8075
-1099
-8075
-1283
-8043
-1587
-8075
-1811
-7995
-1971
-8011
-2267
-8075
-2555
-8019
-2707
-8043
-3027
-8059
-3227
-7955
-3475
-7971
-3683
-8003
-3923
-8035
-4107
-8003
-4435
-8067
-4619
-8067
-4843
-8067
-5083
-8011
-5307
-8035
-5675
-8059
-5875
-8019
-6107
-8075
-6283
-7963
-6507
-8075
-6795
-8059
-7051
-7995
-7227
-7955
-7563
-8003
-7795
-7947
-8011
-7987
-8187
-8027
-8555
-8003
-8699
-8011
-8931
-8059
-9155
-7947
-9491
-8051
-9715
-8067
-9939
-8075
-10147
-8075
-10395
-8051
-10643
-7987
-10939
-8075
-11171
-7947
-11403
-8051
-11579
-8067
-11915
-8035
-12059
-8011
-12379
-8075
-12603
-7995
-12747
-7955
-13083
-8035
-13235
-8027
-13587
-7955
-13811
-8019
-13987
-8043
-14251
-8075
-14555
-7995
-14739
-8019
-15027
-8059
-15195
-7995
-15403
-8003
-15675
-7955
-15947
-8011
-16131
-7971
-16467
-8051
-16603
-8003
-16947
-8059
-17179
-8043
-17323
-8067
-17571
-7995
-17859
-8075
-18083
-7955
-18267
-8075
-18611
-8075
-18843
-8283
109
-8211
-91
-8251
-387
-8315
-611
-8243
-795
-8315
-995
-8187
-1307
-8227
-1587
-8291
-1755
-8275
-2035
-8291
-2219
-8315
-2539
-8267
-2755
-8203
-3027
-8307
-3227
-8227
-3459
-8211
-3739
-8227
-3907
-8267
-4227
-8259
-4475
-8299
-4691
-8315
-4947
-8291
-5123
-8211
-5379
-8251
-5571
-8235
-5915
-8211
-6035
-8291
-6395
-8251
-6635
-8307
-6803
-8227
-7107
-8243
-7323
-8267
-7563
-8219
-7835
-8315
-7971
-8307
-8203
-8187
-8443
-8315
-8699
-8227
-8955
-8283
-9147
-8307
-9515
-8315
-9643
-8243
-9939
-8267
-10107
-8243
-10347
-8235
-10667
-8219
-10859
-8315
-11115
-8299
-11411
-8315
-11659
-8219
-11851
-8299
-12075
-8275
-12355
-8275
-12563
-8195
-12755
-8307
-13115
-8315
-13283
-8219
-13523
-8291
-13747
-8267
-13979
-8307
-14275
-8267
-14451
-8275
-14755
-8187
-14971
-8219
-15171
-8283
-15507
-8267
-15747
-8251
-15963
-8203
-16235
-8211
-16467
-8203
-16611
-8267
-16939
-8315
-17195
-8299
-17419
-8227
-17651
-8227
-17891
-8203
-18067
-8203
-18307
-8235
-18523
-8259
-18851
-8499
141
-8491
-147
-8467
-299
-8483
-547
-8555
-811
-8547
-1083
-8499
-1235
-8467
-1579
-8515
-1803
-8555
-2019
-8515
-2203
-8427
-2531
-8491
-2699
-8507
-2979
-8483
-3243
-8475
-3507
-8547
-3635
-8539
-3995
-8539
-4107
-8555
-4371
-8555
-4603
-8443
-4835
-8523
-5075
-8507
-5419
-8547
-5603
-8499
-5867
-8539
-6059
-8475
-6387
-8499
-6523
-8539
-6747
-8515
-7083
-8499
-7347
-8483
-7499
-8547
-7771
-8555
-7979
-8547
-8211
-8555
-8443
-8443
-8771
-8491
-8939
-8555
-9219
-8427
-9499
-8547
-9715
-8555
-9979
-8523
-10147
-8499
-10363
-8547
-10715
-8531
-10915
-8491
-11075
-8507
-11395
-8443
-11635
-8547
-11867
-8507
-12027
-8507
-12371
-8483
-12627
-8555
-12787
-8459
-13067
-8555
-13299
-8539
-13515
-8451
-13715
-8555
-13987
-8459
-14267
-8491
-14547
-8443
-14779
-8555
-14971
-8515
-15163
-8539
-15475
-8523
-15635
-8555
-15923
-8523
-16131
-8451
-16371
-8459
-16627
-8467
-16923
-8435
-17099
-8507
-17395
-8547
-17571
-8547
-17867
-8435
-18035
-8539
-18371
-8483
-18635
-8523
-18827
-8675
149
-8779
-83
-8771
-347
-8747
-571
-8771
-819
-8755
-995
-8699
-1267
-8763
-1587
-8787
-1835
-8731
-2067
-8667
-2315
-8723
-2435
-8779
-2779
-8795
-3019
-8787
-3227
-8771
-3515
-8739
-3723
-8707
-3979
-8731
-4211
-8771
-4475
-8675
-4643
-8787
-4867
-8667
-5147
-8795
-5435
-8715
-5603
-8683
-5787
-8675
-6099
-8787
-6267
-8747
-6563
-8779
-6875
-8691
-7035
-8755
-7331
-8739
-7555
-8715
-7731
-8795
-8075
-8763
-8307
-8723
-8515
-8723
-8755
-8787
-8979
-8667
-9259
-8771
-9467
-8731
-9731
-8739
-9939
-8683
-10139
-8763
-10379
-8795
-10627
-8795
-10867
-8667
-11099
-8771
-11347
-8787
-11547
-8731
-11875
-8779
-12139
-8715
-12307
-8747
-12531
-8731
-12851
-8747
-13019
-8667
-13259
-8795
-13563
-8691
-13715
-8675
-14019
-8715
-14227
-8771
-14483
-8715
-14787
-8723
-14979
-8675
-15235
-8699
-15427
-8683
-15747
-8683
-15979
-8715
-16235
-8771
-16459
-8787
-16643
-8683
-16883
-8755
-17067
-8795
-17315
-8707
-17667
-8763
-17827
-8795
-18091
-8795
-18267
-8763
-18611
-8683
-18835
-8979
149
-8995
-35
-9035
-387
-9019
-627
-8923
-843
-8987
-1067
-8971
-1259
-9027
-1475
-8987
-1787
-9011
-2027
-9035
-2195
-8931
-2531
-8915
-2715
-8971
-3011
-9011
-3155
-8907
-3387
-9011
-3675
-8915
-3955
-8931
-4107
-8979
-4355
-8947
-4619
-9035
-4851
-8971
-5163
-8963
-5331
-8987
-5667
-9011
-5827
-8915
-6139
-9011
-6339
-8923
-6555
-8995
-6803
-8987
-7051
-8907
-7339
-8971
-7547
-8931
-7707
-8963
-7995
-9027
-8291
-9003
-8443
-8923
-8699
-8955
-9003
-8963
-9147
-9019
-9435
-8963
-9627
-8987
-9987
-8955
-10179
-9035
-10387
-8923
-10659
-8939
-10907
-8971
-11091
-9003
-11363
-8963
-11547
-9027
-11875
-9019
-12059
-9027
-12379
-8963
-12531
-8955
-12819
-9035
-13043
-9003
-13267
-9035
-13571
-8987
-13707
-8931
-13955
-9035
-14235
-9019
-14483
-8955
-14747
-8955
-14907
-9003
-15171
-9019
-15411
-9035
-15731
-9035
-15915
-8971
-16123
-8987
-16443
-8963
-16595
-8979
-16891
-8995
-17083
-8987
-17339
-8987
-17643
-9011
-17835
-8971
-18147
-9011
-18291
-8979
-18539
-9027
-18859
-9147
149
-9267
-59
-9243
-363
-9147
-547
-9251
-867
-9195
-1019
-9275
-1227
-9195
-1555
-9235
-1779
-9275
-1995
-9219
-2235
-9227
-2499
-9219
-2675
-9267
-2963
-9203
-3259
-9163
-3515
-9147
-3659
-9203
-3883
-9219
-4139
-9219
-4355
-9219
-4691
-9251
-4851
-9267
-5171
-9203
-5307
-9243
-5579
-9267
-5907
-9203
-6155
-9203
-6291
-9227
-6547
-9195
-6803
-9203
-6995
-9171
-7243
-9235
-7531
-9227
-7787
-9259
-7947
-9155
-8187
-9267
-8443
-9259
-8739
-9275
-8955
-9235
-9187
-9251
-9411
-9259
-9723
-9219
-9931
-9171
-10227
-9155
-10467
-9267
-10619
-9243
-10875
-9243
-11123
-9275
-11427
-9243
-11563
-9267
-11907
-9243
-12139
-9275
-12387
-9275
-12627
-9235
-12803
-9251
-13043
-9227
-13355
-9219
-13475
-9275
-13755
-9195
-14043
-9235
-14251
-9147
-14435
-9251
-14691
-9275
-15011
-9227
-15235
-9195
-15451
-9267
-15635
-9235
-15963
-9179
-16227
-9227
-16419
-9259
-16627
-9195
-16875
-9259
-17147
-9203
-17331
-9243
-17571
-9203
-17859
-9275
-18139
-9243
-18379
-9203
-18507
-9275
-18859
-9507
85
-9499
-35
-9515
-355
-9491
-507
-9451
-875
-9419
-1075
-9395
-1299
-9419
-1579
-9507
-1707
-9403
-2067
-9515
-2291
-9499
-2515
-9515
-2675
-9459
-2939
-9507
-3235
-9435
-3515
-9387
-3627
-9515
-3915
-9435
-4187
-9451
-4451
-9475
-4699
-9411
-4907
-9419
-5187
-9515
-5363
-9403
-5603
-9507
-5795
-9499
-6043
-9467
-6371
-9491
-6619
-9411
-6755
-9491
-7115
-9475
-7283
-9403
-7547
-9491
-7779
-9499
-8075
-9499
-8243
-9499
-8547
-9491
-8771
-9499
-8947
-9451
-9219
-9435
-9459
-9483
-9635
-9467
-9923
-9507
-10187
-9507
-10379
-9507
-10675
-9515
-10883
-9515
-11123
-9419
-11379
-9475
-11627
-9443
-11811
-9459
-12099
-9515
-12323
-9499
-12595
-9499
-12875
-9467
-13107
-9427
-13243
-9507
-13587
-9499
-13731
-9507
-14043
-9451
-14219
-9395
-14515
-9451
-14787
-9395
-14963
-9435
-15259
-9515
-15443
-9467
-15683
-9507
-15923
-9507
-16107
-9435
-16387
-9403
-16667
-9427
-16867
-9515
-17131
-9403
-17427
-9515
-17611
-9507
-17795
-9467
-18155
-9499
-18267
-9483
-18627
-9411
-18867
-9723
125
-9635
-131
-9635
-339
-9755
-587
-9667
-779
-9731
-1051
-9691
-1315
-9707
-1507
-9723
-1723
-9675
-2051
-9755
-2235
-9739
-2539
-9739
-2795
-9707
-2971
-9643
-3243
-9659
-3419
-9723
-3755
-9715
-3955
-9723
-4131
-9739
-4403
-9755
-4587
-9691
-4947
-9683
-5139
-9691
-5323
-9683
-5667
-9675
-5915
-9683
-6155
-9755
-6283
-9635
-6587
-9683
-6803
-9667
-6995
-9747
-7243
-9755
-7555
-9699
-7715
-9691
-8011
-9675
-8227
-9691
-8467
-9651
-8763
-9667
-9011
-9707
-9171
-9747
-9395
-9731
-9747
-9731
-9923
-9635
-10235
-9699
-10475
-9747
-10619
-9683
-10843
-9731
-11115
-9699
-11411
-9755
-11635
-9755
-11811
-9731
-12075
-9755
-12355
-9723
-12563
-9755
-12747
-9683
-13083
-9715
-13235
-9739
-13571
-9707
-13739
-9731
-13963
-9723
-14283
-9659
-14427
-9755
-14675
-9755
-14987
-9715
-15171
-9691
-15499
-9715
-15707
-9691
-15979
-9731
-16235
-9699
-16355
-9755
-16715
-9691
-16875
-9667
-17107
-9739
-17387
-9723
-17667
-9755
-17835
-9731
-18155
-9747
-18275
-9747
-18523
-9667
-18851
-9883
149
-9923
-67
-9923
-315
-9979
-635
-9971
-851
-9883
-1115
-9915
-1315
-9931
-1483
-9979
-1803
-9907
-1955
-9931
-2299
-9891
-2523
-9883
-2755
-9867
-2947
-9899
-3235
-9955
-3403
-9971
-3675
-9915
-3883
-9867
-4139
-9995
-4419
-9995
-4707
-9875
-4907
-9875
-5107
-9899
-5395
-9923
-5603
-9987
-5859
-9891
-6123
-9979
-6299
-9995
-6611
-9883
-6747
-9923
-7099
-9931
-7347
-9979
-7571
-9955
-7811
-9883
-7963
-9947
-8283
-9971
-8523
-9891
-8675
-9875
-8923
-9875
-9163
-9939
-9403
-9987
-9643
-9955
-9907
-9907
-10123
-9955
-10403
-9947
-10675
-9979
-10939
-9995
-11083
-9947
-11323
-9987
-11627
-9923
-11859
-9979
-12075
-9963
-12283
-9867
-12619
-9931
-12835
-9867
-13075
-9907
-13283
-9931
-13595
-9915
-13731
-9939
-13987
-9875
-14283
-9963
-14467
-9867
-14707
-9979
-14915
-9995
-15211
-9987
-15515
-9987
-15723
-9947
-15995
-9875
-16163
-9955
-16363
-9923
-16595
-9883
-16835
-9891
-17099
-9995
-17363
-9907
-17611
-9987
-17827
-9867
-18035
-9987
-18283
-9891
-18555
-9987
-18827
-10235
133
-10179
-147
-10171
-315
-10123
-579
-10203
-795
-10235
-1035
-10203
-1291
-10211
-1587
-10227
-1739
-10107
-2043
-10227
-2211
-10123
-2539
-10171
-2699
-10219
-3011
-10211
-3155
-10155
-3499
-10115
-3643
-10227
-3923
-10203
-4107
-10123
-4411
-10123
-4715
-10123
-4883
-10179
-5115
-10179
-5347
-10155
-5635
-10163
-5795
-10155
-6123
-10123
-6395
-10211
-6627
-10219
-6747
-10219
-7083
-10131
-7315
-10179
-7467
-10187
-7731
-10155
-7963
-10115
-8219
-10155
-8467
-10203
-8747
-10115
-8915
-10187
-9235
-10219
-9451
-10227
-9659
-10115
-9955
-10235
-10163
-10187
-10427
-10107
-10659
-10155
-10875
-10155
-11187
-10203
-11379
-10195
-11603
-10179
-11835
-10235
-12091
-10203
-12395
-10227
-12507
-10235
-12763
-10163
-13043
-10171
-13259
-10163
-13547
-10179
-13715
-10187
-14011
-10203
-14219
-10235
-14539
-10131
-14747
-10211
-14939
-10147
-15147
-10107
-15467
-10115
-15635
-10147
-15995
-10163
-16139
-10219
-16387
-10195
-16683
-10195
-16907
-10139
-17155
-10163
-17363
-10171
-17603
-10187
-17819
-10195
-18099
-10195
-18323
-10211
-18555
-10219
-18811
-10459
117
-10475
-75
-10451
-275
-10427
-555
-10435
-843
-10419
-987
-10411
-1275
-10459
-1555
-10411
-1795
-10475
-2075
-10451
-2211
-10467
-2435
-10459
-2755
-10451
-2907
-10467
-3219
-10459
-3467
-10435
-3723
-10411
-3883
-10435
-4123
-10451
-4475
-10443
-4619
-10467
-4835
-10467
-5171
-10435
-5347
-10451
-5635
-10467
-5795
-10451
-6131
-10475
-6275
-10427
-6563
-10435
-6787
-10435
-6987
-10475
-7275
-10467
-7547
-10435
-7731
-10419
-8067
-10475
-8227
-10451
-8427
-10475
-8675
-10427
-8987
-10411
-9147
-10443
-9515
-10419
-9699
-10435
-9939
-10467
-10147
-10419
-10443
-10475
-10683
-10451
-10899
-10435
-11139
-10435
-11387
-10427
-11563
-10459
-11859
-10475
-12123
-10475
-12267
-10411
-12603
-10459
-12835
-10443
-13115
-10435
-13275
-10459
-13563
-10435
-13755
-10427
-14003
-10427
-14243
-10435
-14523
-10467
-14771
-10459
-14955
-10459
-15275
-10467
-15475
-10411
-15659
-10459
-15995
-10427
-16155
-10459
-16403
-10467
-16643
-10435
-16915
-10467
-17187
-10459
-17363
-10475
-17579
-10451
-17835
-10435
-18059
-10459
-18347
-10467
-18547
-10435
-18843
