101
212
240
-42
263
-341
413
-502
185
-834
460
-1006
213
-1291
419
-1496
250
-1707
324
-2026
444
-2235
161
-2541
241
-2651
211
-2953
159
-3189
145
-3427
131
-3707
243
-3881
157
-4143
451
-4359
147
-4575
93
-4911
109
-5087
133
-5307
85
-5555
117
-5915
93
-6051
85
-6275
85
-6555
133
-6835
125
-7079
149
-7335
93
-7543
85
-7763
85
-7987
85
-8287
141
-8515
117
-8707
133
-8955
125
-9191
117
-9395
125
-9739
101
-9955
109
-10163
101
-10347
125
-10715
149
-10947
109
-11163
149
-11387
93
-11667
85
-11899
117
-12131
101
-12323
117
-12579
149
-12819
93
-13091
85
-13331
101
-13571
125
-13787
109
-13995
149
-14307
109
-14467
125
-14691
117
-14931
93
-15187
109
-15427
93
-15667
117
-15979
117
-16171
109
-16419
117
-16691
149
-16947
85
-17163
149
-17411
133
-17651
149
-17851
125
-18035
149
-18291
93
-18595
101
-18827
-143
586
-139
-107
-97
-286
-54
-594
-95
-765
-90
-987
-115
-1321
-125
-1523
-74
-1706
-41
-2013
-119
-2197
-63
-2437
-47
-2655
-119
-2903
-19
-3159
-91
-3409
-83
-3613
-131
-3879
-55
-4109
-125
-4363
-45
-4603
-91
-4811
-71
-5175
-27
-5399
-131
-5611
-63
-5887
-151
-6063
-47
-6379
-67
-6591
-111
-6803
-75
-7039
-47
-7307
-31
-7515
-83
-7763
-131
-7947
-103
-8255
-139
-8515
-139
-8647
-75
-9007
-131
-9203
-39
-9491
-139
-9707
-147
-9899
-107
-10163
-51
-10427
-43
-10659
-115
-10883
-91
-11107
-139
-11371
-131
-11579
-139
-11803
-107
-12123
-155
-12379
-115
-12619
-155
-12851
-99
-13075
-123
-13291
-115
-13579
-155
-13779
-107
-13979
-83
-14299
-139
-14531
-155
-14795
-67
-14995
-35
-15147
-35
-15395
-99
-15747
-147
-15995
-147
-16131
-147
-16443
-43
-16667
-107
-16875
-139
-17163
-51
-17419
-67
-17651
-91
-17795
-155
-18043
-91
-18395
-131
-18555
-115
-18859
-363
1399
-325
-103
-291
-281
-333
-527
-352
-774
-381
-1085
-363
-1299
-309
-1486
-257
-1704
-324
-2045
-377
-2235
-361
-2497
-355
-2695
-387
-2969
-327
-3177
-383
-3355
-389
-3617
-387
-3947
-307
-4077
-371
-4367
-271
-4623
-271
-4935
-335
-5103
-387
-5387
-339
-5539
-363
-5811
-259
-6031
-375
-6319
-379
-6515
-355
-6739
-299
-7071
-331
-7231
-331
-7539
-339
-7803
-335
-7947
-347
-8155
-319
-8475
-295
-8659
-359
-9003
-379
-9223
-283
-9459
-331
-9755
-347
-9867
-299
-10107
-299
-10411
-363
-10699
-379
-10827
-275
-11147
-275
-11307
-307
-11579
-395
-11819
-395
-12051
-299
-12323
-307
-12619
-323
-12763
-347
-12987
-355
-13291
-291
-13571
-387
-13779
-275
-14051
-291
-14195
-283
-14547
-323
-14771
-275
-15011
-355
-15195
-371
-15467
-387
-15683
-371
-15971
-331
-16203
-363
-16467
-339
-16659
-315
-16859
-387
-17139
-291
-17403
-299
-17603
-267
-17899
-299
-18043
-371
-18363
-363
-18563
-339
-18851
-503
1742
-556
-114
-611
-326
-563
-598
-593
-769
-598
-983
-567
-1301
-538
-1534
-604
-1747
-626
-1967
-569
-2187
-555
-2429
-541
-2651
-567
-2915
-507
-3215
-571
-3455
-543
-3655
-573
-3871
-635
-4157
-513
-4455
-547
-4557
-591
-4827
-563
-5119
-511
-5339
-515
-5659
-579
-5899
-615
-6027
-495
-6391
-591
-6499
-539
-6751
-591
-7043
-539
-7259
-511
-7483
-595
-7731
-555
-8023
-579
-8271
-579
-8531
-615
-8651
-627
-8943
-603
-9115
-599
-9483
-603
-9715
-531
-9931
-563
-10227
-587
-10379
-619
-10595
-603
-10907
-611
-11147
-563
-11379
-579
-11643
-619
-11883
-555
-12091
-587
-12283
-627
-12507
-627
-12843
-603
-13067
-619
-13251
-571
-13491
-635
-13803
-619
-14003
-619
-14259
-619
-14467
-595
-14763
-635
-14995
-595
-15219
-603
-15403
-635
-15635
-635
-15915
-603
-16107
-539
-16419
-627
-16715
-619
-16891
-619
-17187
-635
-17395
-603
-17595
-619
-17795
-619
-18155
-539
-18387
-555
-18627
-531
-18835
-759
564
-836
-107
-805
-250
-813
-611
-854
-821
-843
-1032
-807
-1209
-726
-1508
-835
-1719
-823
-2013
-834
-2282
-759
-2463
-723
-2657
-839
-3013
-739
-3133
-779
-3431
-851
-3679
-771
-3859
-781
-4141
-835
-4455
-823
-4579
-851
-4867
-779
-5135
-767
-5343
-779
-5623
-739
-5879
-775
-6003
-787
-6383
-743
-6487
-763
-6803
-851
-6983
-855
-7311
-823
-7511
-799
-7823
-847
-7975
-839
-8239
-803
-8511
-723
-8635
-811
-8947
-835
-9235
-851
-9447
-867
-9691
-779
-9987
-811
-10187
-771
-10451
-867
-10643
-795
-10827
-779
-11075
-875
-11435
-875
-11547
-867
-11803
-827
-12155
-867
-12363
-803
-12571
-851
-12835
-835
-13043
-859
-13227
-875
-13507
-747
-13803
-867
-13979
-875
-14283
-851
-14483
-867
-14771
-875
-14971
-875
-15203
-859
-15451
-755
-15699
-851
-15947
-875
-16123
-843
-16363
-859
-16635
-859
-16931
-795
-17147
-875
-17387
-843
-17675
-843
-17827
-779
-18027
-875
-18355
-859
-18627
-803
-18875
-1083
431
-1001
-121
-1077
-278
-1057
-609
-1046
-747
-963
-979
-1003
-1238
-984
-1510
-1057
-1743
-976
-2024
-959
-2210
-1051
-2419
-1077
-2743
-1115
-2951
-1043
-3115
-1065
-3435
-1007
-3667
-1049
-3963
-1065
-4203
-1057
-4351
-1035
-4657
-1095
-4939
-1083
-5139
-1043
-5403
-1095
-5519
-1075
-5871
-1079
-6071
-1095
-6255
-1107
-6603
-995
-6763
-1091
-6963
-1115
-7235
-1087
-7467
-1067
-7771
-1075
-7959
-1091
-8163
-1063
-8427
-1043
-8679
-1039
-8963
-1091
-9159
-1055
-9407
-1083
-9707
-1075
-9971
-1067
-10163
-1091
-10435
-995
-10635
-1035
-10899
-1043
-11115
-987
-11379
-1043
-11667
-1075
-11795
-1099
-12107
-1083
-12347
-1059
-12627
-1115
-12859
-1083
-13067
-1059
-13243
-1075
-13587
-1027
-13835
-1091
-13995
-1091
-14291
-1075
-14531
-1083
-14763
-1107
-14979
-1059
-15195
-1091
-15443
-1083
-15691
-1091
-15899
-1115
-16155
-1083
-16379
-1107
-16587
-1115
-16851
-1099
-17171
-1059
-17323
-1027
-17595
-1115
-17851
-1091
-18147
-1115
-18395
-1075
-18507
-1099
-18811
-1307
1714
-1331
-113
-1253
-281
-1311
-597
-1263
-826
-1335
-1050
-1266
-1336
-1281
-1486
-1303
-1769
-1279
-1983
-1252
-2163
-1303
-2441
-1271
-2753
-1243
-2931
-1259
-3145
-1251
-3399
-1239
-3689
-1211
-3849
-1311
-4169
-1287
-4437
-1247
-4565
-1335
-4915
-1335
-5195
-1339
-5391
-1243
-5595
-1319
-5771
-1315
-6019
-1263
-6327
-1235
-6491
-1319
-6787
-1239
-7071
-1275
-7331
-1339
-7539
-1255
-7827
-1211
-8035
-1287
-8187
-1331
-8539
-1231
-8683
-1215
-8987
-1339
-9151
-1255
-9367
-1339
-9707
-1307
-9979
-1355
-10187
-1331
-10379
-1275
-10587
-1347
-10955
-1355
-11139
-1267
-11363
-1267
-11675
-1331
-11787
-1235
-12091
-1291
-12323
-1323
-12531
-1267
-12771
-1307
-13107
-1315
-13243
-1307
-13595
-1331
-13779
-1323
-13979
-1307
-14251
-1323
-14435
-1227
-14779
-1291
-14915
-1243
-15235
-1235
-15419
-1275
-15747
-1299
-15963
-1315
-16139
-1299
-16467
-1267
-16643
-1323
-16859
-1291
-17155
-1331
-17339
-1307
-17651
-1355
-17851
-1267
-18131
-1355
-18379
-1283
-18507
-1307
-18835
-1499
237
-1525
-75
-1479
-327
-1547
-587
-1535
-719
-1577
-1009
-1511
-1299
-1547
-1527
-1563
-1707
-1527
-1961
-1497
-2269
-1515
-2453
-1579
-2687
-1485
-2889
-1569
-3235
-1517
-3393
-1483
-3639
-1515
-3877
-1563
-4117
-1455
-4461
-1473
-4685
-1563
-4871
-1539
-5123
-1547
-5367
-1523
-5571
-1519
-5791
-1491
-6071
-1459
-6259
-1591
-6611
-1507
-6795
-1583
-7063
-1471
-7283
-1483
-7459
-1499
-7695
-1511
-8027
-1555
-8247
-1531
-8435
-1463
-8703
-1487
-8915
-1587
-9147
-1579
-9483
-1563
-9683
-1507
-9947
-1571
-10147
-1571
-10355
-1539
-10651
-1571
-10947
-1507
-11139
-1483
-11315
-1595
-11651
-1579
-11835
-1563
-12083
-1531
-12307
-1571
-12531
-1475
-12835
-1515
-13107
-1539
-13355
-1531
-13539
-1467
-13731
-1595
-14067
-1571
-14187
-1571
-14547
-1531
-14675
-1515
-15019
-1595
-15155
-1491
-15483
-1475
-15643
-1515
-15899
-1587
-16235
-1539
-16459
-1563
-16659
-1595
-16915
-1499
-17083
-1563
-17347
-1467
-17587
-1547
-17795
-1499
-18075
-1555
-18315
-1595
-18547
-1499
-18835
-1807
175
-1761
-143
-1799
-361
-1759
-529
-1779
-741
-1773
-1087
-1795
-1289
-1767
-1477
-1757
-1789
-1825
-1935
-1819
-2275
-1801
-2471
-1699
-2659
-1801
-2931
-1797
-3229
-1693
-3371
-1717
-3725
-1747
-3833
-1775
-4115
-1771
-4437
-1681
-4581
-1715
-4955
-1815
-5099
-1767
-5391
-1711
-5603
-1799
-5827
-1707
-6091
-1727
-6255
-1731
-6567
-1811
-6727
-1787
-7067
-1831
-7259
-1711
-7575
-1779
-7819
-1739
-7931
-1743
-8279
-1823
-8447
-1695
-8691
-1723
-9003
-1783
-9195
-1807
-9451
-1755
-9627
-1803
-9955
-1755
-10211
-1755
-10363
-1715
-10595
-1819
-10867
-1787
-11115
-1771
-11435
-1811
-11667
-1707
-11915
-1787
-12115
-1827
-12283
-1723
-12571
-1835
-12867
-1715
-13067
-1795
-13275
-1827
-13507
-1779
-13731
-1787
-14003
-1819
-14235
-1819
-14451
-1787
-14747
-1827
-14979
-1787
-15171
-1771
-15435
-1827
-15675
-1731
-15939
-1787
-16163
-1811
-16443
-1763
-16587
-1755
-16915
-1715
-17171
-1803
-17419
-1795
-17611
-1819
-17803
-1779
-18083
-1835
-18355
-1827
-18539
-1795
-18851
-2047
373
-1981
-55
-2057
-361
-2009
-573
-2047
-737
-1989
-1009
-2063
-1219
-2035
-1471
-2041
-1759
-1941
-2007
-2027
-2305
-2059
-2403
-2063
-2675
-2047
-2989
-1969
-3203
-2003
-3401
-2035
-3649
-2041
-3889
-1973
-4171
-1955
-4463
-2027
-4653
-1971
-4867
-2015
-5179
-2063
-5379
-1995
-5595
-2027
-5799
-2015
-6063
-2019
-6323
-2019
-6503
-2023
-6851
-2055
-7063
-1971
-7331
-1963
-7523
-2051
-7783
-2011
-7999
-2027
-8287
-2039
-8531
-1943
-8763
-2059
-9003
-1995
-9231
-1979
-9459
-1979
-9747
-2019
-9891
-2003
-10131
-2043
-10419
-2067
-10587
-1955
-10867
-1963
-11075
-2011
-11371
-2019
-11563
-1955
-11875
-1979
-12139
-2027
-12275
-2027
-12579
-1963
-12851
-2035
-12987
-1979
-13307
-1979
-13523
-2035
-13763
-2075
-14027
-2035
-14315
-2019
-14451
-1963
-14707
-1987
-14915
-2067
-15163
-1987
-15459
-2067
-15659
-2067
-15947
-1955
-16203
-1987
-16363
-2019
-16627
-2051
-16883
-2059
-17195
-2035
-17315
-2059
-17675
-2043
-17835
-2075
-18123
-2019
-18371
-2075
-18579
-2003
-18859
-2195
921
-2195
-67
-2203
-355
-2253
-499
-2287
-723
-2249
-1099
-2279
-1275
-2263
-1555
-2249
-1787
-2197
-1933
-2195
-2183
-2205
-2513
-2287
-2757
-2285
-3015
-2247
-3215
-2237
-3379
-2271
-3705
-2305
-3939
-2259
-4201
-2193
-4457
-2275
-4643
-2227
-4915
-2199
-5067
-2251
-5303
-2195
-5555
-2195
-5863
-2283
-6103
-2267
-6347
-2267
-6595
-2179
-6855
-2215
-7011
-2223
-7343
-2155
-7519
-2259
-7715
-2203
-8051
-2239
-8187
-2283
-8459
-2235
-8759
-2251
-8939
-2315
-9131
-2255
-9439
-2315
-9723
-2267
-9947
-2307
-10187
-2267
-10467
-2251
-10603
-2307
-10835
-2195
-11131
-2275
-11323
-2307
-11643
-2235
-11835
-2307
-12051
-2203
-12395
-2307
-12579
-2235
-12875
-2275
-13027
-2299
-13339
-2315
-13475
-2259
-13835
-2291
-14035
-2299
-14315
-2227
-14491
-2243
-14779
-2315
-14939
-2227
-15179
-2291
-15515
-2283
-15691
-2283
-15915
-2275
-16107
-2291
-16387
-2227
-16627
-2251
-16923
-2275
-17075
-2307
-17331
-2259
-17635
-2315
-17915
-2187
-18035
-2227
-18347
-2315
-18507
-2307
-18851
-2531
161
-2503
-97
-2517
-265
-2405
-489
-2501
-755
-2481
-1027
-2485
-1335
-2481
-1537
-2463
-1797
-2501
-2035
-2501
-2309
-2529
-2417
-2543
-2705
-2519
-2915
-2427
-3169
-2465
-3451
-2531
-3667
-2505
-3839
-2445
-4107
-2539
-4431
-2419
-4653
-2415
-4915
-2419
-5107
-2527
-5355
-2531
-5539
-2527
-5883
-2523
-6003
-2535
-6271
-2527
-6499
-2415
-6831
-2551
-6983
-2447
-7311
-2535
-7475
-2487
-7787
-2427
-7963
-2431
-8215
-2443
-8423
-2479
-8731
-2479
-8983
-2415
-9155
-2487
-9499
-2491
-9683
-2531
-9979
-2443
-10195
-2427
-10475
-2491
-10635
-2451
-10955
-2507
-11107
-2531
-11387
-2515
-11635
-2547
-11851
-2539
-12075
-2427
-12291
-2515
-12555
-2515
-12771
-2499
-12995
-2539
-13307
-2547
-13467
-2515
-13795
-2475
-13987
-2475
-14275
-2467
-14515
-2531
-14715
-2547
-14931
-2459
-15251
-2555
-15451
-2555
-15739
-2547
-15907
-2483
-16155
-2539
-16363
-2539
-16627
-2523
-16899
-2491
-17067
-2427
-17419
-2547
-17675
-2523
-17803
-2507
-18051
-2531
-18347
-2531
-18523
-2499
-18867
-2707
125
-2731
-111
-2739
-259
-2791
-591
-2659
-775
-2727
-1023
-2763
-1323
-2735
-1451
-2671
-1803
-2755
-2019
-2671
-2287
-2707
-2519
-2695
-2647
-2695
-3007
-2695
-3163
-2687
-3493
-2647
-3723
-2647
-3883
-2719
-4167
-2715
-4443
-2739
-4595
-2791
-4875
-2659
-5171
-2779
-5395
-2719
-5651
-2771
-5799
-2727
-6059
-2739
-6351
-2735
-6483
-2695
-6807
-2683
-7067
-2795
-7323
-2771
-7467
-2783
-7787
-2739
-8035
-2691
-8211
-2675
-8487
-2731
-8667
-2695
-8899
-2755
-9203
-2711
-9443
-2795
-9747
-2763
-9907
-2787
-10187
-2779
-10395
-2755
-10603
-2739
-10923
-2715
-11123
-2771
-11307
-2755
-11587
-2795
-11907
-2707
-12051
-2747
-12339
-2763
-12507
-2763
-12843
-2795
-13099
-2707
-13355
-2731
-13523
-2675
-13755
-2771
-13987
-2795
-14227
-2787
-14443
-2739
-14715
-2691
-14979
-2683
-15203
-2787
-15515
-2779
-15691
-2691
-15907
-2779
-16187
-2747
-16435
-2699
-16611
-2779
-16827
-2715
-17155
-2699
-17403
-2787
-17587
-2771
-17907
-2779
-18131
-2691
-18307
-2699
-18619
-2699
-18827
-2983
101
-2979
-63
-3023
-307
-2999
-567
-3011
-775
-2919
-1027
-2999
-1335
-2979
-1495
-2911
-1751
-2971
-2015
-3023
-2167
-2931
-2443
-2963
-2683
-3007
-2919
-3019
-3203
-2983
-3475
-2939
-3607
-3035
-3947
-2959
-4215
-2951
-4427
-2915
-4595
-2895
-4807
-3027
-5159
-2935
-5347
-3007
-5539
-2919
-5827
-2971
-6023
-2979
-6259
-2903
-6575
-2999
-6723
-2955
-7083
-3023
-7239
-2927
-7519
-3019
-7791
-2939
-7919
-2963
-8187
-3027
-8507
-2947
-8691
-2999
-8879
-2979
-9231
-2987
-9367
-2939
-9699
-2995
-9963
-2995
-10195
-3027
-10475
-2931
-10643
-2971
-10907
-3027
-11075
-2907
-11427
-3003
-11627
-3019
-11859
-3011
-12115
-2931
-12267
-2955
-12555
-3011
-12747
-3019
-13035
-3019
-13331
-2987
-13571
-3027
-13803
-3011
-14067
-2995
-14267
-3027
-14515
-2995
-14723
-2915
-14947
-2995
-15259
-2947
-15499
-2963
-15707
-2979
-15899
-3003
-16171
-2987
-16475
-2947
-16619
-2939
-16883
-2987
-17131
-2963
-17371
-2979
-17643
-2955
-17803
-2939
-18147
-2915
-18283
-2979
-18539
-3003
-18875
-3243
125
-3227
-123
-3179
-331
-3235
-587
-3263
-847
-3219
-1059
-3179
-1331
-3159
-1491
-3203
-1755
-3151
-1979
-3223
-2251
-3255
-2467
-3267
-2779
-3255
-2959
-3155
-3243
-3147
-3451
-3255
-3663
-3163
-3855
-3251
-4163
-3211
-4315
-3187
-4703
-3211
-4939
-3207
-5103
-3239
-5347
-3191
-5619
-3191
-5847
-3163
-6115
-3195
-6323
-3139
-6583
-3231
-6775
-3267
-7099
-3243
-7291
-3223
-7483
-3199
-7723
-3203
-7943
-3179
-8211
-3159
-8519
-3151
-8691
-3195
-8947
-3191
-9131
-3143
-9375
-3171
-9731
-3179
-9955
-3259
-10107
-3219
-10467
-3259
-10707
-3267
-10835
-3251
-11187
-3195
-11435
-3275
-11603
-3163
-11851
-3267
-12035
-3195
-12355
-3187
-12507
-3227
-12835
-3267
-13107
-3163
-13307
-3227
-13515
-3243
-13835
-3251
-13979
-3219
-14243
-3275
-14515
-3171
-14723
-3235
-14939
-3211
-15203
-3267
-15467
-3187
-15627
-3275
-15923
-3171
-16227
-3259
-16403
-3203
-16659
-3235
-16875
-3235
-17083
-3243
-17307
-3163
-17667
-3267
-17891
-3219
-18147
-3219
-18291
-3227
-18587
-3203
-18851
-3459
85
-3439
-51
-3495
-255
-3447
-567
-3475
-867
-3395
-1055
-3427
-1311
-3431
-1467
-3467
-1771
-3375
-1943
-3491
-2183
-3459
-2499
-3383
-2655
-3491
-2939
-3363
-3259
-3491
-3415
-3391
-3723
-3451
-3863
-3451
-4123
-3479
-4443
-3479
-4587
-3507
-4947
-3487
-5087
-3427
-5403
-3491
-5539
-3495
-5891
-3435
-6055
-3375
-6351
-3487
-6515
-3403
-6775
-3411
-7067
-3515
-7315
-3459
-7475
-3383
-7783
-3471
-7999
-3487
-8263
-3435
-8451
-3391
-8735
-3491
-8991
-3455
-9135
-3411
-9491
-3427
-9635
-3499
-9867
-3395
-10179
-3499
-10395
-3427
-10691
-3451
-10923
-3435
-11139
-3387
-11395
-3507
-11643
-3467
-11843
-3443
-12091
-3451
-12275
-3507
-12595
-3499
-12755
-3459
-12995
-3499
-13307
-3467
-13555
-3491
-13755
-3419
-14059
-3419
-14235
-3403
-14547
-3507
-14715
-3467
-14923
-3515
-15227
-3467
-15419
-3403
-15643
-3435
-15955
-3491
-16107
-3491
-16443
-3435
-16619
-3475
-16899
-3507
-17187
-3491
-17323
-3427
-17571
-3443
-17811
-3451
-18139
-3443
-18291
-3499
-18603
-3507
-18819
-3675
85
-3675
-67
-3615
-311
-3731
-523
-3663
-743
-3747
-999
-3635
-1299
-3619
-1503
-3723
-1775
-3683
-2007
-3635
-2307
-3687
-2511
-3675
-2687
-3727
-2963
-3715
-3211
-3727
-3483
-3703
-3703
-3719
-3955
-3683
-4203
-3703
-4459
-3667
-4587
-3715
-4827
-3711
-5131
-3643
-5355
-3603
-5647
-3755
-5803
-3691
-6015
-3683
-6367
-3723
-6603
-3683
-6787
-3695
-6999
-3743
-7271
-3707
-7491
-3695
-7771
-3731
-8023
-3755
-8263
-3727
-8475
-3711
-8687
-3711
-8983
-3735
-9275
-3623
-9367
-3651
-9627
-3755
-9875
-3635
-10147
-3747
-10411
-3707
-10643
-3731
-10947
-3739
-11187
-3659
-11395
-3755
-11627
-3683
-11827
-3747
-12123
-3715
-12283
-3755
-12563
-3651
-12803
-3707
-13091
-3699
-13291
-3755
-13499
-3675
-13731
-3667
-14027
-3715
-14283
-3683
-14475
-3699
-14691
-3707
-15019
-3731
-15267
-3739
-15411
-3627
-15731
-3643
-15899
-3755
-16163
-3683
-16451
-3731
-16651
-3739
-16899
-3651
-17195
-3627
-17315
-3651
-17595
-3659
-17819
-3755
-18083
-3659
-18387
-3675
-18627
-3699
-18835
-3971
125
-3931
-91
-3915
-303
-3971
-579
-3967
-763
-3855
-959
-3915
-1235
-3891
-1435
-3895
-1815
-3943
-2011
-3871
-2203
-3971
-2515
-3947
-2703
-3955
-2963
-3955
-3143
-3867
-3395
-3915
-3615
-3955
-3903
-3947
-4099
-3927
-4427
-3927
-4615
-3939
-4891
-3843
-5135
-3963
-5363
-3875
-5643
-3991
-5891
-3983
-6055
-3971
-6363
-3979
-6507
-3907
-6735
-3899
-7063
-3967
-7287
-3923
-7483
-3947
-7755
-3923
-7987
-3967
-8239
-3923
-8439
-3963
-8675
-3927
-8883
-3923
-9135
-3931
-9411
-3939
-9651
-3995
-9947
-3883
-10139
-3987
-10371
-3891
-10619
-3995
-10843
-3907
-11107
-3995
-11379
-3891
-11603
-3979
-11803
-3963
-12091
-3899
-12387
-3931
-12555
-3939
-12779
-3931
-13075
-3923
-13235
-3939
-13531
-3899
-13819
-3947
-14067
-3987
-14283
-3971
-14459
-3883
-14699
-3907
-14979
-3979
-15259
-3875
-15427
-3987
-15731
-3867
-15931
-3899
-16227
-3955
-16451
-3907
-16699
-3875
-16843
-3883
-17123
-3915
-17419
-3955
-17563
-3963
-17915
-3939
-18075
-3955
-18347
-3939
-18635
-3987
-18843
-4143
85
-4227
-99
-4131
-267
-4171
-555
-4223
-835
-4127
-1083
-4155
-1279
-4147
-1471
-4111
-1735
-4203
-2059
-4155
-2183
-4127
-2455
-4195
-2763
-4199
-2919
-4195
-3267
-4139
-3427
-4215
-3619
-4211
-3935
-4195
-4083
-4183
-4423
-4119
-4691
-4187
-4927
-4231
-5183
-4083
-5355
-4171
-5619
-4227
-5807
-4211
-6135
-4203
-6303
-4191
-6543
-4187
-6803
-4103
-6979
-4143
-7251
-4123
-7459
-4111
-7731
-4083
-8047
-4095
-8251
-4163
-8451
-4171
-8779
-4199
-9011
-4203
-9219
-4227
-9403
-4211
-9739
-4171
-9923
-4123
-10187
-4139
-10467
-4123
-10611
-4203
-10947
-4147
-11107
-4163
-11387
-4235
-11563
-4187
-11795
-4235
-12099
-4155
-12395
-4203
-12555
-4203
-12827
-4115
-13027
-4227
-13275
-4203
-13531
-4211
-13715
-4179
-14027
-4131
-14291
-4211
-14555
-4219
-14771
-4115
-14995
-4219
-15171
-4195
-15515
-4115
-15755
-4195
-15979
-4235
-16235
-4211
-16387
-4147
-16643
-4211
-16843
-4211
-17091
-4155
-17435
-4195
-17595
-4195
-17859
-4179
-18107
-4195
-18387
-4179
-18579
-4171
-18875
-4331
133
-4363
-7
-4459
-259
-4427
-519
-4423
-851
-4347
-991
-4411
-1227
-4379
-1583
-4443
-1735
-4407
-2019
-4439
-2263
-4387
-2535
-4435
-2711
-4423
-2931
-4439
-3251
-4395
-3407
-4447
-3687
-4347
-3863
-4411
-4127
-4347
-4347
-4423
-4643
-4431
-4839
-4387
-5115
-4375
-5407
-4443
-5603
-4427
-5795
-4431
-6075
-4427
-6279
-4459
-6539
-4423
-6787
-4379
-7071
-4363
-7331
-4363
-7499
-4419
-7755
-4423
-7987
-4399
-8171
-4459
-8463
-4431
-8759
-4423
-8955
-4387
-9199
-4459
-9471
-4467
-9755
-4443
-9891
-4419
-10163
-4475
-10395
-4451
-10595
-4435
-10867
-4395
-11115
-4379
-11347
-4411
-11611
-4371
-11803
-4467
-12099
-4451
-12307
-4451
-12611
-4451
-12795
-4419
-13019
-4435
-13331
-4419
-13563
-4355
-13723
-4363
-14075
-4411
-14235
-4435
-14547
-4459
-14667
-4475
-15019
-4435
-15163
-4427
-15515
-4355
-15715
-4379
-15931
-4435
-16203
-4363
-16355
-4427
-16619
-4363
-16875
-4419
-17195
-4379
-17435
-4475
-17651
-4371
-17795
-4451
-18107
-4371
-18275
-4403
-18531
-4475
-18827
-4575
85
-4691
-95
-4659
-367
-4623
-631
-4691
-795
-4607
-975
-4651
-1315
-4675
-1527
-4635
-1799
-4687
-1943
-4703
-2279
-4667
-2427
-4695
-2783
-4707
-3011
-4679
-3247
-4687
-3479
-4667
-3627
-4659
-3907
-4567
-4223
-4651
-4415
-4595
-4627
-4691
-4943
-4555
-5075
-4675
-5311
-4695
-5603
-4615
-5887
-4663
-6103
-4627
-6279
-4683
-6603
-4583
-6755
-4651
-7023
-4583
-7223
-4659
-7471
-4655
-7815
-4671
-7955
-4591
-8299
-4663
-8451
-4623
-8703
-4599
-8915
-4679
-9195
-4691
-9439
-4691
-9723
-4691
-9979
-4667
-10131
-4603
-10419
-4715
-10659
-4691
-10947
-4683
-11147
-4619
-11403
-4603
-11555
-4707
-11859
-4715
-12147
-4675
-12283
-4619
-12539
-4611
-12763
-4715
-13035
-4667
-13243
-4691
-13467
-4643
-13819
-4699
-14003
-4699
-14307
-4659
-14443
-4627
-14779
-4643
-15019
-4707
-15203
-4691
-15419
-4667
-15731
-4651
-15915
-4627
-16195
-4627
-16443
-4683
-16691
-4667
-16875
-4699
-17099
-4603
-17435
-4643
-17571
-4699
-17883
-4675
-18059
-4675
-18307
-4587
-18635
-4627
-18867
-4915
125
-4859
-143
-4903
-343
-4875
-583
-4915
-859
-4907
-1067
-4939
-1311
-4923
-1543
-4859
-1823
-4827
-1979
-4935
-2239
-4891
-2427
-4871
-2759
-4935
-2931
-4919
-3235
-4827
-3475
-4883
-3619
-4875
-3967
-4815
-4203
-4843
-4359
-4879
-4631
-4839
-4899
-4891
-5163
-4843
-5379
-4863
-5579
-4903
-5763
-4811
-6107
-4847
-6375
-4843
-6491
-4855
-6735
-4947
-7039
-4935
-7275
-4871
-7511
-4867
-7803
-4951
-7991
-4919
-8311
-4859
-8519
-4927
-8655
-4903
-8967
-4835
-9143
-4819
-9447
-4955
-9635
-4931
-9971
-4835
-10155
-4899
-10403
-4907
-10611
-4843
-10859
-4875
-11179
-4955
-11411
-4939
-11603
-4875
-11787
-4939
-12131
-4907
-12323
-4931
-12635
-4883
-12843
-4923
-13003
-4827
-13291
-4923
-13555
-4899
-13803
-4931
-13987
-4883
-14219
-4883
-14435
-4923
-14795
-4923
-15019
-4907
-15227
-4955
-15443
-4843
-15635
-4915
-15947
-4955
-16219
-4827
-16475
-4915
-16611
-4947
-16931
-4827
-17179
-4907
-17411
-4883
-17611
-4931
-17827
-4923
-18043
-4843
-18291
-4939
-18619
-4939
-18859
-5107
101
-5147
-51
-5163
-355
-5103
-583
-5131
-739
-5175
-1011
-5103
-1263
-5123
-1483
-5143
-1811
-5063
-1991
-5191
-2223
-5151
-2503
-5119
-2691
-5171
-2975
-5159
-3163
-5071
-3459
-5167
-3671
-5115
-3923
-5119
-4131
-5103
-4339
-5175
-4683
-5103
-4883
-5155
-5115
-5119
-5411
-5131
-5607
-5047
-5843
-5163
-6139
-5163
-6267
-5187
-6495
-5195
-6767
-5131
-7083
-5107
-7259
-5175
-7471
-5155
-7755
-5075
-8007
-5187
-8283
-5103
-8495
-5103
-8735
-5115
-8879
-5171
-9135
-5155
-9499
-5147
-9723
-5131
-9971
-5171
-10163
-5171
-10427
-5067
-10699
-5107
-10955
-5099
-11179
-5155
-11355
-5195
-11611
-5075
-11899
-5195
-12035
-5195
-12339
-5091
-12571
-5099
-12843
-5179
-13051
-5187
-13235
-5091
-13547
-5115
-13803
-5195
-14011
-5179
-14251
-5187
-14531
-5099
-14691
-5091
-14947
-5171
-15195
-5083
-15459
-5091
-15699
-5147
-15915
-5107
-16139
-5107
-16387
-5075
-16587
-5187
-16947
-5083
-17091
-5171
-17355
-5195
-17643
-5179
-17867
-5099
-18035
-5187
-18315
-5171
-18595
-5075
-18819
-5307
85
-5315
-107
-5387
-299
-5371
-615
-5427
-787
-5387
-1051
-5411
-1323
-5395
-1539
-5363
-1807
-5419
-2035
-5395
-2275
-5323
-2447
-5315
-2735
-5315
-2947
-5347
-3223
-5347
-3503
-5379
-3615
-5403
-3907
-5395
-4111
-5395
-4323
-5355
-4655
-5307
-4827
-5395
-5159
-5419
-5411
-5363
-5543
-5339
-5835
-5323
-6071
-5323
-6255
-5403
-6627
-5403
-6859
-5435
-7035
-5403
-7275
-5427
-7547
-5387
-7719
-5435
-8051
-5395
-8215
-5427
-8555
-5379
-8643
-5363
-8959
-5323
-9167
-5379
-9499
-5387
-9715
-5427
-9867
-5331
-10115
-5419
-10403
-5315
-10651
-5347
-10939
-5339
-11075
-5419
-11379
-5387
-11595
-5427
-11915
-5427
-12115
-5403
-12339
-5363
-12571
-5323
-12827
-5355
-13003
-5323
-13291
-5387
-13547
-5435
-13723
-5419
-13979
-5379
-14227
-5403
-14451
-5435
-14675
-5435
-15011
-5395
-15155
-5347
-15411
-5339
-15731
-5387
-15963
-5363
-16211
-5403
-16411
-5323
-16715
-5315
-16859
-5395
-17107
-5427
-17395
-5323
-17579
-5315
-17819
-5323
-18139
-5427
-18363
-5347
-18555
-5355
-18819
-5563
93
-5555
-99
-5643
-291
-5587
-603
-5603
-843
-5619
-1115
-5579
-1323
-5651
-1483
-5627
-1755
-5595
-1947
-5603
-2267
-5555
-2483
-5603
-2771
-5667
-2955
-5643
-3275
-5555
-3403
-5643
-3691
-5547
-3955
-5595
-4107
-5659
-4379
-5643
-4707
-5619
-4891
-5643
-5139
-5563
-5371
-5595
-5651
-5635
-5899
-5563
-6131
-5587
-6315
-5651
-6523
-5619
-6859
-5619
-6995
-5643
-7283
-5667
-7499
-5627
-7747
-5579
-8003
-5675
-8251
-5651
-8507
-5659
-8771
-5635
-8939
-5667
-9211
-5675
-9475
-5667
-9723
-5659
-9947
-5579
-10195
-5595
-10387
-5675
-10659
-5643
-10875
-5611
-11147
-5611
-11427
-5611
-11643
-5627
-11867
-5611
-12067
-5675
-12355
-5603
-12579
-5611
-12875
-5587
-12995
-5675
-13251
-5651
-13515
-5635
-13787
-5651
-13971
-5675
-14299
-5595
-14555
-5627
-14715
-5675
-14931
-5627
-15251
-5611
-15515
-5675
-15683
-5659
-15891
-5571
-16139
-5635
-16419
-5627
-16587
-5619
-16907
-5635
-17131
-5595
-17403
-5563
-17563
-5667
-17875
-5563
-18067
-5579
-18395
-5563
-18515
-5635
-18819
-5867
93
-5891
-123
-5811
-379
-5819
-611
-5883
-859
-5811
-1067
-5915
-1251
-5915
-1483
-5883
-1723
-5851
-2051
-5867
-2307
-5883
-2555
-5803
-2715
-5843
-2931
-5899
-3219
-5875
-3499
-5851
-3643
-5883
-3979
-5875
-4211
-5899
-4355
-5883
-4707
-5915
-4931
-5875
-5123
-5795
-5379
-5843
-5555
-5803
-5899
-5867
-6107
-5907
-6315
-5835
-6587
-5891
-6867
-5787
-7035
-5803
-7243
-5899
-7475
-5915
-7819
-5875
-8051
-5907
-8227
-5907
-8507
-5899
-8667
-5875
-9035
-5883
-9195
-5795
-9515
-5915
-9747
-5835
-9963
-5851
-10115
-5915
-10403
-5851
-10643
-5915
-10891
-5795
-11171
-5811
-11323
-5795
-11547
-5803
-11875
-5851
-12147
-5867
-12379
-5907
-12515
-5827
-12827
-5859
-13019
-5827
-13291
-5835
-13555
-5787
-13707
-5883
-13987
-5787
-14211
-5827
-14515
-5899
-14747
-5787
-15003
-5907
-15155
-5899
-15419
-5899
-15635
-5811
-15963
-5787
-16115
-5859
-16395
-5915
-16587
-5907
-16891
-5915
-17131
-5851
-17307
-5899
-17547
-5811
-17795
-5851
-18051
-5803
-18283
-5915
-18587
-5883
-18835
-6051
109
-6147
-35
-6099
-307
-6059
-635
-6107
-875
-6035
-1091
-6091
-1307
-6115
-1515
-6147
-1739
-6083
-2027
-6155
-2283
-6139
-2483
-6115
-2675
-6051
-2939
-6067
-3163
-6131
-3459
-6131
-3651
-6131
-3875
-6051
-4115
-6051
-4451
-6155
-4643
-6147
-4939
-6147
-5075
-6147
-5395
-6043
-5643
-6155
-5835
-6107
-6139
-6147
-6275
-6059
-6587
-6139
-6795
-6075
-6995
-6067
-7315
-6091
-7467
-6131
-7795
-6155
-7995
-6059
-8267
-6123
-8427
-6075
-8747
-6139
-8923
-6043
-9275
-6075
-9427
-6075
-9675
-6051
-9939
-6123
-10139
-6091
-10371
-6123
-10707
-6115
-10859
-6123
-11099
-6147
-11363
-6099
-11667
-6091
-11851
-6115
-12123
-6067
-12267
-6075
-12515
-6139
-12867
-6115
-13003
-6123
-13339
-6107
-13523
-6155
-13755
-6067
-14011
-6147
-14267
-6139
-14459
-6059
-14779
-6139
-14971
-6107
-15259
-6099
-15467
-6083
-15635
-6147
-15955
-6043
-16179
-6083
-16363
-6155
-16627
-6123
-16827
-6035
-17075
-6123
-17411
-6139
-17675
-6099
-17899
-6115
-18147
-6059
-18307
-6147
-18523
-6091
-18827
-6387
125
-6355
-35
-6355
-315
-6363
-547
-6275
-827
-6275
-1019
-6275
-1339
-6291
-1523
-6347
-1763
-6315
-2027
-6275
-2251
-6355
-2539
-6323
-2795
-6387
-2963
-6315
-3203
-6339
-3507
-6331
-3691
-6283
-3891
-6387
-4115
-6315
-4467
-6387
-4627
-6355
-4843
-6395
-5067
-6299
-5411
-6371
-5595
-6363
-5899
-6387
-6131
-6307
-6355
-6395
-6563
-6355
-6763
-6315
-7115
-6379
-7339
-6387
-7483
-6323
-7723
-6331
-7947
-6275
-8283
-6275
-8435
-6355
-8787
-6283
-8987
-6387
-9251
-6379
-9395
-6307
-9731
-6347
-9995
-6355
-10211
-6299
-10443
-6379
-10715
-6307
-10875
-6395
-11163
-6283
-11355
-6363
-11579
-6371
-11811
-6379
-12147
-6395
-12275
-6331
-12587
-6331
-12779
-6339
-13083
-6339
-13267
-6355
-13579
-6347
-13723
-6371
-13979
-6395
-14259
-6339
-14507
-6355
-14747
-6339
-14923
-6387
-15187
-6363
-15475
-6339
-15643
-6331
-15891
-6387
-16227
-6363
-16371
-6275
-16667
-6339
-16939
-6387
-17115
-6395
-17323
-6387
-17571
-6323
-17907
-6371
-18155
-6347
-18387
-6347
-18555
-6387
-18827
-6547
85
-6563
-147
-6579
-395
-6627
-563
-6579
-843
-6603
-1059
-6531
-1243
-6635
-1571
-6627
-1803
-6635
-2043
-6627
-2227
-6587
-2459
-6571
-2795
-6611
-2955
-6595
-3235
-6627
-3427
-6619
-3635
-6523
-3955
-6595
-4155
-6579
-4451
-6611
-4611
-6579
-4899
-6619
-5107
-6523
-5403
-6603
-5571
-6611
-5851
-6635
-6035
-6555
-6299
-6627
-6563
-6531
-6851
-6531
-7051
-6579
-7307
-6571
-7467
-6627
-7731
-6627
-7955
-6507
-8291
-6507
-8459
-6627
-8795
-6619
-8915
-6547
-9163
-6603
-9427
-6635
-9739
-6587
-9931
-6579
-10203
-6579
-10459
-6635
-10619
-6547
-10923
-6563
-11091
-6611
-11347
-6539
-11571
-6579
-11875
-6515
-12043
-6603
-12371
-6595
-12579
-6619
-12851
-6595
-13059
-6635
-13299
-6611
-13571
-6619
-13827
-6547
-14067
-6547
-14211
-6627
-14435
-6555
-14707
-6547
-14963
-6523
-15147
-6603
-15507
-6587
-15699
-6635
-15971
-6571
-16219
-6587
-16443
-6507
-16691
-6619
-16851
-6555
-17171
-6547
-17363
-6579
-17611
-6571
-17803
-6611
-18067
-6635
-18355
-6587
-18595
-6547
-18819
-6827
93
-6875
-131
-6835
-363
-6859
-595
-6835
-779
-6787
-1003
-6867
-1291
-6811
-1595
-6875
-1787
-6835
-2003
-6771
-2307
-6835
-2547
-6859
-2747
-6875
-2939
-6851
-3267
-6819
-3387
-6851
-3723
-6851
-3891
-6859
-4187
-6795
-4347
-6859
-4699
-6827
-4859
-6875
-5091
-6811
-5355
-6811
-5579
-6811
-5883
-6819
-6115
-6875
-6283
-6867
-6563
-6747
-6747
-6843
-7003
-6875
-7275
-6835
-7491
-6867
-7795
-6851
-7963
-6859
-8259
-6875
-8475
-6787
-8779
-6827
-8979
-6835
-9155
-6835
-9467
-6771
-9715
-6771
-9955
-6835
-10155
-6867
-10411
-6755
-10691
-6779
-10907
-6851
-11131
-6763
-11403
-6811
-11619
-6859
-11795
-6859
-12115
-6843
-12347
-6795
-12563
-6867
-12795
-6867
-13011
-6851
-13299
-6787
-13587
-6835
-13835
-6779
-13979
-6779
-14275
-6771
-14555
-6875
-14683
-6827
-14963
-6827
-15235
-6827
-15435
-6787
-15731
-6835
-15899
-6819
-16187
-6755
-16403
-6867
-16635
-6875
-16827
-6803
-17123
-6787
-17323
-6867
-17603
-6787
-17859
-6875
-18099
-6851
-18283
-6747
-18595
-6851
-18875
-6995
149
-7067
-59
-7003
-291
-6995
-539
-7011
-747
-7091
-1027
-7043
-1235
-7075
-1539
-7043
-1779
-7075
-2075
-7091
-2251
-7035
-2547
-7011
-2787
-7107
-2971
-7091
-3219
-7075
-3475
-7027
-3683
-7027
-3995
-7091
-4155
-7083
-4435
-7099
-4635
-7099
-4875
-7099
-5075
-7051
-5403
-7043
-5619
-7107
-5867
-7059
-6123
-7035
-6267
-7011
-6515
-7083
-6763
-7011
-7011
-6995
-7299
-7059
-7531
-7019
-7731
-7067
-7987
-7083
-8291
-7003
-8435
-7035
-8795
-7115
-8979
-7043
-9219
-7027
-9515
-7051
-9651
-7075
-9955
-6987
-10131
-7075
-10475
-7019
-10643
-7107
-10851
-7035
-11163
-7075
-11347
-7059
-11547
-7107
-11787
-7115
-12091
-7115
-12299
-7011
-12603
-7003
-12755
-7099
-13019
-7019
-13299
-7019
-13499
-7083
-13707
-7019
-13947
-7107
-14195
-7003
-14467
-7115
-14755
-7067
-14971
-7083
-15211
-7107
-15403
-7019
-15755
-7107
-15995
-7043
-16195
-7115
-16419
-7059
-16699
-7107
-16859
-7115
-17099
-7067
-17371
-7067
-17579
-7083
-17875
-7099
-18027
-7083
-18267
-7107
-18539
-7019
-18851
-7355
141
-7275
-83
-7331
-379
-7283
-619
-7251
-803
-7235
-1035
-7267
-1339
-7259
-1475
-7243
-1803
-7331
-2043
-7307
-2235
-7347
-2547
-7315
-2715
-7315
-2923
-7299
-3227
-7299
-3387
-7299
-3667
-7347
-3939
-7299
-4155
-7331
-4363
-7251
-4643
-7267
-4915
-7291
-5147
-7315
-5435
-7251
-5627
-7315
-5851
-7323
-6083
-7275
-6331
-7315
-6515
-7283
-6755
-7283
-7067
-7307
-7339
-7331
-7563
-7259
-7771
-7299
-7971
-7323
-8227
-7267
-8451
-7331
-8787
-7283
-8923
-7307
-9243
-7299
-9459
-7331
-9699
-7275
-9963
-7315
-10131
-7355
-10467
-7267
-10587
-7331
-10923
-7259
-11155
-7355
-11379
-7347
-11603
-7307
-11827
-7339
-12027
-7267
-12275
-7323
-12571
-7347
-12771
-7331
-13067
-7355
-13251
-7331
-13467
-7243
-13827
-7355
-14051
-7331
-14283
-7331
-14443
-7323
-14723
-7299
-14923
-7307
-15147
-7347
-15427
-7259
-15747
-7283
-15883
-7299
-16147
-7299
-16387
-7267
-16667
-7355
-16867
-7339
-17155
-7307
-17307
-7259
-17643
-7267
-17899
-7299
-18083
-7275
-18283
-7323
-18579
-7307
-18827
-7491
109
-7539
-131
-7579
-299
-7595
-587
-7507
-803
-7595
-1099
-7555
-1275
-7483
-1563
-7523
-1755
-7499
-2067
-7507
-2219
-7587
-2547
-7571
-2739
-7531
-2987
-7475
-3211
-7539
-3395
-7531
-3691
-7547
-3907
-7587
-4163
-7571
-4387
-7491
-4627
-7579
-4859
-7571
-5083
-7595
-5331
-7571
-5619
-7595
-5867
-7491
-6107
-7579
-6379
-7547
-6619
-7531
-6763
-7523
-6995
-7539
-7275
-7563
-7467
-7587
-7835
-7563
-7963
-7491
-8259
-7507
-8435
-7523
-8667
-7579
-8923
-7579
-9203
-7491
-9515
-7595
-9755
-7499
-9939
-7555
-10131
-7595
-10379
-7563
-10611
-7555
-10851
-7571
-11171
-7587
-11363
-7531
-11627
-7555
-11795
-7539
-12027
-7547
-12291
-7579
-12531
-7523
-12803
-7483
-13091
-7539
-13235
-7507
-13563
-7587
-13811
-7563
-14019
-7475
-14299
-7467
-14531
-7563
-14739
-7531
-14963
-7531
-15267
-7571
-15387
-7523
-15699
-7571
-15979
-7579
-16139
-7555
-16459
-7547
-16659
-7563
-16851
-7547
-17099
-7531
-17307
-7515
-17659
-7483
-17827
-7579
-18131
-7531
-18395
-7563
-18555
-7547
-18875
-7787
133
-7747
-115
-7723
-299
-7755
-611
-7827
-843
-7795
-1115
-7771
-1243
-7795
-1507
-7771
-1787
-7787
-1995
-7747
-2187
-7827
-2515
-7811
-2731
-7803
-3019
-7795
-3243
-7755
-3499
-7763
-3699
-7795
-3931
-7755
-4123
-7827
-4355
-7739
-4627
-7707
-4923
-7811
-5187
-7835
-5363
-7835
-5667
-7819
-5859
-7755
-6115
-7787
-6395
-7795
-6555
-7739
-6859
-7819
-7067
-7763
-7307
-7715
-7467
-7819
-7747
-7771
-7979
-7835
-8299
-7795
-8451
-7811
-8763
-7747
-9003
-7747
-9155
-7811
-9483
-7715
-9675
-7819
-9891
-7787
-10123
-7771
-10371
-7795
-10619
-7835
-10923
-7811
-11139
-7731
-11355
-7755
-11627
-7707
-11859
-7827
-12067
-7835
-12339
-7819
-12515
-7715
-12819
-7763
-13011
-7795
-13283
-7755
-13579
-7731
-13763
-7827
-14059
-7835
-14203
-7707
-14547
-7787
-14755
-7835
-14915
-7835
-15259
-7803
-15427
-7819
-15627
-7739
-15883
-7715
-16171
-7795
-16411
-7827
-16627
-7723
-16891
-7827
-17083
-7771
-17323
-7779
-17547
-7779
-17835
-7827
-18107
-7787
-18315
-7755
-18595
-7723
-18835
-8075
125
-8011
-75
-8059
-347
-8011
-627
-8051
-763
-7995
-1075
-8051
-1315
-7995
-1523
-8075
-1707
-8075
-1963
-8027
-2299
-8059
-2531
-8019
-2707
-8075
-2907
-8051
-3211
-8067
-3459
-8051
-3755
-8003
-3923
-7987
-4139
-8059
-4347
-7995
-4643
-8027
-4907
-7947
-5187
-7979
-5371
-8043
-5643
-7979
-5867
-8059
-6131
-8043
-6387
-8059
-6611
-8075
-6867
-7987
-7035
-8035
-7291
-8027
-7483
-8003
-7763
-7947
-8043
-8035
-8307
-8003
-8427
-7971
-8779
-8003
-8947
-7987
-9203
-8051
-9443
-7971
-9715
-8059
-9987
-7955
-10139
-8051
-10395
-8067
-10715
-8059
-10883
-7995
-11067
-8011
-11371
-8003
-11603
-8067
-11835
-8003
-12043
-8019
-12323
-7955
-12579
-7947
-12771
-8075
-13027
-7963
-13227
-8075
-13483
-8051
-13779
-7955
-13955
-8067
-14307
-8075
-14555
-8011
-14771
-8027
-14979
-8051
-15251
-8059
-15427
-8043
-15699
-8027
-15939
-7995
-16139
-7995
-16459
-8019
-16715
-8019
-16851
-8003
-17099
-8043
-17323
-8067
-17571
-7963
-17827
-8051
-18147
-8059
-18331
-8067
-18619
-8003
-18811
-8283
109
-8291
-51
-8315
-355
-8267
-619
-8243
-795
-8259
-1099
-8307
-1347
-8187
-1483
-8187
-1779
-8291
-2019
-8251
-2299
-8307
-2531
-8195
-2667
-8211
-2947
-8211
-3187
-8219
-3411
-8299
-3739
-8227
-3907
-8283
-4211
-8307
-4363
-8211
-4707
-8299
-4939
-8299
-5099
-8307
-5435
-8227
-5619
-8211
-5787
-8203
-6059
-8307
-6267
-8267
-6539
-8235
-6779
-8195
-7027
-8187
-7323
-8291
-7587
-8251
-7827
-8307
-8035
-8291
-8211
-8235
-8523
-8251
-8723
-8235
-8915
-8219
-9155
-8203
-9507
-8219
-9715
-8283
-9931
-8227
-10147
-8299
-10435
-8307
-10715
-8307
-10883
-8259
-11179
-8251
-11395
-8243
-11675
-8299
-11827
-8283
-12147
-8283
-12267
-8259
-12515
-8235
-12827
-8211
-13003
-8235
-13347
-8195
-13539
-8291
-13811
-8291
-14035
-8243
-14243
-8243
-14523
-8315
-14779
-8299
-14947
-8283
-15251
-8291
-15499
-8267
-15699
-8315
-15939
-8235
-16235
-8243
-16451
-8299
-16619
-8315
-16843
-8243
-17147
-8291
-17411
-8283
-17547
-8227
-17891
-8203
-18067
-8203
-18307
-8235
-18523
-8307
-18811
-8499
141
-8427
-59
-8555
-275
-8523
-627
-8555
-811
-8531
-1091
-8491
-1323
-8427
-1571
-8531
-1723
-8555
-1987
-8531
-2259
-8523
-2507
-8523
-2699
-8427
-2915
-8539
-3235
-8547
-3387
-8443
-3635
-8475
-3947
-8523
-4219
-8515
-4451
-8475
-4675
-8507
-4835
-8459
-5067
-8427
-5315
-8547
-5627
-8451
-5899
-8443
-6051
-8523
-6363
-8475
-6563
-8451
-6747
-8539
-7011
-8427
-7243
-8515
-7531
-8555
-7787
-8459
-8067
-8507
-8219
-8539
-8555
-8547
-8747
-8483
-9003
-8499
-9275
-8539
-9435
-8435
-9739
-8547
-9899
-8499
-10203
-8507
-10443
-8547
-10715
-8555
-10939
-8539
-11099
-8515
-11323
-8475
-11643
-8475
-11915
-8435
-12115
-8515
-12379
-8483
-12571
-8499
-12859
-8427
-13003
-8547
-13315
-8523
-13491
-8483
-13755
-8459
-14051
-8483
-14187
-8547
-14507
-8499
-14787
-8451
-15011
-8491
-15179
-8499
-15475
-8555
-15635
-8531
-15955
-8555
-16123
-8451
-16419
-8499
-16715
-8515
-16915
-8523
-17195
-8475
-17435
-8547
-17571
-8547
-17867
-8507
-18067
-8539
-18371
-8483
-18635
-8459
-18827
-8675
149
-8691
-67
-8707
-387
-8795
-539
-8771
-819
-8795
-1027
-8787
-1235
-8675
-1595
-8731
-1715
-8731
-2051
-8771
-2267
-8723
-2435
-8795
-2779
-8699
-2995
-8723
-3211
-8723
-3491
-8771
-3659
-8707
-3875
-8763
-4115
-8707
-4387
-8795
-4715
-8771
-4843
-8747
-5067
-8707
-5307
-8795
-5579
-8699
-5803
-8779
-6099
-8683
-6299
-8755
-6507
-8787
-6803
-8763
-6995
-8779
-7307
-8795
-7555
-8771
-7763
-8747
-8035
-8739
-8307
-8699
-8467
-8675
-8699
-8787
-8963
-8731
-9195
-8707
-9475
-8787
-9723
-8771
-9947
-8763
-10107
-8795
-10387
-8667
-10643
-8755
-10891
-8667
-11139
-8787
-11323
-8723
-11603
-8787
-11899
-8715
-12123
-8739
-12363
-8731
-12603
-8739
-12827
-8739
-13067
-8699
-13291
-8731
-13523
-8739
-13779
-8731
-14019
-8699
-14283
-8691
-14451
-8779
-14683
-8723
-14963
-8747
-15259
-8795
-15387
-8747
-15707
-8747
-15979
-8715
-16235
-8747
-16379
-8787
-16715
-8795
-16955
-8731
-17179
-8795
-17315
-8723
-17635
-8763
-17827
-8795
-18091
-8795
-18267
-8747
-18539
-8723
-18851
-8995
149
-8923
-123
-8955
-267
-9019
-627
-8939
-811
-9027
-1091
-9035
-1307
-9019
-1563
-9027
-1739
-9011
-2027
-9035
-2195
-8931
-2531
-8923
-2683
-8947
-2907
-9019
-3187
-8955
-3499
-8979
-3723
-8915
-3955
-8939
-4179
-8923
-4379
-9027
-4603
-9027
-4851
-8971
-5107
-8979
-5347
-8963
-5555
-9035
-5859
-8979
-6051
-8947
-6307
-8931
-6587
-8995
-6779
-8923
-7019
-8995
-7283
-8939
-7483
-8923
-7827
-9019
-7979
-8947
-8299
-8987
-8499
-8979
-8755
-8955
-8915
-9011
-9179
-8963
-9467
-8971
-9683
-8987
-9995
-9027
-10179
-8939
-10419
-8947
-10683
-8947
-10915
-8907
-11099
-8971
-11379
-9027
-11667
-8979
-11851
-9027
-12035
-8931
-12275
-9027
-12619
-9027
-12851
-9011
-13011
-8923
-13227
-9019
-13483
-8987
-13811
-9027
-14051
-9011
-14235
-8971
-14443
-8915
-14691
-8923
-15027
-8987
-15163
-8971
-15467
-9027
-15707
-8939
-15907
-8947
-16179
-9027
-16363
-8931
-16707
-9027
-16947
-8939
-17147
-9011
-17419
-8971
-17571
-8971
-17835
-8971
-18147
-9011
-18291
-8995
-18627
-9019
-18867
-9147
149
-9267
-59
-9155
-355
-9227
-563
-9195
-859
-9171
-1107
-9147
-1323
-9259
-1515
-9275
-1731
-9251
-2011
-9219
-2235
-9171
-2467
-9163
-2699
-9163
-2987
-9267
-3195
-9211
-3387
-9155
-3731
-9163
-3907
-9267
-4203
-9187
-4467
-9251
-4595
-9163
-4931
-9243
-5123
-9211
-5363
-9251
-5611
-9251
-5835
-9251
-6067
-9195
-6315
-9219
-6539
-9259
-6787
-9251
-7099
-9267
-7339
-9235
-7515
-9171
-7771
-9259
-7995
-9259
-8235
-9259
-8523
-9275
-8707
-9155
-8907
-9235
-9235
-9219
-9499
-9211
-9675
-9243
-9963
-9203
-10123
-9171
-10347
-9275
-10699
-9155
-10955
-9267
-11091
-9275
-11427
-9163
-11603
-9251
-11835
-9275
-12083
-9147
-12347
-9227
-12611
-9195
-12875
-9267
-13043
-9147
-13267
-9179
-13475
-9203
-13835
-9243
-14043
-9195
-14291
-9251
-14443
-9275
-14795
-9251
-14971
-9227
-15195
-9243
-15475
-9155
-15723
-9251
-15907
-9203
-16171
-9203
-16347
-9187
-16699
-9171
-16859
-9187
-17123
-9275
-17331
-9243
-17571
-9203
-17859
-9275
-18139
-9243
-18379
-9147
-18619
-9203
-18875
-9507
85
-9419
-115
-9411
-387
-9443
-627
-9395
-803
-9491
-1099
-9483
-1235
-9507
-1587
-9483
-1803
-9507
-2075
-9515
-2307
-9507
-2539
-9507
-2699
-9467
-2915
-9435
-3187
-9435
-3475
-9387
-3707
-9451
-3995
-9451
-4131
-9403
-4459
-9419
-4667
-9395
-4883
-9427
-5107
-9507
-5331
-9515
-5595
-9459
-5891
-9467
-6035
-9475
-6331
-9499
-6531
-9435
-6875
-9435
-7075
-9459
-7323
-9499
-7547
-9435
-7747
-9451
-7979
-9467
-8283
-9387
-8467
-9515
-8707
-9491
-8931
-9427
-9163
-9443
-9403
-9491
-9715
-9443
-9915
-9515
-10107
-9475
-10355
-9515
-10595
-9475
-10827
-9427
-11131
-9499
-11395
-9459
-11627
-9451
-11875
-9467
-12051
-9475
-12339
-9467
-12563
-9419
-12875
-9435
-13059
-9483
-13323
-9491
-13531
-9507
-13715
-9467
-14051
-9515
-14299
-9451
-14483
-9507
-14771
-9387
-14971
-9451
-15251
-9491
-15387
-9451
-15643
-9403
-15987
-9507
-16107
-9411
-16395
-9483
-16675
-9499
-16851
-9467
-17067
-9499
-17371
-9515
-17611
-9507
-17795
-9467
-18155
-9499
-18267
-9483
-18627
-9499
-18827
-9715
109
-9747
-139
-9683
-355
-9731
-507
-9715
-867
-9739
-1027
-9747
-1267
-9755
-1475
-9755
-1707
-9635
-1955
-9699
-2211
-9667
-2499
-9723
-2691
-9691
-3003
-9707
-3155
-9747
-3499
-9723
-3755
-9699
-3931
-9707
-4211
-9747
-4427
-9723
-4603
-9723
-4955
-9651
-5147
-9707
-5315
-9635
-5595
-9691
-5827
-9755
-6115
-9627
-6315
-9731
-6627
-9747
-6835
-9699
-7019
-9739
-7291
-9683
-7523
-9731
-7763
-9651
-7987
-9675
-8203
-9683
-8491
-9739
-8691
-9683
-9027
-9723
-9219
-9747
-9403
-9691
-9691
-9747
-9939
-9731
-10211
-9699
-10411
-9755
-10635
-9691
-10843
-9739
-11179
-9675
-11387
-9739
-11619
-9723
-11891
-9659
-12131
-9675
-12299
-9731
-12555
-9627
-12859
-9635
-13083
-9747
-13299
-9707
-13539
-9699
-13827
-9731
-14051
-9731
-14219
-9739
-14531
-9755
-14747
-9755
-14939
-9707
-15259
-9715
-15475
-9731
-15667
-9643
-15907
-9739
-16227
-9707
-16475
-9739
-16619
-9635
-16883
-9723
-17195
-9739
-17387
-9723
-17667
-9755
-17835
-9731
-18155
-9747
-18275
-9755
-18587
-9675
-18811
-9931
109
-9907
-115
-9995
-323
-9947
-603
-9979
-779
-9963
-1075
-9979
-1243
-9947
-1563
-9923
-1771
-9923
-2075
-9947
-2243
-9899
-2475
-9979
-2779
-9963
-2947
-9931
-3235
-9867
-3459
-9995
-3627
-9947
-3939
-9963
-4147
-9907
-4347
-9915
-4667
-9955
-4859
-9995
-5115
-9899
-5307
-9995
-5659
-9971
-5843
-9963
-6155
-9963
-6355
-9987
-6531
-9979
-6843
-9947
-7107
-9891
-7347
-9995
-7491
-9987
-7803
-9995
-8003
-9963
-8243
-9963
-8539
-9923
-8715
-9891
-9003
-9947
-9251
-9947
-9459
-9867
-9747
-9899
-9955
-9939
-10187
-9891
-10355
-9963
-10611
-9963
-10915
-9987
-11123
-9979
-11371
-9995
-11651
-9907
-11787
-9995
-12091
-9947
-12347
-9899
-12619
-9915
-12819
-9979
-13019
-9899
-13235
-9963
-13523
-9995
-13739
-9939
-13955
-9891
-14267
-9875
-14523
-9923
-14731
-9915
-14995
-9867
-15275
-9923
-15491
-9971
-15723
-9955
-15891
-9899
-16115
-9939
-16387
-9995
-16715
-9995
-16827
-9931
-17091
-9899
-17395
-9899
-17611
-9995
-17843
-9963
-18091
-9939
-18355
-9907
-18507
-9875
-18819
-10235
109
-10211
-75
-10219
-323
-10171
-563
-10187
-795
-10195
-1019
-10171
-1331
-10195
-1507
-10219
-1755
-10203
-2003
-10155
-2235
-10211
-2491
-10203
-2795
-10123
-2987
-10235
-3251
-10163
-3403
-10147
-3747
-10235
-3979
-10187
-4219
-10171
-4379
-10155
-4619
-10235
-4883
-10163
-5091
-10211
-5307
-10219
-5659
-10187
-5883
-10195
-6091
-10107
-6339
-10195
-6563
-10131
-6819
-10195
-7051
-10123
-7275
-10235
-7587
-10163
-7747
-10179
-7987
-10211
-8259
-10203
-8555
-10147
-8787
-10139
-8963
-10235
-9203
-10115
-9467
-10195
-9627
-10163
-9995
-10115
-10123
-10139
-10347
-10131
-10595
-10219
-10859
-10147
-11099
-10195
-11347
-10203
-11595
-10211
-11827
-10179
-12147
-10211
-12339
-10139
-12619
-10131
-12867
-10147
-12987
-10187
-13331
-10139
-13523
-10187
-13763
-10227
-14035
-10227
-14267
-10171
-14547
-10195
-14707
-10227
-14931
-10179
-15155
-10211
-15419
-10211
-15627
-10235
-15931
-10227
-16187
-10235
-16475
-10155
-16715
-10155
-16947
-10155
-17107
-10219
-17339
-10195
-17579
-10195
-17883
-10219
-18139
-10187
-18339
-10115
-18603
-10155
-18859
-10475
93
-10427
-43
-10459
-363
-10467
-507
-10459
-771
-10459
-1083
-10475
-1291
-10435
-1547
-10427
-1835
-10451
-1979
-10459
-2291
-10459
-2515
-10435
-2699
-10443
-3019
-10419
-3243
-10411
-3499
-10451
-3723
-10419
-3963
-10435
-4131
-10435
-4411
-10419
-4715
-10451
-4883
-10467
-5067
-10435
-5363
-10459
-5547
-10435
-5883
-10443
-6131
-10475
-6339
-10459
-6611
-10419
-6779
-10443
-7019
-10467
-7291
-10467
-7515
-10467
-7771
-10475
-7979
-10475
-8211
-10411
-8539
-10467
-8779
-10411
-8995
-10467
-9179
-10467
-9443
-10467
-9683
-10475
-9955
-10475
-10155
-10459
-10403
-10451
-10667
-10459
-10867
-10435
-11187
-10443
-11339
-10411
-11619
-10459
-11835
-10459
-12043
-10467
-12347
-10467
-12555
-10467
-12803
-10475
-13107
-10435
-13347
-10475
-13467
-10459
-13795
-10475
-14043
-10467
-14203
-10411
-14531
-10419
-14779
-10427
-15011
-10451
-15219
-10435
-15499
-10419
-15723
-10451
-15971
-10459
-16139
-10435
-16435
-10451
-16611
-10475
-16907
-10467
-17083
-10435
-17347
-10459
-17675
-10435
-17875
-10427
-18067
-10459
-18387
-10443
-18547
-10451
-18851
