101
212
240
-42
114
-342
245
-502
185
-834
460
-1006
237
-1291
418
-1496
371
-1706
442
-2022
252
-2277
149
-2481
197
-2647
211
-2953
159
-3189
145
-3427
169
-3699
205
-3883
285
-4099
105
-4361
253
-4573
93
-4911
109
-5087
133
-5307
85
-5555
117
-5915
93
-6051
85
-6275
85
-6555
133
-6835
125
-7079
149
-7335
93
-7543
85
-7763
85
-7987
85
-8287
141
-8515
117
-8707
133
-8955
125
-9191
117
-9395
125
-9739
101
-9955
109
-10163
101
-10347
125
-10715
149
-10947
109
-11163
149
-11387
93
-11667
85
-11899
117
-12131
101
-12323
117
-12579
149
-12819
93
-13091
85
-13331
101
-13571
125
-13787
109
-13995
149
-14307
109
-14467
125
-14691
117
-14931
93
-15187
109
-15427
101
-15659
101
-15963
117
-16171
109
-16419
117
-16691
117
-16915
101
-17091
133
-17331
125
-17587
149
-17851
133
-18075
109
-18395
149
-18595
101
-18827
-143
586
-139
-107
-97
-286
-51
-597
-95
-765
-90
-985
-113
-1304
-125
-1523
-74
-1706
-41
-2011
-79
-2252
-119
-2515
-47
-2655
-119
-2903
-19
-3159
-91
-3409
-83
-3613
-135
-3873
-121
-4145
-111
-4417
-43
-4601
-111
-4811
-83
-5187
-27
-5399
-131
-5611
-63
-5887
-151
-6063
-47
-6379
-67
-6591
-111
-6803
-39
-7071
-83
-7347
-31
-7515
-83
-7763
-115
-7935
-103
-8255
-147
-8499
-115
-8739
-139
-8931
-11
-9167
-135
-9459
-147
-9675
-147
-9899
-107
-10163
-27
-10419
-43
-10659
-115
-10883
-91
-11107
-131
-11355
-147
-11547
-139
-11803
-107
-12123
-155
-12379
-115
-12619
-155
-12851
-99
-13075
-123
-13291
-115
-13579
-155
-13779
-107
-13979
-83
-14299
-139
-14531
-155
-14795
-83
-15027
-35
-15147
-35
-15395
-99
-15747
-139
-15867
-147
-16131
-147
-16443
-115
-16587
-155
-16851
-115
-17083
-75
-17363
-107
-17667
-139
-17819
-115
-18035
-83
-18355
-27
-18571
-115
-18859
-363
1792
-325
-103
-290
-283
-335
-543
-345
-782
-379
-1084
-364
-1299
-309
-1485
-257
-1704
-326
-2011
-379
-2233
-375
-2519
-357
-2697
-387
-2969
-327
-3177
-379
-3351
-391
-3595
-293
-3955
-349
-4157
-361
-4381
-287
-4631
-343
-4819
-323
-5115
-387
-5407
-339
-5539
-339
-5823
-259
-6031
-375
-6319
-379
-6515
-371
-6771
-347
-7035
-347
-7219
-311
-7555
-359
-7795
-335
-7947
-347
-8155
-271
-8459
-339
-8683
-315
-8967
-379
-9243
-367
-9431
-323
-9627
-339
-9995
-371
-10115
-307
-10371
-363
-10699
-379
-10827
-275
-11147
-275
-11307
-307
-11579
-395
-11819
-395
-12051
-299
-12323
-307
-12619
-323
-12763
-347
-12987
-355
-13323
-291
-13571
-387
-13779
-275
-14051
-291
-14195
-283
-14547
-331
-14739
-363
-15019
-355
-15195
-371
-15467
-395
-15659
-387
-15947
-331
-16203
-363
-16467
-339
-16659
-355
-16883
-347
-17091
-331
-17323
-379
-17627
-315
-17835
-395
-18115
-363
-18379
-355
-18595
-339
-18851
-503
1773
-555
-115
-611
-325
-587
-614
-604
-796
-626
-1057
-573
-1231
-501
-1447
-603
-1746
-618
-1997
-571
-2189
-555
-2429
-547
-2645
-579
-2899
-527
-3221
-571
-3455
-543
-3655
-549
-3923
-633
-4175
-507
-4441
-601
-4635
-595
-4803
-547
-5139
-579
-5319
-523
-5619
-591
-5879
-619
-6035
-495
-6391
-591
-6499
-575
-6751
-579
-7067
-511
-7231
-611
-7587
-591
-7755
-635
-8051
-579
-8271
-575
-8471
-487
-8759
-511
-8987
-523
-9183
-555
-9499
-587
-9635
-635
-9971
-539
-10115
-635
-10443
-523
-10651
-571
-10827
-611
-11147
-563
-11379
-611
-11675
-619
-11883
-555
-12091
-587
-12283
-627
-12507
-627
-12843
-603
-13067
-619
-13251
-571
-13491
-635
-13803
-619
-14003
-619
-14259
-619
-14539
-515
-14795
-563
-14995
-603
-15163
-539
-15507
-635
-15635
-635
-15915
-603
-16107
-539
-16419
-627
-16715
-619
-16891
-619
-17187
-635
-17435
-579
-17635
-563
-17803
-627
-18075
-539
-18387
-555
-18627
-531
-18835
-759
564
-835
-111
-805
-250
-813
-611
-853
-821
-829
-1045
-846
-1298
-726
-1507
-819
-1723
-820
-2013
-839
-2283
-755
-2461
-745
-2653
-809
-3015
-747
-3125
-751
-3439
-839
-3679
-833
-3887
-779
-4163
-851
-4437
-715
-4697
-867
-4855
-783
-5119
-823
-5343
-843
-5571
-739
-5879
-783
-6011
-787
-6383
-743
-6487
-763
-6803
-851
-6983
-851
-7291
-787
-7563
-767
-7787
-795
-7971
-847
-8203
-851
-8539
-819
-8659
-727
-8903
-799
-9171
-863
-9427
-859
-9643
-827
-9987
-819
-10203
-779
-10371
-867
-10667
-875
-10915
-787
-11139
-875
-11435
-819
-11563
-867
-11803
-827
-12155
-867
-12363
-803
-12571
-851
-12835
-835
-13043
-859
-13227
-843
-13555
-747
-13715
-867
-13979
-875
-14283
-787
-14443
-859
-14683
-875
-14971
-835
-15163
-867
-15467
-755
-15699
-851
-15947
-875
-16123
-859
-16347
-787
-16651
-859
-16931
-803
-17155
-875
-17387
-843
-17675
-843
-17827
-779
-18027
-875
-18355
-859
-18627
-787
-18835
-1083
1371
-1069
-34
-1077
-278
-1059
-603
-989
-821
-980
-973
-1054
-1318
-985
-1511
-1055
-1746
-980
-2031
-1029
-2273
-1045
-2413
-1093
-2757
-1113
-2959
-1045
-3117
-1081
-3445
-1013
-3691
-1055
-3965
-1077
-4223
-1063
-4345
-1037
-4661
-1075
-4951
-1079
-5107
-1035
-5387
-991
-5639
-1031
-5887
-1063
-6051
-1095
-6255
-1107
-6603
-995
-6763
-1091
-6963
-987
-7267
-1059
-7539
-1083
-7699
-1111
-7967
-1063
-8203
-1099
-8503
-1059
-8747
-995
-8923
-1043
-9175
-1023
-9427
-1083
-9715
-1107
-9955
-1075
-10179
-1027
-10451
-1115
-10707
-1107
-10875
-1011
-11171
-1011
-11403
-1091
-11659
-1075
-11795
-1003
-12075
-1083
-12347
-1059
-12627
-1115
-12859
-1083
-13067
-1059
-13243
-1075
-13587
-1051
-13811
-1091
-13995
-1091
-14291
-1075
-14491
-1075
-14795
-1091
-15027
-1059
-15195
-1091
-15443
-1083
-15691
-1091
-15899
-1115
-16155
-1027
-16435
-1107
-16587
-1059
-16835
-1059
-17115
-1059
-17323
-1027
-17595
-1115
-17851
-1091
-18147
-1115
-18395
-1003
-18579
-1043
-18867
-1347
1103
-1304
-85
-1273
-330
-1228
-514
-1297
-767
-1315
-1107
-1270
-1239
-1293
-1568
-1305
-1777
-1274
-1982
-1333
-2251
-1305
-2441
-1271
-2747
-1249
-2931
-1199
-3223
-1283
-3383
-1309
-3607
-1229
-3845
-1335
-4143
-1295
-4443
-1239
-4583
-1351
-4931
-1319
-5163
-1315
-5359
-1299
-5635
-1319
-5775
-1315
-6019
-1275
-6335
-1227
-6495
-1319
-6787
-1319
-7039
-1327
-7319
-1223
-7443
-1319
-7751
-1271
-8031
-1251
-8231
-1315
-8447
-1311
-8763
-1227
-8955
-1287
-9235
-1347
-9459
-1307
-9651
-1307
-9899
-1339
-10187
-1267
-10419
-1235
-10611
-1331
-10915
-1347
-11179
-1275
-11307
-1259
-11627
-1347
-11915
-1339
-12155
-1331
-12307
-1323
-12531
-1267
-12771
-1307
-13107
-1283
-13339
-1307
-13595
-1331
-13779
-1323
-13979
-1307
-14251
-1323
-14435
-1267
-14723
-1291
-14915
-1243
-15235
-1235
-15419
-1275
-15747
-1299
-15963
-1315
-16139
-1299
-16467
-1267
-16643
-1331
-16843
-1347
-17179
-1331
-17339
-1307
-17651
-1355
-17851
-1267
-18131
-1355
-18379
-1331
-18563
-1235
-18811
-1499
237
-1499
-113
-1479
-327
-1499
-541
-1547
-837
-1463
-1045
-1455
-1259
-1513
-1521
-1563
-1707
-1541
-1963
-1499
-2267
-1517
-2451
-1577
-2695
-1485
-2885
-1569
-3235
-1451
-3399
-1473
-3633
-1517
-3871
-1543
-4115
-1471
-4471
-1539
-4669
-1563
-4867
-1539
-5119
-1563
-5299
-1479
-5567
-1475
-5779
-1491
-6091
-1547
-6315
-1583
-6607
-1563
-6727
-1583
-7059
-1475
-7331
-1439
-7523
-1515
-7691
-1483
-7963
-1487
-8311
-1575
-8475
-1535
-8731
-1563
-8887
-1563
-9267
-1583
-9415
-1547
-9683
-1515
-9931
-1587
-10155
-1475
-10435
-1507
-10651
-1595
-10883
-1483
-11075
-1467
-11403
-1587
-11619
-1547
-11875
-1483
-12059
-1579
-12339
-1571
-12531
-1475
-12835
-1515
-13107
-1523
-13259
-1531
-13539
-1467
-13731
-1595
-14067
-1571
-14187
-1571
-14547
-1531
-14675
-1515
-15019
-1595
-15155
-1499
-15467
-1507
-15739
-1515
-15899
-1587
-16235
-1539
-16459
-1563
-16659
-1595
-16915
-1571
-17155
-1563
-17347
-1467
-17587
-1547
-17795
-1499
-18075
-1547
-18371
-1491
-18627
-1499
-18835
-1795
177
-1779
-149
-1799
-361
-1803
-533
-1807
-747
-1717
-1061
-1795
-1289
-1767
-1477
-1761
-1805
-1829
-1935
-1711
-2203
-1775
-2459
-1699
-2663
-1831
-2963
-1795
-3229
-1823
-3447
-1711
-3719
-1753
-3857
-1761
-4113
-1773
-4425
-1771
-4651
-1715
-4931
-1807
-5095
-1747
-5371
-1819
-5663
-1791
-5875
-1739
-6111
-1763
-6271
-1763
-6615
-1727
-6839
-1703
-7099
-1827
-7215
-1791
-7519
-1787
-7691
-1755
-7927
-1703
-8163
-1711
-8527
-1803
-8763
-1819
-8987
-1807
-9127
-1827
-9371
-1715
-9747
-1723
-9963
-1795
-10235
-1819
-10419
-1803
-10651
-1707
-10851
-1771
-11195
-1835
-11435
-1763
-11595
-1723
-11891
-1787
-12115
-1827
-12283
-1723
-12571
-1835
-12867
-1715
-13067
-1827
-13315
-1827
-13507
-1779
-13731
-1787
-14003
-1819
-14235
-1819
-14451
-1787
-14747
-1827
-14979
-1811
-15227
-1819
-15443
-1827
-15675
-1731
-15939
-1787
-16163
-1755
-16467
-1763
-16587
-1755
-16915
-1715
-17171
-1811
-17307
-1795
-17611
-1819
-17803
-1779
-18083
-1835
-18355
-1755
-18611
-1731
-18875
-2047
853
-1981
-43
-2033
-371
-2011
-569
-2041
-721
-1989
-1009
-2071
-1221
-2029
-1465
-2045
-1759
-1935
-1991
-2037
-2287
-1939
-2401
-1975
-2717
-2047
-2983
-1971
-3193
-2005
-3395
-2033
-3667
-2035
-3889
-1951
-4187
-1943
-4467
-2025
-4647
-1923
-4839
-2027
-5151
-2059
-5395
-2019
-5647
-2059
-5895
-1999
-6083
-2003
-6299
-1971
-6559
-1999
-6867
-1991
-7091
-2047
-7319
-1971
-7567
-2035
-7751
-1999
-7955
-1967
-8207
-2067
-8451
-2039
-8735
-1975
-8907
-2007
-9139
-2051
-9407
-1979
-9715
-2043
-9923
-2051
-10107
-2019
-10363
-2035
-10659
-2067
-10955
-2075
-11155
-1955
-11403
-2043
-11595
-2067
-11883
-2019
-12027
-2051
-12379
-2027
-12579
-1963
-12851
-2035
-12987
-1979
-13307
-1979
-13523
-2035
-13763
-2075
-14027
-2035
-14315
-2019
-14451
-1963
-14707
-1987
-14915
-2067
-15195
-1987
-15459
-2067
-15659
-2067
-15947
-2019
-16139
-1987
-16363
-2019
-16707
-2051
-16883
-2059
-17195
-2019
-17323
-2051
-17611
-1971
-17827
-2075
-18123
-2019
-18371
-2043
-18523
-2003
-18867
-2195
1035
-2195
-43
-2221
-387
-2219
-537
-2287
-723
-2187
-1071
-2273
-1277
-2269
-1549
-2249
-1783
-2195
-1951
-2241
-2221
-2211
-2511
-2257
-2677
-2283
-3011
-2233
-3203
-2235
-3359
-2249
-3709
-2283
-3969
-2277
-4195
-2185
-4439
-2219
-4587
-2219
-4919
-2203
-5043
-2243
-5307
-2195
-5527
-2187
-5863
-2255
-6127
-2267
-6347
-2267
-6595
-2287
-6803
-2299
-7067
-2275
-7235
-2251
-7511
-2263
-7735
-2291
-7967
-2211
-8231
-2279
-8515
-2263
-8675
-2195
-8979
-2251
-9179
-2295
-9463
-2275
-9651
-2299
-9875
-2291
-10235
-2243
-10419
-2227
-10675
-2227
-10931
-2259
-11163
-2259
-11339
-2299
-11571
-2267
-11795
-2267
-12075
-2203
-12395
-2195
-12579
-2235
-12835
-2275
-13027
-2275
-13227
-2315
-13475
-2219
-13787
-2291
-14035
-2299
-14315
-2227
-14491
-2243
-14779
-2315
-14939
-2227
-15179
-2211
-15435
-2283
-15691
-2283
-15915
-2275
-16107
-2291
-16387
-2315
-16619
-2259
-16859
-2251
-17155
-2315
-17387
-2275
-17587
-2227
-17803
-2259
-18027
-2227
-18347
-2315
-18507
-2307
-18851
-2531
1237
-2503
-95
-2517
-265
-2405
-479
-2503
-849
-2531
-1055
-2481
-1331
-2475
-1537
-2463
-1793
-2501
-2035
-2471
-2307
-2531
-2411
-2547
-2709
-2525
-2907
-2435
-3165
-2477
-3439
-2497
-3665
-2535
-3857
-2485
-4075
-2541
-4465
-2447
-4647
-2439
-4935
-2411
-5087
-2523
-5331
-2519
-5547
-2523
-5863
-2535
-6027
-2519
-6275
-2547
-6515
-2415
-6831
-2395
-7067
-2455
-7227
-2491
-7459
-2543
-7803
-2523
-7991
-2511
-8239
-2527
-8507
-2519
-8715
-2395
-8891
-2467
-9207
-2427
-9499
-2547
-9739
-2451
-9939
-2459
-10219
-2483
-10467
-2499
-10715
-2555
-10955
-2491
-11147
-2427
-11435
-2515
-11611
-2555
-11899
-2539
-12075
-2491
-12363
-2547
-12611
-2491
-12803
-2547
-12987
-2443
-13323
-2507
-13595
-2451
-13787
-2475
-13987
-2475
-14275
-2467
-14515
-2531
-14715
-2547
-14931
-2499
-15179
-2515
-15459
-2443
-15667
-2547
-15907
-2451
-16163
-2427
-16355
-2539
-16691
-2491
-16867
-2555
-17099
-2515
-17379
-2531
-17595
-2523
-17851
-2523
-18123
-2531
-18347
-2531
-18523
-2499
-18867
-2707
125
-2731
-111
-2739
-259
-2791
-591
-2659
-775
-2763
-1067
-2747
-1323
-2735
-1451
-2671
-1799
-2755
-2019
-2671
-2289
-2707
-2519
-2695
-2647
-2695
-3007
-2695
-3163
-2691
-3483
-2659
-3731
-2675
-3917
-2751
-4131
-2719
-4363
-2755
-4611
-2779
-4867
-2663
-5159
-2763
-5407
-2707
-5647
-2739
-5819
-2739
-6059
-2739
-6351
-2735
-6483
-2755
-6727
-2719
-6999
-2715
-7215
-2763
-7463
-2743
-7715
-2791
-7999
-2771
-8251
-2783
-8483
-2747
-8723
-2783
-8947
-2771
-9203
-2751
-9415
-2779
-9747
-2739
-9883
-2787
-10107
-2699
-10379
-2723
-10587
-2723
-10851
-2707
-11131
-2763
-11323
-2691
-11667
-2715
-11811
-2787
-12107
-2771
-12299
-2731
-12563
-2707
-12859
-2755
-13027
-2763
-13347
-2771
-13563
-2763
-13811
-2747
-14035
-2795
-14227
-2787
-14443
-2747
-14795
-2755
-14995
-2683
-15203
-2779
-15499
-2787
-15707
-2675
-15883
-2755
-16219
-2787
-16411
-2755
-16715
-2691
-16931
-2731
-17155
-2667
-17315
-2731
-17635
-2771
-17907
-2707
-18075
-2795
-18379
-2723
-18547
-2707
-18875
-2983
101
-2971
-27
-2943
-323
-2999
-567
-3011
-775
-2947
-1007
-2999
-1335
-2979
-1495
-2911
-1751
-2971
-2015
-3023
-2167
-2931
-2443
-2963
-2683
-3007
-2919
-3019
-3203
-2975
-3475
-2939
-3611
-2919
-3915
-2987
-4163
-2991
-4423
-2919
-4607
-2915
-4807
-3027
-5151
-2939
-5347
-2987
-5551
-2923
-5847
-2995
-6027
-2975
-6291
-2915
-6587
-2995
-6759
-2987
-6979
-2983
-7263
-2979
-7591
-2899
-7791
-2883
-8035
-2895
-8231
-2991
-8539
-2927
-8723
-2995
-8983
-2943
-9243
-2963
-9483
-3027
-9747
-2923
-9907
-2923
-10195
-2963
-10371
-2955
-10707
-3019
-10843
-2939
-11147
-3035
-11379
-3035
-11667
-3019
-11819
-2979
-12035
-3011
-12307
-2955
-12595
-3011
-12747
-3011
-12995
-2963
-13323
-2987
-13515
-2995
-13715
-3003
-13995
-3027
-14243
-3027
-14515
-2979
-14771
-3019
-14995
-2995
-15203
-3003
-15451
-3027
-15627
-3003
-15915
-3003
-16171
-2987
-16475
-2947
-16619
-2939
-16883
-3027
-17123
-3011
-17347
-2947
-17635
-3019
-17851
-3019
-18139
-2971
-18363
-2915
-18627
-2955
-18875
-3243
125
-3215
-75
-3263
-271
-3247
-551
-3263
-847
-3219
-1059
-3179
-1331
-3151
-1463
-3187
-1791
-3151
-2055
-3243
-2251
-3219
-2439
-3243
-2715
-3251
-2955
-3155
-3259
-3171
-3499
-3171
-3651
-3143
-3963
-3255
-4139
-3203
-4323
-3207
-4683
-3191
-4923
-3203
-5103
-3263
-5355
-3203
-5623
-3175
-5859
-3143
-6131
-3203
-6327
-3211
-6579
-3147
-6727
-3235
-7063
-3119
-7207
-3195
-7571
-3231
-7695
-3227
-8047
-3247
-8195
-3227
-8479
-3183
-8771
-3171
-8919
-3215
-9235
-3187
-9371
-3211
-9667
-3243
-9883
-3259
-10147
-3203
-10411
-3259
-10611
-3243
-10939
-3203
-11083
-3219
-11411
-3171
-11603
-3203
-11835
-3267
-12091
-3171
-12387
-3219
-12539
-3227
-12835
-3235
-13019
-3243
-13323
-3243
-13571
-3211
-13795
-3275
-14059
-3211
-14291
-3259
-14491
-3171
-14723
-3235
-14939
-3211
-15203
-3187
-15475
-3267
-15747
-3179
-15939
-3227
-16187
-3163
-16467
-3203
-16659
-3235
-16875
-3203
-17067
-3259
-17435
-3227
-17667
-3147
-17867
-3227
-18131
-3275
-18291
-3227
-18627
-3203
-18851
-3431
125
-3479
-27
-3443
-299
-3463
-611
-3475
-867
-3427
-1067
-3427
-1311
-3499
-1567
-3435
-1795
-3375
-1943
-3467
-2203
-3459
-2499
-3379
-2679
-3491
-2939
-3367
-3259
-3367
-3451
-3475
-3615
-3451
-3871
-3443
-4147
-3467
-4471
-3459
-4575
-3495
-4951
-3479
-5087
-3427
-5387
-3491
-5555
-3475
-5911
-3491
-6035
-3487
-6371
-3471
-6567
-3403
-6835
-3455
-6991
-3467
-7299
-3491
-7487
-3447
-7783
-3483
-7963
-3419
-8243
-3387
-8423
-3463
-8647
-3423
-8995
-3467
-9191
-3447
-9399
-3491
-9635
-3475
-9979
-3443
-10115
-3491
-10347
-3467
-10683
-3483
-10931
-3459
-11147
-3435
-11307
-3507
-11555
-3515
-11867
-3395
-12059
-3491
-12339
-3507
-12595
-3507
-12747
-3467
-13115
-3459
-13275
-3499
-13555
-3387
-13803
-3475
-13995
-3507
-14291
-3451
-14539
-3507
-14715
-3467
-14923
-3515
-15227
-3411
-15451
-3411
-15699
-3435
-15995
-3483
-16115
-3507
-16395
-3435
-16619
-3475
-16899
-3507
-17187
-3459
-17403
-3403
-17651
-3403
-17875
-3499
-18075
-3483
-18347
-3467
-18539
-3507
-18819
-3655
93
-3739
-127
-3635
-311
-3719
-495
-3663
-743
-3735
-1015
-3635
-1299
-3619
-1503
-3735
-1811
-3683
-2007
-3643
-2287
-3687
-2511
-3659
-2687
-3743
-2971
-3723
-3215
-3635
-3355
-3699
-3715
-3611
-3931
-3695
-4163
-3715
-4459
-3667
-4599
-3719
-4807
-3723
-5131
-3651
-5339
-3623
-5663
-3751
-5803
-3743
-6035
-3663
-6331
-3739
-6595
-3647
-6795
-3643
-7039
-3631
-7279
-3727
-7475
-3731
-7755
-3683
-7931
-3719
-8255
-3623
-8471
-3703
-8763
-3671
-8891
-3675
-9155
-3631
-9447
-3731
-9659
-3643
-9931
-3667
-10115
-3707
-10371
-3707
-10667
-3691
-10851
-3739
-11091
-3643
-11339
-3707
-11643
-3651
-11899
-3683
-12075
-3739
-12371
-3691
-12563
-3747
-12875
-3747
-13091
-3699
-13291
-3659
-13515
-3715
-13787
-3667
-14027
-3715
-14283
-3675
-14499
-3747
-14667
-3707
-15019
-3731
-15267
-3651
-15435
-3683
-15699
-3723
-15963
-3659
-16107
-3739
-16395
-3651
-16691
-3731
-16867
-3651
-17195
-3627
-17315
-3715
-17579
-3715
-17827
-3739
-18107
-3707
-18355
-3675
-18627
-3699
-18835
-3983
85
-3919
-67
-3915
-303
-3971
-563
-3987
-779
-3879
-987
-3855
-1283
-3883
-1435
-3895
-1815
-3943
-2011
-3899
-2183
-3979
-2535
-3963
-2699
-3943
-2971
-3955
-3139
-3871
-3383
-3915
-3599
-3891
-3931
-3959
-4107
-3939
-4411
-3931
-4615
-3935
-4883
-3859
-5135
-3959
-5363
-3851
-5639
-3987
-5899
-3979
-6003
-3891
-6383
-3991
-6523
-3859
-6875
-3911
-6955
-3907
-7319
-3859
-7535
-3899
-7703
-3911
-8051
-3943
-8259
-3907
-8455
-3939
-8635
-3907
-8903
-3907
-9191
-3843
-9403
-3971
-9723
-3883
-9931
-3867
-10187
-3939
-10395
-3867
-10707
-3883
-10867
-3947
-11123
-3987
-11435
-3939
-11611
-3907
-11899
-3915
-12107
-3899
-12379
-3875
-12507
-3955
-12811
-3939
-13099
-3995
-13323
-3915
-13595
-3899
-13819
-3947
-14067
-3987
-14283
-3995
-14499
-3867
-14787
-3947
-14971
-3987
-15187
-3939
-15403
-3971
-15715
-3987
-15899
-3963
-16171
-3891
-16371
-3939
-16643
-3875
-16843
-3883
-17123
-3915
-17419
-3955
-17563
-3867
-17787
-3987
-18115
-3907
-18363
-3939
-18635
-3987
-18843
-4143
85
-4091
-107
-4147
-263
-4155
-503
-4223
-743
-4111
-1091
-4147
-1263
-4171
-1467
-4103
-1743
-4183
-2035
-4111
-2251
-4215
-2431
-4183
-2795
-4187
-2935
-4211
-3259
-4143
-3407
-4211
-3607
-4203
-3915
-4191
-4171
-4187
-4431
-4115
-4687
-4211
-4903
-4219
-5175
-4107
-5343
-4183
-5627
-4199
-5823
-4227
-6051
-4199
-6263
-4195
-6563
-4107
-6727
-4171
-7039
-4227
-7331
-4119
-7475
-4115
-7703
-4155
-7987
-4107
-8287
-4187
-8435
-4175
-8719
-4215
-8931
-4143
-9187
-4223
-9395
-4235
-9683
-4227
-9947
-4187
-10123
-4235
-10435
-4195
-10707
-4219
-10827
-4219
-11123
-4171
-11387
-4179
-11627
-4155
-11787
-4179
-12051
-4227
-12355
-4219
-12571
-4211
-12779
-4195
-13091
-4227
-13275
-4203
-13531
-4211
-13715
-4179
-14027
-4131
-14291
-4235
-14435
-4211
-14699
-4115
-14995
-4187
-15219
-4131
-15387
-4195
-15755
-4107
-15955
-4163
-16123
-4163
-16459
-4115
-16675
-4235
-16931
-4211
-17091
-4155
-17435
-4195
-17595
-4195
-17859
-4179
-18123
-4147
-18275
-4179
-18579
-4163
-18827
-4395
101
-4343
-83
-4323
-355
-4379
-539
-4343
-795
-4419
-1003
-4407
-1311
-4447
-1507
-4447
-1723
-4407
-2019
-4343
-2207
-4379
-2515
-4463
-2703
-4443
-2907
-4439
-3267
-4399
-3431
-4459
-3687
-4339
-3835
-4467
-4203
-4379
-4419
-4427
-4635
-4435
-4819
-4375
-5139
-4399
-5415
-4411
-5587
-4451
-5827
-4419
-6059
-4399
-6351
-4447
-6579
-4439
-6835
-4415
-7003
-4395
-7283
-4459
-7479
-4323
-7747
-4351
-8043
-4383
-8227
-4467
-8467
-4391
-8659
-4379
-8947
-4379
-9179
-4375
-9459
-4451
-9755
-4355
-9875
-4435
-10179
-4419
-10435
-4459
-10683
-4459
-10851
-4475
-11091
-4443
-11331
-4467
-11579
-4443
-11859
-4403
-12155
-4427
-12275
-4443
-12523
-4459
-12835
-4419
-13091
-4355
-13251
-4419
-13563
-4355
-13723
-4363
-14075
-4411
-14235
-4435
-14547
-4459
-14667
-4475
-15019
-4459
-15251
-4435
-15443
-4363
-15627
-4371
-15971
-4419
-16219
-4451
-16411
-4355
-16619
-4451
-16955
-4419
-17195
-4371
-17379
-4475
-17651
-4387
-17867
-4451
-18107
-4371
-18275
-4347
-18515
-4403
-18827
-4647
101
-4635
-131
-4631
-335
-4623
-631
-4647
-779
-4607
-975
-4651
-1315
-4675
-1527
-4707
-1819
-4687
-1955
-4687
-2287
-4599
-2435
-4651
-2703
-4707
-3003
-4587
-3155
-4711
-3483
-4655
-3611
-4619
-3947
-4643
-4199
-4639
-4419
-4599
-4623
-4679
-4935
-4587
-5055
-4683
-5307
-4707
-5631
-4631
-5883
-4667
-6107
-4683
-6251
-4659
-6591
-4675
-6735
-4675
-7015
-4595
-7327
-4651
-7507
-4683
-7763
-4659
-7995
-4631
-8207
-4675
-8527
-4603
-8663
-4631
-8927
-4679
-9123
-4707
-9355
-4643
-9739
-4715
-9971
-4715
-10195
-4627
-10443
-4627
-10667
-4611
-10883
-4699
-11163
-4651
-11371
-4675
-11587
-4587
-11827
-4675
-12139
-4715
-12283
-4715
-12595
-4611
-12763
-4715
-13035
-4667
-13243
-4691
-13467
-4643
-13819
-4627
-13979
-4659
-14307
-4595
-14555
-4595
-14779
-4627
-14915
-4707
-15203
-4699
-15419
-4675
-15667
-4659
-15939
-4675
-16203
-4715
-16435
-4683
-16691
-4675
-16859
-4603
-17107
-4635
-17403
-4675
-17659
-4699
-17883
-4675
-18059
-4675
-18307
-4675
-18571
-4627
-18867
-4915
125
-4843
-131
-4903
-343
-4875
-599
-4931
-823
-4915
-995
-4923
-1299
-4923
-1543
-4859
-1823
-4823
-1991
-4903
-2223
-4883
-2423
-4883
-2787
-4907
-2943
-4931
-3251
-4875
-3403
-4931
-3691
-4931
-3899
-4839
-4199
-4855
-4351
-4883
-4611
-4839
-4895
-4883
-5167
-4839
-5379
-4891
-5595
-4911
-5759
-4819
-6119
-4851
-6391
-4851
-6519
-4871
-6795
-4899
-7111
-4919
-7295
-4847
-7467
-4903
-7719
-4859
-8063
-4851
-8315
-4855
-8423
-4835
-8739
-4947
-8959
-4883
-9155
-4799
-9363
-4915
-9683
-4891
-9899
-4843
-10123
-4875
-10427
-4843
-10675
-4955
-10931
-4915
-11147
-4915
-11323
-4931
-11659
-4931
-11811
-4931
-12147
-4947
-12387
-4947
-12611
-4891
-12755
-4923
-13003
-4827
-13323
-4923
-13555
-4899
-13803
-4947
-13987
-4827
-14315
-4947
-14491
-4851
-14731
-4899
-14915
-4907
-15227
-4851
-15411
-4899
-15675
-4955
-15907
-4955
-16219
-4827
-16475
-4915
-16611
-4947
-16931
-4827
-17179
-4867
-17323
-4891
-17579
-4899
-17915
-4923
-18043
-4843
-18291
-4939
-18619
-4939
-18859
-5111
101
-5155
-55
-5159
-323
-5091
-603
-5151
-759
-5183
-1043
-5131
-1259
-5123
-1483
-5143
-1811
-5035
-1995
-5195
-2203
-5151
-2515
-5131
-2683
-5139
-2991
-5123
-3179
-5095
-3463
-5175
-3655
-5115
-3943
-5131
-4127
-5115
-4343
-5167
-4663
-5175
-4807
-5155
-5119
-5107
-5427
-5131
-5583
-5051
-5851
-5143
-6143
-5131
-6279
-5087
-6595
-5151
-6723
-5131
-6995
-5163
-7307
-5083
-7459
-5147
-7795
-5179
-8015
-5195
-8215
-5171
-8483
-5167
-8715
-5155
-9035
-5039
-9243
-5163
-9463
-5195
-9731
-5147
-9987
-5147
-10123
-5163
-10467
-5195
-10587
-5083
-10859
-5115
-11187
-5179
-11427
-5131
-11627
-5171
-11835
-5067
-12059
-5187
-12355
-5123
-12587
-5123
-12851
-5131
-13051
-5123
-13235
-5091
-13547
-5115
-13803
-5195
-14011
-5115
-14307
-5187
-14547
-5115
-14683
-5091
-14947
-5139
-15147
-5187
-15419
-5083
-15635
-5179
-15979
-5123
-16139
-5115
-16459
-5107
-16635
-5187
-16947
-5107
-17091
-5171
-17355
-5195
-17643
-5179
-17883
-5147
-18139
-5187
-18315
-5171
-18595
-5075
-18819
-5307
85
-5315
-107
-5387
-299
-5371
-607
-5427
-787
-5387
-1051
-5411
-1323
-5395
-1539
-5355
-1743
-5419
-2035
-5395
-2259
-5419
-2451
-5347
-2779
-5315
-2931
-5347
-3219
-5347
-3491
-5379
-3615
-5403
-3907
-5395
-4123
-5395
-4343
-5387
-4679
-5315
-4895
-5411
-5163
-5419
-5411
-5363
-5539
-5339
-5811
-5363
-6107
-5363
-6267
-5363
-6563
-5331
-6855
-5435
-7067
-5339
-7267
-5315
-7587
-5347
-7827
-5427
-7995
-5411
-8283
-5379
-8423
-5315
-8675
-5371
-8899
-5419
-9187
-5427
-9499
-5347
-9659
-5339
-9867
-5403
-10163
-5339
-10387
-5395
-10699
-5387
-10907
-5323
-11147
-5323
-11395
-5395
-11579
-5427
-11803
-5323
-12075
-5339
-12291
-5363
-12523
-5323
-12827
-5379
-13067
-5363
-13251
-5387
-13547
-5435
-13723
-5419
-13979
-5379
-14227
-5395
-14515
-5419
-14667
-5363
-14971
-5379
-15187
-5347
-15411
-5339
-15731
-5435
-15923
-5395
-16123
-5315
-16355
-5411
-16667
-5355
-16955
-5427
-17195
-5403
-17419
-5427
-17571
-5363
-17867
-5387
-18139
-5419
-18267
-5371
-18563
-5331
-18811
-5563
93
-5555
-99
-5643
-291
-5595
-627
-5603
-843
-5619
-1115
-5579
-1323
-5587
-1467
-5619
-1787
-5595
-1947
-5603
-2267
-5555
-2483
-5603
-2771
-5667
-2955
-5643
-3275
-5555
-3403
-5643
-3691
-5547
-3955
-5595
-4107
-5675
-4371
-5579
-4707
-5619
-4891
-5643
-5139
-5563
-5371
-5595
-5651
-5635
-5899
-5635
-6155
-5627
-6291
-5619
-6555
-5651
-6835
-5563
-7027
-5659
-7347
-5667
-7547
-5659
-7827
-5651
-8067
-5659
-8235
-5611
-8507
-5635
-8683
-5667
-9027
-5571
-9179
-5563
-9515
-5619
-9707
-5659
-9995
-5635
-10163
-5603
-10379
-5643
-10691
-5555
-10859
-5587
-11083
-5547
-11323
-5651
-11659
-5627
-11859
-5635
-12035
-5651
-12347
-5651
-12523
-5611
-12875
-5587
-12995
-5547
-13339
-5563
-13563
-5587
-13787
-5651
-13971
-5675
-14299
-5595
-14555
-5627
-14715
-5675
-14931
-5627
-15251
-5611
-15515
-5667
-15723
-5659
-15923
-5659
-16171
-5571
-16387
-5651
-16699
-5611
-16915
-5619
-17179
-5611
-17403
-5563
-17563
-5659
-17827
-5595
-18107
-5667
-18307
-5611
-18579
-5619
-18811
-5867
93
-5891
-123
-5811
-379
-5803
-531
-5875
-811
-5811
-1067
-5915
-1251
-5891
-1531
-5811
-1811
-5851
-2051
-5867
-2307
-5883
-2555
-5803
-2715
-5843
-2931
-5899
-3219
-5875
-3499
-5851
-3643
-5883
-3979
-5875
-4211
-5867
-4443
-5851
-4699
-5915
-4931
-5875
-5123
-5795
-5379
-5843
-5555
-5883
-5827
-5843
-6075
-5843
-6323
-5875
-6539
-5899
-6875
-5811
-7067
-5867
-7331
-5883
-7579
-5891
-7763
-5843
-7987
-5819
-8235
-5843
-8483
-5907
-8683
-5915
-9035
-5803
-9179
-5907
-9499
-5859
-9747
-5827
-9955
-5867
-10203
-5907
-10459
-5835
-10635
-5899
-10843
-5819
-11075
-5819
-11307
-5795
-11675
-5859
-11787
-5915
-12043
-5907
-12363
-5907
-12515
-5899
-12755
-5859
-13019
-5787
-13283
-5835
-13555
-5787
-13707
-5883
-13987
-5835
-14219
-5827
-14499
-5899
-14747
-5787
-15003
-5907
-15155
-5899
-15419
-5795
-15683
-5875
-15955
-5787
-16115
-5843
-16411
-5827
-16715
-5787
-16883
-5907
-17195
-5883
-17395
-5899
-17547
-5907
-17843
-5875
-18043
-5891
-18291
-5811
-18627
-5811
-18819
-6051
109
-6147
-35
-6083
-267
-6091
-611
-6131
-835
-6035
-1091
-6091
-1307
-6115
-1515
-6147
-1739
-6083
-2027
-6155
-2283
-6139
-2483
-6115
-2675
-6051
-2939
-6067
-3163
-6131
-3459
-6131
-3651
-6131
-3875
-6115
-4187
-6139
-4387
-6155
-4643
-6147
-4939
-6147
-5075
-6147
-5395
-6043
-5643
-6131
-5859
-6147
-6099
-6147
-6275
-6059
-6619
-6139
-6795
-6147
-7011
-6115
-7235
-6107
-7579
-6099
-7779
-6083
-8067
-6099
-8187
-6067
-8507
-6131
-8715
-6107
-9027
-6155
-9267
-6035
-9435
-6107
-9707
-6147
-9931
-6147
-10163
-6139
-10443
-6043
-10595
-6155
-10915
-6035
-11115
-6043
-11371
-6131
-11667
-6067
-11907
-6155
-12051
-6091
-12395
-6043
-12635
-6027
-12763
-6139
-13027
-6155
-13291
-6107
-13523
-6155
-13755
-6043
-13963
-6067
-14251
-6083
-14539
-6059
-14779
-6139
-14971
-6107
-15259
-6139
-15403
-6043
-15699
-6147
-15955
-6043
-16179
-6107
-16435
-6155
-16659
-6139
-16915
-6155
-17067
-6139
-17323
-6123
-17555
-6099
-17899
-6107
-18083
-6155
-18339
-6147
-18523
-6131
-18843
-6387
125
-6355
-35
-6355
-315
-6363
-547
-6275
-827
-6275
-1019
-6275
-1339
-6291
-1523
-6347
-1763
-6315
-2027
-6275
-2251
-6355
-2539
-6323
-2795
-6387
-2963
-6291
-3203
-6339
-3507
-6331
-3691
-6283
-3891
-6387
-4235
-6307
-4411
-6387
-4627
-6355
-4843
-6395
-5067
-6299
-5411
-6307
-5563
-6307
-5843
-6387
-6131
-6267
-6363
-6395
-6523
-6371
-6867
-6331
-7059
-6347
-7347
-6387
-7555
-6363
-7731
-6355
-8075
-6355
-8275
-6291
-8539
-6379
-8667
-6307
-8995
-6371
-9243
-6299
-9467
-6347
-9635
-6331
-9987
-6379
-10211
-6363
-10475
-6387
-10675
-6355
-10955
-6387
-11091
-6315
-11371
-6395
-11603
-6363
-11915
-6387
-12027
-6275
-12371
-6275
-12539
-6371
-12867
-6355
-12995
-6387
-13283
-6355
-13579
-6355
-13707
-6307
-14043
-6331
-14211
-6339
-14507
-6355
-14747
-6283
-14963
-6283
-15187
-6379
-15427
-6307
-15691
-6347
-15947
-6387
-16227
-6371
-16379
-6291
-16643
-6395
-16835
-6315
-17187
-6395
-17323
-6387
-17571
-6323
-17907
-6363
-18067
-6299
-18291
-6355
-18547
-6387
-18875
-6547
85
-6563
-147
-6579
-395
-6627
-563
-6579
-843
-6603
-1059
-6531
-1243
-6635
-1571
-6627
-1803
-6635
-2043
-6531
-2259
-6587
-2459
-6571
-2795
-6587
-2907
-6611
-3211
-6627
-3427
-6619
-3635
-6523
-3955
-6579
-4163
-6547
-4371
-6611
-4611
-6627
-4851
-6619
-5107
-6515
-5419
-6603
-5571
-6611
-5899
-6523
-6051
-6603
-6379
-6571
-6563
-6611
-6811
-6587
-7083
-6619
-7283
-6571
-7539
-6571
-7787
-6531
-8051
-6619
-8251
-6579
-8491
-6531
-8739
-6523
-8939
-6523
-9259
-6595
-9451
-6619
-9683
-6619
-9987
-6635
-10235
-6523
-10435
-6547
-10587
-6611
-10851
-6515
-11067
-6555
-11395
-6595
-11603
-6603
-11883
-6595
-12083
-6611
-12323
-6523
-12555
-6619
-12851
-6627
-12987
-6619
-13235
-6619
-13563
-6587
-13795
-6563
-13971
-6531
-14275
-6627
-14435
-6555
-14707
-6619
-14907
-6547
-15195
-6595
-15499
-6531
-15747
-6523
-15883
-6571
-16219
-6619
-16355
-6611
-16643
-6603
-16883
-6603
-17195
-6547
-17363
-6579
-17611
-6571
-17803
-6563
-18043
-6611
-18395
-6539
-18563
-6611
-18859
-6827
93
-6787
-155
-6835
-363
-6763
-635
-6835
-779
-6787
-1003
-6867
-1291
-6811
-1595
-6851
-1747
-6843
-1987
-6867
-2235
-6835
-2547
-6859
-2747
-6859
-2931
-6827
-3155
-6819
-3387
-6851
-3723
-6851
-3891
-6859
-4163
-6779
-4363
-6859
-4699
-6827
-4859
-6803
-5163
-6811
-5355
-6811
-5579
-6811
-5883
-6819
-6035
-6851
-6299
-6875
-6603
-6819
-6835
-6795
-6987
-6811
-7315
-6843
-7539
-6835
-7811
-6795
-8019
-6819
-8203
-6787
-8475
-6779
-8675
-6851
-8947
-6795
-9155
-6867
-9515
-6811
-9707
-6779
-9875
-6779
-10131
-6819
-10427
-6851
-10619
-6811
-10859
-6859
-11187
-6835
-11355
-6875
-11619
-6803
-11843
-6747
-12115
-6803
-12371
-6763
-12603
-6827
-12835
-6859
-13115
-6763
-13227
-6859
-13515
-6827
-13811
-6787
-14067
-6779
-14315
-6787
-14531
-6875
-14683
-6835
-14963
-6843
-15203
-6835
-15427
-6875
-15755
-6835
-15899
-6819
-16187
-6755
-16403
-6819
-16587
-6851
-16843
-6827
-17187
-6787
-17323
-6867
-17603
-6787
-17859
-6875
-18099
-6867
-18315
-6843
-18635
-6771
-18859
-6995
149
-7067
-59
-7067
-323
-6995
-571
-7051
-867
-7091
-1027
-7043
-1235
-7075
-1539
-7099
-1755
-7099
-1987
-7075
-2315
-7035
-2547
-7011
-2787
-7107
-2971
-7099
-3259
-7075
-3475
-7027
-3683
-7027
-3995
-7107
-4115
-7019
-4371
-7107
-4651
-7075
-4867
-7091
-5187
-7067
-5419
-7075
-5659
-7107
-5867
-7059
-6123
-7099
-6339
-7051
-6531
-7051
-6819
-7075
-7035
-7091
-7307
-7099
-7555
-7091
-7739
-7099
-8059
-7115
-8235
-7115
-8499
-7051
-8691
-7107
-8995
-7075
-9267
-7059
-9515
-6995
-9691
-7051
-9987
-6987
-10179
-7035
-10459
-7115
-10667
-7107
-10955
-7075
-11147
-7083
-11315
-7099
-11635
-7107
-11811
-6987
-12131
-7099
-12331
-7107
-12547
-7003
-12771
-7027
-13059
-6995
-13347
-7043
-13507
-7003
-13835
-7107
-13987
-7107
-14267
-7035
-14443
-7115
-14707
-7067
-14971
-7083
-15211
-7099
-15483
-7019
-15755
-7107
-15995
-7043
-16195
-7115
-16419
-7107
-16699
-7091
-16859
-7083
-17091
-7067
-17371
-7019
-17603
-7011
-17915
-7099
-18027
-7083
-18267
-7099
-18515
-6987
-18811
-7355
141
-7275
-83
-7331
-275
-7283
-619
-7339
-763
-7275
-1043
-7315
-1283
-7251
-1571
-7283
-1835
-7251
-2067
-7307
-2235
-7347
-2547
-7315
-2715
-7315
-2923
-7323
-3147
-7299
-3387
-7299
-3667
-7347
-3939
-7355
-4195
-7267
-4363
-7291
-4635
-7267
-4915
-7291
-5147
-7315
-5435
-7299
-5587
-7315
-5851
-7243
-6075
-7307
-6347
-7339
-6555
-7339
-6851
-7331
-6987
-7323
-7323
-7355
-7483
-7355
-7795
-7283
-8075
-7275
-8243
-7355
-8459
-7331
-8731
-7347
-8955
-7315
-9171
-7243
-9491
-7267
-9707
-7323
-9971
-7259
-10219
-7259
-10395
-7355
-10667
-7331
-10891
-7227
-11083
-7339
-11379
-7323
-11555
-7355
-11827
-7347
-12123
-7339
-12355
-7315
-12635
-7347
-12875
-7267
-13115
-7347
-13323
-7251
-13595
-7347
-13779
-7267
-13947
-7355
-14235
-7331
-14483
-7339
-14755
-7307
-15035
-7307
-15211
-7227
-15395
-7259
-15747
-7283
-15883
-7299
-16147
-7251
-16395
-7355
-16595
-7283
-16827
-7251
-17147
-7275
-17427
-7307
-17635
-7259
-17891
-7299
-18083
-7235
-18339
-7299
-18627
-7339
-18859
-7491
109
-7539
-131
-7579
-299
-7595
-587
-7587
-763
-7531
-1019
-7555
-1275
-7483
-1563
-7507
-1707
-7547
-2075
-7507
-2211
-7587
-2547
-7579
-2691
-7539
-3019
-7539
-3243
-7539
-3395
-7531
-3691
-7547
-3907
-7587
-4139
-7595
-4427
-7539
-4627
-7595
-4939
-7547
-5123
-7515
-5347
-7595
-5571
-7483
-5843
-7491
-6115
-7531
-6395
-7555
-6635
-7539
-6835
-7539
-6987
-7587
-7331
-7475
-7507
-7595
-7803
-7523
-8011
-7531
-8291
-7499
-8483
-7491
-8787
-7515
-8955
-7595
-9203
-7563
-9395
-7555
-9683
-7571
-9939
-7571
-10163
-7515
-10411
-7467
-10715
-7507
-10955
-7491
-11131
-7571
-11403
-7539
-11643
-7491
-11811
-7539
-12115
-7515
-12363
-7579
-12531
-7499
-12835
-7515
-12995
-7491
-13323
-7579
-13531
-7563
-13731
-7571
-13995
-7539
-14195
-7507
-14507
-7563
-14731
-7539
-14971
-7475
-15227
-7571
-15387
-7523
-15699
-7571
-15979
-7587
-16179
-7595
-16363
-7587
-16651
-7539
-16931
-7571
-17155
-7595
-17355
-7475
-17579
-7483
-17827
-7579
-18131
-7507
-18323
-7579
-18571
-7547
-18875
-7787
133
-7747
-115
-7723
-299
-7755
-611
-7819
-795
-7803
-1107
-7819
-1283
-7723
-1491
-7835
-1771
-7819
-2003
-7779
-2315
-7739
-2427
-7811
-2691
-7803
-2987
-7779
-3179
-7795
-3483
-7723
-3723
-7795
-3931
-7723
-4131
-7835
-4387
-7803
-4635
-7827
-4931
-7811
-5187
-7827
-5403
-7747
-5675
-7771
-5899
-7819
-6147
-7827
-6339
-7747
-6531
-7811
-6771
-7755
-7075
-7787
-7331
-7739
-7539
-7827
-7763
-7827
-7995
-7787
-8203
-7763
-8451
-7763
-8739
-7803
-8987
-7811
-9235
-7835
-9491
-7755
-9683
-7803
-9971
-7755
-10235
-7811
-10355
-7779
-10587
-7755
-10923
-7827
-11067
-7755
-11379
-7755
-11587
-7731
-11811
-7827
-12043
-7835
-12299
-7707
-12531
-7787
-12827
-7771
-12995
-7811
-13235
-7819
-13483
-7723
-13747
-7803
-13947
-7731
-14299
-7827
-14539
-7731
-14675
-7771
-14907
-7779
-15171
-7803
-15427
-7723
-15683
-7811
-15931
-7707
-16163
-7747
-16347
-7795
-16595
-7779
-16859
-7827
-17083
-7731
-17387
-7779
-17651
-7747
-17907
-7803
-18043
-7779
-18267
-7827
-18595
-7723
-18835
-8075
125
-8011
-75
-8059
-347
-8003
-635
-8051
-763
-8075
-1059
-8035
-1259
-7971
-1483
-7995
-1747
-8075
-1995
-8067
-2315
-7963
-2443
-7963
-2699
-7963
-2987
-8075
-3235
-7955
-3475
-8075
-3731
-7947
-3931
-8027
-4147
-8003
-4347
-8027
-4683
-8043
-4931
-8067
-5123
-8027
-5371
-8075
-5611
-8003
-5867
-7987
-6131
-8067
-6291
-8027
-6595
-8011
-6803
-8075
-7035
-8067
-7291
-8003
-7499
-7963
-7835
-8011
-8067
-8035
-8251
-8011
-8507
-8011
-8763
-8035
-8939
-8011
-9251
-8075
-9435
-7971
-9731
-8075
-9979
-8011
-10211
-8067
-10427
-7971
-10643
-8059
-10835
-8011
-11075
-7987
-11403
-8019
-11619
-7971
-11803
-7995
-12027
-7947
-12395
-8075
-12611
-8059
-12803
-7971
-13011
-8003
-13283
-8011
-13571
-8027
-13723
-8067
-13947
-7995
-14315
-8019
-14555
-8075
-14675
-8067
-14995
-8051
-15251
-8059
-15427
-8011
-15747
-8027
-15995
-8067
-16131
-8051
-16459
-7963
-16619
-8067
-16923
-8075
-17171
-8043
-17323
-7971
-17627
-8043
-17787
-7971
-18147
-8051
-18379
-8059
-18603
-8003
-18811
-8283
109
-8291
-51
-8315
-355
-8219
-619
-8243
-795
-8259
-1099
-8307
-1347
-8275
-1523
-8299
-1835
-8243
-1955
-8251
-2283
-8315
-2515
-8195
-2699
-8275
-2987
-8195
-3219
-8299
-3395
-8243
-3707
-8283
-3963
-8267
-4155
-8227
-4467
-8315
-4715
-8267
-4931
-8315
-5187
-8315
-5419
-8283
-5675
-8283
-5795
-8243
-6091
-8283
-6355
-8275
-6587
-8243
-6803
-8283
-7027
-8283
-7275
-8243
-7523
-8307
-7763
-8283
-8075
-8307
-8195
-8307
-8491
-8235
-8683
-8291
-8907
-8299
-9251
-8307
-9475
-8275
-9731
-8307
-9867
-8291
-10163
-8227
-10419
-8299
-10635
-8307
-10891
-8283
-11163
-8275
-11379
-8267
-11627
-8299
-11907
-8299
-12139
-8275
-12331
-8251
-12619
-8275
-12835
-8299
-13019
-8275
-13243
-8235
-13467
-8299
-13739
-8307
-13995
-8267
-14187
-8227
-14435
-8251
-14747
-8291
-14995
-8283
-15259
-8291
-15499
-8291
-15675
-8187
-15939
-8203
-16195
-8243
-16451
-8291
-16595
-8267
-16851
-8291
-17115
-8299
-17419
-8283
-17547
-8227
-17891
-8259
-18059
-8267
-18291
-8283
-18587
-8307
-18811
-8499
141
-8427
-59
-8467
-315
-8435
-531
-8555
-811
-8539
-1059
-8467
-1323
-8491
-1483
-8475
-1803
-8451
-1947
-8523
-2259
-8475
-2547
-8555
-2763
-8491
-3027
-8523
-3243
-8427
-3459
-8547
-3675
-8515
-3963
-8499
-4195
-8523
-4379
-8499
-4691
-8555
-4907
-8427
-5179
-8475
-5339
-8515
-5627
-8515
-5843
-8539
-6067
-8507
-6379
-8435
-6555
-8507
-6795
-8547
-6995
-8523
-7283
-8483
-7507
-8459
-7779
-8483
-8059
-8539
-8299
-8531
-8467
-8499
-8747
-8475
-9011
-8555
-9259
-8427
-9443
-8499
-9675
-8459
-9907
-8547
-10131
-8531
-10443
-8459
-10675
-8531
-10907
-8547
-11147
-8491
-11315
-8451
-11547
-8499
-11803
-8539
-12123
-8539
-12347
-8475
-12539
-8499
-12779
-8555
-13075
-8555
-13323
-8547
-13483
-8539
-13803
-8555
-13995
-8435
-14275
-8515
-14531
-8531
-14699
-8523
-14915
-8531
-15171
-8499
-15475
-8555
-15635
-8531
-15955
-8555
-16123
-8491
-16355
-8499
-16619
-8427
-16915
-8539
-17099
-8507
-17395
-8547
-17571
-8547
-17867
-8507
-18067
-8539
-18371
-8483
-18635
-8539
-18827
-8675
149
-8691
-67
-8707
-387
-8675
-523
-8731
-875
-8795
-995
-8795
-1339
-8795
-1467
-8667
-1731
-8763
-1995
-8755
-2227
-8699
-2475
-8715
-2699
-8771
-2939
-8787
-3267
-8723
-3491
-8771
-3659
-8707
-3875
-8779
-4179
-8755
-4443
-8715
-4715
-8739
-4915
-8755
-5155
-8795
-5411
-8755
-5603
-8739
-5859
-8779
-6139
-8739
-6379
-8795
-6595
-8787
-6827
-8707
-7051
-8771
-7299
-8779
-7531
-8731
-7739
-8699
-7971
-8731
-8299
-8715
-8515
-8723
-8771
-8707
-8979
-8795
-9251
-8731
-9475
-8739
-9635
-8731
-9987
-8683
-10107
-8747
-10403
-8779
-10635
-8763
-10899
-8723
-11131
-8715
-11323
-8731
-11651
-8691
-11851
-8731
-12059
-8667
-12299
-8739
-12507
-8771
-12851
-8691
-13099
-8795
-13355
-8691
-13523
-8787
-13771
-8787
-13987
-8723
-14243
-8675
-14427
-8739
-14707
-8755
-15035
-8747
-15243
-8795
-15387
-8747
-15707
-8747
-15979
-8715
-16235
-8731
-16475
-8699
-16643
-8683
-16899
-8779
-17139
-8795
-17315
-8723
-17635
-8763
-17827
-8795
-18091
-8795
-18267
-8747
-18603
-8707
-18859
-8995
149
-8923
-123
-8907
-339
-8939
-547
-8939
-811
-9027
-1091
-9035
-1307
-9035
-1595
-9027
-1739
-9011
-2027
-9035
-2195
-8931
-2531
-8923
-2683
-8995
-2907
-9011
-3171
-9003
-3483
-9035
-3739
-8915
-3955
-8931
-4211
-9035
-4435
-9027
-4667
-8931
-4907
-8963
-5155
-9003
-5323
-8955
-5619
-9035
-5915
-9011
-6035
-8955
-6323
-9035
-6523
-9019
-6763
-9035
-7091
-9011
-7331
-8947
-7467
-9011
-7731
-9003
-7971
-8995
-8307
-9003
-8475
-8931
-8731
-8963
-8995
-9003
-9211
-9003
-9411
-8987
-9675
-8979
-9923
-9027
-10147
-8955
-10419
-8979
-10715
-8931
-10835
-9035
-11083
-8995
-11419
-9035
-11571
-8947
-11811
-9027
-12139
-8979
-12355
-9003
-12515
-8947
-12851
-9027
-13115
-8915
-13331
-9027
-13595
-9027
-13779
-8963
-14019
-8979
-14267
-9027
-14547
-8931
-14731
-8907
-14915
-9019
-15251
-9011
-15395
-9027
-15707
-8939
-15907
-8947
-16179
-8947
-16475
-8979
-16627
-9027
-16923
-9011
-17155
-9011
-17419
-8971
-17571
-8971
-17835
-8971
-18147
-9011
-18291
-8995
-18627
-8947
-18875
-9147
149
-9267
-59
-9187
-291
-9179
-563
-9211
-803
-9195
-1091
-9259
-1275
-9227
-1555
-9275
-1731
-9251
-2011
-9219
-2235
-9171
-2467
-9163
-2699
-9275
-3019
-9219
-3267
-9259
-3499
-9219
-3755
-9267
-3883
-9243
-4131
-9267
-4435
-9275
-4659
-9179
-4907
-9267
-5187
-9251
-5323
-9171
-5635
-9275
-5867
-9267
-6155
-9211
-6371
-9219
-6555
-9275
-6811
-9235
-7035
-9187
-7267
-9195
-7491
-9219
-7747
-9147
-8067
-9275
-8243
-9203
-8475
-9243
-8771
-9227
-9011
-9267
-9171
-9163
-9467
-9251
-9683
-9163
-9907
-9275
-10179
-9219
-10411
-9275
-10643
-9227
-10827
-9203
-11075
-9251
-11419
-9275
-11675
-9243
-11875
-9203
-12091
-9211
-12347
-9259
-12611
-9163
-12803
-9179
-13051
-9227
-13323
-9171
-13579
-9179
-13763
-9267
-14059
-9259
-14235
-9251
-14467
-9275
-14667
-9259
-15027
-9211
-15147
-9243
-15451
-9195
-15739
-9251
-15907
-9187
-16131
-9147
-16443
-9187
-16699
-9171
-16859
-9187
-17123
-9275
-17331
-9243
-17571
-9203
-17859
-9275
-18139
-9243
-18379
-9259
-18579
-9275
-18811
-9507
85
-9387
-147
-9395
-307
-9515
-611
-9499
-811
-9459
-1003
-9467
-1275
-9403
-1587
-9467
-1787
-9507
-2075
-9411
-2235
-9499
-2483
-9507
-2699
-9467
-2915
-9467
-3259
-9515
-3443
-9387
-3707
-9459
-3987
-9419
-4147
-9491
-4419
-9507
-4587
-9427
-4827
-9435
-5075
-9491
-5395
-9515
-5603
-9467
-5787
-9419
-6075
-9515
-6371
-9387
-6603
-9475
-6795
-9491
-7083
-9475
-7267
-9435
-7467
-9459
-7715
-9499
-7987
-9499
-8275
-9515
-8547
-9435
-8731
-9499
-8939
-9451
-9243
-9507
-9443
-9451
-9707
-9499
-9915
-9427
-10179
-9459
-10435
-9395
-10619
-9483
-10923
-9475
-11195
-9435
-11363
-9499
-11571
-9459
-11883
-9411
-12107
-9395
-12371
-9491
-12571
-9435
-12771
-9499
-12995
-9475
-13347
-9459
-13475
-9507
-13723
-9507
-14027
-9515
-14195
-9515
-14555
-9451
-14787
-9411
-14947
-9467
-15235
-9443
-15459
-9419
-15659
-9435
-15923
-9491
-16139
-9515
-16379
-9483
-16675
-9499
-16851
-9467
-17067
-9499
-17371
-9515
-17611
-9507
-17795
-9467
-18155
-9499
-18291
-9411
-18563
-9387
-18835
-9683
93
-9707
-35
-9675
-363
-9731
-507
-9715
-867
-9659
-1099
-9755
-1323
-9715
-1563
-9747
-1835
-9739
-2019
-9667
-2283
-9699
-2435
-9723
-2691
-9691
-3003
-9707
-3155
-9747
-3499
-9723
-3755
-9643
-3979
-9643
-4163
-9643
-4379
-9659
-4611
-9755
-4875
-9715
-5131
-9731
-5331
-9635
-5571
-9667
-5827
-9739
-6043
-9747
-6283
-9691
-6611
-9755
-6851
-9707
-7027
-9659
-7339
-9731
-7499
-9747
-7771
-9755
-7971
-9739
-8291
-9731
-8459
-9739
-8763
-9659
-8915
-9723
-9155
-9699
-9491
-9755
-9691
-9675
-9939
-9699
-10235
-9731
-10379
-9643
-10699
-9691
-10883
-9731
-11115
-9667
-11315
-9747
-11675
-9723
-11835
-9683
-12115
-9659
-12387
-9699
-12627
-9723
-12771
-9715
-13003
-9739
-13347
-9683
-13475
-9739
-13803
-9675
-13979
-9675
-14235
-9723
-14467
-9667
-14747
-9755
-15035
-9707
-15227
-9707
-15491
-9739
-15715
-9643
-15907
-9659
-16155
-9659
-16371
-9739
-16643
-9739
-16875
-9635
-17107
-9643
-17339
-9723
-17667
-9755
-17835
-9683
-18083
-9731
-18315
-9755
-18587
-9707
-18819
-9883
101
-9947
-115
-9987
-363
-9947
-603
-9979
-779
-9963
-1075
-9963
-1243
-9939
-1563
-9899
-1723
-9955
-1963
-9867
-2299
-9899
-2499
-9987
-2771
-9963
-2947
-9931
-3235
-9867
-3459
-9971
-3747
-9995
-3963
-9955
-4147
-9955
-4403
-9987
-4587
-9963
-4859
-9867
-5099
-9947
-5323
-9931
-5659
-9995
-5907
-9979
-6067
-9867
-6395
-9891
-6579
-9995
-6819
-9947
-7003
-9931
-7259
-9891
-7483
-9971
-7731
-9995
-7987
-9995
-8291
-9939
-8483
-9931
-8771
-9939
-8939
-9923
-9211
-9899
-9475
-9955
-9747
-9987
-9867
-9907
-10131
-9891
-10411
-9907
-10667
-9971
-10923
-9947
-11195
-9963
-11435
-9995
-11547
-9891
-11875
-9875
-12147
-9931
-12355
-9923
-12523
-9963
-12803
-9931
-13107
-9995
-13315
-9971
-13563
-9955
-13723
-9955
-14019
-9947
-14275
-9979
-14531
-9995
-14787
-9995
-15011
-9915
-15195
-9995
-15507
-9971
-15691
-9955
-15891
-9891
-16155
-9867
-16443
-9995
-16715
-9875
-16939
-9995
-17187
-9899
-17371
-9987
-17563
-9995
-17843
-9891
-18147
-9995
-18347
-9963
-18539
-9955
-18859
-10219
149
-10211
-75
-10123
-347
-10147
-507
-10187
-795
-10107
-1043
-10171
-1331
-10187
-1515
-10235
-1771
-10147
-2019
-10123
-2251
-10211
-2467
-10211
-2755
-10123
-2987
-10235
-3251
-10163
-3403
-10123
-3731
-10163
-3947
-10187
-4163
-10147
-4427
-10211
-4643
-10147
-4891
-10139
-5179
-10147
-5411
-10171
-5563
-10139
-5827
-10139
-6043
-10195
-6371
-10235
-6547
-10227
-6755
-10155
-7011
-10227
-7283
-10139
-7563
-10179
-7787
-10219
-7979
-10227
-8251
-10155
-8451
-10211
-8779
-10107
-9035
-10147
-9203
-10211
-9387
-10171
-9683
-10235
-9923
-10211
-10107
-10227
-10347
-10203
-10715
-10203
-10923
-10131
-11131
-10147
-11315
-10219
-11611
-10123
-11867
-10211
-12083
-10235
-12291
-10107
-12563
-10171
-12811
-10163
-13083
-10163
-13339
-10187
-13515
-10163
-13723
-10211
-13947
-10139
-14291
-10147
-14499
-10123
-14699
-10187
-14995
-10219
-15195
-10179
-15387
-10147
-15739
-10123
-15979
-10227
-16187
-10139
-16355
-10123
-16611
-10107
-16947
-10219
-17171
-10131
-17315
-10139
-17603
-10195
-17843
-10235
-18075
-10219
-18379
-10219
-18563
-10171
-18835
-10411
133
-10467
-107
-10419
-275
-10467
-571
-10459
-771
-10459
-1083
-10427
-1291
-10443
-1579
-10427
-1835
-10427
-2003
-10467
-2267
-10443
-2539
-10435
-2699
-10443
-3019
-10419
-3243
-10411
-3499
-10467
-3643
-10451
-3923
-10467
-4195
-10451
-4395
-10435
-4651
-10467
-4915
-10443
-5099
-10459
-5363
-10419
-5595
-10451
-5875
-10443
-6091
-10475
-6395
-10459
-6555
-10427
-6771
-10459
-7035
-10475
-7275
-10435
-7531
-10467
-7707
-10411
-8027
-10475
-8299
-10475
-8555
-10451
-8747
-10435
-8923
-10443
-9187
-10427
-9499
-10475
-9675
-10427
-9979
-10435
-10163
-10419
-10459
-10467
-10675
-10427
-10907
-10427
-11083
-10451
-11403
-10475
-11659
-10459
-11907
-10427
-12099
-10475
-12299
-10419
-12507
-10427
-12859
-10475
-13003
-10459
-13275
-10411
-13555
-10419
-13835
-10443
-13963
-10411
-14227
-10467
-14555
-10475
-14779
-10475
-14907
-10419
-15219
-10451
-15451
-10419
-15723
-10459
-15955
-10411
-16131
-10459
-16467
-10467
-16667
-10451
-16875
-10467
-17083
-10419
-17419
-10467
-17571
-10427
-17915
-10467
-18027
-10443
-18363
-10427
-18507
-10451
-18811
