101
212
240
-42
114
-342
245
-502
185
-834
460
-1006
255
-1290
308
-1497
250
-1707
311
-2030
256
-2275
135
-2511
291
-2651
211
-2953
159
-3189
145
-3427
131
-3707
243
-3881
285
-4099
105
-4361
139
-4577
93
-4911
109
-5087
133
-5307
85
-5555
117
-5915
93
-6051
85
-6275
85
-6555
133
-6835
125
-7079
149
-7335
93
-7543
85
-7763
85
-7987
85
-8287
141
-8515
117
-8707
133
-8955
125
-9191
117
-9395
125
-9739
101
-9955
109
-10163
101
-10347
125
-10715
149
-10947
109
-11163
149
-11387
93
-11667
85
-11899
117
-12131
101
-12323
117
-12579
149
-12819
93
-13091
85
-13331
101
-13571
125
-13787
109
-13995
149
-14307
109
-14467
125
-14691
117
-14931
93
-15187
109
-15427
101
-15659
133
-15939
117
-16171
109
-16419
117
-16691
93
-16915
101
-17091
133
-17331
125
-17587
149
-17851
133
-18075
101
-18379
149
-18595
101
-18827
-143
586
-139
-107
-97
-286
-51
-597
-95
-765
-90
-985
-113
-1303
-125
-1523
-74
-1706
-41
-2011
-74
-2252
-107
-2515
-47
-2655
-119
-2903
-19
-3159
-91
-3409
-83
-3613
-131
-3879
-123
-4203
-123
-4409
-49
-4597
-115
-4819
-83
-5187
-27
-5399
-131
-5611
-63
-5887
-151
-6063
-47
-6379
-67
-6591
-111
-6803
-143
-7015
-131
-7243
-11
-7551
-83
-7763
-115
-7935
-103
-8255
-147
-8499
-71
-8675
-75
-8931
-43
-9235
-91
-9439
-131
-9723
-147
-9899
-107
-10163
-27
-10419
-43
-10659
-115
-10883
-91
-11107
-131
-11355
-147
-11547
-139
-11803
-107
-12123
-155
-12379
-115
-12619
-155
-12851
-99
-13075
-123
-13291
-115
-13579
-155
-13779
-107
-13979
-83
-14299
-139
-14531
-35
-14707
-67
-14995
-35
-15147
-35
-15395
-43
-15659
-27
-15907
-123
-16107
-147
-16443
-115
-16587
-147
-16835
-107
-17123
-67
-17363
-147
-17611
-27
-17843
-67
-18131
-59
-18323
-123
-18635
-115
-18859
-363
944
-325
-103
-290
-283
-335
-543
-345
-782
-379
-1085
-363
-1299
-308
-1487
-257
-1704
-326
-2011
-379
-2233
-375
-2521
-355
-2699
-387
-2969
-327
-3177
-379
-3351
-391
-3595
-293
-3955
-259
-4205
-363
-4361
-281
-4615
-367
-4823
-323
-5095
-383
-5403
-339
-5539
-355
-5843
-259
-6031
-375
-6319
-379
-6515
-339
-6823
-339
-7083
-287
-7307
-311
-7555
-359
-7803
-335
-7947
-347
-8155
-367
-8467
-271
-8655
-367
-8915
-371
-9267
-363
-9363
-387
-9683
-387
-9899
-339
-10163
-371
-10411
-363
-10699
-379
-10827
-275
-11147
-275
-11307
-307
-11579
-395
-11819
-395
-12051
-299
-12323
-307
-12619
-323
-12763
-347
-12987
-355
-13323
-291
-13571
-387
-13779
-275
-14051
-291
-14195
-291
-14451
-307
-14683
-339
-14923
-355
-15195
-323
-15483
-395
-15659
-379
-15899
-331
-16203
-363
-16467
-339
-16659
-355
-16883
-331
-17099
-315
-17435
-347
-17563
-387
-17915
-283
-18059
-307
-18299
-291
-18547
-339
-18851
-503
1170
-555
-115
-611
-325
-587
-614
-604
-796
-539
-1086
-559
-1295
-507
-1469
-603
-1746
-612
-1991
-572
-2185
-551
-2425
-543
-2645
-561
-2891
-527
-3221
-571
-3455
-543
-3655
-545
-3917
-615
-4153
-499
-4455
-577
-4625
-619
-4811
-583
-5063
-551
-5323
-603
-5659
-591
-5879
-619
-6035
-495
-6391
-591
-6499
-615
-6747
-535
-7035
-583
-7287
-571
-7567
-499
-7771
-615
-7987
-555
-8275
-563
-8507
-511
-8779
-559
-8911
-563
-9139
-547
-9459
-539
-9691
-627
-9907
-507
-10187
-579
-10459
-611
-10587
-571
-10827
-611
-11147
-563
-11379
-619
-11659
-619
-11883
-555
-12091
-587
-12283
-627
-12507
-627
-12843
-603
-13067
-619
-13251
-571
-13491
-635
-13803
-619
-14003
-619
-14259
-531
-14555
-571
-14771
-595
-15019
-595
-15219
-595
-15451
-635
-15635
-635
-15915
-603
-16107
-539
-16419
-627
-16715
-619
-16891
-619
-17187
-635
-17435
-603
-17595
-603
-17883
-619
-18131
-539
-18387
-555
-18627
-531
-18835
-759
564
-835
-111
-805
-250
-813
-611
-853
-821
-819
-963
-847
-1297
-725
-1509
-826
-1728
-820
-2019
-829
-2282
-753
-2461
-747
-2659
-807
-3011
-745
-3127
-759
-3441
-849
-3695
-833
-3885
-793
-4141
-835
-4455
-747
-4679
-795
-4931
-791
-5123
-827
-5291
-811
-5651
-739
-5879
-783
-6011
-787
-6383
-743
-6487
-763
-6803
-851
-6983
-851
-7247
-803
-7535
-803
-7827
-819
-8071
-755
-8203
-867
-8491
-819
-8735
-823
-8915
-811
-9247
-835
-9391
-755
-9667
-787
-9915
-779
-10139
-779
-10363
-779
-10715
-843
-10835
-875
-11099
-875
-11435
-851
-11651
-867
-11803
-827
-12155
-867
-12363
-803
-12571
-851
-12835
-835
-13043
-859
-13227
-875
-13507
-859
-13795
-867
-13979
-875
-14283
-787
-14443
-803
-14723
-875
-14971
-875
-15203
-875
-15419
-755
-15699
-851
-15947
-875
-16123
-843
-16363
-851
-16667
-859
-16931
-803
-17155
-875
-17387
-843
-17675
-843
-17827
-779
-18027
-875
-18355
-859
-18627
-763
-18811
-1083
1147
-1075
-95
-1079
-278
-1061
-604
-989
-819
-977
-1055
-1018
-1309
-985
-1509
-1058
-1737
-981
-2027
-1032
-2266
-1063
-2399
-1091
-2755
-1109
-2955
-1051
-3119
-1081
-3445
-1007
-3685
-1053
-3977
-1057
-4203
-1063
-4339
-1031
-4687
-1063
-4939
-1063
-5127
-1039
-5411
-1079
-5635
-1035
-5883
-1079
-6067
-1095
-6255
-1107
-6603
-995
-6763
-1091
-6963
-1091
-7275
-991
-7503
-983
-7691
-1095
-8043
-1095
-8223
-1019
-8423
-1055
-8703
-983
-8971
-1023
-9239
-1071
-9427
-1059
-9675
-1083
-9899
-1091
-10211
-1059
-10427
-1043
-10635
-1051
-10835
-1067
-11187
-1107
-11331
-1075
-11659
-1075
-11795
-995
-12051
-1083
-12347
-1059
-12627
-1115
-12859
-1083
-13067
-1059
-13243
-1075
-13587
-1011
-13779
-1091
-13995
-1091
-14291
-1075
-14491
-1059
-14755
-1043
-15011
-1059
-15195
-1091
-15443
-1083
-15691
-1091
-15899
-1115
-16155
-1083
-16379
-1107
-16587
-1059
-16835
-1043
-17083
-1059
-17323
-1027
-17595
-1115
-17851
-1091
-18147
-1115
-18395
-1003
-18579
-1107
-18867
-1347
1503
-1304
-85
-1275
-330
-1227
-515
-1298
-769
-1335
-1051
-1297
-1303
-1294
-1567
-1301
-1773
-1278
-1984
-1307
-2187
-1303
-2437
-1271
-2747
-1247
-2931
-1257
-3143
-1221
-3405
-1295
-3611
-1215
-3855
-1319
-4143
-1273
-4421
-1229
-4571
-1355
-4919
-1315
-5183
-1311
-5287
-1283
-5607
-1251
-5875
-1299
-6023
-1275
-6335
-1227
-6495
-1291
-6787
-1239
-7071
-1307
-7271
-1279
-7507
-1259
-7803
-1255
-8035
-1307
-8267
-1307
-8515
-1351
-8747
-1223
-8983
-1247
-9243
-1243
-9483
-1323
-9699
-1347
-9883
-1251
-10163
-1243
-10475
-1227
-10715
-1291
-10827
-1355
-11139
-1227
-11387
-1283
-11651
-1355
-11891
-1307
-12035
-1283
-12371
-1323
-12531
-1267
-12771
-1307
-13107
-1283
-13339
-1307
-13595
-1331
-13779
-1323
-13979
-1307
-14251
-1323
-14435
-1347
-14739
-1291
-14915
-1243
-15235
-1235
-15419
-1275
-15747
-1299
-15963
-1315
-16139
-1299
-16467
-1267
-16643
-1331
-16843
-1347
-17179
-1331
-17339
-1307
-17651
-1355
-17851
-1267
-18131
-1283
-18275
-1339
-18515
-1235
-18811
-1499
237
-1567
-83
-1479
-327
-1547
-587
-1547
-837
-1451
-1001
-1579
-1329
-1513
-1521
-1563
-1707
-1531
-1963
-1497
-2269
-1521
-2453
-1579
-2689
-1487
-2885
-1579
-3217
-1495
-3433
-1527
-3737
-1507
-3861
-1547
-4107
-1473
-4453
-1543
-4679
-1555
-4879
-1539
-5147
-1587
-5291
-1475
-5619
-1471
-5771
-1519
-6091
-1511
-6267
-1575
-6579
-1463
-6791
-1575
-7051
-1543
-7299
-1495
-7483
-1543
-7827
-1531
-7983
-1467
-8271
-1507
-8499
-1583
-8663
-1519
-8931
-1467
-9247
-1587
-9379
-1587
-9723
-1555
-9891
-1499
-10107
-1515
-10363
-1539
-10635
-1523
-10843
-1491
-11187
-1587
-11323
-1571
-11619
-1547
-11875
-1547
-12059
-1579
-12339
-1571
-12531
-1475
-12835
-1515
-13107
-1507
-13243
-1531
-13539
-1467
-13731
-1595
-14067
-1571
-14187
-1571
-14547
-1531
-14675
-1515
-15019
-1595
-15155
-1499
-15467
-1507
-15739
-1515
-15899
-1587
-16235
-1539
-16459
-1563
-16659
-1595
-16915
-1571
-17155
-1571
-17419
-1467
-17587
-1547
-17795
-1499
-18075
-1579
-18283
-1563
-18531
-1531
-18875
-1807
175
-1779
-149
-1799
-361
-1803
-533
-1807
-747
-1717
-1061
-1795
-1289
-1767
-1477
-1763
-1807
-1807
-1933
-1709
-2197
-1735
-2491
-1693
-2655
-1835
-2963
-1795
-3227
-1815
-3441
-1723
-3711
-1753
-3843
-1751
-4113
-1759
-4441
-1795
-4659
-1811
-4799
-1799
-5091
-1771
-5379
-1771
-5587
-1807
-5891
-1731
-6095
-1763
-6271
-1739
-6547
-1739
-6815
-1703
-7091
-1835
-7347
-1787
-7455
-1739
-7795
-1827
-8039
-1779
-8171
-1795
-8415
-1735
-8791
-1787
-8963
-1755
-9179
-1767
-9515
-1835
-9723
-1827
-9867
-1819
-10195
-1827
-10459
-1787
-10635
-1811
-10955
-1811
-11067
-1755
-11419
-1787
-11563
-1803
-11859
-1723
-12059
-1827
-12283
-1723
-12571
-1835
-12867
-1715
-13067
-1827
-13315
-1827
-13507
-1779
-13731
-1787
-14003
-1819
-14235
-1819
-14451
-1787
-14747
-1827
-14979
-1811
-15227
-1763
-15451
-1827
-15675
-1731
-15939
-1803
-16203
-1763
-16411
-1763
-16587
-1755
-16915
-1787
-17163
-1803
-17379
-1795
-17611
-1819
-17803
-1779
-18083
-1835
-18355
-1811
-18515
-1731
-18875
-2047
557
-1981
-43
-2033
-371
-2007
-571
-2043
-727
-1989
-1009
-2069
-1219
-2029
-1469
-2043
-1751
-1935
-2015
-2013
-2185
-2065
-2503
-1943
-2765
-2043
-2991
-1965
-3195
-2005
-3395
-2033
-3643
-2023
-3883
-1967
-4185
-1955
-4457
-1995
-4589
-2003
-4827
-2023
-5175
-2047
-5403
-2031
-5627
-2075
-5867
-2015
-6091
-1987
-6307
-1971
-6559
-2007
-6787
-1927
-7043
-2007
-7303
-1967
-7579
-2051
-7767
-2031
-7995
-2063
-8243
-2035
-8483
-1923
-8723
-2011
-8987
-2047
-9203
-1983
-9355
-1979
-9627
-1947
-9939
-1971
-10227
-2043
-10387
-2011
-10667
-1947
-10947
-2011
-11187
-2003
-11315
-2003
-11571
-1987
-11811
-2075
-12067
-2019
-12307
-2027
-12579
-1963
-12851
-2035
-12987
-1979
-13307
-1979
-13523
-2035
-13763
-2075
-14027
-2035
-14315
-2019
-14451
-1963
-14707
-1987
-14915
-2067
-15195
-1955
-15483
-2067
-15659
-2067
-15947
-2019
-16139
-1987
-16363
-2019
-16707
-2035
-16883
-2059
-17195
-1987
-17355
-2011
-17651
-2043
-17835
-2075
-18123
-2019
-18371
-2019
-18579
-2003
-18867
-2195
959
-2195
-43
-2227
-381
-2219
-537
-2287
-723
-2185
-1073
-2269
-1279
-2271
-1553
-2251
-1781
-2191
-1959
-2243
-2223
-2209
-2511
-2287
-2751
-2283
-3017
-2251
-3223
-2239
-3355
-2255
-3719
-2311
-3941
-2265
-4201
-2195
-4441
-2271
-4607
-2211
-4899
-2171
-5063
-2239
-5319
-2183
-5599
-2267
-5891
-2275
-6131
-2267
-6347
-2267
-6595
-2287
-6803
-2299
-7067
-2307
-7307
-2207
-7555
-2275
-7739
-2227
-8067
-2223
-8215
-2231
-8507
-2279
-8779
-2299
-8931
-2199
-9203
-2231
-9451
-2203
-9747
-2195
-9987
-2219
-10227
-2219
-10427
-2235
-10715
-2283
-10883
-2243
-11123
-2203
-11323
-2291
-11619
-2195
-11883
-2195
-12051
-2299
-12347
-2307
-12579
-2235
-12835
-2275
-13027
-2291
-13251
-2211
-13499
-2219
-13787
-2291
-14035
-2299
-14315
-2227
-14491
-2243
-14779
-2315
-14939
-2227
-15179
-2211
-15435
-2283
-15691
-2283
-15915
-2267
-16131
-2291
-16387
-2251
-16643
-2227
-16947
-2211
-17123
-2235
-17427
-2275
-17587
-2211
-17859
-2187
-18035
-2227
-18347
-2315
-18507
-2307
-18851
-2531
531
-2503
-95
-2517
-265
-2405
-483
-2527
-777
-2533
-1059
-2481
-1335
-2479
-1537
-2455
-1799
-2499
-2037
-2535
-2249
-2529
-2411
-2547
-2705
-2527
-2913
-2433
-3169
-2487
-3431
-2493
-3679
-2525
-3861
-2455
-4171
-2539
-4439
-2453
-4663
-2439
-4935
-2427
-5087
-2523
-5335
-2535
-5547
-2539
-5855
-2523
-6023
-2535
-6275
-2547
-6515
-2415
-6831
-2475
-7051
-2527
-7219
-2475
-7463
-2487
-7747
-2499
-8051
-2431
-8235
-2479
-8555
-2459
-8711
-2487
-8983
-2495
-9183
-2531
-9451
-2451
-9627
-2547
-9939
-2451
-10163
-2555
-10459
-2435
-10699
-2467
-10875
-2547
-11187
-2515
-11371
-2539
-11579
-2523
-11915
-2443
-12043
-2515
-12331
-2467
-12563
-2451
-12827
-2555
-13067
-2539
-13307
-2547
-13531
-2459
-13803
-2475
-13987
-2475
-14275
-2467
-14515
-2531
-14715
-2547
-14931
-2499
-15179
-2515
-15459
-2427
-15651
-2547
-15907
-2475
-16163
-2459
-16379
-2451
-16635
-2427
-16955
-2427
-17179
-2507
-17379
-2531
-17595
-2523
-17851
-2523
-18123
-2531
-18347
-2531
-18523
-2499
-18867
-2707
125
-2731
-111
-2731
-287
-2791
-591
-2659
-775
-2763
-1067
-2775
-1339
-2735
-1451
-2671
-1795
-2755
-2019
-2671
-2287
-2707
-2519
-2695
-2647
-2695
-3007
-2695
-3163
-2691
-3483
-2675
-3733
-2655
-3879
-2655
-4151
-2691
-4331
-2747
-4587
-2779
-4855
-2675
-5167
-2759
-5395
-2711
-5643
-2751
-5791
-2731
-6035
-2739
-6351
-2735
-6483
-2755
-6727
-2747
-7091
-2759
-7307
-2743
-7567
-2763
-7827
-2659
-7995
-2711
-8307
-2755
-8435
-2759
-8779
-2687
-8971
-2651
-9215
-2755
-9459
-2739
-9643
-2787
-9891
-2763
-10163
-2795
-10435
-2795
-10643
-2755
-10827
-2755
-11123
-2715
-11347
-2707
-11643
-2771
-11875
-2779
-12067
-2763
-12387
-2739
-12539
-2707
-12859
-2755
-13027
-2771
-13355
-2771
-13531
-2691
-13795
-2707
-13955
-2795
-14227
-2787
-14443
-2747
-14795
-2779
-15027
-2683
-15203
-2667
-15403
-2763
-15627
-2779
-15867
-2739
-16227
-2723
-16459
-2755
-16715
-2715
-16843
-2731
-17075
-2667
-17315
-2731
-17619
-2771
-17907
-2707
-18075
-2795
-18379
-2795
-18611
-2723
-18843
-2983
101
-2907
-115
-3007
-259
-2927
-575
-3011
-775
-2947
-1007
-2999
-1335
-2979
-1495
-2911
-1751
-2971
-2015
-3023
-2167
-2931
-2443
-2963
-2683
-3007
-2919
-3019
-3203
-2987
-3443
-2951
-3607
-2939
-3879
-3011
-4163
-2979
-4403
-2943
-4599
-2907
-4807
-3019
-5147
-2939
-5355
-2995
-5547
-2931
-5839
-2983
-6015
-2967
-6287
-3015
-6547
-3027
-6843
-3023
-7035
-2963
-7299
-2887
-7535
-3015
-7739
-2891
-7995
-3003
-8239
-3027
-8515
-3011
-8771
-2963
-8983
-2979
-9135
-2875
-9483
-3011
-9659
-2987
-9899
-2939
-10107
-2955
-10435
-2931
-10659
-3019
-10939
-2907
-11075
-2955
-11403
-2923
-11627
-2979
-11899
-2987
-12115
-3003
-12267
-2987
-12587
-3011
-12747
-3027
-13059
-2995
-13299
-2939
-13523
-2907
-13787
-3035
-13995
-2907
-14307
-3027
-14515
-2979
-14771
-3019
-14995
-2995
-15203
-3019
-15419
-2963
-15659
-3003
-15915
-3003
-16171
-2987
-16475
-2947
-16619
-2939
-16883
-2915
-17195
-2979
-17323
-3019
-17675
-3019
-17851
-3003
-18131
-2931
-18371
-2963
-18627
-3019
-18867
-3243
125
-3147
-31
-3187
-327
-3247
-551
-3263
-847
-3219
-1059
-3179
-1331
-3151
-1463
-3223
-1703
-3151
-2055
-3243
-2251
-3255
-2467
-3195
-2743
-3251
-2955
-3187
-3243
-3171
-3499
-3163
-3655
-3251
-3939
-3259
-4139
-3191
-4331
-3183
-4695
-3179
-4947
-3219
-5091
-3263
-5339
-3187
-5635
-3171
-5855
-3151
-6155
-3203
-6347
-3179
-6547
-3219
-6795
-3247
-6991
-3203
-7291
-3227
-7503
-3215
-7715
-3235
-7967
-3231
-8279
-3255
-8439
-3259
-8739
-3255
-8923
-3267
-9223
-3227
-9419
-3267
-9635
-3195
-9995
-3267
-10131
-3251
-10371
-3259
-10715
-3211
-10851
-3275
-11171
-3259
-11411
-3251
-11627
-3243
-11899
-3155
-12139
-3163
-12347
-3267
-12595
-3227
-12835
-3259
-13051
-3275
-13275
-3219
-13555
-3251
-13723
-3243
-14011
-3251
-14227
-3211
-14539
-3171
-14723
-3235
-14939
-3211
-15203
-3195
-15467
-3235
-15739
-3179
-15939
-3235
-16187
-3211
-16379
-3203
-16659
-3235
-16875
-3235
-17083
-3155
-17331
-3251
-17651
-3251
-17835
-3179
-18075
-3179
-18387
-3251
-18531
-3203
-18851
-3503
133
-3479
-27
-3467
-251
-3463
-611
-3475
-867
-3395
-1055
-3427
-1311
-3387
-1511
-3491
-1771
-3375
-1943
-3487
-2195
-3459
-2499
-3463
-2711
-3491
-2939
-3367
-3259
-3403
-3499
-3483
-3655
-3483
-3875
-3435
-4155
-3487
-4455
-3471
-4575
-3479
-4955
-3479
-5095
-3459
-5391
-3495
-5531
-3483
-5911
-3487
-6079
-3495
-6375
-3451
-6539
-3443
-6867
-3407
-7071
-3511
-7331
-3455
-7531
-3459
-7815
-3439
-8027
-3407
-8235
-3451
-8555
-3483
-8711
-3495
-8931
-3395
-9163
-3495
-9435
-3435
-9659
-3483
-9899
-3475
-10139
-3499
-10451
-3515
-10691
-3491
-10947
-3483
-11107
-3515
-11403
-3491
-11563
-3483
-11827
-3443
-12051
-3507
-12307
-3507
-12595
-3515
-12763
-3467
-13115
-3459
-13275
-3459
-13491
-3387
-13803
-3419
-14059
-3515
-14187
-3451
-14539
-3507
-14715
-3467
-14923
-3515
-15227
-3499
-15515
-3515
-15731
-3435
-15995
-3459
-16131
-3499
-16371
-3435
-16619
-3475
-16899
-3507
-17187
-3507
-17339
-3395
-17603
-3451
-17795
-3427
-18067
-3515
-18315
-3467
-18539
-3507
-18819
-3615
85
-3647
-131
-3635
-311
-3731
-523
-3663
-743
-3735
-1015
-3635
-1299
-3619
-1503
-3691
-1751
-3683
-2007
-3647
-2295
-3687
-2511
-3659
-2687
-3731
-2995
-3715
-3187
-3615
-3359
-3703
-3719
-3699
-3871
-3679
-4223
-3683
-4467
-3663
-4579
-3723
-4827
-3703
-5139
-3667
-5339
-3611
-5663
-3727
-5803
-3739
-6027
-3691
-6355
-3747
-6599
-3663
-6847
-3703
-7003
-3667
-7303
-3707
-7455
-3683
-7755
-3719
-8019
-3659
-8243
-3743
-8519
-3655
-8675
-3711
-8951
-3675
-9211
-3667
-9471
-3723
-9755
-3627
-9923
-3731
-10123
-3635
-10379
-3659
-10587
-3691
-10899
-3659
-11187
-3747
-11371
-3691
-11547
-3755
-11859
-3635
-12059
-3747
-12291
-3691
-12563
-3747
-12875
-3747
-13091
-3699
-13291
-3643
-13467
-3715
-13787
-3667
-14027
-3715
-14283
-3675
-14499
-3707
-14779
-3707
-15019
-3723
-15243
-3723
-15507
-3707
-15723
-3731
-15971
-3699
-16179
-3675
-16427
-3683
-16587
-3731
-16867
-3651
-17195
-3627
-17315
-3747
-17555
-3675
-17827
-3731
-18139
-3739
-18371
-3675
-18627
-3699
-18835
-3843
109
-3919
-67
-3915
-303
-3971
-559
-3987
-779
-3887
-963
-3855
-1283
-3883
-1435
-3895
-1815
-3943
-2011
-3899
-2183
-3955
-2547
-3943
-2703
-3923
-2971
-3979
-3135
-3859
-3395
-3903
-3619
-3963
-3899
-3955
-4099
-3927
-4411
-3903
-4615
-3951
-4883
-3843
-5135
-3943
-5363
-3855
-5635
-3995
-5879
-3975
-6027
-3967
-6375
-3935
-6539
-3835
-6767
-3959
-7087
-3931
-7231
-3979
-7495
-3883
-7803
-3951
-8011
-3923
-8179
-3983
-8539
-3979
-8711
-3915
-8951
-3887
-9183
-3963
-9439
-3955
-9683
-3875
-9995
-3931
-10163
-3891
-10443
-3907
-10611
-3979
-10899
-3963
-11075
-3947
-11371
-3979
-11627
-3899
-11867
-3931
-12043
-3971
-12291
-3947
-12603
-3987
-12835
-3939
-12995
-3939
-13275
-3867
-13467
-3899
-13819
-3947
-14067
-3987
-14283
-3931
-14547
-3979
-14779
-3971
-14947
-3987
-15235
-3995
-15395
-3995
-15627
-3875
-15875
-3987
-16123
-3899
-16411
-3955
-16715
-3875
-16843
-3883
-17123
-3915
-17419
-3955
-17563
-3867
-17787
-3995
-18027
-3963
-18387
-3939
-18635
-3987
-18843
-4143
85
-4091
-107
-4143
-243
-4219
-563
-4151
-727
-4107
-1091
-4151
-1339
-4167
-1491
-4131
-1691
-4183
-2031
-4107
-2223
-4199
-2519
-4191
-2783
-4179
-2935
-4207
-3251
-4147
-3427
-4215
-3631
-4183
-3907
-4203
-4139
-4211
-4415
-4099
-4683
-4219
-4899
-4231
-5179
-4079
-5371
-4163
-5623
-4219
-5803
-4207
-6071
-4187
-6239
-4207
-6559
-4187
-6719
-4171
-6991
-4207
-7243
-4115
-7531
-4139
-7715
-4203
-7931
-4163
-8251
-4111
-8411
-4171
-8707
-4219
-9007
-4215
-9163
-4219
-9491
-4163
-9699
-4211
-9931
-4211
-10171
-4163
-10355
-4179
-10619
-4139
-10907
-4131
-11091
-4131
-11355
-4203
-11595
-4139
-11851
-4123
-12091
-4227
-12283
-4227
-12635
-4179
-12867
-4139
-13091
-4139
-13323
-4139
-13563
-4211
-13715
-4179
-14027
-4131
-14291
-4235
-14435
-4211
-14699
-4115
-14995
-4187
-15219
-4227
-15483
-4187
-15739
-4171
-15931
-4227
-16131
-4139
-16403
-4115
-16587
-4195
-16851
-4211
-17091
-4155
-17435
-4195
-17595
-4131
-17795
-4179
-18123
-4147
-18275
-4235
-18539
-4163
-18827
-4395
101
-4351
-147
-4323
-355
-4379
-539
-4447
-751
-4419
-1003
-4407
-1311
-4387
-1471
-4411
-1711
-4407
-2019
-4475
-2243
-4335
-2479
-4459
-2711
-4419
-2931
-4415
-3247
-4407
-3423
-4447
-3679
-4355
-3867
-4395
-4159
-4379
-4447
-4439
-4643
-4451
-4819
-4399
-5127
-4391
-5411
-4415
-5587
-4455
-5827
-4431
-6047
-4435
-6275
-4475
-6587
-4407
-6819
-4383
-7075
-4359
-7331
-4463
-7515
-4383
-7803
-4387
-7995
-4419
-8267
-4387
-8467
-4439
-8687
-4467
-8975
-4399
-9207
-4387
-9415
-4379
-9699
-4427
-9995
-4411
-10139
-4395
-10363
-4451
-10611
-4451
-10939
-4443
-11107
-4387
-11355
-4387
-11635
-4419
-11835
-4395
-12059
-4459
-12355
-4355
-12627
-4459
-12835
-4419
-13091
-4355
-13267
-4419
-13563
-4355
-13723
-4467
-13979
-4411
-14235
-4435
-14547
-4459
-14667
-4475
-15019
-4459
-15251
-4379
-15411
-4379
-15667
-4363
-15899
-4379
-16219
-4451
-16411
-4443
-16699
-4443
-16843
-4419
-17195
-4371
-17379
-4475
-17651
-4467
-17883
-4451
-18107
-4371
-18275
-4459
-18635
-4403
-18827
-4647
101
-4635
-131
-4655
-355
-4695
-555
-4555
-843
-4607
-975
-4651
-1315
-4675
-1527
-4691
-1707
-4687
-1943
-4607
-2295
-4587
-2535
-4655
-2699
-4691
-2995
-4563
-3147
-4703
-3455
-4655
-3599
-4683
-3915
-4659
-4175
-4663
-4411
-4619
-4627
-4707
-4955
-4563
-5071
-4683
-5323
-4699
-5607
-4623
-5879
-4647
-6095
-4671
-6263
-4687
-6555
-4659
-6831
-4663
-7099
-4635
-7283
-4611
-7539
-4667
-7815
-4591
-7987
-4711
-8227
-4587
-8395
-4691
-8667
-4635
-8951
-4647
-9215
-4579
-9383
-4619
-9635
-4643
-9955
-4627
-10163
-4643
-10371
-4659
-10707
-4587
-10923
-4707
-11067
-4627
-11323
-4699
-11587
-4643
-11891
-4667
-12035
-4595
-12323
-4699
-12635
-4635
-12867
-4715
-13035
-4667
-13243
-4691
-13467
-4643
-13819
-4715
-13971
-4659
-14275
-4619
-14483
-4595
-14755
-4627
-14915
-4707
-15203
-4627
-15507
-4643
-15723
-4715
-15875
-4691
-16115
-4715
-16435
-4683
-16691
-4675
-16859
-4675
-17163
-4635
-17403
-4683
-17659
-4707
-17899
-4667
-18027
-4675
-18307
-4715
-18619
-4627
-18867
-4915
125
-4831
-143
-4903
-343
-4899
-607
-4899
-835
-4915
-1011
-4907
-1323
-4923
-1543
-4859
-1823
-4811
-1991
-4923
-2223
-4935
-2403
-4895
-2775
-4915
-2927
-4935
-3243
-4931
-3403
-4907
-3711
-4919
-3923
-4843
-4199
-4859
-4351
-4879
-4623
-4831
-4919
-4915
-5171
-4827
-5403
-4895
-5587
-4931
-5771
-4795
-6107
-4867
-6247
-4927
-6571
-4863
-6771
-4839
-7007
-4879
-7347
-4927
-7491
-4951
-7819
-4911
-8047
-4955
-8187
-4927
-8471
-4907
-8735
-4895
-9027
-4899
-9135
-4911
-9383
-4939
-9755
-4947
-9891
-4827
-10227
-4923
-10363
-4939
-10611
-4835
-10835
-4835
-11147
-4883
-11387
-4923
-11595
-4923
-11811
-4907
-12099
-4827
-12371
-4907
-12547
-4915
-12875
-4939
-12987
-4851
-13315
-4923
-13555
-4899
-13803
-4947
-13987
-4827
-14315
-4915
-14491
-4899
-14699
-4899
-14915
-4907
-15227
-4859
-15443
-4891
-15683
-4947
-15987
-4891
-16211
-4827
-16475
-4915
-16611
-4947
-16931
-4827
-17179
-4867
-17323
-4891
-17579
-4859
-17843
-4923
-18043
-4843
-18291
-4939
-18619
-4939
-18859
-5111
101
-5131
-31
-5159
-323
-5091
-603
-5135
-747
-5183
-1043
-5131
-1247
-5123
-1483
-5143
-1811
-5055
-1971
-5167
-2223
-5143
-2519
-5135
-2679
-5147
-2983
-5151
-3183
-5095
-3455
-5187
-3683
-5115
-3947
-5131
-4139
-5099
-4323
-5187
-4671
-5067
-4851
-5143
-5115
-5119
-5407
-5131
-5587
-5051
-5843
-5139
-6135
-5163
-6271
-5099
-6587
-5119
-6783
-5055
-7107
-5179
-7255
-5087
-7567
-5107
-7779
-5103
-7947
-5131
-8279
-5115
-8503
-5071
-8659
-5131
-8931
-5059
-9219
-5067
-9483
-5083
-9707
-5171
-9995
-5147
-10115
-5123
-10459
-5179
-10603
-5083
-10835
-5091
-11099
-5155
-11427
-5171
-11579
-5131
-11843
-5123
-12035
-5099
-12395
-5195
-12507
-5195
-12819
-5155
-13075
-5123
-13235
-5091
-13547
-5115
-13803
-5195
-14011
-5147
-14227
-5115
-14483
-5107
-14715
-5139
-14947
-5139
-15147
-5195
-15491
-5163
-15755
-5123
-15939
-5123
-16139
-5179
-16411
-5107
-16635
-5187
-16947
-5083
-17075
-5099
-17395
-5195
-17643
-5155
-17875
-5155
-18035
-5187
-18315
-5171
-18595
-5075
-18819
-5307
85
-5315
-107
-5387
-299
-5371
-599
-5427
-787
-5387
-1051
-5411
-1323
-5395
-1539
-5411
-1715
-5419
-2035
-5395
-2271
-5379
-2479
-5347
-2767
-5315
-2939
-5347
-3215
-5347
-3475
-5379
-3627
-5403
-3907
-5395
-4119
-5395
-4343
-5387
-4683
-5419
-4843
-5411
-5163
-5419
-5411
-5363
-5555
-5339
-5815
-5363
-6103
-5395
-6291
-5323
-6563
-5323
-6723
-5323
-7079
-5355
-7267
-5387
-7495
-5435
-7835
-5403
-8011
-5395
-8203
-5339
-8447
-5355
-8723
-5419
-8987
-5371
-9251
-5427
-9499
-5323
-9747
-5411
-9923
-5435
-10235
-5427
-10475
-5331
-10675
-5315
-10843
-5371
-11107
-5419
-11427
-5411
-11643
-5395
-11851
-5323
-12107
-5395
-12371
-5427
-12619
-5323
-12827
-5411
-13003
-5379
-13331
-5387
-13547
-5435
-13723
-5419
-13979
-5379
-14227
-5395
-14515
-5419
-14667
-5363
-14971
-5379
-15187
-5347
-15411
-5419
-15643
-5323
-15923
-5363
-16123
-5435
-16387
-5395
-16667
-5435
-16883
-5355
-17171
-5419
-17419
-5395
-17659
-5339
-17851
-5323
-18059
-5379
-18323
-5307
-18587
-5331
-18811
-5563
93
-5555
-99
-5643
-291
-5587
-587
-5603
-843
-5619
-1115
-5579
-1323
-5635
-1595
-5619
-1795
-5595
-1947
-5603
-2267
-5555
-2483
-5603
-2771
-5667
-2955
-5643
-3275
-5555
-3403
-5643
-3691
-5547
-3955
-5595
-4107
-5571
-4371
-5579
-4707
-5619
-4891
-5643
-5139
-5563
-5371
-5595
-5651
-5635
-5899
-5587
-6131
-5555
-6299
-5627
-6507
-5571
-6811
-5611
-7059
-5675
-7355
-5587
-7491
-5651
-7755
-5675
-8075
-5643
-8219
-5651
-8499
-5675
-8699
-5627
-8923
-5651
-9211
-5627
-9419
-5611
-9715
-5643
-9899
-5603
-10163
-5587
-10371
-5675
-10683
-5619
-10891
-5675
-11147
-5571
-11355
-5571
-11555
-5651
-11843
-5611
-12051
-5579
-12363
-5675
-12627
-5611
-12875
-5587
-12995
-5547
-13339
-5651
-13531
-5587
-13787
-5651
-13971
-5675
-14299
-5595
-14555
-5627
-14715
-5675
-14931
-5627
-15251
-5611
-15515
-5563
-15723
-5547
-15867
-5651
-16211
-5603
-16451
-5635
-16691
-5667
-16923
-5667
-17123
-5611
-17403
-5563
-17563
-5587
-17883
-5667
-18131
-5627
-18323
-5635
-18547
-5667
-18867
-5867
93
-5891
-123
-5811
-379
-5803
-539
-5891
-803
-5811
-1067
-5915
-1251
-5891
-1531
-5811
-1811
-5851
-2051
-5867
-2307
-5883
-2555
-5803
-2715
-5843
-2931
-5899
-3219
-5875
-3499
-5851
-3643
-5883
-3979
-5875
-4211
-5867
-4443
-5851
-4699
-5915
-4931
-5875
-5123
-5795
-5379
-5843
-5555
-5803
-5899
-5843
-6075
-5843
-6323
-5875
-6555
-5899
-6875
-5875
-7051
-5795
-7339
-5827
-7555
-5899
-7707
-5907
-8019
-5883
-8259
-5867
-8491
-5875
-8667
-5907
-8995
-5835
-9155
-5875
-9507
-5859
-9699
-5875
-9923
-5875
-10107
-5795
-10387
-5819
-10627
-5899
-10875
-5851
-11067
-5907
-11347
-5787
-11667
-5859
-11843
-5907
-12147
-5899
-12315
-5915
-12603
-5899
-12755
-5859
-13019
-5787
-13283
-5907
-13587
-5787
-13707
-5883
-13987
-5915
-14299
-5827
-14499
-5899
-14747
-5787
-15003
-5907
-15155
-5899
-15419
-5795
-15683
-5899
-15915
-5787
-16115
-5859
-16363
-5899
-16651
-5867
-16851
-5907
-17195
-5867
-17379
-5899
-17547
-5907
-17843
-5883
-18091
-5907
-18299
-5819
-18523
-5811
-18819
-6051
109
-6147
-35
-6107
-275
-6067
-619
-6131
-835
-6035
-1091
-6091
-1307
-6115
-1515
-6147
-1739
-6083
-2027
-6155
-2283
-6139
-2483
-6115
-2675
-6051
-2939
-6067
-3163
-6131
-3459
-6131
-3651
-6131
-3875
-6115
-4187
-6139
-4387
-6155
-4643
-6147
-4939
-6147
-5075
-6147
-5395
-6043
-5643
-6131
-5859
-6147
-6099
-6147
-6275
-6107
-6547
-6107
-6779
-6155
-7083
-6131
-7227
-6099
-7467
-6075
-7819
-6147
-7979
-6139
-8283
-6059
-8539
-6091
-8747
-6059
-8963
-6147
-9147
-6115
-9483
-6027
-9731
-6075
-9995
-6147
-10123
-6091
-10435
-6115
-10587
-6059
-10923
-6155
-11123
-6075
-11403
-6147
-11627
-6131
-11851
-6115
-12083
-6107
-12371
-6027
-12587
-6059
-12763
-6147
-12995
-6131
-13339
-6107
-13523
-6155
-13755
-6115
-14011
-6035
-14307
-6139
-14443
-6059
-14779
-6139
-14971
-6107
-15259
-6099
-15443
-6051
-15635
-6147
-15955
-6043
-16179
-6147
-16379
-6083
-16635
-6131
-16923
-6155
-17067
-6139
-17323
-6123
-17555
-6099
-17899
-6107
-18083
-6059
-18291
-6147
-18523
-6075
-18819
-6387
125
-6355
-35
-6355
-315
-6363
-547
-6275
-827
-6275
-1019
-6275
-1339
-6291
-1523
-6347
-1763
-6315
-2027
-6275
-2251
-6355
-2539
-6323
-2795
-6387
-2963
-6395
-3171
-6339
-3507
-6331
-3691
-6283
-3891
-6387
-4211
-6307
-4411
-6387
-4627
-6355
-4843
-6395
-5067
-6299
-5411
-6307
-5563
-6379
-5891
-6387
-6131
-6323
-6307
-6323
-6619
-6275
-6843
-6267
-7067
-6363
-7251
-6331
-7491
-6379
-7731
-6387
-8035
-6395
-8211
-6395
-8507
-6371
-8667
-6299
-8971
-6395
-9267
-6315
-9395
-6379
-9747
-6371
-9995
-6267
-10227
-6363
-10355
-6339
-10595
-6323
-10827
-6355
-11107
-6395
-11315
-6291
-11675
-6379
-11803
-6379
-12155
-6307
-12323
-6331
-12563
-6371
-12867
-6363
-13043
-6387
-13283
-6355
-13579
-6339
-13755
-6347
-13955
-6307
-14235
-6339
-14507
-6355
-14747
-6283
-14963
-6331
-15179
-6291
-15387
-6299
-15651
-6347
-15947
-6387
-16227
-6275
-16467
-6267
-16715
-6387
-16867
-6387
-17115
-6395
-17323
-6387
-17571
-6323
-17907
-6363
-18067
-6379
-18355
-6379
-18619
-6371
-18851
-6547
85
-6563
-147
-6579
-395
-6627
-563
-6579
-843
-6603
-1059
-6531
-1243
-6635
-1571
-6627
-1803
-6635
-2043
-6627
-2227
-6587
-2459
-6571
-2795
-6531
-3035
-6595
-3235
-6627
-3427
-6619
-3635
-6523
-3955
-6579
-4163
-6547
-4371
-6611
-4611
-6627
-4851
-6619
-5107
-6515
-5419
-6603
-5571
-6563
-5899
-6523
-6051
-6627
-6379
-6635
-6555
-6515
-6811
-6611
-7067
-6635
-7355
-6603
-7475
-6523
-7795
-6619
-8011
-6619
-8299
-6507
-8515
-6595
-8747
-6595
-8963
-6531
-9267
-6595
-9427
-6595
-9739
-6555
-9987
-6627
-10171
-6523
-10411
-6603
-10651
-6587
-10883
-6555
-11091
-6611
-11347
-6627
-11635
-6635
-11803
-6571
-12083
-6515
-12315
-6619
-12595
-6627
-12859
-6547
-13011
-6611
-13291
-6515
-13515
-6547
-13811
-6635
-13995
-6563
-14243
-6635
-14523
-6555
-14707
-6547
-14915
-6587
-15227
-6635
-15475
-6603
-15715
-6523
-15883
-6571
-16219
-6619
-16387
-6635
-16659
-6579
-16827
-6555
-17171
-6547
-17363
-6579
-17611
-6571
-17803
-6507
-18051
-6627
-18315
-6635
-18603
-6635
-18851
-6827
93
-6787
-155
-6771
-371
-6763
-635
-6835
-779
-6787
-1003
-6867
-1291
-6811
-1595
-6843
-1731
-6803
-2075
-6867
-2219
-6835
-2547
-6859
-2747
-6859
-2931
-6827
-3211
-6819
-3387
-6851
-3723
-6851
-3891
-6803
-4147
-6795
-4459
-6827
-4643
-6827
-4859
-6827
-5091
-6811
-5355
-6811
-5579
-6811
-5883
-6819
-6035
-6755
-6291
-6875
-6539
-6787
-6795
-6875
-7075
-6867
-7259
-6819
-7579
-6835
-7787
-6851
-8035
-6787
-8299
-6843
-8539
-6835
-8723
-6763
-8939
-6867
-9227
-6835
-9499
-6835
-9731
-6867
-9899
-6859
-10147
-6859
-10403
-6819
-10627
-6795
-10907
-6803
-11115
-6827
-11387
-6779
-11587
-6835
-11883
-6819
-12059
-6795
-12275
-6819
-12555
-6771
-12755
-6875
-13083
-6827
-13339
-6827
-13499
-6835
-13819
-6859
-14067
-6875
-14219
-6803
-14531
-6875
-14683
-6835
-14963
-6779
-15259
-6867
-15419
-6835
-15715
-6835
-15899
-6819
-16187
-6755
-16403
-6819
-16587
-6851
-16843
-6811
-17195
-6787
-17323
-6867
-17603
-6787
-17859
-6875
-18099
-6875
-18379
-6811
-18627
-6867
-18867
-6995
149
-7067
-59
-7067
-323
-7083
-547
-7051
-867
-7091
-1027
-7043
-1235
-7075
-1539
-7075
-1819
-7115
-2075
-7091
-2251
-7035
-2547
-7011
-2787
-7107
-2971
-7075
-3243
-7075
-3475
-7027
-3683
-7027
-3995
-7051
-4155
-7011
-4387
-7115
-4611
-7075
-4867
-7091
-5187
-7067
-5419
-7091
-5675
-7107
-5867
-7059
-6123
-7099
-6339
-7115
-6603
-7091
-6763
-7091
-7075
-7011
-7323
-7099
-7491
-7107
-7731
-7075
-8011
-7115
-8283
-7043
-8427
-7043
-8747
-7027
-9019
-7091
-9267
-7075
-9403
-7107
-9747
-7107
-9939
-7107
-10115
-7107
-10451
-7107
-10667
-7107
-10843
-7107
-11075
-7115
-11387
-7107
-11643
-7043
-11787
-7043
-12147
-7035
-12347
-7003
-12627
-7043
-12779
-7099
-12987
-7027
-13323
-7091
-13531
-7075
-13779
-7067
-13987
-7091
-14219
-7091
-14555
-7003
-14787
-6995
-14923
-7083
-15211
-7083
-15483
-7019
-15755
-7107
-15995
-7043
-16195
-7115
-16419
-7107
-16659
-7107
-16931
-7099
-17187
-7067
-17371
-7019
-17603
-7011
-17915
-7099
-18027
-7083
-18267
-7099
-18627
-7083
-18851
-7355
141
-7275
-83
-7331
-275
-7283
-619
-7339
-763
-7355
-1083
-7315
-1299
-7251
-1571
-7299
-1803
-7251
-2067
-7307
-2235
-7347
-2547
-7315
-2715
-7347
-2987
-7323
-3147
-7299
-3387
-7299
-3667
-7347
-3939
-7291
-4211
-7267
-4363
-7299
-4699
-7267
-4915
-7291
-5147
-7315
-5435
-7235
-5547
-7347
-5867
-7347
-6067
-7355
-6395
-7347
-6515
-7267
-6771
-7251
-7115
-7235
-7315
-7331
-7539
-7251
-7747
-7331
-7987
-7235
-8227
-7331
-8483
-7347
-8747
-7355
-8971
-7323
-9203
-7307
-9491
-7323
-9707
-7355
-9867
-7275
-10139
-7323
-10427
-7307
-10659
-7339
-10939
-7299
-11123
-7243
-11307
-7251
-11635
-7307
-11851
-7283
-12139
-7339
-12371
-7299
-12627
-7355
-12875
-7339
-13043
-7323
-13227
-7355
-13515
-7323
-13763
-7275
-14051
-7331
-14251
-7339
-14507
-7291
-14723
-7347
-14923
-7355
-15259
-7339
-15499
-7259
-15747
-7283
-15883
-7299
-16147
-7355
-16355
-7291
-16667
-7243
-16851
-7315
-17171
-7339
-17307
-7275
-17603
-7299
-17787
-7299
-18083
-7235
-18339
-7347
-18635
-7347
-18843
-7491
109
-7539
-131
-7579
-299
-7539
-619
-7523
-819
-7587
-1099
-7555
-1275
-7483
-1563
-7555
-1771
-7475
-2075
-7475
-2187
-7587
-2547
-7523
-2699
-7595
-3011
-7539
-3243
-7539
-3395
-7531
-3691
-7547
-3907
-7587
-4139
-7571
-4387
-7491
-4707
-7579
-4859
-7595
-5091
-7499
-5315
-7579
-5603
-7587
-5819
-7555
-6059
-7515
-6355
-7587
-6579
-7595
-6811
-7595
-7115
-7499
-7251
-7475
-7563
-7587
-7803
-7491
-8075
-7563
-8275
-7595
-8539
-7483
-8755
-7587
-8939
-7467
-9275
-7587
-9395
-7515
-9667
-7515
-9971
-7483
-10211
-7483
-10371
-7547
-10707
-7587
-10883
-7571
-11083
-7547
-11355
-7491
-11651
-7539
-11827
-7571
-12059
-7539
-12307
-7571
-12539
-7475
-12835
-7587
-13067
-7547
-13347
-7571
-13571
-7579
-13755
-7563
-14003
-7563
-14299
-7579
-14523
-7467
-14707
-7579
-14923
-7587
-15219
-7555
-15387
-7523
-15699
-7571
-15979
-7563
-16235
-7507
-16403
-7523
-16683
-7595
-16915
-7579
-17179
-7595
-17355
-7491
-17667
-7483
-17827
-7579
-18131
-7507
-18371
-7587
-18627
-7547
-18875
-7787
133
-7747
-115
-7723
-299
-7755
-611
-7819
-795
-7795
-1035
-7827
-1315
-7835
-1491
-7747
-1827
-7803
-1971
-7787
-2227
-7739
-2427
-7835
-2779
-7747
-3003
-7707
-3155
-7795
-3483
-7723
-3723
-7795
-3931
-7723
-4131
-7835
-4403
-7763
-4667
-7803
-4931
-7755
-5075
-7779
-5379
-7731
-5611
-7755
-5795
-7795
-6107
-7827
-6347
-7803
-6603
-7707
-6763
-7771
-7107
-7811
-7267
-7755
-7467
-7787
-7779
-7763
-8059
-7763
-8283
-7811
-8547
-7819
-8747
-7803
-8971
-7835
-9203
-7779
-9411
-7715
-9635
-7755
-9931
-7819
-10219
-7755
-10443
-7787
-10587
-7731
-10939
-7747
-11067
-7747
-11427
-7731
-11667
-7723
-11843
-7803
-12107
-7811
-12379
-7763
-12515
-7795
-12875
-7819
-13075
-7747
-13355
-7835
-13467
-7787
-13835
-7707
-14043
-7787
-14259
-7723
-14491
-7787
-14779
-7707
-15011
-7811
-15219
-7803
-15427
-7723
-15683
-7835
-15875
-7715
-16219
-7771
-16403
-7795
-16635
-7747
-16915
-7827
-17083
-7835
-17363
-7827
-17547
-7811
-17915
-7803
-18043
-7795
-18395
-7827
-18595
-7723
-18835
-8075
125
-8011
-75
-8059
-347
-8075
-507
-8051
-763
-7995
-1075
-8027
-1355
-7955
-1523
-8075
-1835
-8067
-2059
-8011
-2235
-8051
-2499
-8067
-2755
-8043
-2995
-8051
-3187
-8019
-3443
-8027
-3627
-7947
-3931
-8059
-4123
-8075
-4347
-7979
-4587
-7963
-4859
-8019
-5091
-7955
-5347
-8075
-5651
-8019
-5883
-7963
-6107
-7963
-6323
-8035
-6611
-7995
-6827
-8003
-7091
-8003
-7331
-8019
-7555
-8011
-7715
-7971
-7963
-8059
-8243
-8059
-8435
-7979
-8739
-8003
-9035
-7955
-9211
-7955
-9427
-8059
-9643
-8059
-9899
-7955
-10107
-7987
-10435
-8067
-10619
-7987
-10875
-8027
-11195
-8059
-11339
-7947
-11587
-8027
-11915
-8059
-12147
-8075
-12323
-8027
-12547
-8059
-12755
-8051
-13027
-8059
-13331
-8019
-13507
-8027
-13835
-8067
-13955
-7987
-14195
-8011
-14427
-8035
-14723
-7963
-14971
-8051
-15251
-8059
-15427
-8019
-15747
-8035
-15923
-8027
-16147
-7971
-16403
-7979
-16611
-8051
-16899
-8059
-17163
-8043
-17323
-7971
-17627
-7955
-17827
-8035
-18131
-8051
-18387
-8075
-18635
-8003
-18811
-8283
109
-8291
-51
-8227
-299
-8275
-531
-8243
-795
-8259
-1099
-8307
-1347
-8291
-1563
-8283
-1811
-8219
-2035
-8235
-2227
-8283
-2475
-8283
-2699
-8219
-3035
-8211
-3235
-8315
-3387
-8299
-3747
-8315
-3947
-8211
-4219
-8195
-4395
-8275
-4619
-8211
-4931
-8235
-5107
-8195
-5411
-8299
-5667
-8299
-5811
-8259
-6147
-8307
-6379
-8275
-6547
-8307
-6755
-8299
-7075
-8259
-7283
-8259
-7539
-8299
-7795
-8267
-8019
-8283
-8299
-8315
-8451
-8315
-8675
-8211
-8923
-8195
-9211
-8291
-9459
-8259
-9699
-8267
-9915
-8259
-10203
-8283
-10467
-8275
-10611
-8259
-10875
-8251
-11171
-8227
-11379
-8307
-11579
-8315
-11811
-8299
-12067
-8307
-12387
-8307
-12627
-8291
-12867
-8291
-13043
-8211
-13259
-8203
-13515
-8291
-13731
-8315
-14067
-8283
-14251
-8219
-14451
-8259
-14771
-8259
-14963
-8219
-15235
-8291
-15499
-8291
-15675
-8283
-15875
-8299
-16147
-8243
-16451
-8299
-16715
-8315
-16915
-8307
-17115
-8299
-17419
-8283
-17547
-8227
-17891
-8259
-18059
-8267
-18291
-8283
-18587
-8259
-18859
-8499
141
-8427
-59
-8467
-315
-8435
-531
-8499
-795
-8459
-1115
-8547
-1251
-8507
-1531
-8459
-1803
-8491
-2003
-8459
-2299
-8475
-2547
-8555
-2779
-8451
-3035
-8547
-3219
-8491
-3411
-8507
-3651
-8515
-3963
-8507
-4187
-8443
-4347
-8539
-4619
-8499
-4947
-8547
-5091
-8547
-5427
-8499
-5563
-8539
-5827
-8475
-6147
-8459
-6371
-8547
-6579
-8499
-6835
-8555
-7051
-8515
-7251
-8483
-7587
-8547
-7707
-8539
-7995
-8547
-8243
-8475
-8459
-8515
-8731
-8555
-8947
-8531
-9267
-8427
-9515
-8547
-9699
-8467
-9931
-8507
-10123
-8539
-10355
-8467
-10667
-8555
-10843
-8539
-11171
-8531
-11427
-8555
-11651
-8547
-11883
-8507
-12131
-8531
-12267
-8483
-12555
-8459
-12811
-8515
-13115
-8515
-13291
-8555
-13539
-8555
-13835
-8539
-13963
-8515
-14211
-8475
-14499
-8547
-14731
-8459
-14939
-8539
-15235
-8499
-15475
-8555
-15635
-8531
-15955
-8555
-16123
-8515
-16459
-8507
-16667
-8531
-16947
-8555
-17075
-8507
-17395
-8547
-17571
-8547
-17867
-8507
-18067
-8539
-18371
-8483
-18635
-8443
-18875
-8675
149
-8691
-67
-8707
-387
-8675
-523
-8731
-875
-8771
-1059
-8795
-1339
-8747
-1571
-8667
-1731
-8667
-2011
-8795
-2243
-8699
-2475
-8787
-2731
-8763
-2971
-8787
-3203
-8771
-3515
-8771
-3659
-8707
-3875
-8755
-4227
-8787
-4347
-8699
-4715
-8779
-4915
-8779
-5163
-8763
-5315
-8779
-5635
-8763
-5795
-8771
-6083
-8731
-6347
-8779
-6603
-8763
-6859
-8771
-7059
-8699
-7251
-8795
-7579
-8771
-7811
-8771
-7947
-8795
-8299
-8747
-8459
-8683
-8771
-8699
-9035
-8667
-9251
-8699
-9411
-8707
-9755
-8787
-9995
-8667
-10171
-8675
-10419
-8779
-10691
-8779
-10851
-8707
-11123
-8771
-11315
-8755
-11579
-8667
-11795
-8747
-12035
-8675
-12315
-8731
-12619
-8683
-12747
-8739
-13043
-8683
-13331
-8739
-13523
-8739
-13803
-8787
-14059
-8699
-14299
-8683
-14451
-8715
-14699
-8747
-14907
-8715
-15219
-8795
-15387
-8747
-15707
-8747
-15979
-8715
-16235
-8731
-16475
-8771
-16627
-8771
-16915
-8675
-17107
-8795
-17315
-8723
-17635
-8763
-17827
-8795
-18091
-8795
-18267
-8771
-18547
-8795
-18859
-8995
149
-8923
-123
-8907
-339
-8915
-563
-8939
-811
-9027
-1091
-8955
-1283
-9027
-1539
-9027
-1739
-9011
-2027
-9035
-2195
-8931
-2531
-8971
-2723
-8995
-2907
-9019
-3267
-9027
-3435
-9011
-3699
-8955
-3915
-8963
-4115
-9003
-4355
-8915
-4683
-9035
-4835
-8979
-5107
-8995
-5411
-9035
-5675
-8931
-5787
-8931
-6123
-8979
-6371
-9019
-6523
-9027
-6771
-8963
-7075
-8963
-7275
-8987
-7531
-8971
-7739
-8987
-7979
-8955
-8203
-8939
-8475
-8987
-8723
-9035
-9003
-9035
-9211
-8915
-9459
-9035
-9723
-8931
-9883
-9027
-10107
-9011
-10475
-8947
-10595
-9035
-10851
-8995
-11075
-8923
-11347
-8963
-11563
-8971
-11787
-9035
-12083
-9019
-12299
-8971
-12587
-9011
-12803
-9027
-13091
-9003
-13235
-8995
-13475
-9019
-13731
-8995
-13971
-8931
-14315
-9027
-14539
-9027
-14787
-9011
-14931
-8955
-15211
-8955
-15459
-9027
-15707
-8939
-15907
-8947
-16179
-8947
-16475
-9019
-16651
-8963
-16939
-9011
-17155
-9011
-17419
-8971
-17571
-8971
-17835
-8971
-18147
-9011
-18291
-8955
-18587
-8995
-18811
-9147
149
-9267
-59
-9171
-371
-9155
-507
-9179
-803
-9203
-1011
-9259
-1275
-9171
-1547
-9275
-1731
-9251
-2011
-9219
-2235
-9171
-2467
-9163
-2699
-9275
-3019
-9147
-3219
-9243
-3435
-9267
-3731
-9195
-3899
-9275
-4139
-9259
-4427
-9203
-4667
-9211
-4923
-9243
-5163
-9163
-5347
-9251
-5611
-9275
-5827
-9267
-6139
-9203
-6307
-9267
-6579
-9227
-6811
-9275
-7075
-9179
-7283
-9251
-7571
-9219
-7827
-9163
-8035
-9195
-8195
-9187
-8443
-9259
-8667
-9211
-8939
-9163
-9259
-9155
-9419
-9219
-9731
-9267
-9987
-9259
-10211
-9171
-10475
-9195
-10635
-9243
-10859
-9235
-11091
-9187
-11347
-9251
-11619
-9227
-11843
-9179
-12091
-9267
-12387
-9179
-12523
-9155
-12803
-9267
-13011
-9259
-13259
-9251
-13587
-9275
-13787
-9275
-14075
-9187
-14235
-9275
-14555
-9155
-14795
-9275
-14963
-9179
-15155
-9171
-15451
-9179
-15755
-9251
-15907
-9187
-16131
-9147
-16443
-9187
-16699
-9171
-16859
-9187
-17123
-9275
-17331
-9243
-17571
-9203
-17859
-9275
-18139
-9251
-18291
-9267
-18635
-9243
-18875
-9507
85
-9387
-147
-9395
-307
-9483
-611
-9459
-787
-9515
-1099
-9451
-1235
-9387
-1555
-9491
-1779
-9499
-1963
-9515
-2291
-9499
-2547
-9507
-2699
-9467
-2915
-9467
-3259
-9459
-3395
-9387
-3707
-9491
-3995
-9507
-4147
-9499
-4379
-9467
-4603
-9499
-4835
-9507
-5123
-9507
-5395
-9435
-5595
-9419
-5875
-9491
-6147
-9443
-6299
-9443
-6523
-9435
-6835
-9507
-7011
-9443
-7339
-9491
-7531
-9419
-7819
-9427
-8019
-9515
-8227
-9451
-8475
-9387
-8691
-9451
-8947
-9459
-9219
-9483
-9411
-9499
-9643
-9507
-9979
-9483
-10155
-9419
-10411
-9443
-10699
-9515
-10947
-9443
-11155
-9443
-11371
-9483
-11659
-9435
-11915
-9499
-12115
-9395
-12339
-9515
-12555
-9491
-12795
-9387
-13075
-9403
-13355
-9515
-13571
-9387
-13771
-9507
-13987
-9507
-14267
-9475
-14451
-9491
-14731
-9507
-14963
-9427
-15155
-9435
-15451
-9507
-15731
-9435
-15923
-9387
-16227
-9387
-16363
-9483
-16675
-9499
-16851
-9467
-17067
-9499
-17371
-9515
-17611
-9507
-17795
-9467
-18155
-9499
-18291
-9435
-18579
-9387
-18835
-9755
93
-9659
-27
-9667
-307
-9731
-507
-9715
-867
-9635
-987
-9675
-1243
-9699
-1515
-9627
-1763
-9739
-1947
-9755
-2259
-9667
-2547
-9723
-2675
-9691
-3003
-9707
-3155
-9747
-3499
-9723
-3755
-9747
-3907
-9731
-4171
-9715
-4371
-9731
-4675
-9723
-4955
-9635
-5107
-9755
-5403
-9707
-5563
-9651
-5787
-9715
-6139
-9723
-6307
-9699
-6547
-9723
-6819
-9691
-7051
-9739
-7235
-9755
-7491
-9723
-7827
-9707
-7947
-9707
-8291
-9635
-8427
-9707
-8715
-9667
-8963
-9675
-9195
-9755
-9467
-9643
-9731
-9715
-9947
-9627
-10179
-9651
-10459
-9707
-10683
-9739
-10955
-9739
-11155
-9691
-11435
-9723
-11643
-9683
-11795
-9755
-12147
-9723
-12363
-9707
-12611
-9723
-12755
-9667
-13091
-9723
-13275
-9643
-13491
-9715
-13747
-9659
-13979
-9723
-14211
-9755
-14531
-9667
-14755
-9715
-15027
-9683
-15163
-9747
-15427
-9667
-15715
-9643
-15907
-9659
-16155
-9707
-16347
-9699
-16651
-9739
-16875
-9747
-17075
-9747
-17355
-9723
-17667
-9755
-17835
-9683
-18083
-9731
-18315
-9643
-18555
-9707
-18819
-9899
149
-9995
-139
-9987
-363
-9923
-507
-9979
-779
-9963
-1075
-9963
-1275
-9987
-1547
-9971
-1763
-9987
-1963
-9987
-2251
-9907
-2467
-9963
-2715
-9963
-2947
-9931
-3235
-9867
-3459
-9995
-3691
-9987
-3963
-9971
-4147
-9923
-4443
-9923
-4659
-9867
-4827
-9995
-5131
-9971
-5339
-9979
-5603
-9907
-5851
-9963
-6099
-9971
-6315
-9939
-6603
-9939
-6859
-9907
-7003
-9915
-7331
-9955
-7579
-9971
-7827
-9995
-7987
-9955
-8283
-9979
-8515
-9987
-8771
-9947
-8923
-9915
-9267
-9963
-9459
-9947
-9691
-9875
-9915
-9995
-10123
-9907
-10459
-9931
-10595
-9939
-10907
-9995
-11091
-9987
-11339
-9915
-11547
-9971
-11803
-9891
-12115
-9987
-12387
-9875
-12619
-9931
-12811
-9907
-13051
-9955
-13331
-9915
-13483
-9955
-13755
-9987
-13971
-9987
-14275
-9931
-14475
-9955
-14755
-9971
-15019
-9955
-15163
-9899
-15403
-9971
-15627
-9955
-15891
-9995
-16227
-9995
-16411
-9995
-16715
-9907
-16867
-9915
-17067
-9939
-17387
-9899
-17667
-9995
-17843
-9979
-18075
-9883
-18283
-9971
-18539
-9995
-18819
-10123
93
-10211
-75
-10171
-387
-10203
-531
-10235
-787
-10107
-1043
-10219
-1235
-10211
-1539
-10227
-1763
-10155
-1955
-10227
-2251
-10195
-2507
-10187
-2683
-10123
-2987
-10235
-3251
-10163
-3403
-10227
-3707
-10163
-3995
-10131
-4131
-10147
-4363
-10155
-4699
-10235
-4915
-10219
-5147
-10147
-5315
-10147
-5667
-10163
-5811
-10195
-6027
-10227
-6291
-10235
-6635
-10115
-6835
-10171
-7051
-10211
-7331
-10235
-7587
-10227
-7755
-10115
-7987
-10171
-8299
-10235
-8523
-10171
-8787
-10227
-9003
-10163
-9195
-10227
-9443
-10203
-9627
-10227
-9875
-10219
-10203
-10227
-10459
-10155
-10611
-10187
-10851
-10179
-11195
-10163
-11323
-10155
-11667
-10115
-11811
-10203
-12043
-10155
-12371
-10211
-12531
-10131
-12803
-10227
-13091
-10139
-13251
-10147
-13579
-10235
-13731
-10219
-14075
-10139
-14251
-10171
-14443
-10219
-14715
-10203
-14963
-10195
-15155
-10203
-15515
-10187
-15707
-10211
-15899
-10227
-16155
-10227
-16467
-10155
-16683
-10227
-16875
-10139
-17107
-10235
-17419
-10203
-17659
-10195
-17843
-10235
-18123
-10235
-18331
-10131
-18539
-10163
-18859
-10443
85
-10459
-147
-10419
-275
-10459
-507
-10459
-771
-10459
-1083
-10443
-1355
-10411
-1595
-10443
-1795
-10451
-2059
-10451
-2251
-10467
-2491
-10435
-2699
-10443
-3019
-10419
-3243
-10411
-3499
-10411
-3659
-10443
-3931
-10451
-4179
-10475
-4363
-10467
-4699
-10419
-4955
-10475
-5139
-10443
-5395
-10419
-5643
-10475
-5883
-10419
-6043
-10427
-6299
-10475
-6515
-10475
-6851
-10451
-6995
-10435
-7291
-10475
-7595
-10419
-7755
-10475
-7987
-10475
-8275
-10435
-8515
-10475
-8771
-10427
-9019
-10419
-9259
-10427
-9467
-10411
-9643
-10467
-9891
-10459
-10115
-10459
-10355
-10451
-10707
-10451
-10883
-10435
-11163
-10459
-11323
-10427
-11579
-10435
-11819
-10475
-12115
-10419
-12347
-10467
-12571
-10459
-12755
-10459
-13027
-10435
-13323
-10467
-13483
-10435
-13723
-10435
-14011
-10459
-14187
-10435
-14539
-10451
-14731
-10419
-14963
-10411
-15203
-10419
-15427
-10419
-15667
-10419
-15971
-10411
-16131
-10427
-16427
-10451
-16595
-10427
-16907
-10451
-17187
-10443
-17435
-10427
-17563
-10467
-17787
-10467
-18083
-10435
-18323
-10451
-18635
-10475
-18851
