101
347
139
-5
672
-256
414
-571
293
-842
301
-1070
243
-1291
207
-1493
466
-1763
283
-2066
262
-2271
135
-2511
433
-2643
211
-2953
159
-3189
145
-3427
131
-3707
527
-3883
165
-4093
105
-4361
139
-4577
93
-4911
109
-5087
133
-5307
85
-5555
117
-5915
93
-6051
85
-6275
85
-6555
133
-6835
125
-7079
149
-7335
93
-7543
85
-7763
85
-7987
85
-8287
141
-8495
117
-8707
133
-8955
125
-9191
117
-9395
125
-9739
101
-9955
109
-10163
101
-10347
125
-10715
149
-10947
109
-11163
149
-11387
93
-11667
85
-11899
117
-12131
101
-12323
117
-12579
149
-12819
93
-13091
85
-13331
101
-13571
93
-13715
85
-14035
109
-14227
109
-14467
125
-14691
117
-14931
93
-15187
109
-15427
85
-15627
85
-15907
101
-16139
85
-16451
117
-16691
141
-16899
93
-17139
133
-17331
125
-17587
149
-17851
133
-18075
101
-18379
117
-18531
101
-18827
-143
586
-104
-90
-105
-311
-23
-558
-68
-766
-63
-1048
-114
-1305
-125
-1523
-37
-1776
-108
-1983
-76
-2256
-113
-2509
-47
-2655
-119
-2903
-19
-3159
-91
-3409
-83
-3613
-119
-3867
-123
-4203
-147
-4421
-47
-4595
-107
-4819
-83
-5187
-27
-5399
-131
-5611
-63
-5887
-151
-6063
-47
-6379
-67
-6591
-111
-6803
-151
-7007
-131
-7243
-11
-7551
-43
-7743
-131
-8011
-127
-8235
-135
-8491
-11
-8679
-75
-8931
-103
-9219
-139
-9507
-147
-9739
-147
-9899
-107
-10163
-27
-10419
-43
-10659
-115
-10883
-91
-11107
-131
-11355
-147
-11547
-139
-11803
-107
-12123
-155
-12379
-115
-12619
-155
-12851
-99
-13075
-123
-13291
-115
-13579
-131
-13795
-131
-13947
-139
-14283
-139
-14531
-155
-14795
-67
-14995
-139
-15171
-35
-15403
-83
-15699
-131
-15907
-75
-16171
-147
-16395
-115
-16587
-91
-16883
-155
-17171
-27
-17411
-75
-17675
-91
-17819
-35
-18067
-59
-18371
-155
-18555
-99
-18843
-363
1486
-332
-36
-321
-351
-333
-543
-346
-783
-379
-1084
-351
-1300
-316
-1483
-257
-1704
-321
-2010
-377
-2235
-373
-2521
-299
-2723
-387
-2969
-321
-3153
-331
-3415
-337
-3673
-285
-3879
-283
-4199
-351
-4367
-251
-4637
-355
-4831
-347
-5091
-383
-5403
-347
-5571
-355
-5843
-291
-6035
-359
-6335
-379
-6515
-339
-6823
-319
-7059
-367
-7211
-307
-7527
-267
-7779
-315
-7939
-347
-8183
-323
-8511
-235
-8747
-359
-8907
-355
-9147
-315
-9431
-387
-9643
-355
-9891
-275
-10219
-379
-10411
-299
-10683
-379
-10827
-283
-11123
-275
-11307
-307
-11579
-395
-11819
-395
-12051
-299
-12323
-307
-12619
-323
-12763
-347
-12987
-355
-13323
-291
-13571
-387
-13779
-395
-14067
-371
-14315
-291
-14451
-307
-14683
-323
-15011
-267
-15235
-395
-15451
-347
-15675
-307
-15875
-371
-16107
-331
-16435
-347
-16611
-395
-16851
-371
-17115
-315
-17339
-267
-17563
-347
-17915
-395
-18051
-299
-18291
-395
-18547
-291
-18875
-519
672
-495
-98
-611
-325
-581
-589
-604
-795
-537
-1091
-560
-1295
-511
-1467
-613
-1757
-624
-1995
-577
-2183
-561
-2447
-587
-2699
-575
-3011
-523
-3225
-579
-3377
-597
-3675
-545
-3917
-605
-4169
-487
-4443
-591
-4625
-603
-4811
-575
-5035
-555
-5319
-591
-5659
-591
-5879
-511
-6055
-555
-6363
-591
-6499
-615
-6747
-539
-7027
-583
-7287
-619
-7459
-527
-7803
-595
-7963
-555
-8275
-511
-8427
-587
-8731
-587
-8959
-531
-9171
-615
-9415
-523
-9643
-515
-9923
-619
-10227
-635
-10435
-515
-10587
-627
-10931
-547
-11131
-563
-11379
-619
-11659
-619
-11883
-555
-12091
-587
-12283
-627
-12507
-627
-12843
-603
-13067
-619
-13251
-571
-13491
-635
-13803
-515
-13979
-627
-14291
-531
-14555
-531
-14739
-531
-15027
-619
-15235
-531
-15483
-611
-15627
-547
-15907
-635
-16139
-547
-16371
-627
-16715
-531
-16851
-595
-17187
-635
-17435
-611
-17619
-635
-17819
-619
-18131
-539
-18387
-555
-18627
-531
-18835
-775
536
-775
-68
-819
-293
-813
-611
-855
-821
-815
-958
-840
-1299
-727
-1497
-851
-1709
-857
-1927
-831
-2274
-751
-2459
-829
-2673
-807
-2995
-763
-3151
-763
-3405
-867
-3677
-819
-3887
-793
-4143
-863
-4451
-741
-4705
-807
-4923
-771
-5103
-763
-5307
-839
-5607
-739
-5879
-803
-6039
-787
-6383
-743
-6487
-763
-6803
-843
-6975
-851
-7227
-831
-7543
-831
-7735
-771
-8031
-819
-8219
-799
-8511
-799
-8675
-835
-8943
-791
-9163
-747
-9459
-875
-9707
-843
-9979
-867
-10219
-859
-10435
-819
-10587
-819
-10907
-755
-11099
-819
-11419
-875
-11563
-867
-11803
-827
-12155
-867
-12363
-787
-12531
-827
-12827
-835
-13043
-859
-13227
-875
-13507
-859
-13787
-819
-14067
-851
-14275
-787
-14443
-803
-14723
-819
-15035
-811
-15179
-755
-15403
-755
-15723
-851
-15923
-827
-16227
-843
-16363
-803
-16707
-859
-16931
-803
-17155
-875
-17387
-843
-17675
-843
-17827
-779
-18027
-875
-18355
-859
-18627
-763
-18811
-1082
751
-1027
-9
-1079
-278
-1081
-600
-1031
-726
-1055
-986
-1008
-1297
-983
-1510
-1065
-1667
-974
-2029
-1001
-2280
-1063
-2401
-1091
-2753
-1101
-2953
-1091
-3237
-1019
-3383
-1007
-3687
-1083
-3967
-1079
-4227
-1083
-4355
-1027
-4659
-1043
-4939
-1075
-5099
-1107
-5359
-987
-5643
-1027
-5883
-1091
-6079
-1095
-6255
-1107
-6603
-995
-6763
-1091
-6963
-1091
-7275
-1091
-7567
-1055
-7735
-979
-8023
-1043
-8263
-1083
-8395
-1063
-8755
-1071
-8955
-1091
-9135
-983
-9499
-1083
-9643
-1019
-9891
-987
-10147
-1083
-10467
-1083
-10683
-1115
-10939
-1083
-11075
-1107
-11331
-1075
-11659
-1075
-11795
-1011
-12067
-1043
-12331
-1019
-12531
-1027
-12779
-1083
-13067
-1059
-13243
-1075
-13587
-1011
-13779
-1067
-13963
-1075
-14307
-1075
-14491
-1115
-14763
-1043
-15011
-1107
-15195
-1075
-15507
-1011
-15627
-987
-15891
-1115
-16123
-1083
-16379
-1107
-16587
-1059
-16835
-1043
-17083
-1059
-17323
-1027
-17595
-1115
-17851
-1091
-18147
-1115
-18395
-1003
-18579
-1115
-18851
-1347
885
-1299
-103
-1275
-330
-1228
-514
-1292
-764
-1300
-1008
-1232
-1267
-1293
-1568
-1303
-1802
-1250
-1992
-1295
-2197
-1311
-2435
-1275
-2753
-1233
-2921
-1331
-3163
-1297
-3479
-1249
-3631
-1275
-3935
-1339
-4177
-1289
-4421
-1227
-4567
-1355
-4935
-1239
-5163
-1323
-5287
-1339
-5607
-1255
-5847
-1307
-6007
-1275
-6335
-1227
-6495
-1319
-6767
-1239
-7071
-1291
-7203
-1259
-7571
-1315
-7767
-1319
-8035
-1279
-8275
-1227
-8447
-1259
-8671
-1287
-9011
-1215
-9123
-1291
-9483
-1339
-9691
-1347
-9955
-1355
-10171
-1235
-10435
-1275
-10643
-1331
-10907
-1235
-11099
-1339
-11419
-1331
-11571
-1355
-11891
-1307
-12075
-1331
-12291
-1323
-12531
-1267
-12771
-1307
-13107
-1283
-13339
-1307
-13595
-1331
-13779
-1323
-13979
-1307
-14251
-1323
-14435
-1347
-14739
-1291
-14915
-1243
-15235
-1251
-15435
-1299
-15691
-1331
-15955
-1315
-16139
-1299
-16467
-1267
-16643
-1275
-16899
-1291
-17171
-1331
-17339
-1307
-17651
-1355
-17851
-1267
-18131
-1283
-18275
-1267
-18507
-1235
-18811
-1499
237
-1559
-75
-1491
-313
-1547
-587
-1547
-837
-1451
-1001
-1581
-1339
-1507
-1515
-1541
-1703
-1523
-1949
-1497
-2271
-1543
-2531
-1583
-2693
-1487
-2891
-1575
-3217
-1539
-3473
-1555
-3623
-1519
-3873
-1567
-4159
-1515
-4371
-1539
-4665
-1475
-4819
-1551
-5099
-1571
-5291
-1475
-5611
-1543
-5811
-1491
-6083
-1467
-6319
-1467
-6571
-1455
-6795
-1575
-7051
-1543
-7299
-1583
-7467
-1563
-7747
-1503
-8039
-1587
-8299
-1551
-8531
-1467
-8743
-1579
-9015
-1479
-9123
-1575
-9459
-1579
-9643
-1595
-9979
-1595
-10155
-1491
-10347
-1571
-10651
-1539
-10835
-1539
-11155
-1539
-11315
-1507
-11667
-1547
-11875
-1547
-12059
-1483
-12267
-1571
-12531
-1595
-12779
-1523
-13091
-1507
-13243
-1531
-13539
-1523
-13763
-1595
-14067
-1571
-14187
-1571
-14547
-1531
-14675
-1475
-14995
-1499
-15187
-1579
-15499
-1579
-15731
-1475
-15867
-1587
-16235
-1539
-16459
-1563
-16659
-1595
-16915
-1571
-17155
-1571
-17419
-1467
-17587
-1547
-17795
-1499
-18147
-1491
-18291
-1499
-18507
-1531
-18875
-1807
1959
-1779
-149
-1791
-371
-1811
-545
-1689
-721
-1767
-1043
-1797
-1287
-1761
-1473
-1761
-1801
-1809
-1927
-1703
-2201
-1759
-2473
-1703
-2669
-1833
-2967
-1791
-3155
-1695
-3439
-1813
-3601
-1795
-3903
-1761
-4201
-1807
-4339
-1767
-4645
-1707
-4907
-1759
-5147
-1747
-5383
-1755
-5571
-1775
-5875
-1735
-6087
-1735
-6259
-1731
-6559
-1727
-6815
-1735
-6975
-1779
-7315
-1695
-7455
-1771
-7707
-1703
-8035
-1691
-8195
-1795
-8455
-1783
-8735
-1779
-8943
-1819
-9179
-1811
-9475
-1819
-9667
-1747
-9995
-1819
-10123
-1819
-10371
-1795
-10635
-1827
-10923
-1763
-11179
-1747
-11379
-1763
-11555
-1803
-11859
-1723
-12059
-1819
-12339
-1795
-12539
-1819
-12763
-1835
-13075
-1827
-13315
-1755
-13571
-1747
-13731
-1835
-13995
-1819
-14235
-1819
-14451
-1787
-14747
-1819
-14947
-1795
-15227
-1763
-15451
-1827
-15675
-1771
-15995
-1763
-16203
-1763
-16411
-1763
-16587
-1755
-16915
-1731
-17123
-1827
-17411
-1795
-17611
-1763
-17875
-1835
-18035
-1779
-18267
-1811
-18531
-1739
-18867
-2047
557
-1981
-43
-2025
-365
-2007
-571
-1993
-773
-2007
-1077
-1973
-1231
-1943
-1495
-2007
-1815
-1945
-2025
-1969
-2195
-2055
-2407
-2011
-2747
-2035
-3005
-2015
-3181
-2017
-3507
-1973
-3755
-2037
-3887
-2023
-4201
-2019
-4371
-1993
-4611
-1983
-4803
-2043
-5163
-1947
-5351
-2019
-5623
-1947
-5799
-1943
-6067
-1987
-6307
-1963
-6551
-2011
-6823
-2043
-7063
-2003
-7267
-2015
-7499
-2051
-7739
-1987
-7995
-2043
-8207
-2055
-8507
-2067
-8723
-1939
-9015
-1947
-9259
-1947
-9507
-2051
-9715
-2067
-9883
-2075
-10115
-2011
-10411
-2011
-10707
-2003
-10883
-1995
-11067
-2075
-11363
-1971
-11635
-2043
-11867
-2003
-12155
-1995
-12387
-2075
-12507
-2035
-12779
-2043
-13083
-1979
-13307
-1979
-13523
-2051
-13835
-2051
-14067
-2067
-14315
-2019
-14451
-2059
-14779
-2035
-14995
-2075
-15187
-1955
-15483
-2059
-15691
-2051
-15923
-1963
-16131
-2003
-16419
-2019
-16707
-2035
-16883
-2059
-17195
-2019
-17323
-2011
-17651
-1947
-17795
-2035
-18139
-1971
-18331
-1987
-18579
-1979
-18819
-2193
1137
-2257
-35
-2171
-263
-2219
-537
-2211
-839
-2289
-1099
-2283
-1277
-2275
-1515
-2203
-1791
-2275
-1947
-2241
-2263
-2181
-2445
-2293
-2635
-2251
-2981
-2203
-3137
-2273
-3453
-2273
-3645
-2241
-3931
-2307
-4185
-2277
-4403
-2263
-4619
-2203
-4931
-2267
-5083
-2219
-5327
-2199
-5611
-2179
-5855
-2295
-6051
-2263
-6359
-2267
-6595
-2299
-6767
-2223
-7071
-2291
-7219
-2243
-7503
-2291
-7811
-2295
-8059
-2291
-8311
-2219
-8407
-2239
-8711
-2247
-8991
-2211
-9243
-2307
-9399
-2275
-9651
-2235
-9907
-2267
-10227
-2283
-10475
-2307
-10643
-2307
-10835
-2227
-11179
-2227
-11419
-2299
-11675
-2227
-11843
-2283
-12067
-2299
-12347
-2307
-12579
-2235
-12835
-2275
-13027
-2291
-13251
-2211
-13499
-2219
-13787
-2291
-14035
-2299
-14315
-2227
-14491
-2243
-14779
-2291
-14931
-2227
-15179
-2211
-15435
-2283
-15691
-2195
-15931
-2283
-16115
-2291
-16387
-2219
-16651
-2275
-16851
-2211
-17139
-2243
-17403
-2275
-17587
-2211
-17859
-2187
-18035
-2227
-18347
-2195
-18611
-2267
-18827
-2515
699
-2515
-99
-2507
-325
-2439
-481
-2527
-777
-2527
-1057
-2485
-1339
-2495
-1541
-2519
-1787
-2485
-2019
-2499
-2227
-2531
-2409
-2541
-2739
-2525
-2909
-2459
-3157
-2469
-3365
-2503
-3695
-2509
-3863
-2467
-4221
-2415
-4421
-2439
-4659
-2427
-4915
-2423
-5075
-2531
-5351
-2507
-5535
-2507
-5851
-2451
-6091
-2427
-6347
-2547
-6503
-2419
-6823
-2523
-7063
-2451
-7307
-2499
-7535
-2523
-7795
-2495
-8019
-2523
-8219
-2471
-8475
-2471
-8735
-2535
-8959
-2519
-9159
-2523
-9379
-2523
-9715
-2531
-9907
-2507
-10195
-2507
-10435
-2459
-10683
-2539
-10867
-2483
-11155
-2491
-11363
-2467
-11571
-2467
-11835
-2443
-12043
-2515
-12331
-2467
-12563
-2451
-12827
-2555
-13067
-2499
-13299
-2547
-13555
-2467
-13811
-2475
-13987
-2475
-14275
-2467
-14515
-2531
-14715
-2547
-14931
-2499
-15179
-2515
-15459
-2459
-15659
-2451
-15891
-2499
-16227
-2483
-16411
-2451
-16635
-2555
-16915
-2507
-17147
-2531
-17331
-2531
-17595
-2523
-17851
-2523
-18123
-2531
-18347
-2531
-18523
-2499
-18867
-2707
125
-2731
-95
-2755
-343
-2783
-603
-2735
-807
-2723
-1103
-2775
-1339
-2735
-1451
-2671
-1795
-2763
-2003
-2683
-2273
-2739
-2499
-2739
-2667
-2723
-3031
-2787
-3151
-2735
-3459
-2667
-3743
-2763
-3891
-2667
-4203
-2715
-4419
-2755
-4583
-2795
-4855
-2651
-5171
-2787
-5383
-2715
-5651
-2667
-5775
-2771
-6019
-2683
-6323
-2707
-6571
-2715
-6827
-2687
-7027
-2723
-7319
-2691
-7487
-2747
-7759
-2743
-7983
-2755
-8195
-2759
-8523
-2755
-8735
-2679
-8891
-2659
-9175
-2647
-9423
-2747
-9755
-2715
-9971
-2771
-10227
-2771
-10403
-2691
-10683
-2755
-10891
-2763
-11107
-2763
-11403
-2691
-11563
-2747
-11835
-2795
-12099
-2795
-12323
-2739
-12539
-2707
-12859
-2755
-13027
-2771
-13339
-2763
-13523
-2683
-13715
-2707
-13955
-2795
-14227
-2787
-14443
-2747
-14795
-2779
-15027
-2683
-15203
-2779
-15499
-2755
-15667
-2691
-15883
-2723
-16219
-2739
-16467
-2699
-16611
-2715
-16843
-2795
-17099
-2667
-17315
-2731
-17619
-2771
-17907
-2707
-18075
-2795
-18379
-2795
-18611
-2723
-18843
-2983
101
-2983
-79
-3015
-303
-3023
-499
-2915
-839
-3011
-1055
-2999
-1331
-2979
-1495
-2911
-1751
-2971
-2031
-3023
-2167
-2931
-2455
-2995
-2775
-3007
-2919
-3019
-3203
-2991
-3491
-2963
-3707
-2931
-3863
-2979
-4191
-2979
-4399
-2943
-4619
-2899
-4795
-3023
-5155
-2931
-5339
-2987
-5567
-2927
-5847
-2971
-6143
-2955
-6291
-3003
-6579
-3011
-6731
-2931
-7059
-3015
-7223
-2999
-7575
-2955
-7723
-2971
-8051
-2883
-8227
-2931
-8395
-2971
-8731
-2971
-8951
-2947
-9195
-3007
-9435
-2987
-9715
-3027
-9907
-3027
-10123
-2907
-10427
-2939
-10675
-2995
-10867
-3003
-11091
-2955
-11419
-2995
-11627
-3035
-11875
-2971
-12123
-2987
-12363
-2955
-12515
-3011
-12747
-3027
-13059
-2995
-13275
-3003
-13523
-2931
-13731
-3035
-13995
-2907
-14307
-3027
-14515
-2979
-14771
-3019
-14995
-3019
-15243
-3019
-15435
-3019
-15747
-2947
-15883
-3003
-16115
-2963
-16467
-2947
-16619
-2939
-16883
-2915
-17195
-2979
-17323
-3019
-17675
-3019
-17851
-3003
-18131
-2931
-18371
-2955
-18571
-3019
-18867
-3243
125
-3239
-67
-3215
-255
-3247
-575
-3155
-859
-3199
-1051
-3211
-1351
-3151
-1463
-3223
-1703
-3135
-2055
-3223
-2251
-3127
-2439
-3243
-2787
-3259
-3027
-3203
-3175
-3207
-3407
-3187
-3651
-3199
-3931
-3171
-4091
-3215
-4323
-3207
-4687
-3187
-4939
-3207
-5103
-3263
-5335
-3175
-5631
-3171
-5843
-3123
-6123
-3219
-6319
-3227
-6555
-3187
-6867
-3219
-7115
-3191
-7247
-3203
-7567
-3215
-7827
-3199
-7963
-3163
-8283
-3139
-8503
-3275
-8727
-3243
-9011
-3163
-9115
-3215
-9475
-3227
-9755
-3251
-9947
-3243
-10139
-3259
-10387
-3187
-10603
-3235
-10899
-3259
-11123
-3243
-11315
-3171
-11635
-3243
-11883
-3179
-12043
-3259
-12371
-3187
-12547
-3227
-12747
-3259
-13051
-3187
-13331
-3147
-13523
-3187
-13755
-3243
-14011
-3243
-14267
-3179
-14427
-3243
-14739
-3235
-14955
-3187
-15147
-3147
-15419
-3259
-15707
-3179
-15939
-3235
-16187
-3211
-16379
-3203
-16659
-3235
-16875
-3275
-17187
-3267
-17355
-3211
-17563
-3203
-17875
-3243
-18155
-3179
-18387
-3251
-18531
-3203
-18851
-3503
133
-3383
-31
-3439
-299
-3403
-491
-3467
-735
-3495
-995
-3455
-1287
-3395
-1563
-3491
-1771
-3375
-1943
-3475
-2179
-3515
-2443
-3379
-2679
-3503
-2923
-3363
-3275
-3395
-3479
-3395
-3747
-3483
-3895
-3447
-4155
-3459
-4451
-3475
-4575
-3483
-4927
-3499
-5067
-3455
-5395
-3479
-5539
-3479
-5895
-3507
-6075
-3479
-6371
-3411
-6495
-3431
-6827
-3431
-7035
-3383
-7291
-3483
-7499
-3499
-7755
-3491
-7939
-3475
-8187
-3435
-8503
-3471
-8751
-3499
-8907
-3499
-9183
-3419
-9459
-3507
-9723
-3515
-9907
-3443
-10107
-3475
-10435
-3419
-10691
-3475
-10883
-3403
-11139
-3491
-11419
-3499
-11635
-3395
-11867
-3499
-12131
-3483
-12387
-3483
-12555
-3515
-12763
-3467
-13115
-3459
-13275
-3507
-13515
-3403
-13835
-3507
-14075
-3491
-14259
-3515
-14499
-3515
-14763
-3491
-14995
-3475
-15171
-3387
-15507
-3507
-15643
-3515
-15955
-3395
-16187
-3507
-16379
-3491
-16611
-3475
-16899
-3507
-17187
-3491
-17355
-3515
-17587
-3451
-17795
-3427
-18067
-3515
-18315
-3467
-18539
-3507
-18819
-3699
141
-3627
-147
-3751
-363
-3747
-523
-3711
-783
-3735
-1015
-3631
-1207
-3695
-1491
-3703
-1735
-3683
-2007
-3635
-2307
-3675
-2531
-3651
-2687
-3747
-2963
-3715
-3203
-3643
-3387
-3695
-3699
-3619
-3847
-3639
-4099
-3747
-4459
-3639
-4651
-3655
-4919
-3711
-5147
-3651
-5363
-3611
-5647
-3755
-5803
-3747
-6019
-3671
-6323
-3687
-6595
-3647
-6811
-3735
-7051
-3723
-7207
-3647
-7515
-3707
-7787
-3699
-7975
-3731
-8199
-3655
-8487
-3751
-8651
-3715
-8979
-3667
-9119
-3675
-9415
-3635
-9699
-3691
-9987
-3643
-10219
-3755
-10347
-3755
-10715
-3723
-10947
-3683
-11067
-3707
-11307
-3739
-11667
-3755
-11907
-3747
-12155
-3715
-12347
-3651
-12611
-3747
-12875
-3731
-13027
-3627
-13339
-3643
-13467
-3715
-13787
-3667
-14027
-3731
-14267
-3627
-14435
-3699
-14683
-3707
-14987
-3723
-15235
-3635
-15491
-3651
-15635
-3683
-15883
-3675
-16171
-3667
-16387
-3675
-16627
-3747
-16843
-3683
-17147
-3627
-17315
-3755
-17595
-3675
-17827
-3675
-18051
-3739
-18371
-3667
-18587
-3699
-18835
-3843
109
-3867
-31
-3979
-299
-3935
-599
-3955
-843
-3879
-967
-3855
-1283
-3891
-1535
-3895
-1815
-3967
-2015
-3927
-2195
-3951
-2443
-3939
-2791
-3943
-2947
-3963
-3151
-3871
-3379
-3903
-3615
-3951
-3903
-3879
-4179
-3859
-4327
-3919
-4655
-3943
-4859
-3843
-5151
-3955
-5343
-3843
-5639
-3967
-5839
-3955
-6027
-3983
-6395
-3971
-6595
-3947
-6807
-3903
-7107
-3975
-7251
-3943
-7491
-3963
-7723
-3895
-8075
-3943
-8295
-3959
-8531
-3971
-8779
-3875
-8963
-3987
-9131
-3971
-9471
-3955
-9667
-3963
-9963
-3923
-10235
-3915
-10347
-3923
-10715
-3923
-10851
-3867
-11155
-3899
-11363
-3947
-11627
-3883
-11803
-3947
-12075
-3939
-12339
-3955
-12619
-3995
-12875
-3947
-13003
-3987
-13323
-3867
-13467
-3899
-13819
-3947
-14067
-3987
-14283
-3931
-14547
-3979
-14763
-3955
-14931
-3987
-15243
-3963
-15507
-3971
-15747
-3931
-15875
-3875
-16123
-3995
-16475
-3923
-16667
-3931
-16899
-3987
-17139
-3915
-17419
-3955
-17563
-3899
-17891
-3955
-18131
-3979
-18299
-3907
-18571
-3987
-18843
-4143
85
-4151
-83
-4223
-343
-4115
-535
-4223
-859
-4107
-1091
-4135
-1335
-4167
-1491
-4131
-1691
-4199
-2031
-4227
-2211
-4115
-2423
-4147
-2755
-4179
-2919
-4227
-3239
-4143
-3411
-4215
-3603
-4195
-3967
-4199
-4131
-4207
-4431
-4107
-4659
-4155
-4835
-4219
-5191
-4103
-5367
-4187
-5635
-4123
-5827
-4183
-6095
-4187
-6255
-4179
-6559
-4147
-6779
-4143
-7027
-4215
-7275
-4139
-7467
-4147
-7699
-4127
-7979
-4191
-8195
-4171
-8423
-4203
-8651
-4147
-8919
-4151
-9219
-4211
-9451
-4155
-9699
-4171
-9923
-4163
-10107
-4171
-10347
-4187
-10651
-4227
-10923
-4107
-11099
-4107
-11403
-4235
-11643
-4171
-11843
-4203
-12107
-4227
-12363
-4115
-12531
-4179
-12867
-4227
-13067
-4139
-13323
-4139
-13563
-4211
-13715
-4179
-14027
-4211
-14227
-4147
-14427
-4235
-14683
-4195
-14987
-4227
-15211
-4227
-15419
-4235
-15627
-4107
-15883
-4139
-16219
-4163
-16451
-4195
-16611
-4227
-16835
-4211
-17091
-4115
-17347
-4131
-17651
-4203
-17883
-4179
-18123
-4195
-18395
-4235
-18539
-4163
-18827
-4395
101
-4351
-147
-4411
-287
-4415
-579
-4447
-751
-4419
-1003
-4391
-1319
-4387
-1471
-4419
-1819
-4399
-2027
-4411
-2291
-4355
-2407
-4415
-2767
-4439
-2927
-4423
-3271
-4415
-3423
-4439
-3703
-4459
-3907
-4447
-4199
-4391
-4427
-4431
-4659
-4359
-4831
-4335
-5039
-4419
-5311
-4411
-5595
-4387
-5827
-4419
-6147
-4435
-6271
-4435
-6595
-4447
-6811
-4355
-7051
-4379
-7215
-4435
-7547
-4439
-7775
-4379
-7995
-4331
-8287
-4411
-8411
-4439
-8651
-4439
-8903
-4343
-9243
-4467
-9387
-4411
-9699
-4411
-9923
-4371
-10147
-4419
-10435
-4419
-10675
-4427
-10923
-4363
-11067
-4371
-11307
-4427
-11635
-4427
-11859
-4475
-12131
-4387
-12283
-4443
-12595
-4459
-12835
-4419
-13091
-4355
-13267
-4419
-13563
-4355
-13723
-4467
-14059
-4411
-14235
-4435
-14547
-4459
-14667
-4475
-15019
-4459
-15251
-4427
-15419
-4403
-15667
-4467
-15955
-4379
-16219
-4379
-16467
-4411
-16595
-4403
-16947
-4459
-17139
-4459
-17419
-4475
-17651
-4443
-17795
-4419
-18131
-4371
-18275
-4459
-18635
-4403
-18827
-4639
101
-4619
-123
-4655
-323
-4695
-491
-4571
-815
-4591
-983
-4651
-1315
-4675
-1527
-4691
-1707
-4703
-1927
-4619
-2307
-4567
-2539
-4671
-2715
-4691
-3011
-4583
-3151
-4711
-3463
-4683
-3595
-4667
-3907
-4659
-4155
-4667
-4423
-4631
-4619
-4639
-4911
-4655
-5147
-4623
-5395
-4695
-5635
-4659
-5799
-4711
-6115
-4619
-6271
-4703
-6531
-4663
-6843
-4687
-6995
-4691
-7279
-4627
-7547
-4651
-7739
-4683
-7963
-4579
-8207
-4639
-8451
-4691
-8727
-4599
-8899
-4611
-9223
-4671
-9427
-4651
-9715
-4707
-9963
-4619
-10235
-4603
-10451
-4691
-10683
-4683
-10843
-4659
-11123
-4691
-11363
-4707
-11555
-4715
-11851
-4651
-12099
-4675
-12315
-4667
-12563
-4611
-12763
-4715
-13035
-4667
-13243
-4691
-13467
-4643
-13819
-4715
-13971
-4659
-14275
-4619
-14483
-4595
-14755
-4627
-14915
-4707
-15203
-4627
-15507
-4715
-15667
-4659
-15939
-4635
-16131
-4715
-16467
-4691
-16619
-4595
-16915
-4619
-17155
-4643
-17435
-4683
-17659
-4595
-17835
-4667
-18027
-4675
-18307
-4715
-18619
-4627
-18867
-4915
125
-4859
-131
-4903
-343
-4907
-595
-4807
-815
-4915
-991
-4907
-1323
-4923
-1543
-4859
-1823
-4827
-1987
-4919
-2195
-4935
-2431
-4911
-2763
-4931
-2923
-4919
-3131
-4923
-3383
-4915
-3739
-4923
-3931
-4827
-4203
-4839
-4351
-4855
-4643
-4855
-4927
-4919
-5175
-4927
-5375
-4879
-5643
-4927
-5827
-4799
-6139
-4839
-6391
-4867
-6595
-4867
-6795
-4863
-6987
-4839
-7215
-4891
-7491
-4911
-7687
-4943
-7963
-4827
-8179
-4875
-8507
-4883
-8775
-4943
-8883
-4847
-9159
-4919
-9459
-4931
-9659
-4939
-9947
-4915
-10219
-4899
-10427
-4923
-10603
-4947
-10899
-4827
-11099
-4851
-11307
-4827
-11603
-4931
-11915
-4899
-12099
-4939
-12363
-4931
-12555
-4891
-12875
-4939
-12987
-4851
-13315
-4923
-13555
-4899
-13803
-4947
-13987
-4827
-14315
-4915
-14491
-4899
-14699
-4899
-14915
-4907
-15227
-4859
-15443
-4891
-15683
-4947
-15987
-4891
-16211
-4851
-16363
-4939
-16627
-4915
-16923
-4923
-17075
-4835
-17379
-4899
-17627
-4843
-17811
-4923
-18043
-4843
-18291
-4939
-18619
-4939
-18859
-5099
109
-5155
-39
-5143
-331
-5091
-611
-5131
-771
-5183
-1043
-5107
-1235
-5123
-1483
-5135
-1779
-5055
-1999
-5195
-2227
-5163
-2503
-5139
-2667
-5139
-2979
-5131
-3171
-5083
-3451
-5123
-3639
-5127
-3847
-5127
-4147
-5107
-4343
-5163
-4671
-5079
-4847
-5167
-5171
-5099
-5375
-5127
-5647
-5135
-5851
-5155
-6127
-5111
-6255
-5103
-6583
-5167
-6847
-5067
-6995
-5051
-7291
-5071
-7519
-5139
-7715
-5131
-8003
-5083
-8239
-5103
-8479
-5103
-8667
-5103
-8915
-5123
-9135
-5167
-9491
-5131
-9675
-5139
-9995
-5187
-10211
-5091
-10371
-5163
-10707
-5195
-10883
-5139
-11179
-5155
-11315
-5195
-11603
-5115
-11811
-5155
-12027
-5067
-12315
-5163
-12507
-5195
-12819
-5179
-13083
-5123
-13235
-5091
-13547
-5115
-13803
-5195
-14011
-5147
-14227
-5115
-14483
-5107
-14715
-5139
-14947
-5139
-15147
-5195
-15491
-5075
-15643
-5123
-15939
-5075
-16219
-5163
-16355
-5163
-16659
-5163
-16867
-5163
-17107
-5171
-17379
-5091
-17675
-5083
-17803
-5155
-18035
-5187
-18315
-5171
-18595
-5187
-18859
-5307
85
-5419
-123
-5387
-299
-5371
-599
-5427
-787
-5387
-1051
-5411
-1323
-5395
-1539
-5411
-1715
-5419
-2035
-5395
-2271
-5371
-2415
-5347
-2787
-5315
-2943
-5347
-3219
-5347
-3491
-5379
-3611
-5395
-3963
-5395
-4119
-5395
-4315
-5331
-4591
-5419
-4843
-5411
-5163
-5403
-5323
-5435
-5563
-5435
-5819
-5387
-6095
-5355
-6267
-5411
-6571
-5347
-6763
-5419
-7099
-5347
-7239
-5307
-7531
-5395
-7683
-5323
-7951
-5403
-8291
-5395
-8443
-5427
-8723
-5387
-8919
-5387
-9191
-5435
-9499
-5435
-9691
-5419
-9979
-5435
-10171
-5355
-10459
-5371
-10635
-5403
-10891
-5419
-11115
-5331
-11331
-5403
-11611
-5307
-11787
-5395
-12075
-5419
-12283
-5427
-12579
-5323
-12827
-5411
-13003
-5387
-13299
-5387
-13547
-5435
-13723
-5419
-13979
-5379
-14227
-5395
-14515
-5419
-14667
-5363
-14971
-5379
-15187
-5347
-15411
-5419
-15643
-5355
-15987
-5363
-16123
-5403
-16451
-5427
-16691
-5419
-16947
-5355
-17147
-5331
-17427
-5403
-17579
-5419
-17819
-5307
-18091
-5371
-18291
-5331
-18507
-5331
-18811
-5659
141
-5667
-99
-5643
-291
-5587
-587
-5603
-843
-5619
-1115
-5579
-1323
-5635
-1595
-5619
-1795
-5611
-2059
-5603
-2267
-5563
-2547
-5603
-2771
-5667
-2955
-5643
-3275
-5555
-3403
-5643
-3691
-5659
-3891
-5643
-4195
-5571
-4371
-5547
-4619
-5659
-4827
-5587
-5163
-5643
-5363
-5627
-5587
-5651
-5827
-5587
-6131
-5659
-6283
-5619
-6539
-5547
-6819
-5627
-7067
-5619
-7323
-5667
-7547
-5651
-7803
-5635
-7995
-5579
-8243
-5603
-8555
-5635
-8763
-5635
-9035
-5651
-9147
-5667
-9475
-5675
-9635
-5579
-9963
-5619
-10227
-5611
-10419
-5675
-10635
-5627
-10875
-5659
-11075
-5587
-11339
-5659
-11659
-5659
-11859
-5587
-12123
-5659
-12291
-5643
-12563
-5635
-12771
-5587
-12995
-5547
-13339
-5635
-13531
-5555
-13819
-5651
-13971
-5675
-14299
-5595
-14555
-5627
-14715
-5675
-14931
-5627
-15251
-5611
-15515
-5563
-15723
-5659
-15899
-5659
-16211
-5587
-16467
-5635
-16691
-5635
-16923
-5651
-17107
-5619
-17323
-5627
-17635
-5667
-17795
-5643
-18099
-5611
-18395
-5659
-18563
-5579
-18875
-5867
93
-5891
-123
-5835
-299
-5851
-587
-5891
-803
-5811
-1067
-5915
-1251
-5859
-1571
-5851
-1827
-5867
-1947
-5891
-2195
-5891
-2443
-5803
-2715
-5843
-2931
-5899
-3219
-5875
-3499
-5859
-3659
-5835
-3971
-5899
-4203
-5891
-4451
-5851
-4699
-5827
-4843
-5835
-5163
-5875
-5323
-5883
-5603
-5867
-5907
-5843
-6075
-5843
-6323
-5827
-6611
-5891
-6835
-5835
-7019
-5851
-7339
-5843
-7531
-5795
-7723
-5843
-7995
-5915
-8307
-5907
-8443
-5819
-8763
-5907
-8923
-5795
-9219
-5835
-9467
-5851
-9755
-5899
-9939
-5883
-10139
-5875
-10475
-5787
-10707
-5907
-10955
-5899
-11195
-5875
-11379
-5803
-11603
-5875
-11811
-5867
-12139
-5915
-12387
-5835
-12587
-5883
-12811
-5859
-13019
-5843
-13227
-5907
-13571
-5787
-13707
-5883
-13987
-5899
-14259
-5827
-14499
-5899
-14747
-5787
-15003
-5907
-15155
-5899
-15419
-5915
-15651
-5867
-15891
-5899
-16147
-5915
-16363
-5907
-16627
-5843
-16859
-5899
-17155
-5819
-17347
-5899
-17547
-5819
-17811
-5811
-18115
-5875
-18299
-5907
-18563
-5811
-18843
-6051
109
-6147
-35
-6155
-307
-6067
-619
-6131
-835
-6035
-1091
-6091
-1307
-6043
-1499
-6027
-1787
-6139
-1979
-6043
-2283
-6123
-2539
-6115
-2675
-6051
-2939
-6067
-3163
-6147
-3427
-6115
-3747
-6139
-3931
-6051
-4115
-6051
-4451
-6155
-4643
-6147
-4939
-6147
-5075
-6147
-5395
-6043
-5643
-6131
-5859
-6147
-6099
-6147
-6275
-6051
-6555
-6059
-6795
-6035
-7059
-6043
-7227
-6059
-7539
-6155
-7811
-6123
-7955
-6035
-8211
-6059
-8459
-6123
-8715
-6147
-9019
-6043
-9163
-6027
-9435
-6131
-9707
-6051
-9939
-6115
-10187
-6131
-10419
-6099
-10619
-6107
-10915
-6083
-11067
-6099
-11339
-6139
-11675
-6091
-11899
-6067
-12139
-6075
-12387
-6035
-12595
-6067
-12803
-6099
-13059
-6155
-13283
-6115
-13475
-6155
-13755
-6107
-14051
-6147
-14227
-6147
-14547
-6059
-14779
-6139
-14971
-6107
-15259
-6139
-15459
-6147
-15755
-6027
-15971
-6123
-16147
-6091
-16395
-6083
-16635
-6131
-16923
-6131
-17091
-6139
-17323
-6123
-17555
-6099
-17899
-6075
-18083
-6131
-18379
-6131
-18555
-6075
-18819
-6387
125
-6355
-35
-6355
-315
-6363
-547
-6275
-827
-6275
-1019
-6275
-1339
-6291
-1523
-6387
-1811
-6315
-2027
-6275
-2251
-6355
-2539
-6291
-2683
-6387
-2963
-6395
-3171
-6371
-3459
-6331
-3691
-6355
-3939
-6363
-4115
-6315
-4467
-6387
-4627
-6355
-4843
-6395
-5067
-6299
-5411
-6307
-5563
-6379
-5891
-6387
-6131
-6299
-6379
-6267
-6619
-6315
-6779
-6395
-7003
-6387
-7251
-6307
-7499
-6355
-7715
-6371
-8003
-6315
-8227
-6387
-8451
-6347
-8699
-6395
-8955
-6267
-9147
-6387
-9483
-6379
-9675
-6379
-9931
-6315
-10187
-6315
-10347
-6339
-10691
-6355
-10843
-6387
-11171
-6379
-11395
-6387
-11563
-6395
-11803
-6355
-12035
-6315
-12339
-6267
-12555
-6355
-12859
-6363
-13043
-6387
-13283
-6355
-13579
-6339
-13755
-6371
-14035
-6267
-14315
-6315
-14547
-6355
-14747
-6283
-14963
-6331
-15179
-6291
-15387
-6379
-15747
-6339
-15931
-6339
-16187
-6323
-16435
-6363
-16587
-6371
-16827
-6387
-17115
-6395
-17323
-6387
-17571
-6347
-17867
-6387
-18027
-6347
-18307
-6267
-18531
-6387
-18851
-6547
85
-6563
-147
-6579
-395
-6627
-563
-6579
-843
-6603
-1059
-6531
-1243
-6635
-1571
-6627
-1803
-6635
-2043
-6627
-2227
-6563
-2443
-6627
-2675
-6531
-3027
-6611
-3243
-6627
-3427
-6619
-3635
-6523
-3955
-6627
-4203
-6579
-4451
-6611
-4611
-6627
-4851
-6619
-5107
-6507
-5387
-6603
-5571
-6627
-5875
-6523
-6051
-6603
-6307
-6579
-6611
-6611
-6755
-6635
-7067
-6611
-7251
-6563
-7499
-6627
-7835
-6555
-7971
-6507
-8251
-6523
-8555
-6571
-8691
-6603
-8971
-6627
-9227
-6627
-9435
-6619
-9627
-6523
-9987
-6563
-10131
-6587
-10467
-6603
-10715
-6539
-10859
-6507
-11147
-6571
-11387
-6603
-11635
-6555
-11787
-6635
-12035
-6523
-12307
-6611
-12635
-6515
-12843
-6587
-13043
-6611
-13291
-6555
-13507
-6619
-13715
-6635
-13979
-6635
-14243
-6635
-14523
-6531
-14763
-6547
-14915
-6627
-15179
-6531
-15443
-6603
-15715
-6611
-15867
-6563
-16107
-6563
-16411
-6635
-16683
-6579
-16827
-6531
-17155
-6547
-17363
-6579
-17611
-6563
-17843
-6627
-18107
-6515
-18355
-6523
-18635
-6595
-18867
-6827
93
-6755
-51
-6835
-275
-6763
-635
-6835
-779
-6787
-1003
-6867
-1291
-6811
-1595
-6875
-1787
-6835
-2003
-6771
-2307
-6835
-2547
-6819
-2763
-6859
-2931
-6867
-3163
-6819
-3387
-6851
-3723
-6851
-3891
-6803
-4147
-6755
-4355
-6827
-4643
-6827
-4859
-6827
-5091
-6819
-5339
-6859
-5547
-6779
-5835
-6867
-6067
-6875
-6291
-6779
-6555
-6787
-6747
-6827
-7067
-6843
-7347
-6859
-7467
-6867
-7715
-6835
-8019
-6875
-8315
-6867
-8459
-6803
-8771
-6811
-8923
-6859
-9251
-6875
-9459
-6795
-9707
-6795
-9955
-6859
-10115
-6811
-10427
-6875
-10715
-6875
-10915
-6811
-11139
-6771
-11411
-6819
-11587
-6787
-11867
-6875
-12075
-6859
-12363
-6867
-12539
-6851
-12851
-6811
-13035
-6851
-13283
-6843
-13483
-6867
-13731
-6787
-13963
-6835
-14203
-6787
-14515
-6875
-14747
-6835
-15003
-6779
-15259
-6867
-15419
-6835
-15715
-6875
-15923
-6819
-16187
-6843
-16355
-6803
-16707
-6827
-16835
-6859
-17163
-6755
-17323
-6859
-17603
-6771
-17827
-6875
-18099
-6875
-18379
-6787
-18635
-6811
-18811
-7011
133
-7059
-67
-7067
-323
-7083
-547
-7051
-867
-7091
-1027
-7043
-1235
-7075
-1539
-7075
-1819
-7075
-2075
-7091
-2251
-7035
-2547
-7011
-2787
-7107
-2971
-7075
-3243
-7075
-3475
-7027
-3683
-7027
-3995
-7067
-4139
-7051
-4363
-7083
-4691
-7075
-4867
-7091
-5187
-7107
-5427
-7107
-5659
-6987
-5787
-7027
-6131
-7019
-6379
-7091
-6523
-7083
-6811
-7075
-7091
-7075
-7291
-7027
-7475
-7059
-7795
-7011
-8075
-6995
-8203
-7003
-8483
-7003
-8707
-6995
-8955
-7043
-9259
-7027
-9483
-7115
-9667
-7067
-9875
-7091
-10131
-7051
-10419
-7107
-10675
-7035
-10875
-7099
-11147
-7083
-11403
-6995
-11635
-7075
-11787
-7075
-12115
-7003
-12275
-7075
-12587
-7083
-12747
-7115
-13099
-7115
-13347
-7099
-13547
-7067
-13715
-7099
-14035
-7035
-14219
-7075
-14547
-7115
-14667
-7115
-14979
-7083
-15211
-7091
-15435
-7075
-15699
-7107
-15995
-7043
-16195
-7115
-16419
-7003
-16699
-7099
-16867
-7011
-17107
-7027
-17435
-7075
-17555
-7051
-17899
-7027
-18043
-7075
-18379
-7027
-18627
-7011
-18867
-7299
93
-7331
-35
-7331
-275
-7283
-619
-7339
-763
-7339
-1011
-7315
-1299
-7251
-1571
-7299
-1803
-7251
-2067
-7307
-2235
-7347
-2547
-7315
-2715
-7259
-2955
-7323
-3147
-7299
-3387
-7299
-3667
-7347
-3939
-7291
-4211
-7323
-4403
-7355
-4619
-7235
-4907
-7259
-5179
-7299
-5403
-7235
-5547
-7347
-5795
-7347
-6051
-7243
-6347
-7267
-6523
-7227
-6747
-7275
-6987
-7243
-7243
-7315
-7507
-7227
-7779
-7275
-7995
-7323
-8243
-7251
-8483
-7323
-8779
-7315
-8947
-7331
-9227
-7339
-9459
-7331
-9675
-7275
-9955
-7259
-10131
-7331
-10427
-7323
-10651
-7315
-10875
-7331
-11067
-7355
-11363
-7315
-11635
-7275
-11915
-7347
-12027
-7283
-12379
-7323
-12603
-7283
-12819
-7339
-12995
-7299
-13347
-7347
-13539
-7243
-13739
-7283
-14075
-7331
-14307
-7283
-14467
-7339
-14699
-7347
-14923
-7283
-15171
-7251
-15467
-7275
-15715
-7283
-15883
-7299
-16147
-7307
-16411
-7323
-16667
-7307
-16931
-7291
-17115
-7331
-17371
-7275
-17603
-7339
-17907
-7339
-18147
-7235
-18339
-7323
-18579
-7347
-18843
-7491
109
-7539
-131
-7579
-299
-7491
-635
-7523
-819
-7587
-1099
-7555
-1275
-7491
-1475
-7579
-1771
-7571
-1987
-7475
-2187
-7587
-2547
-7491
-2723
-7483
-3003
-7475
-3211
-7539
-3395
-7531
-3691
-7547
-3907
-7587
-4115
-7467
-4387
-7555
-4691
-7595
-4851
-7595
-5131
-7507
-5331
-7467
-5643
-7563
-5787
-7531
-6091
-7531
-6387
-7539
-6539
-7499
-6763
-7587
-7027
-7587
-7315
-7499
-7531
-7523
-7779
-7483
-7979
-7547
-8187
-7571
-8515
-7467
-8779
-7563
-8979
-7539
-9227
-7531
-9491
-7539
-9659
-7595
-9875
-7507
-10147
-7595
-10475
-7507
-10603
-7555
-10931
-7531
-11155
-7563
-11331
-7595
-11659
-7587
-11819
-7571
-12107
-7563
-12363
-7483
-12587
-7563
-12851
-7555
-13075
-7483
-13347
-7571
-13571
-7563
-13747
-7539
-13947
-7595
-14195
-7563
-14435
-7563
-14763
-7579
-14923
-7539
-15235
-7579
-15467
-7531
-15707
-7571
-15979
-7563
-16235
-7571
-16467
-7467
-16707
-7595
-16867
-7579
-17179
-7595
-17355
-7515
-17571
-7531
-17843
-7539
-18059
-7507
-18371
-7587
-18627
-7547
-18875
-7787
133
-7747
-115
-7755
-339
-7811
-595
-7819
-795
-7795
-1091
-7827
-1315
-7715
-1595
-7795
-1835
-7771
-1987
-7835
-2227
-7739
-2427
-7835
-2779
-7835
-2947
-7707
-3155
-7795
-3483
-7723
-3723
-7819
-3955
-7747
-4195
-7723
-4395
-7747
-4675
-7827
-4843
-7795
-5155
-7795
-5347
-7739
-5627
-7723
-5915
-7779
-6083
-7819
-6363
-7803
-6635
-7747
-6835
-7715
-7075
-7707
-7331
-7795
-7507
-7779
-7819
-7731
-8059
-7771
-8307
-7739
-8467
-7771
-8771
-7715
-8939
-7819
-9251
-7835
-9395
-7747
-9715
-7715
-9867
-7811
-10179
-7739
-10371
-7779
-10675
-7795
-10899
-7747
-11163
-7827
-11387
-7755
-11579
-7763
-11867
-7819
-12059
-7827
-12331
-7819
-12611
-7723
-12771
-7819
-13083
-7755
-13355
-7755
-13555
-7811
-13707
-7731
-14027
-7779
-14299
-7835
-14555
-7795
-14731
-7707
-15011
-7811
-15219
-7803
-15427
-7723
-15683
-7835
-15875
-7835
-16211
-7755
-16475
-7779
-16707
-7747
-16915
-7827
-17083
-7835
-17363
-7723
-17635
-7715
-17875
-7803
-18107
-7795
-18395
-7827
-18595
-7723
-18835
-8075
125
-8011
-75
-8059
-347
-8003
-531
-8051
-763
-7995
-1075
-8027
-1355
-8019
-1515
-8043
-1819
-8043
-2003
-7963
-2251
-8051
-2499
-8075
-2715
-8043
-2995
-8075
-3235
-8059
-3515
-7979
-3683
-8027
-3995
-7979
-4115
-8059
-4387
-8043
-4635
-8011
-4899
-8059
-5107
-8059
-5427
-8003
-5571
-8067
-5907
-8075
-6139
-8043
-6331
-8019
-6547
-8067
-6859
-8011
-7051
-8011
-7275
-7971
-7579
-8051
-7747
-8019
-7979
-8011
-8211
-8075
-8491
-8027
-8667
-8027
-9027
-8059
-9235
-8051
-9467
-7987
-9731
-8067
-9995
-7947
-10171
-7995
-10427
-8027
-10659
-7979
-10843
-8043
-11075
-8059
-11315
-8051
-11627
-7995
-11907
-7987
-12115
-8075
-12275
-8075
-12555
-8011
-12827
-8027
-13115
-8019
-13227
-8019
-13467
-8075
-13763
-8067
-13979
-8067
-14251
-8067
-14483
-8059
-14683
-8075
-14923
-8051
-15251
-8059
-15427
-8067
-15747
-8035
-15923
-8027
-16147
-7971
-16403
-8043
-16587
-8051
-16875
-8059
-17163
-8043
-17323
-7987
-17611
-8059
-17827
-8075
-18083
-8051
-18387
-8019
-18635
-8003
-18811
-8283
109
-8291
-51
-8227
-299
-8211
-555
-8243
-795
-8259
-1099
-8307
-1347
-8291
-1563
-8195
-1779
-8267
-1979
-8243
-2307
-8283
-2475
-8235
-2723
-8211
-2979
-8211
-3235
-8315
-3387
-8307
-3659
-8243
-3955
-8235
-4179
-8219
-4355
-8291
-4683
-8195
-4947
-8299
-5187
-8259
-5371
-8251
-5595
-8259
-5907
-8283
-6155
-8275
-6331
-8299
-6555
-8299
-6811
-8267
-7067
-8307
-7339
-8227
-7499
-8307
-7763
-8291
-8027
-8195
-8275
-8299
-8459
-8291
-8747
-8307
-8955
-8315
-9171
-8307
-9403
-8299
-9699
-8195
-9947
-8227
-10211
-8195
-10419
-8267
-10675
-8195
-10931
-8219
-11171
-8187
-11395
-8227
-11587
-8187
-11843
-8291
-12147
-8227
-12395
-8203
-12635
-8299
-12843
-8267
-13027
-8219
-13259
-8267
-13507
-8307
-13763
-8227
-14059
-8235
-14211
-8283
-14475
-8291
-14731
-8259
-14963
-8299
-15163
-8307
-15467
-8219
-15707
-8283
-15875
-8299
-16147
-8243
-16451
-8299
-16715
-8243
-16867
-8307
-17115
-8299
-17419
-8283
-17547
-8211
-17851
-8259
-18059
-8267
-18291
-8307
-18515
-8259
-18859
-8499
141
-8427
-59
-8467
-315
-8443
-627
-8499
-795
-8451
-1059
-8547
-1251
-8507
-1491
-8547
-1811
-8467
-1979
-8459
-2267
-8523
-2515
-8427
-2715
-8483
-2947
-8547
-3219
-8491
-3411
-8507
-3651
-8435
-3947
-8467
-4171
-8539
-4451
-8475
-4603
-8483
-4923
-8531
-5075
-8555
-5379
-8547
-5555
-8547
-5915
-8483
-6027
-8435
-6395
-8515
-6619
-8555
-6835
-8531
-7107
-8483
-7315
-8459
-7507
-8515
-7755
-8435
-8019
-8443
-8299
-8459
-8523
-8507
-8707
-8547
-8995
-8555
-9171
-8475
-9475
-8451
-9667
-8547
-9907
-8547
-10163
-8451
-10355
-8555
-10707
-8507
-10939
-8499
-11195
-8483
-11371
-8451
-11579
-8483
-11867
-8555
-12155
-8555
-12331
-8539
-12611
-8459
-12843
-8499
-13019
-8435
-13331
-8475
-13539
-8499
-13707
-8507
-13955
-8531
-14203
-8435
-14507
-8547
-14739
-8547
-14931
-8467
-15267
-8499
-15475
-8427
-15635
-8555
-15875
-8555
-16123
-8515
-16459
-8499
-16595
-8467
-16859
-8555
-17075
-8507
-17395
-8555
-17571
-8531
-17795
-8507
-18067
-8515
-18267
-8523
-18531
-8515
-18819
-8675
149
-8787
-35
-8755
-275
-8675
-603
-8739
-827
-8771
-1059
-8795
-1339
-8779
-1523
-8667
-1731
-8667
-2011
-8795
-2243
-8723
-2499
-8787
-2731
-8763
-2971
-8787
-3203
-8723
-3491
-8771
-3659
-8771
-3947
-8691
-4203
-8771
-4403
-8683
-4691
-8683
-4931
-8763
-5147
-8739
-5363
-8771
-5627
-8795
-5835
-8707
-6123
-8707
-6291
-8771
-6531
-8763
-6859
-8739
-6995
-8795
-7227
-8787
-7587
-8779
-7763
-8739
-8075
-8787
-8243
-8755
-8459
-8779
-8667
-8747
-9027
-8763
-9171
-8699
-9475
-8763
-9731
-8763
-9987
-8699
-10131
-8747
-10467
-8779
-10635
-8747
-10923
-8795
-11163
-8795
-11427
-8675
-11547
-8739
-11819
-8795
-12147
-8667
-12283
-8795
-12531
-8795
-12811
-8763
-13099
-8739
-13243
-8795
-13595
-8739
-13739
-8723
-13987
-8667
-14259
-8795
-14483
-8699
-14787
-8675
-14923
-8723
-15171
-8755
-15411
-8779
-15627
-8739
-15923
-8715
-16235
-8731
-16475
-8731
-16635
-8787
-16931
-8779
-17163
-8787
-17427
-8795
-17667
-8787
-17859
-8667
-18139
-8763
-18387
-8787
-18563
-8771
-18851
-8995
149
-8963
-51
-9035
-363
-9011
-555
-8939
-811
-9027
-1091
-8955
-1283
-8987
-1475
-8923
-1779
-9011
-2027
-9035
-2195
-8931
-2531
-8971
-2723
-8995
-2907
-9011
-3171
-9003
-3443
-9011
-3699
-8923
-3963
-8995
-4115
-9019
-4419
-8907
-4683
-8979
-4851
-9035
-5179
-8907
-5419
-8987
-5571
-9011
-5883
-9019
-6115
-8923
-6267
-9019
-6619
-9027
-6811
-8963
-7035
-8987
-7235
-9027
-7587
-8955
-7707
-8987
-8011
-8915
-8275
-9027
-8523
-9011
-8739
-8955
-9035
-8979
-9219
-9035
-9403
-8987
-9731
-8915
-9907
-8979
-10211
-9027
-10467
-9019
-10659
-9035
-10843
-9003
-11083
-9035
-11435
-9035
-11675
-8987
-11859
-9027
-12099
-8963
-12267
-9003
-12555
-9003
-12779
-8915
-13067
-8939
-13243
-8955
-13555
-9035
-13739
-9011
-14043
-8939
-14187
-9027
-14539
-9027
-14707
-8995
-15011
-8963
-15211
-8955
-15459
-9027
-15707
-8939
-15907
-8947
-16179
-9035
-16371
-8955
-16635
-8979
-16859
-9011
-17155
-8907
-17427
-8979
-17667
-9027
-17851
-8907
-18091
-8915
-18307
-8971
-18531
-9027
-18875
-9211
149
-9275
-83
-9243
-379
-9267
-563
-9259
-851
-9203
-1011
-9259
-1275
-9171
-1539
-9275
-1715
-9195
-2027
-9219
-2235
-9171
-2467
-9163
-2699
-9275
-3019
-9219
-3267
-9147
-3459
-9203
-3755
-9275
-3939
-9243
-4139
-9163
-4459
-9171
-4707
-9259
-4827
-9171
-5171
-9267
-5387
-9227
-5643
-9155
-5875
-9203
-6099
-9243
-6387
-9227
-6619
-9259
-6859
-9147
-7099
-9195
-7267
-9171
-7579
-9267
-7819
-9251
-8027
-9235
-8219
-9243
-8539
-9171
-8691
-9251
-8931
-9275
-9235
-9179
-9403
-9243
-9643
-9227
-9963
-9275
-10163
-9267
-10467
-9267
-10619
-9195
-10899
-9243
-11131
-9155
-11435
-9259
-11627
-9203
-11811
-9243
-12027
-9259
-12267
-9187
-12539
-9211
-12779
-9203
-13043
-9267
-13339
-9195
-13587
-9219
-13731
-9235
-14019
-9219
-14195
-9243
-14483
-9227
-14691
-9195
-14915
-9203
-15267
-9267
-15395
-9179
-15755
-9251
-15907
-9187
-16131
-9147
-16443
-9187
-16699
-9267
-16955
-9211
-17075
-9259
-17427
-9243
-17571
-9203
-17859
-9275
-18139
-9219
-18395
-9267
-18603
-9219
-18811
-9443
117
-9499
-51
-9467
-371
-9411
-635
-9459
-787
-9435
-1115
-9499
-1275
-9483
-1491
-9483
-1835
-9411
-1979
-9515
-2291
-9499
-2547
-9507
-2699
-9467
-2915
-9467
-3259
-9459
-3395
-9387
-3707
-9419
-3955
-9499
-4211
-9499
-4419
-9395
-4611
-9443
-4883
-9403
-5139
-9451
-5371
-9475
-5547
-9507
-5835
-9491
-6139
-9451
-6363
-9403
-6515
-9491
-6835
-9515
-7043
-9483
-7331
-9483
-7483
-9427
-7723
-9419
-7963
-9483
-8307
-9419
-8491
-9507
-8771
-9515
-8939
-9475
-9155
-9515
-9387
-9459
-9667
-9467
-9931
-9515
-10139
-9491
-10443
-9427
-10611
-9435
-10867
-9507
-11187
-9419
-11347
-9451
-11595
-9387
-11899
-9467
-12035
-9387
-12379
-9459
-12635
-9443
-12771
-9475
-13011
-9499
-13315
-9491
-13571
-9467
-13755
-9475
-14035
-9483
-14267
-9451
-14555
-9475
-14779
-9483
-14955
-9443
-15275
-9451
-15491
-9515
-15675
-9435
-15923
-9387
-16227
-9427
-16451
-9483
-16675
-9443
-16867
-9467
-17131
-9499
-17371
-9515
-17611
-9507
-17795
-9467
-18155
-9499
-18291
-9515
-18531
-9387
-18875
-9715
109
-9659
-123
-9755
-379
-9699
-603
-9651
-867
-9755
-1051
-9707
-1347
-9739
-1579
-9683
-1779
-9699
-2067
-9731
-2203
-9731
-2523
-9723
-2675
-9691
-3003
-9707
-3155
-9747
-3499
-9739
-3635
-9699
-3867
-9675
-4187
-9755
-4435
-9747
-4595
-9627
-4843
-9715
-5099
-9643
-5323
-9755
-5627
-9755
-5803
-9739
-6091
-9755
-6275
-9739
-6507
-9755
-6835
-9627
-6995
-9699
-7307
-9667
-7475
-9747
-7763
-9699
-7963
-9739
-8283
-9675
-8531
-9683
-8675
-9667
-9011
-9707
-9259
-9723
-9427
-9707
-9739
-9755
-9971
-9675
-10187
-9723
-10379
-9731
-10691
-9723
-10955
-9715
-11067
-9715
-11355
-9755
-11595
-9723
-11803
-9747
-12043
-9739
-12267
-9627
-12619
-9675
-12787
-9699
-13083
-9739
-13323
-9747
-13571
-9707
-13803
-9691
-14003
-9651
-14283
-9675
-14467
-9651
-14691
-9731
-14995
-9715
-15195
-9691
-15467
-9715
-15683
-9643
-15907
-9739
-16115
-9659
-16467
-9707
-16651
-9739
-16875
-9747
-17075
-9747
-17355
-9723
-17667
-9755
-17835
-9683
-18083
-9731
-18315
-9699
-18595
-9683
-18811
-9867
117
-9995
-139
-9987
-363
-9931
-587
-9923
-763
-9979
-987
-9963
-1275
-9987
-1539
-9891
-1811
-9971
-1995
-9995
-2291
-9931
-2435
-9963
-2715
-9963
-2947
-9931
-3235
-9891
-3515
-9891
-3723
-9971
-3995
-9931
-4107
-9939
-4451
-9979
-4715
-9915
-4923
-9971
-5091
-9995
-5411
-9915
-5587
-9963
-5803
-9987
-6067
-9923
-6331
-9923
-6627
-9963
-6851
-9923
-7091
-9987
-7259
-9971
-7507
-9971
-7763
-9955
-8043
-9923
-8235
-9915
-8451
-9979
-8795
-9955
-8907
-9995
-9275
-9971
-9507
-9931
-9627
-9891
-9939
-9883
-10115
-9955
-10467
-9987
-10715
-9899
-10923
-9963
-11075
-9971
-11363
-9979
-11603
-9931
-11859
-9907
-12155
-9979
-12307
-9947
-12579
-9907
-12867
-9931
-13027
-9971
-13275
-9899
-13555
-9915
-13795
-9995
-14035
-9923
-14275
-9939
-14427
-9971
-14723
-9891
-14907
-9979
-15267
-9979
-15483
-9963
-15691
-9955
-15891
-9971
-16123
-9979
-16443
-9891
-16603
-9907
-16867
-9995
-17147
-9907
-17363
-9899
-17667
-9995
-17843
-9979
-18075
-9867
-18307
-9899
-18539
-9939
-18843
-10171
109
-10235
-99
-10139
-323
-10155
-539
-10211
-859
-10139
-987
-10235
-1331
-10131
-1515
-10195
-1739
-10227
-1947
-10211
-2219
-10235
-2491
-10187
-2683
-10123
-2987
-10235
-3251
-10219
-3483
-10171
-3651
-10171
-3923
-10219
-4107
-10211
-4387
-10219
-4651
-10203
-4915
-10163
-5163
-10139
-5379
-10163
-5659
-10227
-5811
-10155
-6091
-10163
-6291
-10171
-6571
-10179
-6803
-10131
-7075
-10195
-7275
-10203
-7523
-10179
-7835
-10171
-7955
-10219
-8211
-10187
-8539
-10219
-8755
-10115
-8971
-10155
-9171
-10139
-9475
-10219
-9635
-10139
-9923
-10235
-10195
-10195
-10363
-10187
-10707
-10227
-10931
-10155
-11123
-10179
-11323
-10139
-11667
-10163
-11835
-10163
-12139
-10211
-12379
-10195
-12515
-10203
-12835
-10139
-13035
-10219
-13259
-10227
-13515
-10211
-13723
-10163
-14043
-10163
-14243
-10147
-14499
-10171
-14691
-10139
-14971
-10203
-15227
-10227
-15451
-10115
-15755
-10227
-15883
-10227
-16155
-10155
-16427
-10155
-16683
-10139
-16939
-10211
-17107
-10187
-17435
-10195
-17667
-10195
-17843
-10187
-18147
-10211
-18267
-10227
-18579
-10163
-18859
-10443
85
-10459
-147
-10451
-323
-10419
-563
-10427
-851
-10459
-1107
-10467
-1339
-10467
-1563
-10459
-1747
-10451
-2059
-10451
-2251
-10459
-2547
-10435
-2699
-10443
-3019
-10419
-3243
-10443
-3427
-10443
-3707
-10411
-3947
-10427
-4179
-10443
-4387
-10411
-4667
-10419
-4899
-10451
-5147
-10475
-5307
-10451
-5603
-10475
-5859
-10451
-6107
-10435
-6355
-10475
-6595
-10459
-6851
-10475
-7051
-10427
-7347
-10411
-7555
-10443
-7715
-10467
-8003
-10451
-8283
-10443
-8435
-10419
-8771
-10459
-8915
-10467
-9211
-10435
-9435
-10459
-9675
-10475
-9867
-10411
-10115
-10475
-10451
-10427
-10699
-10435
-10835
-10443
-11179
-10435
-11307
-10475
-11587
-10467
-11827
-10467
-12059
-10411
-12299
-10467
-12523
-10475
-12859
-10475
-12987
-10459
-13323
-10435
-13555
-10435
-13707
-10443
-14019
-10443
-14267
-10451
-14467
-10467
-14723
-10459
-14915
-10435
-15171
-10467
-15475
-10435
-15635
-10419
-15995
-10411
-16131
-10411
-16395
-10427
-16635
-10419
-16907
-10435
-17195
-10443
-17435
-10427
-17563
-10443
-17891
-10435
-18155
-10435
-18323
-10419
-18571
-10435
-18859
