109
480
145
-119
128
-319
233
-605
132
-767
803
-1012
174
-1216
127
-1526
259
-1749
163
-1970
186
-2165
139
-2489
139
-2739
189
-2955
579
-3161
179
-3437
191
-3653
583
-3973
361
-4101
113
-4407
249
-4655
109
-4871
117
-5175
117
-5323
85
-5639
133
-5867
125
-6143
85
-6307
85
-6519
85
-6751
117
-7067
117
-7335
141
-7499
93
-7735
85
-7987
85
-8259
85
-8487
125
-8683
109
-8947
93
-9143
117
-9399
125
-9699
109
-9939
125
-10171
125
-10363
149
-10619
117
-10891
117
-11067
93
-11387
101
-11595
109
-11819
93
-12107
149
-12275
109
-12611
149
-12843
85
-13019
109
-13323
109
-13483
117
-13755
125
-13995
149
-14259
93
-14499
85
-14715
117
-14915
85
-15259
117
-15459
93
-15739
109
-15915
117
-16195
117
-16379
101
-16667
125
-16939
117
-17195
125
-17371
117
-17611
85
-17867
85
-18083
101
-18363
149
-18587
149
-18859
-115
845
-121
-102
-110
-357
-75
-543
-90
-817
-91
-995
-97
-1276
-69
-1465
-24
-1827
-3
-1999
-123
-2253
-137
-2451
-67
-2673
-25
-2983
-11
-3231
-107
-3447
-119
-3687
-83
-3943
-87
-4175
-39
-4377
-135
-4681
-131
-4835
-79
-5123
-71
-5371
-123
-5575
-75
-5843
-107
-6123
-107
-6347
-51
-6539
-103
-6851
-35
-7023
-115
-7315
-139
-7551
-47
-7715
-7
-7987
-43
-8203
-111
-8555
-143
-8699
-119
-8991
-119
-9163
-127
-9499
-155
-9651
-75
-9923
-131
-10203
-139
-10403
-155
-10651
-123
-10955
-115
-11115
-131
-11315
-139
-11619
-131
-11787
-99
-12059
-107
-12291
-35
-12627
-51
-12875
-115
-13027
-147
-13283
-115
-13555
-139
-13731
-115
-13987
-67
-14227
-35
-14531
-43
-14683
-107
-14939
-35
-15243
-67
-15491
-59
-15643
-131
-15907
-51
-16155
-115
-16459
-91
-16635
-51
-16931
-147
-17139
-131
-17307
-139
-17595
-147
-17795
-131
-18099
-115
-18283
-131
-18603
-51
-18827
-367
1259
-263
-36
-301
-270
-345
-497
-253
-846
-299
-1051
-358
-1267
-366
-1492
-259
-1722
-289
-1967
-283
-2280
-341
-2439
-339
-2741
-345
-2923
-289
-3173
-293
-3459
-275
-3699
-355
-3857
-385
-4101
-311
-4399
-245
-4591
-375
-4835
-367
-5091
-283
-5371
-287
-5587
-375
-5899
-371
-6035
-299
-6275
-339
-6551
-255
-6811
-395
-7087
-263
-7283
-347
-7451
-279
-7803
-307
-8047
-303
-8195
-339
-8539
-327
-8739
-363
-8983
-355
-9223
-331
-9499
-283
-9731
-347
-9923
-355
-10235
-379
-10395
-307
-10715
-291
-10875
-331
-11195
-275
-11331
-371
-11587
-347
-11835
-379
-12051
-387
-12291
-315
-12619
-363
-12747
-379
-13059
-339
-13347
-387
-13547
-283
-13731
-307
-13979
-387
-14187
-267
-14499
-387
-14691
-331
-14955
-339
-15155
-347
-15491
-315
-15715
-315
-15995
-363
-16123
-315
-16427
-363
-16691
-267
-16939
-371
-17067
-347
-17363
-355
-17587
-307
-17827
-379
-18075
-387
-18363
-355
-18531
-355
-18875
-603
266
-548
-107
-563
-326
-533
-535
-499
-846
-579
-1048
-622
-1219
-531
-1579
-595
-1789
-571
-2047
-515
-2187
-565
-2541
-531
-2659
-491
-2935
-517
-3231
-541
-3431
-525
-3729
-523
-3917
-479
-4117
-605
-4407
-597
-4637
-551
-4859
-567
-5131
-623
-5303
-623
-5655
-527
-5803
-603
-6055
-547
-6339
-539
-6571
-595
-6723
-547
-7039
-583
-7323
-535
-7471
-503
-7703
-575
-7951
-567
-8219
-587
-8479
-543
-8635
-571
-8915
-515
-9151
-619
-9415
-635
-9659
-587
-9979
-611
-10203
-595
-10443
-547
-10683
-611
-10891
-635
-11123
-579
-11419
-611
-11619
-579
-11803
-555
-12083
-595
-12331
-587
-12627
-627
-12795
-635
-13107
-547
-13259
-595
-13491
-611
-13827
-627
-14059
-571
-14203
-611
-14427
-611
-14779
-595
-14947
-523
-15251
-627
-15387
-587
-15715
-619
-15923
-619
-16187
-507
-16475
-515
-16587
-579
-16867
-619
-17075
-611
-17395
-619
-17555
-539
-17811
-619
-18139
-603
-18331
-611
-18595
-603
-18859
-855
1075
-739
-31
-837
-365
-731
-593
-831
-723
-853
-1003
-725
-1265
-831
-1570
-863
-1811
-763
-2032
-822
-2185
-855
-2505
-749
-2763
-829
-3001
-771
-3227
-835
-3479
-777
-3603
-815
-3931
-867
-4131
-873
-4431
-727
-4607
-787
-4811
-835
-5143
-799
-5307
-763
-5623
-731
-5799
-779
-6067
-863
-6307
-867
-6515
-787
-6799
-763
-7063
-807
-7235
-763
-7579
-819
-7783
-783
-7939
-763
-8243
-831
-8415
-827
-8735
-719
-8963
-823
-9135
-875
-9459
-819
-9747
-859
-9875
-859
-10123
-763
-10419
-851
-10651
-803
-10859
-819
-11139
-803
-11387
-851
-11547
-827
-11819
-851
-12147
-819
-12315
-827
-12627
-843
-12787
-835
-13051
-875
-13323
-835
-13571
-763
-13707
-851
-13987
-771
-14195
-803
-14443
-787
-14667
-771
-14971
-843
-15203
-795
-15395
-867
-15691
-827
-15987
-763
-16139
-867
-16411
-875
-16659
-867
-16899
-827
-17067
-803
-17387
-787
-17619
-835
-17827
-755
-18083
-811
-18379
-859
-18563
-843
-18827
-1059
2047
-986
-62
-1030
-334
-1092
-490
-1011
-778
-1105
-1021
-1046
-1229
-966
-1545
-1089
-1775
-1067
-1961
-1072
-2199
-1071
-2435
-1027
-2773
-1071
-2911
-1095
-3121
-1061
-3461
-1075
-3723
-983
-3955
-983
-4099
-1059
-4381
-1007
-4679
-967
-4919
-995
-5059
-1099
-5403
-1023
-5567
-1083
-5771
-995
-6139
-1039
-6307
-1075
-6559
-1083
-6771
-1071
-7067
-1099
-7315
-991
-7515
-975
-7807
-1019
-8063
-1039
-8255
-1095
-8435
-1027
-8723
-1099
-8939
-1059
-9147
-1091
-9379
-995
-9627
-1099
-9891
-1083
-10203
-1051
-10387
-1091
-10699
-1043
-10891
-1043
-11115
-1043
-11387
-1011
-11667
-995
-11803
-1043
-12131
-1107
-12395
-1027
-12523
-995
-12771
-1115
-12987
-1043
-13315
-995
-13531
-1027
-13723
-1059
-14027
-1067
-14219
-1099
-14531
-1091
-14755
-995
-15003
-1115
-15155
-1099
-15515
-1075
-15707
-1003
-15971
-1059
-16107
-1011
-16355
-1107
-16699
-1107
-16891
-987
-17091
-1059
-17419
-1075
-17635
-1035
-17835
-1091
-18051
-1099
-18339
-1091
-18587
-1027
-18843
-1331
1459
-1245
-45
-1265
-349
-1215
-544
-1329
-847
-1219
-955
-1248
-1309
-1339
-1483
-1339
-1786
-1238
-2011
-1251
-2153
-1213
-2521
-1305
-2703
-1259
-2951
-1309
-3123
-1305
-3483
-1283
-3695
-1323
-3927
-1225
-4077
-1267
-4419
-1303
-4637
-1271
-4827
-1335
-5067
-1259
-5391
-1283
-5631
-1335
-5783
-1311
-6043
-1251
-6355
-1291
-6523
-1303
-6835
-1323
-6995
-1299
-7239
-1219
-7475
-1319
-7731
-1279
-8043
-1283
-8215
-1303
-8471
-1323
-8759
-1283
-8983
-1299
-9175
-1263
-9499
-1339
-9723
-1347
-9971
-1355
-10115
-1315
-10427
-1243
-10627
-1283
-10835
-1331
-11163
-1315
-11371
-1331
-11571
-1339
-11907
-1331
-12075
-1339
-12387
-1307
-12571
-1251
-12763
-1283
-12995
-1251
-13299
-1243
-13475
-1315
-13795
-1283
-13987
-1339
-14283
-1251
-14491
-1283
-14683
-1291
-14939
-1347
-15275
-1347
-15387
-1331
-15627
-1315
-15899
-1315
-16203
-1275
-16451
-1339
-16683
-1251
-16843
-1243
-17163
-1235
-17363
-1355
-17547
-1339
-17891
-1227
-18123
-1299
-18283
-1299
-18531
-1315
-18843
-1579
275
-1491
-25
-1453
-313
-1521
-607
-1477
-835
-1499
-1007
-1455
-1281
-1565
-1515
-1545
-1705
-1563
-1955
-1561
-2185
-1529
-2441
-1583
-2701
-1585
-2887
-1553
-3253
-1557
-3427
-1461
-3617
-1527
-3861
-1479
-4203
-1545
-4339
-1571
-4667
-1579
-4907
-1575
-5139
-1511
-5403
-1495
-5535
-1483
-5895
-1583
-6015
-1483
-6303
-1475
-6503
-1571
-6851
-1447
-7071
-1575
-7275
-1539
-7467
-1487
-7735
-1515
-7995
-1507
-8271
-1507
-8535
-1591
-8667
-1547
-8963
-1547
-9139
-1563
-9383
-1539
-9675
-1571
-9963
-1515
-10227
-1531
-10475
-1555
-10643
-1475
-10891
-1571
-11155
-1595
-11403
-1475
-11675
-1571
-11843
-1523
-12131
-1475
-12379
-1507
-12531
-1579
-12747
-1467
-13051
-1523
-13267
-1555
-13499
-1571
-13723
-1587
-14027
-1571
-14251
-1515
-14443
-1515
-14723
-1547
-14963
-1571
-15203
-1491
-15491
-1523
-15627
-1587
-15947
-1587
-16123
-1507
-16459
-1491
-16603
-1539
-16859
-1587
-17147
-1547
-17355
-1523
-17587
-1571
-17835
-1523
-18123
-1595
-18323
-1595
-18563
-1475
-18835
-1795
249
-1815
-41
-1777
-371
-1743
-571
-1789
-753
-1791
-1037
-1715
-1215
-1719
-1567
-1763
-1715
-1767
-1995
-1827
-2255
-1689
-2519
-1693
-2691
-1743
-2923
-1779
-3219
-1723
-3371
-1747
-3611
-1769
-3921
-1707
-4139
-1801
-4323
-1787
-4691
-1811
-4887
-1795
-5127
-1739
-5295
-1787
-5623
-1719
-5779
-1795
-6127
-1827
-6259
-1739
-6567
-1775
-6815
-1815
-7067
-1831
-7271
-1727
-7543
-1703
-7747
-1807
-7979
-1707
-8263
-1759
-8407
-1767
-8759
-1823
-8931
-1755
-9147
-1707
-9515
-1771
-9659
-1819
-9907
-1771
-10131
-1819
-10443
-1731
-10587
-1739
-10899
-1739
-11171
-1819
-11403
-1811
-11563
-1747
-11803
-1819
-12067
-1771
-12379
-1779
-12507
-1739
-12779
-1763
-13051
-1827
-13355
-1827
-13571
-1755
-13715
-1723
-13971
-1763
-14243
-1787
-14555
-1811
-14779
-1811
-14915
-1707
-15243
-1827
-15387
-1739
-15755
-1763
-15867
-1827
-16155
-1795
-16387
-1827
-16715
-1835
-16851
-1787
-17147
-1819
-17331
-1779
-17547
-1739
-17867
-1819
-18035
-1827
-18387
-1779
-18539
-1707
-18827
-1991
535
-1999
-15
-1995
-277
-1991
-567
-2061
-787
-1967
-969
-2061
-1297
-2033
-1563
-1971
-1691
-2001
-1957
-2017
-2199
-2037
-2475
-2035
-2643
-1953
-2993
-2051
-3249
-2023
-3387
-1977
-3655
-2051
-3935
-1967
-4147
-1985
-4415
-2041
-4693
-2023
-4859
-2003
-5063
-1979
-5283
-2019
-5579
-1987
-5875
-1999
-6011
-1971
-6263
-1991
-6551
-1955
-6859
-1963
-6995
-2059
-7279
-2007
-7539
-1931
-7727
-2007
-8007
-2043
-8223
-2023
-8479
-1999
-8739
-2051
-9003
-2011
-9267
-1939
-9455
-2075
-9747
-2075
-9979
-2075
-10131
-2051
-10427
-1971
-10699
-1963
-10931
-2019
-11075
-2075
-11387
-1987
-11627
-2051
-11795
-2043
-12043
-2059
-12331
-2019
-12547
-2003
-12803
-2035
-13115
-1955
-13235
-1987
-13539
-2051
-13747
-2051
-14003
-2059
-14219
-2051
-14435
-2035
-14731
-2059
-14971
-2027
-15267
-2051
-15419
-2011
-15715
-1963
-15963
-2075
-16163
-2011
-16347
-2027
-16603
-2003
-16955
-2067
-17123
-2075
-17395
-2019
-17619
-1987
-17811
-1971
-18131
-1971
-18339
-2019
-18555
-2003
-18859
-2251
143
-2289
-19
-2295
-277
-2183
-579
-2299
-743
-2209
-987
-2187
-1281
-2287
-1555
-2233
-1699
-2283
-2001
-2193
-2179
-2173
-2491
-2251
-2769
-2227
-2877
-2269
-3195
-2235
-3481
-2287
-3675
-2231
-3847
-2247
-4111
-2251
-4419
-2227
-4583
-2211
-4907
-2207
-5167
-2255
-5399
-2251
-5583
-2243
-5831
-2243
-6023
-2283
-6355
-2231
-6603
-2223
-6823
-2295
-7007
-2203
-7307
-2167
-7475
-2287
-7791
-2271
-7955
-2267
-8203
-2227
-8471
-2295
-8771
-2211
-9003
-2227
-9239
-2187
-9455
-2307
-9635
-2259
-9955
-2307
-10195
-2211
-10451
-2203
-10691
-2235
-10915
-2235
-11131
-2219
-11339
-2299
-11587
-2243
-11867
-2283
-12091
-2219
-12371
-2187
-12595
-2299
-12835
-2307
-13115
-2283
-13259
-2291
-13587
-2211
-13731
-2307
-13963
-2187
-14275
-2251
-14523
-2259
-14763
-2283
-14947
-2299
-15155
-2283
-15507
-2243
-15683
-2267
-15979
-2227
-16203
-2259
-16347
-2307
-16683
-2259
-16843
-2299
-17115
-2211
-17323
-2307
-17675
-2275
-17819
-2291
-18107
-2243
-18355
-2219
-18515
-2219
-18867
-2551
1173
-2527
-111
-2495
-289
-2505
-573
-2411
-749
-2505
-1025
-2491
-1221
-2525
-1497
-2469
-1691
-2415
-1923
-2495
-2171
-2525
-2501
-2525
-2691
-2555
-2965
-2535
-3203
-2463
-3401
-2509
-3739
-2515
-3955
-2535
-4099
-2443
-4339
-2455
-4617
-2487
-4903
-2463
-5127
-2447
-5331
-2479
-5627
-2551
-5903
-2479
-6131
-2531
-6363
-2443
-6627
-2491
-6839
-2507
-7067
-2531
-7259
-2531
-7527
-2499
-7799
-2395
-8031
-2535
-8187
-2539
-8483
-2543
-8779
-2467
-8943
-2423
-9251
-2547
-9499
-2451
-9755
-2555
-9971
-2451
-10179
-2459
-10379
-2515
-10627
-2507
-10947
-2467
-11147
-2491
-11331
-2451
-11651
-2483
-11835
-2555
-12139
-2435
-12331
-2459
-12523
-2467
-12819
-2555
-13099
-2531
-13291
-2459
-13563
-2515
-13787
-2555
-14035
-2539
-14315
-2539
-14475
-2435
-14795
-2531
-14979
-2515
-15243
-2467
-15515
-2523
-15731
-2443
-15915
-2451
-16195
-2483
-16363
-2483
-16707
-2499
-16843
-2491
-17195
-2499
-17403
-2491
-17555
-2547
-17795
-2467
-18107
-2483
-18307
-2555
-18571
-2555
-18827
-2687
421
-2691
-83
-2687
-299
-2643
-515
-2723
-787
-2707
-1051
-2687
-1267
-2691
-1451
-2683
-1771
-2743
-1951
-2691
-2263
-2763
-2427
-2695
-2659
-2719
-2971
-2675
-3235
-2783
-3431
-2787
-3659
-2747
-3927
-2719
-4135
-2739
-4471
-2771
-4599
-2743
-4823
-2775
-5151
-2747
-5355
-2771
-5603
-2755
-5879
-2759
-6115
-2723
-6251
-2747
-6575
-2763
-6755
-2643
-7059
-2759
-7303
-2763
-7571
-2771
-7795
-2731
-7967
-2751
-8231
-2783
-8503
-2747
-8683
-2743
-8915
-2711
-9203
-2659
-9439
-2723
-9715
-2795
-9963
-2667
-10131
-2723
-10467
-2707
-10595
-2771
-10915
-2707
-11147
-2707
-11331
-2699
-11651
-2763
-11843
-2787
-12139
-2691
-12395
-2723
-12507
-2723
-12827
-2795
-13043
-2771
-13227
-2715
-13563
-2755
-13795
-2763
-14003
-2699
-14243
-2683
-14459
-2763
-14795
-2739
-14947
-2731
-15147
-2787
-15515
-2763
-15699
-2771
-15875
-2715
-16131
-2787
-16411
-2723
-16627
-2755
-16843
-2683
-17075
-2779
-17427
-2723
-17595
-2747
-17811
-2763
-18035
-2723
-18347
-2771
-18635
-2699
-18827
-2975
125
-2983
-99
-3007
-375
-2963
-559
-2939
-779
-2939
-1071
-3019
-1239
-3027
-1483
-3027
-1803
-2995
-1999
-2975
-2199
-2907
-2427
-2923
-2755
-2931
-2979
-2955
-3131
-2967
-3387
-3007
-3699
-2931
-3995
-2999
-4159
-2967
-4371
-3011
-4715
-2915
-4927
-2935
-5039
-2975
-5307
-3011
-5567
-2995
-5811
-3003
-6131
-2979
-6283
-2979
-6503
-2903
-6787
-2915
-7019
-2967
-7275
-2943
-7515
-2931
-7795
-3011
-8023
-2947
-8223
-3007
-8471
-3019
-8687
-2991
-8875
-2999
-9167
-3007
-9371
-3027
-9675
-3035
-9907
-3019
-10187
-2971
-10435
-3027
-10635
-3019
-10955
-2907
-11099
-3027
-11347
-2923
-11587
-3019
-11915
-3019
-12123
-2939
-12307
-2987
-12547
-2939
-12779
-3027
-13107
-2995
-13291
-2979
-13483
-3035
-13787
-2955
-13963
-2995
-14251
-3035
-14459
-3019
-14771
-3011
-15003
-2955
-15235
-3027
-15507
-3035
-15627
-3035
-15867
-2923
-16131
-2979
-16411
-3019
-16611
-2979
-16875
-2963
-17075
-2931
-17411
-3011
-17587
-2923
-17835
-3027
-18107
-3027
-18315
-2995
-18507
-2987
-18835
-3239
109
-3171
-99
-3255
-335
-3251
-595
-3207
-715
-3147
-1035
-3235
-1231
-3139
-1507
-3219
-1815
-3183
-2043
-3155
-2179
-3271
-2435
-3179
-2723
-3139
-2951
-3243
-3219
-3251
-3439
-3199
-3735
-3251
-3895
-3215
-4115
-3235
-4331
-3239
-4655
-3251
-4839
-3223
-5075
-3187
-5295
-3163
-5579
-3167
-5799
-3191
-6123
-3147
-6367
-3155
-6559
-3231
-6771
-3247
-7031
-3243
-7279
-3235
-7491
-3147
-7731
-3235
-7967
-3139
-8307
-3219
-8447
-3235
-8771
-3203
-8939
-3183
-9243
-3203
-9507
-3267
-9659
-3211
-9947
-3155
-10123
-3235
-10475
-3211
-10643
-3203
-10915
-3211
-11163
-3275
-11435
-3251
-11635
-3243
-11835
-3251
-12051
-3235
-12315
-3211
-12547
-3187
-12811
-3275
-13035
-3227
-13299
-3251
-13571
-3227
-13715
-3171
-14011
-3147
-14243
-3211
-14523
-3259
-14787
-3267
-14931
-3187
-15155
-3259
-15451
-3203
-15683
-3235
-15987
-3227
-16211
-3171
-16387
-3147
-16659
-3227
-16907
-3171
-17195
-3187
-17427
-3195
-17635
-3235
-17827
-3251
-18155
-3259
-18307
-3195
-18539
-3171
-18835
-3475
149
-3499
-51
-3495
-303
-3491
-627
-3479
-735
-3427
-1075
-3491
-1319
-3435
-1563
-3491
-1747
-3375
-2071
-3383
-2215
-3419
-2471
-3443
-2763
-3463
-2935
-3483
-3159
-3507
-3503
-3395
-3675
-3427
-3871
-3435
-4175
-3411
-4363
-3387
-4687
-3487
-4915
-3507
-5051
-3447
-5283
-3487
-5583
-3415
-5879
-3499
-6123
-3443
-6311
-3487
-6631
-3419
-6875
-3447
-7039
-3427
-7343
-3503
-7475
-3467
-7731
-3439
-8019
-3499
-8219
-3495
-8531
-3419
-8759
-3379
-8915
-3479
-9195
-3475
-9399
-3507
-9627
-3507
-9955
-3403
-10131
-3475
-10451
-3403
-10675
-3443
-10939
-3435
-11083
-3443
-11419
-3515
-11651
-3515
-11875
-3475
-12147
-3411
-12307
-3411
-12627
-3499
-12811
-3419
-12987
-3435
-13355
-3499
-13467
-3475
-13835
-3507
-14059
-3491
-14243
-3475
-14539
-3467
-14715
-3515
-14915
-3403
-15147
-3491
-15491
-3491
-15723
-3483
-15923
-3427
-16179
-3491
-16347
-3435
-16683
-3507
-16843
-3435
-17107
-3411
-17347
-3475
-17659
-3459
-17803
-3427
-18027
-3387
-18283
-3427
-18531
-3435
-18827
-3647
133
-3655
-23
-3623
-295
-3707
-523
-3651
-787
-3727
-999
-3719
-1255
-3719
-1547
-3735
-1803
-3715
-1979
-3679
-2307
-3683
-2459
-3627
-2723
-3703
-3003
-3747
-3179
-3635
-3379
-3635
-3703
-3731
-3867
-3711
-4187
-3735
-4423
-3627
-4575
-3691
-4811
-3747
-5155
-3711
-5319
-3747
-5515
-3743
-5855
-3683
-6019
-3755
-6335
-3691
-6607
-3691
-6839
-3739
-7043
-3723
-7219
-3655
-7559
-3691
-7791
-3651
-7947
-3659
-8287
-3727
-8519
-3687
-8679
-3703
-8991
-3699
-9171
-3731
-9379
-3755
-9747
-3755
-9963
-3715
-10219
-3739
-10387
-3683
-10667
-3675
-10955
-3667
-11179
-3667
-11403
-3747
-11635
-3715
-11915
-3683
-12099
-3659
-12387
-3643
-12587
-3723
-12803
-3691
-13107
-3651
-13291
-3675
-13523
-3747
-13755
-3707
-14019
-3723
-14211
-3651
-14555
-3707
-14763
-3691
-15011
-3707
-15275
-3755
-15395
-3691
-15659
-3747
-15971
-3667
-16227
-3747
-16355
-3747
-16627
-3635
-16875
-3747
-17099
-3707
-17371
-3715
-17667
-3731
-17875
-3683
-18035
-3699
-18347
-3723
-18579
-3723
-18835
-3923
125
-3991
-7
-3971
-339
-3979
-607
-3915
-803
-3951
-1039
-3875
-1275
-3967
-1555
-3967
-1767
-3959
-2051
-3959
-2155
-3939
-2511
-3951
-2763
-3979
-2983
-3975
-3191
-3863
-3439
-3975
-3675
-3911
-3891
-3947
-4159
-3955
-4383
-3935
-4555
-3959
-4943
-3975
-5139
-3951
-5415
-3855
-5639
-3867
-5883
-3967
-6123
-3855
-6259
-3931
-6571
-3967
-6819
-3959
-7043
-3951
-7331
-3891
-7539
-3975
-7747
-3907
-7995
-3983
-8235
-3983
-8499
-3887
-8695
-3871
-8967
-3947
-9187
-3891
-9459
-3971
-9715
-3987
-9899
-3963
-10211
-3987
-10395
-3915
-10707
-3923
-10883
-3963
-11171
-3963
-11419
-3995
-11643
-3915
-11795
-3899
-12099
-3963
-12307
-3987
-12523
-3875
-12843
-3995
-13099
-3947
-13307
-3971
-13467
-3979
-13715
-3987
-14035
-3979
-14211
-3915
-14539
-3955
-14691
-3987
-14947
-3963
-15251
-3883
-15515
-3899
-15627
-3963
-15979
-3923
-16179
-3947
-16411
-3923
-16699
-3867
-16915
-3907
-17131
-3987
-17379
-3947
-17667
-3891
-17787
-3915
-18027
-3971
-18379
-3979
-18531
-3899
-18835
-4143
101
-4219
-59
-4099
-367
-4139
-595
-4143
-855
-4171
-1087
-4223
-1255
-4139
-1519
-4091
-1751
-4187
-1975
-4183
-2279
-4135
-2403
-4227
-2671
-4167
-2995
-4223
-3203
-4215
-3499
-4203
-3655
-4099
-3911
-4127
-4211
-4151
-4443
-4211
-4643
-4183
-4843
-4143
-5171
-4203
-5371
-4199
-5535
-4195
-5763
-4147
-6119
-4143
-6323
-4211
-6579
-4139
-6747
-4139
-7015
-4187
-7219
-4199
-7519
-4127
-7739
-4107
-7987
-4115
-8251
-4135
-8455
-4207
-8687
-4235
-8987
-4107
-9151
-4159
-9403
-4211
-9747
-4147
-9963
-4195
-10131
-4139
-10459
-4195
-10683
-4131
-10827
-4107
-11091
-4227
-11339
-4131
-11667
-4227
-11867
-4147
-12115
-4203
-12323
-4179
-12627
-4187
-12827
-4195
-13027
-4179
-13355
-4195
-13563
-4187
-13795
-4235
-14075
-4179
-14299
-4219
-14427
-4115
-14675
-4179
-14971
-4107
-15179
-4211
-15387
-4235
-15699
-4211
-15923
-4155
-16139
-4203
-16411
-4211
-16619
-4147
-16851
-4123
-17187
-4179
-17411
-4115
-17563
-4155
-17915
-4211
-18107
-4203
-18379
-4163
-18587
-4195
-18843
-4339
93
-4395
-123
-4383
-359
-4447
-587
-4403
-851
-4463
-1091
-4347
-1255
-4375
-1515
-4371
-1747
-4459
-2035
-4343
-2243
-4371
-2523
-4363
-2779
-4363
-2951
-4427
-3211
-4471
-3411
-4439
-3743
-4339
-3843
-4363
-4143
-4339
-4379
-4371
-4651
-4371
-4867
-4419
-5179
-4363
-5399
-4443
-5555
-4451
-5831
-4431
-6075
-4415
-6347
-4443
-6591
-4415
-6859
-4387
-7027
-4359
-7291
-4403
-7519
-4459
-7707
-4435
-7967
-4435
-8267
-4419
-8407
-4387
-8779
-4383
-8939
-4447
-9227
-4467
-9387
-4451
-9739
-4467
-9883
-4403
-10131
-4459
-10379
-4435
-10707
-4475
-10867
-4419
-11067
-4419
-11363
-4435
-11627
-4451
-11811
-4467
-12067
-4475
-12307
-4411
-12587
-4459
-12851
-4459
-13075
-4459
-13251
-4363
-13579
-4347
-13707
-4363
-14027
-4395
-14307
-4451
-14499
-4475
-14707
-4363
-14963
-4427
-15235
-4459
-15515
-4435
-15627
-4475
-15939
-4443
-16203
-4411
-16347
-4411
-16611
-4467
-16835
-4395
-17139
-4411
-17427
-4387
-17571
-4435
-17819
-4347
-18147
-4475
-18323
-4403
-18587
-4395
-18859
-4611
117
-4699
-75
-4687
-379
-4667
-551
-4703
-719
-4647
-1019
-4619
-1251
-4607
-1487
-4651
-1711
-4663
-1999
-4643
-2251
-4687
-2431
-4651
-2739
-4699
-2947
-4587
-3219
-4639
-3499
-4667
-3723
-4687
-3867
-4667
-4163
-4659
-4451
-4627
-4647
-4671
-4887
-4691
-5047
-4567
-5319
-4615
-5575
-4639
-5835
-4619
-6147
-4595
-6363
-4667
-6479
-4691
-6843
-4643
-7083
-4703
-7323
-4691
-7499
-4603
-7783
-4611
-7979
-4639
-8303
-4715
-8523
-4639
-8743
-4575
-8999
-4683
-9179
-4675
-9403
-4691
-9683
-4675
-9971
-4715
-10195
-4707
-10387
-4715
-10603
-4611
-10899
-4675
-11171
-4675
-11427
-4619
-11651
-4651
-11803
-4619
-12131
-4683
-12275
-4715
-12587
-4707
-12851
-4683
-13051
-4675
-13355
-4675
-13475
-4699
-13763
-4715
-14019
-4699
-14235
-4627
-14555
-4715
-14747
-4619
-14955
-4595
-15195
-4707
-15387
-4715
-15635
-4619
-15963
-4683
-16203
-4587
-16427
-4643
-16659
-4675
-16891
-4691
-17131
-4707
-17403
-4643
-17675
-4699
-17875
-4715
-18147
-4691
-18339
-4627
-18635
-4691
-18843
-4891
109
-4867
-43
-4931
-291
-4899
-559
-4855
-763
-4875
-1015
-4915
-1211
-4835
-1463
-4915
-1719
-4931
-2055
-4943
-2203
-4839
-2475
-4863
-2711
-4931
-3003
-4907
-3199
-4911
-3475
-4843
-3655
-4867
-3931
-4935
-4215
-4943
-4395
-4935
-4571
-4867
-4919
-4903
-5155
-4951
-5347
-4919
-5579
-4939
-5783
-4951
-6087
-4827
-6331
-4843
-6519
-4919
-6827
-4939
-6983
-4847
-7351
-4859
-7447
-4923
-7779
-4931
-8031
-4951
-8303
-4923
-8503
-4919
-8747
-4927
-8935
-4891
-9167
-4931
-9451
-4915
-9667
-4955
-9971
-4939
-10227
-4923
-10467
-4899
-10611
-4923
-10851
-4883
-11115
-4955
-11339
-4947
-11547
-4939
-11867
-4859
-12059
-4947
-12267
-4843
-12627
-4939
-12835
-4883
-13059
-4947
-13227
-4859
-13483
-4883
-13731
-4939
-13955
-4923
-14291
-4867
-14539
-4867
-14779
-4915
-14955
-4939
-15163
-4931
-15475
-4939
-15651
-4827
-15931
-4907
-16179
-4875
-16427
-4891
-16659
-4851
-16835
-4923
-17155
-4907
-17395
-4835
-17603
-4923
-17859
-4915
-18067
-4827
-18355
-4915
-18547
-4931
-18851
-5059
109
-5075
-135
-5067
-271
-5151
-499
-5127
-791
-5139
-1055
-5055
-1231
-5147
-1507
-5191
-1699
-5123
-2027
-5087
-2191
-5091
-2507
-5091
-2727
-5163
-2979
-5119
-3235
-5095
-3391
-5131
-3731
-5123
-3883
-5051
-4215
-5175
-4419
-5187
-4607
-5103
-4895
-5195
-5087
-5039
-5387
-5155
-5591
-5183
-5887
-5087
-6095
-5043
-6283
-5099
-6603
-5107
-6779
-5183
-7103
-5163
-7303
-5183
-7463
-5163
-7763
-5187
-7963
-5079
-8263
-5067
-8511
-5123
-8679
-5111
-8955
-5155
-9259
-5191
-9383
-5123
-9755
-5107
-9955
-5187
-10187
-5179
-10443
-5179
-10611
-5179
-10875
-5195
-11147
-5107
-11363
-5171
-11571
-5091
-11819
-5115
-12027
-5099
-12387
-5107
-12603
-5131
-12843
-5115
-13027
-5067
-13227
-5091
-13467
-5155
-13731
-5179
-14075
-5147
-14315
-5195
-14491
-5091
-14747
-5187
-14947
-5179
-15259
-5115
-15507
-5171
-15635
-5123
-15947
-5107
-16163
-5187
-16443
-5083
-16715
-5179
-16907
-5187
-17195
-5155
-17331
-5083
-17675
-5139
-17795
-5171
-18115
-5091
-18275
-5187
-18619
-5163
-18851
-5371
133
-5307
-99
-5411
-371
-5323
-499
-5363
-843
-5371
-1091
-5395
-1283
-5395
-1459
-5427
-1763
-5331
-2051
-5387
-2171
-5307
-2427
-5419
-2795
-5395
-2935
-5331
-3187
-5331
-3363
-5363
-3695
-5435
-3979
-5323
-4127
-5427
-4475
-5331
-4675
-5395
-4887
-5347
-5135
-5403
-5339
-5331
-5651
-5395
-5819
-5395
-6107
-5331
-6271
-5427
-6523
-5355
-6827
-5355
-7039
-5339
-7275
-5395
-7555
-5395
-7811
-5355
-7979
-5435
-8251
-5363
-8463
-5339
-8715
-5411
-9035
-5355
-9255
-5395
-9391
-5371
-9723
-5419
-9931
-5427
-10195
-5395
-10427
-5315
-10619
-5395
-10891
-5395
-11123
-5355
-11395
-5411
-11587
-5427
-11843
-5411
-12083
-5339
-12315
-5387
-12547
-5315
-12787
-5315
-13011
-5419
-13291
-5387
-13499
-5307
-13747
-5395
-13971
-5411
-14219
-5427
-14507
-5419
-14787
-5371
-14907
-5427
-15147
-5371
-15515
-5395
-15683
-5315
-15899
-5323
-16171
-5419
-16379
-5347
-16643
-5435
-16859
-5395
-17187
-5379
-17403
-5323
-17595
-5419
-17875
-5387
-18067
-5379
-18395
-5427
-18539
-5363
-18819
-5635
133
-5619
-51
-5635
-299
-5571
-523
-5667
-755
-5587
-1051
-5667
-1339
-5643
-1499
-5563
-1771
-5555
-2051
-5675
-2203
-5675
-2499
-5563
-2683
-5571
-2963
-5643
-3163
-5667
-3395
-5619
-3731
-5675
-3955
-5635
-4131
-5619
-4435
-5619
-4651
-5651
-4947
-5651
-5147
-5627
-5355
-5595
-5659
-5675
-5835
-5675
-6035
-5659
-6387
-5643
-6547
-5603
-6811
-5667
-6995
-5547
-7251
-5635
-7547
-5611
-7747
-5627
-7963
-5571
-8211
-5619
-8483
-5659
-8779
-5579
-9011
-5667
-9259
-5667
-9515
-5675
-9707
-5627
-9963
-5619
-10139
-5587
-10451
-5675
-10635
-5651
-10859
-5643
-11147
-5603
-11435
-5635
-11595
-5675
-11859
-5563
-12043
-5675
-12307
-5651
-12635
-5587
-12835
-5587
-13091
-5659
-13315
-5571
-13571
-5659
-13747
-5547
-14011
-5651
-14227
-5667
-14459
-5595
-14787
-5547
-14947
-5619
-15251
-5667
-15451
-5659
-15627
-5675
-15875
-5595
-16195
-5595
-16435
-5635
-16603
-5651
-16931
-5571
-17083
-5579
-17419
-5667
-17651
-5611
-17787
-5611
-18155
-5611
-18347
-5611
-18603
-5675
-18867
-5867
133
-5867
-139
-5811
-387
-5915
-555
-5891
-771
-5851
-1067
-5907
-1347
-5835
-1515
-5843
-1731
-5899
-1987
-5899
-2187
-5907
-2451
-5811
-2739
-5875
-3027
-5803
-3275
-5795
-3507
-5795
-3635
-5915
-3891
-5851
-4203
-5827
-4347
-5875
-4667
-5883
-4947
-5907
-5171
-5875
-5435
-5899
-5555
-5915
-5827
-5851
-6083
-5875
-6355
-5907
-6611
-5859
-6819
-5875
-7115
-5875
-7259
-5827
-7475
-5859
-7755
-5907
-7947
-5883
-8195
-5883
-8435
-5851
-8763
-5787
-8907
-5907
-9203
-5867
-9395
-5851
-9739
-5819
-9915
-5915
-10235
-5867
-10443
-5827
-10715
-5875
-10859
-5827
-11083
-5851
-11355
-5867
-11651
-5899
-11875
-5827
-12059
-5915
-12299
-5883
-12579
-5915
-12779
-5803
-13051
-5915
-13251
-5899
-13491
-5915
-13803
-5899
-14067
-5899
-14291
-5915
-14467
-5899
-14739
-5907
-14995
-5819
-15227
-5875
-15435
-5851
-15707
-5915
-15915
-5883
-16211
-5867
-16371
-5795
-16603
-5819
-16923
-5851
-17107
-5907
-17307
-5859
-17571
-5851
-17843
-5891
-18043
-5891
-18307
-5907
-18531
-5883
-18867
-6123
149
-6155
-59
-6051
-331
-6139
-587
-6139
-763
-6051
-1099
-6043
-1251
-6155
-1587
-6131
-1763
-6147
-2019
-6083
-2235
-6155
-2507
-6027
-2795
-6147
-2915
-6027
-3227
-6131
-3499
-6139
-3643
-6067
-3947
-6107
-4187
-6083
-4419
-6115
-4707
-6107
-4899
-6083
-5115
-6035
-5363
-6075
-5651
-6107
-5811
-6059
-6155
-6099
-6355
-6059
-6611
-6139
-6787
-6139
-7027
-6147
-7251
-6043
-7499
-6155
-7787
-6051
-7995
-6147
-8251
-6051
-8443
-6083
-8755
-6147
-9035
-6035
-9211
-6131
-9427
-6155
-9715
-6147
-9883
-6091
-10219
-6139
-10443
-6123
-10659
-6107
-10955
-6027
-11171
-6139
-11323
-6075
-11595
-6099
-11875
-6035
-12091
-6131
-12331
-6131
-12563
-6083
-12787
-6027
-13067
-6115
-13251
-6067
-13563
-6131
-13731
-6099
-14019
-6043
-14291
-6083
-14459
-6147
-14755
-6059
-14947
-6051
-15147
-6139
-15491
-6107
-15747
-6099
-15963
-6035
-16139
-6147
-16427
-6123
-16611
-6115
-16891
-6115
-17075
-6067
-17419
-6155
-17627
-6155
-17915
-6051
-18043
-6035
-18387
-6147
-18539
-6123
-18811
-6387
125
-6315
-155
-6355
-307
-6371
-627
-6339
-819
-6387
-1059
-6315
-1355
-6331
-1475
-6355
-1795
-6267
-2035
-6339
-2227
-6387
-2435
-6267
-2779
-6395
-2947
-6387
-3179
-6395
-3459
-6387
-3755
-6363
-3907
-6291
-4107
-6387
-4379
-6283
-4699
-6291
-4915
-6347
-5091
-6387
-5387
-6371
-5635
-6363
-5851
-6387
-6059
-6363
-6363
-6331
-6547
-6299
-6867
-6331
-7019
-6323
-7339
-6387
-7595
-6323
-7707
-6283
-8067
-6315
-8291
-6307
-8467
-6379
-8723
-6371
-8955
-6379
-9227
-6395
-9475
-6291
-9691
-6315
-9979
-6283
-10163
-6355
-10475
-6307
-10659
-6387
-10955
-6395
-11155
-6283
-11363
-6347
-11627
-6371
-11787
-6291
-12155
-6387
-12363
-6331
-12563
-6267
-12819
-6331
-13083
-6379
-13307
-6283
-13507
-6387
-13811
-6283
-14043
-6275
-14283
-6275
-14467
-6371
-14739
-6387
-14931
-6395
-15163
-6355
-15467
-6299
-15691
-6387
-15883
-6347
-16115
-6355
-16387
-6387
-16595
-6315
-16899
-6355
-17155
-6387
-17363
-6355
-17595
-6371
-17867
-6291
-18139
-6371
-18275
-6395
-18547
-6267
-18867
-6611
85
-6619
-35
-6587
-339
-6587
-627
-6635
-851
-6539
-1099
-6571
-1227
-6579
-1483
-6635
-1755
-6555
-2027
-6595
-2275
-6595
-2555
-6595
-2691
-6555
-3027
-6619
-3195
-6531
-3515
-6579
-3627
-6595
-3923
-6627
-4147
-6515
-4347
-6531
-4691
-6531
-4899
-6579
-5179
-6627
-5347
-6563
-5571
-6627
-5851
-6603
-6147
-6579
-6291
-6603
-6611
-6563
-6771
-6635
-7099
-6619
-7307
-6547
-7499
-6627
-7755
-6635
-8051
-6539
-8275
-6579
-8475
-6635
-8723
-6627
-8955
-6531
-9267
-6579
-9515
-6579
-9707
-6587
-9891
-6587
-10227
-6595
-10363
-6571
-10627
-6515
-10939
-6531
-11147
-6579
-11387
-6635
-11667
-6627
-11803
-6571
-12131
-6611
-12347
-6619
-12507
-6635
-12875
-6507
-13027
-6635
-13339
-6627
-13595
-6619
-13723
-6555
-14035
-6531
-14187
-6595
-14507
-6555
-14691
-6587
-14987
-6547
-15155
-6619
-15387
-6619
-15755
-6531
-15875
-6635
-16171
-6619
-16467
-6603
-16683
-6563
-16875
-6579
-17123
-6571
-17331
-6555
-17579
-6507
-17827
-6635
-18123
-6531
-18315
-6603
-18547
-6619
-18851
-6827
125
-6859
-27
-6875
-323
-6795
-571
-6819
-819
-6835
-1035
-6859
-1259
-6859
-1587
-6819
-1771
-6859
-1947
-6771
-2315
-6819
-2531
-6843
-2795
-6795
-2955
-6851
-3203
-6859
-3467
-6867
-3707
-6787
-3875
-6875
-4107
-6835
-4387
-6827
-4619
-6795
-4955
-6859
-5179
-6843
-5371
-6779
-5643
-6779
-5891
-6771
-6099
-6803
-6363
-6835
-6579
-6859
-6867
-6843
-7051
-6803
-7283
-6803
-7539
-6867
-7827
-6755
-7955
-6779
-8219
-6779
-8515
-6875
-8699
-6803
-8963
-6867
-9195
-6763
-9419
-6867
-9643
-6859
-9979
-6779
-10179
-6859
-10371
-6779
-10659
-6875
-10891
-6875
-11187
-6875
-11411
-6835
-11603
-6875
-11843
-6811
-12027
-6835
-12331
-6875
-12603
-6851
-12827
-6875
-13051
-6851
-13227
-6779
-13531
-6763
-13835
-6835
-14067
-6859
-14291
-6875
-14475
-6755
-14787
-6747
-14947
-6795
-15267
-6803
-15467
-6859
-15627
-6867
-15995
-6851
-16219
-6795
-16395
-6875
-16643
-6819
-16843
-6859
-17139
-6803
-17371
-6851
-17651
-6867
-17787
-6779
-18123
-6875
-18299
-6859
-18571
-6867
-18811
-6987
125
-7027
-147
-7091
-379
-7075
-531
-7115
-771
-7011
-1107
-7011
-1307
-7083
-1507
-7099
-1747
-7083
-1995
-7067
-2251
-7115
-2515
-7099
-2715
-7011
-2963
-7091
-3235
-7019
-3411
-7099
-3643
-7075
-3899
-7091
-4171
-7059
-4387
-7091
-4643
-7067
-4947
-7107
-5147
-7027
-5395
-7099
-5619
-7115
-5867
-7083
-6083
-7115
-6387
-7107
-6619
-7099
-6763
-7035
-7011
-7083
-7355
-7083
-7587
-7099
-7731
-7075
-8019
-7091
-8291
-7075
-8467
-7067
-8715
-7067
-8939
-7027
-9171
-7003
-9411
-7091
-9635
-7059
-9923
-7083
-10163
-7075
-10355
-7091
-10683
-7115
-10947
-7099
-11171
-7067
-11419
-7043
-11635
-7107
-11907
-7051
-12075
-7043
-12379
-7019
-12563
-7075
-12779
-7067
-13115
-7099
-13283
-7091
-13515
-7115
-13731
-7027
-13963
-7083
-14283
-6995
-14547
-7067
-14739
-7043
-14995
-7099
-15267
-7075
-15507
-7107
-15755
-6995
-15947
-7099
-16203
-7003
-16363
-7115
-16635
-7035
-16939
-7035
-17131
-7011
-17379
-7043
-17651
-7035
-17875
-7115
-18131
-7083
-18395
-7075
-18635
-7011
-18843
-7235
133
-7347
-91
-7299
-371
-7339
-515
-7347
-819
-7283
-1003
-7323
-1251
-7331
-1507
-7299
-1771
-7339
-2035
-7291
-2251
-7283
-2547
-7283
-2755
-7275
-2907
-7299
-3179
-7339
-3467
-7347
-3683
-7283
-3971
-7283
-4179
-7355
-4387
-7235
-4715
-7235
-4899
-7339
-5147
-7331
-5323
-7275
-5547
-7307
-5915
-7251
-6051
-7251
-6315
-7331
-6627
-7275
-6819
-7291
-7083
-7323
-7323
-7267
-7515
-7299
-7723
-7283
-7955
-7355
-8195
-7275
-8507
-7267
-8667
-7227
-8995
-7243
-9195
-7339
-9491
-7275
-9675
-7307
-9987
-7307
-10211
-7347
-10403
-7299
-10707
-7275
-10923
-7331
-11075
-7283
-11355
-7283
-11611
-7283
-11835
-7291
-12059
-7355
-12371
-7275
-12547
-7283
-12763
-7347
-13003
-7251
-13323
-7275
-13475
-7235
-13803
-7243
-14075
-7267
-14227
-7315
-14507
-7227
-14683
-7235
-14987
-7331
-15267
-7291
-15443
-7323
-15643
-7355
-15963
-7323
-16147
-7275
-16459
-7299
-16659
-7243
-16891
-7315
-17163
-7267
-17355
-7251
-17555
-7315
-17795
-7315
-18067
-7283
-18347
-7347
-18547
-7315
-18835
-7523
125
-7563
-147
-7547
-387
-7483
-507
-7491
-819
-7507
-987
-7563
-1251
-7515
-1579
-7595
-1819
-7555
-2035
-7475
-2195
-7587
-2539
-7587
-2675
-7595
-2947
-7483
-3171
-7571
-3515
-7587
-3715
-7587
-3963
-7587
-4147
-7515
-4411
-7579
-4643
-7467
-4891
-7483
-5123
-7483
-5331
-7587
-5659
-7523
-5851
-7595
-6067
-7571
-6323
-7539
-6555
-7579
-6795
-7587
-7035
-7531
-7299
-7539
-7483
-7587
-7771
-7475
-7979
-7539
-8227
-7571
-8523
-7507
-8771
-7587
-8931
-7595
-9267
-7499
-9475
-7571
-9747
-7523
-9899
-7547
-10115
-7483
-10371
-7515
-10675
-7571
-10931
-7539
-11195
-7539
-11395
-7491
-11611
-7475
-11915
-7587
-12115
-7571
-12387
-7467
-12515
-7539
-12827
-7539
-13059
-7563
-13339
-7595
-13547
-7547
-13811
-7491
-14003
-7515
-14291
-7491
-14451
-7515
-14707
-7475
-15019
-7579
-15243
-7531
-15499
-7555
-15683
-7563
-15931
-7579
-16107
-7563
-16459
-7507
-16699
-7563
-16939
-7539
-17195
-7531
-17339
-7571
-17547
-7523
-17843
-7483
-18115
-7539
-18307
-7507
-18563
-7483
-18827
-7795
133
-7763
-115
-7803
-283
-7835
-627
-7819
-843
-7795
-1019
-7819
-1315
-7819
-1555
-7795
-1747
-7803
-1955
-7803
-2283
-7835
-2507
-7795
-2795
-7827
-3003
-7795
-3275
-7723
-3483
-7707
-3691
-7747
-3979
-7747
-4235
-7731
-4459
-7763
-4643
-7779
-4939
-7723
-5123
-7787
-5419
-7779
-5619
-7723
-5875
-7827
-6027
-7707
-6355
-7771
-6547
-7819
-6787
-7795
-7075
-7795
-7275
-7803
-7475
-7779
-7795
-7787
-8043
-7827
-8259
-7795
-8483
-7739
-8763
-7715
-8907
-7803
-9171
-7771
-9483
-7819
-9731
-7819
-9883
-7787
-10171
-7755
-10363
-7755
-10619
-7795
-10955
-7819
-11187
-7835
-11411
-7795
-11611
-7827
-11851
-7795
-12051
-7747
-12299
-7803
-12611
-7835
-12811
-7819
-13011
-7819
-13267
-7803
-13499
-7787
-13723
-7795
-14035
-7755
-14283
-7747
-14515
-7835
-14747
-7779
-15027
-7771
-15227
-7795
-15483
-7827
-15659
-7819
-15963
-7739
-16211
-7803
-16443
-7763
-16675
-7779
-16827
-7827
-17115
-7747
-17323
-7835
-17643
-7779
-17827
-7763
-18123
-7723
-18355
-7739
-18531
-7779
-18811
-8075
133
-8059
-67
-8075
-283
-8027
-531
-7987
-811
-8051
-1075
-8027
-1243
-8067
-1547
-8075
-1811
-8035
-1955
-8011
-2291
-7963
-2435
-8075
-2707
-7955
-3011
-8019
-3235
-7971
-3411
-7995
-3683
-7955
-3963
-8059
-4227
-8019
-4419
-8019
-4659
-7955
-4859
-8027
-5147
-8003
-5339
-8019
-5603
-8035
-5803
-8011
-6115
-8067
-6387
-8043
-6507
-8043
-6867
-8003
-7091
-7963
-7339
-8003
-7595
-8075
-7771
-8019
-7955
-8003
-8307
-8035
-8467
-8043
-8683
-8059
-8995
-8075
-9227
-7955
-9411
-8003
-9723
-8019
-9979
-8003
-10139
-8043
-10347
-8035
-10683
-8075
-10867
-7971
-11147
-8019
-11323
-8003
-11659
-8067
-11811
-8027
-12027
-8011
-12371
-8075
-12515
-8035
-12755
-7971
-13035
-8075
-13331
-8027
-13467
-8051
-13811
-7971
-14035
-8067
-14315
-8019
-14475
-8051
-14675
-8027
-14955
-8035
-15171
-8051
-15515
-8027
-15731
-8011
-15955
-8035
-16131
-8003
-16419
-8027
-16659
-7971
-16947
-8059
-17195
-8043
-17435
-8075
-17611
-7995
-17835
-7955
-18107
-7963
-18395
-8035
-18603
-8027
-18843
-8235
125
-8251
-83
-8291
-363
-8299
-603
-8267
-747
-8259
-1051
-8267
-1275
-8315
-1491
-8267
-1803
-8243
-1963
-8267
-2259
-8211
-2555
-8315
-2683
-8235
-3035
-8299
-3171
-8259
-3507
-8315
-3723
-8219
-3971
-8315
-4203
-8187
-4403
-8299
-4675
-8219
-4907
-8291
-5139
-8227
-5339
-8219
-5659
-8211
-5899
-8219
-6027
-8267
-6347
-8283
-6531
-8275
-6859
-8291
-7099
-8299
-7243
-8267
-7587
-8307
-7715
-8211
-7955
-8283
-8251
-8187
-8491
-8267
-8771
-8219
-8931
-8195
-9155
-8315
-9499
-8291
-9667
-8251
-9867
-8307
-10203
-8315
-10443
-8315
-10659
-8267
-10947
-8315
-11123
-8243
-11331
-8307
-11635
-8299
-11859
-8299
-12115
-8307
-12363
-8283
-12523
-8243
-12763
-8251
-13051
-8307
-13235
-8307
-13515
-8267
-13835
-8195
-13979
-8259
-14203
-8283
-14467
-8299
-14675
-8275
-14995
-8307
-15275
-8291
-15435
-8243
-15691
-8251
-15923
-8275
-16171
-8195
-16467
-8299
-16707
-8243
-16899
-8267
-17147
-8299
-17307
-8211
-17563
-8235
-17803
-8299
-18051
-8315
-18355
-8203
-18547
-8251
-18843
-8483
117
-8507
-147
-8491
-331
-8499
-523
-8467
-875
-8515
-1107
-8523
-1331
-8555
-1467
-8539
-1787
-8451
-2027
-8515
-2299
-8499
-2427
-8539
-2667
-8443
-2931
-8499
-3235
-8555
-3507
-8531
-3723
-8507
-3963
-8515
-4131
-8451
-4395
-8531
-4675
-8539
-4931
-8443
-5179
-8507
-5363
-8515
-5643
-8547
-5899
-8451
-6059
-8515
-6299
-8515
-6587
-8499
-6843
-8555
-7051
-8547
-7283
-8539
-7547
-8467
-7795
-8555
-8019
-8539
-8227
-8555
-8427
-8467
-8675
-8547
-9003
-8507
-9187
-8435
-9443
-8531
-9755
-8539
-9867
-8467
-10139
-8547
-10459
-8555
-10675
-8555
-10891
-8515
-11131
-8555
-11363
-8531
-11635
-8451
-11851
-8507
-12147
-8515
-12387
-8451
-12619
-8467
-12835
-8443
-12995
-8451
-13283
-8507
-13547
-8547
-13707
-8531
-14059
-8531
-14267
-8531
-14499
-8467
-14707
-8515
-14931
-8531
-15147
-8523
-15435
-8467
-15715
-8547
-15891
-8555
-16211
-8555
-16379
-8483
-16699
-8435
-16827
-8539
-17067
-8555
-17411
-8531
-17643
-8523
-17891
-8491
-18115
-8459
-18267
-8507
-18547
-8435
-18859
-8771
109
-8731
-147
-8787
-387
-8795
-611
-8763
-779
-8747
-1075
-8795
-1307
-8779
-1475
-8723
-1811
-8731
-1987
-8739
-2203
-8739
-2547
-8739
-2707
-8683
-2971
-8787
-3195
-8699
-3395
-8755
-3715
-8755
-3947
-8787
-4123
-8755
-4403
-8731
-4675
-8771
-4915
-8667
-5179
-8699
-5323
-8787
-5635
-8795
-5883
-8715
-6123
-8739
-6267
-8787
-6563
-8675
-6843
-8739
-7027
-8707
-7307
-8747
-7507
-8667
-7795
-8747
-8035
-8795
-8291
-8731
-8539
-8771
-8707
-8787
-8907
-8787
-9275
-8691
-9475
-8739
-9691
-8667
-9971
-8779
-10171
-8755
-10475
-8755
-10587
-8675
-10843
-8763
-11091
-8787
-11419
-8715
-11563
-8795
-11891
-8787
-12075
-8683
-12331
-8763
-12571
-8683
-12803
-8787
-13059
-8771
-13323
-8683
-13547
-8723
-13827
-8771
-14003
-8787
-14307
-8787
-14547
-8707
-14667
-8723
-15003
-8739
-15147
-8699
-15427
-8779
-15755
-8779
-15971
-8747
-16139
-8763
-16403
-8763
-16691
-8755
-16867
-8667
-17115
-8715
-17323
-8707
-17643
-8795
-17907
-8707
-18131
-8779
-18323
-8739
-18635
-8675
-18859
-9019
125
-9019
-147
-8979
-347
-9035
-507
-8947
-819
-8947
-1035
-8923
-1291
-8963
-1523
-8939
-1811
-9035
-1995
-8947
-2259
-8915
-2451
-8995
-2683
-9019
-2963
-8979
-3187
-8979
-3403
-8947
-3667
-8987
-3947
-8923
-4115
-8931
-4363
-8963
-4691
-8963
-4915
-9003
-5179
-8987
-5315
-9035
-5595
-9003
-5843
-8955
-6075
-9027
-6299
-8931
-6611
-8907
-6779
-9035
-7035
-9011
-7283
-8979
-7531
-8987
-7755
-9027
-8027
-9027
-8307
-8995
-8555
-8963
-8787
-9027
-8915
-8907
-9243
-9035
-9403
-9035
-9635
-8987
-9963
-8963
-10227
-8987
-10475
-9003
-10699
-8923
-10827
-9035
-11123
-9011
-11395
-9011
-11643
-8979
-11915
-9035
-12067
-9035
-12283
-8931
-12563
-8987
-12851
-9003
-13003
-8939
-13307
-8947
-13571
-9003
-13835
-8963
-13971
-9035
-14315
-8995
-14523
-9035
-14795
-8907
-14915
-9027
-15219
-8963
-15435
-9027
-15731
-8963
-15867
-8963
-16211
-8979
-16379
-8971
-16611
-9003
-16955
-8979
-17139
-8971
-17371
-9003
-17547
-9027
-17827
-9035
-18067
-9035
-18371
-8995
-18635
-9011
-18867
-9179
109
-9267
-147
-9235
-275
-9275
-619
-9163
-835
-9275
-1099
-9147
-1307
-9227
-1563
-9163
-1795
-9227
-1987
-9251
-2235
-9219
-2515
-9203
-2763
-9235
-2915
-9147
-3243
-9219
-3411
-9243
-3707
-9235
-3939
-9267
-4235
-9203
-4467
-9267
-4675
-9251
-4923
-9251
-5123
-9155
-5315
-9267
-5627
-9227
-5891
-9275
-6035
-9267
-6307
-9219
-6627
-9171
-6811
-9243
-7027
-9219
-7315
-9187
-7515
-9187
-7707
-9251
-7971
-9259
-8187
-9187
-8547
-9243
-8787
-9267
-8907
-9211
-9211
-9267
-9419
-9251
-9635
-9211
-9875
-9275
-10139
-9275
-10411
-9219
-10603
-9275
-10843
-9235
-11163
-9219
-11323
-9275
-11643
-9251
-11899
-9235
-12123
-9259
-12283
-9259
-12627
-9235
-12803
-9259
-13027
-9195
-13355
-9163
-13595
-9251
-13763
-9171
-13987
-9267
-14203
-9275
-14499
-9195
-14771
-9259
-14931
-9243
-15227
-9251
-15459
-9155
-15731
-9203
-15979
-9147
-16131
-9251
-16419
-9211
-16619
-9155
-16907
-9267
-17115
-9155
-17339
-9147
-17611
-9227
-17883
-9243
-18115
-9155
-18299
-9219
-18579
-9243
-18851
-9491
149
-9499
-83
-9507
-355
-9395
-635
-9467
-803
-9499
-1091
-9491
-1267
-9491
-1547
-9499
-1747
-9419
-1979
-9435
-2235
-9507
-2451
-9403
-2747
-9419
-2923
-9515
-3243
-9419
-3395
-9467
-3707
-9491
-3979
-9491
-4235
-9467
-4475
-9443
-4627
-9395
-4883
-9403
-5163
-9491
-5307
-9507
-5643
-9515
-5875
-9435
-6051
-9515
-6363
-9499
-6595
-9515
-6787
-9443
-7011
-9387
-7347
-9467
-7467
-9515
-7835
-9451
-8051
-9467
-8219
-9491
-8483
-9427
-8723
-9427
-8955
-9507
-9267
-9403
-9499
-9483
-9659
-9435
-9963
-9435
-10179
-9451
-10379
-9491
-10675
-9515
-10835
-9515
-11171
-9507
-11355
-9499
-11611
-9411
-11819
-9475
-12147
-9451
-12299
-9515
-12531
-9507
-12819
-9435
-12987
-9491
-13299
-9459
-13531
-9387
-13811
-9491
-14059
-9467
-14315
-9419
-14531
-9467
-14747
-9459
-15011
-9475
-15179
-9515
-15467
-9491
-15731
-9507
-15907
-9507
-16211
-9451
-16355
-9403
-16707
-9459
-16851
-9467
-17067
-9451
-17427
-9491
-17651
-9499
-17883
-9507
-18131
-9507
-18363
-9443
-18555
-9403
-18875
-9707
141
-9643
-115
-9739
-323
-9715
-611
-9651
-851
-9667
-987
-9723
-1251
-9667
-1547
-9683
-1771
-9627
-1947
-9707
-2243
-9707
-2523
-9715
-2715
-9683
-2923
-9707
-3227
-9747
-3395
-9715
-3731
-9699
-3899
-9643
-4139
-9643
-4395
-9643
-4595
-9691
-4827
-9755
-5067
-9667
-5403
-9627
-5651
-9731
-5915
-9715
-6067
-9723
-6355
-9747
-6523
-9747
-6867
-9715
-6995
-9755
-7251
-9723
-7563
-9723
-7819
-9699
-8043
-9643
-8219
-9675
-8475
-9635
-8723
-9691
-9011
-9723
-9179
-9675
-9499
-9731
-9659
-9675
-9883
-9723
-10107
-9627
-10475
-9755
-10667
-9731
-10867
-9723
-11075
-9651
-11347
-9667
-11611
-9667
-11867
-9707
-12091
-9755
-12323
-9683
-12627
-9723
-12811
-9723
-13067
-9723
-13307
-9675
-13499
-9691
-13795
-9739
-13947
-9683
-14235
-9635
-14523
-9755
-14715
-9755
-14995
-9635
-15155
-9755
-15499
-9747
-15715
-9731
-15923
-9651
-16211
-9707
-16371
-9715
-16611
-9715
-16931
-9683
-17139
-9683
-17395
-9747
-17659
-9659
-17859
-9707
-18107
-9747
-18315
-9683
-18507
-9667
-18827
-9907
125
-9915
-27
-9955
-371
-9987
-523
-9995
-787
-9891
-1067
-9883
-1259
-9923
-1515
-9875
-1707
-9939
-2043
-9979
-2299
-9939
-2515
-9987
-2779
-9995
-2923
-9899
-3187
-9923
-3427
-9979
-3699
-9971
-3915
-9987
-4227
-9907
-4395
-9971
-4619
-9963
-4891
-9995
-5123
-9891
-5315
-9971
-5627
-9915
-5787
-9891
-6035
-9907
-6339
-9915
-6595
-9947
-6771
-9867
-7035
-9883
-7235
-9995
-7587
-9907
-7795
-9939
-8051
-9955
-8299
-9875
-8507
-9987
-8755
-9995
-9003
-9931
-9155
-9931
-9387
-9915
-9699
-9907
-9915
-9963
-10203
-9995
-10443
-9979
-10699
-9979
-10955
-9899
-11067
-9883
-11379
-9899
-11547
-9931
-11859
-9891
-12083
-9891
-12307
-9955
-12611
-9883
-12827
-9931
-13083
-9971
-13291
-9987
-13563
-9963
-13827
-9939
-14003
-9923
-14219
-9915
-14451
-9995
-14691
-9987
-15035
-9987
-15267
-9987
-15443
-9979
-15635
-9915
-15875
-9955
-16155
-9915
-16363
-9979
-16619
-9979
-16923
-9867
-17075
-9899
-17427
-9971
-17611
-9979
-17907
-9947
-18083
-9947
-18307
-9987
-18507
-9963
-18819
-10219
149
-10123
-99
-10123
-371
-10131
-619
-10163
-851
-10227
-1091
-10187
-1243
-10187
-1531
-10155
-1819
-10107
-1963
-10163
-2259
-10163
-2459
-10219
-2787
-10155
-2947
-10171
-3147
-10123
-3387
-10147
-3643
-10131
-3971
-10219
-4195
-10171
-4403
-10235
-4587
-10211
-4947
-10235
-5099
-10171
-5419
-10115
-5563
-10219
-5907
-10203
-6083
-10131
-6347
-10227
-6619
-10211
-6867
-10139
-7107
-10179
-7291
-10147
-7515
-10107
-7723
-10211
-7979
-10219
-8219
-10211
-8435
-10147
-8691
-10235
-9019
-10235
-9163
-10227
-9475
-10171
-9691
-10203
-9995
-10211
-10195
-10195
-10451
-10211
-10667
-10171
-10827
-10123
-11131
-10235
-11355
-10203
-11651
-10211
-11883
-10155
-12123
-10211
-12283
-10171
-12603
-10227
-12851
-10187
-12995
-10171
-13251
-10115
-13595
-10163
-13771
-10115
-14019
-10203
-14219
-10203
-14467
-10187
-14771
-10219
-14939
-10235
-15251
-10195
-15515
-10203
-15739
-10179
-15931
-10211
-16235
-10179
-16371
-10139
-16675
-10211
-16883
-10171
-17195
-10227
-17363
-10203
-17571
-10171
-17827
-10195
-18051
-10147
-18339
-10139
-18611
-10115
-18859
-10451
109
-10427
-67
-10451
-395
-10475
-571
-10467
-859
-10411
-987
-10451
-1355
-10475
-1563
-10467
-1819
-10467
-2003
-10459
-2267
-10459
-2555
-10467
-2787
-10451
-2971
-10459
-3227
-10411
-3467
-10419
-3667
-10475
-3923
-10435
-4219
-10467
-4371
-10475
-4587
-10443
-4923
-10435
-5195
-10443
-5307
-10467
-5547
-10459
-5811
-10435
-6139
-10419
-6267
-10443
-6547
-10451
-6763
-10419
-7027
-10475
-7315
-10467
-7499
-10459
-7715
-10443
-7947
-10443
-8267
-10435
-8515
-10419
-8723
-10443
-9019
-10451
-9243
-10451
-9403
-10467
-9699
-10475
-9939
-10451
-10163
-10475
-10427
-10427
-10683
-10427
-10883
-10459
-11107
-10451
-11411
-10459
-11675
-10475
-11915
-10475
-12043
-10475
-12395
-10419
-12611
-10427
-12819
-10451
-12987
-10411
-13235
-10475
-13483
-10451
-13779
-10435
-13971
-10443
-14227
-10475
-14427
-10419
-14739
-10459
-14987
-10435
-15275
-10451
-15467
-10443
-15667
-10411
-15931
-10459
-16163
-10419
-16475
-10459
-16635
-10475
-16923
-10419
-17171
-10475
-17379
-10467
-17555
-10459
-17867
-10467
-18115
-10411
-18371
-10443
-18531
-10459
-18827
