101
347
139
-5
296
-390
484
-577
458
-839
301
-1070
268
-1290
207
-1493
466
-1763
397
-1975
159
-2238
135
-2511
177
-2707
225
-2987
159
-3189
145
-3427
87
-3705
527
-3883
191
-4099
105
-4361
139
-4577
93
-4911
109
-5087
133
-5307
85
-5555
117
-5915
93
-6051
85
-6275
85
-6555
133
-6835
125
-7079
149
-7335
93
-7571
85
-7771
85
-7999
85
-8279
141
-8511
117
-8707
133
-8955
125
-9191
117
-9395
125
-9739
101
-9955
109
-10163
101
-10347
125
-10715
149
-10947
109
-11163
149
-11387
93
-11667
85
-11899
117
-12131
101
-12323
117
-12579
149
-12819
93
-13091
85
-13331
101
-13571
93
-13715
85
-14035
109
-14227
117
-14555
149
-14707
93
-14907
133
-15235
101
-15451
117
-15723
101
-15867
101
-16227
141
-16355
93
-16643
101
-16859
149
-17179
133
-17331
93
-17563
109
-17899
133
-18075
117
-18275
117
-18531
101
-18827
-143
586
-73
-46
-132
-361
-18
-561
-121
-771
-69
-1053
-103
-1326
-132
-1525
-137
-1721
-83
-1985
-85
-2290
-109
-2507
-129
-2675
-119
-2903
-19
-3159
-91
-3409
-25
-3685
-119
-3867
-131
-4203
-141
-4419
-47
-4595
-107
-4819
-83
-5187
-27
-5399
-131
-5611
-63
-5887
-151
-6063
-47
-6379
-67
-6591
-111
-6803
-151
-7007
-151
-7259
-31
-7559
-103
-7711
-131
-8011
-107
-8267
-139
-8487
-11
-8679
-75
-8931
-103
-9219
-139
-9507
-147
-9739
-147
-9899
-107
-10163
-27
-10419
-43
-10659
-115
-10883
-91
-11107
-131
-11355
-147
-11547
-139
-11803
-107
-12123
-155
-12379
-115
-12619
-155
-12851
-99
-13075
-123
-13291
-115
-13579
-83
-13779
-99
-14051
-139
-14283
-139
-14531
-51
-14787
-147
-15019
-123
-15227
-99
-15491
-123
-15627
-83
-15907
-99
-16227
-99
-16395
-123
-16667
-139
-16955
-123
-17163
-43
-17371
-139
-17643
-115
-17859
-51
-18147
-75
-18291
-155
-18555
-99
-18843
-362
1994
-327
-39
-321
-351
-333
-543
-346
-783
-381
-1084
-344
-1305
-317
-1483
-257
-1705
-286
-1953
-362
-2285
-377
-2519
-303
-2649
-253
-3003
-321
-3153
-267
-3485
-263
-3617
-285
-3879
-283
-4197
-377
-4361
-267
-4611
-371
-4831
-343
-5107
-387
-5399
-335
-5555
-331
-5811
-291
-6035
-359
-6335
-371
-6503
-339
-6823
-319
-7059
-367
-7211
-307
-7527
-299
-7823
-303
-7967
-347
-8183
-323
-8511
-287
-8743
-359
-8907
-271
-9211
-331
-9387
-387
-9691
-363
-9899
-307
-10219
-379
-10411
-299
-10683
-379
-10827
-283
-11123
-275
-11307
-307
-11579
-395
-11819
-395
-12051
-299
-12323
-307
-12619
-323
-12763
-347
-12987
-355
-13323
-291
-13571
-387
-13779
-395
-14067
-371
-14315
-267
-14531
-307
-14683
-347
-15019
-395
-15187
-275
-15507
-307
-15643
-371
-15875
-347
-16139
-355
-16371
-339
-16643
-363
-16843
-331
-17123
-395
-17339
-371
-17659
-331
-17803
-355
-18107
-299
-18291
-379
-18547
-291
-18875
-519
1387
-504
-98
-609
-326
-581
-589
-603
-796
-539
-1090
-559
-1293
-509
-1468
-607
-1754
-622
-1995
-571
-2185
-563
-2449
-581
-2745
-575
-3011
-523
-3227
-571
-3455
-547
-3693
-507
-3955
-617
-4151
-493
-4455
-595
-4627
-631
-4831
-579
-5047
-559
-5339
-591
-5659
-591
-5879
-511
-6055
-555
-6363
-607
-6475
-615
-6719
-539
-7027
-583
-7287
-607
-7467
-527
-7803
-623
-7967
-619
-8171
-623
-8439
-631
-8675
-607
-9015
-543
-9251
-515
-9379
-635
-9667
-611
-9883
-523
-10219
-555
-10419
-563
-10627
-627
-10931
-507
-11155
-563
-11403
-619
-11659
-619
-11883
-555
-12091
-587
-12283
-627
-12507
-627
-12843
-603
-13067
-619
-13251
-571
-13491
-635
-13803
-515
-13979
-627
-14291
-531
-14555
-627
-14779
-563
-14995
-619
-15235
-531
-15427
-523
-15683
-539
-15867
-603
-16139
-587
-16435
-587
-16611
-603
-16939
-595
-17187
-619
-17435
-595
-17675
-603
-17915
-635
-18123
-515
-18275
-531
-18563
-579
-18875
-775
536
-757
-74
-849
-369
-813
-611
-855
-819
-814
-958
-840
-1300
-727
-1497
-833
-1739
-851
-1924
-827
-2278
-759
-2459
-809
-2689
-811
-2999
-763
-3151
-839
-3375
-823
-3621
-805
-3889
-793
-4147
-857
-4427
-727
-4681
-827
-4931
-835
-5115
-835
-5315
-847
-5607
-739
-5879
-803
-6039
-787
-6383
-747
-6491
-763
-6803
-843
-6975
-851
-7227
-831
-7543
-739
-7743
-731
-8007
-831
-8275
-847
-8495
-771
-8735
-819
-8975
-819
-9247
-819
-9391
-843
-9707
-827
-9883
-811
-10203
-771
-10403
-779
-10611
-747
-10947
-755
-11139
-803
-11307
-875
-11563
-867
-11803
-827
-12155
-867
-12363
-819
-12555
-827
-12827
-803
-13003
-755
-13307
-875
-13507
-859
-13787
-875
-14059
-851
-14275
-787
-14491
-835
-14771
-835
-14971
-811
-15179
-851
-15435
-755
-15723
-827
-15891
-827
-16155
-875
-16379
-827
-16643
-819
-16955
-803
-17155
-875
-17387
-843
-17675
-843
-17827
-779
-18027
-827
-18267
-859
-18507
-779
-18859
-1019
340
-985
-30
-1078
-278
-1083
-601
-1030
-727
-1075
-1014
-1007
-1295
-989
-1510
-1063
-1673
-978
-2027
-1003
-2276
-1047
-2413
-1097
-2755
-1087
-2967
-1091
-3237
-1037
-3503
-979
-3671
-975
-3937
-1077
-4197
-1083
-4335
-1027
-4681
-1059
-4955
-983
-5179
-1103
-5399
-1079
-5659
-1027
-5883
-1091
-6079
-1099
-6251
-1107
-6603
-999
-6771
-1091
-6963
-1091
-7275
-1091
-7567
-1027
-7775
-963
-8015
-1083
-8291
-1083
-8463
-1019
-8771
-1091
-8915
-1043
-9203
-995
-9383
-1091
-9731
-1067
-9883
-1107
-10107
-1107
-10459
-987
-10635
-1011
-10859
-1075
-11131
-1091
-11323
-1067
-11651
-1075
-11795
-1011
-12067
-1043
-12331
-1019
-12531
-1107
-12779
-1107
-13035
-1083
-13283
-1075
-13587
-1011
-13779
-1067
-13963
-1075
-14307
-1059
-14491
-1083
-14747
-1027
-14955
-1115
-15179
-1099
-15403
-1043
-15635
-995
-15907
-1115
-16123
-1083
-16379
-1059
-16659
-1059
-16835
-1043
-17083
-1059
-17323
-1027
-17595
-1115
-17851
-1091
-18147
-1115
-18395
-1099
-18619
-1115
-18819
-1347
885
-1337
-71
-1275
-330
-1249
-592
-1278
-847
-1299
-1007
-1231
-1265
-1295
-1568
-1291
-1798
-1267
-1999
-1291
-2195
-1309
-2441
-1273
-2755
-1243
-3003
-1331
-3163
-1251
-3379
-1253
-3623
-1263
-3907
-1333
-4209
-1273
-4439
-1233
-4561
-1343
-4915
-1327
-5087
-1315
-5279
-1315
-5599
-1271
-5847
-1307
-6007
-1283
-6327
-1231
-6511
-1291
-6771
-1239
-7071
-1211
-7227
-1259
-7567
-1279
-7731
-1339
-8035
-1295
-8203
-1319
-8483
-1347
-8663
-1355
-9007
-1255
-9239
-1291
-9459
-1259
-9755
-1299
-9875
-1315
-10203
-1299
-10443
-1355
-10595
-1275
-10851
-1283
-11115
-1227
-11339
-1331
-11571
-1355
-11891
-1307
-12075
-1331
-12291
-1323
-12531
-1331
-12843
-1347
-13083
-1291
-13347
-1275
-13507
-1331
-13779
-1323
-13979
-1307
-14251
-1299
-14483
-1291
-14731
-1315
-15035
-1283
-15227
-1307
-15435
-1299
-15691
-1355
-15987
-1315
-16139
-1299
-16467
-1315
-16707
-1227
-16907
-1275
-17187
-1331
-17339
-1307
-17651
-1355
-17851
-1267
-18131
-1283
-18275
-1267
-18507
-1235
-18811
-1499
237
-1561
-83
-1481
-233
-1505
-561
-1443
-737
-1451
-1001
-1581
-1339
-1507
-1515
-1539
-1699
-1531
-1949
-1495
-2271
-1545
-2539
-1575
-2689
-1491
-2977
-1575
-3239
-1519
-3463
-1535
-3615
-1515
-3867
-1585
-4151
-1525
-4395
-1543
-4693
-1491
-4923
-1487
-5155
-1583
-5279
-1503
-5607
-1523
-5815
-1503
-6075
-1467
-6319
-1467
-6571
-1479
-6771
-1575
-7051
-1547
-7283
-1495
-7559
-1579
-7815
-1575
-7979
-1467
-8275
-1531
-8423
-1531
-8727
-1495
-8979
-1519
-9195
-1547
-9395
-1515
-9715
-1579
-9867
-1531
-10147
-1539
-10371
-1515
-10619
-1563
-10843
-1563
-11067
-1531
-11419
-1587
-11595
-1547
-11875
-1547
-12059
-1483
-12267
-1571
-12531
-1547
-12851
-1467
-13115
-1507
-13243
-1531
-13539
-1523
-13763
-1595
-14067
-1571
-14187
-1571
-14547
-1491
-14795
-1587
-14963
-1499
-15187
-1579
-15499
-1579
-15731
-1587
-15883
-1587
-16235
-1539
-16363
-1595
-16587
-1579
-16899
-1507
-17195
-1571
-17419
-1467
-17587
-1547
-17795
-1499
-18147
-1491
-18291
-1499
-18507
-1531
-18875
-1807
1239
-1781
-149
-1785
-377
-1795
-487
-1767
-839
-1775
-1073
-1799
-1295
-1761
-1473
-1761
-1805
-1811
-1931
-1705
-2201
-1751
-2477
-1759
-2659
-1749
-2869
-1821
-3137
-1755
-3449
-1697
-3691
-1817
-3905
-1775
-4215
-1683
-4377
-1761
-4645
-1823
-4907
-1835
-5187
-1755
-5371
-1743
-5627
-1707
-5831
-1755
-6095
-1735
-6259
-1739
-6547
-1795
-6747
-1751
-7003
-1699
-7231
-1787
-7515
-1755
-7787
-1727
-8059
-1791
-8291
-1803
-8503
-1807
-8671
-1803
-8983
-1795
-9259
-1775
-9443
-1835
-9683
-1739
-9963
-1787
-10195
-1787
-10347
-1819
-10691
-1731
-10867
-1755
-11171
-1819
-11323
-1819
-11627
-1803
-11859
-1755
-12051
-1803
-12307
-1795
-12571
-1819
-12843
-1835
-13075
-1827
-13315
-1755
-13571
-1803
-13771
-1723
-14043
-1819
-14235
-1819
-14451
-1787
-14747
-1819
-14947
-1715
-15195
-1763
-15451
-1827
-15675
-1763
-15963
-1731
-16227
-1763
-16411
-1779
-16603
-1731
-16947
-1731
-17123
-1803
-17411
-1795
-17611
-1763
-17875
-1835
-18035
-1779
-18267
-1795
-18507
-1707
-18851
-2047
557
-1981
-43
-2025
-365
-2007
-571
-1993
-773
-1935
-1031
-2043
-1213
-1947
-1499
-2047
-1755
-1939
-2027
-1985
-2187
-2063
-2403
-2011
-2755
-2027
-2929
-2053
-3227
-2041
-3407
-1959
-3699
-2009
-3907
-2039
-4227
-2039
-4355
-2051
-4607
-1943
-4955
-1999
-5135
-2051
-5395
-2003
-5563
-2047
-5787
-1995
-6103
-1987
-6307
-1959
-6539
-2059
-6799
-1987
-7055
-2027
-7275
-2023
-7543
-1935
-7755
-2027
-8075
-2043
-8267
-2007
-8475
-2075
-8739
-1959
-8999
-1995
-9251
-1959
-9447
-1979
-9675
-2067
-9915
-2051
-10107
-2027
-10435
-2059
-10715
-2019
-10915
-2003
-11115
-1979
-11403
-2027
-11595
-2019
-11803
-2059
-12059
-2051
-12379
-2043
-12547
-2035
-12779
-2043
-13083
-1979
-13307
-2059
-13507
-2051
-13835
-2051
-14067
-2067
-14315
-2019
-14451
-2059
-14779
-2027
-14939
-2067
-15195
-1955
-15483
-2075
-15627
-2019
-15971
-2027
-16211
-2003
-16419
-1979
-16707
-2075
-16947
-1971
-17139
-2019
-17323
-1995
-17611
-1987
-17907
-1947
-18115
-1955
-18283
-1987
-18603
-1987
-18835
-2195
667
-2211
-151
-2171
-263
-2219
-537
-2211
-839
-2287
-1091
-2267
-1263
-2279
-1507
-2291
-1733
-2223
-1979
-2239
-2267
-2181
-2447
-2283
-2655
-2245
-2983
-2219
-3129
-2259
-3447
-2191
-3637
-2243
-3929
-2217
-4091
-2279
-4385
-2191
-4661
-2195
-4915
-2259
-5139
-2191
-5387
-2179
-5607
-2179
-5871
-2271
-6047
-2267
-6335
-2267
-6595
-2195
-6787
-2251
-7027
-2187
-7299
-2251
-7539
-2307
-7747
-2203
-8035
-2295
-8195
-2287
-8507
-2299
-8767
-2279
-8923
-2295
-9223
-2275
-9427
-2267
-9699
-2291
-9923
-2259
-10219
-2283
-10475
-2219
-10691
-2219
-10947
-2251
-11107
-2235
-11347
-2315
-11571
-2299
-11899
-2211
-12051
-2275
-12387
-2315
-12515
-2283
-12803
-2275
-13027
-2291
-13251
-2203
-13531
-2259
-13835
-2291
-14035
-2299
-14315
-2227
-14491
-2243
-14779
-2291
-14931
-2227
-15179
-2211
-15435
-2283
-15691
-2283
-15891
-2307
-16187
-2299
-16387
-2299
-16707
-2275
-16851
-2227
-17139
-2219
-17427
-2275
-17611
-2315
-17899
-2307
-18075
-2259
-18315
-2307
-18563
-2283
-18851
-2515
891
-2441
-59
-2531
-293
-2439
-481
-2507
-843
-2527
-1039
-2495
-1329
-2491
-1539
-2495
-1743
-2491
-2017
-2499
-2223
-2533
-2413
-2541
-2735
-2505
-2943
-2453
-3137
-2523
-3475
-2445
-3635
-2441
-3955
-2491
-4147
-2395
-4435
-2447
-4671
-2531
-4819
-2419
-5095
-2531
-5423
-2519
-5639
-2539
-5851
-2459
-6131
-2427
-6347
-2539
-6627
-2483
-6755
-2519
-7083
-2515
-7283
-2531
-7511
-2543
-7779
-2427
-7975
-2535
-8191
-2519
-8495
-2551
-8739
-2523
-8895
-2539
-9167
-2491
-9427
-2427
-9675
-2475
-9979
-2515
-10123
-2531
-10411
-2507
-10611
-2483
-10843
-2531
-11107
-2523
-11323
-2555
-11555
-2515
-11899
-2427
-12123
-2507
-12331
-2555
-12523
-2499
-12875
-2515
-13035
-2531
-13331
-2515
-13491
-2467
-13811
-2475
-13987
-2475
-14275
-2523
-14483
-2531
-14715
-2547
-14931
-2499
-15179
-2547
-15435
-2547
-15635
-2451
-15891
-2499
-16227
-2483
-16411
-2539
-16715
-2523
-16859
-2427
-17179
-2459
-17323
-2531
-17595
-2539
-17819
-2523
-18075
-2459
-18395
-2531
-18523
-2499
-18867
-2707
125
-2683
-105
-2755
-343
-2783
-603
-2771
-827
-2687
-971
-2775
-1339
-2735
-1451
-2675
-1783
-2763
-2003
-2675
-2249
-2739
-2499
-2771
-2699
-2707
-3015
-2787
-3151
-2747
-3463
-2775
-3691
-2763
-3907
-2743
-4155
-2703
-4411
-2755
-4603
-2767
-4843
-2675
-5175
-2755
-5399
-2695
-5667
-2675
-5775
-2679
-6071
-2683
-6323
-2707
-6571
-2715
-6787
-2731
-6979
-2743
-7279
-2675
-7579
-2687
-7691
-2655
-7963
-2691
-8207
-2671
-8459
-2787
-8675
-2683
-8903
-2775
-9203
-2683
-9483
-2771
-9643
-2667
-9955
-2779
-10163
-2779
-10435
-2771
-10635
-2771
-10891
-2723
-11107
-2747
-11339
-2675
-11667
-2691
-11859
-2723
-12107
-2683
-12395
-2723
-12635
-2707
-12859
-2723
-12987
-2779
-13347
-2731
-13515
-2683
-13715
-2707
-13955
-2787
-14267
-2787
-14483
-2699
-14675
-2779
-15027
-2683
-15203
-2779
-15499
-2763
-15643
-2675
-15963
-2723
-16219
-2779
-16427
-2747
-16683
-2715
-16907
-2763
-17123
-2763
-17419
-2739
-17611
-2771
-17907
-2707
-18075
-2795
-18379
-2795
-18611
-2723
-18843
-2983
101
-2907
-115
-3023
-279
-3011
-579
-2995
-827
-2987
-1027
-2999
-1331
-2979
-1495
-2911
-1751
-2971
-2031
-2995
-2175
-2931
-2455
-3003
-2787
-3007
-2919
-3027
-3175
-2979
-3491
-2943
-3707
-2915
-3871
-2963
-4211
-2967
-4415
-2915
-4603
-2895
-4811
-3027
-5147
-2939
-5355
-3011
-5563
-2903
-5827
-2971
-6143
-2955
-6291
-2943
-6551
-2987
-6731
-2995
-7059
-2891
-7231
-2995
-7479
-2995
-7803
-2971
-8015
-2939
-8211
-2995
-8487
-2883
-8723
-2895
-8911
-2987
-9207
-2971
-9427
-3019
-9707
-2955
-9899
-2987
-10155
-2907
-10427
-3035
-10587
-2979
-10883
-3027
-11139
-3003
-11435
-2979
-11659
-3003
-11875
-3019
-12099
-2979
-12395
-3027
-12587
-3011
-12747
-3027
-13059
-2995
-13275
-2955
-13499
-2931
-13731
-3035
-13995
-2907
-14307
-3035
-14547
-3011
-14707
-3019
-14995
-3019
-15243
-2939
-15475
-3019
-15731
-2947
-15883
-3003
-16115
-2995
-16467
-2947
-16619
-2939
-16883
-2915
-17195
-2995
-17307
-2955
-17579
-3019
-17851
-3003
-18131
-2931
-18371
-2955
-18571
-3019
-18867
-3243
125
-3227
-123
-3131
-371
-3247
-575
-3131
-743
-3235
-1075
-3211
-1351
-3239
-1499
-3163
-1779
-3135
-2055
-3223
-2251
-3127
-2439
-3243
-2775
-3259
-3027
-3203
-3175
-3163
-3447
-3187
-3635
-3195
-3923
-3195
-4095
-3219
-4327
-3195
-4707
-3203
-4931
-3195
-5115
-3239
-5351
-3187
-5611
-3167
-5875
-3191
-6063
-3211
-6303
-3231
-6507
-3167
-6763
-3187
-7043
-3203
-7267
-3195
-7499
-3179
-7735
-3175
-8071
-3247
-8167
-3227
-8451
-3259
-8675
-3259
-9011
-3227
-9175
-3171
-9459
-3171
-9691
-3251
-9971
-3243
-10211
-3179
-10379
-3259
-10635
-3195
-10867
-3203
-11179
-3187
-11307
-3203
-11587
-3275
-11859
-3251
-12027
-3251
-12291
-3267
-12515
-3227
-12747
-3259
-13051
-3187
-13331
-3147
-13523
-3211
-13707
-3227
-13995
-3243
-14267
-3171
-14547
-3243
-14739
-3171
-14931
-3259
-15235
-3243
-15515
-3259
-15707
-3179
-15939
-3235
-16187
-3211
-16379
-3203
-16659
-3235
-16875
-3235
-17083
-3203
-17371
-3251
-17667
-3203
-17875
-3243
-18155
-3179
-18387
-3251
-18531
-3203
-18851
-3503
133
-3383
-31
-3435
-307
-3379
-527
-3423
-799
-3495
-995
-3455
-1287
-3435
-1571
-3391
-1683
-3375
-1943
-3475
-2179
-3515
-2443
-3435
-2771
-3503
-2923
-3363
-3275
-3391
-3475
-3399
-3747
-3491
-3903
-3455
-4147
-3463
-4451
-3435
-4619
-3503
-4951
-3487
-5075
-3451
-5391
-3495
-5531
-3495
-5903
-3487
-6043
-3483
-6303
-3479
-6547
-3491
-6759
-3463
-7087
-3403
-7331
-3403
-7463
-3407
-7727
-3411
-8007
-3479
-8155
-3499
-8555
-3383
-8767
-3483
-8895
-3415
-9207
-3443
-9379
-3435
-9651
-3499
-9955
-3467
-10179
-3499
-10395
-3395
-10635
-3467
-10931
-3403
-11067
-3459
-11379
-3491
-11619
-3499
-11915
-3491
-12099
-3427
-12371
-3483
-12555
-3515
-12763
-3467
-13115
-3403
-13347
-3507
-13515
-3515
-13755
-3491
-14051
-3507
-14227
-3451
-14499
-3387
-14715
-3491
-14995
-3411
-15195
-3395
-15475
-3507
-15643
-3515
-15955
-3395
-16187
-3507
-16379
-3427
-16699
-3475
-16899
-3435
-17163
-3435
-17331
-3443
-17635
-3491
-17803
-3443
-18115
-3515
-18315
-3467
-18539
-3507
-18819
-3699
141
-3695
-135
-3751
-363
-3747
-523
-3687
-775
-3699
-1067
-3707
-1327
-3647
-1567
-3687
-1747
-3683
-2007
-3635
-2307
-3675
-2531
-3651
-2687
-3743
-2979
-3735
-3211
-3639
-3383
-3715
-3699
-3651
-3947
-3619
-4191
-3747
-4435
-3755
-4599
-3651
-4919
-3723
-5127
-3663
-5359
-3615
-5635
-3743
-5867
-3687
-6103
-3663
-6331
-3731
-6587
-3747
-6859
-3679
-7027
-3639
-7335
-3699
-7515
-3703
-7779
-3651
-7915
-3691
-8259
-3723
-8443
-3675
-8703
-3683
-8979
-3731
-9151
-3707
-9463
-3627
-9715
-3747
-9867
-3699
-10227
-3723
-10411
-3747
-10667
-3683
-10891
-3755
-11131
-3755
-11363
-3739
-11611
-3715
-11803
-3699
-12107
-3707
-12307
-3651
-12611
-3747
-12875
-3715
-13115
-3699
-13291
-3643
-13467
-3715
-13787
-3747
-13963
-3731
-14267
-3643
-14459
-3731
-14731
-3651
-14955
-3755
-15155
-3683
-15411
-3651
-15635
-3635
-15899
-3643
-16203
-3723
-16411
-3691
-16675
-3747
-16931
-3699
-17163
-3627
-17315
-3643
-17619
-3635
-17891
-3731
-18075
-3739
-18371
-3667
-18587
-3699
-18835
-3843
109
-3867
-31
-3979
-299
-3955
-595
-3983
-863
-3879
-967
-3855
-1283
-3967
-1515
-3895
-1815
-3963
-2027
-3939
-2183
-3979
-2531
-3951
-2791
-3927
-2979
-3963
-3159
-3863
-3363
-3903
-3623
-3975
-3915
-3899
-4215
-3935
-4435
-3935
-4575
-3939
-4867
-3859
-5159
-3959
-5355
-3875
-5635
-3975
-5887
-3963
-5995
-3959
-6387
-3911
-6571
-3943
-6847
-3923
-7011
-3983
-7295
-3923
-7587
-3915
-7711
-3951
-7999
-3883
-8227
-3951
-8507
-3919
-8663
-3939
-8907
-3959
-9235
-3907
-9451
-3987
-9627
-3995
-9899
-3979
-10107
-3979
-10403
-3995
-10643
-3883
-10843
-3979
-11107
-3915
-11347
-3883
-11675
-3867
-11867
-3955
-12027
-3923
-12275
-3955
-12619
-3995
-12875
-3995
-13067
-3987
-13355
-3867
-13467
-3899
-13819
-3947
-14067
-3987
-14283
-3931
-14547
-3987
-14763
-3947
-14931
-3963
-15147
-3883
-15499
-3971
-15747
-3979
-15963
-3923
-16123
-3987
-16387
-3987
-16627
-3995
-16851
-3907
-17083
-3915
-17419
-3931
-17555
-3939
-17915
-3955
-18091
-3907
-18363
-3907
-18571
-3987
-18843
-4143
85
-4211
-35
-4215
-255
-4163
-635
-4199
-795
-4107
-1091
-4135
-1335
-4167
-1491
-4131
-1691
-4211
-2031
-4175
-2263
-4215
-2427
-4159
-2771
-4191
-2919
-4207
-3235
-4127
-3407
-4211
-3635
-4215
-3883
-4131
-4167
-4139
-4399
-4123
-4663
-4151
-4819
-4235
-5191
-4099
-5355
-4167
-5643
-4095
-5823
-4195
-6079
-4139
-6335
-4195
-6575
-4183
-6863
-4159
-6999
-4187
-7259
-4195
-7463
-4211
-7743
-4107
-7919
-4179
-8179
-4103
-8427
-4191
-8699
-4179
-8963
-4175
-9223
-4207
-9395
-4123
-9731
-4211
-9987
-4115
-10219
-4211
-10379
-4227
-10643
-4219
-10915
-4187
-11083
-4203
-11355
-4227
-11611
-4195
-11859
-4203
-12123
-4147
-12387
-4203
-12579
-4179
-12867
-4155
-13059
-4139
-13323
-4107
-13523
-4211
-13715
-4179
-14027
-4131
-14243
-4147
-14427
-4235
-14683
-4195
-14987
-4227
-15211
-4227
-15419
-4235
-15627
-4235
-15867
-4139
-16219
-4115
-16435
-4219
-16707
-4227
-16835
-4211
-17091
-4115
-17347
-4163
-17619
-4139
-17915
-4179
-18123
-4195
-18395
-4235
-18539
-4163
-18827
-4395
101
-4351
-147
-4411
-287
-4415
-579
-4447
-751
-4419
-1003
-4391
-1319
-4387
-1471
-4419
-1819
-4387
-2031
-4395
-2303
-4435
-2511
-4423
-2707
-4431
-2927
-4415
-3255
-4419
-3431
-4439
-3687
-4447
-3911
-4443
-4191
-4371
-4439
-4423
-4635
-4383
-4811
-4447
-5147
-4355
-5347
-4439
-5571
-4359
-5839
-4415
-6147
-4399
-6375
-4371
-6515
-4459
-6759
-4427
-7027
-4379
-7323
-4435
-7479
-4443
-7799
-4403
-7943
-4451
-8171
-4387
-8459
-4363
-8695
-4419
-9031
-4423
-9123
-4395
-9455
-4443
-9659
-4411
-9883
-4371
-10219
-4427
-10379
-4411
-10603
-4347
-10891
-4355
-11171
-4371
-11371
-4403
-11675
-4419
-11899
-4411
-12043
-4435
-12323
-4451
-12547
-4459
-12835
-4419
-13091
-4355
-13267
-4467
-13547
-4355
-13723
-4467
-14059
-4411
-14235
-4435
-14547
-4459
-14667
-4371
-14987
-4459
-15251
-4395
-15435
-4363
-15739
-4387
-15867
-4451
-16115
-4451
-16459
-4411
-16595
-4403
-16947
-4451
-17083
-4459
-17419
-4475
-17651
-4443
-17795
-4419
-18131
-4371
-18275
-4459
-18635
-4403
-18827
-4639
101
-4619
-123
-4655
-323
-4635
-635
-4571
-815
-4591
-983
-4651
-1315
-4675
-1527
-4691
-1707
-4695
-1951
-4643
-2207
-4643
-2411
-4607
-2751
-4683
-2987
-4591
-3139
-4715
-3459
-4679
-3619
-4655
-3907
-4687
-4131
-4659
-4399
-4611
-4619
-4639
-4839
-4671
-5123
-4707
-5367
-4679
-5619
-4647
-5827
-4683
-6095
-4643
-6339
-4643
-6623
-4715
-6747
-4595
-6963
-4695
-7335
-4651
-7467
-4635
-7795
-4691
-8019
-4583
-8267
-4635
-8523
-4683
-8779
-4667
-8927
-4695
-9171
-4651
-9403
-4675
-9699
-4603
-9883
-4651
-10107
-4667
-10435
-4691
-10587
-4675
-10843
-4715
-11091
-4643
-11371
-4683
-11547
-4691
-11787
-4683
-12139
-4627
-12363
-4715
-12523
-4611
-12763
-4715
-13035
-4667
-13243
-4715
-13531
-4643
-13819
-4715
-13971
-4659
-14275
-4619
-14483
-4659
-14691
-4707
-15011
-4707
-15203
-4627
-15507
-4715
-15667
-4603
-15867
-4611
-16107
-4715
-16467
-4691
-16619
-4675
-16851
-4707
-17195
-4683
-17307
-4683
-17659
-4595
-17835
-4667
-18027
-4675
-18307
-4715
-18619
-4707
-18843
-4915
125
-4859
-131
-4903
-343
-4907
-595
-4807
-815
-4915
-991
-4907
-1323
-4923
-1543
-4851
-1807
-4883
-2023
-4835
-2235
-4863
-2471
-4811
-2691
-4939
-2915
-4923
-3127
-4943
-3407
-4871
-3619
-4931
-3919
-4843
-4179
-4803
-4347
-4919
-4671
-4859
-4947
-4879
-5107
-4935
-5339
-4859
-5635
-4943
-5807
-4879
-6103
-4823
-6243
-4871
-6543
-4831
-6755
-4923
-7063
-4891
-7303
-4931
-7523
-4947
-7727
-4911
-8043
-4927
-8231
-4839
-8535
-4823
-8699
-4919
-8975
-4803
-9139
-4867
-9383
-4955
-9683
-4875
-9947
-4899
-10147
-4835
-10419
-4859
-10595
-4835
-10931
-4939
-11195
-4955
-11331
-4955
-11619
-4859
-11915
-4947
-12043
-4907
-12283
-4931
-12555
-4891
-12875
-4939
-12987
-4851
-13315
-4923
-13555
-4899
-13803
-4835
-14075
-4923
-14315
-4915
-14491
-4835
-14667
-4899
-14915
-4907
-15227
-4859
-15443
-4891
-15683
-4947
-15987
-4891
-16211
-4939
-16435
-4915
-16659
-4939
-16843
-4851
-17195
-4931
-17355
-4939
-17579
-4843
-17811
-4923
-18043
-4843
-18291
-4939
-18619
-4883
-18819
-5099
109
-5159
-31
-5143
-331
-5091
-611
-5131
-771
-5183
-1043
-5107
-1235
-5123
-1483
-5131
-1787
-5075
-1923
-5115
-2219
-5083
-2531
-5139
-2699
-5163
-2995
-5151
-3191
-5095
-3507
-5139
-3623
-5115
-3851
-5131
-4119
-5131
-4351
-5103
-4635
-5083
-4843
-5087
-5131
-5071
-5311
-5127
-5663
-5175
-5795
-5155
-6059
-5087
-6251
-5067
-6575
-5059
-6823
-5127
-7075
-5111
-7323
-5163
-7467
-5127
-7811
-5071
-8071
-5171
-8223
-5163
-8539
-5139
-8663
-5179
-8915
-5163
-9123
-5067
-9435
-5131
-9675
-5155
-9971
-5179
-10235
-5195
-10451
-5155
-10595
-5139
-10923
-5083
-11075
-5115
-11371
-5147
-11611
-5091
-11795
-5075
-12043
-5147
-12347
-5163
-12507
-5195
-12819
-5179
-13083
-5123
-13235
-5091
-13547
-5115
-13803
-5131
-13947
-5147
-14227
-5115
-14483
-5107
-14715
-5139
-14947
-5139
-15147
-5195
-15491
-5179
-15707
-5123
-15931
-5163
-16155
-5131
-16379
-5107
-16635
-5163
-16867
-5115
-17123
-5091
-17307
-5163
-17659
-5083
-17803
-5155
-18035
-5187
-18315
-5171
-18595
-5147
-18867
-5307
85
-5419
-123
-5387
-299
-5371
-599
-5427
-787
-5387
-1051
-5411
-1323
-5395
-1539
-5411
-1715
-5427
-1979
-5435
-2219
-5371
-2407
-5347
-2763
-5315
-2939
-5347
-3211
-5387
-3451
-5379
-3607
-5395
-3951
-5395
-4107
-5371
-4339
-5403
-4659
-5419
-4843
-5435
-5163
-5339
-5347
-5435
-5643
-5339
-5891
-5403
-6123
-5403
-6267
-5379
-6539
-5363
-6851
-5427
-7027
-5427
-7267
-5435
-7539
-5411
-7707
-5419
-7947
-5435
-8219
-5371
-8435
-5427
-8699
-5323
-8975
-5419
-9211
-5427
-9475
-5355
-9723
-5347
-9979
-5379
-10147
-5427
-10435
-5411
-10659
-5419
-10875
-5403
-11091
-5355
-11371
-5427
-11659
-5395
-11827
-5387
-12115
-5427
-12355
-5427
-12579
-5307
-12787
-5411
-13003
-5387
-13299
-5387
-13547
-5411
-13819
-5323
-14027
-5363
-14291
-5411
-14515
-5419
-14667
-5363
-14971
-5379
-15187
-5323
-15451
-5331
-15723
-5427
-15939
-5363
-16123
-5403
-16451
-5427
-16691
-5419
-16947
-5355
-17099
-5395
-17339
-5403
-17579
-5419
-17819
-5307
-18091
-5371
-18291
-5307
-18507
-5331
-18811
-5659
141
-5667
-99
-5643
-291
-5563
-611
-5643
-867
-5619
-1115
-5579
-1323
-5635
-1595
-5619
-1795
-5611
-2059
-5555
-2187
-5603
-2467
-5555
-2731
-5667
-2955
-5643
-3275
-5555
-3403
-5643
-3691
-5587
-3915
-5651
-4211
-5571
-4371
-5675
-4643
-5659
-4835
-5587
-5107
-5667
-5323
-5571
-5579
-5667
-5891
-5587
-6131
-5579
-6307
-5659
-6619
-5651
-6779
-5547
-7035
-5643
-7323
-5643
-7515
-5603
-7755
-5667
-8059
-5659
-8283
-5627
-8547
-5619
-8715
-5659
-8995
-5659
-9155
-5675
-9443
-5587
-9691
-5667
-9995
-5627
-10115
-5563
-10355
-5611
-10699
-5643
-10899
-5667
-11099
-5627
-11355
-5619
-11675
-5651
-11867
-5659
-12115
-5659
-12267
-5563
-12523
-5579
-12867
-5587
-12995
-5547
-13339
-5635
-13531
-5555
-13819
-5547
-14067
-5667
-14219
-5635
-14555
-5627
-14715
-5675
-14931
-5627
-15251
-5619
-15483
-5555
-15715
-5659
-15899
-5587
-16203
-5587
-16467
-5635
-16691
-5667
-16883
-5651
-17107
-5619
-17323
-5627
-17635
-5667
-17795
-5675
-18035
-5643
-18347
-5659
-18563
-5579
-18875
-5867
93
-5891
-123
-5811
-355
-5851
-555
-5891
-803
-5811
-1067
-5915
-1251
-5899
-1539
-5851
-1795
-5795
-2027
-5827
-2307
-5891
-2459
-5891
-2747
-5843
-2931
-5899
-3219
-5875
-3499
-5891
-3651
-5787
-3939
-5899
-4203
-5891
-4451
-5851
-4643
-5827
-4843
-5835
-5163
-5875
-5323
-5883
-5603
-5867
-5907
-5803
-6067
-5899
-6275
-5883
-6523
-5819
-6763
-5843
-7075
-5811
-7347
-5907
-7571
-5907
-7747
-5899
-7987
-5803
-8251
-5891
-8483
-5883
-8739
-5859
-9035
-5843
-9155
-5859
-9403
-5859
-9747
-5875
-9963
-5915
-10219
-5843
-10403
-5867
-10707
-5787
-10915
-5819
-11131
-5915
-11395
-5915
-11587
-5851
-11891
-5907
-12059
-5851
-12379
-5803
-12579
-5851
-12803
-5859
-13019
-5907
-13267
-5803
-13539
-5819
-13755
-5859
-13947
-5803
-14243
-5883
-14459
-5899
-14747
-5787
-15003
-5907
-15195
-5875
-15403
-5875
-15707
-5787
-15875
-5843
-16187
-5859
-16363
-5907
-16627
-5843
-16859
-5899
-17155
-5819
-17347
-5899
-17547
-5819
-17811
-5891
-18051
-5803
-18395
-5891
-18579
-5811
-18843
-6051
109
-6155
-35
-6155
-307
-6115
-611
-6131
-835
-6035
-1091
-6091
-1307
-6139
-1491
-6155
-1803
-6147
-1955
-6107
-2195
-6123
-2539
-6115
-2667
-6051
-2939
-6067
-3163
-6147
-3419
-6139
-3755
-6139
-3931
-6051
-4115
-6043
-4403
-6155
-4643
-6147
-4939
-6147
-5075
-6147
-5395
-6043
-5643
-6131
-5859
-6147
-6099
-6027
-6315
-6051
-6547
-6131
-6755
-6091
-7083
-6059
-7235
-6027
-7483
-6155
-7747
-6139
-7955
-6043
-8299
-6139
-8531
-6051
-8675
-6051
-8963
-6131
-9171
-6059
-9435
-6059
-9667
-6099
-9995
-6147
-10123
-6107
-10459
-6091
-10691
-6107
-10843
-6059
-11091
-6115
-11331
-6091
-11635
-6155
-11899
-6155
-12131
-6147
-12331
-6075
-12507
-6099
-12771
-6099
-13059
-6043
-13299
-6115
-13475
-6155
-13755
-6107
-14051
-6035
-14203
-6147
-14547
-6059
-14779
-6139
-14971
-6107
-15259
-6027
-15483
-6147
-15739
-6139
-15963
-6155
-16227
-6155
-16347
-6083
-16635
-6131
-16923
-6131
-17091
-6139
-17323
-6123
-17555
-6099
-17899
-6075
-18083
-6147
-18267
-6131
-18555
-6075
-18819
-6387
125
-6339
-27
-6371
-275
-6363
-547
-6275
-827
-6291
-987
-6379
-1283
-6291
-1523
-6387
-1811
-6395
-2035
-6275
-2251
-6355
-2539
-6291
-2683
-6387
-2963
-6395
-3171
-6339
-3507
-6331
-3691
-6339
-3907
-6387
-4115
-6315
-4467
-6347
-4659
-6355
-4843
-6395
-5067
-6299
-5411
-6307
-5563
-6379
-5891
-6387
-6131
-6371
-6307
-6363
-6515
-6275
-6859
-6355
-7075
-6371
-7331
-6307
-7523
-6355
-7731
-6387
-8067
-6387
-8259
-6283
-8491
-6363
-8691
-6395
-8939
-6291
-9163
-6275
-9515
-6347
-9659
-6299
-9955
-6347
-10139
-6331
-10443
-6275
-10635
-6267
-10875
-6315
-11139
-6307
-11411
-6355
-11547
-6387
-11899
-6395
-12043
-6339
-12291
-6347
-12515
-6331
-12827
-6363
-13043
-6355
-13347
-6355
-13579
-6339
-13755
-6371
-14035
-6387
-14315
-6315
-14547
-6355
-14747
-6283
-14963
-6331
-15179
-6339
-15451
-6315
-15739
-6331
-15891
-6387
-16227
-6339
-16459
-6363
-16587
-6371
-16827
-6387
-17115
-6395
-17323
-6387
-17571
-6347
-17867
-6387
-18027
-6363
-18299
-6267
-18531
-6387
-18851
-6547
85
-6563
-147
-6579
-395
-6627
-563
-6579
-843
-6603
-1059
-6579
-1251
-6635
-1571
-6627
-1803
-6635
-2043
-6627
-2227
-6563
-2443
-6627
-2675
-6531
-3027
-6611
-3243
-6627
-3427
-6619
-3635
-6523
-3955
-6627
-4203
-6579
-4451
-6611
-4611
-6627
-4851
-6619
-5107
-6515
-5419
-6603
-5571
-6627
-5875
-6619
-6091
-6515
-6267
-6563
-6515
-6547
-6803
-6523
-6995
-6563
-7291
-6579
-7571
-6635
-7707
-6563
-8043
-6635
-8283
-6555
-8547
-6611
-8771
-6603
-9019
-6603
-9155
-6619
-9459
-6619
-9643
-6563
-9883
-6539
-10131
-6555
-10363
-6515
-10619
-6531
-10947
-6595
-11195
-6619
-11355
-6579
-11547
-6547
-11907
-6627
-12155
-6579
-12331
-6571
-12579
-6595
-12771
-6611
-13059
-6611
-13291
-6555
-13491
-6619
-13715
-6635
-13979
-6635
-14243
-6635
-14523
-6563
-14787
-6547
-14915
-6627
-15179
-6531
-15443
-6603
-15715
-6507
-15939
-6531
-16187
-6507
-16387
-6595
-16595
-6579
-16827
-6531
-17155
-6547
-17363
-6579
-17611
-6563
-17843
-6635
-18075
-6515
-18355
-6523
-18635
-6595
-18867
-6827
93
-6755
-51
-6803
-299
-6795
-595
-6835
-779
-6787
-1043
-6867
-1291
-6811
-1595
-6875
-1787
-6835
-2003
-6771
-2307
-6835
-2547
-6819
-2763
-6859
-2931
-6867
-3163
-6819
-3387
-6851
-3723
-6851
-3891
-6803
-4147
-6755
-4355
-6827
-4643
-6827
-4859
-6827
-5091
-6835
-5427
-6859
-5547
-6779
-5835
-6867
-6067
-6875
-6339
-6787
-6579
-6811
-6795
-6875
-7099
-6843
-7267
-6859
-7523
-6867
-7747
-6867
-7979
-6835
-8219
-6755
-8507
-6875
-8787
-6851
-9035
-6835
-9235
-6859
-9435
-6819
-9643
-6803
-9923
-6771
-10171
-6875
-10395
-6875
-10715
-6835
-10835
-6819
-11075
-6803
-11435
-6859
-11579
-6851
-11907
-6859
-12027
-6771
-12267
-6867
-12571
-6851
-12851
-6771
-13115
-6843
-13243
-6843
-13587
-6875
-13803
-6835
-14011
-6835
-14203
-6843
-14443
-6811
-14667
-6867
-14955
-6771
-15243
-6867
-15419
-6835
-15715
-6771
-15915
-6803
-16179
-6843
-16355
-6803
-16707
-6827
-16947
-6779
-17107
-6755
-17323
-6859
-17603
-6867
-17915
-6875
-18099
-6875
-18379
-6787
-18635
-6811
-18811
-7011
133
-7059
-67
-7035
-323
-7107
-563
-7091
-835
-7107
-1043
-7043
-1235
-7075
-1539
-7075
-1819
-7075
-2075
-7091
-2251
-7035
-2547
-7011
-2787
-7107
-2971
-7075
-3243
-7075
-3475
-7027
-3683
-7027
-3995
-7067
-4139
-7011
-4475
-7083
-4691
-7075
-4867
-7043
-5163
-7107
-5427
-7043
-5571
-7091
-5803
-7011
-6091
-6987
-6371
-7027
-6611
-7099
-6755
-7043
-7043
-7035
-7283
-6995
-7579
-7091
-7771
-7091
-7947
-7107
-8275
-6987
-8547
-7019
-8779
-7043
-8931
-7035
-9179
-7115
-9491
-7019
-9723
-7075
-9947
-7115
-10235
-7083
-10467
-7091
-10643
-7099
-10939
-7051
-11131
-7067
-11331
-7051
-11611
-7115
-11899
-7043
-12139
-7059
-12339
-7115
-12587
-7115
-12755
-7059
-13115
-7003
-13275
-7035
-13547
-7027
-13739
-7107
-13947
-7107
-14195
-7075
-14547
-7107
-14755
-6995
-14923
-7115
-15275
-7091
-15435
-7075
-15699
-7107
-15995
-7107
-16227
-7083
-16355
-7059
-16683
-7099
-16867
-7011
-17107
-7027
-17435
-7075
-17555
-7051
-17899
-7083
-18091
-7067
-18379
-7027
-18627
-7011
-18867
-7299
93
-7331
-35
-7315
-267
-7307
-555
-7235
-843
-7355
-1011
-7315
-1299
-7251
-1571
-7299
-1803
-7251
-2067
-7307
-2235
-7347
-2547
-7315
-2715
-7347
-2987
-7267
-3227
-7299
-3387
-7299
-3667
-7347
-3939
-7291
-4211
-7355
-4371
-7355
-4619
-7307
-4947
-7299
-5083
-7243
-5427
-7275
-5571
-7355
-5851
-7315
-6147
-7355
-6283
-7339
-6507
-7347
-6875
-7323
-7019
-7331
-7323
-7307
-7475
-7355
-7819
-7339
-8067
-7315
-8283
-7299
-8539
-7339
-8771
-7227
-8939
-7315
-9147
-7347
-9467
-7275
-9691
-7283
-9907
-7275
-10107
-7331
-10347
-7291
-10595
-7259
-10899
-7347
-11179
-7227
-11315
-7299
-11619
-7331
-11835
-7299
-12083
-7259
-12291
-7251
-12619
-7331
-12819
-7299
-13091
-7283
-13227
-7251
-13539
-7347
-13811
-7251
-14027
-7347
-14291
-7347
-14531
-7339
-14699
-7347
-14923
-7283
-15171
-7339
-15387
-7355
-15683
-7283
-15883
-7355
-16139
-7299
-16467
-7315
-16683
-7307
-16931
-7291
-17115
-7331
-17371
-7275
-17603
-7339
-17907
-7339
-18083
-7251
-18363
-7323
-18579
-7347
-18843
-7491
109
-7539
-131
-7579
-299
-7491
-635
-7523
-819
-7587
-1099
-7555
-1275
-7491
-1475
-7571
-1731
-7571
-1987
-7475
-2187
-7587
-2547
-7539
-2723
-7491
-3027
-7475
-3211
-7539
-3395
-7531
-3691
-7547
-3907
-7587
-4115
-7555
-4395
-7531
-4627
-7595
-4851
-7547
-5171
-7579
-5347
-7571
-5555
-7507
-5811
-7587
-6059
-7523
-6299
-7475
-6507
-7531
-6827
-7595
-7043
-7571
-7267
-7523
-7555
-7563
-7803
-7563
-7947
-7499
-8299
-7531
-8459
-7475
-8779
-7579
-8987
-7499
-9219
-7571
-9443
-7571
-9635
-7563
-9923
-7547
-10211
-7579
-10427
-7539
-10715
-7595
-10827
-7595
-11099
-7563
-11411
-7571
-11627
-7579
-11811
-7587
-12115
-7587
-12355
-7579
-12579
-7539
-12827
-7483
-12987
-7507
-13243
-7555
-13571
-7467
-13811
-7579
-13987
-7539
-14203
-7531
-14467
-7563
-14763
-7579
-14923
-7539
-15235
-7547
-15411
-7531
-15707
-7571
-15979
-7563
-16235
-7579
-16403
-7547
-16643
-7595
-16867
-7579
-17179
-7595
-17355
-7491
-17667
-7587
-17803
-7491
-18107
-7571
-18339
-7587
-18627
-7547
-18875
-7787
133
-7747
-115
-7755
-339
-7819
-563
-7819
-795
-7795
-1091
-7827
-1315
-7715
-1595
-7803
-1715
-7771
-1987
-7835
-2227
-7739
-2427
-7835
-2779
-7747
-3003
-7707
-3155
-7731
-3387
-7755
-3643
-7819
-3955
-7747
-4107
-7819
-4467
-7739
-4627
-7795
-4955
-7771
-5147
-7803
-5395
-7795
-5587
-7763
-5795
-7819
-6147
-7747
-6275
-7755
-6523
-7779
-6795
-7803
-7027
-7795
-7291
-7819
-7467
-7835
-7819
-7819
-8003
-7739
-8195
-7763
-8483
-7819
-8779
-7795
-8955
-7811
-9227
-7707
-9483
-7747
-9739
-7795
-9987
-7755
-10195
-7811
-10363
-7747
-10683
-7707
-10923
-7795
-11067
-7811
-11315
-7819
-11579
-7707
-11803
-7755
-12131
-7803
-12371
-7787
-12571
-7779
-12803
-7819
-13011
-7739
-13283
-7763
-13467
-7755
-13755
-7819
-13963
-7787
-14307
-7835
-14507
-7835
-14787
-7707
-15011
-7811
-15219
-7803
-15427
-7723
-15683
-7835
-15875
-7835
-16211
-7787
-16459
-7827
-16635
-7747
-16915
-7827
-17083
-7835
-17363
-7723
-17635
-7739
-17819
-7787
-18091
-7827
-18291
-7827
-18595
-7723
-18835
-8075
125
-8011
-75
-8059
-347
-8003
-531
-8051
-763
-7995
-1075
-8027
-1355
-8019
-1515
-7995
-1723
-8043
-2003
-7963
-2251
-8051
-2499
-8075
-2715
-8043
-2995
-8075
-3235
-8059
-3515
-8027
-3723
-8027
-3987
-7979
-4171
-8035
-4451
-8019
-4691
-8059
-4875
-8067
-5075
-8011
-5395
-8051
-5595
-8067
-5795
-8019
-6059
-8027
-6395
-8075
-6587
-7963
-6771
-8059
-7099
-7971
-7355
-7947
-7475
-8051
-7779
-8011
-7947
-8027
-8291
-8067
-8443
-8059
-8771
-7955
-8915
-8075
-9267
-8011
-9507
-8067
-9643
-8051
-9915
-8075
-10219
-8075
-10379
-7971
-10667
-8051
-10867
-8067
-11099
-7979
-11379
-7987
-11651
-8003
-11907
-8059
-12027
-8019
-12331
-7971
-12515
-8067
-12827
-7947
-13027
-8027
-13307
-8003
-13523
-7971
-13771
-8003
-13987
-8075
-14275
-7979
-14459
-8075
-14787
-8075
-14923
-8051
-15251
-8059
-15427
-7971
-15739
-8035
-15923
-8027
-16147
-8043
-16371
-8043
-16587
-8051
-16875
-8059
-17163
-8043
-17323
-7987
-17611
-7987
-17803
-8075
-18083
-8051
-18387
-8019
-18635
-8003
-18811
-8283
109
-8291
-51
-8227
-299
-8211
-555
-8243
-795
-8259
-1099
-8307
-1347
-8291
-1563
-8195
-1779
-8267
-1979
-8267
-2187
-8283
-2475
-8235
-2723
-8211
-2979
-8211
-3235
-8291
-3507
-8251
-3683
-8259
-3987
-8211
-4179
-8283
-4395
-8307
-4715
-8187
-4875
-8283
-5155
-8267
-5387
-8195
-5635
-8243
-5907
-8315
-6067
-8235
-6363
-8243
-6523
-8291
-6851
-8291
-7099
-8283
-7307
-8275
-7555
-8195
-7755
-8283
-7995
-8259
-8307
-8275
-8515
-8227
-8747
-8219
-8915
-8283
-9155
-8307
-9387
-8187
-9643
-8251
-9979
-8275
-10107
-8219
-10443
-8235
-10603
-8235
-10867
-8219
-11195
-8291
-11395
-8243
-11627
-8259
-11883
-8291
-12059
-8307
-12275
-8187
-12547
-8315
-12819
-8187
-13003
-8275
-13347
-8307
-13467
-8291
-13811
-8243
-14043
-8267
-14315
-8243
-14467
-8291
-14707
-8259
-14963
-8299
-15163
-8187
-15467
-8203
-15643
-8307
-15883
-8299
-16147
-8243
-16451
-8283
-16603
-8211
-16931
-8307
-17115
-8299
-17419
-8283
-17547
-8211
-17851
-8259
-18059
-8267
-18291
-8307
-18515
-8259
-18859
-8499
141
-8427
-59
-8467
-315
-8443
-627
-8499
-795
-8451
-1059
-8547
-1251
-8507
-1491
-8531
-1779
-8523
-1987
-8531
-2251
-8539
-2539
-8427
-2715
-8483
-2947
-8547
-3219
-8491
-3411
-8507
-3651
-8467
-3995
-8467
-4147
-8475
-4403
-8531
-4595
-8459
-4891
-8531
-5171
-8499
-5347
-8483
-5603
-8443
-5811
-8451
-6043
-8539
-6355
-8547
-6539
-8539
-6859
-8515
-7059
-8435
-7283
-8491
-7571
-8523
-7811
-8555
-8019
-8555
-8275
-8467
-8475
-8483
-8723
-8435
-8995
-8547
-9259
-8483
-9459
-8427
-9755
-8483
-9867
-8539
-10219
-8475
-10379
-8547
-10715
-8427
-10851
-8515
-11083
-8555
-11307
-8507
-11595
-8475
-11899
-8499
-12099
-8523
-12371
-8427
-12627
-8483
-12803
-8499
-12995
-8539
-13307
-8459
-13563
-8555
-13827
-8555
-13947
-8515
-14291
-8443
-14435
-8531
-14683
-8523
-15011
-8459
-15187
-8499
-15475
-8547
-15691
-8515
-15987
-8555
-16123
-8515
-16459
-8523
-16611
-8483
-16835
-8555
-17075
-8507
-17395
-8555
-17571
-8531
-17795
-8507
-18067
-8515
-18267
-8523
-18515
-8515
-18819
-8675
149
-8787
-35
-8755
-275
-8675
-603
-8739
-827
-8771
-1059
-8795
-1339
-8779
-1523
-8667
-1731
-8667
-2011
-8795
-2299
-8723
-2499
-8787
-2731
-8763
-2971
-8787
-3203
-8723
-3491
-8771
-3659
-8723
-3891
-8739
-4107
-8763
-4427
-8691
-4611
-8771
-4827
-8779
-5147
-8771
-5411
-8771
-5611
-8747
-5891
-8691
-6155
-8779
-6331
-8667
-6603
-8795
-6819
-8787
-7059
-8691
-7331
-8787
-7595
-8707
-7739
-8779
-8043
-8683
-8187
-8747
-8483
-8747
-8707
-8787
-9011
-8675
-9187
-8779
-9483
-8683
-9667
-8699
-9891
-8787
-10123
-8707
-10443
-8691
-10667
-8715
-10875
-8787
-11123
-8771
-11315
-8739
-11635
-8739
-11811
-8723
-12027
-8795
-12323
-8795
-12507
-8795
-12819
-8715
-13099
-8739
-13315
-8771
-13499
-8707
-13779
-8763
-13987
-8787
-14275
-8691
-14443
-8779
-14699
-8731
-14915
-8723
-15171
-8755
-15411
-8683
-15707
-8739
-15923
-8715
-16235
-8731
-16475
-8731
-16635
-8787
-16931
-8723
-17139
-8795
-17315
-8795
-17667
-8787
-17859
-8675
-18075
-8779
-18307
-8787
-18563
-8771
-18851
-8995
149
-8963
-51
-9035
-331
-9011
-555
-8939
-811
-9027
-1091
-8955
-1283
-8987
-1475
-9027
-1739
-9011
-2027
-9035
-2195
-8931
-2531
-8971
-2723
-8995
-2907
-9011
-3171
-9003
-3443
-8979
-3755
-9019
-3867
-9027
-4195
-8971
-4363
-9003
-4651
-8939
-4827
-9035
-5147
-8915
-5347
-8931
-5611
-9035
-5875
-8987
-6067
-9011
-6395
-8963
-6579
-8979
-6763
-8963
-7035
-9003
-7347
-8987
-7587
-8923
-7763
-8931
-8059
-8947
-8235
-8947
-8523
-8923
-8755
-8923
-9003
-8947
-9203
-9027
-9387
-9003
-9675
-8955
-9979
-9003
-10203
-9027
-10427
-8947
-10635
-9011
-10835
-9027
-11091
-9003
-11363
-8931
-11611
-8987
-11859
-8955
-12107
-9027
-12395
-9019
-12539
-9011
-12819
-8987
-13067
-8971
-13243
-9019
-13499
-9019
-13739
-8979
-13971
-8987
-14291
-8979
-14427
-9019
-14731
-8971
-14979
-9035
-15187
-8955
-15459
-9027
-15707
-8939
-15907
-8947
-16179
-8955
-16419
-8923
-16683
-8915
-16875
-9011
-17155
-8979
-17395
-8939
-17675
-9027
-17851
-8907
-18091
-8915
-18307
-8971
-18531
-9027
-18875
-9235
133
-9275
-67
-9235
-363
-9267
-563
-9259
-851
-9203
-1011
-9259
-1275
-9171
-1547
-9275
-1803
-9259
-2035
-9219
-2235
-9171
-2467
-9163
-2699
-9275
-3019
-9219
-3267
-9147
-3459
-9195
-3675
-9267
-3995
-9267
-4219
-9211
-4467
-9227
-4715
-9163
-4915
-9155
-5107
-9267
-5331
-9187
-5659
-9179
-5875
-9219
-6099
-9251
-6315
-9179
-6579
-9251
-6819
-9275
-7083
-9179
-7331
-9275
-7547
-9267
-7787
-9267
-8019
-9195
-8251
-9155
-8547
-9275
-8771
-9219
-8971
-9203
-9259
-9275
-9483
-9179
-9675
-9275
-9979
-9211
-10235
-9243
-10475
-9219
-10715
-9203
-10827
-9275
-11083
-9155
-11315
-9251
-11587
-9243
-11915
-9227
-12139
-9179
-12339
-9267
-12619
-9187
-12835
-9203
-13003
-9179
-13235
-9203
-13571
-9275
-13707
-9227
-14035
-9275
-14307
-9219
-14467
-9203
-14723
-9243
-15035
-9267
-15211
-9267
-15395
-9179
-15755
-9251
-15907
-9187
-16131
-9243
-16395
-9147
-16659
-9147
-16899
-9211
-17075
-9259
-17427
-9243
-17571
-9203
-17859
-9275
-18139
-9219
-18395
-9267
-18603
-9219
-18811
-9419
125
-9435
-83
-9459
-315
-9411
-635
-9459
-787
-9459
-1083
-9499
-1251
-9483
-1491
-9483
-1763
-9411
-1979
-9515
-2291
-9499
-2547
-9507
-2699
-9467
-2915
-9467
-3259
-9459
-3395
-9459
-3691
-9411
-3931
-9411
-4219
-9491
-4427
-9507
-4627
-9395
-4947
-9411
-5115
-9475
-5395
-9507
-5563
-9427
-5835
-9515
-6147
-9483
-6267
-9467
-6579
-9451
-6835
-9459
-6995
-9499
-7315
-9419
-7563
-9451
-7819
-9451
-8003
-9491
-8227
-9483
-8499
-9435
-8795
-9419
-8915
-9435
-9251
-9515
-9475
-9419
-9683
-9459
-9979
-9515
-10123
-9459
-10403
-9515
-10611
-9451
-10915
-9459
-11171
-9459
-11379
-9467
-11651
-9387
-11859
-9427
-12067
-9499
-12363
-9395
-12515
-9459
-12787
-9459
-13035
-9435
-13283
-9403
-13579
-9499
-13739
-9443
-13987
-9411
-14195
-9411
-14467
-9459
-14707
-9499
-15027
-9515
-15195
-9451
-15491
-9515
-15675
-9435
-15923
-9387
-16227
-9483
-16347
-9459
-16595
-9483
-16843
-9467
-17131
-9499
-17371
-9515
-17611
-9507
-17795
-9467
-18155
-9419
-18275
-9443
-18539
-9467
-18835
-9715
109
-9747
-67
-9755
-379
-9699
-603
-9651
-867
-9747
-1075
-9755
-1339
-9659
-1571
-9755
-1707
-9675
-1995
-9731
-2203
-9731
-2523
-9723
-2675
-9691
-3003
-9691
-3235
-9699
-3411
-9651
-3651
-9707
-3883
-9755
-4163
-9683
-4475
-9731
-4611
-9723
-4875
-9635
-5115
-9707
-5403
-9723
-5675
-9731
-5787
-9731
-6059
-9675
-6371
-9667
-6563
-9643
-6875
-9747
-7067
-9731
-7307
-9747
-7483
-9627
-7795
-9755
-8011
-9755
-8235
-9723
-8499
-9731
-8715
-9699
-9035
-9635
-9211
-9731
-9491
-9675
-9635
-9731
-9891
-9739
-10163
-9683
-10475
-9731
-10651
-9739
-10923
-9755
-11179
-9747
-11403
-9723
-11627
-9667
-11827
-9739
-12147
-9739
-12355
-9675
-12635
-9627
-12779
-9731
-12995
-9707
-13355
-9739
-13507
-9731
-13739
-9747
-13979
-9627
-14307
-9747
-14491
-9747
-14691
-9627
-14915
-9755
-15171
-9715
-15483
-9683
-15715
-9643
-15907
-9739
-16115
-9691
-16411
-9707
-16651
-9739
-16875
-9747
-17075
-9747
-17355
-9723
-17667
-9755
-17835
-9683
-18083
-9739
-18283
-9699
-18595
-9747
-18835
-9907
117
-9995
-139
-9923
-387
-9931
-587
-9923
-763
-9979
-987
-9963
-1275
-9891
-1587
-9947
-1795
-9947
-1963
-9931
-2219
-9931
-2435
-9963
-2715
-9931
-2939
-9939
-3259
-9939
-3435
-9995
-3739
-9995
-3875
-9891
-4235
-9867
-4419
-9907
-4619
-9987
-4907
-9931
-5171
-9963
-5355
-9891
-5643
-9923
-5867
-9923
-6067
-9987
-6291
-9899
-6555
-9987
-6851
-9915
-7003
-9891
-7323
-9931
-7547
-9923
-7755
-9899
-7971
-9971
-8203
-9971
-8459
-9955
-8747
-9955
-8987
-9979
-9235
-9931
-9419
-9955
-9651
-9931
-9963
-9915
-10219
-9995
-10411
-9923
-10683
-9987
-10851
-9891
-11131
-9899
-11411
-9995
-11587
-9907
-11907
-9955
-12035
-9963
-12267
-9955
-12603
-9947
-12859
-9939
-13083
-9979
-13251
-9979
-13587
-9939
-13819
-9979
-14011
-9883
-14291
-9899
-14451
-9963
-14675
-9995
-14971
-9891
-15243
-9923
-15467
-9963
-15691
-9955
-15891
-9899
-16195
-9987
-16419
-9987
-16667
-9907
-16867
-9995
-17147
-9907
-17363
-9899
-17667
-9995
-17843
-9979
-18075
-9867
-18307
-9963
-18571
-9939
-18843
-10123
93
-10203
-27
-10235
-347
-10155
-539
-10155
-875
-10139
-987
-10211
-1323
-10187
-1499
-10203
-1803
-10171
-1963
-10211
-2219
-10235
-2491
-10187
-2683
-10123
-2987
-10235
-3251
-10155
-3427
-10211
-3651
-10219
-3899
-10147
-4195
-10187
-4435
-10195
-4603
-10203
-4955
-10235
-5187
-10187
-5339
-10163
-5627
-10195
-5835
-10195
-6155
-10139
-6315
-10211
-6627
-10227
-6803
-10163
-7035
-10195
-7235
-10219
-7515
-10211
-7803
-10179
-7955
-10227
-8307
-10171
-8435
-10115
-8771
-10211
-8979
-10147
-9211
-10171
-9459
-10131
-9739
-10227
-9891
-10123
-10195
-10187
-10419
-10179
-10587
-10163
-10891
-10219
-11147
-10147
-11347
-10187
-11603
-10211
-11851
-10195
-12139
-10123
-12379
-10179
-12587
-10107
-12851
-10107
-13099
-10235
-13299
-10235
-13547
-10211
-13835
-10171
-13979
-10179
-14235
-10203
-14539
-10139
-14787
-10123
-14915
-10195
-15179
-10219
-15395
-10187
-15747
-10139
-15923
-10187
-16131
-10131
-16467
-10235
-16611
-10139
-16939
-10211
-17107
-10187
-17435
-10195
-17667
-10195
-17843
-10187
-18147
-10211
-18267
-10227
-18579
-10163
-18859
-10459
141
-10475
-27
-10475
-387
-10419
-563
-10443
-763
-10459
-1107
-10467
-1339
-10459
-1579
-10459
-1747
-10451
-2059
-10451
-2251
-10459
-2547
-10435
-2699
-10443
-3019
-10467
-3219
-10419
-3483
-10451
-3643
-10467
-3987
-10467
-4163
-10419
-4435
-10451
-4683
-10459
-4915
-10467
-5171
-10443
-5387
-10427
-5571
-10427
-5875
-10427
-6099
-10443
-6387
-10435
-6611
-10475
-6867
-10451
-7059
-10419
-7331
-10443
-7595
-10451
-7811
-10475
-7987
-10475
-8227
-10411
-8491
-10459
-8707
-10443
-9027
-10467
-9251
-10443
-9419
-10451
-9755
-10467
-9923
-10443
-10187
-10475
-10363
-10475
-10619
-10419
-10899
-10467
-11163
-10475
-11395
-10411
-11651
-10459
-11915
-10467
-12083
-10451
-12299
-10451
-12571
-10411
-12787
-10467
-13027
-10459
-13235
-10467
-13563
-10427
-13779
-10467
-14019
-10411
-14211
-10451
-14443
-10459
-14779
-10475
-14955
-10467
-15227
-10467
-15403
-10451
-15643
-10467
-15891
-10459
-16211
-10459
-16427
-10451
-16659
-10419
-16907
-10435
-17195
-10443
-17435
-10427
-17563
-10443
-17891
-10435
-18155
-10435
-18323
-10475
-18611
-10467
-18851
