101
347
139
-5
296
-390
484
-577
370
-839
301
-1070
257
-1291
207
-1493
466
-1763
346
-2033
355
-2239
135
-2511
287
-2693
225
-2987
159
-3189
145
-3427
499
-3703
527
-3883
209
-4095
105
-4361
139
-4577
93
-4911
109
-5087
133
-5307
85
-5555
117
-5915
93
-6051
85
-6275
85
-6555
133
-6835
125
-7079
149
-7307
93
-7551
85
-7747
85
-7991
85
-8283
141
-8523
117
-8707
133
-8955
125
-9183
117
-9395
125
-9739
101
-9955
109
-10163
101
-10347
125
-10715
149
-10947
109
-11163
101
-11331
85
-11619
85
-11899
117
-12131
101
-12323
117
-12579
149
-12819
93
-13091
85
-13331
101
-13571
93
-13715
85
-14035
109
-14227
149
-14427
149
-14747
117
-15035
85
-15267
85
-15507
117
-15683
149
-15891
109
-16187
93
-16347
117
-16699
109
-16915
109
-17107
133
-17331
93
-17563
141
-17787
101
-18147
117
-18315
117
-18531
101
-18827
-143
586
-73
-46
-132
-361
-21
-567
-121
-771
-65
-1079
-101
-1325
-131
-1527
-11
-1716
-145
-1965
-58
-2290
-111
-2511
-17
-2707
-59
-2931
-19
-3159
-91
-3409
-83
-3613
-119
-3867
-131
-4203
-141
-4419
-47
-4595
-107
-4819
-83
-5187
-27
-5399
-131
-5611
-63
-5887
-151
-6063
-47
-6379
-67
-6591
-111
-6803
-151
-7007
-131
-7243
-39
-7539
-103
-7711
-99
-8007
-115
-8263
-123
-8491
-11
-8679
-67
-8915
-103
-9219
-139
-9507
-147
-9739
-147
-9899
-107
-10163
-27
-10419
-43
-10659
-115
-10883
-91
-11107
-35
-11355
-147
-11547
-139
-11803
-107
-12123
-155
-12379
-115
-12619
-155
-12851
-99
-13075
-123
-13291
-115
-13579
-83
-13779
-99
-14051
-139
-14283
-131
-14483
-139
-14731
-67
-14995
-43
-15187
-67
-15483
-131
-15739
-123
-15987
-131
-16155
-123
-16379
-139
-16675
-115
-16923
-139
-17155
-155
-17435
-139
-17643
-131
-17851
-67
-18123
-75
-18291
-155
-18555
-99
-18843
-363
1830
-327
-39
-321
-351
-342
-543
-346
-783
-379
-1084
-349
-1298
-315
-1482
-257
-1705
-286
-1926
-362
-2282
-375
-2521
-305
-2651
-253
-3003
-321
-3153
-267
-3485
-295
-3607
-279
-3883
-283
-4193
-375
-4387
-271
-4619
-347
-4819
-351
-5091
-387
-5419
-355
-5543
-331
-5811
-291
-6035
-367
-6315
-371
-6503
-339
-6823
-319
-7059
-367
-7211
-307
-7527
-299
-7823
-303
-7959
-347
-8183
-299
-8511
-287
-8727
-359
-8907
-327
-9243
-387
-9435
-347
-9723
-395
-9867
-267
-10155
-379
-10411
-299
-10683
-379
-10827
-283
-11123
-275
-11307
-307
-11579
-395
-11819
-395
-12051
-299
-12323
-307
-12619
-323
-12763
-347
-12987
-355
-13323
-291
-13571
-387
-13779
-395
-14067
-371
-14315
-299
-14483
-307
-14683
-323
-15011
-395
-15187
-275
-15507
-371
-15683
-275
-15947
-323
-16211
-347
-16419
-363
-16595
-323
-16899
-315
-17083
-339
-17307
-315
-17563
-355
-17867
-371
-18139
-299
-18291
-379
-18547
-291
-18875
-519
1387
-504
-98
-611
-325
-581
-589
-604
-795
-539
-1090
-559
-1293
-507
-1469
-601
-1741
-625
-1995
-574
-2185
-561
-2447
-587
-2743
-579
-3003
-523
-3227
-571
-3455
-579
-3655
-533
-3917
-635
-4159
-499
-4443
-591
-4631
-635
-4811
-587
-5063
-547
-5315
-587
-5647
-591
-5879
-515
-6043
-555
-6363
-611
-6499
-615
-6719
-539
-7027
-563
-7291
-607
-7467
-527
-7779
-627
-7983
-551
-8187
-583
-8539
-535
-8739
-555
-8899
-575
-9179
-611
-9419
-547
-9731
-627
-9939
-603
-10131
-619
-10451
-547
-10667
-627
-10931
-507
-11155
-539
-11419
-619
-11659
-619
-11883
-635
-12067
-587
-12283
-627
-12507
-627
-12843
-603
-13067
-619
-13251
-571
-13491
-635
-13803
-515
-13979
-627
-14291
-531
-14555
-627
-14779
-547
-15027
-619
-15235
-531
-15427
-635
-15667
-635
-15899
-595
-16147
-619
-16371
-523
-16635
-603
-16923
-579
-17195
-507
-17371
-587
-17555
-635
-17891
-595
-18123
-539
-18323
-531
-18611
-531
-18835
-775
536
-837
-69
-849
-369
-813
-611
-853
-819
-815
-957
-841
-1301
-727
-1497
-837
-1743
-853
-1925
-825
-2275
-755
-2455
-811
-2695
-803
-3003
-763
-3151
-799
-3397
-729
-3661
-821
-3871
-771
-4159
-839
-4461
-741
-4697
-827
-4931
-843
-5103
-871
-5347
-839
-5575
-739
-5879
-807
-6031
-787
-6383
-751
-6507
-763
-6803
-843
-6975
-851
-7227
-831
-7543
-831
-7735
-795
-8039
-819
-8275
-731
-8487
-839
-8639
-839
-8971
-791
-9247
-819
-9435
-851
-9731
-755
-9907
-851
-10179
-859
-10395
-867
-10699
-755
-10915
-755
-11099
-747
-11363
-819
-11571
-867
-11803
-771
-12091
-819
-12307
-803
-12611
-851
-12875
-835
-13115
-827
-13307
-875
-13507
-859
-13787
-875
-14059
-851
-14275
-827
-14539
-859
-14683
-835
-14971
-811
-15179
-851
-15435
-803
-15691
-835
-15867
-827
-16155
-875
-16379
-835
-16715
-779
-16923
-843
-17163
-875
-17387
-843
-17675
-843
-17827
-843
-18131
-771
-18267
-827
-18595
-843
-18875
-1019
340
-981
-137
-1077
-277
-1082
-600
-1029
-727
-1074
-1015
-1008
-1295
-990
-1511
-1060
-1668
-976
-2031
-993
-2294
-1043
-2431
-1111
-2757
-1115
-2943
-999
-3125
-997
-3475
-975
-3747
-985
-3947
-1077
-4201
-1059
-4339
-1027
-4683
-1059
-4939
-983
-5175
-1079
-5391
-1083
-5647
-1027
-5883
-1075
-6079
-1099
-6251
-1107
-6603
-999
-6771
-1091
-6963
-1091
-7275
-1091
-7567
-1047
-7755
-1015
-7947
-979
-8275
-971
-8555
-999
-8683
-1011
-8971
-983
-9267
-1063
-9419
-995
-9747
-1115
-9867
-1059
-10211
-1019
-10411
-1083
-10707
-1083
-10899
-1091
-11147
-1043
-11323
-1067
-11651
-1075
-11795
-1011
-12067
-1043
-12331
-1019
-12531
-1091
-12803
-987
-12995
-1083
-13283
-1075
-13587
-1011
-13779
-1067
-13963
-1011
-14203
-1059
-14491
-1091
-14747
-1075
-15035
-1019
-15211
-1099
-15395
-1067
-15699
-1107
-15907
-1115
-16123
-1083
-16379
-995
-16627
-987
-16867
-1043
-17083
-1059
-17323
-1027
-17595
-1115
-17851
-1091
-18147
-1027
-18355
-1003
-18539
-1115
-18851
-1347
885
-1337
-71
-1275
-330
-1225
-559
-1277
-846
-1300
-1007
-1233
-1267
-1295
-1569
-1290
-1803
-1313
-1933
-1245
-2234
-1311
-2443
-1287
-2755
-1237
-3007
-1331
-3163
-1295
-3443
-1255
-3659
-1283
-3911
-1339
-4209
-1259
-4419
-1235
-4577
-1335
-4923
-1335
-5103
-1299
-5299
-1323
-5591
-1271
-5871
-1315
-6023
-1259
-6311
-1227
-6499
-1291
-6771
-1239
-7071
-1223
-7311
-1323
-7595
-1291
-7779
-1287
-7935
-1343
-8215
-1207
-8483
-1339
-8703
-1259
-8971
-1247
-9171
-1355
-9419
-1251
-9755
-1315
-9995
-1259
-10155
-1259
-10355
-1347
-10707
-1323
-10939
-1283
-11091
-1227
-11339
-1331
-11571
-1355
-11891
-1307
-12075
-1331
-12291
-1323
-12531
-1339
-12779
-1347
-13115
-1275
-13315
-1275
-13507
-1331
-13779
-1323
-13979
-1243
-14291
-1339
-14443
-1331
-14755
-1283
-14907
-1355
-15251
-1283
-15419
-1299
-15691
-1355
-15923
-1315
-16139
-1299
-16467
-1347
-16603
-1275
-16851
-1347
-17163
-1331
-17339
-1307
-17651
-1355
-17851
-1267
-18131
-1283
-18275
-1267
-18507
-1235
-18811
-1499
237
-1561
-83
-1481
-233
-1481
-605
-1443
-737
-1451
-1001
-1581
-1339
-1507
-1515
-1545
-1695
-1523
-1947
-1569
-2277
-1539
-2455
-1581
-2691
-1495
-2977
-1563
-3223
-1533
-3473
-1569
-3619
-1535
-3875
-1575
-4167
-1511
-4363
-1531
-4667
-1511
-4891
-1523
-5131
-1587
-5299
-1475
-5611
-1527
-5831
-1491
-6075
-1499
-6331
-1467
-6571
-1479
-6771
-1575
-7051
-1459
-7263
-1487
-7491
-1547
-7795
-1543
-7943
-1531
-8251
-1591
-8483
-1555
-8771
-1531
-8915
-1539
-9179
-1499
-9515
-1499
-9675
-1595
-9987
-1571
-10187
-1547
-10443
-1555
-10587
-1475
-10955
-1579
-11107
-1579
-11403
-1587
-11595
-1547
-11875
-1547
-12059
-1483
-12267
-1571
-12531
-1547
-12851
-1547
-13051
-1547
-13339
-1595
-13587
-1523
-13763
-1539
-13947
-1539
-14275
-1523
-14451
-1587
-14731
-1539
-14931
-1499
-15187
-1579
-15499
-1579
-15731
-1587
-15883
-1587
-16235
-1539
-16363
-1595
-16587
-1507
-16915
-1515
-17067
-1571
-17419
-1467
-17587
-1547
-17795
-1499
-18147
-1491
-18291
-1499
-18507
-1531
-18875
-1805
207
-1783
-151
-1797
-377
-1803
-491
-1763
-813
-1775
-1073
-1795
-1291
-1761
-1473
-1759
-1807
-1803
-1927
-1709
-2201
-1753
-2477
-1793
-2665
-1705
-3017
-1815
-3151
-1753
-3473
-1691
-3671
-1799
-3899
-1757
-4215
-1711
-4379
-1685
-4611
-1835
-4927
-1779
-5119
-1707
-5315
-1715
-5655
-1807
-5907
-1743
-6095
-1735
-6259
-1739
-6583
-1743
-6859
-1823
-6991
-1791
-7299
-1791
-7571
-1731
-7803
-1735
-8027
-1799
-8291
-1811
-8447
-1791
-8747
-1767
-9003
-1743
-9175
-1731
-9423
-1803
-9691
-1771
-9931
-1795
-10219
-1779
-10451
-1763
-10643
-1739
-10843
-1747
-11171
-1803
-11323
-1835
-11563
-1787
-11803
-1795
-12155
-1803
-12307
-1795
-12571
-1819
-12843
-1835
-13075
-1827
-13315
-1747
-13507
-1803
-13771
-1723
-14043
-1819
-14235
-1819
-14451
-1787
-14747
-1819
-14947
-1715
-15195
-1763
-15451
-1827
-15675
-1803
-15891
-1763
-16219
-1763
-16411
-1787
-16611
-1747
-16859
-1731
-17123
-1803
-17411
-1795
-17611
-1763
-17875
-1835
-18035
-1779
-18267
-1731
-18587
-1795
-18835
-2047
557
-1981
-43
-2025
-365
-2007
-571
-1993
-773
-1935
-1031
-2045
-1207
-1943
-1493
-2045
-1753
-1939
-2023
-1985
-2185
-2055
-2401
-2003
-2753
-2023
-2927
-2057
-3231
-2031
-3417
-1995
-3685
-2019
-3907
-2055
-4217
-2037
-4383
-2041
-4581
-1947
-4835
-1983
-5123
-1959
-5387
-1935
-5571
-2059
-5851
-1995
-6103
-1987
-6307
-2051
-6567
-2067
-6743
-2071
-7043
-1979
-7263
-2047
-7519
-2043
-7747
-1975
-7999
-2055
-8263
-1947
-8471
-2075
-8667
-2043
-8907
-1971
-9211
-2011
-9411
-2043
-9635
-2019
-9939
-2035
-10131
-2011
-10435
-2075
-10627
-2075
-10931
-2011
-11083
-2075
-11307
-1947
-11595
-1955
-11787
-1963
-12091
-2051
-12379
-2043
-12547
-2035
-12779
-2043
-13083
-1979
-13307
-2067
-13595
-2051
-13835
-2051
-14067
-2067
-14315
-2019
-14451
-1987
-14683
-2027
-14939
-2067
-15195
-1955
-15483
-1955
-15691
-1947
-15867
-2027
-16211
-2003
-16419
-2043
-16715
-1971
-16955
-1987
-17075
-2019
-17323
-1995
-17611
-2035
-17835
-2035
-18139
-2003
-18395
-1955
-18611
-2059
-18819
-2195
1519
-2211
-151
-2171
-263
-2219
-537
-2211
-839
-2285
-1097
-2279
-1261
-2275
-1493
-2289
-1735
-2227
-1983
-2241
-2259
-2175
-2443
-2273
-2639
-2247
-2983
-2217
-3147
-2287
-3497
-2277
-3717
-2285
-3897
-2263
-4131
-2295
-4397
-2283
-4625
-2231
-4927
-2171
-5127
-2275
-5423
-2195
-5527
-2283
-5887
-2283
-6055
-2263
-6359
-2267
-6595
-2267
-6747
-2223
-7023
-2291
-7283
-2215
-7439
-2283
-7715
-2227
-8035
-2183
-8267
-2303
-8539
-2239
-8663
-2279
-8951
-2311
-9143
-2191
-9515
-2315
-9723
-2203
-9875
-2307
-10131
-2195
-10443
-2235
-10619
-2251
-10947
-2203
-11123
-2195
-11307
-2243
-11627
-2251
-11827
-2203
-12091
-2315
-12323
-2315
-12523
-2227
-12875
-2291
-13003
-2291
-13283
-2315
-13507
-2259
-13835
-2291
-14035
-2299
-14315
-2227
-14491
-2243
-14779
-2291
-14931
-2227
-15179
-2211
-15435
-2307
-15755
-2219
-15891
-2227
-16147
-2259
-16427
-2211
-16707
-2299
-16867
-2243
-17155
-2203
-17331
-2219
-17643
-2243
-17811
-2283
-18123
-2307
-18363
-2251
-18619
-2203
-18851
-2515
167
-2441
-59
-2531
-293
-2439
-481
-2507
-843
-2531
-1033
-2501
-1301
-2487
-1545
-2487
-1751
-2485
-2015
-2477
-2189
-2523
-2399
-2539
-2739
-2511
-2945
-2455
-3135
-2539
-3487
-2431
-3647
-2443
-3991
-2511
-4183
-2435
-4363
-2427
-4641
-2499
-4823
-2423
-5103
-2499
-5287
-2535
-5543
-2535
-5851
-2475
-6115
-2427
-6347
-2539
-6627
-2459
-6851
-2523
-7011
-2455
-7267
-2495
-7467
-2423
-7819
-2511
-7979
-2467
-8255
-2547
-8451
-2523
-8715
-2491
-8979
-2423
-9267
-2499
-9463
-2427
-9643
-2491
-9979
-2483
-10227
-2515
-10379
-2467
-10595
-2499
-10899
-2499
-11147
-2427
-11435
-2555
-11595
-2539
-11803
-2475
-12091
-2555
-12355
-2459
-12579
-2555
-12859
-2539
-13059
-2555
-13235
-2547
-13499
-2467
-13811
-2475
-13987
-2475
-14275
-2523
-14483
-2531
-14715
-2547
-14931
-2499
-15179
-2515
-15459
-2435
-15707
-2451
-15891
-2475
-16163
-2483
-16411
-2507
-16651
-2491
-16947
-2539
-17115
-2499
-17331
-2555
-17659
-2555
-17835
-2435
-18123
-2459
-18395
-2531
-18523
-2499
-18867
-2707
125
-2683
-105
-2755
-343
-2783
-603
-2771
-827
-2687
-967
-2775
-1339
-2735
-1451
-2651
-1799
-2763
-2003
-2675
-2249
-2739
-2499
-2771
-2699
-2707
-3015
-2787
-3151
-2747
-3443
-2783
-3707
-2771
-3899
-2695
-4203
-2771
-4367
-2751
-4587
-2783
-4859
-2659
-5155
-2755
-5383
-2695
-5643
-2675
-5759
-2687
-6067
-2683
-6323
-2707
-6571
-2795
-6823
-2727
-7051
-2731
-7335
-2739
-7543
-2755
-7695
-2759
-8031
-2671
-8223
-2739
-8419
-2779
-8711
-2679
-8931
-2683
-9143
-2763
-9499
-2723
-9667
-2795
-9923
-2739
-10155
-2691
-10435
-2699
-10635
-2747
-10875
-2787
-11075
-2731
-11347
-2707
-11635
-2731
-11859
-2683
-12043
-2747
-12307
-2779
-12571
-2723
-12755
-2795
-13003
-2675
-13227
-2731
-13515
-2683
-13715
-2707
-13955
-2787
-14219
-2691
-14539
-2675
-14795
-2779
-15027
-2683
-15203
-2779
-15499
-2795
-15739
-2675
-15963
-2691
-16107
-2779
-16427
-2707
-16595
-2731
-16891
-2795
-17099
-2683
-17435
-2739
-17611
-2771
-17907
-2707
-18075
-2795
-18379
-2795
-18611
-2723
-18843
-2983
101
-2907
-115
-3023
-279
-3011
-579
-2883
-843
-2987
-1027
-2999
-1331
-2979
-1495
-2875
-1723
-2971
-2031
-2995
-2175
-2931
-2455
-3003
-2787
-3007
-2919
-3015
-3171
-2995
-3515
-2939
-3727
-2911
-3867
-2983
-4199
-2975
-4451
-2935
-4591
-2903
-4811
-3027
-5151
-2915
-5343
-2999
-5555
-2927
-5855
-2971
-6143
-2975
-6319
-2939
-6555
-3019
-6843
-2967
-7091
-2943
-7267
-2939
-7507
-2911
-7811
-2947
-7951
-2991
-8159
-2999
-8459
-3003
-8647
-3011
-8899
-2923
-9171
-2991
-9475
-2939
-9651
-2995
-9987
-2995
-10227
-2971
-10467
-2931
-10707
-3035
-10843
-2939
-11163
-2995
-11379
-2955
-11595
-3019
-11819
-2931
-12155
-3019
-12371
-2947
-12515
-3011
-12747
-3027
-13059
-2995
-13275
-2955
-13499
-2931
-13731
-3035
-13995
-2907
-14307
-3019
-14451
-3011
-14707
-3019
-14995
-3019
-15243
-2939
-15475
-3019
-15731
-2947
-15883
-3003
-16171
-3035
-16395
-2963
-16675
-2939
-16883
-2915
-17195
-2971
-17339
-2955
-17579
-3019
-17851
-3003
-18131
-2931
-18371
-2955
-18571
-3019
-18867
-3243
125
-3227
-123
-3131
-371
-3135
-479
-3191
-763
-3235
-1075
-3211
-1351
-3203
-1483
-3215
-1687
-3135
-2055
-3223
-2251
-3127
-2439
-3243
-2775
-3255
-3007
-3211
-3159
-3187
-3443
-3187
-3655
-3207
-3923
-3203
-4095
-3207
-4323
-3179
-4687
-3199
-4935
-3203
-5099
-3235
-5323
-3191
-5635
-3151
-5763
-3191
-6115
-3239
-6343
-3215
-6519
-3235
-6835
-3239
-7051
-3259
-7239
-3211
-7499
-3207
-7711
-3191
-7947
-3131
-8199
-3271
-8395
-3211
-8679
-3195
-8979
-3275
-9175
-3259
-9491
-3195
-9667
-3275
-9963
-3203
-10211
-3203
-10427
-3147
-10707
-3219
-10899
-3243
-11075
-3275
-11403
-3187
-11595
-3187
-11883
-3219
-12147
-3227
-12323
-3267
-12515
-3227
-12747
-3259
-13051
-3187
-13331
-3219
-13555
-3211
-13707
-3227
-13995
-3243
-14267
-3171
-14547
-3243
-14739
-3211
-14947
-3259
-15179
-3243
-15387
-3259
-15707
-3179
-15939
-3235
-16187
-3211
-16379
-3203
-16659
-3235
-16875
-3235
-17083
-3203
-17371
-3251
-17667
-3203
-17875
-3243
-18155
-3179
-18387
-3251
-18531
-3203
-18851
-3503
133
-3383
-31
-3435
-307
-3407
-543
-3491
-815
-3495
-995
-3455
-1287
-3459
-1487
-3491
-1819
-3375
-1943
-3475
-2179
-3515
-2443
-3435
-2771
-3503
-2923
-3379
-3259
-3391
-3487
-3411
-3719
-3491
-3875
-3435
-4143
-3471
-4459
-3423
-4595
-3503
-4939
-3503
-5067
-3443
-5379
-3479
-5559
-3479
-5899
-3491
-6007
-3475
-6239
-3419
-6539
-3379
-6739
-3395
-7027
-3503
-7299
-3487
-7471
-3423
-7823
-3419
-7975
-3415
-8231
-3443
-8479
-3467
-8699
-3431
-8963
-3491
-9199
-3479
-9439
-3491
-9755
-3475
-9987
-3427
-10147
-3411
-10427
-3499
-10699
-3507
-10939
-3451
-11155
-3499
-11403
-3403
-11659
-3395
-11875
-3491
-12075
-3507
-12323
-3483
-12555
-3515
-12763
-3467
-13115
-3403
-13347
-3515
-13491
-3515
-13755
-3491
-14051
-3507
-14227
-3451
-14499
-3387
-14715
-3491
-14995
-3411
-15195
-3483
-15467
-3507
-15643
-3515
-15955
-3395
-16187
-3507
-16379
-3427
-16603
-3475
-16899
-3427
-17139
-3435
-17331
-3443
-17635
-3395
-17907
-3427
-18067
-3515
-18315
-3467
-18539
-3507
-18819
-3699
141
-3695
-135
-3751
-363
-3719
-515
-3659
-787
-3747
-1067
-3707
-1327
-3647
-1567
-3687
-1747
-3683
-2007
-3635
-2307
-3675
-2531
-3651
-2687
-3735
-2991
-3747
-3215
-3619
-3379
-3707
-3727
-3663
-3975
-3643
-4179
-3743
-4467
-3751
-4615
-3679
-4927
-3711
-5119
-3635
-5347
-3631
-5647
-3751
-5803
-3655
-6051
-3731
-6267
-3719
-6571
-3635
-6823
-3683
-6991
-3683
-7223
-3715
-7443
-3723
-7803
-3683
-7951
-3671
-8275
-3691
-8539
-3643
-8747
-3731
-8987
-3699
-9195
-3635
-9499
-3667
-9659
-3723
-9931
-3707
-10195
-3707
-10443
-3747
-10627
-3755
-10891
-3691
-11179
-3675
-11347
-3731
-11603
-3747
-11803
-3723
-12059
-3731
-12395
-3651
-12611
-3747
-12875
-3691
-13051
-3699
-13291
-3643
-13467
-3715
-13787
-3747
-13963
-3731
-14267
-3643
-14459
-3731
-14731
-3651
-14955
-3755
-15155
-3683
-15411
-3651
-15635
-3635
-15899
-3715
-16155
-3699
-16435
-3723
-16667
-3643
-16827
-3747
-17195
-3627
-17315
-3643
-17619
-3683
-17843
-3651
-18139
-3739
-18371
-3667
-18587
-3699
-18835
-3843
109
-3867
-31
-3979
-299
-3955
-595
-3983
-863
-3879
-967
-3855
-1283
-3967
-1515
-3895
-1815
-3967
-2015
-3935
-2191
-3955
-2523
-3963
-2719
-3927
-2979
-3971
-3131
-3863
-3367
-3899
-3603
-3967
-3915
-3859
-4211
-3935
-4447
-3927
-4575
-3955
-4867
-3875
-5155
-3963
-5343
-3867
-5639
-3995
-5891
-3971
-6003
-3975
-6371
-3979
-6527
-3931
-6839
-3871
-7067
-3939
-7327
-3847
-7575
-3871
-7807
-3963
-8011
-3927
-8291
-3947
-8503
-3979
-8775
-3899
-8927
-3911
-9195
-3927
-9491
-3979
-9691
-3931
-9867
-3867
-10163
-3971
-10371
-3979
-10627
-3995
-10859
-3947
-11123
-3979
-11355
-3883
-11571
-3915
-11883
-3939
-12051
-3939
-12379
-3955
-12619
-3995
-12875
-3987
-12995
-3979
-13339
-3867
-13467
-3899
-13819
-3947
-14067
-3987
-14283
-3931
-14547
-3987
-14763
-3947
-14931
-3963
-15147
-3883
-15499
-3971
-15747
-3979
-15963
-3963
-16115
-3899
-16379
-3923
-16603
-3947
-16891
-3995
-17163
-3867
-17435
-3931
-17555
-3939
-17915
-3987
-18131
-3907
-18363
-3907
-18571
-3987
-18843
-4143
85
-4211
-35
-4215
-255
-4163
-635
-4199
-795
-4107
-1091
-4135
-1335
-4167
-1491
-4131
-1691
-4179
-2031
-4171
-2271
-4155
-2435
-4155
-2755
-4183
-2923
-4223
-3239
-4151
-3403
-4207
-3635
-4211
-3863
-4135
-4147
-4135
-4395
-4107
-4659
-4155
-4823
-4211
-5179
-4099
-5355
-4183
-5631
-4091
-5831
-4191
-6067
-4211
-6355
-4167
-6579
-4219
-6779
-4115
-6975
-4231
-7307
-4219
-7523
-4107
-7687
-4199
-7967
-4175
-8243
-4211
-8431
-4159
-8771
-4187
-8971
-4147
-9195
-4107
-9491
-4203
-9739
-4227
-9931
-4155
-10171
-4123
-10403
-4195
-10707
-4187
-10827
-4203
-11091
-4219
-11435
-4179
-11555
-4235
-11787
-4211
-12131
-4107
-12315
-4115
-12531
-4179
-12867
-4155
-13059
-4139
-13323
-4163
-13539
-4211
-13715
-4179
-14027
-4131
-14243
-4235
-14523
-4235
-14683
-4195
-14987
-4227
-15211
-4227
-15419
-4235
-15627
-4235
-15867
-4179
-16195
-4147
-16347
-4187
-16707
-4211
-16899
-4139
-17187
-4115
-17347
-4163
-17619
-4139
-17915
-4179
-18123
-4195
-18395
-4235
-18539
-4163
-18827
-4395
101
-4351
-147
-4411
-287
-4411
-559
-4447
-751
-4419
-1003
-4391
-1319
-4387
-1471
-4419
-1819
-4391
-2003
-4395
-2279
-4435
-2539
-4331
-2759
-4347
-2895
-4387
-3187
-4395
-3431
-4459
-3703
-4459
-3903
-4439
-4219
-4387
-4451
-4423
-4647
-4371
-4827
-4355
-5075
-4411
-5395
-4435
-5575
-4375
-5851
-4387
-6139
-4371
-6359
-4467
-6535
-4355
-6811
-4363
-7111
-4423
-7223
-4419
-7519
-4411
-7695
-4339
-7967
-4435
-8295
-4419
-8547
-4455
-8767
-4387
-9023
-4359
-9251
-4435
-9379
-4467
-9675
-4371
-9907
-4467
-10211
-4419
-10371
-4371
-10611
-4435
-10835
-4403
-11083
-4379
-11323
-4435
-11547
-4467
-11843
-4459
-12059
-4379
-12339
-4411
-12515
-4459
-12835
-4419
-13091
-4395
-13275
-4443
-13595
-4475
-13779
-4467
-14059
-4411
-14235
-4435
-14547
-4451
-14691
-4475
-15027
-4459
-15251
-4395
-15435
-4363
-15739
-4387
-15867
-4467
-16123
-4395
-16347
-4475
-16651
-4403
-16947
-4435
-17147
-4475
-17379
-4475
-17651
-4443
-17795
-4419
-18131
-4371
-18275
-4459
-18635
-4403
-18827
-4639
101
-4619
-123
-4655
-323
-4635
-635
-4571
-815
-4591
-983
-4651
-1315
-4675
-1527
-4691
-1707
-4683
-1943
-4655
-2227
-4571
-2459
-4643
-2695
-4631
-2955
-4591
-3143
-4699
-3459
-4671
-3595
-4679
-3907
-4683
-4143
-4639
-4415
-4635
-4631
-4643
-4839
-4679
-5035
-4635
-5327
-4695
-5619
-4631
-5795
-4707
-6115
-4691
-6255
-4595
-6603
-4567
-6863
-4647
-7015
-4615
-7231
-4651
-7491
-4671
-7783
-4615
-8015
-4627
-8259
-4603
-8527
-4699
-8691
-4635
-9023
-4583
-9175
-4675
-9499
-4699
-9659
-4675
-9995
-4675
-10123
-4707
-10467
-4691
-10611
-4715
-10859
-4675
-11131
-4699
-11347
-4667
-11571
-4611
-11787
-4643
-12131
-4691
-12267
-4691
-12571
-4611
-12763
-4715
-13035
-4651
-13315
-4683
-13483
-4643
-13819
-4715
-13971
-4659
-14275
-4619
-14483
-4659
-14747
-4699
-14955
-4707
-15203
-4627
-15507
-4715
-15667
-4603
-15867
-4635
-16131
-4659
-16387
-4691
-16619
-4675
-16851
-4707
-17195
-4683
-17307
-4683
-17659
-4595
-17835
-4667
-18027
-4675
-18307
-4715
-18619
-4659
-18867
-4915
125
-4859
-131
-4903
-343
-4907
-595
-4807
-815
-4915
-991
-4907
-1323
-4955
-1531
-4855
-1835
-4931
-1991
-4891
-2235
-4907
-2443
-4827
-2787
-4951
-2911
-4903
-3131
-4915
-3383
-4895
-3623
-4915
-3927
-4839
-4195
-4835
-4355
-4831
-4707
-4931
-4843
-4903
-5151
-4911
-5315
-4871
-5619
-4915
-5767
-4907
-6011
-4891
-6251
-4895
-6555
-4899
-6767
-4935
-7083
-4923
-7307
-4935
-7563
-4903
-7791
-4883
-7971
-4903
-8219
-4923
-8459
-4879
-8703
-4795
-8919
-4915
-9215
-4939
-9455
-4915
-9755
-4923
-9883
-4899
-10131
-4939
-10395
-4955
-10595
-4883
-10955
-4939
-11091
-4899
-11331
-4827
-11547
-4931
-11907
-4891
-12139
-4907
-12291
-4931
-12555
-4891
-12875
-4939
-12987
-4851
-13315
-4923
-13555
-4899
-13803
-4947
-13987
-4923
-14315
-4915
-14491
-4899
-14723
-4899
-14915
-4907
-15227
-4859
-15443
-4891
-15683
-4947
-15987
-4915
-16195
-4867
-16347
-4923
-16651
-4939
-16843
-4851
-17195
-4931
-17355
-4939
-17579
-4843
-17811
-4923
-18043
-4843
-18291
-4899
-18507
-4899
-18851
-5099
109
-5147
-39
-5143
-331
-5091
-611
-5131
-771
-5183
-1043
-5107
-1235
-5123
-1483
-5131
-1795
-5127
-1951
-5055
-2203
-5167
-2535
-5131
-2671
-5167
-2971
-5131
-3211
-5099
-3391
-5131
-3631
-5099
-3859
-5135
-4131
-5095
-4343
-5079
-4611
-5091
-4847
-5075
-5123
-5051
-5311
-5131
-5659
-5151
-5839
-5079
-6087
-5115
-6263
-5051
-6587
-5107
-6851
-5167
-6967
-5063
-7251
-5139
-7503
-5063
-7699
-5159
-7959
-5131
-8187
-5187
-8459
-5091
-8683
-5083
-8887
-5155
-9235
-5059
-9471
-5171
-9667
-5179
-9891
-5195
-10123
-5147
-10443
-5163
-10667
-5195
-10955
-5195
-11179
-5163
-11427
-5075
-11659
-5163
-11819
-5139
-12043
-5147
-12347
-5163
-12507
-5195
-12819
-5179
-13083
-5123
-13235
-5091
-13547
-5115
-13803
-5155
-14059
-5171
-14243
-5115
-14483
-5107
-14715
-5139
-14947
-5139
-15147
-5195
-15491
-5179
-15707
-5123
-15931
-5075
-16219
-5187
-16379
-5163
-16659
-5163
-16867
-5115
-17123
-5091
-17307
-5163
-17659
-5083
-17803
-5155
-18035
-5187
-18315
-5171
-18595
-5131
-18859
-5307
85
-5419
-123
-5387
-299
-5371
-599
-5427
-787
-5387
-1051
-5411
-1323
-5395
-1539
-5411
-1715
-5427
-1979
-5387
-2235
-5387
-2491
-5347
-2787
-5371
-2879
-5395
-3255
-5427
-3451
-5379
-3611
-5395
-3939
-5395
-4115
-5427
-4355
-5411
-4715
-5419
-4843
-5435
-5163
-5363
-5319
-5435
-5627
-5347
-5859
-5403
-6123
-5403
-6267
-5379
-6499
-5323
-6767
-5395
-7043
-5315
-7331
-5355
-7515
-5363
-7751
-5379
-7971
-5355
-8259
-5395
-8411
-5347
-8763
-5379
-9007
-5419
-9187
-5395
-9507
-5323
-9731
-5395
-9899
-5371
-10203
-5331
-10451
-5419
-10699
-5419
-10931
-5395
-11083
-5363
-11307
-5411
-11563
-5363
-11811
-5387
-12115
-5427
-12355
-5427
-12579
-5411
-12771
-5323
-13083
-5387
-13299
-5387
-13547
-5371
-13747
-5355
-14019
-5379
-14235
-5395
-14539
-5419
-14667
-5363
-14971
-5347
-15235
-5427
-15499
-5387
-15627
-5427
-15939
-5363
-16123
-5403
-16451
-5427
-16691
-5419
-16947
-5355
-17099
-5395
-17339
-5403
-17579
-5419
-17819
-5307
-18091
-5371
-18291
-5307
-18507
-5331
-18811
-5659
141
-5667
-99
-5643
-291
-5611
-595
-5603
-843
-5619
-1115
-5579
-1323
-5651
-1475
-5619
-1795
-5611
-2059
-5667
-2251
-5603
-2467
-5555
-2731
-5619
-2915
-5643
-3155
-5555
-3403
-5643
-3691
-5587
-3915
-5651
-4211
-5571
-4371
-5675
-4643
-5659
-4835
-5587
-5107
-5667
-5323
-5571
-5579
-5675
-5827
-5587
-6131
-5579
-6307
-5659
-6555
-5659
-6843
-5611
-7051
-5635
-7339
-5659
-7475
-5659
-7763
-5587
-8043
-5547
-8299
-5571
-8475
-5587
-8747
-5571
-9027
-5667
-9163
-5619
-9387
-5643
-9747
-5627
-9923
-5635
-10131
-5659
-10427
-5667
-10611
-5563
-10835
-5667
-11067
-5627
-11427
-5547
-11603
-5675
-11843
-5659
-12115
-5659
-12267
-5555
-12611
-5619
-12811
-5651
-13067
-5547
-13339
-5635
-13531
-5579
-13779
-5547
-14067
-5619
-14267
-5675
-14523
-5627
-14715
-5675
-14931
-5667
-15195
-5635
-15411
-5571
-15659
-5659
-15899
-5587
-16203
-5587
-16467
-5635
-16691
-5667
-16883
-5651
-17107
-5619
-17323
-5627
-17635
-5667
-17795
-5675
-18035
-5643
-18347
-5659
-18563
-5579
-18875
-5867
93
-5891
-123
-5811
-355
-5907
-507
-5891
-803
-5811
-1067
-5867
-1267
-5907
-1499
-5891
-1731
-5795
-2027
-5827
-2307
-5891
-2459
-5811
-2691
-5843
-2931
-5891
-3163
-5875
-3499
-5891
-3651
-5787
-3939
-5899
-4203
-5867
-4355
-5851
-4699
-5827
-4843
-5835
-5163
-5875
-5323
-5883
-5603
-5867
-5907
-5803
-6067
-5787
-6299
-5811
-6579
-5835
-6835
-5899
-6987
-5891
-7299
-5899
-7507
-5891
-7723
-5891
-8027
-5899
-8315
-5867
-8451
-5859
-8683
-5803
-8995
-5891
-9203
-5819
-9499
-5867
-9755
-5859
-9971
-5891
-10195
-5883
-10475
-5867
-10683
-5843
-10939
-5883
-11091
-5899
-11387
-5891
-11627
-5859
-11875
-5907
-12059
-5851
-12379
-5803
-12579
-5883
-12755
-5859
-13019
-5883
-13267
-5891
-13491
-5819
-13755
-5891
-14059
-5875
-14259
-5915
-14427
-5899
-14747
-5787
-15003
-5915
-15187
-5907
-15475
-5851
-15723
-5787
-15875
-5843
-16187
-5891
-16459
-5907
-16627
-5843
-16859
-5899
-17155
-5787
-17323
-5899
-17547
-5819
-17811
-5891
-18051
-5803
-18395
-5891
-18579
-5811
-18843
-6051
109
-6155
-35
-6067
-267
-6115
-611
-6131
-835
-6035
-1091
-6091
-1307
-6123
-1571
-6139
-1827
-6099
-2051
-6107
-2195
-6123
-2539
-6115
-2667
-6051
-2939
-6067
-3163
-6131
-3459
-6139
-3755
-6139
-3931
-6051
-4115
-6107
-4347
-6051
-4627
-6147
-4939
-6147
-5075
-6147
-5395
-6043
-5643
-6131
-5859
-6147
-6099
-6139
-6379
-6051
-6507
-6139
-6779
-6107
-7035
-6115
-7315
-6155
-7515
-6035
-7755
-6043
-7987
-6075
-8259
-6035
-8443
-6155
-8675
-6123
-9027
-6123
-9235
-6091
-9467
-6035
-9723
-6147
-9891
-6027
-10203
-6083
-10419
-6107
-10659
-6091
-10923
-6155
-11171
-6107
-11387
-6043
-11603
-6091
-11843
-6107
-12147
-6139
-12379
-6075
-12507
-6099
-12771
-6099
-13059
-6035
-13307
-6155
-13467
-6155
-13755
-6123
-13963
-6027
-14235
-6091
-14539
-6059
-14779
-6139
-14971
-6107
-15259
-6115
-15475
-6123
-15643
-6107
-15955
-6155
-16227
-6027
-16363
-6083
-16635
-6131
-16923
-6123
-17131
-6075
-17371
-6123
-17555
-6099
-17899
-6075
-18083
-6147
-18267
-6131
-18555
-6075
-18819
-6387
125
-6339
-27
-6275
-331
-6363
-547
-6275
-827
-6291
-987
-6355
-1251
-6291
-1523
-6387
-1811
-6371
-2035
-6275
-2251
-6355
-2539
-6291
-2683
-6387
-2963
-6395
-3171
-6339
-3507
-6331
-3691
-6339
-3907
-6387
-4115
-6363
-4427
-6347
-4659
-6355
-4843
-6395
-5067
-6299
-5411
-6307
-5563
-6379
-5891
-6299
-6043
-6331
-6315
-6307
-6579
-6347
-6835
-6371
-7091
-6323
-7267
-6275
-7467
-6315
-7707
-6339
-8075
-6315
-8219
-6339
-8523
-6307
-8715
-6323
-8939
-6395
-9187
-6395
-9427
-6395
-9715
-6355
-9995
-6315
-10139
-6347
-10355
-6315
-10635
-6331
-10931
-6379
-11123
-6283
-11395
-6395
-11555
-6307
-11907
-6371
-12067
-6363
-12315
-6347
-12515
-6331
-12827
-6363
-13043
-6363
-13355
-6355
-13579
-6339
-13755
-6371
-14035
-6387
-14315
-6315
-14547
-6355
-14747
-6283
-14963
-6307
-15195
-6339
-15451
-6387
-15739
-6339
-15931
-6387
-16227
-6315
-16467
-6363
-16587
-6371
-16827
-6387
-17115
-6395
-17323
-6387
-17571
-6347
-17867
-6387
-18027
-6363
-18299
-6267
-18531
-6387
-18851
-6547
85
-6563
-147
-6579
-395
-6627
-563
-6579
-843
-6603
-1059
-6579
-1331
-6515
-1515
-6627
-1803
-6635
-2043
-6627
-2227
-6563
-2443
-6627
-2675
-6531
-3027
-6611
-3243
-6627
-3427
-6619
-3635
-6523
-3955
-6627
-4203
-6579
-4451
-6611
-4611
-6627
-4851
-6619
-5107
-6515
-5419
-6603
-5571
-6627
-5875
-6563
-6099
-6603
-6291
-6595
-6563
-6555
-6763
-6627
-6995
-6547
-7347
-6635
-7563
-6547
-7763
-6627
-7963
-6603
-8275
-6619
-8507
-6595
-8795
-6635
-8939
-6531
-9179
-6555
-9443
-6603
-9627
-6547
-9955
-6555
-10227
-6523
-10411
-6587
-10699
-6555
-10859
-6571
-11171
-6587
-11419
-6571
-11667
-6587
-11851
-6635
-12035
-6595
-12283
-6563
-12507
-6595
-12771
-6611
-13059
-6611
-13291
-6619
-13563
-6619
-13715
-6635
-13979
-6635
-14243
-6635
-14523
-6563
-14787
-6547
-14971
-6507
-15227
-6627
-15419
-6579
-15707
-6507
-15939
-6563
-16139
-6627
-16443
-6595
-16595
-6579
-16827
-6531
-17155
-6547
-17363
-6579
-17611
-6563
-17843
-6635
-18075
-6515
-18355
-6523
-18635
-6595
-18867
-6827
93
-6755
-51
-6803
-299
-6859
-563
-6803
-795
-6875
-1051
-6867
-1291
-6811
-1595
-6875
-1787
-6835
-2003
-6771
-2307
-6835
-2547
-6819
-2763
-6859
-2931
-6867
-3163
-6819
-3387
-6851
-3723
-6851
-3891
-6803
-4147
-6755
-4355
-6827
-4643
-6827
-4859
-6827
-5091
-6835
-5427
-6859
-5547
-6779
-5835
-6867
-6067
-6843
-6387
-6867
-6595
-6851
-6747
-6771
-7051
-6779
-7315
-6875
-7483
-6827
-7787
-6875
-8067
-6859
-8211
-6771
-8499
-6843
-8771
-6851
-8939
-6755
-9243
-6819
-9403
-6795
-9699
-6747
-9947
-6835
-10123
-6867
-10435
-6835
-10715
-6787
-10931
-6867
-11131
-6811
-11315
-6867
-11635
-6811
-11803
-6755
-12147
-6803
-12355
-6859
-12611
-6851
-12851
-6747
-13051
-6859
-13251
-6827
-13507
-6851
-13827
-6835
-14011
-6835
-14203
-6843
-14443
-6755
-14779
-6803
-14955
-6771
-15147
-6843
-15419
-6875
-15699
-6875
-15923
-6875
-16195
-6843
-16355
-6803
-16707
-6827
-16947
-6779
-17107
-6755
-17323
-6859
-17603
-6867
-17915
-6875
-18099
-6875
-18379
-6787
-18635
-6811
-18811
-7011
133
-7059
-67
-7035
-323
-7075
-507
-7091
-835
-7043
-1067
-7043
-1235
-7075
-1539
-7075
-1819
-7075
-2075
-7091
-2251
-7035
-2547
-7011
-2787
-7107
-2971
-7075
-3243
-7075
-3475
-7027
-3683
-7027
-3995
-7067
-4139
-7011
-4475
-7083
-4691
-7075
-4867
-7115
-5195
-7107
-5427
-7011
-5587
-7091
-5907
-7011
-6131
-7075
-6291
-7083
-6579
-7091
-6747
-7027
-7011
-7107
-7291
-7115
-7563
-7043
-7811
-7091
-7979
-7107
-8203
-7035
-8507
-7043
-8707
-7075
-8939
-7115
-9195
-6995
-9491
-7059
-9747
-7075
-9963
-7067
-10163
-7091
-10403
-7067
-10659
-7027
-10883
-7019
-11139
-7051
-11411
-7115
-11651
-7115
-11899
-7075
-12155
-7051
-12379
-7091
-12515
-7091
-12835
-7107
-12995
-7099
-13339
-7011
-13475
-7043
-13803
-7091
-14011
-7051
-14291
-7075
-14547
-7107
-14755
-7019
-14923
-7075
-15179
-7091
-15435
-7075
-15699
-7091
-15971
-7091
-16107
-7083
-16459
-7059
-16683
-7075
-16875
-7067
-17171
-7091
-17323
-7059
-17571
-7027
-17803
-7107
-18099
-7075
-18387
-7035
-18635
-7011
-18867
-7299
93
-7331
-35
-7331
-275
-7291
-635
-7235
-843
-7355
-1011
-7315
-1299
-7251
-1571
-7299
-1803
-7251
-2067
-7307
-2235
-7347
-2547
-7315
-2715
-7347
-2987
-7267
-3227
-7299
-3387
-7299
-3667
-7347
-3939
-7291
-4211
-7355
-4371
-7355
-4619
-7307
-4947
-7307
-5147
-7243
-5427
-7307
-5587
-7299
-5827
-7291
-6059
-7331
-6355
-7243
-6571
-7243
-6763
-7323
-7003
-7347
-7339
-7251
-7579
-7347
-7827
-7355
-8019
-7283
-8219
-7355
-8451
-7243
-8747
-7291
-9011
-7299
-9259
-7339
-9515
-7347
-9635
-7307
-9899
-7267
-10139
-7267
-10435
-7347
-10595
-7283
-10907
-7227
-11123
-7315
-11371
-7291
-11603
-7227
-11883
-7339
-12051
-7331
-12323
-7267
-12627
-7299
-12779
-7267
-12987
-7315
-13267
-7323
-13515
-7275
-13755
-7267
-13971
-7315
-14195
-7347
-14531
-7339
-14699
-7347
-14923
-7283
-15171
-7339
-15387
-7355
-15683
-7355
-15891
-7291
-16123
-7235
-16467
-7347
-16707
-7347
-16859
-7291
-17115
-7331
-17371
-7299
-17579
-7259
-17843
-7315
-18075
-7355
-18371
-7323
-18579
-7347
-18843
-7491
109
-7539
-131
-7579
-299
-7491
-635
-7523
-819
-7587
-1099
-7555
-1275
-7491
-1475
-7571
-1731
-7571
-1987
-7475
-2187
-7587
-2547
-7531
-2707
-7507
-3027
-7475
-3211
-7539
-3395
-7531
-3691
-7547
-3907
-7467
-4107
-7499
-4395
-7515
-4627
-7547
-4883
-7523
-5115
-7531
-5411
-7507
-5627
-7587
-5915
-7539
-6051
-7531
-6347
-7563
-6603
-7523
-6811
-7499
-7043
-7539
-7315
-7571
-7595
-7547
-7731
-7483
-8075
-7483
-8267
-7595
-8443
-7499
-8779
-7499
-8955
-7523
-9195
-7475
-9483
-7467
-9683
-7563
-9867
-7499
-10155
-7587
-10395
-7587
-10611
-7531
-10867
-7507
-11091
-7595
-11371
-7571
-11555
-7547
-11915
-7467
-12139
-7571
-12267
-7491
-12603
-7531
-12803
-7499
-13043
-7563
-13299
-7499
-13467
-7579
-13747
-7499
-14011
-7547
-14315
-7507
-14491
-7563
-14763
-7579
-14923
-7539
-15235
-7547
-15411
-7531
-15707
-7571
-15979
-7563
-16235
-7595
-16395
-7579
-16667
-7595
-16867
-7579
-17179
-7595
-17355
-7491
-17667
-7571
-17899
-7579
-18075
-7571
-18339
-7587
-18627
-7547
-18875
-7787
133
-7747
-115
-7755
-339
-7819
-563
-7819
-795
-7795
-1091
-7827
-1315
-7715
-1595
-7803
-1715
-7771
-1987
-7835
-2227
-7739
-2427
-7835
-2779
-7747
-3003
-7707
-3155
-7795
-3483
-7795
-3747
-7819
-3955
-7835
-4107
-7731
-4371
-7803
-4683
-7827
-4931
-7803
-5147
-7747
-5331
-7755
-5675
-7827
-5915
-7771
-6059
-7819
-6307
-7771
-6563
-7763
-6763
-7811
-7083
-7723
-7339
-7819
-7499
-7803
-7739
-7819
-8075
-7763
-8251
-7787
-8491
-7771
-8683
-7819
-8979
-7795
-9227
-7715
-9467
-7747
-9627
-7739
-9891
-7731
-10203
-7835
-10387
-7739
-10715
-7739
-10843
-7787
-11139
-7779
-11403
-7771
-11643
-7723
-11915
-7787
-12123
-7763
-12267
-7763
-12579
-7811
-12747
-7835
-12987
-7739
-13235
-7819
-13547
-7787
-13771
-7755
-14019
-7835
-14307
-7827
-14451
-7835
-14787
-7707
-15011
-7811
-15219
-7803
-15427
-7723
-15683
-7835
-15875
-7835
-16211
-7803
-16443
-7795
-16635
-7747
-16915
-7827
-17083
-7835
-17363
-7723
-17635
-7803
-17851
-7819
-18027
-7835
-18379
-7827
-18595
-7723
-18835
-8075
125
-8011
-75
-8059
-347
-8003
-531
-8051
-763
-7995
-1075
-8027
-1355
-8019
-1515
-7995
-1723
-8043
-2003
-7963
-2251
-8051
-2499
-8075
-2715
-8043
-2995
-8075
-3235
-8075
-3395
-8035
-3723
-8043
-3995
-7971
-4155
-7979
-4403
-8059
-4667
-7963
-4851
-8027
-5163
-8043
-5331
-8027
-5659
-8059
-5883
-8059
-6147
-8067
-6331
-7947
-6515
-8051
-6811
-8011
-6995
-8075
-7243
-8059
-7595
-7987
-7803
-8075
-8067
-7987
-8251
-8059
-8427
-8035
-8731
-8003
-8947
-8043
-9147
-8059
-9427
-7987
-9691
-8051
-9963
-8019
-10219
-8067
-10379
-8011
-10603
-7995
-10931
-8003
-11171
-8043
-11339
-8019
-11571
-7947
-11843
-8027
-12131
-8019
-12331
-7995
-12563
-7995
-12843
-7995
-13107
-8019
-13291
-8011
-13571
-7963
-13811
-8067
-14019
-8043
-14267
-7987
-14555
-8075
-14787
-8075
-14923
-8051
-15251
-8059
-15427
-7971
-15739
-8035
-15923
-8027
-16147
-8003
-16371
-8043
-16659
-8051
-16875
-8059
-17163
-8043
-17323
-7987
-17611
-7987
-17803
-7963
-18123
-8051
-18387
-8019
-18635
-8003
-18811
-8283
109
-8291
-51
-8227
-299
-8211
-555
-8243
-795
-8259
-1099
-8307
-1347
-8291
-1563
-8195
-1779
-8267
-1979
-8267
-2187
-8283
-2475
-8235
-2723
-8211
-2979
-8211
-3235
-8291
-3507
-8315
-3675
-8243
-3955
-8307
-4171
-8283
-4387
-8243
-4603
-8259
-4915
-8187
-5155
-8259
-5347
-8251
-5595
-8219
-5899
-8267
-6131
-8315
-6323
-8195
-6563
-8315
-6747
-8315
-7115
-8315
-7267
-8219
-7507
-8243
-7811
-8203
-8043
-8315
-8299
-8227
-8491
-8283
-8795
-8195
-8971
-8259
-9203
-8267
-9515
-8203
-9731
-8291
-9923
-8251
-10107
-8291
-10451
-8299
-10667
-8283
-10955
-8283
-11187
-8315
-11331
-8243
-11667
-8227
-11891
-8227
-12043
-8315
-12347
-8275
-12555
-8219
-12763
-8283
-13075
-8291
-13235
-8307
-13539
-8299
-13715
-8251
-14075
-8203
-14195
-8203
-14499
-8315
-14691
-8259
-14963
-8299
-15163
-8187
-15467
-8203
-15643
-8307
-15883
-8299
-16147
-8315
-16467
-8307
-16675
-8195
-16907
-8307
-17115
-8299
-17419
-8283
-17547
-8211
-17851
-8259
-18059
-8267
-18291
-8307
-18515
-8259
-18859
-8499
141
-8427
-59
-8467
-315
-8443
-627
-8499
-795
-8451
-1059
-8547
-1251
-8507
-1491
-8531
-1779
-8523
-1987
-8491
-2259
-8539
-2555
-8427
-2715
-8483
-2947
-8547
-3219
-8491
-3411
-8507
-3651
-8523
-3987
-8483
-4195
-8539
-4419
-8523
-4691
-8451
-4955
-8539
-5115
-8507
-5435
-8467
-5595
-8547
-5843
-8547
-6075
-8547
-6323
-8435
-6611
-8555
-6787
-8491
-7003
-8483
-7339
-8531
-7571
-8539
-7819
-8523
-8003
-8523
-8259
-8515
-8507
-8435
-8683
-8547
-9019
-8507
-9155
-8547
-9427
-8531
-9683
-8523
-9939
-8459
-10187
-8491
-10395
-8555
-10627
-8443
-10915
-8483
-11123
-8499
-11371
-8539
-11643
-8523
-11827
-8515
-12083
-8435
-12395
-8531
-12579
-8547
-12843
-8467
-12995
-8483
-13283
-8459
-13595
-8475
-13835
-8499
-14019
-8483
-14235
-8515
-14531
-8523
-14771
-8491
-14939
-8539
-15251
-8499
-15475
-8547
-15691
-8515
-15987
-8555
-16123
-8515
-16459
-8515
-16627
-8507
-16835
-8515
-17099
-8507
-17363
-8555
-17571
-8531
-17795
-8507
-18067
-8515
-18267
-8523
-18515
-8515
-18819
-8675
149
-8787
-35
-8755
-275
-8675
-603
-8739
-827
-8771
-1059
-8795
-1339
-8779
-1523
-8667
-1731
-8667
-2011
-8795
-2299
-8723
-2499
-8787
-2731
-8763
-2971
-8787
-3203
-8723
-3491
-8771
-3659
-8755
-3963
-8787
-4131
-8731
-4387
-8747
-4667
-8755
-4923
-8779
-5099
-8675
-5355
-8779
-5595
-8787
-5899
-8795
-6059
-8667
-6387
-8667
-6547
-8771
-6795
-8683
-7027
-8739
-7307
-8747
-7555
-8755
-7747
-8747
-8075
-8723
-8307
-8747
-8435
-8715
-8739
-8787
-9003
-8771
-9219
-8747
-9491
-8755
-9715
-8755
-9883
-8715
-10171
-8667
-10451
-8731
-10707
-8755
-10843
-8795
-11075
-8707
-11355
-8675
-11643
-8691
-11811
-8731
-12147
-8771
-12387
-8731
-12619
-8779
-12843
-8747
-13011
-8779
-13347
-8707
-13491
-8787
-13787
-8723
-13955
-8731
-14291
-8731
-14507
-8771
-14755
-8787
-14995
-8723
-15171
-8755
-15411
-8683
-15707
-8739
-15923
-8715
-16235
-8731
-16475
-8731
-16635
-8787
-16931
-8763
-17163
-8795
-17315
-8795
-17667
-8787
-17859
-8675
-18075
-8779
-18307
-8787
-18563
-8771
-18851
-8995
149
-8963
-51
-9035
-331
-9011
-555
-8939
-811
-8915
-1099
-8955
-1283
-8987
-1475
-9027
-1739
-9011
-2027
-9035
-2195
-8931
-2531
-8971
-2723
-8995
-2907
-9011
-3171
-9003
-3443
-8987
-3715
-8939
-3931
-8995
-4115
-8987
-4379
-8995
-4619
-8979
-4899
-9019
-5187
-9011
-5347
-9019
-5651
-9035
-5787
-8939
-6027
-8907
-6347
-9027
-6523
-8955
-6875
-9027
-7107
-9011
-7283
-8955
-7539
-8987
-7803
-8971
-8043
-8995
-8211
-9035
-8435
-8963
-8739
-8987
-8931
-8971
-9259
-9019
-9387
-8947
-9747
-8939
-9995
-9003
-10235
-9035
-10419
-8963
-10699
-8963
-10835
-8971
-11147
-9019
-11387
-9011
-11555
-8907
-11899
-8971
-12099
-8995
-12299
-9027
-12603
-8955
-12835
-8955
-13115
-8979
-13227
-9011
-13579
-9027
-13827
-9011
-14011
-8947
-14267
-8907
-14451
-8947
-14755
-9035
-14915
-8963
-15211
-8955
-15459
-9027
-15707
-8939
-15907
-8947
-16179
-9035
-16371
-9035
-16627
-8915
-16875
-9011
-17155
-8979
-17395
-8939
-17675
-9027
-17851
-8907
-18091
-8915
-18307
-8971
-18531
-9027
-18875
-9235
133
-9275
-67
-9235
-363
-9267
-563
-9259
-851
-9275
-1043
-9259
-1275
-9171
-1547
-9275
-1803
-9259
-2035
-9219
-2235
-9171
-2467
-9163
-2699
-9275
-3019
-9219
-3267
-9147
-3459
-9243
-3683
-9251
-3923
-9147
-4227
-9267
-4451
-9195
-4619
-9243
-4875
-9275
-5123
-9155
-5395
-9243
-5563
-9251
-5795
-9187
-6131
-9259
-6315
-9227
-6531
-9203
-6819
-9179
-7027
-9235
-7251
-9267
-7475
-9211
-7715
-9187
-7995
-9163
-8275
-9211
-8539
-9275
-8787
-9251
-8931
-9211
-9147
-9227
-9459
-9155
-9755
-9211
-9931
-9195
-10107
-9211
-10371
-9219
-10691
-9243
-10851
-9195
-11163
-9235
-11363
-9211
-11611
-9195
-11875
-9251
-12035
-9243
-12267
-9227
-12619
-9171
-12755
-9227
-13091
-9267
-13283
-9275
-13539
-9243
-13787
-9203
-14003
-9211
-14299
-9243
-14483
-9243
-14739
-9155
-15011
-9155
-15147
-9267
-15395
-9179
-15755
-9251
-15907
-9187
-16131
-9259
-16363
-9219
-16659
-9227
-16915
-9211
-17075
-9259
-17427
-9243
-17571
-9203
-17859
-9275
-18139
-9219
-18395
-9267
-18603
-9219
-18811
-9419
125
-9435
-83
-9459
-315
-9411
-635
-9411
-763
-9411
-1091
-9499
-1251
-9483
-1491
-9483
-1763
-9411
-1979
-9515
-2291
-9499
-2547
-9507
-2699
-9467
-2915
-9467
-3259
-9459
-3395
-9475
-3755
-9475
-3979
-9395
-4123
-9467
-4443
-9499
-4611
-9459
-4859
-9387
-5179
-9499
-5315
-9467
-5579
-9419
-5843
-9499
-6051
-9403
-6355
-9435
-6579
-9403
-6827
-9483
-7091
-9467
-7331
-9499
-7491
-9499
-7787
-9507
-8035
-9515
-8267
-9459
-8467
-9499
-8675
-9427
-8947
-9419
-9171
-9467
-9411
-9515
-9731
-9507
-9907
-9499
-10203
-9491
-10475
-9403
-10707
-9507
-10875
-9419
-11115
-9507
-11347
-9467
-11643
-9491
-11907
-9451
-12147
-9499
-12299
-9395
-12555
-9507
-12835
-9403
-13091
-9515
-13251
-9435
-13555
-9395
-13763
-9387
-14067
-9387
-14235
-9443
-14507
-9387
-14723
-9459
-15027
-9515
-15195
-9451
-15491
-9515
-15675
-9435
-15923
-9387
-16227
-9427
-16451
-9419
-16659
-9483
-16843
-9467
-17131
-9499
-17371
-9515
-17611
-9507
-17795
-9467
-18155
-9419
-18275
-9499
-18587
-9467
-18835
-9715
109
-9747
-67
-9755
-379
-9699
-603
-9747
-747
-9755
-1091
-9755
-1315
-9659
-1571
-9755
-1707
-9675
-1995
-9731
-2203
-9731
-2523
-9723
-2675
-9691
-3003
-9667
-3179
-9715
-3403
-9659
-3715
-9739
-3979
-9651
-4195
-9643
-4435
-9723
-4651
-9683
-4835
-9643
-5171
-9715
-5307
-9675
-5547
-9739
-5835
-9747
-6123
-9675
-6363
-9723
-6595
-9659
-6811
-9755
-6987
-9667
-7267
-9707
-7499
-9675
-7835
-9723
-8011
-9723
-8211
-9651
-8451
-9667
-8795
-9659
-8923
-9723
-9195
-9715
-9459
-9715
-9667
-9755
-9987
-9683
-10139
-9651
-10467
-9691
-10691
-9755
-10931
-9707
-11195
-9723
-11363
-9691
-11587
-9731
-11915
-9651
-12139
-9715
-12275
-9723
-12555
-9627
-12763
-9635
-13043
-9723
-13315
-9715
-13555
-9667
-13795
-9651
-14035
-9659
-14251
-9683
-14435
-9659
-14739
-9699
-14955
-9739
-15227
-9715
-15483
-9683
-15715
-9643
-15907
-9739
-16115
-9691
-16411
-9707
-16651
-9739
-16875
-9747
-17075
-9747
-17355
-9723
-17667
-9755
-17835
-9683
-18083
-9739
-18283
-9699
-18595
-9747
-18835
-9907
117
-9979
-43
-9883
-387
-9931
-587
-9923
-763
-9979
-987
-9963
-1275
-9891
-1587
-9947
-1795
-9947
-1963
-9931
-2219
-9931
-2435
-9963
-2715
-9931
-2939
-9867
-3251
-9883
-3467
-9971
-3755
-9963
-3899
-9995
-4115
-9867
-4411
-9891
-4627
-9947
-4859
-9963
-5067
-9947
-5307
-9987
-5563
-9987
-5907
-9971
-6067
-9947
-6267
-9955
-6539
-9907
-6859
-9907
-7115
-9891
-7291
-9963
-7507
-9971
-7763
-9883
-8003
-9907
-8315
-9915
-8427
-9963
-8699
-9891
-8947
-9923
-9219
-9995
-9483
-9867
-9699
-9963
-9915
-9963
-10227
-9931
-10459
-9907
-10627
-9979
-10915
-9979
-11155
-9939
-11331
-9947
-11635
-9995
-11811
-9995
-12035
-9987
-12323
-9931
-12627
-9883
-12851
-9915
-13075
-9923
-13291
-9995
-13507
-9955
-13811
-9915
-13971
-9907
-14235
-9947
-14523
-9947
-14755
-9947
-15011
-9907
-15195
-9955
-15435
-9963
-15691
-9955
-15891
-9995
-16227
-9915
-16443
-9963
-16699
-9907
-16867
-9995
-17147
-9907
-17363
-9899
-17667
-9995
-17843
-9979
-18075
-9867
-18307
-9963
-18571
-9939
-18843
-10139
117
-10195
-147
-10163
-347
-10155
-539
-10155
-875
-10139
-987
-10211
-1323
-10187
-1499
-10203
-1803
-10171
-1963
-10211
-2219
-10235
-2491
-10187
-2683
-10123
-2987
-10227
-3243
-10163
-3475
-10107
-3667
-10187
-3947
-10227
-4195
-10227
-4419
-10235
-4627
-10107
-4955
-10163
-5083
-10195
-5379
-10155
-5643
-10195
-5875
-10211
-6083
-10155
-6347
-10203
-6563
-10115
-6747
-10235
-7035
-10171
-7227
-10179
-7499
-10227
-7771
-10203
-7955
-10195
-8211
-10131
-8443
-10163
-8667
-10227
-8923
-10235
-9155
-10195
-9395
-10211
-9723
-10195
-9923
-10139
-10187
-10195
-10459
-10187
-10603
-10195
-10899
-10107
-11147
-10211
-11403
-10195
-11595
-10179
-11907
-10131
-12139
-10211
-12355
-10219
-12571
-10235
-12755
-10155
-12987
-10163
-13267
-10227
-13555
-10163
-13763
-10211
-14011
-10163
-14259
-10235
-14515
-10131
-14747
-10235
-14923
-10187
-15171
-10139
-15507
-10195
-15739
-10195
-15939
-10139
-16155
-10139
-16363
-10179
-16659
-10139
-16939
-10211
-17107
-10187
-17435
-10195
-17667
-10195
-17843
-10187
-18147
-10211
-18267
-10227
-18579
-10163
-18859
-10427
117
-10451
-83
-10411
-395
-10419
-563
-10443
-763
-10459
-1107
-10467
-1339
-10459
-1579
-10459
-1747
-10451
-2059
-10451
-2251
-10459
-2547
-10435
-2699
-10443
-3019
-10411
-3163
-10459
-3491
-10427
-3683
-10451
-3915
-10451
-4179
-10475
-4419
-10475
-4619
-10459
-4939
-10475
-5123
-10459
-5339
-10451
-5579
-10419
-5915
-10451
-6067
-10435
-6395
-10475
-6523
-10443
-6763
-10451
-7011
-10459
-7235
-10475
-7539
-10427
-7771
-10435
-8067
-10467
-8275
-10419
-8523
-10443
-8723
-10467
-9027
-10451
-9203
-10451
-9475
-10467
-9707
-10443
-9883
-10411
-10115
-10459
-10411
-10451
-10587
-10443
-10899
-10427
-11075
-10475
-11339
-10467
-11667
-10475
-11891
-10475
-12147
-10451
-12307
-10467
-12523
-10475
-12843
-10467
-13059
-10443
-13243
-10411
-13539
-10443
-13755
-10459
-14027
-10435
-14299
-10443
-14443
-10435
-14739
-10419
-15035
-10435
-15163
-10427
-15467
-10467
-15675
-10419
-15891
-10443
-16147
-10467
-16419
-10459
-16683
-10419
-16907
-10435
-17195
-10443
-17435
-10427
-17563
-10443
-17891
-10435
-18155
-10435
-18323
-10475
-18611
-10467
-18851
