101
347
139
-5
296
-390
484
-577
319
-841
301
-1070
405
-1290
186
-1493
559
-1765
267
-2032
275
-2237
135
-2511
129
-2699
219
-2927
151
-3249
145
-3427
319
-3705
165
-3895
209
-4095
339
-4363
139
-4577
93
-4911
109
-5087
133
-5311
85
-5571
117
-5891
93
-6083
85
-6267
85
-6555
133
-6835
125
-7079
149
-7307
141
-7519
85
-7747
85
-7991
85
-8283
141
-8523
117
-8707
133
-8955
125
-9183
117
-9395
125
-9739
101
-9955
109
-10163
85
-10435
125
-10683
117
-10859
85
-11107
133
-11339
125
-11627
101
-11867
125
-12067
109
-12339
85
-12531
149
-12819
93
-13091
85
-13331
101
-13571
93
-13715
85
-14035
109
-14227
149
-14427
133
-14683
149
-14931
85
-15267
117
-15499
141
-15691
117
-15963
85
-16203
93
-16443
125
-16611
141
-16891
125
-17067
141
-17419
117
-17587
141
-17787
141
-18027
149
-18299
117
-18531
101
-18827
-143
586
-73
-46
-132
-361
-21
-567
-121
-771
-65
-1079
-101
-1325
-131
-1527
-137
-1721
-136
-2001
-51
-2236
-115
-2513
-19
-2703
-71
-2975
-25
-3159
-91
-3409
-83
-3619
-119
-3867
-131
-4203
-141
-4419
-47
-4595
-107
-4819
-83
-5187
-35
-5387
-107
-5643
-67
-5899
-127
-6059
-47
-6379
-67
-6591
-111
-6803
-151
-7007
-147
-7243
-91
-7459
-103
-7711
-99
-8007
-103
-8239
-123
-8503
-11
-8679
-51
-8919
-103
-9219
-139
-9507
-147
-9739
-147
-9899
-107
-10163
-27
-10419
-35
-10651
-99
-10955
-75
-11067
-67
-11419
-131
-11611
-83
-11875
-131
-12115
-75
-12307
-67
-12603
-155
-12851
-99
-13075
-123
-13291
-115
-13579
-83
-13779
-99
-14051
-83
-14235
-139
-14531
-115
-14707
-67
-14995
-139
-15251
-67
-15483
-147
-15723
-99
-15939
-99
-16147
-51
-16371
-131
-16643
-59
-16899
-147
-17187
-155
-17435
-51
-17627
-43
-17883
-67
-18123
-75
-18291
-155
-18555
-99
-18843
-363
812
-325
-41
-321
-351
-342
-543
-346
-783
-381
-1085
-348
-1305
-316
-1481
-229
-1682
-295
-2032
-373
-2253
-375
-2519
-311
-2655
-253
-3005
-321
-3153
-267
-3485
-259
-3713
-279
-3883
-283
-4193
-383
-4367
-261
-4641
-343
-4807
-331
-5091
-387
-5419
-355
-5543
-363
-5819
-283
-6063
-367
-6315
-371
-6503
-339
-6823
-319
-7059
-355
-7227
-307
-7527
-299
-7823
-303
-7959
-347
-8183
-315
-8515
-287
-8727
-375
-8923
-375
-9151
-347
-9491
-299
-9747
-283
-9979
-291
-10211
-379
-10411
-299
-10683
-291
-10907
-379
-11131
-363
-11395
-283
-11579
-275
-11867
-315
-12051
-331
-12387
-267
-12523
-323
-12763
-347
-12987
-355
-13323
-291
-13571
-387
-13779
-395
-14067
-371
-14315
-371
-14499
-323
-14739
-323
-15011
-395
-15187
-275
-15507
-371
-15683
-275
-15947
-323
-16211
-339
-16387
-387
-16603
-339
-16947
-387
-17099
-315
-17363
-379
-17579
-379
-17827
-395
-18051
-339
-18307
-339
-18587
-387
-18843
-519
1387
-504
-98
-611
-325
-581
-589
-604
-795
-539
-1091
-555
-1291
-508
-1468
-617
-1702
-547
-2024
-571
-2188
-561
-2451
-585
-2747
-579
-3003
-523
-3227
-563
-3427
-519
-3719
-521
-3941
-635
-4159
-481
-4461
-607
-4609
-603
-4839
-563
-5051
-547
-5335
-587
-5647
-595
-5871
-515
-6043
-555
-6363
-611
-6499
-615
-6719
-535
-7091
-563
-7291
-607
-7467
-527
-7779
-619
-7991
-551
-8187
-635
-8423
-491
-8783
-595
-8907
-575
-9163
-635
-9483
-579
-9723
-627
-9987
-587
-10115
-627
-10443
-547
-10683
-627
-10931
-507
-11155
-603
-11411
-603
-11627
-515
-11819
-579
-12035
-603
-12387
-627
-12507
-627
-12843
-603
-13067
-619
-13251
-571
-13491
-635
-13803
-515
-13979
-627
-14291
-635
-14459
-571
-14787
-547
-15027
-619
-15235
-531
-15427
-635
-15667
-571
-15963
-619
-16235
-579
-16475
-523
-16635
-571
-16931
-635
-17147
-603
-17427
-635
-17587
-587
-17787
-595
-18123
-635
-18315
-619
-18563
-619
-18859
-775
536
-733
-49
-847
-362
-813
-611
-854
-819
-815
-958
-840
-1300
-727
-1497
-834
-1746
-853
-1926
-827
-2281
-757
-2463
-809
-2695
-807
-3003
-763
-3151
-799
-3397
-837
-3597
-799
-3871
-789
-4143
-837
-4435
-733
-4687
-819
-4927
-831
-5119
-851
-5323
-847
-5567
-739
-5879
-807
-6031
-787
-6383
-799
-6543
-763
-6815
-843
-6975
-851
-7227
-859
-7539
-831
-7735
-795
-7927
-839
-8211
-831
-8439
-743
-8763
-859
-8995
-791
-9167
-823
-9411
-755
-9707
-843
-9907
-851
-10163
-835
-10379
-859
-10683
-867
-10939
-851
-11091
-867
-11331
-755
-11675
-803
-11819
-851
-12035
-755
-12387
-803
-12611
-803
-12827
-835
-13115
-827
-13307
-875
-13507
-859
-13787
-875
-14059
-851
-14275
-859
-14499
-787
-14747
-835
-14971
-811
-15179
-851
-15435
-803
-15691
-851
-15867
-827
-16155
-875
-16379
-859
-16667
-811
-16955
-843
-17163
-875
-17387
-859
-17619
-843
-17827
-843
-18131
-787
-18339
-875
-18603
-851
-18843
-1019
340
-1054
-11
-1077
-277
-1081
-600
-1031
-727
-1073
-1014
-1009
-1295
-990
-1510
-1065
-1667
-979
-2021
-1063
-2172
-1059
-2421
-1113
-2755
-1111
-2939
-999
-3125
-1085
-3453
-1045
-3727
-975
-3937
-1059
-4211
-1063
-4347
-1045
-4671
-1043
-4931
-987
-5183
-1107
-5399
-1091
-5651
-1027
-5883
-1075
-6079
-1099
-6251
-1107
-6603
-967
-6847
-1091
-6963
-1091
-7275
-1091
-7567
-1067
-7795
-1015
-8071
-1075
-8203
-1003
-8415
-1107
-8739
-1103
-8987
-1099
-9171
-1055
-9483
-1051
-9675
-1091
-9875
-1115
-10179
-1019
-10451
-1051
-10587
-1083
-10859
-1091
-11147
-1091
-11427
-1067
-11651
-1043
-11843
-1011
-12067
-1107
-12347
-1019
-12531
-1091
-12803
-1107
-13035
-1083
-13283
-1075
-13587
-1011
-13779
-1067
-13963
-1011
-14203
-1059
-14491
-1115
-14707
-1075
-15035
-1019
-15211
-987
-15435
-1067
-15699
-1099
-15963
-1115
-16123
-1083
-16379
-1091
-16587
-987
-16875
-1043
-17083
-1059
-17323
-1107
-17555
-1099
-17835
-1091
-18147
-1115
-18331
-1107
-18635
-1107
-18859
-1347
1021
-1337
-71
-1275
-330
-1227
-560
-1270
-845
-1301
-1005
-1232
-1267
-1295
-1568
-1286
-1800
-1315
-1932
-1270
-2156
-1305
-2439
-1295
-2759
-1235
-3003
-1325
-3169
-1345
-3415
-1251
-3677
-1269
-3913
-1327
-4187
-1289
-4433
-1233
-4567
-1339
-4923
-1335
-5191
-1299
-5299
-1347
-5607
-1267
-5843
-1303
-6003
-1283
-6315
-1227
-6499
-1235
-6763
-1255
-7051
-1287
-7243
-1323
-7515
-1307
-7751
-1275
-8035
-1279
-8211
-1331
-8463
-1331
-8663
-1243
-8979
-1263
-9139
-1207
-9391
-1355
-9707
-1323
-9915
-1323
-10131
-1331
-10403
-1347
-10675
-1291
-10883
-1243
-11171
-1227
-11339
-1331
-11571
-1355
-11891
-1307
-12075
-1331
-12291
-1323
-12531
-1267
-12819
-1347
-13115
-1283
-13275
-1275
-13507
-1331
-13779
-1323
-13979
-1275
-14259
-1235
-14523
-1275
-14699
-1227
-15011
-1259
-15195
-1283
-15419
-1347
-15627
-1355
-15931
-1315
-16131
-1235
-16427
-1347
-16603
-1315
-16859
-1347
-17163
-1299
-17315
-1347
-17635
-1355
-17851
-1299
-18059
-1235
-18371
-1291
-18547
-1267
-18875
-1499
237
-1561
-83
-1481
-233
-1475
-587
-1439
-737
-1451
-1001
-1581
-1339
-1507
-1515
-1543
-1699
-1523
-1951
-1491
-2271
-1547
-2537
-1575
-2693
-1495
-2977
-1581
-3211
-1515
-3461
-1557
-3607
-1503
-3861
-1563
-4155
-1497
-4377
-1535
-4687
-1479
-4827
-1563
-5179
-1555
-5287
-1451
-5603
-1551
-5811
-1507
-6091
-1499
-6331
-1495
-6591
-1515
-6759
-1571
-7051
-1499
-7303
-1547
-7543
-1575
-7699
-1499
-8007
-1531
-8203
-1559
-8515
-1507
-8779
-1499
-9011
-1575
-9195
-1579
-9507
-1555
-9643
-1579
-9931
-1515
-10187
-1507
-10363
-1507
-10699
-1595
-10843
-1467
-11155
-1587
-11379
-1587
-11595
-1547
-11875
-1547
-12059
-1483
-12267
-1571
-12531
-1547
-12851
-1563
-13091
-1547
-13339
-1595
-13587
-1523
-13763
-1539
-13947
-1539
-14275
-1523
-14451
-1523
-14699
-1523
-14979
-1499
-15187
-1579
-15499
-1587
-15683
-1523
-15947
-1587
-16235
-1539
-16363
-1475
-16651
-1467
-16947
-1515
-17067
-1571
-17419
-1467
-17587
-1571
-17859
-1587
-18059
-1587
-18339
-1595
-18611
-1499
-18875
-1807
1287
-1783
-151
-1797
-377
-1803
-491
-1763
-813
-1775
-1073
-1819
-1293
-1761
-1473
-1761
-1801
-1803
-1935
-1705
-2195
-1757
-2471
-1799
-2659
-1703
-3021
-1819
-3143
-1745
-3469
-1697
-3685
-1795
-3903
-1747
-4193
-1683
-4383
-1683
-4611
-1819
-4907
-1795
-5127
-1791
-5339
-1703
-5567
-1835
-5895
-1759
-6067
-1735
-6259
-1739
-6583
-1791
-6763
-1827
-7087
-1799
-7311
-1791
-7447
-1751
-7823
-1811
-8047
-1775
-8251
-1775
-8487
-1783
-8751
-1683
-8907
-1731
-9143
-1779
-9367
-1747
-9755
-1779
-9987
-1795
-10227
-1827
-10459
-1763
-10707
-1723
-10899
-1827
-11139
-1811
-11307
-1739
-11667
-1787
-11803
-1811
-12083
-1803
-12307
-1795
-12571
-1819
-12843
-1835
-13075
-1827
-13315
-1811
-13531
-1803
-13771
-1723
-14043
-1819
-14235
-1819
-14451
-1715
-14675
-1723
-15035
-1715
-15195
-1763
-15451
-1787
-15659
-1731
-15939
-1819
-16171
-1763
-16411
-1787
-16611
-1731
-16827
-1731
-17123
-1803
-17411
-1795
-17611
-1819
-17827
-1755
-18043
-1819
-18275
-1715
-18571
-1771
-18851
-2047
557
-1981
-43
-2025
-361
-2007
-571
-1993
-773
-1935
-1031
-2051
-1215
-1945
-1499
-2023
-1767
-1947
-2027
-1987
-2185
-2063
-2405
-2013
-2737
-2027
-2931
-2047
-3201
-2039
-3391
-1995
-3685
-2037
-3901
-2051
-4199
-2013
-4377
-2037
-4563
-2035
-4883
-1931
-5083
-1971
-5387
-2051
-5559
-2063
-5851
-1995
-6103
-1987
-6307
-2047
-6531
-1983
-6831
-2023
-7035
-1955
-7283
-1983
-7487
-2015
-7779
-1987
-7955
-1967
-8195
-2067
-8431
-2043
-8691
-1991
-8891
-1979
-9219
-2007
-9419
-1979
-9635
-2043
-9899
-1979
-10115
-2035
-10347
-1963
-10627
-1979
-10867
-2059
-11187
-2067
-11307
-2035
-11675
-1955
-11787
-2035
-12091
-2051
-12379
-2043
-12547
-2035
-12779
-2043
-13083
-1979
-13307
-2067
-13595
-2051
-13835
-2051
-14067
-2067
-14315
-2019
-14451
-1987
-14683
-2027
-14939
-2067
-15195
-1955
-15483
-2059
-15691
-2003
-15899
-1995
-16139
-2067
-16443
-2051
-16603
-2043
-16875
-1987
-17075
-2019
-17323
-1995
-17611
-2003
-17859
-2011
-18107
-2003
-18395
-1955
-18611
-2059
-18819
-2195
1381
-2211
-151
-2207
-341
-2219
-537
-2211
-839
-2285
-1099
-2283
-1267
-2275
-1491
-2293
-1739
-2219
-1983
-2239
-2261
-2177
-2437
-2269
-2645
-2247
-2987
-2221
-3149
-2303
-3487
-2307
-3711
-2195
-3855
-2283
-4135
-2283
-4383
-2237
-4645
-2219
-4859
-2251
-5187
-2251
-5407
-2199
-5519
-2275
-5915
-2279
-6067
-2263
-6359
-2307
-6495
-2243
-6819
-2227
-7007
-2215
-7311
-2227
-7531
-2183
-7679
-2307
-8067
-2303
-8263
-2227
-8491
-2291
-8663
-2235
-9003
-2311
-9203
-2295
-9399
-2243
-9699
-2267
-9899
-2307
-10139
-2195
-10459
-2299
-10587
-2227
-10931
-2315
-11179
-2219
-11339
-2315
-11547
-2251
-11827
-2219
-12115
-2195
-12395
-2219
-12619
-2227
-12875
-2299
-13043
-2251
-13235
-2291
-13475
-2259
-13835
-2291
-14035
-2299
-14315
-2227
-14491
-2243
-14779
-2291
-14931
-2227
-15179
-2211
-15435
-2195
-15651
-2211
-15995
-2227
-16147
-2259
-16427
-2195
-16587
-2299
-16867
-2211
-17195
-2203
-17331
-2219
-17643
-2211
-17891
-2291
-18139
-2307
-18363
-2195
-18603
-2203
-18851
-2515
167
-2441
-59
-2505
-255
-2523
-613
-2507
-847
-2527
-1037
-2503
-1299
-2493
-1543
-2497
-1757
-2491
-2019
-2471
-2195
-2525
-2407
-2555
-2733
-2509
-2939
-2455
-3141
-2541
-3495
-2421
-3637
-2423
-3991
-2495
-4137
-2517
-4457
-2421
-4657
-2535
-4871
-2479
-5131
-2483
-5283
-2535
-5531
-2527
-5859
-2475
-6115
-2427
-6347
-2539
-6511
-2431
-6787
-2515
-7015
-2555
-7283
-2547
-7559
-2555
-7739
-2475
-8007
-2547
-8207
-2515
-8467
-2515
-8775
-2427
-8995
-2543
-9203
-2439
-9459
-2555
-9731
-2451
-9915
-2507
-10171
-2547
-10347
-2491
-10675
-2499
-10867
-2451
-11075
-2499
-11355
-2547
-11563
-2483
-11827
-2515
-12107
-2547
-12315
-2499
-12555
-2467
-12755
-2547
-13099
-2555
-13235
-2547
-13499
-2467
-13811
-2475
-13987
-2475
-14275
-2555
-14443
-2531
-14715
-2547
-14931
-2499
-15179
-2515
-15459
-2459
-15683
-2451
-15891
-2475
-16163
-2483
-16411
-2451
-16715
-2475
-16875
-2539
-17115
-2531
-17331
-2555
-17659
-2555
-17835
-2435
-18123
-2459
-18395
-2531
-18523
-2499
-18867
-2707
125
-2683
-111
-2647
-299
-2771
-599
-2771
-827
-2727
-1035
-2759
-1335
-2735
-1451
-2667
-1793
-2759
-2035
-2675
-2245
-2739
-2499
-2771
-2699
-2707
-3015
-2787
-3151
-2727
-3475
-2783
-3695
-2771
-3919
-2739
-4083
-2707
-4435
-2771
-4583
-2695
-4811
-2759
-5071
-2739
-5395
-2695
-5671
-2675
-5767
-2687
-6067
-2731
-6299
-2731
-6503
-2731
-6863
-2739
-7003
-2715
-7303
-2755
-7519
-2743
-7795
-2655
-8059
-2723
-8271
-2739
-8503
-2755
-8683
-2791
-9003
-2683
-9263
-2695
-9427
-2739
-9683
-2779
-9923
-2795
-10195
-2683
-10427
-2795
-10587
-2739
-10835
-2715
-11123
-2675
-11331
-2667
-11635
-2779
-11795
-2787
-12139
-2747
-12307
-2779
-12571
-2715
-12851
-2755
-13075
-2675
-13227
-2731
-13515
-2683
-13715
-2707
-13955
-2787
-14219
-2699
-14435
-2675
-14795
-2779
-15027
-2683
-15203
-2779
-15499
-2667
-15675
-2795
-15867
-2691
-16107
-2779
-16427
-2787
-16651
-2747
-16907
-2739
-17131
-2795
-17363
-2787
-17675
-2771
-17907
-2707
-18075
-2795
-18379
-2795
-18611
-2723
-18843
-2983
101
-2907
-115
-3023
-279
-3011
-579
-2883
-843
-2931
-1015
-2927
-1223
-2959
-1503
-3027
-1707
-2971
-2031
-2995
-2175
-2931
-2455
-3003
-2787
-3007
-2919
-3023
-3171
-2987
-3511
-2951
-3723
-2899
-3879
-2963
-4203
-2963
-4451
-2927
-4587
-2915
-4803
-3023
-5163
-2923
-5351
-3007
-5563
-2903
-5827
-2971
-6143
-3011
-6359
-2927
-6603
-2979
-6859
-2991
-7059
-2995
-7259
-3007
-7535
-2927
-7703
-2991
-8011
-3015
-8275
-3007
-8523
-2903
-8771
-2931
-8875
-2927
-9243
-2955
-9467
-2987
-9691
-2995
-9955
-3035
-10235
-2931
-10363
-2907
-10659
-2987
-10891
-3011
-11163
-2971
-11315
-3035
-11643
-2995
-11907
-2931
-12131
-2963
-12283
-2947
-12515
-3027
-12771
-3003
-13075
-2995
-13275
-2955
-13499
-2931
-13731
-3035
-13995
-2907
-14307
-2987
-14459
-3011
-14707
-3019
-14995
-2939
-15267
-2939
-15475
-2995
-15707
-2947
-15883
-3003
-16171
-2987
-16379
-2963
-16675
-2939
-16883
-2915
-17195
-3027
-17347
-3035
-17667
-3019
-17851
-3003
-18131
-2931
-18371
-2955
-18571
-3019
-18867
-3243
125
-3227
-123
-3131
-371
-3135
-479
-3223
-731
-3275
-967
-3195
-1299
-3255
-1547
-3235
-1747
-3135
-2055
-3223
-2251
-3267
-2439
-3243
-2775
-3255
-3007
-3227
-3163
-3167
-3447
-3179
-3659
-3219
-3939
-3171
-4079
-3215
-4335
-3179
-4687
-3183
-4927
-3211
-5115
-3243
-5347
-3199
-5627
-3151
-5779
-3271
-6043
-3239
-6343
-3143
-6587
-3207
-6847
-3207
-7027
-3195
-7203
-3191
-7459
-3243
-7739
-3183
-8047
-3223
-8283
-3143
-8519
-3195
-8707
-3155
-8987
-3171
-9135
-3199
-9475
-3275
-9731
-3219
-9915
-3267
-10227
-3267
-10363
-3235
-10683
-3235
-10883
-3203
-11123
-3227
-11339
-3235
-11659
-3251
-11867
-3275
-12075
-3259
-12347
-3267
-12515
-3275
-12747
-3235
-13011
-3187
-13331
-3219
-13555
-3211
-13707
-3227
-13995
-3243
-14267
-3171
-14547
-3243
-14739
-3171
-14987
-3235
-15251
-3211
-15395
-3259
-15707
-3179
-15939
-3235
-16187
-3171
-16363
-3259
-16659
-3235
-16875
-3147
-17091
-3251
-17355
-3267
-17635
-3203
-17875
-3243
-18155
-3179
-18387
-3251
-18531
-3203
-18851
-3503
133
-3395
-23
-3435
-307
-3451
-615
-3503
-791
-3495
-995
-3479
-1223
-3459
-1487
-3447
-1715
-3375
-1943
-3423
-2207
-3443
-2547
-3383
-2719
-3503
-2923
-3387
-3275
-3407
-3499
-3395
-3727
-3511
-3907
-3451
-4139
-3475
-4475
-3419
-4619
-3499
-4923
-3487
-5079
-3407
-5347
-3375
-5595
-3487
-5903
-3387
-6107
-3455
-6271
-3455
-6519
-3427
-6735
-3475
-7011
-3411
-7335
-3507
-7571
-3499
-7799
-3463
-7967
-3455
-8275
-3435
-8395
-3499
-8671
-3423
-8971
-3451
-9123
-3471
-9451
-3411
-9627
-3411
-9875
-3515
-10235
-3459
-10467
-3451
-10667
-3507
-10955
-3467
-11155
-3507
-11363
-3491
-11651
-3387
-11915
-3507
-12067
-3491
-12267
-3483
-12555
-3515
-12763
-3467
-13115
-3403
-13347
-3499
-13587
-3515
-13755
-3491
-14051
-3507
-14227
-3499
-14483
-3403
-14739
-3491
-14995
-3411
-15227
-3483
-15467
-3507
-15643
-3515
-15955
-3395
-16187
-3483
-16459
-3419
-16667
-3395
-16891
-3507
-17187
-3507
-17411
-3515
-17579
-3491
-17803
-3427
-18067
-3515
-18315
-3467
-18539
-3507
-18819
-3699
141
-3695
-135
-3751
-363
-3719
-515
-3659
-787
-3747
-1067
-3707
-1327
-3647
-1567
-3687
-1747
-3683
-2007
-3731
-2163
-3611
-2419
-3731
-2759
-3735
-2971
-3739
-3215
-3635
-3499
-3683
-3727
-3651
-3955
-3615
-4191
-3723
-4459
-3755
-4615
-3671
-4923
-3727
-5127
-3635
-5359
-3627
-5615
-3751
-5779
-3671
-6055
-3651
-6343
-3611
-6607
-3743
-6775
-3691
-7087
-3663
-7275
-3675
-7531
-3679
-7751
-3723
-7999
-3687
-8203
-3643
-8503
-3707
-8707
-3675
-8919
-3703
-9211
-3723
-9499
-3691
-9723
-3755
-9907
-3715
-10227
-3651
-10475
-3747
-10619
-3755
-10867
-3683
-11075
-3675
-11331
-3731
-11635
-3747
-11835
-3707
-12059
-3699
-12371
-3651
-12611
-3747
-12875
-3691
-13051
-3699
-13291
-3643
-13467
-3715
-13787
-3747
-13963
-3731
-14267
-3707
-14427
-3699
-14731
-3651
-14955
-3755
-15155
-3683
-15411
-3651
-15635
-3635
-15899
-3715
-16155
-3691
-16419
-3739
-16691
-3723
-16843
-3699
-17075
-3683
-17411
-3643
-17619
-3659
-17907
-3699
-18067
-3739
-18371
-3667
-18587
-3699
-18835
-3843
109
-3867
-31
-3979
-299
-3955
-595
-3959
-851
-3879
-967
-3855
-1283
-3967
-1515
-3895
-1815
-3967
-2023
-3923
-2171
-3955
-2451
-3931
-2727
-3935
-2971
-3919
-3267
-3991
-3427
-3967
-3703
-3967
-3907
-3871
-4223
-3911
-4443
-3907
-4595
-3955
-4887
-3855
-5143
-3955
-5323
-3943
-5591
-3987
-5875
-3955
-6015
-3975
-6299
-3843
-6579
-3907
-6775
-3947
-6983
-3983
-7259
-3951
-7483
-3915
-7755
-3903
-7935
-3947
-8271
-3883
-8487
-3947
-8715
-3863
-8987
-3883
-9119
-3923
-9391
-3987
-9739
-3955
-9883
-3955
-10203
-3987
-10395
-3875
-10667
-3947
-10931
-3955
-11195
-3915
-11403
-3931
-11611
-3971
-11803
-3971
-12099
-3995
-12347
-3955
-12619
-3995
-12875
-3995
-13067
-3987
-13355
-3867
-13467
-3899
-13819
-3947
-14067
-3987
-14283
-3907
-14435
-3883
-14667
-3947
-14931
-3963
-15147
-3883
-15499
-3971
-15747
-3979
-15963
-3963
-16115
-3979
-16467
-3947
-16627
-3995
-16907
-3923
-17195
-3891
-17427
-3931
-17555
-3939
-17915
-3987
-18131
-3907
-18363
-3907
-18571
-3987
-18843
-4143
85
-4211
-35
-4215
-255
-4163
-635
-4199
-795
-4107
-1091
-4135
-1335
-4167
-1491
-4131
-1691
-4211
-2051
-4187
-2283
-4211
-2431
-4167
-2739
-4171
-2923
-4199
-3251
-4191
-3455
-4227
-3619
-4211
-3879
-4127
-4167
-4155
-4419
-4099
-4683
-4203
-4915
-4203
-5163
-4087
-5355
-4143
-5599
-4107
-5831
-4195
-6087
-4183
-6271
-4187
-6559
-4231
-6779
-4171
-7051
-4187
-7251
-4135
-7539
-4227
-7739
-4115
-7959
-4135
-8295
-4119
-8399
-4211
-8763
-4187
-9003
-4143
-9147
-4191
-9483
-4131
-9627
-4195
-9939
-4227
-10163
-4219
-10371
-4227
-10699
-4227
-10875
-4211
-11147
-4227
-11411
-4227
-11675
-4139
-11803
-4115
-12139
-4107
-12315
-4115
-12531
-4179
-12867
-4155
-13059
-4139
-13323
-4163
-13539
-4211
-13715
-4179
-14027
-4131
-14243
-4235
-14523
-4235
-14683
-4195
-14987
-4227
-15211
-4227
-15419
-4235
-15627
-4235
-15867
-4235
-16187
-4179
-16379
-4179
-16595
-4187
-16947
-4107
-17147
-4187
-17427
-4163
-17619
-4139
-17915
-4179
-18123
-4195
-18395
-4235
-18539
-4163
-18827
-4395
101
-4355
-123
-4411
-287
-4411
-559
-4447
-751
-4419
-1003
-4391
-1319
-4387
-1471
-4419
-1819
-4395
-2011
-4407
-2299
-4419
-2479
-4343
-2743
-4371
-2875
-4379
-3227
-4411
-3427
-4435
-3687
-4467
-3895
-4439
-4203
-4379
-4431
-4427
-4639
-4447
-4839
-4347
-5103
-4395
-5287
-4375
-5579
-4387
-5847
-4403
-6131
-4367
-6355
-4407
-6579
-4447
-6823
-4415
-7091
-4431
-7227
-4403
-7447
-4387
-7751
-4431
-7935
-4351
-8203
-4383
-8499
-4411
-8667
-4443
-8983
-4455
-9195
-4327
-9483
-4427
-9643
-4459
-9891
-4411
-10187
-4379
-10427
-4435
-10691
-4419
-10843
-4451
-11091
-4387
-11419
-4395
-11571
-4355
-11915
-4419
-12091
-4443
-12371
-4427
-12531
-4459
-12835
-4419
-13091
-4395
-13275
-4443
-13499
-4475
-13779
-4467
-14059
-4411
-14235
-4435
-14547
-4411
-14795
-4475
-15027
-4459
-15251
-4395
-15435
-4363
-15739
-4387
-15867
-4467
-16123
-4459
-16443
-4411
-16619
-4403
-16947
-4427
-17179
-4395
-17379
-4475
-17651
-4443
-17795
-4419
-18131
-4371
-18275
-4459
-18635
-4403
-18827
-4639
101
-4619
-123
-4655
-323
-4651
-623
-4587
-815
-4591
-967
-4651
-1315
-4675
-1527
-4691
-1707
-4687
-1927
-4583
-2211
-4635
-2435
-4655
-2715
-4631
-2955
-4571
-3147
-4703
-3455
-4671
-3615
-4659
-3927
-4667
-4159
-4655
-4423
-4639
-4619
-4651
-4851
-4631
-5147
-4627
-5367
-4575
-5619
-4651
-5803
-4643
-6067
-4639
-6383
-4683
-6523
-4675
-6807
-4707
-7091
-4643
-7243
-4659
-7511
-4635
-7807
-4667
-8003
-4599
-8183
-4595
-8491
-4699
-8719
-4615
-8943
-4555
-9259
-4667
-9499
-4675
-9683
-4643
-9987
-4699
-10155
-4659
-10467
-4667
-10595
-4675
-10843
-4715
-11131
-4587
-11435
-4699
-11651
-4715
-11883
-4683
-12091
-4603
-12395
-4691
-12571
-4611
-12763
-4715
-13035
-4651
-13315
-4659
-13523
-4643
-13819
-4715
-13971
-4659
-14275
-4619
-14483
-4659
-14747
-4699
-14955
-4707
-15203
-4627
-15507
-4715
-15667
-4603
-15867
-4635
-16131
-4715
-16467
-4691
-16619
-4675
-16851
-4707
-17195
-4683
-17307
-4683
-17659
-4595
-17835
-4667
-18027
-4675
-18307
-4715
-18619
-4683
-18867
-4915
125
-4859
-131
-4903
-343
-4907
-595
-4799
-803
-4915
-991
-4907
-1323
-4955
-1531
-4859
-1815
-4935
-1987
-4847
-2251
-4859
-2447
-4915
-2771
-4951
-2907
-4919
-3119
-4923
-3391
-4855
-3711
-4927
-3927
-4839
-4191
-4867
-4371
-4835
-4691
-4923
-4851
-4915
-5127
-4851
-5351
-4875
-5627
-4911
-5767
-4871
-6087
-4883
-6267
-4839
-6543
-4875
-6751
-4879
-7099
-4871
-7323
-4923
-7475
-4883
-7703
-4875
-8015
-4847
-8195
-4931
-8427
-4851
-8707
-4855
-8951
-4943
-9127
-4915
-9491
-4931
-9707
-4939
-9891
-4947
-10115
-4899
-10403
-4891
-10643
-4883
-10899
-4899
-11099
-4883
-11347
-4955
-11675
-4955
-11899
-4915
-12043
-4923
-12331
-4931
-12555
-4891
-12875
-4939
-12987
-4851
-13315
-4923
-13555
-4899
-13803
-4947
-13987
-4923
-14315
-4915
-14491
-4899
-14723
-4899
-14915
-4907
-15227
-4859
-15443
-4891
-15683
-4947
-15987
-4891
-16211
-4851
-16363
-4939
-16627
-4939
-16843
-4851
-17195
-4931
-17355
-4939
-17579
-4851
-17787
-4923
-18043
-4843
-18291
-4835
-18587
-4939
-18875
-5099
109
-5147
-39
-5171
-347
-5091
-611
-5131
-771
-5183
-1043
-5107
-1235
-5123
-1483
-5143
-1811
-5123
-1963
-5087
-2283
-5123
-2487
-5115
-2695
-5167
-2995
-5139
-3231
-5119
-3443
-5119
-3619
-5075
-3915
-5079
-4199
-5067
-4347
-5187
-4623
-5075
-4851
-5079
-5139
-5163
-5371
-5183
-5663
-5151
-5835
-5055
-6107
-5179
-6267
-5099
-6603
-5095
-6851
-5171
-6975
-5075
-7255
-5171
-7491
-5167
-7695
-5155
-8011
-5115
-8235
-5155
-8479
-5115
-8691
-5143
-8979
-5095
-9207
-5123
-9491
-5123
-9683
-5155
-9947
-5171
-10155
-5147
-10419
-5163
-10643
-5163
-10947
-5147
-11171
-5187
-11331
-5091
-11619
-5147
-11851
-5179
-12155
-5147
-12347
-5163
-12507
-5195
-12819
-5179
-13083
-5187
-13235
-5091
-13547
-5099
-13811
-5163
-14059
-5083
-14259
-5115
-14483
-5107
-14715
-5139
-14947
-5139
-15147
-5123
-15387
-5179
-15707
-5123
-15931
-5075
-16219
-5171
-16403
-5163
-16659
-5163
-16867
-5115
-17123
-5091
-17307
-5163
-17659
-5115
-17787
-5195
-18035
-5187
-18315
-5171
-18595
-5131
-18851
-5307
85
-5419
-123
-5387
-299
-5371
-599
-5427
-787
-5387
-1051
-5411
-1323
-5395
-1539
-5411
-1715
-5427
-1979
-5395
-2231
-5387
-2491
-5427
-2771
-5371
-2875
-5395
-3255
-5379
-3411
-5315
-3667
-5411
-3923
-5395
-4119
-5427
-4355
-5411
-4715
-5419
-4843
-5435
-5163
-5427
-5379
-5411
-5651
-5347
-5883
-5403
-6123
-5387
-6243
-5355
-6559
-5363
-6731
-5355
-7043
-5387
-7339
-5363
-7503
-5387
-7727
-5435
-8011
-5403
-8283
-5435
-8523
-5419
-8683
-5395
-8919
-5387
-9255
-5371
-9375
-5363
-9707
-5435
-9971
-5419
-10163
-5379
-10395
-5403
-10683
-5395
-10923
-5427
-11083
-5363
-11435
-5435
-11619
-5403
-11851
-5387
-12115
-5427
-12355
-5427
-12579
-5435
-12763
-5323
-13083
-5395
-13275
-5387
-13547
-5371
-13747
-5403
-14075
-5435
-14211
-5371
-14555
-5419
-14667
-5363
-14971
-5347
-15235
-5307
-15403
-5355
-15723
-5427
-15939
-5363
-16123
-5403
-16451
-5427
-16691
-5419
-16947
-5355
-17099
-5395
-17339
-5403
-17579
-5339
-17835
-5427
-18043
-5371
-18291
-5307
-18507
-5331
-18811
-5659
141
-5667
-99
-5643
-291
-5587
-587
-5603
-843
-5619
-1115
-5579
-1323
-5651
-1475
-5619
-1795
-5611
-2059
-5587
-2259
-5563
-2427
-5603
-2779
-5619
-2963
-5635
-3187
-5555
-3403
-5643
-3691
-5587
-3915
-5635
-4123
-5571
-4371
-5675
-4643
-5659
-4835
-5555
-5139
-5667
-5323
-5571
-5579
-5675
-5827
-5587
-6131
-5587
-6371
-5675
-6523
-5547
-6747
-5675
-7035
-5619
-7299
-5579
-7571
-5603
-7707
-5651
-7955
-5675
-8275
-5643
-8555
-5635
-8683
-5659
-8971
-5627
-9147
-5643
-9515
-5603
-9707
-5563
-9955
-5635
-10203
-5555
-10403
-5667
-10635
-5611
-10931
-5611
-11083
-5651
-11435
-5651
-11627
-5555
-11835
-5659
-12115
-5659
-12267
-5555
-12611
-5619
-12835
-5651
-13067
-5675
-13275
-5635
-13531
-5579
-13779
-5547
-14067
-5547
-14187
-5675
-14523
-5627
-14715
-5675
-14931
-5667
-15195
-5595
-15515
-5643
-15755
-5659
-15899
-5587
-16203
-5587
-16467
-5635
-16691
-5667
-16883
-5651
-17107
-5619
-17323
-5627
-17635
-5667
-17795
-5675
-18035
-5643
-18347
-5659
-18563
-5579
-18875
-5867
93
-5891
-123
-5811
-355
-5851
-587
-5891
-803
-5811
-1067
-5843
-1259
-5891
-1579
-5803
-1771
-5795
-2027
-5827
-2307
-5843
-2459
-5811
-2691
-5803
-2907
-5891
-3163
-5875
-3499
-5891
-3651
-5787
-3939
-5899
-4203
-5891
-4451
-5851
-4699
-5827
-4843
-5835
-5163
-5883
-5379
-5883
-5603
-5867
-5907
-5891
-6075
-5907
-6339
-5867
-6627
-5915
-6867
-5907
-7051
-5883
-7259
-5859
-7587
-5899
-7819
-5867
-8075
-5875
-8251
-5915
-8427
-5867
-8747
-5867
-8971
-5907
-9227
-5907
-9387
-5851
-9627
-5891
-9923
-5891
-10195
-5827
-10443
-5875
-10643
-5795
-10851
-5843
-11067
-5891
-11331
-5875
-11611
-5859
-11899
-5907
-12059
-5851
-12379
-5803
-12579
-5883
-12755
-5859
-13019
-5883
-13267
-5811
-13491
-5819
-13755
-5891
-14059
-5843
-14275
-5915
-14427
-5899
-14747
-5787
-15003
-5915
-15187
-5851
-15419
-5875
-15659
-5787
-15875
-5843
-16187
-5859
-16419
-5907
-16627
-5843
-16859
-5899
-17155
-5787
-17323
-5899
-17547
-5795
-17835
-5891
-18051
-5899
-18355
-5891
-18579
-5811
-18859
-6051
109
-6155
-35
-6067
-355
-6115
-611
-6131
-835
-6035
-1091
-6091
-1307
-6123
-1571
-6139
-1827
-6099
-1955
-6107
-2195
-6123
-2539
-6115
-2667
-6147
-3003
-6067
-3163
-6131
-3459
-6139
-3755
-6139
-3931
-6051
-4115
-6107
-4403
-6155
-4643
-6147
-4939
-6147
-5075
-6147
-5395
-6043
-5643
-6131
-5859
-6131
-6059
-6035
-6347
-6123
-6507
-6099
-6747
-6027
-7107
-6107
-7323
-6115
-7483
-6131
-7739
-6091
-8019
-6139
-8275
-6099
-8507
-6107
-8699
-6115
-8955
-6123
-9251
-6091
-9443
-6051
-9715
-6115
-9867
-6099
-10155
-6139
-10435
-6115
-10595
-6107
-10843
-6115
-11107
-6123
-11427
-6123
-11651
-6091
-11867
-6099
-12131
-6123
-12323
-6075
-12507
-6099
-12771
-6099
-13059
-6131
-13251
-6155
-13467
-6155
-13755
-6035
-14019
-6027
-14235
-6091
-14539
-6131
-14699
-6139
-14971
-6107
-15259
-6139
-15411
-6067
-15715
-6027
-15875
-6155
-16227
-6035
-16435
-6083
-16635
-6131
-16923
-6123
-17131
-6155
-17347
-6123
-17555
-6147
-17803
-6139
-18035
-6147
-18267
-6107
-18531
-6051
-18819
-6387
125
-6339
-27
-6275
-331
-6363
-547
-6315
-755
-6347
-1027
-6355
-1355
-6291
-1523
-6387
-1811
-6371
-2035
-6275
-2251
-6355
-2539
-6291
-2683
-6387
-2963
-6395
-3171
-6339
-3507
-6331
-3691
-6339
-3907
-6387
-4115
-6315
-4467
-6347
-4659
-6355
-4843
-6395
-5067
-6299
-5411
-6307
-5563
-6379
-5891
-6299
-6043
-6363
-6283
-6339
-6587
-6307
-6763
-6347
-7099
-6363
-7323
-6331
-7587
-6371
-7827
-6371
-8051
-6363
-8243
-6339
-8539
-6371
-8691
-6379
-8971
-6323
-9211
-6331
-9451
-6379
-9667
-6323
-9939
-6291
-10139
-6339
-10459
-6331
-10691
-6355
-10827
-6379
-11187
-6323
-11323
-6339
-11667
-6395
-11827
-6355
-12027
-6355
-12339
-6347
-12515
-6331
-12827
-6363
-13043
-6387
-13243
-6355
-13579
-6339
-13755
-6395
-13987
-6283
-14187
-6315
-14547
-6347
-14683
-6283
-14963
-6307
-15195
-6339
-15451
-6371
-15667
-6339
-15931
-6387
-16227
-6387
-16387
-6363
-16587
-6371
-16827
-6387
-17115
-6395
-17323
-6387
-17571
-6347
-17867
-6387
-18027
-6363
-18299
-6267
-18531
-6307
-18851
-6555
101
-6547
-83
-6579
-395
-6611
-595
-6547
-787
-6555
-1003
-6523
-1235
-6523
-1595
-6627
-1803
-6635
-2043
-6555
-2203
-6563
-2443
-6627
-2675
-6531
-3027
-6611
-3243
-6627
-3427
-6619
-3635
-6523
-3955
-6627
-4203
-6579
-4451
-6611
-4611
-6627
-4851
-6619
-5107
-6515
-5323
-6603
-5571
-6563
-5907
-6523
-6059
-6635
-6355
-6579
-6531
-6571
-6835
-6539
-7083
-6547
-7275
-6539
-7547
-6627
-7779
-6563
-8019
-6555
-8187
-6603
-8443
-6579
-8691
-6571
-8923
-6523
-9203
-6523
-9443
-6603
-9707
-6547
-9875
-6635
-10131
-6579
-10411
-6611
-10691
-6635
-10875
-6579
-11115
-6531
-11323
-6587
-11635
-6587
-11851
-6611
-12035
-6603
-12323
-6507
-12611
-6595
-12771
-6611
-13059
-6611
-13291
-6563
-13499
-6619
-13715
-6635
-13979
-6635
-14243
-6635
-14523
-6611
-14691
-6635
-14995
-6507
-15227
-6555
-15427
-6579
-15707
-6507
-15939
-6619
-16179
-6611
-16395
-6595
-16595
-6579
-16827
-6531
-17155
-6547
-17363
-6579
-17611
-6563
-17843
-6635
-18075
-6515
-18355
-6523
-18635
-6595
-18867
-6795
85
-6755
-51
-6803
-299
-6843
-579
-6803
-795
-6803
-1027
-6851
-1291
-6811
-1595
-6875
-1787
-6803
-1971
-6763
-2195
-6787
-2547
-6819
-2763
-6859
-2931
-6867
-3163
-6819
-3387
-6851
-3723
-6851
-3891
-6803
-4147
-6755
-4355
-6827
-4643
-6827
-4859
-6827
-5091
-6811
-5363
-6867
-5675
-6795
-5891
-6867
-6067
-6771
-6267
-6867
-6555
-6779
-6859
-6763
-7059
-6835
-7315
-6763
-7467
-6811
-7731
-6763
-7987
-6835
-8219
-6875
-8531
-6811
-8755
-6763
-9003
-6779
-9219
-6835
-9427
-6795
-9723
-6763
-9955
-6835
-10203
-6811
-10347
-6843
-10635
-6787
-10899
-6779
-11107
-6875
-11403
-6835
-11667
-6795
-11835
-6779
-12027
-6803
-12307
-6859
-12611
-6819
-12875
-6835
-13003
-6859
-13251
-6843
-13539
-6811
-13803
-6835
-14011
-6835
-14203
-6843
-14443
-6755
-14779
-6747
-15035
-6771
-15227
-6843
-15419
-6875
-15699
-6875
-15923
-6875
-16195
-6843
-16355
-6803
-16707
-6827
-16947
-6779
-17107
-6755
-17323
-6859
-17603
-6867
-17915
-6875
-18099
-6875
-18379
-6787
-18635
-6811
-18811
-7011
133
-7059
-67
-7035
-323
-7083
-563
-7091
-835
-7091
-1059
-7043
-1235
-7075
-1539
-7075
-1819
-7075
-2075
-7059
-2187
-7035
-2547
-7011
-2787
-7107
-2971
-7075
-3243
-7075
-3475
-7027
-3683
-7027
-3995
-7067
-4139
-7011
-4475
-7083
-4691
-7075
-4867
-7003
-5091
-7107
-5427
-7011
-5587
-7059
-5835
-7011
-6131
-7075
-6291
-7003
-6555
-7075
-6787
-7035
-7099
-7043
-7275
-7027
-7491
-7043
-7771
-7115
-8011
-7051
-8275
-7059
-8507
-7091
-8787
-7091
-8971
-6987
-9171
-7019
-9427
-7083
-9755
-7003
-9931
-7107
-10227
-7019
-10411
-7083
-10611
-7043
-10875
-7059
-11195
-7011
-11323
-7043
-11555
-7027
-11859
-7067
-12027
-7075
-12307
-7059
-12523
-7051
-12843
-7091
-12987
-7083
-13243
-7003
-13507
-7083
-13731
-7011
-14035
-7107
-14195
-7075
-14547
-7107
-14755
-7075
-15003
-7075
-15179
-7091
-15435
-7075
-15699
-7091
-15971
-7091
-16163
-7035
-16347
-7059
-16683
-7091
-16939
-7067
-17171
-7091
-17323
-6987
-17547
-7027
-17803
-7107
-18099
-7091
-18307
-7035
-18635
-7011
-18867
-7299
93
-7331
-35
-7331
-275
-7227
-619
-7235
-843
-7355
-1011
-7315
-1299
-7251
-1571
-7299
-1803
-7251
-2067
-7307
-2235
-7347
-2547
-7315
-2715
-7347
-2987
-7267
-3227
-7299
-3387
-7299
-3667
-7347
-3939
-7291
-4211
-7355
-4371
-7355
-4619
-7307
-4947
-7307
-5147
-7251
-5363
-7243
-5555
-7251
-5803
-7331
-6051
-7347
-6395
-7347
-6627
-7355
-6771
-7267
-7107
-7307
-7339
-7331
-7595
-7339
-7739
-7323
-7987
-7315
-8283
-7339
-8499
-7291
-8667
-7347
-8955
-7347
-9195
-7347
-9507
-7235
-9651
-7259
-9947
-7315
-10187
-7235
-10475
-7315
-10715
-7315
-10931
-7227
-11067
-7243
-11371
-7299
-11627
-7347
-11859
-7235
-12099
-7347
-12275
-7347
-12555
-7267
-12843
-7307
-12987
-7355
-13347
-7355
-13491
-7235
-13795
-7275
-14027
-7299
-14195
-7275
-14515
-7339
-14699
-7347
-14923
-7283
-15171
-7339
-15387
-7355
-15683
-7355
-15891
-7355
-16131
-7355
-16459
-7347
-16707
-7347
-16859
-7291
-17115
-7331
-17371
-7323
-17627
-7347
-17891
-7347
-18123
-7355
-18371
-7323
-18579
-7347
-18843
-7491
109
-7539
-131
-7579
-299
-7491
-635
-7523
-819
-7587
-1099
-7555
-1275
-7491
-1475
-7571
-1731
-7571
-1987
-7475
-2187
-7587
-2547
-7531
-2707
-7579
-3027
-7475
-3211
-7539
-3395
-7531
-3691
-7547
-3907
-7587
-4115
-7483
-4451
-7515
-4611
-7483
-4827
-7579
-5171
-7507
-5419
-7539
-5587
-7475
-5827
-7587
-6067
-7571
-6379
-7563
-6619
-7523
-6851
-7467
-7091
-7587
-7235
-7587
-7523
-7467
-7795
-7587
-8059
-7587
-8307
-7587
-8483
-7563
-8747
-7475
-9003
-7475
-9267
-7571
-9491
-7515
-9723
-7555
-9875
-7531
-10163
-7595
-10419
-7475
-10587
-7539
-10875
-7587
-11099
-7595
-11387
-7587
-11627
-7539
-11883
-7555
-12091
-7547
-12283
-7571
-12603
-7587
-12787
-7595
-13051
-7563
-13355
-7587
-13531
-7587
-13731
-7571
-14059
-7547
-14299
-7515
-14507
-7563
-14763
-7579
-14923
-7539
-15235
-7547
-15411
-7531
-15707
-7571
-15979
-7563
-16235
-7531
-16443
-7579
-16667
-7595
-16867
-7579
-17179
-7595
-17355
-7491
-17667
-7515
-17867
-7507
-18067
-7571
-18339
-7587
-18627
-7547
-18875
-7787
133
-7747
-115
-7755
-339
-7819
-563
-7819
-795
-7795
-1091
-7827
-1315
-7827
-1491
-7803
-1715
-7771
-1987
-7835
-2227
-7739
-2427
-7835
-2779
-7747
-3003
-7707
-3155
-7795
-3483
-7771
-3747
-7819
-3955
-7755
-4155
-7739
-4435
-7755
-4675
-7763
-4859
-7835
-5075
-7787
-5419
-7795
-5547
-7811
-5867
-7731
-6059
-7763
-6323
-7779
-6603
-7811
-6827
-7723
-7027
-7795
-7299
-7827
-7491
-7771
-7787
-7803
-8067
-7827
-8267
-7811
-8435
-7819
-8675
-7819
-9003
-7811
-9259
-7835
-9395
-7811
-9739
-7715
-9971
-7771
-10163
-7739
-10435
-7811
-10643
-7763
-10907
-7771
-11123
-7795
-11315
-7835
-11547
-7835
-11867
-7739
-12091
-7779
-12347
-7787
-12611
-7779
-12859
-7763
-12995
-7763
-13339
-7771
-13507
-7739
-13715
-7795
-14035
-7803
-14227
-7715
-14515
-7835
-14787
-7771
-14995
-7811
-15219
-7803
-15427
-7723
-15683
-7779
-15971
-7819
-16123
-7835
-16427
-7779
-16707
-7747
-16915
-7827
-17083
-7835
-17363
-7723
-17635
-7803
-17851
-7835
-18051
-7835
-18379
-7827
-18595
-7723
-18835
-8075
125
-8011
-75
-8059
-347
-8003
-531
-8051
-763
-7995
-1075
-8067
-1243
-7971
-1531
-7995
-1723
-8043
-2003
-7963
-2251
-8051
-2499
-8075
-2715
-8043
-2995
-8075
-3235
-8075
-3395
-8075
-3699
-8051
-3875
-8075
-4211
-8059
-4387
-8075
-4683
-8011
-4875
-8011
-5163
-7987
-5419
-7955
-5587
-7971
-5811
-8059
-6139
-8075
-6283
-8051
-6531
-8019
-6803
-7979
-6995
-8067
-7331
-8043
-7499
-8003
-7819
-8027
-8003
-8011
-8283
-8051
-8515
-7987
-8787
-8043
-8955
-7987
-9267
-8059
-9443
-8003
-9699
-8035
-9899
-8003
-10227
-7987
-10387
-8067
-10691
-8051
-10907
-8067
-11107
-7995
-11331
-8067
-11547
-8075
-11787
-8075
-12123
-8003
-12267
-8067
-12587
-7955
-12835
-8051
-13003
-7971
-13251
-7987
-13587
-8043
-13739
-8067
-14075
-8019
-14267
-7955
-14499
-8011
-14707
-7995
-15003
-8051
-15251
-8059
-15427
-7971
-15739
-8035
-15923
-8051
-16235
-8003
-16467
-8019
-16643
-8051
-16875
-8059
-17163
-8043
-17323
-7987
-17611
-8043
-17867
-7963
-18123
-8051
-18387
-8019
-18635
-8003
-18811
-8283
109
-8291
-51
-8315
-355
-8211
-555
-8243
-795
-8259
-1099
-8307
-1347
-8283
-1491
-8195
-1779
-8267
-1979
-8267
-2187
-8283
-2475
-8235
-2723
-8211
-2979
-8211
-3235
-8291
-3507
-8291
-3691
-8243
-3955
-8259
-4187
-8211
-4363
-8251
-4643
-8307
-4867
-8211
-5187
-8267
-5395
-8211
-5547
-8227
-5915
-8259
-6099
-8251
-6283
-8259
-6611
-8275
-6771
-8259
-7091
-8283
-7275
-8307
-7547
-8227
-7835
-8299
-7947
-8259
-8267
-8275
-8523
-8283
-8787
-8283
-9027
-8227
-9243
-8315
-9395
-8275
-9651
-8259
-9971
-8315
-10163
-8283
-10451
-8275
-10587
-8259
-10915
-8251
-11163
-8251
-11331
-8251
-11635
-8187
-11891
-8211
-12099
-8291
-12355
-8195
-12627
-8315
-12779
-8275
-13075
-8235
-13299
-8275
-13491
-8291
-13715
-8291
-14051
-8259
-14235
-8307
-14547
-8211
-14715
-8283
-14971
-8299
-15163
-8187
-15467
-8203
-15643
-8307
-15883
-8299
-16147
-8315
-16467
-8283
-16619
-8267
-16899
-8203
-17107
-8275
-17363
-8283
-17547
-8211
-17851
-8259
-18059
-8267
-18291
-8307
-18515
-8259
-18859
-8499
141
-8443
-139
-8451
-331
-8443
-627
-8499
-795
-8451
-1059
-8547
-1251
-8507
-1491
-8531
-1779
-8523
-1987
-8499
-2259
-8539
-2555
-8427
-2715
-8483
-2947
-8547
-3219
-8491
-3411
-8507
-3651
-8547
-3891
-8523
-4203
-8499
-4427
-8555
-4603
-8531
-4883
-8507
-5115
-8523
-5403
-8475
-5619
-8467
-5803
-8467
-6131
-8523
-6307
-8467
-6611
-8523
-6755
-8499
-7059
-8475
-7235
-8547
-7475
-8539
-7827
-8547
-8011
-8435
-8227
-8555
-8451
-8459
-8763
-8555
-9011
-8539
-9179
-8491
-9515
-8555
-9643
-8451
-9915
-8555
-10139
-8459
-10411
-8531
-10667
-8483
-10867
-8451
-11195
-8427
-11395
-8555
-11611
-8499
-11795
-8531
-12123
-8555
-12371
-8547
-12579
-8539
-12771
-8467
-13027
-8515
-13259
-8427
-13579
-8427
-13731
-8499
-14051
-8555
-14227
-8547
-14499
-8443
-14755
-8555
-14955
-8547
-15187
-8499
-15475
-8547
-15691
-8515
-15987
-8555
-16123
-8515
-16459
-8443
-16683
-8515
-16955
-8547
-17067
-8507
-17363
-8555
-17571
-8531
-17795
-8507
-18067
-8515
-18267
-8523
-18515
-8515
-18819
-8675
149
-8763
-35
-8755
-379
-8675
-603
-8739
-827
-8771
-1059
-8795
-1339
-8779
-1523
-8675
-1723
-8667
-2011
-8795
-2299
-8723
-2499
-8787
-2731
-8763
-2971
-8787
-3203
-8723
-3491
-8771
-3659
-8747
-3947
-8691
-4179
-8731
-4403
-8787
-4691
-8739
-4851
-8747
-5115
-8779
-5435
-8787
-5579
-8755
-5803
-8763
-6051
-8787
-6387
-8755
-6539
-8731
-6747
-8731
-7115
-8755
-7283
-8795
-7547
-8683
-7803
-8667
-8059
-8715
-8235
-8667
-8499
-8787
-8731
-8763
-8907
-8771
-9179
-8667
-9499
-8755
-9627
-8739
-9979
-8739
-10115
-8787
-10443
-8715
-10651
-8699
-10867
-8763
-11155
-8667
-11403
-8771
-11659
-8723
-11899
-8779
-12139
-8731
-12387
-8771
-12515
-8795
-12835
-8795
-13035
-8787
-13355
-8667
-13547
-8779
-13827
-8763
-13979
-8771
-14211
-8675
-14507
-8779
-14707
-8763
-14915
-8723
-15171
-8755
-15411
-8683
-15707
-8739
-15923
-8715
-16235
-8731
-16475
-8731
-16635
-8715
-16883
-8731
-17187
-8795
-17315
-8795
-17667
-8787
-17859
-8675
-18075
-8779
-18307
-8787
-18563
-8771
-18851
-8995
149
-8963
-51
-9035
-331
-9011
-555
-8939
-811
-9011
-1027
-8955
-1283
-8963
-1483
-9027
-1755
-9003
-2027
-9035
-2195
-8931
-2531
-8971
-2723
-8995
-2907
-9011
-3171
-9003
-3443
-8979
-3755
-8971
-3875
-9019
-4219
-9035
-4363
-8947
-4627
-9027
-4907
-9027
-5099
-8915
-5395
-9003
-5595
-9027
-5795
-9027
-6027
-8987
-6339
-8907
-6539
-8979
-6747
-9011
-7051
-9003
-7243
-9003
-7595
-8971
-7795
-8987
-8019
-9011
-8275
-9027
-8483
-9019
-8771
-8955
-9019
-8971
-9179
-9019
-9499
-9027
-9659
-9035
-9931
-8955
-10131
-9019
-10467
-8987
-10627
-8955
-10891
-8971
-11147
-9019
-11395
-8963
-11635
-9011
-11795
-8979
-12035
-8915
-12307
-8995
-12579
-8947
-12771
-8979
-13003
-8955
-13339
-9027
-13547
-9035
-13795
-9011
-14051
-9003
-14291
-8915
-14459
-8979
-14779
-9003
-14907
-8963
-15211
-8955
-15459
-9027
-15707
-8939
-15907
-8947
-16179
-9035
-16371
-8947
-16595
-8987
-16843
-8987
-17107
-8979
-17395
-8939
-17675
-9027
-17851
-8907
-18091
-9019
-18275
-8987
-18579
-8995
-18811
-9235
133
-9275
-67
-9235
-363
-9267
-563
-9259
-851
-9171
-1011
-9259
-1275
-9171
-1547
-9235
-1779
-9267
-2051
-9219
-2235
-9171
-2467
-9163
-2699
-9275
-3019
-9219
-3267
-9147
-3459
-9187
-3747
-9243
-3931
-9195
-4115
-9171
-4363
-9251
-4627
-9155
-4899
-9259
-5171
-9259
-5339
-9203
-5627
-9203
-5883
-9187
-6115
-9235
-6387
-9259
-6571
-9275
-6755
-9267
-7051
-9211
-7307
-9219
-7531
-9147
-7763
-9275
-8043
-9275
-8267
-9259
-8427
-9211
-8715
-9203
-8971
-9219
-9259
-9147
-9459
-9187
-9627
-9275
-9955
-9275
-10123
-9243
-10451
-9235
-10635
-9219
-10875
-9211
-11195
-9267
-11363
-9259
-11611
-9235
-11827
-9227
-12035
-9275
-12347
-9267
-12555
-9155
-12747
-9243
-13035
-9147
-13283
-9243
-13507
-9275
-13827
-9219
-14067
-9243
-14195
-9267
-14507
-9227
-14763
-9235
-14995
-9267
-15259
-9267
-15395
-9179
-15755
-9251
-15907
-9187
-16131
-9147
-16443
-9187
-16699
-9219
-16875
-9267
-17195
-9259
-17427
-9243
-17571
-9203
-17859
-9275
-18139
-9219
-18395
-9195
-18523
-9219
-18811
-9419
125
-9435
-83
-9459
-315
-9411
-635
-9491
-747
-9491
-1003
-9499
-1251
-9483
-1491
-9387
-1827
-9411
-1979
-9515
-2291
-9499
-2547
-9507
-2699
-9467
-2915
-9467
-3259
-9395
-3395
-9475
-3667
-9499
-3875
-9491
-4171
-9515
-4411
-9515
-4715
-9499
-4947
-9387
-5155
-9499
-5331
-9475
-5667
-9491
-5875
-9483
-6131
-9451
-6299
-9483
-6515
-9395
-6875
-9387
-7083
-9499
-7323
-9435
-7475
-9499
-7771
-9499
-7947
-9459
-8203
-9451
-8555
-9499
-8771
-9491
-8955
-9499
-9267
-9387
-9443
-9475
-9715
-9419
-9891
-9427
-10187
-9475
-10395
-9443
-10667
-9499
-10859
-9515
-11187
-9403
-11339
-9395
-11659
-9435
-11787
-9491
-12123
-9435
-12387
-9435
-12635
-9419
-12763
-9403
-13107
-9459
-13283
-9515
-13571
-9411
-13779
-9491
-13971
-9467
-14195
-9499
-14499
-9499
-14731
-9443
-14963
-9419
-15267
-9451
-15491
-9515
-15675
-9435
-15923
-9387
-16227
-9427
-16451
-9483
-16675
-9483
-16843
-9467
-17131
-9499
-17371
-9515
-17611
-9507
-17795
-9467
-18155
-9419
-18275
-9499
-18587
-9467
-18835
-9715
109
-9747
-67
-9755
-379
-9699
-603
-9747
-747
-9755
-1091
-9755
-1315
-9755
-1491
-9755
-1827
-9675
-1995
-9731
-2203
-9731
-2523
-9723
-2675
-9747
-2979
-9667
-3195
-9683
-3427
-9747
-3739
-9755
-3931
-9755
-4115
-9723
-4371
-9675
-4627
-9747
-4891
-9651
-5179
-9683
-5419
-9707
-5651
-9731
-5827
-9755
-6147
-9659
-6395
-9747
-6627
-9707
-6851
-9755
-7091
-9747
-7347
-9635
-7531
-9739
-7715
-9667
-8003
-9731
-8291
-9747
-8539
-9627
-8723
-9731
-9011
-9651
-9187
-9699
-9427
-9707
-9675
-9683
-9979
-9667
-10147
-9667
-10347
-9707
-10659
-9643
-10859
-9747
-11131
-9707
-11387
-9667
-11587
-9667
-11819
-9739
-12147
-9723
-12307
-9659
-12563
-9699
-12747
-9747
-13115
-9707
-13267
-9675
-13595
-9627
-13827
-9747
-14043
-9707
-14267
-9747
-14507
-9707
-14699
-9731
-15027
-9659
-15275
-9715
-15483
-9683
-15715
-9715
-15947
-9739
-16115
-9691
-16411
-9707
-16651
-9739
-16875
-9747
-17075
-9747
-17355
-9723
-17667
-9755
-17835
-9683
-18083
-9739
-18283
-9699
-18595
-9747
-18835
-9907
117
-9987
-83
-9883
-387
-9931
-587
-9923
-763
-9979
-987
-9963
-1275
-9891
-1587
-9955
-1755
-9947
-1963
-9931
-2219
-9931
-2435
-9963
-2715
-9931
-2939
-9907
-3179
-9987
-3411
-9875
-3715
-9931
-3907
-9883
-4123
-9971
-4379
-9963
-4707
-9891
-4875
-9875
-5163
-9875
-5419
-9979
-5659
-9995
-5835
-9875
-6115
-9987
-6283
-9955
-6515
-9939
-6787
-9947
-7091
-9915
-7355
-9939
-7579
-9963
-7723
-9899
-8067
-9963
-8307
-9955
-8427
-9931
-8683
-9971
-9019
-9947
-9243
-9883
-9435
-9995
-9651
-9979
-9939
-9891
-10179
-9883
-10419
-9939
-10667
-9979
-10851
-9915
-11163
-9971
-11363
-9979
-11675
-9947
-11907
-9995
-12139
-9963
-12339
-9971
-12587
-9963
-12843
-9963
-13091
-9939
-13283
-9963
-13467
-9939
-13819
-9987
-14043
-9947
-14187
-9955
-14507
-9875
-14691
-9963
-14939
-9883
-15251
-9931
-15411
-9963
-15691
-9971
-15947
-9979
-16155
-9899
-16395
-9995
-16699
-9907
-16867
-9995
-17147
-9979
-17387
-9875
-17619
-9995
-17843
-9979
-18075
-9867
-18307
-9963
-18571
-9939
-18843
-10219
125
-10195
-91
-10163
-347
-10155
-539
-10155
-875
-10139
-987
-10211
-1323
-10187
-1499
-10203
-1803
-10171
-1963
-10211
-2219
-10235
-2491
-10187
-2683
-10123
-2987
-10107
-3211
-10235
-3395
-10179
-3699
-10235
-3931
-10195
-4123
-10219
-4451
-10235
-4603
-10155
-4923
-10179
-5099
-10235
-5355
-10203
-5595
-10123
-5827
-10131
-6099
-10195
-6291
-10219
-6619
-10195
-6795
-10187
-6987
-10107
-7315
-10227
-7587
-10131
-7803
-10131
-8075
-10211
-8315
-10163
-8531
-10227
-8771
-10187
-8963
-10219
-9155
-10219
-9459
-10195
-9683
-10163
-9883
-10187
-10179
-10131
-10355
-10219
-10667
-10211
-10883
-10139
-11155
-10203
-11371
-10155
-11547
-10115
-11883
-10219
-12139
-10219
-12387
-10179
-12523
-10227
-12843
-10115
-13003
-10219
-13339
-10187
-13539
-10227
-13747
-10227
-14059
-10235
-14235
-10195
-14483
-10203
-14715
-10203
-14939
-10147
-15267
-10203
-15443
-10163
-15723
-10235
-15907
-10219
-16235
-10211
-16427
-10235
-16587
-10235
-16915
-10227
-17083
-10211
-17395
-10147
-17579
-10195
-17843
-10187
-18147
-10211
-18267
-10227
-18579
-10163
-18859
-10435
109
-10435
-35
-10419
-355
-10467
-587
-10459
-763
-10459
-1083
-10467
-1339
-10459
-1579
-10459
-1747
-10451
-2059
-10451
-2251
-10459
-2547
-10435
-2699
-10443
-3019
-10475
-3267
-10475
-3475
-10475
-3627
-10435
-3883
-10435
-4123
-10435
-4411
-10467
-4715
-10411
-4867
-10475
-5139
-10467
-5403
-10467
-5675
-10435
-5859
-10459
-6115
-10419
-6315
-10475
-6515
-10411
-6795
-10451
-7051
-10451
-7259
-10435
-7595
-10427
-7747
-10435
-8011
-10427
-8259
-10459
-8547
-10475
-8747
-10467
-8923
-10467
-9211
-10419
-9491
-10475
-9739
-10427
-9931
-10443
-10179
-10475
-10427
-10451
-10611
-10443
-10915
-10419
-11107
-10475
-11363
-10419
-11579
-10419
-11787
-10475
-12155
-10459
-12299
-10467
-12539
-10451
-12859
-10419
-13003
-10475
-13235
-10427
-13491
-10467
-13779
-10467
-14051
-10459
-14195
-10475
-14539
-10411
-14683
-10451
-14939
-10427
-15155
-10443
-15459
-10459
-15667
-10443
-15931
-10459
-16179
-10427
-16435
-10459
-16715
-10419
-16907
-10435
-17195
-10475
-17363
-10427
-17563
-10443
-17891
-10435
-18155
-10435
-18323
-10475
-18611
-10467
-18851
