101
347
139
-5
296
-390
484
-577
370
-839
301
-1070
208
-1290
202
-1493
559
-1765
154
-2031
275
-2237
135
-2511
157
-2691
127
-2959
151
-3249
145
-3427
319
-3705
165
-3895
209
-4095
339
-4363
139
-4577
93
-4911
109
-5087
133
-5307
85
-5551
117
-5887
93
-6067
85
-6259
85
-6555
133
-6835
125
-7079
149
-7307
85
-7451
141
-7739
85
-7991
85
-8283
141
-8523
117
-8707
133
-8955
125
-9183
117
-9395
125
-9739
101
-9955
93
-10195
117
-10347
141
-10691
85
-10907
93
-11139
109
-11371
141
-11587
101
-11883
133
-12035
133
-12323
109
-12563
149
-12819
93
-13091
85
-13331
101
-13571
93
-13715
85
-14035
109
-14227
149
-14427
133
-14683
149
-14931
85
-15267
117
-15499
141
-15691
117
-15963
85
-16203
93
-16435
101
-16707
109
-16867
125
-17067
141
-17419
85
-17611
133
-17907
141
-18027
149
-18299
117
-18531
101
-18827
-143
586
-73
-46
-132
-361
-21
-567
-121
-771
-65
-1079
-101
-1325
-131
-1527
-137
-1721
-38
-2007
-115
-2303
-115
-2513
-19
-2703
-67
-2981
-25
-3159
-91
-3409
-75
-3613
-119
-3867
-131
-4203
-141
-4419
-47
-4595
-107
-4819
-75
-5171
-35
-5387
-99
-5639
-71
-5907
-147
-6079
-47
-6379
-67
-6591
-111
-6803
-151
-7007
-155
-7255
-87
-7523
-103
-7711
-99
-8007
-99
-8259
-127
-8495
-11
-8679
-43
-8907
-103
-9219
-139
-9507
-147
-9739
-147
-9899
-131
-10179
-147
-10443
-67
-10619
-51
-10931
-115
-11155
-131
-11363
-131
-11579
-139
-11819
-139
-12107
-75
-12371
-99
-12611
-155
-12851
-99
-13075
-123
-13291
-115
-13579
-83
-13779
-99
-14051
-83
-14235
-139
-14531
-115
-14707
-67
-14995
-139
-15251
-67
-15483
-147
-15723
-99
-15939
-99
-16147
-83
-16403
-147
-16603
-115
-16899
-115
-17195
-155
-17435
-147
-17635
-107
-17907
-67
-18123
-75
-18291
-155
-18555
-99
-18843
-363
812
-327
-39
-321
-351
-342
-543
-346
-783
-379
-1084
-350
-1298
-316
-1482
-277
-1775
-321
-1959
-323
-2233
-377
-2523
-311
-2655
-249
-3005
-321
-3153
-267
-3485
-259
-3713
-279
-3883
-283
-4193
-377
-4391
-267
-4627
-343
-4803
-355
-5107
-387
-5419
-355
-5563
-339
-5811
-295
-6067
-367
-6315
-371
-6503
-339
-6823
-319
-7059
-363
-7219
-307
-7527
-299
-7823
-303
-7959
-347
-8183
-315
-8515
-287
-8727
-339
-8907
-387
-9207
-287
-9371
-299
-9707
-347
-9907
-379
-10163
-371
-10443
-355
-10619
-323
-10915
-339
-11187
-355
-11307
-371
-11659
-347
-11859
-275
-12131
-363
-12291
-331
-12579
-323
-12763
-347
-12987
-355
-13323
-291
-13571
-387
-13779
-395
-14067
-371
-14315
-371
-14499
-395
-14683
-323
-15011
-395
-15187
-275
-15507
-371
-15683
-275
-15947
-323
-16211
-275
-16379
-291
-16619
-347
-16827
-307
-17123
-347
-17419
-315
-17563
-379
-17827
-395
-18051
-299
-18267
-379
-18595
-315
-18875
-519
1113
-504
-98
-611
-325
-581
-589
-604
-795
-539
-1089
-555
-1293
-507
-1469
-608
-1785
-501
-1915
-577
-2187
-563
-2447
-581
-2745
-579
-3003
-523
-3227
-563
-3427
-519
-3719
-521
-3915
-621
-4161
-499
-4455
-591
-4617
-627
-4823
-595
-5043
-579
-5323
-587
-5647
-571
-5891
-519
-6075
-555
-6363
-611
-6499
-599
-6827
-535
-7091
-563
-7291
-607
-7467
-523
-7795
-599
-7967
-587
-8227
-567
-8451
-551
-8795
-615
-8971
-627
-9167
-587
-9435
-603
-9755
-603
-9963
-563
-10155
-627
-10443
-547
-10683
-579
-10843
-507
-11155
-595
-11339
-531
-11619
-635
-11835
-635
-12067
-507
-12267
-627
-12507
-627
-12843
-603
-13067
-619
-13251
-571
-13491
-635
-13803
-515
-13979
-627
-14291
-579
-14443
-611
-14747
-547
-15027
-619
-15235
-531
-15427
-635
-15667
-571
-15963
-619
-16235
-579
-16475
-523
-16635
-571
-16931
-635
-17187
-627
-17395
-579
-17579
-587
-17787
-595
-18123
-627
-18267
-523
-18563
-547
-18875
-775
536
-733
-49
-847
-362
-813
-611
-855
-819
-813
-959
-841
-1299
-727
-1497
-835
-1743
-853
-1931
-829
-2279
-751
-2461
-815
-2695
-811
-2997
-763
-3151
-799
-3397
-829
-3623
-811
-3893
-781
-4167
-833
-4459
-725
-4703
-823
-4931
-843
-5103
-871
-5331
-847
-5563
-739
-5879
-807
-6031
-787
-6383
-775
-6603
-751
-6819
-843
-6975
-851
-7227
-859
-7539
-795
-7787
-763
-7951
-851
-8207
-775
-8455
-835
-8695
-811
-8915
-819
-9215
-795
-9443
-843
-9715
-779
-9883
-827
-10171
-755
-10395
-859
-10683
-867
-10939
-859
-11083
-859
-11419
-795
-11555
-867
-11803
-747
-12027
-755
-12387
-803
-12611
-803
-12827
-835
-13115
-827
-13307
-875
-13507
-859
-13787
-875
-14059
-851
-14275
-875
-14491
-787
-14747
-835
-14971
-811
-15179
-851
-15435
-803
-15691
-851
-15867
-827
-16155
-875
-16379
-859
-16667
-811
-16955
-843
-17163
-875
-17387
-859
-17571
-875
-17787
-843
-18131
-867
-18347
-771
-18611
-763
-18811
-1019
340
-1054
-11
-1077
-277
-1083
-599
-1029
-727
-1075
-1013
-1009
-1297
-990
-1510
-1061
-1672
-973
-2027
-1070
-2170
-1047
-2407
-1107
-2751
-1113
-2947
-999
-3125
-1087
-3459
-1057
-3733
-1005
-3943
-1067
-4205
-1051
-4335
-1027
-4687
-1051
-4939
-1003
-5187
-1079
-5407
-1067
-5631
-1027
-5883
-1075
-6079
-1099
-6251
-1107
-6603
-1099
-6811
-1091
-6963
-1091
-7275
-1059
-7567
-1095
-7715
-1039
-7971
-1063
-8199
-1011
-8507
-1007
-8731
-1059
-8955
-1039
-9211
-1095
-9427
-1083
-9739
-1083
-9995
-1083
-10147
-1051
-10475
-1027
-10659
-1083
-10859
-1091
-11147
-1107
-11387
-1019
-11667
-1075
-11875
-1011
-12067
-1107
-12347
-1019
-12531
-1091
-12803
-1107
-13035
-1083
-13283
-1075
-13587
-1011
-13779
-1067
-13963
-1011
-14203
-1059
-14491
-1115
-14707
-1075
-15035
-1019
-15211
-1003
-15387
-995
-15643
-1099
-15963
-1115
-16123
-1083
-16379
-1091
-16587
-987
-16875
-1043
-17083
-1059
-17323
-1027
-17611
-1099
-17835
-1091
-18147
-1115
-18299
-1091
-18595
-1075
-18859
-1347
549
-1337
-71
-1275
-330
-1226
-560
-1270
-843
-1301
-1006
-1232
-1266
-1297
-1569
-1290
-1801
-1305
-1935
-1339
-2236
-1313
-2427
-1287
-2755
-1235
-3021
-1307
-3175
-1351
-3421
-1273
-3673
-1283
-3921
-1349
-4179
-1297
-4443
-1221
-4565
-1355
-4919
-1307
-5067
-1307
-5303
-1319
-5599
-1267
-5871
-1331
-6031
-1267
-6307
-1227
-6499
-1263
-6743
-1247
-7043
-1351
-7311
-1259
-7491
-1319
-7815
-1271
-8035
-1267
-8267
-1247
-8479
-1211
-8679
-1311
-9015
-1227
-9175
-1323
-9403
-1307
-9643
-1291
-9939
-1315
-10219
-1307
-10371
-1323
-10619
-1323
-10923
-1323
-11115
-1227
-11339
-1331
-11571
-1355
-11891
-1307
-12075
-1331
-12291
-1323
-12531
-1267
-12819
-1347
-13115
-1283
-13275
-1275
-13507
-1331
-13779
-1323
-13979
-1275
-14259
-1235
-14523
-1275
-14699
-1267
-14979
-1259
-15195
-1347
-15491
-1315
-15747
-1307
-15931
-1331
-16163
-1235
-16427
-1347
-16603
-1315
-16859
-1347
-17163
-1299
-17315
-1259
-17563
-1323
-17851
-1283
-18147
-1291
-18291
-1355
-18539
-1299
-18843
-1499
237
-1561
-83
-1481
-233
-1479
-617
-1435
-735
-1451
-1001
-1581
-1339
-1507
-1515
-1539
-1697
-1525
-1949
-1497
-2269
-1545
-2539
-1577
-2689
-1495
-2977
-1575
-3235
-1543
-3451
-1549
-3635
-1539
-3893
-1575
-4157
-1523
-4373
-1571
-4661
-1575
-4847
-1543
-5171
-1575
-5279
-1459
-5579
-1535
-5835
-1495
-6059
-1499
-6331
-1475
-6583
-1515
-6759
-1587
-6955
-1499
-7343
-1583
-7531
-1491
-7759
-1447
-8015
-1523
-8247
-1579
-8423
-1519
-8771
-1575
-8943
-1499
-9223
-1455
-9387
-1571
-9715
-1563
-9971
-1523
-10179
-1515
-10419
-1523
-10659
-1475
-10835
-1595
-11115
-1587
-11379
-1587
-11595
-1547
-11875
-1547
-12059
-1483
-12267
-1571
-12531
-1547
-12851
-1563
-13091
-1547
-13339
-1595
-13587
-1523
-13763
-1539
-13947
-1539
-14275
-1523
-14451
-1491
-14723
-1547
-14931
-1499
-15187
-1579
-15499
-1571
-15643
-1587
-15987
-1571
-16235
-1539
-16363
-1475
-16651
-1467
-16947
-1515
-17067
-1571
-17419
-1467
-17587
-1571
-17875
-1579
-18123
-1571
-18307
-1579
-18635
-1523
-18859
-1807
1321
-1783
-151
-1797
-377
-1803
-491
-1763
-813
-1775
-1073
-1795
-1291
-1761
-1473
-1755
-1799
-1807
-1929
-1703
-2203
-1751
-2473
-1799
-2661
-1707
-3021
-1815
-3143
-1751
-3463
-1677
-3677
-1797
-3893
-1753
-4199
-1687
-4377
-1759
-4653
-1815
-4907
-1763
-5131
-1803
-5331
-1679
-5563
-1803
-5903
-1755
-6091
-1735
-6259
-1739
-6583
-1743
-6723
-1767
-6979
-1723
-7283
-1803
-7451
-1715
-7707
-1775
-8031
-1699
-8239
-1715
-8535
-1771
-8731
-1787
-8995
-1807
-9247
-1791
-9423
-1827
-9683
-1763
-9995
-1795
-10163
-1755
-10451
-1715
-10715
-1779
-10915
-1803
-11099
-1827
-11323
-1739
-11667
-1787
-11803
-1811
-12083
-1803
-12307
-1795
-12571
-1819
-12843
-1835
-13075
-1827
-13315
-1811
-13531
-1803
-13771
-1723
-14043
-1819
-14235
-1819
-14451
-1715
-14675
-1723
-15035
-1715
-15195
-1763
-15451
-1787
-15659
-1731
-15939
-1731
-16227
-1763
-16411
-1787
-16611
-1731
-16827
-1731
-17123
-1803
-17411
-1795
-17611
-1819
-17827
-1739
-18131
-1819
-18291
-1739
-18579
-1771
-18851
-2047
557
-1981
-43
-2025
-361
-2007
-571
-1993
-773
-1935
-1031
-2051
-1215
-1947
-1495
-2057
-1759
-1941
-2019
-1981
-2185
-2063
-2405
-2007
-2741
-2025
-2933
-2051
-3219
-2003
-3393
-1975
-3697
-2019
-3875
-2039
-4195
-2027
-4367
-2049
-4693
-2031
-4907
-2015
-5119
-1979
-5387
-2063
-5551
-2067
-5819
-1995
-6103
-1987
-6307
-2047
-6531
-2007
-6775
-2059
-7007
-2011
-7291
-1999
-7507
-1967
-7755
-2011
-7935
-2007
-8231
-2003
-8451
-2027
-8667
-1955
-8915
-2067
-9263
-1999
-9403
-1979
-9739
-2067
-9875
-2059
-10179
-2043
-10411
-2059
-10667
-1987
-10867
-2019
-11075
-1963
-11435
-2035
-11675
-1955
-11787
-2035
-12091
-2051
-12379
-2043
-12547
-2035
-12779
-2043
-13083
-1979
-13307
-2067
-13595
-2051
-13835
-2051
-14067
-2067
-14315
-2019
-14451
-1987
-14683
-2027
-14939
-2067
-15195
-1955
-15483
-2059
-15691
-2051
-15867
-2051
-16171
-2003
-16419
-2051
-16603
-2043
-16875
-1987
-17075
-2019
-17323
-1995
-17611
-2003
-17859
-2043
-18099
-2003
-18395
-1955
-18611
-2059
-18819
-2195
991
-2211
-151
-2285
-287
-2219
-537
-2211
-839
-2283
-1097
-2285
-1261
-2271
-1493
-2289
-1739
-2221
-1983
-2235
-2265
-2183
-2443
-2273
-2647
-2249
-2983
-2223
-3149
-2285
-3505
-2295
-3703
-2229
-3915
-2205
-4101
-2283
-4371
-2159
-4603
-2275
-4827
-2183
-5119
-2271
-5383
-2195
-5547
-2287
-5915
-2251
-6039
-2275
-6347
-2267
-6595
-2239
-6851
-2315
-7047
-2211
-7291
-2199
-7591
-2303
-7811
-2307
-7991
-2227
-8287
-2251
-8487
-2275
-8695
-2315
-9019
-2239
-9151
-2311
-9443
-2203
-9739
-2211
-9875
-2283
-10147
-2219
-10411
-2235
-10603
-2243
-10843
-2299
-11123
-2315
-11435
-2291
-11571
-2251
-11827
-2219
-12115
-2195
-12395
-2219
-12619
-2227
-12875
-2299
-13043
-2251
-13235
-2291
-13475
-2259
-13835
-2291
-14035
-2299
-14315
-2227
-14491
-2243
-14779
-2291
-14931
-2227
-15179
-2211
-15435
-2195
-15651
-2211
-15995
-2227
-16147
-2259
-16427
-2315
-16627
-2299
-16867
-2195
-17099
-2203
-17331
-2219
-17643
-2211
-17891
-2291
-18139
-2307
-18363
-2195
-18603
-2203
-18851
-2515
167
-2505
-151
-2519
-265
-2439
-483
-2507
-847
-2529
-1039
-2507
-1299
-2495
-1547
-2497
-1755
-2489
-2019
-2479
-2187
-2527
-2405
-2535
-2749
-2505
-2943
-2449
-3139
-2553
-3487
-2413
-3647
-2441
-3985
-2495
-4151
-2541
-4455
-2507
-4567
-2539
-4807
-2407
-5075
-2483
-5299
-2535
-5551
-2511
-5871
-2483
-6063
-2427
-6347
-2515
-6527
-2539
-6819
-2483
-7055
-2495
-7263
-2403
-7519
-2459
-7803
-2551
-8035
-2427
-8199
-2519
-8519
-2495
-8699
-2451
-8963
-2527
-9163
-2419
-9435
-2451
-9651
-2499
-9947
-2515
-10187
-2507
-10403
-2555
-10595
-2483
-10851
-2443
-11075
-2435
-11347
-2523
-11563
-2483
-11787
-2515
-12107
-2547
-12315
-2499
-12555
-2435
-12867
-2547
-13099
-2555
-13235
-2547
-13499
-2467
-13811
-2475
-13987
-2475
-14275
-2555
-14443
-2531
-14715
-2547
-14931
-2499
-15179
-2515
-15459
-2507
-15707
-2451
-15891
-2475
-16163
-2483
-16411
-2483
-16675
-2507
-16955
-2531
-17115
-2531
-17331
-2555
-17659
-2555
-17835
-2435
-18123
-2459
-18395
-2531
-18523
-2499
-18867
-2707
125
-2683
-111
-2767
-339
-2783
-603
-2695
-863
-2691
-1035
-2759
-1335
-2719
-1455
-2679
-1799
-2763
-2031
-2675
-2243
-2739
-2499
-2771
-2699
-2707
-3015
-2787
-3151
-2735
-3467
-2771
-3707
-2759
-3903
-2743
-4087
-2735
-4459
-2743
-4599
-2715
-4811
-2763
-5171
-2723
-5411
-2711
-5663
-2695
-5783
-2687
-6067
-2763
-6335
-2755
-6499
-2755
-6723
-2739
-6995
-2727
-7243
-2691
-7563
-2703
-7751
-2663
-8043
-2723
-8283
-2679
-8519
-2727
-8723
-2667
-8991
-2663
-9227
-2683
-9499
-2667
-9651
-2787
-9955
-2747
-10211
-2739
-10363
-2731
-10683
-2739
-10907
-2779
-11107
-2795
-11363
-2787
-11635
-2739
-11811
-2779
-12043
-2747
-12307
-2779
-12571
-2747
-12875
-2715
-13115
-2731
-13323
-2731
-13515
-2683
-13715
-2707
-13955
-2787
-14219
-2699
-14435
-2675
-14795
-2779
-15027
-2683
-15203
-2667
-15435
-2763
-15755
-2691
-15995
-2691
-16107
-2779
-16427
-2699
-16699
-2731
-16891
-2739
-17131
-2795
-17363
-2691
-17595
-2771
-17907
-2707
-18075
-2795
-18379
-2795
-18611
-2723
-18843
-2983
101
-2907
-115
-3023
-279
-3011
-579
-2883
-843
-2983
-979
-2927
-1223
-2979
-1499
-3027
-1707
-2971
-2031
-2995
-2175
-2931
-2455
-3003
-2787
-3007
-2919
-3007
-3191
-2975
-3515
-2959
-3715
-2903
-3867
-2979
-4179
-2967
-4455
-2943
-4615
-2887
-4807
-3023
-5167
-2907
-5367
-3011
-5571
-2899
-5843
-2971
-6143
-2987
-6319
-2987
-6587
-2995
-6763
-2903
-7007
-2951
-7199
-2919
-7487
-2963
-7827
-2943
-8051
-3007
-8175
-2991
-8467
-2963
-8735
-2947
-8919
-2899
-9135
-2995
-9387
-3027
-9755
-3035
-9971
-3003
-10107
-3035
-10467
-2955
-10659
-2995
-10955
-2995
-11163
-3027
-11355
-3019
-11563
-2971
-11907
-2987
-12035
-2907
-12275
-2939
-12579
-2987
-12755
-2979
-13051
-2915
-13331
-2955
-13499
-2931
-13731
-3035
-13995
-2907
-14307
-2987
-14459
-3011
-14707
-3019
-14995
-2939
-15267
-2939
-15475
-2915
-15731
-2947
-15883
-3003
-16171
-2987
-16379
-2963
-16675
-2939
-16883
-2915
-17195
-2915
-17419
-3035
-17635
-3019
-17851
-3003
-18131
-2931
-18371
-2955
-18571
-3019
-18867
-3243
125
-3227
-123
-3131
-371
-3135
-479
-3231
-747
-3275
-967
-3255
-1323
-3255
-1547
-3235
-1747
-3135
-2055
-3223
-2251
-3203
-2535
-3243
-2775
-3255
-3007
-3215
-3159
-3183
-3443
-3155
-3647
-3219
-3943
-3179
-4075
-3199
-4331
-3203
-4699
-3179
-4915
-3211
-5119
-3243
-5335
-3191
-5623
-3131
-5771
-3243
-6027
-3211
-6295
-3267
-6499
-3227
-6855
-3247
-7055
-3143
-7351
-3175
-7491
-3239
-7751
-3183
-7951
-3131
-8159
-3207
-8491
-3251
-8711
-3243
-8931
-3223
-9151
-3163
-9451
-3227
-9675
-3211
-9963
-3163
-10115
-3243
-10371
-3235
-10659
-3243
-10851
-3243
-11123
-3275
-11427
-3251
-11603
-3259
-11867
-3275
-12067
-3171
-12275
-3251
-12507
-3267
-12803
-3275
-13003
-3187
-13331
-3219
-13555
-3211
-13707
-3227
-13995
-3243
-14267
-3171
-14547
-3243
-14739
-3171
-14987
-3235
-15251
-3211
-15395
-3259
-15707
-3179
-15939
-3235
-16187
-3171
-16363
-3259
-16603
-3235
-16875
-3203
-17147
-3275
-17379
-3267
-17603
-3259
-17915
-3243
-18155
-3179
-18387
-3251
-18531
-3203
-18851
-3503
133
-3387
-43
-3435
-307
-3455
-615
-3503
-791
-3495
-995
-3467
-1223
-3459
-1487
-3447
-1715
-3375
-1943
-3475
-2179
-3483
-2463
-3435
-2747
-3503
-2923
-3383
-3247
-3419
-3499
-3403
-3747
-3511
-3875
-3443
-4127
-3459
-4451
-3427
-4603
-3507
-4943
-3499
-5075
-3379
-5327
-3387
-5587
-3491
-5891
-3387
-6107
-3383
-6271
-3511
-6611
-3491
-6775
-3467
-7035
-3443
-7323
-3423
-7467
-3399
-7783
-3431
-7927
-3391
-8243
-3459
-8467
-3439
-8711
-3463
-8963
-3467
-9175
-3491
-9367
-3451
-9691
-3451
-9875
-3467
-10227
-3411
-10467
-3459
-10595
-3491
-10843
-3475
-11155
-3395
-11339
-3483
-11571
-3411
-11819
-3515
-12107
-3427
-12299
-3483
-12555
-3515
-12763
-3467
-13115
-3499
-13227
-3499
-13587
-3515
-13755
-3491
-14051
-3507
-14227
-3515
-14475
-3387
-14715
-3491
-14995
-3411
-15227
-3483
-15467
-3507
-15643
-3515
-15955
-3395
-16187
-3483
-16459
-3499
-16699
-3395
-16827
-3491
-17083
-3435
-17435
-3427
-17547
-3491
-17803
-3427
-18067
-3515
-18315
-3467
-18539
-3507
-18819
-3699
141
-3695
-135
-3751
-363
-3719
-515
-3659
-787
-3747
-1067
-3707
-1327
-3647
-1567
-3687
-1747
-3667
-2007
-3635
-2307
-3679
-2547
-3635
-2751
-3731
-2963
-3731
-3191
-3631
-3487
-3691
-3731
-3643
-3951
-3643
-4191
-3743
-4435
-3731
-4587
-3675
-4915
-3731
-5115
-3659
-5363
-3711
-5599
-3739
-5771
-3675
-6067
-3651
-6347
-3735
-6587
-3707
-6755
-3699
-7095
-3715
-7271
-3731
-7459
-3687
-7775
-3739
-8027
-3623
-8283
-3755
-8483
-3675
-8655
-3727
-8975
-3699
-9187
-3675
-9387
-3715
-9731
-3731
-9875
-3747
-10147
-3747
-10419
-3707
-10683
-3755
-10939
-3723
-11171
-3691
-11435
-3699
-11579
-3755
-11851
-3715
-12155
-3699
-12291
-3651
-12611
-3747
-12875
-3659
-13091
-3627
-13339
-3643
-13467
-3715
-13787
-3747
-13963
-3739
-14203
-3723
-14491
-3627
-14691
-3651
-14955
-3755
-15155
-3683
-15411
-3651
-15635
-3635
-15899
-3715
-16155
-3723
-16379
-3747
-16611
-3715
-16851
-3731
-17131
-3651
-17379
-3643
-17619
-3659
-17907
-3699
-18067
-3739
-18371
-3667
-18587
-3699
-18835
-3843
109
-3867
-31
-3979
-299
-3955
-595
-3959
-851
-3879
-967
-3855
-1283
-3967
-1515
-3895
-1815
-3959
-1999
-3947
-2179
-3983
-2455
-3931
-2703
-3951
-2947
-3923
-3251
-3863
-3415
-3971
-3719
-3955
-3891
-3863
-4219
-3939
-4451
-3939
-4587
-3943
-4859
-3875
-5139
-3967
-5323
-3907
-5579
-3991
-5899
-3931
-6095
-3903
-6359
-3955
-6611
-3847
-6787
-3907
-6991
-3919
-7219
-3955
-7483
-3971
-7767
-3995
-7991
-3939
-8187
-3975
-8495
-3963
-8715
-3887
-8947
-3875
-9271
-3987
-9419
-3875
-9715
-3883
-9995
-3883
-10203
-3979
-10371
-3923
-10587
-3971
-10899
-3979
-11147
-3915
-11419
-3915
-11555
-3971
-11819
-3995
-12035
-3923
-12275
-3955
-12619
-3995
-12875
-3971
-13067
-3987
-13323
-3867
-13467
-3899
-13819
-3947
-14067
-3987
-14283
-3995
-14435
-3987
-14763
-3947
-14931
-3963
-15147
-3883
-15499
-3971
-15747
-3979
-15963
-3963
-16115
-3939
-16371
-3915
-16707
-3947
-16867
-3971
-17179
-3891
-17427
-3931
-17555
-3939
-17915
-3987
-18131
-3899
-18347
-3907
-18571
-3987
-18843
-4143
85
-4211
-35
-4215
-255
-4163
-635
-4199
-795
-4107
-1091
-4135
-1335
-4167
-1491
-4131
-1691
-4203
-2035
-4187
-2267
-4135
-2435
-4219
-2739
-4183
-2939
-4215
-3259
-4135
-3411
-4227
-3627
-4223
-3875
-4115
-4159
-4139
-4403
-4099
-4663
-4187
-4903
-4203
-5163
-4107
-5331
-4139
-5651
-4099
-5851
-4163
-6067
-4215
-6279
-4179
-6591
-4143
-6739
-4123
-7075
-4183
-7343
-4147
-7575
-4211
-7719
-4171
-8019
-4195
-8239
-4135
-8467
-4147
-8755
-4199
-9015
-4123
-9175
-4155
-9395
-4235
-9699
-4195
-9891
-4163
-10115
-4219
-10419
-4139
-10619
-4155
-10947
-4235
-11163
-4179
-11339
-4203
-11571
-4147
-11875
-4187
-12059
-4107
-12315
-4115
-12531
-4179
-12867
-4155
-13059
-4139
-13323
-4163
-13539
-4211
-13715
-4179
-14027
-4131
-14243
-4235
-14523
-4235
-14683
-4195
-14987
-4227
-15211
-4227
-15419
-4235
-15627
-4235
-15867
-4235
-16187
-4115
-16395
-4171
-16707
-4107
-16939
-4195
-17107
-4187
-17427
-4163
-17619
-4139
-17915
-4227
-18067
-4147
-18275
-4235
-18539
-4163
-18827
-4395
101
-4355
-123
-4411
-287
-4411
-559
-4447
-751
-4419
-1003
-4403
-1303
-4387
-1471
-4419
-1819
-4399
-2035
-4411
-2287
-4411
-2479
-4363
-2743
-4367
-2895
-4403
-3259
-4399
-3415
-4447
-3687
-4459
-3915
-4427
-4207
-4375
-4443
-4443
-4643
-4403
-4895
-4355
-5091
-4347
-5363
-4411
-5591
-4387
-5839
-4399
-6131
-4447
-6319
-4435
-6503
-4343
-6715
-4379
-7047
-4431
-7295
-4451
-7567
-4431
-7807
-4351
-8035
-4427
-8235
-4467
-8459
-4439
-8767
-4359
-8907
-4427
-9179
-4463
-9507
-4395
-9667
-4427
-9979
-4395
-10195
-4435
-10427
-4427
-10619
-4387
-10923
-4387
-11075
-4459
-11347
-4443
-11635
-4451
-11867
-4443
-12115
-4443
-12371
-4427
-12531
-4459
-12835
-4419
-13091
-4395
-13275
-4443
-13499
-4475
-13779
-4467
-14059
-4411
-14235
-4435
-14547
-4411
-14795
-4475
-15027
-4459
-15251
-4395
-15435
-4363
-15739
-4387
-15867
-4467
-16123
-4459
-16443
-4475
-16627
-4435
-16875
-4411
-17155
-4395
-17379
-4475
-17651
-4403
-17827
-4467
-18155
-4371
-18275
-4459
-18635
-4403
-18827
-4639
101
-4619
-123
-4655
-323
-4651
-623
-4571
-803
-4619
-979
-4651
-1315
-4675
-1527
-4691
-1707
-4683
-1935
-4571
-2223
-4647
-2439
-4635
-2723
-4619
-2975
-4571
-3151
-4715
-3455
-4667
-3611
-4675
-3907
-4675
-4147
-4667
-4423
-4631
-4591
-4655
-4839
-4639
-5139
-4583
-5351
-4627
-5587
-4647
-5795
-4655
-6099
-4631
-6375
-4703
-6583
-4695
-6783
-4643
-7063
-4591
-7227
-4635
-7507
-4711
-7783
-4695
-8011
-4667
-8303
-4647
-8547
-4619
-8723
-4683
-8991
-4615
-9207
-4643
-9447
-4699
-9691
-4715
-9907
-4699
-10171
-4707
-10411
-4691
-10643
-4691
-10875
-4683
-11155
-4715
-11387
-4659
-11603
-4683
-11843
-4651
-12155
-4603
-12395
-4691
-12571
-4611
-12763
-4715
-13035
-4651
-13315
-4659
-13523
-4643
-13819
-4715
-13971
-4659
-14275
-4619
-14483
-4659
-14747
-4699
-14955
-4707
-15203
-4627
-15507
-4715
-15667
-4603
-15867
-4635
-16131
-4715
-16467
-4691
-16619
-4675
-16851
-4707
-17195
-4683
-17307
-4683
-17659
-4595
-17835
-4667
-18027
-4675
-18307
-4715
-18619
-4683
-18867
-4915
125
-4859
-131
-4903
-343
-4907
-595
-4799
-803
-4915
-991
-4907
-1323
-4955
-1531
-4855
-1835
-4919
-2003
-4867
-2271
-4867
-2443
-4919
-2763
-4939
-2919
-4903
-3131
-4915
-3407
-4895
-3615
-4903
-3927
-4839
-4171
-4855
-4351
-4831
-4675
-4951
-4847
-4919
-5131
-4907
-5427
-4839
-5615
-4939
-5763
-4871
-6115
-4899
-6259
-4867
-6511
-4855
-6827
-4883
-6987
-4811
-7243
-4811
-7555
-4823
-7683
-4911
-8035
-4831
-8171
-4907
-8503
-4903
-8707
-4871
-8907
-4935
-9179
-4935
-9463
-4835
-9707
-4947
-9947
-4891
-10139
-4899
-10387
-4915
-10715
-4931
-10947
-4907
-11179
-4947
-11419
-4883
-11563
-4883
-11803
-4955
-12091
-4923
-12331
-4931
-12555
-4891
-12875
-4939
-12987
-4851
-13315
-4923
-13555
-4899
-13803
-4947
-13987
-4923
-14315
-4915
-14491
-4899
-14723
-4899
-14915
-4907
-15227
-4891
-15467
-4891
-15683
-4947
-15987
-4891
-16211
-4851
-16363
-4939
-16627
-4939
-16843
-4851
-17195
-4931
-17355
-4939
-17579
-4899
-17851
-4915
-18059
-4843
-18291
-4835
-18587
-4939
-18875
-5099
109
-5155
-27
-5139
-331
-5091
-611
-5131
-771
-5183
-1043
-5107
-1235
-5123
-1483
-5119
-1811
-5131
-1959
-5075
-2283
-5115
-2499
-5119
-2687
-5091
-2951
-5099
-3231
-5135
-3511
-5131
-3647
-5103
-3847
-5079
-4219
-5071
-4355
-5171
-4607
-5079
-4823
-5075
-5131
-5131
-5351
-5063
-5555
-5135
-5851
-5071
-6103
-5155
-6267
-5127
-6491
-5135
-6839
-5151
-7079
-5175
-7275
-5083
-7559
-5155
-7691
-5123
-7919
-5163
-8259
-5143
-8539
-5163
-8667
-5095
-8955
-5167
-9243
-5095
-9443
-5139
-9659
-5139
-9995
-5195
-10219
-5123
-10403
-5099
-10587
-5195
-10843
-5179
-11171
-5147
-11395
-5115
-11635
-5107
-11835
-5195
-12147
-5123
-12323
-5163
-12507
-5195
-12819
-5179
-13083
-5187
-13235
-5091
-13547
-5099
-13811
-5163
-14059
-5083
-14259
-5115
-14483
-5107
-14715
-5139
-14947
-5139
-15147
-5131
-15435
-5179
-15707
-5123
-15931
-5075
-16219
-5195
-16467
-5163
-16659
-5163
-16867
-5115
-17123
-5091
-17307
-5163
-17659
-5163
-17819
-5155
-18139
-5187
-18315
-5171
-18595
-5131
-18851
-5307
85
-5419
-123
-5387
-299
-5371
-599
-5427
-787
-5387
-1051
-5411
-1323
-5395
-1539
-5411
-1715
-5427
-1979
-5395
-2223
-5387
-2495
-5427
-2771
-5403
-2923
-5403
-3179
-5427
-3507
-5427
-3675
-5371
-3899
-5395
-4091
-5427
-4355
-5411
-4715
-5419
-4843
-5435
-5163
-5379
-5303
-5411
-5603
-5347
-5883
-5403
-6123
-5427
-6291
-5379
-6515
-5371
-6747
-5387
-7039
-5371
-7319
-5435
-7483
-5419
-7787
-5331
-8047
-5387
-8279
-5379
-8451
-5435
-8755
-5435
-8995
-5347
-9275
-5395
-9363
-5419
-9651
-5419
-9939
-5331
-10139
-5419
-10451
-5379
-10659
-5323
-10923
-5435
-11083
-5355
-11427
-5339
-11643
-5403
-11787
-5387
-12115
-5419
-12331
-5331
-12539
-5435
-12763
-5323
-13083
-5323
-13331
-5387
-13547
-5371
-13747
-5403
-14075
-5435
-14211
-5371
-14555
-5419
-14667
-5363
-14971
-5347
-15235
-5307
-15403
-5355
-15723
-5427
-15939
-5363
-16123
-5355
-16355
-5379
-16587
-5419
-16947
-5355
-17099
-5395
-17339
-5403
-17579
-5379
-17827
-5307
-18091
-5427
-18339
-5307
-18507
-5331
-18811
-5659
141
-5667
-99
-5643
-291
-5587
-587
-5603
-843
-5619
-1115
-5579
-1323
-5651
-1475
-5619
-1795
-5611
-2059
-5587
-2259
-5563
-2427
-5667
-2763
-5579
-2923
-5635
-3187
-5555
-3403
-5563
-3643
-5587
-3915
-5635
-4123
-5571
-4371
-5675
-4643
-5659
-4835
-5587
-5107
-5635
-5347
-5571
-5579
-5675
-5827
-5587
-6131
-5587
-6307
-5635
-6579
-5643
-6803
-5667
-7075
-5603
-7299
-5675
-7515
-5627
-7747
-5595
-7963
-5675
-8187
-5595
-8491
-5627
-8779
-5627
-9019
-5587
-9195
-5635
-9483
-5547
-9755
-5643
-9955
-5635
-10211
-5555
-10443
-5603
-10619
-5555
-10915
-5547
-11131
-5675
-11403
-5635
-11603
-5555
-11835
-5659
-12115
-5659
-12267
-5555
-12611
-5619
-12835
-5651
-13067
-5547
-13339
-5635
-13531
-5579
-13779
-5547
-14067
-5547
-14187
-5675
-14523
-5627
-14715
-5675
-14931
-5667
-15195
-5595
-15515
-5643
-15755
-5659
-15899
-5587
-16203
-5587
-16467
-5635
-16691
-5667
-16883
-5651
-17107
-5619
-17323
-5627
-17635
-5667
-17795
-5675
-18035
-5643
-18347
-5659
-18563
-5579
-18875
-5867
93
-5891
-123
-5811
-355
-5851
-587
-5891
-803
-5811
-1067
-5843
-1259
-5891
-1579
-5899
-1723
-5819
-2059
-5827
-2307
-5843
-2459
-5811
-2691
-5875
-3011
-5891
-3163
-5875
-3499
-5891
-3651
-5787
-3939
-5899
-4203
-5891
-4451
-5851
-4699
-5827
-4843
-5899
-5099
-5891
-5355
-5883
-5603
-5867
-5907
-5891
-6075
-5891
-6363
-5907
-6579
-5915
-6819
-5859
-7027
-5883
-7339
-5875
-7579
-5859
-7819
-5819
-8019
-5915
-8291
-5915
-8475
-5819
-8755
-5835
-8963
-5835
-9275
-5899
-9451
-5803
-9635
-5787
-9947
-5915
-10139
-5907
-10403
-5915
-10651
-5819
-10883
-5867
-11155
-5827
-11411
-5803
-11587
-5843
-11899
-5907
-12059
-5851
-12379
-5803
-12579
-5883
-12755
-5859
-13019
-5883
-13267
-5811
-13491
-5819
-13755
-5891
-14059
-5787
-14211
-5915
-14427
-5899
-14747
-5787
-15003
-5915
-15187
-5851
-15419
-5875
-15659
-5787
-15875
-5843
-16187
-5859
-16419
-5907
-16627
-5843
-16859
-5899
-17155
-5787
-17323
-5899
-17547
-5787
-17787
-5891
-18051
-5899
-18355
-5891
-18579
-5859
-18875
-6051
109
-6155
-35
-6067
-355
-6115
-611
-6131
-835
-6035
-1091
-6091
-1307
-6123
-1571
-6107
-1763
-6099
-1955
-6107
-2195
-6123
-2539
-6115
-2667
-6155
-2939
-6067
-3163
-6131
-3459
-6139
-3755
-6139
-3931
-6051
-4115
-6107
-4403
-6155
-4643
-6147
-4939
-6147
-5075
-6091
-5363
-6043
-5643
-6131
-5859
-6131
-6059
-6059
-6379
-6027
-6571
-6043
-6851
-6091
-7003
-6059
-7243
-6075
-7483
-6115
-7803
-6155
-8003
-6035
-8211
-6131
-8515
-6075
-8787
-6131
-8947
-6155
-9235
-6139
-9403
-6139
-9739
-6123
-9923
-6099
-10171
-6155
-10451
-6075
-10667
-6139
-10899
-6147
-11139
-6147
-11323
-6155
-11611
-6059
-11819
-6043
-12123
-6123
-12323
-6075
-12507
-6099
-12771
-6099
-13059
-6131
-13251
-6155
-13467
-6155
-13755
-6155
-13995
-6147
-14299
-6091
-14539
-6059
-14779
-6139
-14971
-6107
-15259
-6139
-15411
-6067
-15715
-6027
-15875
-6155
-16227
-6035
-16435
-6083
-16635
-6131
-16923
-6123
-17131
-6155
-17347
-6123
-17555
-6099
-17899
-6075
-18131
-6147
-18267
-6091
-18627
-6099
-18827
-6323
85
-6339
-27
-6275
-331
-6363
-547
-6323
-875
-6347
-1027
-6355
-1355
-6291
-1523
-6387
-1811
-6371
-2035
-6275
-2251
-6355
-2539
-6291
-2683
-6387
-2963
-6395
-3171
-6339
-3507
-6331
-3691
-6339
-3907
-6387
-4115
-6315
-4467
-6347
-4659
-6355
-4843
-6395
-5067
-6299
-5411
-6307
-5563
-6379
-5891
-6339
-6059
-6283
-6339
-6347
-6571
-6299
-6747
-6331
-7107
-6291
-7291
-6371
-7579
-6307
-7787
-6363
-8067
-6379
-8211
-6371
-8507
-6323
-8747
-6283
-8915
-6283
-9171
-6355
-9475
-6347
-9659
-6347
-9987
-6339
-10179
-6379
-10347
-6347
-10683
-6291
-10867
-6363
-11099
-6283
-11419
-6331
-11643
-6331
-11803
-6323
-12035
-6355
-12339
-6347
-12515
-6331
-12827
-6363
-13043
-6387
-13243
-6355
-13579
-6339
-13755
-6283
-14011
-6379
-14307
-6315
-14547
-6355
-14763
-6299
-14955
-6307
-15195
-6339
-15451
-6371
-15667
-6339
-15931
-6387
-16227
-6387
-16387
-6363
-16587
-6371
-16827
-6387
-17115
-6395
-17323
-6387
-17571
-6347
-17867
-6323
-18139
-6363
-18299
-6267
-18531
-6307
-18851
-6563
133
-6547
-83
-6579
-395
-6611
-515
-6635
-811
-6555
-1003
-6571
-1243
-6595
-1555
-6627
-1803
-6635
-2043
-6515
-2211
-6563
-2443
-6627
-2675
-6531
-3027
-6611
-3243
-6627
-3427
-6619
-3635
-6523
-3955
-6627
-4203
-6579
-4451
-6611
-4611
-6627
-4851
-6619
-5107
-6515
-5323
-6603
-5571
-6563
-5907
-6595
-6043
-6635
-6267
-6539
-6515
-6635
-6875
-6603
-7067
-6619
-7243
-6627
-7555
-6531
-7707
-6611
-7979
-6555
-8251
-6555
-8523
-6635
-8795
-6507
-8939
-6579
-9203
-6523
-9451
-6619
-9667
-6571
-9995
-6619
-10163
-6635
-10427
-6515
-10651
-6635
-10947
-6539
-11195
-6547
-11419
-6635
-11667
-6627
-11867
-6571
-12115
-6603
-12323
-6507
-12611
-6595
-12771
-6611
-13059
-6611
-13291
-6563
-13499
-6619
-13715
-6635
-13979
-6635
-14243
-6635
-14523
-6563
-14771
-6635
-14995
-6507
-15227
-6555
-15427
-6579
-15707
-6507
-15939
-6619
-16179
-6611
-16395
-6595
-16595
-6579
-16827
-6531
-17155
-6547
-17363
-6579
-17611
-6563
-17843
-6635
-18075
-6515
-18355
-6523
-18635
-6595
-18867
-6803
93
-6755
-51
-6803
-299
-6843
-579
-6803
-795
-6803
-1027
-6859
-1243
-6771
-1531
-6875
-1787
-6795
-1971
-6755
-2235
-6771
-2483
-6819
-2763
-6859
-2931
-6867
-3163
-6819
-3387
-6851
-3723
-6851
-3891
-6803
-4147
-6755
-4355
-6827
-4643
-6827
-4859
-6827
-5091
-6811
-5363
-6851
-5675
-6795
-5891
-6867
-6067
-6819
-6339
-6803
-6547
-6763
-6811
-6867
-7067
-6835
-7235
-6851
-7587
-6867
-7715
-6771
-8003
-6875
-8251
-6803
-8523
-6747
-8731
-6763
-9035
-6859
-9147
-6875
-9427
-6747
-9747
-6835
-9963
-6827
-10155
-6811
-10435
-6859
-10667
-6755
-10923
-6875
-11171
-6795
-11355
-6843
-11555
-6795
-11883
-6803
-12075
-6851
-12363
-6859
-12611
-6819
-12875
-6835
-13003
-6859
-13251
-6843
-13539
-6811
-13803
-6835
-14011
-6835
-14203
-6843
-14443
-6755
-14779
-6747
-15035
-6771
-15227
-6843
-15419
-6875
-15699
-6875
-15923
-6875
-16195
-6867
-16395
-6755
-16635
-6827
-16947
-6779
-17107
-6755
-17323
-6859
-17603
-6867
-17915
-6875
-18099
-6875
-18379
-6787
-18635
-6811
-18811
-7011
133
-7059
-67
-7035
-323
-7083
-563
-7091
-835
-7091
-1059
-7043
-1235
-7075
-1539
-7075
-1819
-7107
-1987
-7059
-2251
-7035
-2547
-7011
-2787
-7107
-2971
-7075
-3243
-7075
-3475
-7059
-3723
-7027
-3939
-7067
-4139
-7011
-4475
-7083
-4691
-7075
-4867
-7003
-5091
-7107
-5427
-7011
-5587
-7059
-5835
-7011
-6131
-7075
-6291
-7003
-6515
-7051
-6787
-7027
-7067
-7043
-7347
-7059
-7523
-7099
-7835
-6987
-8043
-6995
-8227
-7083
-8467
-7059
-8739
-7107
-8947
-7083
-9267
-7051
-9387
-7027
-9675
-7019
-9875
-7091
-10115
-7115
-10395
-7091
-10627
-7019
-10883
-7099
-11075
-7115
-11411
-7043
-11595
-7067
-11867
-7067
-12131
-7099
-12291
-7107
-12547
-7027
-12819
-7107
-13051
-7019
-13307
-7035
-13579
-7107
-13771
-7099
-13979
-7027
-14267
-7075
-14547
-7107
-14755
-7075
-15003
-7075
-15179
-7091
-15435
-7075
-15699
-7091
-15971
-7067
-16155
-7091
-16379
-7091
-16659
-7091
-16939
-7067
-17171
-7091
-17323
-6987
-17547
-7027
-17803
-7107
-18099
-7091
-18307
-7035
-18635
-7011
-18867
-7299
93
-7331
-35
-7331
-275
-7227
-619
-7235
-843
-7355
-1011
-7315
-1299
-7251
-1571
-7299
-1803
-7251
-2067
-7307
-2235
-7347
-2547
-7315
-2715
-7347
-2987
-7267
-3227
-7299
-3387
-7307
-3683
-7267
-3987
-7283
-4123
-7355
-4371
-7355
-4619
-7307
-4947
-7307
-5147
-7227
-5427
-7251
-5587
-7227
-5843
-7347
-6075
-7331
-6371
-7291
-6635
-7227
-6875
-7355
-7067
-7307
-7339
-7227
-7467
-7331
-7747
-7251
-8067
-7315
-8299
-7259
-8443
-7331
-8699
-7275
-8907
-7355
-9251
-7227
-9435
-7323
-9723
-7299
-9987
-7355
-10147
-7347
-10379
-7339
-10651
-7259
-10851
-7339
-11123
-7291
-11427
-7315
-11611
-7291
-11907
-7323
-12139
-7291
-12347
-7307
-12555
-7259
-12859
-7243
-13067
-7339
-13315
-7315
-13523
-7243
-13811
-7347
-13971
-7307
-14259
-7275
-14515
-7339
-14699
-7347
-14923
-7283
-15171
-7339
-15387
-7355
-15683
-7355
-15891
-7355
-16131
-7355
-16459
-7347
-16707
-7347
-16859
-7291
-17115
-7331
-17371
-7323
-17627
-7355
-17891
-7347
-18123
-7355
-18371
-7323
-18579
-7347
-18843
-7491
109
-7539
-131
-7579
-299
-7491
-635
-7523
-819
-7587
-1099
-7555
-1275
-7491
-1475
-7571
-1731
-7571
-1987
-7475
-2187
-7587
-2547
-7531
-2707
-7579
-3027
-7475
-3211
-7539
-3395
-7531
-3691
-7579
-3979
-7483
-4123
-7523
-4435
-7555
-4683
-7475
-4907
-7539
-5091
-7563
-5411
-7571
-5571
-7531
-5859
-7499
-6099
-7555
-6283
-7571
-6595
-7539
-6771
-7595
-7019
-7555
-7291
-7595
-7579
-7595
-7795
-7523
-8003
-7587
-8203
-7467
-8491
-7499
-8715
-7539
-8979
-7587
-9267
-7587
-9435
-7587
-9659
-7523
-9995
-7579
-10171
-7579
-10387
-7587
-10691
-7555
-10883
-7515
-11083
-7483
-11435
-7547
-11555
-7539
-11843
-7515
-12115
-7571
-12267
-7571
-12587
-7531
-12803
-7571
-12987
-7491
-13251
-7475
-13595
-7563
-13819
-7531
-13963
-7547
-14227
-7555
-14491
-7563
-14763
-7579
-14923
-7539
-15235
-7547
-15411
-7531
-15707
-7571
-15979
-7563
-16235
-7531
-16443
-7579
-16667
-7595
-16867
-7579
-17179
-7595
-17355
-7491
-17667
-7515
-17859
-7507
-18067
-7571
-18339
-7587
-18627
-7547
-18875
-7787
133
-7747
-115
-7755
-339
-7819
-563
-7819
-795
-7795
-1091
-7827
-1315
-7827
-1491
-7803
-1715
-7771
-1987
-7835
-2227
-7739
-2427
-7835
-2779
-7747
-3003
-7707
-3155
-7795
-3483
-7771
-3747
-7819
-3955
-7763
-4139
-7827
-4475
-7835
-4627
-7787
-4915
-7771
-5075
-7835
-5395
-7763
-5651
-7787
-5795
-7827
-6139
-7715
-6267
-7731
-6563
-7835
-6843
-7747
-7099
-7763
-7283
-7811
-7587
-7755
-7747
-7747
-7987
-7803
-8283
-7819
-8491
-7755
-8691
-7811
-8907
-7755
-9179
-7803
-9507
-7811
-9659
-7763
-9987
-7731
-10227
-7731
-10459
-7835
-10595
-7707
-10851
-7723
-11179
-7731
-11315
-7835
-11651
-7811
-11795
-7803
-12043
-7795
-12339
-7731
-12563
-7787
-12779
-7755
-13099
-7827
-13291
-7731
-13563
-7787
-13731
-7739
-14035
-7803
-14275
-7819
-14475
-7835
-14787
-7771
-14995
-7811
-15219
-7803
-15427
-7723
-15683
-7779
-15971
-7819
-16147
-7835
-16427
-7779
-16707
-7747
-16915
-7827
-17083
-7835
-17363
-7723
-17635
-7803
-17851
-7835
-18051
-7835
-18379
-7827
-18595
-7723
-18835
-8075
125
-8011
-75
-8059
-347
-8003
-531
-8051
-763
-7995
-1075
-8067
-1243
-8051
-1515
-7995
-1723
-8043
-2003
-7963
-2251
-8051
-2499
-8075
-2715
-8043
-2995
-8075
-3235
-8075
-3395
-8075
-3699
-7995
-3995
-8011
-4219
-7979
-4475
-7963
-4667
-7955
-4899
-7979
-5075
-7979
-5323
-7995
-5555
-7971
-5851
-8067
-6155
-8027
-6331
-8027
-6603
-7963
-6755
-8003
-7107
-8035
-7355
-8003
-7563
-8011
-7819
-8035
-7963
-8011
-8267
-8059
-8547
-7947
-8747
-7971
-9019
-8051
-9251
-8035
-9403
-7947
-9707
-8051
-9979
-7947
-10139
-8051
-10371
-7995
-10595
-8051
-10931
-7979
-11107
-8075
-11435
-8067
-11579
-7963
-11795
-8003
-12115
-7979
-12355
-8035
-12563
-7971
-12827
-7963
-12987
-8067
-13347
-8075
-13499
-7971
-13779
-8003
-14035
-7963
-14259
-8075
-14467
-8011
-14707
-7995
-14963
-8051
-15251
-8059
-15427
-7971
-15739
-8035
-15923
-8051
-16235
-8003
-16467
-8019
-16643
-8051
-16875
-8059
-17163
-8043
-17323
-7987
-17611
-8043
-17867
-7963
-18123
-8051
-18387
-8019
-18635
-8003
-18811
-8283
109
-8291
-51
-8315
-355
-8211
-555
-8243
-795
-8259
-1099
-8307
-1347
-8283
-1491
-8195
-1779
-8267
-1979
-8267
-2187
-8283
-2475
-8235
-2723
-8211
-2979
-8211
-3235
-8291
-3507
-8291
-3691
-8315
-3947
-8211
-4131
-8299
-4363
-8315
-4587
-8235
-4835
-8235
-5171
-8307
-5387
-8267
-5579
-8259
-5835
-8291
-6147
-8283
-6363
-8251
-6547
-8291
-6875
-8211
-7091
-8307
-7243
-8195
-7515
-8291
-7779
-8307
-8003
-8283
-8283
-8195
-8443
-8203
-8691
-8195
-8955
-8315
-9267
-8307
-9499
-8235
-9723
-8203
-9883
-8203
-10235
-8251
-10419
-8235
-10619
-8315
-10891
-8291
-11083
-8307
-11315
-8203
-11667
-8227
-11867
-8251
-12091
-8315
-12291
-8243
-12523
-8259
-12787
-8251
-13027
-8283
-13315
-8227
-13523
-8307
-13731
-8307
-14003
-8291
-14291
-8251
-14515
-8259
-14747
-8283
-14971
-8299
-15163
-8187
-15467
-8203
-15643
-8307
-15883
-8299
-16147
-8315
-16467
-8283
-16619
-8267
-16899
-8259
-17099
-8275
-17363
-8283
-17547
-8211
-17851
-8259
-18059
-8267
-18291
-8307
-18515
-8259
-18859
-8499
141
-8443
-139
-8459
-379
-8443
-627
-8499
-795
-8451
-1059
-8547
-1251
-8507
-1491
-8531
-1779
-8523
-1987
-8499
-2259
-8539
-2555
-8435
-2675
-8483
-2947
-8547
-3219
-8491
-3411
-8515
-3627
-8451
-3995
-8443
-4155
-8523
-4403
-8483
-4667
-8539
-4907
-8499
-5155
-8515
-5363
-8523
-5619
-8435
-5843
-8451
-6059
-8443
-6339
-8475
-6571
-8459
-6795
-8435
-7083
-8467
-7299
-8547
-7587
-8507
-7771
-8531
-8035
-8435
-8299
-8491
-8523
-8539
-8675
-8435
-8979
-8523
-9195
-8523
-9451
-8523
-9675
-8523
-9899
-8531
-10187
-8427
-10451
-8483
-10627
-8507
-10907
-8499
-11147
-8499
-11403
-8531
-11651
-8483
-11803
-8483
-12035
-8531
-12267
-8451
-12635
-8459
-12819
-8547
-13003
-8443
-13315
-8507
-13531
-8523
-13795
-8491
-13995
-8499
-14251
-8491
-14459
-8451
-14707
-8555
-14955
-8547
-15187
-8499
-15475
-8547
-15691
-8515
-15987
-8555
-16123
-8515
-16459
-8443
-16683
-8515
-16955
-8547
-17067
-8507
-17363
-8555
-17571
-8531
-17795
-8507
-18067
-8515
-18267
-8523
-18515
-8515
-18819
-8675
149
-8763
-35
-8755
-379
-8675
-603
-8739
-827
-8771
-1059
-8795
-1339
-8779
-1523
-8795
-1707
-8667
-2011
-8795
-2299
-8723
-2499
-8739
-2715
-8763
-2971
-8787
-3203
-8723
-3491
-8771
-3659
-8787
-3907
-8707
-4195
-8771
-4427
-8707
-4707
-8691
-4931
-8763
-5139
-8795
-5371
-8739
-5667
-8731
-5827
-8795
-6139
-8731
-6291
-8779
-6587
-8771
-6851
-8787
-7003
-8691
-7275
-8755
-7483
-8771
-7803
-8747
-8043
-8755
-8267
-8675
-8499
-8795
-8739
-8787
-9019
-8731
-9203
-8779
-9515
-8699
-9715
-8755
-9995
-8691
-10131
-8707
-10395
-8747
-10635
-8795
-10931
-8787
-11139
-8763
-11315
-8723
-11555
-8771
-11795
-8691
-12155
-8763
-12283
-8795
-12627
-8763
-12747
-8787
-13115
-8795
-13299
-8723
-13507
-8795
-13739
-8763
-13987
-8731
-14195
-8691
-14539
-8667
-14699
-8763
-14915
-8723
-15171
-8755
-15411
-8683
-15707
-8739
-15923
-8715
-16235
-8731
-16475
-8731
-16635
-8683
-16843
-8795
-17163
-8795
-17315
-8795
-17667
-8787
-17859
-8675
-18075
-8779
-18307
-8787
-18563
-8771
-18851
-8995
149
-8963
-51
-9035
-331
-9011
-555
-8939
-811
-9011
-1027
-8955
-1283
-8963
-1507
-9011
-1795
-8947
-2059
-9035
-2195
-8931
-2531
-9019
-2771
-8995
-2907
-9011
-3171
-9003
-3443
-8987
-3715
-9019
-3939
-9027
-4195
-8939
-4459
-9019
-4699
-8995
-4875
-8995
-5083
-8979
-5403
-8955
-5667
-9011
-5899
-8979
-6107
-8995
-6371
-8979
-6579
-8995
-6819
-9011
-7027
-9003
-7347
-9019
-7507
-8971
-7747
-8947
-7979
-8955
-8227
-8971
-8539
-8907
-8795
-9035
-8955
-9019
-9275
-9027
-9499
-8963
-9699
-8987
-9907
-8939
-10187
-8971
-10451
-8987
-10683
-9027
-10875
-9035
-11067
-8987
-11427
-8931
-11651
-8931
-11867
-8963
-12091
-9003
-12355
-9027
-12507
-8939
-12859
-8979
-13067
-9035
-13291
-8963
-13579
-8907
-13787
-8963
-14003
-8931
-14291
-8939
-14443
-9019
-14779
-8955
-15011
-8963
-15211
-8955
-15459
-9027
-15707
-8939
-15907
-8947
-16179
-9035
-16371
-8947
-16595
-8963
-16907
-9011
-17115
-8979
-17395
-8939
-17675
-9027
-17851
-8907
-18091
-9019
-18275
-9019
-18523
-8995
-18811
-9235
133
-9275
-67
-9235
-363
-9267
-563
-9259
-851
-9235
-1051
-9259
-1275
-9171
-1547
-9243
-1747
-9251
-2011
-9219
-2235
-9171
-2467
-9163
-2699
-9275
-3019
-9219
-3267
-9147
-3459
-9227
-3739
-9251
-3915
-9187
-4131
-9275
-4363
-9243
-4683
-9211
-4883
-9267
-5091
-9243
-5339
-9219
-5611
-9227
-5835
-9147
-6107
-9195
-6315
-9219
-6627
-9251
-6771
-9275
-7059
-9251
-7299
-9243
-7483
-9275
-7811
-9227
-8051
-9235
-8275
-9195
-8523
-9211
-8771
-9187
-8963
-9211
-9275
-9275
-9491
-9251
-9691
-9235
-9899
-9179
-10107
-9211
-10379
-9195
-10651
-9211
-10915
-9227
-11147
-9179
-11347
-9243
-11667
-9227
-11899
-9219
-12107
-9259
-12355
-9211
-12603
-9211
-12755
-9155
-13075
-9235
-13235
-9267
-13555
-9275
-13707
-9147
-14003
-9243
-14219
-9147
-14467
-9243
-14779
-9227
-14987
-9267
-15259
-9267
-15395
-9179
-15755
-9251
-15907
-9187
-16131
-9147
-16443
-9187
-16699
-9203
-16891
-9275
-17163
-9259
-17427
-9243
-17571
-9203
-17859
-9275
-18139
-9219
-18395
-9195
-18523
-9219
-18811
-9419
125
-9435
-83
-9459
-315
-9411
-635
-9491
-747
-9491
-1003
-9499
-1251
-9483
-1491
-9387
-1827
-9411
-1979
-9515
-2291
-9499
-2547
-9507
-2699
-9467
-2915
-9467
-3259
-9387
-3427
-9475
-3683
-9515
-3987
-9499
-4235
-9435
-4411
-9491
-4691
-9387
-4939
-9515
-5163
-9515
-5323
-9419
-5611
-9491
-5867
-9395
-6035
-9515
-6315
-9483
-6595
-9419
-6835
-9427
-7035
-9387
-7323
-9467
-7467
-9427
-7723
-9507
-8011
-9387
-8211
-9387
-8443
-9419
-8667
-9491
-9027
-9435
-9187
-9387
-9475
-9451
-9675
-9443
-9883
-9499
-10195
-9411
-10387
-9387
-10691
-9499
-10835
-9483
-11099
-9483
-11355
-9419
-11659
-9499
-11835
-9507
-12083
-9451
-12371
-9515
-12627
-9451
-12851
-9467
-13067
-9483
-13331
-9491
-13595
-9395
-13747
-9515
-14003
-9475
-14195
-9491
-14547
-9499
-14763
-9499
-14915
-9483
-15251
-9451
-15491
-9515
-15675
-9435
-15923
-9387
-16227
-9427
-16451
-9483
-16675
-9483
-16843
-9467
-17131
-9499
-17371
-9515
-17611
-9507
-17795
-9467
-18155
-9419
-18275
-9499
-18587
-9467
-18835
-9715
109
-9747
-67
-9755
-379
-9699
-603
-9747
-747
-9755
-1091
-9755
-1315
-9755
-1491
-9691
-1811
-9675
-1995
-9731
-2203
-9731
-2523
-9723
-2675
-9747
-2979
-9667
-3195
-9739
-3483
-9747
-3739
-9699
-3891
-9739
-4171
-9731
-4387
-9715
-4675
-9659
-4923
-9715
-5115
-9755
-5403
-9691
-5659
-9683
-5891
-9731
-6043
-9731
-6291
-9651
-6579
-9723
-6843
-9707
-7091
-9635
-7283
-9627
-7539
-9699
-7771
-9739
-7963
-9691
-8219
-9723
-8451
-9755
-8723
-9723
-8963
-9707
-9211
-9747
-9507
-9739
-9715
-9707
-9899
-9723
-10139
-9723
-10459
-9731
-10603
-9699
-10915
-9627
-11099
-9667
-11371
-9715
-11675
-9643
-11803
-9699
-12123
-9675
-12395
-9627
-12555
-9707
-12747
-9659
-13035
-9707
-13283
-9683
-13571
-9755
-13707
-9707
-14027
-9731
-14267
-9699
-14483
-9659
-14731
-9683
-14995
-9723
-15219
-9715
-15483
-9683
-15715
-9643
-15907
-9667
-16219
-9691
-16411
-9707
-16651
-9739
-16875
-9747
-17075
-9747
-17355
-9723
-17667
-9755
-17835
-9683
-18083
-9739
-18283
-9699
-18595
-9747
-18835
-9907
117
-9987
-83
-9883
-387
-9931
-587
-9923
-763
-9979
-987
-9963
-1275
-9891
-1587
-9955
-1755
-9947
-1963
-9931
-2219
-9931
-2435
-9963
-2715
-9931
-2939
-9899
-3163
-9955
-3507
-9947
-3643
-9883
-3867
-9931
-4227
-9963
-4411
-9875
-4691
-9899
-4955
-9995
-5187
-9923
-5315
-9971
-5619
-9987
-5803
-9971
-6107
-9931
-6395
-9931
-6531
-9971
-6843
-9971
-7003
-9923
-7243
-9955
-7499
-9875
-7763
-9907
-7979
-9987
-8195
-9963
-8467
-9987
-8683
-9995
-8947
-9955
-9187
-9939
-9443
-9931
-9707
-9995
-9915
-9963
-10147
-9875
-10411
-9987
-10587
-9955
-10891
-9915
-11187
-9995
-11315
-9867
-11619
-9955
-11851
-9899
-12043
-9891
-12331
-9891
-12555
-9963
-12779
-9995
-13115
-9979
-13283
-9979
-13531
-9987
-13723
-9867
-14043
-9867
-14307
-9891
-14467
-9979
-14763
-9939
-14939
-9891
-15259
-9931
-15411
-9963
-15691
-9971
-15947
-9963
-16147
-9939
-16459
-9971
-16611
-9907
-16867
-9995
-17147
-9979
-17387
-9875
-17667
-9995
-17843
-9979
-18075
-9867
-18307
-9963
-18571
-9939
-18843
-10219
125
-10195
-91
-10163
-347
-10155
-539
-10155
-875
-10139
-987
-10211
-1323
-10187
-1499
-10203
-1803
-10171
-1963
-10211
-2219
-10235
-2491
-10187
-2683
-10123
-2987
-10131
-3195
-10179
-3451
-10211
-3667
-10211
-3971
-10147
-4187
-10227
-4435
-10235
-4611
-10227
-4875
-10155
-5067
-10171
-5339
-10115
-5579
-10187
-5795
-10219
-6035
-10187
-6267
-10219
-6587
-10187
-6875
-10195
-7091
-10211
-7315
-10179
-7491
-10227
-7835
-10219
-8003
-10227
-8315
-10147
-8515
-10179
-8747
-10179
-8923
-10147
-9171
-10219
-9483
-10227
-9691
-10227
-9915
-10179
-10179
-10227
-10403
-10155
-10587
-10235
-10835
-10123
-11131
-10115
-11347
-10163
-11571
-10179
-11787
-10155
-12083
-10211
-12283
-10123
-12531
-10195
-12803
-10203
-13011
-10107
-13315
-10235
-13523
-10147
-13763
-10227
-14059
-10219
-14299
-10227
-14475
-10211
-14763
-10139
-15027
-10179
-15275
-10211
-15427
-10163
-15723
-10203
-15987
-10195
-16219
-10227
-16379
-10107
-16683
-10131
-16931
-10227
-17083
-10227
-17435
-10155
-17627
-10195
-17843
-10187
-18147
-10211
-18267
-10227
-18579
-10163
-18859
-10419
125
-10411
-51
-10467
-379
-10451
-619
-10451
-851
-10427
-1003
-10467
-1339
-10459
-1579
-10459
-1747
-10451
-2059
-10451
-2251
-10459
-2547
-10435
-2699
-10443
-3019
-10451
-3179
-10475
-3387
-10451
-3643
-10475
-3931
-10443
-4235
-10411
-4475
-10443
-4627
-10451
-4827
-10435
-5091
-10451
-5427
-10427
-5627
-10435
-5859
-10443
-6035
-10475
-6307
-10475
-6611
-10467
-6763
-10427
-7027
-10467
-7291
-10467
-7467
-10459
-7827
-10475
-7987
-10451
-8203
-10475
-8555
-10467
-8787
-10411
-8971
-10451
-9251
-10427
-9515
-10419
-9707
-10427
-9995
-10419
-10155
-10419
-10403
-10475
-10667
-10459
-10875
-10435
-11099
-10475
-11315
-10451
-11651
-10419
-11891
-10435
-12067
-10411
-12275
-10435
-12595
-10451
-12795
-10443
-13003
-10435
-13331
-10459
-13499
-10475
-13731
-10411
-13947
-10475
-14283
-10443
-14555
-10475
-14755
-10451
-15035
-10459
-15251
-10419
-15387
-10459
-15667
-10451
-15899
-10443
-16235
-10435
-16355
-10419
-16603
-10435
-16899
-10435
-17195
-10459
-17355
-10427
-17563
-10443
-17891
-10435
-18155
-10435
-18323
-10475
-18611
-10467
-18851
