101
347
139
-5
534
-390
484
-577
492
-840
301
-1070
208
-1290
202
-1493
410
-1757
154
-2031
275
-2237
135
-2511
157
-2691
127
-2959
151
-3249
145
-3427
319
-3705
165
-3895
209
-4095
339
-4363
139
-4577
93
-4911
109
-5087
133
-5307
85
-5571
117
-5887
93
-6067
85
-6259
85
-6555
133
-6835
125
-7079
149
-7307
125
-7483
141
-7731
85
-7991
85
-8283
141
-8523
117
-8707
133
-8955
125
-9183
117
-9395
125
-9739
101
-9955
133
-10203
101
-10475
101
-10587
85
-10891
85
-11171
117
-11323
93
-11651
85
-11891
109
-12035
101
-12283
109
-12523
149
-12819
93
-13091
85
-13331
101
-13571
93
-13715
85
-14035
109
-14227
149
-14427
133
-14683
149
-14931
85
-15267
117
-15499
141
-15691
117
-15963
85
-16203
125
-16419
101
-16707
85
-16883
125
-17067
141
-17419
85
-17611
133
-17907
141
-18027
149
-18299
117
-18531
101
-18827
-143
586
-73
-46
-132
-361
-21
-567
-121
-771
-64
-1078
-124
-1310
-131
-1527
-137
-1721
-35
-2010
-112
-2295
-111
-2515
-109
-2683
-67
-2981
-25
-3159
-91
-3409
-75
-3613
-119
-3867
-131
-4203
-141
-4419
-47
-4595
-107
-4819
-75
-5171
-35
-5387
-107
-5643
-63
-5895
-147
-6079
-47
-6379
-79
-6563
-111
-6803
-59
-7039
-155
-7255
-119
-7435
-103
-7711
-99
-8007
-99
-8259
-127
-8495
-11
-8679
-43
-8907
-103
-9219
-139
-9507
-147
-9739
-147
-9899
-131
-10179
-147
-10467
-51
-10691
-139
-10899
-131
-11115
-83
-11403
-123
-11667
-43
-11811
-115
-12115
-91
-12323
-99
-12611
-155
-12851
-99
-13075
-67
-13315
-75
-13571
-83
-13779
-99
-14051
-83
-14235
-67
-14555
-115
-14707
-67
-14995
-139
-15251
-67
-15483
-147
-15723
-99
-15939
-35
-16171
-67
-16451
-147
-16603
-43
-16867
-115
-17123
-155
-17435
-155
-17643
-107
-17907
-67
-18123
-75
-18291
-155
-18555
-99
-18843
-363
812
-326
-39
-321
-351
-342
-543
-346
-783
-377
-1085
-349
-1297
-316
-1481
-277
-1775
-370
-2006
-329
-2225
-373
-2527
-347
-2683
-365
-2999
-321
-3153
-275
-3495
-259
-3713
-279
-3883
-283
-4193
-379
-4387
-283
-4627
-359
-4815
-327
-5095
-387
-5419
-355
-5563
-363
-5811
-295
-6067
-367
-6315
-371
-6503
-339
-6823
-363
-7019
-363
-7219
-307
-7527
-311
-7823
-319
-7971
-347
-8183
-315
-8515
-275
-8651
-379
-8899
-267
-9275
-379
-9415
-395
-9755
-395
-9867
-275
-10115
-371
-10443
-363
-10715
-363
-10947
-387
-11163
-315
-11363
-355
-11587
-379
-11883
-387
-12043
-371
-12323
-363
-12627
-323
-12763
-315
-13027
-339
-13275
-339
-13579
-387
-13779
-395
-14067
-371
-14315
-331
-14507
-395
-14683
-323
-15011
-395
-15187
-275
-15507
-307
-15755
-275
-15947
-323
-16211
-371
-16411
-291
-16619
-371
-16907
-299
-17091
-347
-17419
-315
-17563
-379
-17827
-395
-18051
-299
-18267
-363
-18587
-315
-18875
-519
1387
-504
-98
-611
-325
-581
-589
-600
-795
-539
-1091
-554
-1293
-507
-1468
-605
-1779
-534
-1957
-569
-2182
-567
-2423
-543
-2691
-555
-2893
-523
-3227
-563
-3427
-519
-3719
-527
-3923
-619
-4147
-483
-4457
-595
-4635
-611
-4827
-575
-5067
-547
-5315
-587
-5647
-571
-5891
-519
-6075
-555
-6363
-611
-6499
-611
-6811
-579
-7027
-563
-7291
-607
-7467
-523
-7795
-599
-7967
-615
-8203
-579
-8551
-531
-8667
-523
-8899
-599
-9183
-603
-9459
-555
-9651
-595
-9867
-635
-10187
-619
-10443
-547
-10683
-579
-10843
-507
-11155
-619
-11411
-563
-11643
-587
-11851
-579
-12051
-587
-12291
-627
-12507
-627
-12843
-603
-13067
-619
-13251
-571
-13491
-635
-13803
-515
-13979
-635
-14195
-635
-14459
-611
-14747
-547
-15027
-619
-15235
-531
-15427
-619
-15699
-611
-15987
-619
-16235
-579
-16475
-523
-16635
-571
-16931
-579
-17131
-627
-17395
-619
-17635
-587
-17787
-595
-18123
-635
-18379
-627
-18587
-539
-18819
-775
1088
-737
-47
-843
-362
-813
-611
-855
-821
-815
-958
-841
-1300
-730
-1483
-843
-1742
-853
-1925
-834
-2298
-753
-2461
-811
-2695
-811
-2999
-763
-3151
-799
-3397
-815
-3621
-799
-3871
-789
-4163
-849
-4455
-729
-4697
-827
-4931
-827
-5095
-867
-5343
-843
-5559
-739
-5879
-807
-6031
-775
-6383
-767
-6579
-755
-6755
-843
-6975
-851
-7227
-859
-7539
-847
-7747
-839
-7955
-743
-8275
-791
-8419
-835
-8679
-811
-8991
-835
-9223
-795
-9387
-787
-9643
-851
-9867
-875
-10155
-755
-10395
-859
-10683
-867
-10939
-851
-11091
-875
-11395
-779
-11651
-795
-11787
-851
-12035
-755
-12387
-803
-12611
-803
-12827
-835
-13115
-827
-13307
-875
-13507
-859
-13787
-875
-14059
-851
-14275
-859
-14435
-787
-14747
-835
-14971
-811
-15179
-851
-15435
-803
-15691
-851
-15867
-827
-16155
-875
-16379
-859
-16667
-811
-16955
-843
-17163
-875
-17387
-875
-17627
-875
-17867
-843
-18131
-867
-18307
-843
-18635
-867
-18819
-1019
340
-1051
-16
-1077
-277
-1082
-600
-1031
-727
-1071
-987
-1007
-1295
-984
-1495
-1057
-1673
-977
-2029
-1064
-2168
-1051
-2407
-1113
-2759
-1115
-2943
-999
-3123
-1087
-3451
-1035
-3725
-979
-3931
-1053
-4203
-1057
-4341
-1039
-4665
-1043
-4955
-999
-5167
-1103
-5407
-1067
-5655
-1027
-5883
-1091
-6055
-1099
-6251
-1107
-6603
-1091
-6735
-1091
-6963
-1091
-7275
-1095
-7491
-1019
-7763
-1075
-7947
-1087
-8283
-1083
-8455
-1079
-8647
-1071
-8915
-991
-9191
-1059
-9435
-1059
-9659
-1027
-9963
-1067
-10235
-1115
-10363
-1043
-10699
-1083
-10859
-1091
-11147
-1027
-11355
-1019
-11667
-1027
-11827
-1011
-12067
-1107
-12347
-1019
-12531
-1091
-12803
-1107
-13035
-1083
-13283
-1075
-13587
-1011
-13779
-1067
-14067
-1011
-14203
-1059
-14491
-1115
-14707
-1075
-15035
-1019
-15211
-1003
-15387
-995
-15643
-1099
-15963
-1115
-16123
-1083
-16379
-1091
-16587
-987
-16875
-1043
-17083
-1059
-17323
-1035
-17563
-1035
-17835
-1091
-18147
-1115
-18299
-1091
-18611
-1075
-18859
-1347
549
-1305
-58
-1337
-262
-1226
-561
-1269
-843
-1300
-1007
-1231
-1265
-1289
-1574
-1290
-1796
-1313
-1931
-1333
-2222
-1309
-2419
-1287
-2753
-1323
-3025
-1337
-3163
-1331
-3451
-1251
-3679
-1221
-3929
-1335
-4201
-1279
-4449
-1215
-4559
-1335
-4931
-1327
-5163
-1319
-5295
-1347
-5591
-1251
-5871
-1315
-6023
-1283
-6319
-1227
-6499
-1311
-6855
-1243
-6995
-1311
-7203
-1219
-7471
-1299
-7727
-1263
-8039
-1303
-8171
-1243
-8519
-1319
-8659
-1239
-8891
-1251
-9119
-1227
-9403
-1315
-9683
-1323
-9891
-1331
-10115
-1331
-10411
-1323
-10619
-1307
-10859
-1323
-11115
-1227
-11339
-1331
-11571
-1355
-11891
-1307
-12075
-1331
-12291
-1323
-12531
-1259
-12803
-1347
-13115
-1283
-13275
-1275
-13507
-1331
-13779
-1339
-14043
-1299
-14299
-1235
-14523
-1275
-14699
-1267
-14979
-1259
-15195
-1347
-15491
-1355
-15627
-1307
-15931
-1347
-16147
-1235
-16427
-1347
-16603
-1315
-16859
-1347
-17163
-1299
-17315
-1331
-17595
-1323
-17851
-1283
-18123
-1315
-18315
-1275
-18635
-1299
-18843
-1499
237
-1557
-75
-1493
-247
-1559
-615
-1435
-735
-1451
-1001
-1587
-1321
-1507
-1515
-1545
-1715
-1523
-1949
-1495
-2267
-1543
-2531
-1457
-2633
-1485
-2901
-1579
-3129
-1543
-3451
-1545
-3631
-1531
-3929
-1563
-4159
-1569
-4431
-1565
-4687
-1483
-4903
-1535
-5119
-1583
-5283
-1475
-5611
-1543
-5811
-1523
-6083
-1531
-6299
-1511
-6551
-1503
-6795
-1559
-7083
-1551
-7327
-1563
-7579
-1531
-7683
-1579
-8047
-1563
-8283
-1555
-8503
-1467
-8663
-1515
-8963
-1475
-9235
-1579
-9491
-1571
-9747
-1499
-9899
-1595
-10235
-1587
-10411
-1595
-10683
-1587
-10851
-1595
-11179
-1587
-11379
-1587
-11595
-1547
-11875
-1547
-12059
-1483
-12267
-1547
-12539
-1515
-12827
-1507
-13075
-1547
-13339
-1595
-13587
-1523
-13763
-1539
-13947
-1539
-14275
-1523
-14451
-1491
-14723
-1571
-14971
-1499
-15187
-1579
-15499
-1555
-15731
-1587
-15987
-1475
-16171
-1539
-16363
-1475
-16651
-1467
-16947
-1515
-17067
-1571
-17419
-1467
-17587
-1571
-17875
-1579
-18123
-1467
-18331
-1475
-18531
-1523
-18859
-1807
1259
-1783
-151
-1797
-377
-1803
-491
-1759
-825
-1777
-1083
-1795
-1291
-1761
-1473
-1713
-1697
-1803
-1935
-1709
-2195
-1753
-2471
-1793
-2727
-1763
-2873
-1701
-3191
-1789
-3453
-1677
-3693
-1807
-3883
-1791
-4079
-1825
-4407
-1781
-4635
-1823
-4915
-1811
-5091
-1795
-5327
-1691
-5559
-1831
-5903
-1751
-6099
-1747
-6355
-1755
-6571
-1695
-6739
-1723
-6983
-1779
-7259
-1715
-7543
-1763
-7803
-1675
-8003
-1695
-8259
-1723
-8411
-1803
-8703
-1755
-9011
-1699
-9183
-1727
-9459
-1731
-9675
-1803
-9947
-1835
-10155
-1795
-10475
-1763
-10683
-1739
-10931
-1827
-11171
-1811
-11307
-1739
-11667
-1787
-11803
-1811
-12083
-1803
-12307
-1795
-12571
-1803
-12867
-1803
-13107
-1827
-13315
-1811
-13531
-1803
-13771
-1723
-14043
-1819
-14235
-1819
-14451
-1715
-14675
-1723
-15035
-1715
-15195
-1763
-15451
-1787
-15659
-1731
-15939
-1755
-16219
-1763
-16411
-1787
-16611
-1819
-16955
-1763
-17187
-1803
-17411
-1795
-17611
-1819
-17827
-1803
-18035
-1835
-18267
-1739
-18579
-1771
-18851
-2047
557
-1981
-43
-2025
-361
-2007
-571
-1993
-773
-1935
-1023
-2045
-1209
-1941
-1493
-1941
-1691
-1977
-2003
-1979
-2187
-2059
-2407
-2011
-2735
-1973
-3003
-2019
-3255
-2023
-3403
-1987
-3685
-2037
-3881
-2051
-4215
-2029
-4379
-1963
-4595
-1971
-4915
-2035
-5123
-1983
-5411
-2071
-5551
-2067
-5851
-1995
-6103
-1995
-6267
-2043
-6551
-2055
-6847
-1947
-7039
-2059
-7355
-1995
-7503
-2031
-7775
-2055
-7963
-1979
-8219
-1931
-8435
-2023
-8767
-2003
-8907
-2027
-9203
-1955
-9387
-2043
-9659
-2011
-9883
-1979
-10123
-2059
-10411
-2067
-10699
-2059
-10875
-2075
-11123
-1995
-11363
-2035
-11675
-1995
-11835
-2027
-12083
-2035
-12363
-2043
-12547
-2035
-12779
-2043
-13083
-1979
-13307
-2067
-13595
-2051
-13835
-2051
-14067
-2067
-14315
-2019
-14451
-1987
-14683
-2027
-14939
-2067
-15195
-1955
-15483
-2059
-15691
-2051
-15867
-1971
-16139
-2003
-16419
-2051
-16603
-2035
-16827
-1987
-17171
-2019
-17323
-1995
-17611
-2003
-17859
-1947
-18083
-2003
-18395
-1955
-18611
-2059
-18819
-2195
953
-2195
-141
-2285
-287
-2219
-537
-2207
-843
-2289
-1095
-2279
-1261
-2279
-1493
-2165
-1699
-2225
-1977
-2239
-2259
-2181
-2435
-2269
-2639
-2245
-2981
-2247
-3133
-2305
-3503
-2295
-3729
-2287
-3899
-2295
-4123
-2293
-4367
-2271
-4601
-2231
-4803
-2183
-5119
-2275
-5411
-2223
-5527
-2295
-5887
-2247
-5999
-2275
-6347
-2271
-6503
-2271
-6787
-2239
-6995
-2263
-7227
-2283
-7539
-2271
-7675
-2303
-8047
-2287
-8195
-2227
-8443
-2303
-8739
-2299
-8955
-2235
-9239
-2307
-9499
-2243
-9699
-2291
-9971
-2291
-10195
-2291
-10475
-2219
-10699
-2211
-10955
-2307
-11107
-2259
-11427
-2243
-11667
-2251
-11827
-2299
-12115
-2275
-12371
-2291
-12619
-2227
-12843
-2299
-13043
-2283
-13235
-2219
-13571
-2259
-13835
-2291
-14035
-2299
-14315
-2227
-14491
-2243
-14779
-2291
-14931
-2227
-15179
-2211
-15435
-2195
-15651
-2211
-15995
-2227
-16147
-2259
-16427
-2235
-16619
-2243
-16915
-2275
-17187
-2299
-17403
-2219
-17643
-2211
-17891
-2291
-18139
-2307
-18363
-2195
-18603
-2203
-18851
-2515
167
-2397
-71
-2449
-303
-2439
-483
-2499
-845
-2529
-1035
-2499
-1299
-2487
-1541
-2493
-1759
-2467
-2005
-2471
-2187
-2527
-2407
-2539
-2755
-2511
-2947
-2513
-3183
-2511
-3463
-2401
-3633
-2425
-3989
-2439
-4189
-2507
-4433
-2535
-4563
-2455
-4887
-2431
-5107
-2483
-5299
-2507
-5539
-2523
-5883
-2483
-6063
-2427
-6347
-2531
-6499
-2503
-6819
-2447
-7003
-2547
-7307
-2443
-7511
-2463
-7711
-2487
-7987
-2543
-8275
-2443
-8495
-2459
-8775
-2459
-8963
-2467
-9167
-2423
-9483
-2515
-9667
-2451
-9995
-2483
-10195
-2539
-10355
-2507
-10643
-2539
-10923
-2547
-11115
-2459
-11323
-2531
-11603
-2443
-11891
-2515
-12107
-2467
-12339
-2499
-12531
-2459
-12835
-2547
-13099
-2539
-13355
-2467
-13595
-2539
-13771
-2475
-13987
-2475
-14275
-2491
-14499
-2531
-14715
-2547
-14931
-2499
-15179
-2515
-15459
-2507
-15707
-2451
-15891
-2475
-16163
-2483
-16355
-2531
-16603
-2499
-16899
-2531
-17163
-2531
-17331
-2555
-17659
-2547
-17803
-2459
-18147
-2459
-18395
-2531
-18523
-2499
-18867
-2707
125
-2715
-131
-2735
-395
-2743
-535
-2695
-863
-2775
-1027
-2759
-1335
-2719
-1455
-2679
-1793
-2763
-2031
-2675
-2247
-2739
-2499
-2771
-2699
-2707
-3015
-2731
-3191
-2775
-3447
-2779
-3691
-2687
-3899
-2723
-4175
-2703
-4443
-2763
-4595
-2691
-4803
-2767
-5171
-2735
-5407
-2723
-5663
-2667
-5775
-2687
-6067
-2659
-6267
-2735
-6539
-2655
-6723
-2759
-7047
-2771
-7347
-2759
-7515
-2747
-7727
-2655
-8031
-2763
-8315
-2699
-8507
-2779
-8703
-2679
-8943
-2683
-9235
-2779
-9379
-2771
-9675
-2739
-9915
-2795
-10139
-2739
-10475
-2771
-10619
-2795
-10891
-2691
-11083
-2699
-11331
-2731
-11587
-2787
-11787
-2755
-12139
-2667
-12339
-2779
-12507
-2763
-12875
-2747
-13059
-2731
-13323
-2699
-13499
-2683
-13715
-2707
-13955
-2787
-14243
-2763
-14499
-2795
-14787
-2779
-15027
-2683
-15203
-2667
-15435
-2691
-15707
-2691
-15995
-2723
-16219
-2723
-16403
-2739
-16715
-2771
-16891
-2739
-17131
-2795
-17363
-2691
-17579
-2787
-17907
-2707
-18075
-2795
-18379
-2795
-18611
-2723
-18843
-2983
101
-2927
-111
-2995
-359
-2991
-507
-2883
-843
-2983
-979
-2927
-1223
-2979
-1499
-3027
-1707
-2971
-2031
-2995
-2175
-2883
-2431
-2983
-2751
-3007
-2919
-3011
-3215
-2983
-3467
-2959
-3723
-2923
-3863
-2979
-4183
-2959
-4439
-2947
-4603
-2903
-4811
-3027
-5163
-2927
-5351
-2995
-5547
-2903
-5827
-2971
-6143
-2975
-6343
-3015
-6507
-2991
-6859
-2979
-7067
-2927
-7283
-2999
-7467
-2963
-7727
-2963
-7979
-2967
-8207
-3015
-8467
-2927
-8667
-3007
-8971
-2907
-9231
-2995
-9499
-2907
-9755
-3027
-9995
-2979
-10163
-2971
-10467
-2963
-10691
-3035
-10899
-2931
-11179
-2963
-11379
-2931
-11675
-3035
-11827
-2963
-12035
-2963
-12315
-2939
-12579
-2979
-12747
-2987
-13043
-2939
-13227
-2955
-13499
-2931
-13731
-3035
-13995
-2907
-14307
-2995
-14523
-2931
-14699
-3019
-14995
-2939
-15267
-2939
-15475
-3027
-15659
-2947
-15883
-3035
-16147
-3019
-16427
-3003
-16683
-2939
-16883
-2915
-17195
-3019
-17347
-3035
-17659
-3011
-17891
-2923
-18083
-2931
-18371
-2955
-18571
-3019
-18867
-3243
125
-3227
-115
-3143
-375
-3135
-479
-3231
-747
-3275
-967
-3267
-1339
-3255
-1547
-3235
-1747
-3195
-2015
-3223
-2251
-3175
-2415
-3227
-2767
-3251
-3003
-3211
-3255
-3163
-3439
-3155
-3631
-3207
-3935
-3199
-4091
-3207
-4347
-3191
-4711
-3211
-4931
-3211
-5119
-3247
-5331
-3183
-5627
-3131
-5795
-3243
-6027
-3159
-6255
-3255
-6615
-3167
-6755
-3211
-7091
-3251
-7307
-3247
-7575
-3231
-7755
-3171
-7971
-3167
-8279
-3159
-8451
-3271
-8683
-3207
-8983
-3191
-9215
-3267
-9435
-3219
-9643
-3227
-9875
-3227
-10227
-3267
-10467
-3179
-10675
-3251
-10947
-3259
-11163
-3259
-11323
-3267
-11675
-3235
-11843
-3259
-12035
-3259
-12387
-3251
-12507
-3275
-12827
-3163
-13027
-3187
-13331
-3219
-13555
-3211
-13707
-3227
-13995
-3243
-14315
-3275
-14435
-3211
-14675
-3179
-15019
-3235
-15251
-3211
-15395
-3259
-15707
-3179
-15939
-3235
-16187
-3203
-16371
-3259
-16659
-3235
-16875
-3203
-17147
-3235
-17379
-3243
-17611
-3259
-17915
-3243
-18155
-3179
-18387
-3251
-18531
-3203
-18851
-3503
133
-3387
-43
-3435
-307
-3455
-615
-3503
-791
-3495
-995
-3467
-1223
-3467
-1531
-3355
-1779
-3463
-1975
-3475
-2179
-3491
-2443
-3387
-2759
-3503
-2923
-3363
-3247
-3387
-3491
-3399
-3747
-3495
-3879
-3463
-4151
-3479
-4467
-3435
-4615
-3487
-4939
-3475
-5067
-3387
-5327
-3363
-5611
-3479
-5895
-3383
-6131
-3423
-6375
-3475
-6567
-3503
-6863
-3495
-7071
-3467
-7307
-3455
-7507
-3467
-7767
-3387
-7943
-3447
-8207
-3471
-8487
-3443
-8683
-3463
-8947
-3423
-9183
-3451
-9475
-3507
-9667
-3443
-9915
-3499
-10131
-3491
-10443
-3483
-10667
-3459
-10867
-3427
-11147
-3387
-11331
-3475
-11571
-3395
-11851
-3515
-12155
-3499
-12307
-3483
-12555
-3515
-12763
-3467
-13115
-3499
-13227
-3499
-13587
-3515
-13755
-3491
-14051
-3443
-14291
-3467
-14531
-3483
-14731
-3491
-14995
-3411
-15227
-3483
-15467
-3507
-15643
-3515
-15955
-3395
-16187
-3483
-16459
-3467
-16619
-3475
-16883
-3411
-17171
-3459
-17395
-3427
-17547
-3491
-17803
-3427
-18067
-3515
-18315
-3467
-18539
-3507
-18819
-3699
141
-3695
-135
-3735
-367
-3719
-515
-3659
-787
-3747
-1067
-3691
-1331
-3727
-1539
-3711
-1775
-3723
-2055
-3635
-2307
-3675
-2511
-3635
-2751
-3731
-2983
-3735
-3195
-3643
-3491
-3703
-3719
-3595
-3867
-3715
-4091
-3715
-4447
-3735
-4595
-3667
-4903
-3715
-5139
-3639
-5359
-3715
-5603
-3755
-5775
-3623
-6067
-3635
-6279
-3675
-6527
-3687
-6811
-3707
-7095
-3719
-7255
-3655
-7579
-3655
-7707
-3643
-8003
-3679
-8219
-3631
-8463
-3699
-8683
-3735
-8987
-3643
-9191
-3699
-9447
-3747
-9627
-3707
-9931
-3747
-10187
-3731
-10475
-3643
-10683
-3715
-10843
-3747
-11155
-3747
-11339
-3755
-11619
-3723
-11875
-3707
-12035
-3715
-12371
-3651
-12611
-3747
-12875
-3707
-13003
-3627
-13339
-3643
-13467
-3715
-13787
-3747
-13963
-3731
-14267
-3739
-14539
-3731
-14731
-3651
-14955
-3755
-15155
-3683
-15411
-3651
-15635
-3635
-15899
-3715
-16155
-3723
-16379
-3755
-16635
-3747
-16955
-3731
-17187
-3651
-17379
-3659
-17595
-3675
-17835
-3699
-18067
-3739
-18371
-3667
-18587
-3699
-18835
-3891
101
-3911
-75
-3979
-299
-3955
-595
-3959
-851
-3879
-967
-3847
-1283
-3967
-1515
-3895
-1815
-3959
-2015
-3931
-2203
-3959
-2479
-3967
-2671
-3947
-2967
-3923
-3255
-3971
-3423
-3983
-3699
-3963
-3919
-3891
-4187
-3907
-4451
-3919
-4567
-3951
-4879
-3855
-5139
-3959
-5307
-3895
-5607
-3927
-5803
-3931
-6115
-3859
-6315
-3927
-6579
-3967
-6803
-3947
-7071
-3939
-7211
-3979
-7519
-3963
-7711
-3943
-7971
-3855
-8211
-3931
-8511
-3915
-8663
-3871
-8967
-3903
-9199
-3923
-9491
-3915
-9731
-3971
-9939
-3963
-10203
-3931
-10379
-3995
-10603
-3971
-10891
-3971
-11195
-3923
-11419
-3971
-11603
-3931
-11859
-3971
-12115
-3923
-12275
-3955
-12619
-3995
-12875
-3971
-13067
-3987
-13323
-3867
-13467
-3899
-13819
-3947
-14067
-3987
-14283
-3931
-14547
-3987
-14763
-3947
-14931
-3963
-15147
-3883
-15499
-3971
-15747
-3979
-15963
-3963
-16115
-3939
-16355
-3923
-16651
-3971
-16867
-3987
-17131
-3939
-17331
-3939
-17595
-3955
-17843
-3987
-18131
-3899
-18347
-3907
-18571
-3987
-18843
-4143
85
-4091
-47
-4227
-263
-4163
-635
-4199
-795
-4107
-1091
-4135
-1335
-4167
-1491
-4131
-1691
-4191
-2055
-4195
-2251
-4179
-2471
-4219
-2719
-4203
-2931
-4199
-3251
-4143
-3423
-4219
-3611
-4235
-3931
-4127
-4151
-4139
-4415
-4115
-4671
-4211
-4915
-4215
-5195
-4119
-5331
-4135
-5647
-4103
-5823
-4163
-6099
-4199
-6319
-4199
-6603
-4107
-6779
-4099
-6983
-4203
-7239
-4191
-7535
-4123
-7711
-4135
-7939
-4183
-8247
-4139
-8431
-4115
-8691
-4167
-8939
-4211
-9131
-4155
-9499
-4235
-9723
-4195
-9979
-4115
-10139
-4163
-10475
-4139
-10715
-4235
-10827
-4107
-11091
-4155
-11427
-4195
-11667
-4219
-11827
-4235
-12147
-4107
-12315
-4115
-12531
-4179
-12867
-4155
-13059
-4139
-13323
-4163
-13539
-4211
-13715
-4179
-14027
-4131
-14243
-4235
-14523
-4235
-14683
-4195
-14987
-4227
-15211
-4227
-15419
-4235
-15627
-4235
-15867
-4235
-16187
-4171
-16467
-4155
-16659
-4227
-16891
-4131
-17187
-4187
-17427
-4195
-17555
-4139
-17915
-4195
-18107
-4211
-18307
-4235
-18539
-4163
-18827
-4395
101
-4459
-67
-4427
-275
-4411
-559
-4447
-751
-4419
-1003
-4403
-1303
-4387
-1471
-4391
-1807
-4399
-2007
-4419
-2299
-4383
-2419
-4435
-2715
-4387
-2875
-4383
-3247
-4395
-3415
-4455
-3691
-4447
-3903
-4455
-4219
-4439
-4403
-4411
-4651
-4395
-4883
-4347
-5091
-4331
-5395
-4351
-5627
-4379
-5835
-4387
-6083
-4339
-6291
-4395
-6483
-4371
-6835
-4367
-7051
-4423
-7271
-4403
-7539
-4415
-7791
-4471
-8035
-4375
-8295
-4335
-8439
-4375
-8679
-4415
-8903
-4379
-9243
-4379
-9499
-4387
-9627
-4475
-9987
-4467
-10123
-4451
-10443
-4443
-10595
-4459
-10947
-4395
-11195
-4403
-11371
-4395
-11651
-4443
-11899
-4403
-12123
-4443
-12371
-4427
-12531
-4459
-12835
-4419
-13091
-4395
-13275
-4443
-13499
-4475
-13779
-4467
-14059
-4411
-14235
-4435
-14547
-4411
-14795
-4475
-15027
-4459
-15251
-4347
-15491
-4427
-15659
-4387
-15867
-4379
-16219
-4459
-16443
-4387
-16611
-4411
-16907
-4395
-17187
-4395
-17379
-4475
-17651
-4403
-17827
-4467
-18155
-4371
-18275
-4459
-18635
-4403
-18827
-4639
101
-4619
-123
-4655
-323
-4651
-623
-4571
-803
-4619
-979
-4651
-1315
-4675
-1527
-4691
-1707
-4707
-1951
-4559
-2223
-4631
-2463
-4647
-2723
-4619
-2979
-4583
-3143
-4687
-3467
-4631
-3655
-4611
-3919
-4675
-4143
-4655
-4415
-4639
-4619
-4627
-4827
-4639
-5135
-4631
-5367
-4643
-5599
-4647
-5795
-4659
-6051
-4683
-6279
-4583
-6587
-4643
-6807
-4591
-7079
-4647
-7195
-4615
-7507
-4639
-7751
-4619
-7987
-4699
-8259
-4659
-8531
-4603
-8771
-4607
-8939
-4671
-9147
-4675
-9483
-4667
-9667
-4643
-9939
-4643
-10171
-4627
-10379
-4715
-10667
-4683
-10883
-4651
-11107
-4683
-11355
-4691
-11555
-4643
-11835
-4659
-12051
-4603
-12395
-4691
-12571
-4611
-12763
-4715
-13035
-4651
-13315
-4659
-13523
-4643
-13819
-4715
-13971
-4659
-14275
-4619
-14483
-4659
-14747
-4699
-14955
-4627
-15179
-4643
-15491
-4715
-15667
-4603
-15867
-4651
-16219
-4715
-16467
-4651
-16635
-4667
-16947
-4675
-17195
-4683
-17307
-4683
-17659
-4595
-17835
-4667
-18027
-4675
-18307
-4715
-18619
-4683
-18867
-4915
125
-4859
-131
-4895
-363
-4907
-595
-4799
-803
-4915
-991
-4907
-1323
-4955
-1531
-4835
-1823
-4911
-2007
-4871
-2251
-4879
-2459
-4927
-2759
-4955
-2907
-4931
-3135
-4935
-3399
-4807
-3603
-4887
-3959
-4811
-4175
-4851
-4375
-4835
-4675
-4927
-4843
-4915
-5135
-4939
-5399
-4935
-5603
-4919
-5791
-4931
-6071
-4859
-6355
-4891
-6507
-4843
-6747
-4935
-7007
-4907
-7275
-4899
-7555
-4835
-7767
-4855
-7983
-4927
-8251
-4799
-8503
-4895
-8723
-4859
-8987
-4931
-9227
-4867
-9419
-4907
-9723
-4907
-9883
-4955
-10115
-4915
-10475
-4907
-10699
-4899
-10915
-4923
-11187
-4899
-11363
-4851
-11595
-4907
-11875
-4891
-12059
-4923
-12331
-4931
-12555
-4891
-12875
-4939
-12987
-4851
-13315
-4923
-13555
-4899
-13803
-4947
-13987
-4923
-14315
-4915
-14491
-4899
-14723
-4899
-14915
-4907
-15227
-4955
-15395
-4891
-15683
-4947
-15987
-4923
-16107
-4931
-16403
-4939
-16627
-4939
-16843
-4851
-17195
-4931
-17355
-4931
-17659
-4899
-17851
-4939
-18131
-4843
-18291
-4835
-18587
-4939
-18875
-5099
109
-5155
-27
-5083
-331
-5171
-555
-5131
-771
-5183
-1043
-5107
-1235
-5123
-1483
-5135
-1799
-5115
-1971
-5067
-2271
-5131
-2511
-5135
-2683
-5079
-2947
-5099
-3227
-5091
-3435
-5139
-3639
-5155
-3931
-5059
-4199
-5087
-4347
-5167
-4627
-5063
-4851
-5079
-5111
-5135
-5387
-5147
-5635
-5151
-5831
-5063
-6091
-5155
-6251
-5171
-6635
-5115
-6851
-5059
-7087
-5139
-7299
-5155
-7523
-5131
-7791
-5047
-7963
-5159
-8231
-5131
-8487
-5087
-8707
-5099
-8919
-5091
-9167
-5055
-9471
-5171
-9643
-5187
-9915
-5163
-10107
-5163
-10427
-5179
-10587
-5139
-10851
-5171
-11099
-5187
-11395
-5155
-11659
-5107
-11835
-5195
-12147
-5155
-12387
-5163
-12507
-5195
-12819
-5179
-13083
-5187
-13235
-5091
-13547
-5099
-13811
-5163
-14059
-5083
-14259
-5115
-14483
-5107
-14715
-5139
-14947
-5139
-15147
-5107
-15387
-5179
-15707
-5123
-15931
-5075
-16219
-5075
-16411
-5107
-16635
-5163
-16867
-5115
-17123
-5091
-17307
-5163
-17659
-5091
-17859
-5131
-18051
-5155
-18395
-5171
-18595
-5131
-18851
-5307
85
-5419
-123
-5363
-287
-5371
-599
-5427
-787
-5387
-1051
-5411
-1323
-5395
-1539
-5411
-1715
-5427
-1979
-5395
-2227
-5387
-2511
-5427
-2771
-5331
-2903
-5427
-3163
-5395
-3451
-5435
-3723
-5403
-3995
-5395
-4103
-5427
-4355
-5411
-4715
-5419
-4843
-5435
-5163
-5379
-5315
-5411
-5603
-5347
-5859
-5403
-6123
-5427
-6275
-5387
-6627
-5371
-6827
-5427
-7043
-5363
-7211
-5435
-7571
-5411
-7715
-5411
-8075
-5379
-8283
-5379
-8471
-5403
-8683
-5411
-8963
-5387
-9183
-5347
-9375
-5411
-9643
-5323
-9955
-5435
-10227
-5395
-10419
-5435
-10659
-5419
-10875
-5355
-11139
-5379
-11395
-5379
-11619
-5411
-11891
-5387
-12115
-5419
-12331
-5331
-12539
-5435
-12763
-5323
-13083
-5411
-13243
-5387
-13547
-5371
-13747
-5403
-14075
-5435
-14211
-5371
-14555
-5419
-14667
-5363
-14971
-5347
-15235
-5307
-15403
-5355
-15723
-5427
-15939
-5435
-16211
-5355
-16475
-5379
-16675
-5419
-16947
-5355
-17099
-5395
-17339
-5403
-17579
-5339
-17835
-5395
-18131
-5427
-18339
-5307
-18507
-5331
-18811
-5659
141
-5667
-99
-5651
-387
-5651
-571
-5603
-843
-5619
-1115
-5579
-1315
-5651
-1475
-5619
-1795
-5611
-2059
-5587
-2259
-5563
-2427
-5667
-2763
-5595
-2987
-5619
-3171
-5555
-3403
-5563
-3643
-5587
-3915
-5635
-4123
-5571
-4371
-5675
-4643
-5659
-4835
-5587
-5107
-5667
-5323
-5571
-5579
-5675
-5827
-5587
-6131
-5587
-6371
-5635
-6619
-5595
-6795
-5675
-7059
-5619
-7315
-5587
-7467
-5579
-7827
-5555
-7947
-5587
-8227
-5635
-8467
-5635
-8747
-5675
-8923
-5579
-9195
-5635
-9387
-5603
-9731
-5587
-9891
-5587
-10115
-5675
-10427
-5675
-10691
-5675
-10835
-5563
-11155
-5603
-11419
-5659
-11595
-5619
-11835
-5659
-12115
-5659
-12267
-5555
-12611
-5619
-12835
-5651
-13067
-5587
-13259
-5635
-13531
-5587
-13803
-5675
-14043
-5555
-14267
-5675
-14523
-5627
-14715
-5675
-14931
-5667
-15195
-5595
-15515
-5643
-15755
-5659
-15899
-5587
-16203
-5659
-16395
-5619
-16611
-5667
-16883
-5651
-17107
-5619
-17323
-5627
-17635
-5667
-17795
-5675
-18035
-5643
-18347
-5659
-18563
-5579
-18875
-5867
93
-5891
-123
-5811
-355
-5851
-587
-5891
-803
-5811
-1067
-5851
-1291
-5899
-1555
-5835
-1739
-5819
-2059
-5827
-2307
-5843
-2459
-5811
-2691
-5883
-2971
-5891
-3163
-5875
-3499
-5891
-3651
-5787
-3939
-5899
-4203
-5891
-4451
-5851
-4699
-5827
-4843
-5835
-5163
-5875
-5323
-5883
-5603
-5867
-5907
-5891
-6075
-5891
-6379
-5843
-6515
-5859
-6835
-5891
-7107
-5851
-7267
-5891
-7555
-5819
-7723
-5827
-8035
-5827
-8187
-5915
-8555
-5875
-8739
-5795
-8907
-5891
-9259
-5891
-9475
-5891
-9659
-5859
-9915
-5875
-10163
-5803
-10467
-5835
-10619
-5843
-10867
-5859
-11115
-5899
-11427
-5883
-11587
-5787
-11883
-5907
-12059
-5851
-12379
-5803
-12579
-5883
-12755
-5859
-13019
-5883
-13267
-5811
-13491
-5819
-13755
-5867
-14059
-5907
-14307
-5915
-14427
-5899
-14747
-5787
-15003
-5915
-15187
-5851
-15419
-5875
-15659
-5835
-15891
-5811
-16131
-5859
-16403
-5875
-16699
-5883
-16899
-5899
-17155
-5787
-17323
-5899
-17547
-5787
-17787
-5891
-18051
-5899
-18355
-5891
-18579
-5859
-18875
-6075
125
-6035
-59
-6107
-307
-6115
-611
-6051
-771
-6035
-1091
-6115
-1291
-6107
-1587
-6139
-1747
-6099
-1955
-6107
-2195
-6123
-2539
-6115
-2667
-6115
-2955
-6067
-3163
-6131
-3459
-6139
-3755
-6139
-3931
-6051
-4115
-6107
-4403
-6155
-4643
-6147
-4939
-6147
-5075
-6147
-5395
-6043
-5643
-6131
-5859
-6131
-6059
-6059
-6315
-6155
-6611
-6155
-6843
-6139
-7075
-6131
-7299
-6115
-7507
-6115
-7771
-6155
-7947
-6115
-8291
-6067
-8483
-6051
-8691
-6075
-8939
-6083
-9227
-6123
-9507
-6147
-9691
-6115
-9947
-6147
-10147
-6107
-10427
-6155
-10595
-6043
-10843
-6059
-11155
-6083
-11347
-6043
-11635
-6083
-11859
-6099
-12131
-6123
-12323
-6075
-12507
-6091
-12787
-6107
-13075
-6131
-13251
-6155
-13467
-6155
-13755
-6139
-13979
-6131
-14219
-6091
-14539
-6083
-14675
-6139
-14971
-6107
-15259
-6083
-15467
-6027
-15667
-6075
-15971
-6139
-16187
-6051
-16411
-6155
-16627
-6043
-16899
-6123
-17131
-6155
-17347
-6123
-17555
-6099
-17899
-6131
-18123
-6147
-18267
-6091
-18627
-6131
-18851
-6323
85
-6291
-75
-6283
-371
-6363
-603
-6363
-811
-6347
-1027
-6355
-1307
-6291
-1523
-6387
-1811
-6371
-2035
-6275
-2251
-6355
-2539
-6363
-2699
-6387
-2963
-6395
-3171
-6339
-3507
-6331
-3691
-6307
-3931
-6387
-4115
-6315
-4467
-6347
-4659
-6355
-4843
-6395
-5067
-6299
-5411
-6307
-5563
-6379
-5891
-6339
-6059
-6299
-6283
-6275
-6531
-6347
-6771
-6347
-7115
-6267
-7355
-6331
-7571
-6275
-7771
-6339
-8051
-6379
-8307
-6331
-8499
-6371
-8731
-6331
-9027
-6299
-9211
-6339
-9467
-6307
-9707
-6275
-9867
-6387
-10115
-6315
-10355
-6387
-10667
-6331
-10875
-6331
-11147
-6299
-11403
-6315
-11635
-6387
-11867
-6379
-12027
-6355
-12339
-6347
-12515
-6315
-12747
-6267
-13099
-6315
-13315
-6355
-13579
-6339
-13755
-6299
-14019
-6379
-14307
-6315
-14547
-6347
-14795
-6299
-14955
-6307
-15195
-6347
-15395
-6387
-15659
-6387
-15955
-6275
-16179
-6371
-16467
-6379
-16683
-6371
-16827
-6387
-17115
-6395
-17323
-6387
-17571
-6347
-17867
-6323
-18139
-6363
-18299
-6267
-18531
-6307
-18851
-6587
101
-6595
-75
-6627
-267
-6587
-603
-6587
-835
-6555
-1003
-6555
-1299
-6595
-1555
-6627
-1803
-6635
-2043
-6611
-2219
-6587
-2459
-6603
-2723
-6531
-2923
-6611
-3243
-6627
-3427
-6619
-3635
-6611
-3939
-6627
-4203
-6579
-4451
-6611
-4611
-6627
-4851
-6619
-5107
-6515
-5323
-6603
-5571
-6563
-5907
-6595
-6043
-6563
-6299
-6563
-6507
-6571
-6843
-6635
-7043
-6595
-7267
-6595
-7563
-6635
-7715
-6571
-8035
-6603
-8315
-6563
-8515
-6515
-8675
-6571
-9027
-6539
-9219
-6555
-9491
-6571
-9651
-6523
-9891
-6563
-10123
-6579
-10355
-6531
-10611
-6587
-10915
-6547
-11099
-6555
-11315
-6531
-11571
-6515
-11875
-6587
-12131
-6603
-12323
-6507
-12611
-6563
-12779
-6627
-13099
-6635
-13299
-6563
-13499
-6619
-13795
-6619
-13971
-6579
-14227
-6635
-14523
-6563
-14771
-6635
-14995
-6507
-15227
-6619
-15419
-6603
-15683
-6571
-15915
-6571
-16139
-6619
-16475
-6603
-16715
-6579
-16827
-6531
-17155
-6547
-17363
-6579
-17611
-6563
-17843
-6635
-18075
-6515
-18355
-6523
-18635
-6595
-18867
-6875
93
-6755
-51
-6803
-299
-6843
-579
-6819
-859
-6803
-1027
-6771
-1339
-6771
-1531
-6875
-1787
-6851
-1947
-6827
-2283
-6827
-2539
-6843
-2675
-6859
-2931
-6867
-3163
-6819
-3387
-6851
-3723
-6859
-3947
-6803
-4147
-6755
-4355
-6827
-4643
-6827
-4859
-6827
-5091
-6811
-5363
-6851
-5675
-6795
-5891
-6867
-6067
-6843
-6363
-6747
-6627
-6867
-6763
-6819
-7043
-6771
-7259
-6875
-7579
-6851
-7827
-6795
-8003
-6875
-8243
-6835
-8427
-6763
-8747
-6867
-9003
-6843
-9155
-6755
-9515
-6875
-9731
-6787
-9971
-6803
-10195
-6851
-10395
-6803
-10587
-6851
-10859
-6859
-11171
-6819
-11427
-6875
-11675
-6867
-11843
-6835
-12035
-6851
-12363
-6859
-12611
-6819
-12763
-6827
-13107
-6819
-13291
-6843
-13539
-6811
-13803
-6811
-13979
-6755
-14307
-6747
-14491
-6755
-14779
-6747
-15035
-6771
-15227
-6843
-15419
-6875
-15699
-6875
-15923
-6859
-16171
-6843
-16419
-6859
-16715
-6779
-16867
-6779
-17107
-6755
-17323
-6859
-17603
-6867
-17915
-6875
-18099
-6875
-18379
-6787
-18635
-6811
-18811
-7011
133
-7059
-67
-7035
-323
-7083
-563
-7091
-835
-7091
-1059
-7043
-1235
-7075
-1539
-7075
-1819
-7075
-2075
-7059
-2251
-7035
-2547
-7011
-2787
-7107
-2971
-7075
-3243
-7075
-3475
-7027
-3683
-7027
-3995
-7067
-4139
-7011
-4475
-7083
-4691
-7075
-4867
-7003
-5091
-7107
-5427
-7107
-5659
-7043
-5875
-6987
-6091
-7027
-6315
-7051
-6507
-7091
-6875
-7091
-7067
-7091
-7347
-7107
-7515
-7083
-7795
-7035
-7947
-7107
-8187
-7091
-8443
-6995
-8739
-7107
-8971
-7091
-9179
-7035
-9499
-6987
-9723
-7099
-9883
-7059
-10123
-7115
-10411
-7091
-10667
-7115
-10923
-7043
-11083
-7067
-11323
-7083
-11643
-7115
-11835
-7011
-12131
-7075
-12323
-7035
-12603
-7051
-12747
-7059
-13083
-7083
-13259
-7075
-13523
-7107
-13771
-6987
-14003
-7115
-14275
-7067
-14523
-7107
-14755
-7075
-15003
-7075
-15179
-7091
-15435
-7075
-15699
-7091
-15971
-7075
-16147
-7107
-16419
-7019
-16643
-7083
-16899
-7067
-17171
-7027
-17435
-7075
-17555
-7027
-17803
-7107
-18099
-7091
-18307
-7035
-18635
-7011
-18867
-7299
93
-7331
-35
-7331
-275
-7227
-619
-7275
-835
-7355
-1011
-7315
-1299
-7251
-1571
-7299
-1803
-7251
-2067
-7307
-2235
-7347
-2547
-7315
-2715
-7347
-2987
-7267
-3227
-7299
-3387
-7235
-3715
-7347
-3955
-7291
-4211
-7355
-4371
-7355
-4619
-7307
-4947
-7307
-5147
-7331
-5307
-7291
-5547
-7235
-5875
-7291
-6139
-7339
-6387
-7347
-6619
-7243
-6763
-7291
-6995
-7291
-7355
-7259
-7483
-7291
-7739
-7243
-8043
-7339
-8235
-7299
-8515
-7323
-8731
-7331
-8987
-7267
-9155
-7347
-9435
-7283
-9627
-7347
-9915
-7243
-10147
-7355
-10411
-7291
-10667
-7259
-10955
-7339
-11155
-7331
-11323
-7275
-11579
-7259
-11827
-7331
-12083
-7339
-12307
-7259
-12547
-7355
-12859
-7355
-13075
-7347
-13259
-7323
-13483
-7235
-13747
-7315
-13995
-7323
-14219
-7275
-14515
-7339
-14699
-7347
-14923
-7283
-15171
-7339
-15387
-7355
-15683
-7355
-15891
-7299
-16219
-7227
-16403
-7339
-16667
-7347
-16859
-7291
-17115
-7331
-17371
-7235
-17603
-7355
-17891
-7315
-18099
-7339
-18283
-7323
-18579
-7347
-18843
-7491
109
-7539
-131
-7579
-299
-7491
-635
-7475
-803
-7587
-1099
-7555
-1275
-7491
-1475
-7571
-1731
-7571
-1987
-7499
-2227
-7515
-2547
-7563
-2675
-7579
-3027
-7475
-3211
-7539
-3395
-7531
-3691
-7547
-3907
-7587
-4115
-7523
-4395
-7499
-4715
-7555
-4843
-7547
-5195
-7547
-5427
-7531
-5595
-7515
-5851
-7523
-6067
-7475
-6315
-7563
-6603
-7515
-6819
-7555
-7027
-7539
-7227
-7579
-7523
-7531
-7779
-7491
-8035
-7555
-8211
-7595
-8539
-7595
-8707
-7579
-8923
-7499
-9203
-7595
-9515
-7579
-9731
-7587
-9899
-7547
-10171
-7595
-10355
-7563
-10651
-7483
-10859
-7475
-11131
-7547
-11435
-7515
-11595
-7587
-11819
-7523
-12083
-7531
-12283
-7595
-12627
-7531
-12787
-7483
-13115
-7587
-13315
-7531
-13563
-7491
-13755
-7587
-14067
-7531
-14275
-7555
-14491
-7563
-14763
-7579
-14923
-7539
-15235
-7547
-15411
-7531
-15707
-7539
-15915
-7515
-16211
-7555
-16379
-7563
-16715
-7595
-16867
-7507
-17091
-7595
-17355
-7571
-17675
-7515
-17859
-7587
-18155
-7475
-18387
-7531
-18619
-7547
-18875
-7787
133
-7747
-115
-7755
-339
-7731
-515
-7795
-867
-7795
-1091
-7827
-1315
-7827
-1491
-7803
-1715
-7771
-1987
-7835
-2259
-7779
-2523
-7835
-2779
-7747
-3003
-7707
-3155
-7795
-3483
-7723
-3683
-7819
-3955
-7731
-4235
-7811
-4395
-7771
-4651
-7763
-4867
-7827
-5099
-7803
-5339
-7819
-5595
-7739
-5891
-7739
-6059
-7827
-6323
-7715
-6563
-7827
-6747
-7779
-7075
-7819
-7243
-7835
-7571
-7795
-7731
-7803
-7947
-7779
-8315
-7803
-8531
-7723
-8771
-7827
-8963
-7795
-9147
-7803
-9475
-7787
-9683
-7755
-9867
-7811
-10179
-7787
-10411
-7795
-10587
-7835
-10867
-7723
-11067
-7795
-11347
-7755
-11563
-7715
-11851
-7787
-12051
-7731
-12395
-7723
-12539
-7787
-12771
-7819
-13099
-7787
-13291
-7795
-13547
-7803
-13827
-7723
-13987
-7795
-14259
-7819
-14475
-7835
-14787
-7771
-14995
-7811
-15219
-7803
-15427
-7811
-15651
-7835
-15883
-7747
-16219
-7787
-16347
-7731
-16707
-7747
-16899
-7763
-17163
-7795
-17403
-7747
-17611
-7803
-17851
-7835
-18107
-7827
-18291
-7763
-18507
-7731
-18851
-8075
125
-8011
-75
-8059
-347
-8003
-531
-8051
-763
-7995
-1075
-8067
-1243
-8051
-1515
-7995
-1723
-8043
-2003
-7963
-2251
-8051
-2499
-8075
-2715
-8043
-2995
-8075
-3235
-8075
-3395
-8027
-3659
-8043
-3883
-8035
-4227
-8067
-4443
-8075
-4595
-8011
-4883
-8011
-5171
-8067
-5363
-8067
-5659
-7963
-5819
-8067
-6059
-7963
-6307
-7987
-6635
-8019
-6787
-8035
-6987
-7979
-7235
-8027
-7483
-8067
-7819
-8027
-8059
-8011
-8291
-8075
-8523
-7987
-8755
-8035
-8915
-8059
-9147
-8075
-9507
-8075
-9723
-8051
-9979
-7971
-10155
-8011
-10395
-8067
-10707
-8019
-10899
-8027
-11075
-8067
-11363
-8003
-11579
-8019
-11875
-8059
-12131
-7987
-12299
-7979
-12587
-8011
-12867
-8059
-13043
-8075
-13243
-8067
-13587
-7979
-13731
-7987
-14011
-8075
-14187
-7963
-14507
-8035
-14787
-7995
-14963
-8051
-15251
-8059
-15427
-7971
-15739
-8067
-15931
-8059
-16219
-8027
-16363
-7987
-16683
-8059
-16851
-8051
-17091
-8043
-17379
-8067
-17635
-8043
-17867
-7963
-18123
-7979
-18395
-8011
-18555
-8003
-18811
-8283
109
-8291
-51
-8291
-387
-8211
-555
-8243
-795
-8259
-1099
-8307
-1347
-8283
-1491
-8195
-1779
-8267
-1979
-8267
-2187
-8283
-2475
-8235
-2723
-8211
-2979
-8211
-3235
-8291
-3507
-8291
-3691
-8251
-3899
-8243
-4155
-8267
-4459
-8267
-4675
-8195
-4859
-8195
-5147
-8243
-5403
-8259
-5603
-8315
-5899
-8275
-6043
-8267
-6347
-8315
-6635
-8267
-6763
-8275
-7083
-8299
-7323
-8283
-7499
-8307
-7763
-8307
-8027
-8211
-8195
-8219
-8459
-8283
-8723
-8315
-9027
-8187
-9163
-8283
-9467
-8219
-9699
-8187
-9955
-8259
-10195
-8315
-10379
-8315
-10627
-8283
-10907
-8235
-11107
-8251
-11379
-8275
-11563
-8291
-11803
-8211
-12139
-8315
-12331
-8267
-12547
-8259
-12787
-8307
-12995
-8283
-13243
-8307
-13483
-8259
-13731
-8227
-14067
-8243
-14219
-8259
-14547
-8259
-14747
-8283
-14971
-8299
-15163
-8187
-15467
-8203
-15643
-8195
-15923
-8275
-16155
-8307
-16427
-8203
-16651
-8259
-16843
-8315
-17147
-8283
-17331
-8291
-17651
-8211
-17851
-8235
-18075
-8291
-18387
-8243
-18555
-8267
-18867
-8499
141
-8467
-131
-8547
-371
-8523
-587
-8499
-795
-8451
-1059
-8547
-1251
-8507
-1491
-8531
-1779
-8523
-1987
-8499
-2259
-8539
-2555
-8515
-2723
-8483
-2947
-8547
-3219
-8467
-3467
-8523
-3627
-8547
-3955
-8443
-4147
-8539
-4435
-8451
-4635
-8539
-4883
-8491
-5075
-8547
-5435
-8475
-5579
-8451
-5867
-8523
-6067
-8483
-6387
-8459
-6627
-8491
-6819
-8499
-7043
-8491
-7235
-8491
-7539
-8459
-7723
-8483
-7995
-8507
-8259
-8531
-8427
-8451
-8795
-8459
-8955
-8467
-9251
-8555
-9419
-8507
-9699
-8555
-9971
-8531
-10107
-8427
-10347
-8515
-10667
-8515
-10947
-8507
-11179
-8515
-11363
-8491
-11611
-8547
-11803
-8555
-12099
-8507
-12307
-8499
-12563
-8515
-12867
-8547
-13019
-8435
-13323
-8523
-13547
-8523
-13723
-8523
-13971
-8555
-14291
-8443
-14491
-8467
-14739
-8555
-14955
-8547
-15187
-8499
-15475
-8547
-15691
-8515
-15899
-8515
-16187
-8555
-16363
-8451
-16635
-8507
-16867
-8531
-17139
-8491
-17387
-8467
-17659
-8531
-17795
-8507
-18067
-8555
-18291
-8523
-18515
-8515
-18819
-8675
149
-8795
-75
-8715
-331
-8675
-603
-8739
-827
-8771
-1059
-8795
-1339
-8779
-1523
-8795
-1707
-8667
-2011
-8795
-2299
-8723
-2499
-8723
-2779
-8763
-2971
-8787
-3203
-8675
-3491
-8723
-3731
-8747
-3891
-8683
-4195
-8771
-4355
-8683
-4587
-8699
-4931
-8683
-5107
-8779
-5315
-8763
-5659
-8675
-5835
-8739
-6155
-8667
-6371
-8667
-6563
-8779
-6795
-8787
-7027
-8731
-7315
-8787
-7531
-8779
-7819
-8787
-7979
-8763
-8315
-8747
-8539
-8787
-8723
-8779
-9003
-8699
-9251
-8707
-9467
-8771
-9707
-8787
-9987
-8795
-10219
-8747
-10427
-8755
-10675
-8795
-10931
-8755
-11179
-8779
-11323
-8787
-11587
-8771
-11875
-8779
-12147
-8795
-12267
-8787
-12619
-8755
-12763
-8795
-13051
-8731
-13259
-8779
-13579
-8795
-13819
-8707
-13963
-8707
-14267
-8771
-14507
-8747
-14675
-8763
-14915
-8723
-15171
-8755
-15411
-8683
-15707
-8739
-15867
-8795
-16123
-8747
-16467
-8755
-16643
-8707
-16923
-8787
-17123
-8675
-17371
-8707
-17555
-8787
-17859
-8747
-18043
-8779
-18307
-8787
-18563
-8771
-18851
-8995
149
-8963
-51
-9035
-331
-9011
-555
-8939
-811
-9011
-1027
-8955
-1283
-8963
-1507
-8987
-1763
-8947
-2059
-9035
-2195
-8931
-2531
-8947
-2675
-8995
-2907
-9011
-3171
-9019
-3387
-8947
-3691
-8955
-3971
-9035
-4155
-8995
-4459
-8979
-4715
-9019
-4891
-8907
-5083
-8971
-5331
-9019
-5579
-8971
-5851
-8979
-6123
-9027
-6347
-9003
-6619
-9011
-6747
-8971
-7067
-8939
-7347
-9035
-7467
-8931
-7811
-9035
-8059
-9019
-8195
-8963
-8531
-9027
-8771
-8979
-8931
-8939
-9235
-8931
-9419
-8971
-9627
-9003
-9971
-9011
-10179
-8923
-10419
-8955
-10683
-9019
-10827
-9019
-11179
-9019
-11387
-9019
-11643
-9019
-11915
-8907
-12075
-8963
-12339
-8955
-12571
-8971
-12827
-9027
-13011
-8939
-13251
-8939
-13467
-8939
-13803
-9003
-14019
-8995
-14243
-8987
-14555
-9027
-14755
-8963
-14979
-8963
-15211
-8955
-15459
-9027
-15707
-8987
-15915
-9035
-16171
-9027
-16475
-8995
-16611
-8947
-16947
-8947
-17115
-9019
-17355
-9019
-17611
-9027
-17851
-9035
-18043
-8987
-18347
-9019
-18523
-8995
-18811
-9235
133
-9275
-67
-9235
-363
-9267
-563
-9259
-851
-9235
-1051
-9259
-1275
-9171
-1547
-9243
-1747
-9251
-2011
-9219
-2235
-9171
-2467
-9163
-2699
-9275
-3019
-9219
-3267
-9251
-3499
-9195
-3643
-9195
-3955
-9155
-4107
-9147
-4435
-9243
-4643
-9235
-4843
-9227
-5099
-9171
-5331
-9235
-5611
-9259
-5851
-9211
-6059
-9195
-6283
-9155
-6531
-9243
-6875
-9163
-7051
-9187
-7339
-9227
-7571
-9211
-7731
-9147
-8027
-9243
-8235
-9275
-8443
-9243
-8699
-9219
-8979
-9275
-9163
-9243
-9443
-9235
-9627
-9155
-9955
-9219
-10171
-9251
-10363
-9251
-10659
-9227
-10907
-9155
-11139
-9243
-11307
-9147
-11563
-9227
-11851
-9211
-12035
-9187
-12339
-9259
-12547
-9203
-12747
-9171
-13035
-9267
-13315
-9275
-13579
-9227
-13835
-9179
-14075
-9259
-14291
-9179
-14435
-9219
-14691
-9259
-14955
-9267
-15259
-9267
-15395
-9179
-15755
-9275
-15947
-9163
-16179
-9243
-16459
-9155
-16707
-9259
-16907
-9259
-17195
-9259
-17363
-9243
-17571
-9203
-17859
-9275
-18139
-9219
-18395
-9195
-18523
-9219
-18811
-9419
125
-9435
-83
-9459
-315
-9395
-515
-9491
-747
-9491
-1003
-9499
-1251
-9483
-1491
-9387
-1827
-9411
-1979
-9515
-2291
-9499
-2547
-9507
-2699
-9467
-2915
-9467
-3259
-9483
-3483
-9483
-3675
-9403
-3963
-9435
-4179
-9491
-4459
-9483
-4683
-9451
-4931
-9483
-5067
-9467
-5395
-9491
-5579
-9387
-5883
-9499
-6027
-9387
-6315
-9483
-6635
-9411
-6779
-9419
-7011
-9499
-7323
-9459
-7571
-9499
-7795
-9411
-8067
-9499
-8243
-9467
-8483
-9515
-8763
-9507
-8923
-9451
-9243
-9443
-9499
-9507
-9691
-9507
-9923
-9395
-10107
-9411
-10347
-9483
-10683
-9507
-10947
-9507
-11187
-9507
-11315
-9419
-11571
-9435
-11875
-9467
-12139
-9507
-12371
-9483
-12507
-9475
-12771
-9451
-13075
-9507
-13307
-9387
-13563
-9483
-13755
-9475
-14059
-9411
-14259
-9483
-14427
-9419
-14739
-9499
-14995
-9459
-15179
-9451
-15491
-9515
-15675
-9467
-15907
-9483
-16195
-9507
-16347
-9483
-16715
-9411
-16851
-9507
-17195
-9475
-17363
-9515
-17611
-9507
-17795
-9467
-18155
-9419
-18275
-9483
-18635
-9467
-18835
-9715
109
-9747
-67
-9755
-379
-9715
-515
-9747
-747
-9755
-1091
-9755
-1315
-9755
-1491
-9691
-1811
-9675
-1995
-9731
-2203
-9731
-2523
-9723
-2675
-9747
-2979
-9635
-3155
-9731
-3435
-9723
-3667
-9715
-3955
-9651
-4163
-9635
-4443
-9755
-4683
-9715
-4891
-9691
-5075
-9739
-5435
-9707
-5587
-9675
-5819
-9755
-6155
-9691
-6323
-9675
-6579
-9675
-6811
-9667
-7067
-9643
-7339
-9691
-7523
-9667
-7763
-9755
-8003
-9739
-8187
-9715
-8443
-9675
-8667
-9683
-8939
-9627
-9203
-9683
-9427
-9699
-9635
-9627
-9899
-9651
-10187
-9723
-10363
-9715
-10683
-9731
-10843
-9675
-11099
-9715
-11315
-9659
-11643
-9667
-11835
-9651
-12075
-9667
-12331
-9731
-12627
-9747
-12755
-9627
-13099
-9715
-13275
-9747
-13587
-9715
-13795
-9755
-14043
-9683
-14291
-9675
-14507
-9755
-14683
-9755
-14931
-9715
-15267
-9715
-15483
-9683
-15715
-9643
-15971
-9747
-16187
-9691
-16411
-9707
-16651
-9739
-16875
-9747
-17075
-9747
-17355
-9723
-17667
-9755
-17835
-9683
-18083
-9739
-18283
-9699
-18595
-9747
-18835
-9907
117
-9987
-83
-9883
-387
-9931
-587
-9923
-763
-9979
-987
-9963
-1275
-9891
-1587
-9955
-1755
-9947
-1963
-9931
-2219
-9931
-2435
-9899
-2699
-9931
-2939
-9891
-3163
-9931
-3491
-9931
-3667
-9931
-3931
-9947
-4227
-9915
-4403
-9931
-4699
-9915
-4907
-9915
-5099
-9923
-5411
-9907
-5619
-9963
-5851
-9987
-6139
-9971
-6395
-9979
-6587
-9939
-6755
-9883
-7083
-9931
-7291
-9867
-7483
-9883
-7771
-9987
-8059
-9987
-8275
-9979
-8531
-9987
-8715
-9987
-8947
-9939
-9211
-9939
-9499
-9915
-9675
-9907
-9915
-9995
-10219
-9915
-10411
-9987
-10683
-9947
-10955
-9875
-11139
-9979
-11403
-9883
-11555
-9875
-11787
-9875
-12147
-9955
-12283
-9995
-12603
-9891
-12843
-9915
-13035
-9971
-13291
-9923
-13483
-9955
-13779
-9947
-14075
-9931
-14243
-9939
-14435
-9891
-14699
-9891
-14931
-9939
-15227
-9931
-15411
-9963
-15691
-9979
-15883
-9883
-16227
-9899
-16459
-9955
-16707
-9907
-16867
-9995
-17147
-9979
-17387
-9875
-17667
-9995
-17843
-9883
-18043
-9947
-18291
-9963
-18571
-9939
-18843
-10219
125
-10195
-91
-10163
-347
-10155
-539
-10155
-875
-10139
-987
-10211
-1323
-10187
-1499
-10203
-1803
-10171
-1963
-10211
-2219
-10235
-2491
-10187
-2683
-10123
-2987
-10195
-3211
-10187
-3435
-10107
-3715
-10219
-3939
-10163
-4211
-10235
-4451
-10171
-4683
-10131
-4875
-10131
-5107
-10187
-5347
-10123
-5555
-10179
-5883
-10107
-6139
-10187
-6395
-10187
-6563
-10123
-6875
-10203
-7099
-10171
-7267
-10235
-7531
-10235
-7747
-10123
-8067
-10163
-8275
-10227
-8531
-10211
-8731
-10131
-9003
-10187
-9211
-10155
-9483
-10195
-9651
-10107
-9955
-10187
-10115
-10171
-10435
-10139
-10603
-10195
-10827
-10163
-11187
-10211
-11435
-10147
-11603
-10123
-11787
-10155
-12147
-10219
-12395
-10227
-12515
-10179
-12819
-10107
-13051
-10211
-13275
-10235
-13507
-10235
-13755
-10227
-13947
-10235
-14291
-10227
-14475
-10123
-14787
-10219
-15003
-10219
-15243
-10211
-15427
-10235
-15659
-10219
-15891
-10235
-16219
-10203
-16435
-10195
-16587
-10147
-16947
-10227
-17083
-10235
-17331
-10155
-17627
-10195
-17843
-10179
-18035
-10227
-18323
-10235
-18587
-10163
-18859
-10419
125
-10451
-27
-10467
-379
-10451
-619
-10475
-835
-10427
-1091
-10467
-1339
-10459
-1579
-10459
-1747
-10451
-2059
-10451
-2251
-10459
-2547
-10435
-2699
-10443
-3019
-10475
-3171
-10427
-3467
-10419
-3707
-10451
-3899
-10435
-4155
-10459
-4475
-10459
-4667
-10467
-4931
-10459
-5171
-10475
-5403
-10467
-5619
-10467
-5859
-10435
-6059
-10411
-6267
-10475
-6563
-10467
-6843
-10435
-7107
-10435
-7299
-10475
-7547
-10475
-7731
-10435
-8003
-10467
-8211
-10451
-8547
-10451
-8787
-10427
-9019
-10419
-9163
-10459
-9507
-10427
-9731
-10459
-9891
-10435
-10187
-10475
-10363
-10451
-10683
-10419
-10955
-10467
-11147
-10427
-11411
-10459
-11563
-10419
-11843
-10451
-12051
-10475
-12355
-10467
-12627
-10467
-12867
-10427
-13075
-10475
-13235
-10467
-13531
-10443
-13739
-10419
-14003
-10467
-14307
-10443
-14507
-10435
-14787
-10451
-14907
-10475
-15195
-10475
-15475
-10459
-15667
-10451
-15899
-10427
-16179
-10435
-16355
-10475
-16707
-10435
-16899
-10435
-17195
-10459
-17355
-10427
-17563
-10443
-17891
-10435
-18155
-10427
-18323
-10435
-18627
-10467
-18851
