101
347
139
-5
534
-390
484
-577
407
-840
301
-1070
208
-1290
202
-1493
410
-1757
154
-2031
275
-2237
135
-2511
157
-2691
127
-2959
151
-3249
145
-3427
319
-3705
165
-3895
209
-4095
339
-4363
139
-4577
93
-4911
109
-5087
133
-5307
85
-5571
117
-5887
93
-6067
85
-6259
85
-6555
133
-6835
125
-7079
149
-7307
125
-7483
141
-7731
85
-7991
85
-8283
141
-8523
117
-8707
133
-8955
125
-9183
117
-9395
125
-9739
101
-9955
133
-10203
101
-10475
101
-10587
85
-10891
85
-11171
117
-11323
93
-11651
85
-11891
109
-12035
101
-12283
109
-12523
149
-12819
93
-13091
85
-13331
101
-13571
93
-13715
85
-14035
109
-14227
149
-14427
133
-14683
149
-14931
85
-15267
117
-15499
141
-15691
117
-15963
85
-16203
125
-16419
101
-16707
85
-16883
125
-17067
141
-17419
85
-17611
133
-17907
141
-18027
149
-18299
117
-18531
101
-18827
-143
586
-73
-46
-132
-361
-21
-567
-121
-771
-65
-1079
-125
-1309
-131
-1527
-137
-1721
-35
-2010
-109
-2301
-107
-2515
-99
-2715
-83
-2951
-25
-3159
-91
-3409
-75
-3613
-119
-3867
-131
-4203
-141
-4419
-47
-4595
-107
-4819
-75
-5171
-31
-5335
-107
-5643
-63
-5895
-147
-6079
-47
-6379
-79
-6563
-139
-6783
-59
-7039
-155
-7255
-119
-7435
-103
-7711
-99
-8007
-99
-8259
-127
-8495
-11
-8679
-43
-8907
-103
-9219
-139
-9507
-147
-9739
-147
-9899
-131
-10179
-147
-10467
-51
-10691
-139
-10899
-131
-11115
-83
-11403
-123
-11667
-43
-11811
-115
-12115
-91
-12323
-99
-12611
-155
-12851
-99
-13075
-147
-13275
-107
-13499
-99
-13787
-99
-14051
-83
-14235
-67
-14555
-115
-14707
-67
-14995
-139
-15251
-67
-15483
-147
-15723
-99
-15939
-35
-16171
-67
-16451
-147
-16603
-43
-16867
-115
-17123
-155
-17435
-155
-17643
-107
-17907
-67
-18123
-75
-18291
-155
-18555
-99
-18843
-363
576
-326
-39
-321
-351
-342
-543
-346
-783
-379
-1087
-351
-1297
-313
-1487
-277
-1775
-366
-2002
-328
-2233
-235
-2455
-327
-2703
-371
-3011
-321
-3153
-275
-3495
-259
-3713
-279
-3883
-283
-4193
-387
-4387
-265
-4603
-367
-4819
-335
-5083
-387
-5347
-355
-5563
-363
-5811
-295
-6067
-367
-6315
-371
-6503
-339
-6823
-363
-7019
-363
-7219
-307
-7527
-311
-7823
-319
-7971
-347
-8183
-315
-8515
-391
-8775
-323
-8959
-383
-9135
-371
-9371
-371
-9723
-363
-9971
-379
-10163
-371
-10443
-363
-10715
-363
-10947
-387
-11163
-315
-11363
-355
-11587
-379
-11883
-387
-12043
-371
-12323
-363
-12627
-323
-12763
-315
-13027
-339
-13267
-387
-13499
-307
-13755
-395
-14067
-371
-14315
-331
-14507
-395
-14683
-323
-15011
-395
-15187
-275
-15507
-307
-15755
-275
-15947
-323
-16211
-371
-16411
-291
-16619
-371
-16907
-299
-17091
-347
-17419
-315
-17563
-379
-17827
-395
-18051
-299
-18267
-363
-18587
-315
-18875
-519
1387
-504
-98
-611
-325
-581
-589
-601
-795
-538
-1091
-533
-1312
-509
-1468
-608
-1785
-533
-1975
-575
-2182
-567
-2447
-601
-2657
-555
-2893
-523
-3227
-563
-3427
-519
-3719
-527
-3917
-619
-4151
-475
-4449
-607
-4609
-615
-4843
-583
-5063
-571
-5335
-587
-5647
-571
-5891
-519
-6075
-555
-6363
-611
-6499
-611
-6811
-579
-7027
-563
-7291
-607
-7467
-523
-7795
-607
-8007
-559
-8231
-571
-8507
-511
-8691
-607
-9003
-615
-9211
-635
-9459
-611
-9755
-627
-9979
-627
-10219
-515
-10467
-547
-10683
-579
-10843
-507
-11155
-619
-11411
-563
-11643
-587
-11851
-579
-12051
-587
-12291
-627
-12507
-627
-12843
-603
-13067
-619
-13251
-571
-13491
-635
-13803
-515
-13979
-635
-14195
-635
-14459
-611
-14747
-547
-15027
-619
-15235
-531
-15427
-619
-15699
-611
-15987
-619
-16235
-579
-16475
-523
-16635
-571
-16931
-579
-17131
-627
-17395
-619
-17635
-587
-17787
-595
-18123
-635
-18379
-627
-18587
-539
-18819
-775
608
-737
-47
-843
-362
-813
-611
-855
-819
-815
-959
-839
-1301
-730
-1483
-843
-1747
-857
-1929
-843
-2291
-775
-2491
-807
-2699
-809
-2995
-763
-3151
-799
-3397
-831
-3623
-757
-3931
-775
-4153
-835
-4427
-711
-4683
-811
-4939
-823
-5103
-863
-5331
-831
-5551
-739
-5879
-807
-6031
-775
-6383
-767
-6579
-755
-6755
-843
-6975
-851
-7227
-859
-7539
-747
-7763
-771
-8035
-839
-8191
-831
-8503
-851
-8679
-871
-8911
-839
-9263
-847
-9411
-851
-9723
-755
-9915
-859
-10139
-795
-10403
-755
-10667
-867
-10939
-851
-11091
-875
-11395
-779
-11651
-795
-11787
-851
-12035
-755
-12387
-803
-12611
-803
-12827
-835
-13115
-827
-13307
-875
-13507
-859
-13787
-875
-14059
-851
-14275
-859
-14435
-787
-14747
-835
-14971
-811
-15179
-851
-15435
-803
-15691
-851
-15867
-827
-16155
-875
-16379
-859
-16667
-811
-16955
-843
-17163
-875
-17387
-875
-17627
-875
-17867
-843
-18131
-867
-18307
-843
-18635
-867
-18819
-1019
340
-1051
-16
-1077
-277
-1082
-600
-1030
-727
-1069
-987
-1008
-1295
-984
-1493
-1063
-1674
-975
-2027
-1041
-2181
-1063
-2489
-1035
-2737
-1113
-2945
-999
-3123
-1087
-3443
-1043
-3747
-1037
-3969
-1053
-4209
-1051
-4349
-1057
-4671
-1071
-4951
-995
-5163
-1103
-5411
-1087
-5643
-1027
-5883
-1091
-6055
-1099
-6251
-1107
-6603
-1091
-6735
-1091
-6963
-1091
-7275
-1083
-7499
-1003
-7807
-1095
-7995
-983
-8295
-1051
-8447
-1043
-8731
-1079
-9023
-1115
-9243
-1039
-9451
-1019
-9691
-1043
-9963
-1091
-10139
-1099
-10395
-1091
-10699
-1083
-10859
-1091
-11147
-1027
-11355
-1019
-11667
-1027
-11827
-1011
-12067
-1107
-12347
-1019
-12531
-1091
-12803
-1107
-13035
-1083
-13283
-1075
-13587
-1011
-13779
-1067
-14067
-1011
-14203
-1059
-14491
-1115
-14707
-1075
-15035
-1019
-15211
-1003
-15387
-995
-15643
-1099
-15963
-1115
-16123
-1083
-16379
-1091
-16587
-987
-16875
-1043
-17083
-1059
-17323
-1035
-17563
-1035
-17835
-1091
-18147
-1115
-18299
-1091
-18611
-1075
-18859
-1347
549
-1305
-58
-1337
-262
-1226
-561
-1275
-837
-1299
-1006
-1232
-1266
-1289
-1573
-1293
-1793
-1315
-1931
-1339
-2242
-1331
-2473
-1199
-2755
-1323
-3025
-1337
-3163
-1335
-3423
-1251
-3683
-1275
-3959
-1329
-4197
-1261
-4437
-1215
-4565
-1343
-4935
-1307
-5191
-1299
-5291
-1347
-5591
-1251
-5871
-1315
-6023
-1283
-6319
-1227
-6499
-1311
-6855
-1311
-7007
-1335
-7315
-1263
-7571
-1219
-7811
-1219
-7955
-1299
-8287
-1275
-8447
-1295
-8699
-1291
-8947
-1251
-9199
-1283
-9483
-1355
-9675
-1323
-9987
-1299
-10163
-1307
-10419
-1267
-10587
-1355
-10931
-1323
-11115
-1227
-11339
-1331
-11571
-1355
-11891
-1307
-12075
-1331
-12291
-1323
-12531
-1259
-12803
-1347
-13115
-1283
-13275
-1275
-13507
-1331
-13779
-1339
-14043
-1299
-14299
-1235
-14523
-1275
-14699
-1267
-14979
-1259
-15195
-1347
-15491
-1355
-15627
-1307
-15931
-1347
-16147
-1235
-16427
-1347
-16603
-1315
-16859
-1347
-17163
-1299
-17315
-1331
-17595
-1323
-17851
-1283
-18123
-1315
-18315
-1275
-18635
-1299
-18843
-1499
237
-1557
-75
-1493
-247
-1559
-615
-1435
-735
-1451
-1001
-1587
-1321
-1507
-1515
-1541
-1715
-1525
-1947
-1497
-2267
-1543
-2539
-1459
-2637
-1485
-2901
-1579
-3129
-1527
-3469
-1567
-3619
-1539
-3915
-1553
-4169
-1547
-4403
-1545
-4675
-1499
-4895
-1539
-5115
-1567
-5291
-1455
-5587
-1523
-5815
-1503
-6071
-1531
-6299
-1511
-6551
-1515
-6759
-1443
-7035
-1567
-7239
-1491
-7519
-1527
-7687
-1523
-8039
-1519
-8219
-1523
-8503
-1483
-8655
-1531
-8955
-1515
-9183
-1543
-9411
-1547
-9691
-1531
-9907
-1579
-10139
-1595
-10419
-1515
-10587
-1475
-10851
-1467
-11083
-1587
-11379
-1587
-11595
-1547
-11875
-1547
-12059
-1483
-12267
-1547
-12539
-1515
-12827
-1507
-13075
-1547
-13339
-1595
-13587
-1523
-13763
-1539
-13947
-1539
-14275
-1523
-14451
-1491
-14723
-1571
-14971
-1499
-15187
-1579
-15499
-1555
-15731
-1587
-15987
-1475
-16171
-1539
-16363
-1475
-16651
-1467
-16947
-1515
-17067
-1571
-17419
-1467
-17587
-1571
-17875
-1579
-18123
-1467
-18331
-1475
-18531
-1523
-18859
-1807
1089
-1783
-151
-1797
-377
-1803
-491
-1757
-823
-1777
-1083
-1795
-1291
-1761
-1473
-1713
-1697
-1807
-1933
-1711
-2195
-1755
-2477
-1795
-2731
-1763
-2871
-1677
-3191
-1771
-3471
-1677
-3695
-1795
-3909
-1783
-4089
-1809
-4417
-1755
-4649
-1823
-4931
-1815
-5115
-1807
-5347
-1703
-5579
-1803
-5903
-1747
-6075
-1747
-6355
-1755
-6571
-1723
-6755
-1787
-6999
-1803
-7255
-1763
-7463
-1699
-7739
-1775
-7971
-1811
-8227
-1803
-8443
-1767
-8695
-1823
-8891
-1719
-9175
-1811
-9395
-1755
-9715
-1723
-9867
-1747
-10115
-1819
-10379
-1819
-10667
-1811
-10851
-1795
-11091
-1779
-11403
-1739
-11667
-1787
-11803
-1811
-12083
-1803
-12307
-1795
-12571
-1803
-12867
-1803
-13107
-1827
-13315
-1811
-13531
-1803
-13771
-1723
-14043
-1819
-14235
-1819
-14451
-1715
-14675
-1723
-15035
-1715
-15195
-1763
-15451
-1787
-15659
-1731
-15939
-1755
-16219
-1763
-16411
-1787
-16611
-1819
-16955
-1763
-17187
-1803
-17411
-1795
-17611
-1819
-17827
-1803
-18035
-1835
-18267
-1739
-18579
-1771
-18851
-2047
557
-1981
-43
-2025
-361
-2007
-571
-1993
-773
-1935
-1031
-2043
-1213
-1945
-1497
-1941
-1687
-1967
-2017
-1987
-2191
-2063
-2407
-2007
-2741
-1975
-3005
-2045
-3269
-2019
-3395
-2001
-3697
-2021
-3907
-2039
-4211
-2035
-4355
-1987
-4571
-1943
-4923
-2003
-5091
-1967
-5399
-2047
-5531
-2051
-5851
-1995
-6103
-1995
-6267
-2043
-6551
-2055
-6731
-2019
-6991
-1947
-7219
-2047
-7579
-2055
-7719
-1955
-7935
-1947
-8187
-1987
-8515
-2043
-8751
-1991
-8891
-2059
-9235
-2019
-9515
-2027
-9627
-2067
-9883
-2043
-10171
-1979
-10395
-2011
-10715
-2035
-10915
-2067
-11083
-1971
-11307
-2035
-11675
-1995
-11835
-2027
-12083
-2035
-12363
-2043
-12547
-2035
-12779
-2043
-13083
-1979
-13307
-2067
-13595
-2051
-13835
-2051
-14067
-2067
-14315
-2019
-14451
-1987
-14683
-2027
-14939
-2067
-15195
-1955
-15483
-2059
-15691
-2051
-15867
-1971
-16139
-2003
-16419
-2051
-16603
-2035
-16827
-1987
-17171
-2019
-17323
-1995
-17611
-2003
-17859
-1947
-18083
-2003
-18395
-1955
-18611
-2059
-18819
-2195
865
-2195
-141
-2285
-287
-2219
-537
-2207
-843
-2289
-1093
-2283
-1263
-2277
-1499
-2169
-1691
-2223
-1977
-2241
-2259
-2181
-2439
-2275
-2645
-2243
-2981
-2261
-3141
-2291
-3469
-2301
-3733
-2275
-3905
-2173
-4123
-2279
-4379
-2301
-4571
-2211
-4803
-2195
-5131
-2267
-5387
-2211
-5523
-2299
-5899
-2247
-5999
-2275
-6347
-2291
-6635
-2259
-6819
-2227
-7043
-2255
-7231
-2227
-7499
-2291
-7803
-2275
-8007
-2279
-8251
-2215
-8491
-2295
-8675
-2191
-8979
-2299
-9219
-2231
-9431
-2227
-9635
-2203
-9923
-2187
-10139
-2203
-10467
-2275
-10643
-2227
-10859
-2299
-11155
-2283
-11347
-2219
-11659
-2251
-11827
-2299
-12115
-2275
-12371
-2291
-12619
-2227
-12843
-2299
-13043
-2283
-13235
-2219
-13571
-2259
-13835
-2291
-14035
-2299
-14315
-2227
-14491
-2243
-14779
-2291
-14931
-2227
-15179
-2211
-15435
-2195
-15651
-2211
-15995
-2227
-16147
-2259
-16427
-2235
-16619
-2243
-16915
-2275
-17187
-2299
-17403
-2219
-17643
-2211
-17891
-2291
-18139
-2307
-18363
-2195
-18603
-2203
-18851
-2515
167
-2397
-71
-2449
-303
-2439
-483
-2507
-845
-2535
-1033
-2501
-1307
-2495
-1539
-2495
-1757
-2471
-2007
-2473
-2195
-2529
-2403
-2523
-2763
-2511
-2945
-2479
-3195
-2533
-3455
-2425
-3639
-2437
-3971
-2421
-4203
-2543
-4447
-2519
-4597
-2483
-4871
-2431
-5095
-2499
-5287
-2527
-5555
-2527
-5867
-2495
-6043
-2427
-6347
-2531
-6523
-2515
-6831
-2447
-7111
-2483
-7267
-2423
-7583
-2467
-7691
-2539
-8051
-2547
-8263
-2451
-8483
-2487
-8695
-2495
-8899
-2523
-9171
-2467
-9499
-2491
-9747
-2531
-9987
-2435
-10211
-2435
-10347
-2539
-10675
-2547
-10851
-2499
-11123
-2499
-11419
-2531
-11603
-2443
-11891
-2515
-12107
-2467
-12339
-2499
-12531
-2459
-12835
-2547
-13099
-2539
-13355
-2467
-13595
-2539
-13771
-2475
-13987
-2475
-14275
-2547
-14531
-2531
-14715
-2547
-14931
-2499
-15179
-2515
-15459
-2507
-15707
-2451
-15891
-2475
-16163
-2483
-16355
-2531
-16603
-2499
-16899
-2531
-17163
-2531
-17331
-2555
-17659
-2547
-17803
-2459
-18147
-2459
-18395
-2531
-18523
-2499
-18867
-2707
125
-2715
-131
-2735
-395
-2743
-535
-2695
-863
-2775
-1027
-2759
-1335
-2675
-1469
-2723
-1791
-2743
-2019
-2675
-2247
-2735
-2499
-2759
-2723
-2707
-3015
-2759
-3147
-2755
-3439
-2783
-3711
-2767
-3915
-2747
-4103
-2727
-4447
-2751
-4587
-2687
-4823
-2763
-5167
-2739
-5407
-2699
-5659
-2675
-5787
-2687
-6067
-2679
-6299
-2755
-6595
-2771
-6811
-2787
-7031
-2663
-7291
-2731
-7563
-2683
-7731
-2675
-7947
-2747
-8179
-2711
-8531
-2707
-8723
-2707
-8939
-2763
-9227
-2739
-9399
-2731
-9699
-2739
-9899
-2675
-10203
-2755
-10443
-2739
-10611
-2715
-10899
-2731
-11187
-2747
-11395
-2795
-11547
-2787
-11787
-2755
-12139
-2667
-12339
-2779
-12507
-2763
-12875
-2747
-13059
-2731
-13323
-2699
-13499
-2683
-13715
-2707
-13955
-2787
-14243
-2771
-14459
-2771
-14699
-2779
-15027
-2683
-15203
-2667
-15435
-2691
-15707
-2691
-15995
-2723
-16219
-2723
-16403
-2739
-16715
-2771
-16891
-2739
-17131
-2795
-17363
-2691
-17579
-2787
-17907
-2707
-18075
-2795
-18379
-2795
-18611
-2723
-18843
-2983
101
-2927
-111
-2995
-359
-2991
-507
-2883
-843
-2983
-979
-2927
-1223
-2979
-1483
-2955
-1803
-2971
-2031
-2995
-2175
-2883
-2431
-2983
-2751
-3007
-2919
-2995
-3223
-2967
-3471
-2959
-3719
-2891
-3883
-2987
-4179
-2947
-4447
-2935
-4591
-2891
-4811
-3027
-5151
-2939
-5339
-3007
-5539
-2927
-5851
-2971
-6143
-2947
-6379
-2915
-6523
-2935
-6779
-2895
-7059
-2931
-7351
-2975
-7575
-2967
-7775
-2943
-8023
-2943
-8203
-2931
-8495
-2963
-8763
-2907
-8955
-2927
-9243
-2999
-9459
-2971
-9715
-2971
-9915
-2947
-10171
-3019
-10443
-2923
-10683
-2971
-10875
-2987
-11091
-2947
-11331
-3019
-11579
-2955
-11859
-2995
-12043
-2923
-12371
-2939
-12579
-2979
-12747
-2987
-13043
-2939
-13227
-2955
-13499
-2931
-13731
-3035
-13995
-2907
-14307
-2979
-14507
-2931
-14779
-3019
-14995
-2939
-15267
-2939
-15475
-3027
-15659
-2947
-15883
-3035
-16147
-3019
-16427
-3003
-16683
-2939
-16883
-2915
-17195
-3019
-17347
-3035
-17659
-3011
-17891
-2923
-18083
-2931
-18371
-2955
-18571
-3019
-18867
-3243
125
-3227
-115
-3143
-375
-3135
-479
-3231
-747
-3275
-967
-3267
-1339
-3255
-1547
-3235
-1747
-3195
-2015
-3223
-2251
-3175
-2415
-3227
-2767
-3251
-3003
-3223
-3251
-3183
-3451
-3183
-3631
-3219
-3923
-3191
-4095
-3191
-4327
-3203
-4683
-3195
-4919
-3199
-5091
-3243
-5351
-3187
-5631
-3151
-5767
-3275
-6043
-3171
-6359
-3239
-6515
-3231
-6767
-3147
-7107
-3247
-7255
-3215
-7471
-3211
-7703
-3239
-8067
-3143
-8175
-3147
-8439
-3267
-8707
-3251
-8943
-3211
-9255
-3231
-9499
-3275
-9643
-3219
-9915
-3267
-10131
-3179
-10387
-3171
-10691
-3251
-10891
-3235
-11171
-3227
-11419
-3275
-11667
-3275
-11787
-3243
-12091
-3171
-12291
-3251
-12507
-3275
-12827
-3163
-13027
-3187
-13331
-3219
-13555
-3211
-13707
-3227
-13995
-3235
-14307
-3195
-14547
-3259
-14699
-3227
-15011
-3235
-15251
-3211
-15395
-3259
-15707
-3179
-15939
-3235
-16187
-3203
-16371
-3259
-16659
-3235
-16875
-3203
-17147
-3235
-17379
-3243
-17611
-3259
-17915
-3243
-18155
-3179
-18387
-3251
-18531
-3203
-18851
-3503
133
-3387
-43
-3435
-307
-3455
-615
-3503
-791
-3495
-995
-3467
-1223
-3459
-1507
-3355
-1779
-3463
-1975
-3475
-2179
-3491
-2443
-3387
-2759
-3503
-2923
-3371
-3271
-3399
-3475
-3395
-3727
-3491
-3899
-3463
-4123
-3479
-4463
-3431
-4599
-3507
-4955
-3483
-5071
-3391
-5347
-3363
-5599
-3475
-5883
-3387
-6107
-3379
-6275
-3403
-6583
-3499
-6819
-3451
-7067
-3447
-7219
-3467
-7475
-3459
-7743
-3403
-7955
-3375
-8179
-3483
-8523
-3467
-8699
-3483
-8963
-3431
-9259
-3471
-9431
-3395
-9715
-3443
-9899
-3467
-10219
-3515
-10363
-3395
-10627
-3459
-10915
-3491
-11131
-3411
-11395
-3459
-11555
-3467
-11883
-3491
-12123
-3475
-12331
-3483
-12555
-3515
-12763
-3467
-13115
-3499
-13227
-3499
-13587
-3515
-13755
-3491
-14051
-3443
-14291
-3411
-14475
-3507
-14763
-3443
-14995
-3411
-15227
-3483
-15467
-3507
-15643
-3515
-15955
-3395
-16187
-3483
-16459
-3467
-16643
-3427
-16851
-3411
-17171
-3459
-17395
-3427
-17547
-3491
-17803
-3427
-18067
-3515
-18315
-3467
-18539
-3507
-18819
-3699
141
-3695
-135
-3735
-367
-3719
-515
-3659
-787
-3747
-1067
-3691
-1331
-3715
-1555
-3711
-1775
-3723
-2055
-3635
-2307
-3683
-2527
-3635
-2751
-3727
-2991
-3731
-3219
-3619
-3483
-3699
-3711
-3663
-3923
-3719
-4075
-3735
-4439
-3755
-4607
-3679
-4927
-3715
-5127
-3659
-5359
-3727
-5607
-3751
-5791
-3743
-6115
-3679
-6279
-3695
-6603
-3727
-6791
-3643
-7039
-3699
-7311
-3715
-7527
-3659
-7811
-3723
-7963
-3755
-8251
-3719
-8515
-3659
-8767
-3655
-8971
-3739
-9171
-3687
-9499
-3755
-9659
-3707
-9867
-3699
-10203
-3747
-10467
-3731
-10603
-3755
-10875
-3739
-11171
-3755
-11411
-3699
-11611
-3755
-11803
-3731
-12115
-3731
-12331
-3651
-12611
-3747
-12875
-3707
-13003
-3627
-13339
-3643
-13467
-3715
-13787
-3747
-13963
-3731
-14267
-3739
-14539
-3731
-14731
-3651
-14955
-3755
-15155
-3683
-15411
-3651
-15635
-3635
-15899
-3715
-16155
-3723
-16379
-3755
-16691
-3747
-16947
-3731
-17187
-3651
-17379
-3659
-17595
-3675
-17835
-3699
-18067
-3739
-18371
-3667
-18587
-3699
-18835
-3891
101
-3911
-75
-3979
-299
-3955
-595
-3959
-851
-3995
-1095
-3939
-1227
-3967
-1515
-3895
-1815
-3967
-2019
-3923
-2175
-3975
-2451
-3967
-2659
-3947
-2979
-3899
-3255
-3995
-3411
-3987
-3715
-3955
-3907
-3911
-4195
-3915
-4443
-3931
-4587
-3931
-4887
-3847
-5159
-3967
-5339
-3911
-5591
-3899
-5791
-3971
-6023
-3863
-6299
-3927
-6491
-3967
-6847
-3863
-7087
-3895
-7263
-3943
-7483
-3987
-7739
-3955
-8015
-3907
-8307
-3959
-8507
-3955
-8687
-3935
-8979
-3947
-9247
-3963
-9463
-3995
-9747
-3891
-9891
-3899
-10179
-3939
-10347
-3987
-10659
-3947
-10899
-3963
-11179
-3995
-11435
-3875
-11595
-3907
-11827
-3995
-12099
-3923
-12275
-3955
-12619
-3995
-12875
-3971
-13067
-3987
-13323
-3867
-13467
-3899
-13819
-3947
-14067
-3987
-14283
-3931
-14547
-3987
-14763
-3947
-14931
-3963
-15147
-3883
-15499
-3971
-15747
-3979
-15963
-3963
-16115
-3923
-16379
-3875
-16683
-3971
-16867
-3987
-17131
-3939
-17331
-3939
-17595
-3955
-17843
-3987
-18131
-3899
-18347
-3907
-18571
-3987
-18843
-4143
85
-4091
-47
-4227
-263
-4163
-635
-4199
-795
-4107
-1091
-4139
-1347
-4167
-1491
-4131
-1691
-4191
-2051
-4167
-2267
-4163
-2467
-4223
-2703
-4199
-2915
-4207
-3267
-4155
-3419
-4219
-3611
-4175
-3915
-4131
-4155
-4139
-4419
-4107
-4679
-4191
-4927
-4207
-5183
-4139
-5335
-4107
-5655
-4115
-5843
-4143
-6075
-4151
-6279
-4215
-6591
-4119
-6847
-4163
-7043
-4211
-7351
-4163
-7463
-4159
-7779
-4119
-8059
-4139
-8167
-4191
-8411
-4151
-8763
-4155
-8919
-4139
-9267
-4135
-9447
-4155
-9691
-4211
-9931
-4163
-10147
-4219
-10371
-4195
-10603
-4171
-10835
-4139
-11107
-4155
-11363
-4219
-11547
-4211
-11875
-4227
-12107
-4107
-12315
-4115
-12531
-4179
-12867
-4155
-13059
-4139
-13323
-4163
-13539
-4211
-13715
-4179
-14027
-4131
-14243
-4235
-14523
-4235
-14683
-4195
-14987
-4227
-15211
-4227
-15419
-4235
-15627
-4235
-15867
-4235
-16187
-4219
-16379
-4211
-16643
-4227
-16891
-4131
-17187
-4187
-17427
-4195
-17555
-4139
-17915
-4195
-18107
-4211
-18307
-4235
-18539
-4163
-18827
-4395
101
-4459
-67
-4427
-275
-4411
-559
-4447
-751
-4419
-1003
-4439
-1351
-4387
-1471
-4407
-1791
-4411
-2003
-4419
-2283
-4359
-2419
-4463
-2735
-4371
-2887
-4371
-3251
-4411
-3407
-4459
-3695
-4463
-3899
-4447
-4203
-4459
-4415
-4427
-4635
-4403
-4899
-4335
-5075
-4335
-5387
-4339
-5643
-4379
-5831
-4395
-6143
-4375
-6351
-4443
-6619
-4435
-6823
-4399
-7067
-4347
-7267
-4467
-7463
-4427
-7739
-4367
-8031
-4427
-8207
-4411
-8411
-4351
-8707
-4395
-8955
-4427
-9219
-4435
-9459
-4451
-9627
-4467
-9867
-4347
-10123
-4443
-10387
-4459
-10587
-4451
-10851
-4363
-11195
-4451
-11435
-4387
-11587
-4435
-11843
-4427
-12131
-4443
-12371
-4427
-12531
-4459
-12835
-4419
-13091
-4395
-13275
-4443
-13499
-4475
-13779
-4467
-14059
-4411
-14235
-4435
-14547
-4411
-14795
-4475
-15027
-4459
-15251
-4347
-15491
-4427
-15659
-4387
-15867
-4379
-16219
-4411
-16403
-4387
-16611
-4411
-16907
-4395
-17187
-4395
-17379
-4475
-17651
-4403
-17827
-4467
-18155
-4371
-18275
-4459
-18635
-4403
-18827
-4639
101
-4619
-123
-4655
-323
-4651
-623
-4571
-803
-4619
-979
-4651
-1315
-4675
-1527
-4691
-1707
-4695
-1947
-4559
-2211
-4623
-2451
-4651
-2695
-4619
-2979
-4583
-3127
-4683
-3451
-4627
-3647
-4623
-3895
-4679
-4143
-4659
-4395
-4659
-4615
-4643
-4859
-4639
-5119
-4619
-5387
-4631
-5611
-4635
-5803
-4651
-6019
-4703
-6367
-4667
-6619
-4567
-6819
-4635
-7007
-4563
-7283
-4655
-7571
-4671
-7751
-4603
-7919
-4595
-8171
-4643
-8479
-4619
-8767
-4599
-8891
-4683
-9203
-4639
-9471
-4675
-9643
-4675
-9979
-4707
-10171
-4651
-10427
-4699
-10603
-4643
-10835
-4691
-11163
-4619
-11339
-4667
-11611
-4635
-11851
-4715
-12107
-4603
-12395
-4691
-12571
-4611
-12763
-4715
-13035
-4651
-13315
-4659
-13523
-4643
-13819
-4715
-13971
-4659
-14275
-4619
-14483
-4659
-14747
-4699
-14955
-4627
-15179
-4643
-15491
-4715
-15667
-4603
-15867
-4651
-16219
-4715
-16467
-4651
-16683
-4667
-16947
-4675
-17195
-4683
-17307
-4683
-17659
-4595
-17835
-4667
-18027
-4675
-18307
-4715
-18619
-4683
-18867
-4915
125
-4859
-131
-4895
-363
-4907
-595
-4799
-803
-4915
-991
-4907
-1323
-4955
-1531
-4839
-1815
-4931
-1991
-4847
-2267
-4887
-2455
-4931
-2767
-4951
-2899
-4915
-3119
-4927
-3379
-4803
-3607
-4895
-3967
-4811
-4199
-4867
-4371
-4803
-4675
-4931
-4851
-4931
-5127
-4935
-5407
-4931
-5615
-4931
-5775
-4939
-6011
-4927
-6271
-4847
-6515
-4939
-6795
-4887
-7039
-4907
-7311
-4867
-7555
-4887
-7795
-4955
-7999
-4891
-8255
-4915
-8503
-4931
-8751
-4915
-8911
-4847
-9243
-4923
-9423
-4867
-9659
-4955
-9923
-4915
-10195
-4907
-10371
-4851
-10699
-4923
-10899
-4923
-11147
-4899
-11371
-4827
-11635
-4915
-11811
-4891
-12059
-4923
-12331
-4931
-12555
-4891
-12875
-4939
-12987
-4851
-13315
-4923
-13555
-4899
-13803
-4947
-13987
-4923
-14315
-4915
-14491
-4899
-14723
-4899
-14915
-4907
-15227
-4955
-15395
-4891
-15683
-4947
-15987
-4891
-16211
-4915
-16475
-4931
-16707
-4939
-16843
-4851
-17195
-4931
-17355
-4931
-17659
-4899
-17851
-4939
-18131
-4843
-18291
-4835
-18587
-4939
-18875
-5099
109
-5155
-27
-5083
-331
-5171
-555
-5131
-771
-5183
-1043
-5107
-1235
-5123
-1483
-5123
-1803
-5119
-1955
-5095
-2267
-5111
-2499
-5139
-2687
-5099
-2971
-5099
-3231
-5075
-3403
-5139
-3627
-5155
-3927
-5083
-4195
-5067
-4347
-5119
-4615
-5047
-4835
-5179
-5135
-5119
-5403
-5103
-5663
-5139
-5831
-5083
-6091
-5191
-6331
-5179
-6587
-5195
-6755
-5159
-7059
-5079
-7223
-5071
-7507
-5103
-7791
-5095
-7967
-5175
-8215
-5075
-8447
-5135
-8719
-5075
-9011
-5067
-9167
-5143
-9367
-5195
-9755
-5075
-9915
-5139
-10211
-5115
-10427
-5075
-10659
-5171
-10907
-5171
-11155
-5171
-11403
-5163
-11547
-5083
-11899
-5195
-12147
-5155
-12387
-5163
-12507
-5195
-12819
-5179
-13083
-5187
-13235
-5091
-13547
-5099
-13811
-5187
-14075
-5083
-14259
-5115
-14483
-5107
-14715
-5139
-14947
-5139
-15147
-5107
-15387
-5179
-15707
-5123
-15931
-5075
-16219
-5179
-16411
-5107
-16635
-5163
-16867
-5115
-17123
-5091
-17307
-5163
-17659
-5171
-17827
-5179
-18075
-5155
-18387
-5171
-18595
-5131
-18851
-5307
85
-5419
-123
-5363
-287
-5371
-599
-5427
-787
-5387
-1051
-5411
-1323
-5395
-1539
-5411
-1715
-5427
-1979
-5395
-2227
-5387
-2483
-5427
-2771
-5331
-2891
-5427
-3163
-5395
-3459
-5435
-3723
-5339
-3971
-5395
-4095
-5427
-4355
-5411
-4715
-5403
-4843
-5419
-5123
-5355
-5323
-5435
-5651
-5347
-5883
-5403
-6123
-5419
-6283
-5395
-6519
-5323
-6815
-5371
-7099
-5411
-7307
-5371
-7539
-5395
-7795
-5403
-7995
-5419
-8267
-5387
-8491
-5387
-8715
-5323
-9003
-5379
-9159
-5419
-9411
-5355
-9683
-5387
-9963
-5379
-10219
-5363
-10363
-5395
-10659
-5403
-10827
-5435
-11067
-5371
-11403
-5411
-11635
-5379
-11915
-5387
-12115
-5419
-12331
-5331
-12539
-5435
-12763
-5323
-13083
-5411
-13243
-5387
-13547
-5371
-13747
-5403
-14075
-5435
-14211
-5371
-14555
-5419
-14667
-5363
-14971
-5347
-15235
-5307
-15403
-5355
-15723
-5427
-15939
-5307
-16115
-5363
-16427
-5379
-16675
-5419
-16947
-5355
-17099
-5395
-17339
-5403
-17579
-5339
-17835
-5411
-18107
-5371
-18291
-5307
-18507
-5331
-18811
-5659
141
-5667
-99
-5651
-387
-5651
-571
-5603
-843
-5619
-1115
-5579
-1315
-5651
-1475
-5619
-1795
-5611
-2059
-5587
-2259
-5563
-2427
-5667
-2763
-5595
-2987
-5619
-3171
-5555
-3403
-5563
-3643
-5587
-3915
-5635
-4123
-5571
-4371
-5675
-4627
-5659
-4915
-5587
-5107
-5587
-5419
-5635
-5659
-5675
-5827
-5587
-6131
-5603
-6267
-5635
-6619
-5603
-6763
-5667
-7075
-5595
-7259
-5675
-7539
-5595
-7731
-5555
-8067
-5595
-8203
-5619
-8483
-5555
-8747
-5659
-8939
-5643
-9243
-5627
-9443
-5603
-9755
-5595
-9955
-5651
-10203
-5587
-10363
-5547
-10603
-5555
-10859
-5675
-11179
-5627
-11411
-5603
-11651
-5619
-11835
-5659
-12115
-5659
-12267
-5555
-12611
-5619
-12835
-5651
-13067
-5587
-13259
-5635
-13531
-5587
-13803
-5675
-14043
-5555
-14267
-5675
-14523
-5627
-14715
-5675
-14931
-5667
-15195
-5595
-15515
-5643
-15755
-5659
-15899
-5587
-16203
-5643
-16451
-5571
-16643
-5667
-16883
-5651
-17107
-5619
-17323
-5627
-17635
-5667
-17795
-5675
-18035
-5643
-18347
-5659
-18563
-5579
-18875
-5867
93
-5891
-123
-5811
-355
-5851
-587
-5891
-803
-5811
-1067
-5851
-1291
-5899
-1555
-5835
-1739
-5819
-2059
-5827
-2307
-5843
-2459
-5811
-2691
-5883
-2971
-5891
-3163
-5875
-3499
-5891
-3651
-5787
-3939
-5899
-4203
-5891
-4451
-5851
-4699
-5827
-4843
-5835
-5163
-5875
-5323
-5883
-5603
-5867
-5907
-5891
-6075
-5891
-6379
-5875
-6539
-5915
-6835
-5859
-7003
-5883
-7299
-5867
-7555
-5891
-7723
-5811
-8019
-5883
-8203
-5795
-8539
-5883
-8723
-5891
-9035
-5859
-9211
-5803
-9507
-5875
-9723
-5843
-9867
-5907
-10139
-5875
-10435
-5883
-10619
-5875
-10947
-5907
-11187
-5891
-11419
-5907
-11643
-5787
-11883
-5907
-12059
-5851
-12379
-5803
-12579
-5883
-12755
-5859
-13019
-5883
-13267
-5811
-13491
-5875
-13707
-5867
-13963
-5907
-14307
-5915
-14427
-5899
-14747
-5787
-15003
-5915
-15187
-5851
-15419
-5875
-15659
-5835
-15891
-5811
-16131
-5795
-16379
-5843
-16715
-5883
-16899
-5899
-17155
-5787
-17323
-5899
-17547
-5787
-17787
-5891
-18051
-5899
-18355
-5891
-18579
-5859
-18875
-6075
125
-6035
-59
-6107
-307
-6115
-611
-6051
-771
-6035
-1091
-6115
-1291
-6107
-1587
-6139
-1747
-6099
-1955
-6107
-2195
-6123
-2539
-6115
-2667
-6115
-2955
-6067
-3163
-6131
-3459
-6139
-3755
-6139
-3931
-6051
-4115
-6107
-4403
-6155
-4643
-6147
-4939
-6147
-5075
-6147
-5395
-6043
-5643
-6131
-5859
-6131
-6059
-6067
-6355
-6075
-6563
-6131
-6795
-6059
-7059
-6123
-7251
-6115
-7515
-6155
-7755
-6051
-8075
-6131
-8235
-6083
-8467
-6155
-8787
-6155
-8947
-6091
-9163
-6091
-9419
-6115
-9651
-6155
-9867
-6147
-10171
-6107
-10419
-6059
-10667
-6155
-10915
-6107
-11139
-6091
-11419
-6099
-11547
-6139
-11899
-6099
-12131
-6123
-12323
-6075
-12507
-6091
-12787
-6107
-13075
-6131
-13251
-6155
-13467
-6067
-13827
-6115
-13979
-6123
-14195
-6099
-14547
-6083
-14675
-6139
-14971
-6107
-15259
-6083
-15467
-6027
-15667
-6075
-15971
-6139
-16187
-6051
-16411
-6155
-16627
-6043
-16899
-6123
-17131
-6155
-17347
-6123
-17555
-6099
-17899
-6131
-18123
-6147
-18267
-6091
-18627
-6131
-18851
-6323
85
-6291
-75
-6283
-371
-6363
-603
-6363
-811
-6347
-1027
-6355
-1307
-6291
-1523
-6387
-1811
-6371
-2035
-6275
-2251
-6355
-2539
-6363
-2699
-6387
-2963
-6395
-3171
-6339
-3507
-6331
-3691
-6307
-3931
-6387
-4115
-6315
-4467
-6347
-4659
-6355
-4843
-6395
-5067
-6299
-5411
-6307
-5563
-6379
-5891
-6299
-6043
-6371
-6299
-6379
-6523
-6379
-6771
-6339
-6995
-6291
-7259
-6363
-7571
-6395
-7779
-6379
-8035
-6395
-8299
-6355
-8467
-6283
-8699
-6323
-8963
-6339
-9203
-6387
-9395
-6355
-9723
-6307
-9939
-6347
-10155
-6395
-10379
-6387
-10619
-6379
-10883
-6355
-11155
-6395
-11411
-6331
-11659
-6395
-11803
-6379
-12027
-6355
-12339
-6347
-12515
-6315
-12747
-6267
-13099
-6355
-13339
-6355
-13579
-6339
-13755
-6299
-14019
-6387
-14235
-6315
-14547
-6347
-14795
-6299
-14955
-6307
-15195
-6347
-15395
-6387
-15659
-6387
-15955
-6275
-16179
-6371
-16467
-6379
-16683
-6371
-16827
-6387
-17115
-6395
-17323
-6387
-17571
-6347
-17867
-6323
-18139
-6363
-18299
-6267
-18531
-6307
-18851
-6587
101
-6595
-75
-6627
-267
-6587
-603
-6587
-835
-6555
-1003
-6555
-1299
-6595
-1555
-6627
-1803
-6635
-2043
-6611
-2219
-6587
-2459
-6603
-2723
-6603
-2979
-6611
-3243
-6627
-3427
-6619
-3635
-6611
-3939
-6627
-4203
-6579
-4451
-6611
-4611
-6627
-4851
-6619
-5107
-6515
-5323
-6603
-5571
-6563
-5907
-6523
-6059
-6595
-6371
-6635
-6547
-6635
-6771
-6619
-7011
-6563
-7251
-6523
-7547
-6523
-7819
-6587
-7955
-6595
-8315
-6563
-8555
-6507
-8731
-6627
-8931
-6587
-9243
-6603
-9483
-6547
-9635
-6635
-9923
-6579
-10115
-6611
-10467
-6627
-10699
-6587
-10875
-6595
-11171
-6579
-11355
-6627
-11619
-6547
-11883
-6595
-12043
-6603
-12323
-6507
-12611
-6563
-12779
-6627
-13099
-6611
-13291
-6563
-13499
-6619
-13795
-6619
-13971
-6579
-14227
-6635
-14523
-6563
-14771
-6635
-14995
-6507
-15227
-6619
-15419
-6603
-15683
-6571
-15915
-6619
-16163
-6619
-16475
-6603
-16715
-6579
-16827
-6531
-17155
-6547
-17363
-6579
-17611
-6563
-17843
-6635
-18075
-6515
-18355
-6523
-18635
-6595
-18867
-6875
93
-6755
-51
-6803
-299
-6843
-579
-6819
-859
-6803
-1027
-6771
-1339
-6771
-1531
-6843
-1747
-6779
-2019
-6795
-2275
-6827
-2539
-6843
-2675
-6787
-2987
-6803
-3163
-6867
-3515
-6851
-3723
-6859
-3947
-6803
-4147
-6755
-4355
-6827
-4643
-6827
-4859
-6827
-5091
-6811
-5363
-6851
-5675
-6795
-5891
-6867
-6067
-6867
-6315
-6827
-6515
-6811
-6803
-6851
-6995
-6819
-7243
-6787
-7563
-6843
-7835
-6851
-7947
-6771
-8243
-6747
-8459
-6747
-8739
-6827
-8987
-6827
-9219
-6851
-9427
-6763
-9675
-6851
-9995
-6851
-10219
-6819
-10395
-6859
-10667
-6747
-10899
-6859
-11147
-6867
-11395
-6755
-11603
-6819
-11851
-6787
-12075
-6851
-12363
-6859
-12611
-6819
-12763
-6827
-13107
-6819
-13291
-6843
-13539
-6811
-13803
-6811
-13979
-6755
-14307
-6747
-14491
-6755
-14779
-6747
-15035
-6771
-15227
-6843
-15419
-6875
-15699
-6819
-15987
-6875
-16147
-6851
-16459
-6859
-16715
-6779
-16867
-6779
-17107
-6755
-17323
-6859
-17603
-6867
-17915
-6875
-18099
-6875
-18379
-6787
-18635
-6811
-18811
-7011
133
-7059
-67
-7035
-323
-7083
-563
-7091
-835
-7091
-1059
-7043
-1235
-7075
-1539
-7075
-1819
-7075
-2075
-7083
-2275
-7035
-2547
-7011
-2787
-7107
-2971
-6995
-3275
-7107
-3467
-7027
-3683
-7027
-3995
-7067
-4139
-7011
-4475
-7083
-4691
-7075
-4867
-7003
-5091
-7107
-5427
-7003
-5595
-7003
-5835
-7035
-6035
-7019
-6395
-7059
-6635
-7115
-6867
-7011
-7019
-7091
-7251
-7115
-7499
-7099
-7771
-7003
-7979
-7051
-8243
-7075
-8507
-7115
-8715
-7091
-8923
-7099
-9195
-7091
-9403
-7115
-9675
-7067
-9923
-6987
-10155
-7075
-10467
-7083
-10683
-7059
-10867
-7067
-11163
-7091
-11355
-7083
-11651
-6987
-11891
-7107
-12051
-7083
-12291
-7035
-12603
-7027
-12811
-6987
-13003
-7083
-13259
-7075
-13523
-7107
-13771
-6987
-14003
-7115
-14275
-7067
-14523
-7107
-14755
-7075
-15003
-7075
-15179
-7091
-15435
-7075
-15699
-7091
-15971
-7051
-16115
-7107
-16419
-7019
-16643
-7083
-16899
-7067
-17171
-7027
-17435
-7075
-17555
-7027
-17803
-7107
-18099
-7091
-18307
-7035
-18635
-7011
-18867
-7299
93
-7331
-35
-7331
-275
-7227
-619
-7275
-835
-7355
-1011
-7315
-1299
-7251
-1571
-7299
-1803
-7251
-2067
-7307
-2235
-7347
-2547
-7315
-2715
-7347
-2987
-7267
-3227
-7299
-3387
-7235
-3715
-7347
-3955
-7291
-4211
-7355
-4371
-7355
-4619
-7275
-4835
-7307
-5147
-7243
-5427
-7299
-5619
-7243
-5875
-7339
-6123
-7243
-6307
-7299
-6507
-7299
-6795
-7283
-7035
-7331
-7235
-7299
-7531
-7339
-7755
-7315
-8051
-7299
-8307
-7307
-8491
-7275
-8739
-7331
-9027
-7307
-9235
-7243
-9419
-7307
-9683
-7235
-9899
-7323
-10123
-7339
-10459
-7331
-10675
-7323
-10883
-7283
-11099
-7331
-11347
-7259
-11547
-7251
-11875
-7275
-12051
-7347
-12355
-7339
-12555
-7355
-12787
-7291
-13011
-7315
-13355
-7243
-13491
-7259
-13795
-7315
-13995
-7323
-14219
-7275
-14515
-7339
-14699
-7347
-14923
-7283
-15171
-7339
-15387
-7355
-15683
-7355
-15891
-7339
-16163
-7243
-16355
-7339
-16667
-7347
-16859
-7291
-17115
-7331
-17371
-7235
-17603
-7355
-17891
-7315
-18099
-7339
-18283
-7323
-18579
-7347
-18843
-7491
109
-7539
-131
-7579
-299
-7491
-635
-7475
-803
-7587
-1099
-7555
-1275
-7491
-1475
-7571
-1731
-7571
-1987
-7499
-2227
-7515
-2547
-7475
-2763
-7595
-2947
-7475
-3211
-7539
-3395
-7531
-3691
-7547
-3907
-7587
-4115
-7531
-4475
-7523
-4603
-7491
-4923
-7563
-5171
-7531
-5419
-7587
-5587
-7483
-5883
-7571
-6131
-7571
-6291
-7523
-6539
-7507
-6795
-7563
-7027
-7587
-7243
-7507
-7555
-7531
-7803
-7595
-8051
-7483
-8251
-7547
-8555
-7539
-8787
-7563
-9011
-7539
-9275
-7539
-9499
-7515
-9715
-7555
-9947
-7595
-10131
-7539
-10475
-7507
-10603
-7507
-10915
-7587
-11075
-7547
-11419
-7531
-11659
-7595
-11907
-7555
-12107
-7579
-12363
-7531
-12563
-7595
-12875
-7531
-13083
-7587
-13355
-7563
-13531
-7483
-13771
-7555
-14059
-7595
-14259
-7555
-14491
-7563
-14763
-7579
-14923
-7539
-15235
-7547
-15411
-7531
-15707
-7571
-15915
-7491
-16187
-7579
-16459
-7523
-16715
-7595
-16867
-7507
-17091
-7595
-17355
-7571
-17675
-7515
-17859
-7587
-18155
-7475
-18387
-7531
-18619
-7547
-18875
-7787
133
-7747
-115
-7755
-339
-7731
-515
-7795
-867
-7795
-1091
-7827
-1315
-7827
-1491
-7803
-1715
-7771
-1987
-7835
-2259
-7779
-2523
-7835
-2779
-7819
-2955
-7707
-3155
-7795
-3483
-7755
-3659
-7715
-3979
-7723
-4179
-7827
-4443
-7747
-4587
-7835
-4843
-7795
-5099
-7827
-5331
-7755
-5547
-7739
-5899
-7811
-6115
-7787
-6387
-7835
-6611
-7707
-6763
-7747
-7043
-7771
-7299
-7803
-7563
-7827
-7747
-7771
-8059
-7715
-8275
-7747
-8555
-7763
-8707
-7787
-8939
-7827
-9195
-7819
-9459
-7827
-9715
-7747
-9963
-7811
-10107
-7779
-10467
-7811
-10699
-7771
-10867
-7827
-11123
-7763
-11419
-7795
-11587
-7803
-11835
-7755
-12115
-7787
-12355
-7827
-12563
-7835
-12851
-7803
-13091
-7755
-13251
-7803
-13555
-7795
-13763
-7819
-13987
-7811
-14187
-7819
-14475
-7835
-14787
-7771
-14995
-7811
-15219
-7803
-15427
-7811
-15651
-7731
-15915
-7795
-16227
-7755
-16387
-7763
-16707
-7747
-16899
-7763
-17163
-7795
-17403
-7747
-17611
-7803
-17851
-7835
-18107
-7827
-18291
-7763
-18507
-7731
-18851
-8075
125
-8011
-75
-8059
-347
-8003
-531
-8051
-763
-7995
-1075
-8067
-1243
-8051
-1515
-7995
-1723
-8043
-2003
-7963
-2251
-8051
-2499
-8075
-2715
-8043
-2995
-8075
-3235
-8075
-3395
-8043
-3715
-8019
-3883
-8027
-4235
-7971
-4347
-8075
-4715
-7971
-4827
-8075
-5187
-8075
-5427
-7963
-5587
-8035
-5843
-8051
-6083
-8035
-6267
-8011
-6611
-8051
-6763
-8011
-7011
-8043
-7283
-7995
-7491
-7987
-7811
-7987
-8067
-8035
-8187
-8027
-8427
-7971
-8675
-8067
-8907
-8011
-9179
-7995
-9419
-7979
-9683
-7995
-9947
-7955
-10147
-8051
-10411
-8035
-10675
-8043
-10899
-8019
-11091
-7987
-11395
-8043
-11619
-7995
-11875
-7979
-12043
-8043
-12339
-7995
-12571
-8075
-12771
-8059
-13067
-8019
-13259
-8051
-13539
-8003
-13795
-8059
-14043
-8043
-14283
-7963
-14507
-8035
-14787
-7995
-14963
-8051
-15251
-8059
-15427
-7971
-15739
-7987
-15987
-7971
-16123
-8035
-16435
-7987
-16683
-8059
-16851
-8051
-17091
-8043
-17379
-8067
-17635
-8043
-17867
-7963
-18123
-7979
-18395
-8011
-18555
-8003
-18811
-8283
109
-8291
-51
-8291
-387
-8211
-555
-8243
-795
-8259
-1099
-8307
-1347
-8283
-1491
-8195
-1779
-8267
-1979
-8267
-2187
-8283
-2475
-8235
-2723
-8211
-2979
-8211
-3235
-8291
-3507
-8275
-3715
-8203
-3899
-8307
-4187
-8259
-4451
-8267
-4707
-8275
-4835
-8211
-5091
-8291
-5371
-8267
-5547
-8227
-5819
-8275
-6043
-8283
-6299
-8211
-6523
-8227
-6787
-8291
-7067
-8251
-7315
-8275
-7507
-8227
-7835
-8235
-7955
-8251
-8227
-8235
-8427
-8227
-8715
-8235
-9011
-8235
-9171
-8251
-9435
-8187
-9635
-8259
-9931
-8195
-10107
-8315
-10435
-8299
-10595
-8267
-10875
-8227
-11083
-8315
-11371
-8275
-11675
-8283
-11907
-8267
-12115
-8299
-12331
-8307
-12571
-8299
-12779
-8203
-13019
-8315
-13267
-8283
-13531
-8307
-13787
-8283
-14019
-8219
-14243
-8259
-14547
-8259
-14747
-8283
-14971
-8299
-15163
-8187
-15467
-8203
-15643
-8291
-15979
-8267
-16195
-8251
-16427
-8203
-16651
-8259
-16843
-8315
-17147
-8283
-17331
-8291
-17651
-8211
-17851
-8235
-18075
-8291
-18387
-8243
-18555
-8267
-18867
-8499
141
-8467
-131
-8547
-371
-8523
-587
-8499
-795
-8451
-1059
-8547
-1251
-8507
-1491
-8531
-1779
-8523
-1987
-8499
-2259
-8539
-2555
-8515
-2723
-8483
-2947
-8547
-3219
-8467
-3467
-8427
-3627
-8443
-3987
-8515
-4115
-8467
-4451
-8539
-4659
-8483
-4915
-8531
-5083
-8451
-5331
-8443
-5635
-8443
-5827
-8515
-6067
-8539
-6331
-8539
-6531
-8483
-6771
-8427
-7003
-8555
-7331
-8539
-7475
-8539
-7811
-8547
-8051
-8427
-8211
-8539
-8555
-8443
-8699
-8459
-8963
-8539
-9171
-8531
-9411
-8539
-9659
-8523
-9955
-8555
-10211
-8507
-10427
-8435
-10611
-8459
-10955
-8459
-11083
-8539
-11419
-8555
-11627
-8539
-11803
-8475
-12099
-8435
-12387
-8539
-12531
-8451
-12827
-8523
-13019
-8539
-13227
-8539
-13587
-8507
-13827
-8483
-13979
-8475
-14227
-8539
-14507
-8467
-14739
-8555
-14955
-8547
-15187
-8499
-15475
-8547
-15691
-8435
-15899
-8499
-16139
-8475
-16419
-8451
-16635
-8507
-16867
-8531
-17139
-8491
-17387
-8467
-17659
-8531
-17795
-8507
-18067
-8555
-18291
-8523
-18515
-8515
-18819
-8675
149
-8795
-75
-8715
-331
-8675
-603
-8739
-827
-8771
-1059
-8795
-1339
-8779
-1523
-8795
-1707
-8667
-2011
-8795
-2299
-8723
-2499
-8723
-2779
-8763
-2971
-8787
-3203
-8739
-3491
-8707
-3755
-8667
-3979
-8755
-4227
-8755
-4387
-8771
-4691
-8699
-4875
-8747
-5107
-8723
-5387
-8779
-5611
-8691
-5859
-8779
-6099
-8795
-6355
-8787
-6579
-8699
-6763
-8771
-7043
-8787
-7275
-8747
-7483
-8779
-7755
-8771
-7987
-8763
-8251
-8787
-8451
-8763
-8715
-8787
-8915
-8683
-9211
-8779
-9467
-8715
-9747
-8691
-9899
-8771
-10187
-8771
-10411
-8691
-10675
-8771
-10915
-8779
-11179
-8715
-11395
-8755
-11635
-8731
-11787
-8675
-12051
-8763
-12371
-8723
-12539
-8723
-12827
-8755
-13091
-8795
-13323
-8667
-13507
-8779
-13819
-8739
-14043
-8675
-14299
-8747
-14531
-8747
-14675
-8763
-14915
-8723
-15171
-8755
-15411
-8683
-15707
-8795
-15867
-8795
-16203
-8763
-16363
-8755
-16643
-8707
-16923
-8787
-17123
-8675
-17371
-8707
-17555
-8787
-17859
-8747
-18043
-8779
-18307
-8787
-18563
-8771
-18851
-8995
149
-8963
-51
-9035
-331
-9011
-555
-8939
-811
-9011
-1027
-8955
-1283
-8963
-1507
-8987
-1763
-8947
-2059
-9035
-2195
-8931
-2531
-8947
-2675
-8995
-2907
-9011
-3171
-8931
-3419
-8923
-3627
-9035
-3923
-9003
-4123
-9035
-4427
-8915
-4627
-8971
-4939
-9027
-5123
-9027
-5363
-9019
-5571
-8995
-5891
-8955
-6107
-8947
-6299
-8987
-6547
-9011
-6795
-8995
-7035
-9035
-7299
-8971
-7595
-9019
-7739
-8947
-8019
-8923
-8227
-8915
-8427
-9011
-8795
-8995
-8923
-8955
-9235
-8939
-9403
-9035
-9659
-8907
-9987
-8963
-10235
-9035
-10443
-9011
-10611
-8987
-10891
-8907
-11171
-9019
-11379
-9035
-11643
-8923
-11795
-8979
-12123
-9027
-12379
-9011
-12611
-8939
-12827
-8995
-13003
-8971
-13227
-9003
-13563
-8939
-13835
-9019
-14059
-9027
-14315
-8971
-14459
-8931
-14747
-8963
-14979
-8963
-15211
-8955
-15459
-9027
-15707
-8987
-15915
-9035
-16171
-8955
-16467
-8995
-16611
-8947
-16947
-8947
-17115
-9019
-17355
-9019
-17611
-9027
-17851
-9035
-18043
-8987
-18347
-9019
-18523
-8995
-18811
-9235
133
-9275
-67
-9235
-363
-9267
-563
-9259
-851
-9235
-1051
-9259
-1275
-9171
-1547
-9243
-1747
-9251
-2011
-9219
-2235
-9171
-2467
-9163
-2699
-9275
-3019
-9219
-3267
-9251
-3499
-9155
-3715
-9259
-3875
-9187
-4139
-9259
-4443
-9227
-4595
-9275
-4859
-9267
-5067
-9195
-5395
-9227
-5611
-9243
-5883
-9163
-6035
-9187
-6331
-9251
-6555
-9203
-6803
-9235
-7003
-9243
-7267
-9259
-7531
-9227
-7715
-9187
-7979
-9187
-8187
-9163
-8531
-9187
-8715
-9211
-8947
-9211
-9155
-9171
-9475
-9147
-9643
-9163
-9955
-9267
-10195
-9227
-10379
-9203
-10651
-9163
-10939
-9275
-11163
-9251
-11419
-9243
-11643
-9267
-11851
-9243
-12059
-9243
-12299
-9203
-12611
-9235
-12843
-9179
-13027
-9267
-13275
-9219
-13507
-9203
-13723
-9163
-14075
-9227
-14227
-9187
-14499
-9219
-14747
-9259
-14955
-9267
-15259
-9267
-15395
-9179
-15755
-9275
-15947
-9195
-16203
-9179
-16379
-9155
-16707
-9259
-16907
-9259
-17195
-9259
-17363
-9243
-17571
-9203
-17859
-9275
-18139
-9219
-18395
-9195
-18619
-9219
-18811
-9419
125
-9435
-83
-9459
-315
-9395
-515
-9491
-747
-9491
-1003
-9499
-1251
-9483
-1491
-9387
-1827
-9411
-1979
-9515
-2291
-9499
-2547
-9507
-2699
-9467
-2915
-9411
-3203
-9411
-3467
-9507
-3755
-9435
-3995
-9435
-4187
-9499
-4435
-9467
-4587
-9483
-4931
-9491
-5155
-9443
-5419
-9483
-5651
-9419
-5787
-9507
-6059
-9435
-6363
-9451
-6611
-9419
-6843
-9387
-7083
-9403
-7331
-9507
-7507
-9443
-7707
-9467
-8067
-9507
-8203
-9467
-8523
-9475
-8739
-9419
-8955
-9387
-9235
-9507
-9507
-9515
-9739
-9435
-9907
-9451
-10131
-9427
-10467
-9403
-10611
-9451
-10835
-9475
-11067
-9499
-11355
-9443
-11595
-9443
-11859
-9491
-12059
-9499
-12267
-9483
-12635
-9475
-12843
-9459
-12987
-9451
-13331
-9475
-13507
-9507
-13755
-9515
-14075
-9515
-14219
-9491
-14499
-9507
-14755
-9499
-14995
-9459
-15179
-9451
-15491
-9515
-15675
-9435
-15923
-9411
-16203
-9507
-16347
-9483
-16715
-9411
-16851
-9507
-17195
-9475
-17363
-9515
-17611
-9507
-17795
-9467
-18155
-9411
-18315
-9483
-18563
-9435
-18859
-9715
109
-9747
-67
-9755
-379
-9715
-515
-9747
-747
-9755
-1091
-9755
-1315
-9755
-1491
-9691
-1811
-9675
-1995
-9731
-2203
-9731
-2523
-9723
-2675
-9747
-2979
-9723
-3235
-9731
-3491
-9755
-3627
-9643
-3923
-9715
-4211
-9691
-4403
-9659
-4603
-9755
-4827
-9739
-5195
-9659
-5347
-9691
-5563
-9643
-5835
-9699
-6035
-9755
-6379
-9731
-6595
-9683
-6859
-9731
-7099
-9707
-7339
-9699
-7475
-9699
-7835
-9699
-7987
-9667
-8211
-9739
-8435
-9747
-8683
-9675
-8971
-9699
-9267
-9715
-9459
-9731
-9747
-9739
-9923
-9723
-10227
-9723
-10411
-9731
-10635
-9691
-10883
-9683
-11179
-9739
-11371
-9731
-11595
-9683
-11811
-9691
-12059
-9651
-12339
-9707
-12595
-9627
-12843
-9699
-13051
-9643
-13251
-9659
-13523
-9731
-13827
-9715
-13955
-9747
-14299
-9707
-14435
-9699
-14731
-9755
-14931
-9715
-15267
-9715
-15483
-9683
-15715
-9643
-15971
-9747
-16187
-9691
-16411
-9707
-16651
-9739
-16875
-9747
-17075
-9747
-17355
-9723
-17667
-9755
-17835
-9683
-18083
-9715
-18339
-9747
-18523
-9755
-18851
-9907
117
-9987
-83
-9883
-387
-9931
-587
-9923
-763
-9979
-987
-9963
-1275
-9891
-1587
-9955
-1755
-9947
-1963
-9931
-2219
-9931
-2435
-9899
-2699
-9931
-2939
-9931
-3243
-9907
-3451
-9939
-3667
-9955
-3939
-9987
-4155
-9963
-4435
-9899
-4603
-9971
-4827
-9995
-5179
-9995
-5419
-9979
-5571
-9971
-5907
-9963
-6131
-9995
-6379
-9939
-6579
-9995
-6747
-9899
-7091
-9899
-7235
-9891
-7483
-9947
-7715
-9971
-7963
-9995
-8291
-9939
-8467
-9987
-8747
-9899
-8907
-9947
-9227
-9923
-9467
-9963
-9667
-9995
-9987
-9939
-10139
-9931
-10411
-9979
-10691
-9955
-10851
-9931
-11187
-9939
-11307
-9891
-11547
-9963
-11851
-9979
-12139
-9987
-12299
-9931
-12571
-9979
-12859
-9907
-13115
-9971
-13299
-9987
-13467
-9995
-13827
-9955
-13979
-9987
-14315
-9939
-14427
-9979
-14699
-9971
-15027
-9939
-15227
-9931
-15411
-9963
-15691
-9979
-15883
-9883
-16227
-9899
-16459
-9955
-16707
-9907
-16867
-9995
-17147
-9979
-17387
-9875
-17667
-9995
-17843
-9883
-18043
-9947
-18291
-9963
-18571
-9939
-18843
-10219
125
-10195
-91
-10163
-347
-10155
-539
-10155
-875
-10139
-987
-10211
-1323
-10187
-1499
-10203
-1803
-10171
-1963
-10211
-2219
-10235
-2491
-10187
-2683
-10123
-2987
-10235
-3171
-10115
-3515
-10235
-3691
-10131
-3971
-10219
-4235
-10139
-4427
-10123
-4691
-10195
-4875
-10171
-5067
-10107
-5339
-10131
-5619
-10235
-5795
-10187
-6083
-10163
-6283
-10139
-6523
-10171
-6843
-10163
-7067
-10203
-7275
-10107
-7571
-10163
-7795
-10203
-8051
-10235
-8219
-10211
-8467
-10219
-8739
-10235
-8939
-10227
-9203
-10139
-9507
-10179
-9651
-10155
-9867
-10187
-10107
-10187
-10411
-10203
-10699
-10219
-10915
-10163
-11147
-10107
-11331
-10163
-11659
-10219
-11883
-10139
-12139
-10115
-12307
-10235
-12547
-10203
-12779
-10107
-13115
-10235
-13323
-10163
-13555
-10107
-13803
-10203
-13971
-10203
-14211
-10235
-14515
-10123
-14763
-10227
-15027
-10171
-15211
-10211
-15427
-10235
-15659
-10219
-15891
-10235
-16219
-10203
-16435
-10195
-16587
-10147
-16947
-10227
-17083
-10235
-17331
-10155
-17627
-10195
-17843
-10179
-18035
-10227
-18323
-10235
-18587
-10163
-18859
-10419
125
-10451
-27
-10467
-379
-10451
-619
-10475
-835
-10427
-1091
-10467
-1339
-10459
-1579
-10459
-1747
-10451
-2059
-10451
-2251
-10459
-2547
-10435
-2699
-10443
-3019
-10411
-3267
-10451
-3507
-10411
-3715
-10451
-3995
-10467
-4179
-10427
-4379
-10459
-4651
-10451
-4859
-10427
-5179
-10411
-5307
-10459
-5555
-10467
-5883
-10451
-6067
-10435
-6291
-10451
-6587
-10475
-6875
-10475
-7067
-10475
-7283
-10467
-7499
-10451
-7795
-10411
-8027
-10475
-8283
-10427
-8427
-10443
-8739
-10443
-8947
-10435
-9195
-10435
-9459
-10475
-9627
-10467
-9939
-10459
-10235
-10467
-10411
-10451
-10699
-10467
-10875
-10475
-11075
-10443
-11379
-10411
-11547
-10467
-11899
-10467
-12075
-10427
-12363
-10419
-12507
-10475
-12795
-10475
-13051
-10475
-13291
-10467
-13523
-10451
-13739
-10451
-14051
-10467
-14275
-10467
-14483
-10427
-14699
-10467
-14939
-10451
-15275
-10475
-15475
-10459
-15667
-10451
-15899
-10427
-16179
-10435
-16355
-10475
-16707
-10435
-16899
-10435
-17195
-10459
-17355
-10427
-17563
-10443
-17891
-10435
-18155
-10427
-18323
-10435
-18627
-10467
-18851
