109
480
145
-119
128
-319
233
-605
141
-765
987
-1013
240
-1215
280
-1532
498
-1749
163
-1970
186
-2165
139
-2489
139
-2739
191
-2957
401
-3157
179
-3437
305
-3657
583
-3973
161
-4101
113
-4407
249
-4655
109
-4871
117
-5175
117
-5323
85
-5639
133
-5867
149
-6103
85
-6307
85
-6531
85
-6751
117
-7067
109
-7231
149
-7531
85
-7771
85
-7987
101
-8255
109
-8463
125
-8683
109
-8947
109
-9227
109
-9499
125
-9699
109
-9939
125
-10171
101
-10355
133
-10699
117
-10891
117
-11067
93
-11387
101
-11595
109
-11819
93
-12107
149
-12275
109
-12611
149
-12843
109
-13027
93
-13283
149
-13491
101
-13827
133
-13987
85
-14299
149
-14427
141
-14771
101
-14987
149
-15163
125
-15467
141
-15707
125
-15939
125
-16131
117
-16459
93
-16667
109
-16867
117
-17195
125
-17371
117
-17611
85
-17867
85
-18083
101
-18363
149
-18587
149
-18859
-115
845
-121
-102
-110
-357
-75
-543
-90
-817
-91
-995
-98
-1277
-69
-1466
-24
-1818
-3
-1999
-115
-2254
-131
-2453
-63
-2677
-9
-3007
-11
-3231
-107
-3447
-119
-3687
-83
-3943
-75
-4193
-39
-4377
-141
-4699
-107
-4851
-79
-5123
-59
-5383
-123
-5575
-127
-5811
-27
-6151
-23
-6395
-35
-6535
-103
-6851
-19
-7027
-143
-7267
-47
-7487
-47
-7715
-19
-7987
-131
-8191
-71
-8523
-143
-8699
-119
-8991
-3
-9195
-19
-9399
-99
-9755
-75
-9923
-131
-10203
-155
-10467
-27
-10707
-43
-10907
-115
-11115
-131
-11315
-139
-11619
-131
-11787
-83
-12131
-107
-12291
-35
-12627
-147
-12747
-139
-13075
-147
-13307
-115
-13555
-155
-13811
-67
-13987
-35
-14315
-107
-14475
-59
-14699
-75
-15003
-51
-15211
-67
-15491
-147
-15723
-59
-15867
-107
-16131
-147
-16387
-59
-16611
-35
-16867
-147
-17139
-131
-17307
-139
-17595
-147
-17795
-131
-18099
-115
-18283
-131
-18603
-51
-18827
-367
1331
-263
-36
-301
-270
-345
-497
-253
-846
-298
-1050
-357
-1266
-365
-1493
-265
-1726
-299
-1966
-275
-2276
-337
-2435
-339
-2735
-345
-2923
-281
-3165
-293
-3459
-275
-3705
-355
-3857
-381
-4101
-321
-4391
-265
-4571
-379
-4831
-367
-5087
-283
-5371
-287
-5587
-283
-5783
-375
-6127
-299
-6275
-339
-6551
-255
-6811
-395
-7087
-263
-7275
-347
-7451
-279
-7803
-339
-8071
-279
-8263
-319
-8511
-327
-8739
-363
-8983
-335
-9227
-323
-9439
-339
-9667
-347
-9923
-267
-10171
-387
-10419
-275
-10595
-291
-10875
-331
-11195
-275
-11331
-387
-11611
-275
-11891
-379
-12051
-387
-12291
-315
-12619
-363
-12747
-355
-13091
-283
-13307
-323
-13475
-283
-13731
-387
-13955
-387
-14307
-275
-14499
-331
-14771
-363
-14923
-347
-15171
-395
-15395
-379
-15755
-387
-15971
-379
-16107
-323
-16371
-387
-16707
-267
-16939
-371
-17067
-347
-17363
-355
-17587
-307
-17827
-379
-18075
-387
-18363
-355
-18531
-355
-18875
-603
266
-548
-107
-563
-326
-533
-535
-495
-844
-579
-1048
-621
-1217
-531
-1579
-585
-1788
-571
-2053
-554
-2268
-557
-2523
-533
-2661
-483
-2929
-513
-3231
-531
-3443
-527
-3745
-523
-3917
-503
-4123
-603
-4395
-585
-4637
-511
-4911
-591
-5047
-627
-5287
-623
-5655
-607
-5823
-619
-6027
-547
-6339
-539
-6571
-595
-6723
-547
-7039
-567
-7323
-555
-7459
-531
-7719
-575
-7951
-567
-8207
-515
-8403
-599
-8747
-579
-8927
-611
-9155
-599
-9371
-595
-9683
-611
-9883
-507
-10171
-563
-10443
-547
-10683
-611
-10891
-635
-11123
-579
-11419
-579
-11619
-619
-11827
-555
-12083
-595
-12331
-587
-12627
-627
-12795
-635
-13107
-611
-13259
-523
-13467
-539
-13787
-547
-14011
-627
-14267
-531
-14427
-523
-14715
-555
-14907
-635
-15251
-627
-15387
-619
-15691
-619
-15923
-531
-16235
-563
-16475
-635
-16699
-531
-16851
-619
-17075
-611
-17395
-619
-17555
-539
-17811
-619
-18139
-603
-18331
-611
-18595
-603
-18859
-855
1075
-739
-31
-837
-365
-731
-593
-831
-723
-854
-1001
-727
-1265
-831
-1570
-815
-1784
-761
-2027
-847
-2155
-825
-2419
-751
-2765
-849
-3013
-771
-3227
-835
-3473
-751
-3643
-811
-3895
-863
-4103
-835
-4437
-751
-4637
-847
-4823
-835
-5135
-775
-5311
-783
-5643
-731
-5799
-779
-6067
-867
-6311
-843
-6515
-739
-6819
-803
-7007
-819
-7227
-763
-7591
-819
-7783
-755
-7987
-763
-8223
-847
-8419
-759
-8751
-855
-9011
-867
-9203
-835
-9427
-851
-9691
-867
-9995
-851
-10131
-851
-10363
-835
-10611
-803
-10859
-819
-11139
-803
-11387
-851
-11547
-827
-11819
-851
-12147
-819
-12315
-827
-12627
-843
-12787
-835
-13051
-835
-13267
-755
-13587
-763
-13707
-851
-13987
-867
-14227
-835
-14451
-819
-14699
-755
-14971
-867
-15211
-755
-15395
-867
-15691
-843
-15907
-867
-16107
-819
-16371
-859
-16715
-867
-16899
-827
-17067
-803
-17387
-747
-17611
-835
-17827
-867
-18115
-851
-18395
-859
-18563
-843
-18827
-1059
2047
-986
-62
-1030
-334
-1092
-490
-1009
-777
-1107
-1022
-1047
-1228
-957
-1542
-1093
-1776
-1065
-1962
-1068
-2271
-1065
-2433
-1021
-2769
-1075
-2913
-1095
-3121
-1067
-3461
-1035
-3745
-1003
-3947
-967
-4103
-1037
-4399
-1003
-4695
-975
-4923
-983
-5071
-1103
-5411
-1027
-5551
-1059
-5763
-995
-6139
-1059
-6291
-1075
-6559
-1067
-6835
-1067
-7023
-1103
-7231
-1039
-7491
-1075
-7763
-1067
-7991
-1107
-8219
-1039
-8535
-1051
-8751
-995
-8907
-1067
-9191
-1087
-9415
-1115
-9667
-1083
-9971
-1003
-10107
-1027
-10443
-1035
-10691
-1051
-10907
-1043
-11115
-1043
-11387
-1011
-11667
-995
-11803
-995
-12139
-1107
-12395
-1027
-12523
-995
-12771
-1115
-12987
-987
-13235
-987
-13515
-1027
-13723
-1059
-14027
-1067
-14219
-1035
-14499
-995
-14723
-1067
-15011
-1067
-15195
-1115
-15499
-1027
-15667
-1003
-15971
-1059
-16107
-1035
-16363
-1027
-16643
-1107
-16891
-987
-17091
-1051
-17339
-1099
-17627
-1075
-17819
-1067
-18083
-1035
-18323
-1027
-18619
-1027
-18843
-1331
1605
-1245
-45
-1265
-349
-1213
-538
-1323
-843
-1251
-971
-1247
-1310
-1339
-1483
-1337
-1787
-1231
-2009
-1241
-2153
-1213
-2519
-1303
-2703
-1253
-2955
-1309
-3123
-1305
-3501
-1277
-3683
-1315
-3923
-1257
-4147
-1317
-4431
-1297
-4619
-1263
-4847
-1339
-5067
-1263
-5391
-1299
-5659
-1331
-5775
-1311
-6043
-1275
-6347
-1291
-6523
-1303
-6835
-1343
-7023
-1223
-7355
-1327
-7511
-1243
-7735
-1335
-7935
-1231
-8251
-1259
-8531
-1343
-8715
-1327
-9011
-1307
-9131
-1303
-9451
-1347
-9739
-1331
-9939
-1331
-10123
-1323
-10403
-1331
-10683
-1307
-10867
-1331
-11163
-1251
-11419
-1331
-11571
-1315
-11907
-1331
-12075
-1315
-12323
-1307
-12571
-1251
-12763
-1315
-13067
-1315
-13243
-1243
-13475
-1315
-13795
-1283
-13987
-1315
-14243
-1315
-14427
-1243
-14739
-1291
-14971
-1267
-15251
-1347
-15387
-1331
-15627
-1315
-15899
-1307
-16187
-1347
-16427
-1339
-16699
-1275
-16891
-1267
-17107
-1235
-17363
-1291
-17571
-1347
-17899
-1235
-18075
-1267
-18315
-1299
-18531
-1315
-18843
-1579
275
-1491
-25
-1453
-313
-1521
-607
-1477
-835
-1523
-1109
-1531
-1327
-1559
-1513
-1543
-1705
-1559
-1963
-1525
-2195
-1521
-2517
-1581
-2701
-1589
-2891
-1551
-3253
-1569
-3415
-1467
-3695
-1549
-3891
-1467
-4203
-1533
-4455
-1547
-4667
-1583
-4875
-1563
-5131
-1527
-5387
-1479
-5563
-1483
-5895
-1583
-6027
-1483
-6303
-1475
-6587
-1571
-6851
-1551
-7007
-1523
-7235
-1547
-7523
-1527
-7695
-1531
-7995
-1595
-8187
-1463
-8499
-1583
-8687
-1579
-8939
-1539
-9203
-1523
-9383
-1595
-9747
-1563
-9907
-1523
-10163
-1491
-10475
-1555
-10683
-1539
-10955
-1563
-11179
-1587
-11323
-1475
-11563
-1571
-11843
-1547
-12075
-1491
-12291
-1507
-12539
-1563
-12795
-1475
-13107
-1547
-13267
-1555
-13579
-1571
-13723
-1587
-14027
-1571
-14251
-1555
-14499
-1539
-14715
-1531
-14987
-1595
-15179
-1491
-15491
-1547
-15707
-1587
-15947
-1507
-16147
-1507
-16459
-1491
-16603
-1467
-16835
-1531
-17179
-1547
-17355
-1523
-17587
-1571
-17835
-1523
-18123
-1595
-18323
-1595
-18563
-1475
-18835
-1795
249
-1823
-55
-1777
-371
-1743
-571
-1789
-753
-1793
-1001
-1715
-1215
-1717
-1559
-1765
-1709
-1763
-1997
-1827
-2251
-1695
-2515
-1687
-2693
-1741
-2929
-1781
-3219
-1747
-3493
-1783
-3669
-1755
-3923
-1703
-4137
-1793
-4337
-1795
-4699
-1827
-4895
-1799
-5135
-1747
-5311
-1795
-5643
-1731
-5763
-1799
-6139
-1811
-6263
-1815
-6503
-1811
-6783
-1755
-7099
-1755
-7299
-1803
-7451
-1747
-7719
-1807
-7995
-1795
-8191
-1819
-8531
-1807
-8707
-1707
-8959
-1807
-9215
-1815
-9507
-1827
-9651
-1707
-9955
-1811
-10147
-1707
-10371
-1755
-10691
-1779
-10947
-1811
-11115
-1827
-11331
-1811
-11563
-1747
-11803
-1779
-12123
-1715
-12331
-1723
-12611
-1747
-12851
-1811
-13083
-1803
-13259
-1819
-13563
-1755
-13715
-1723
-13971
-1763
-14243
-1795
-14483
-1811
-14747
-1811
-14915
-1707
-15243
-1827
-15387
-1739
-15755
-1763
-15867
-1827
-16155
-1795
-16387
-1827
-16715
-1835
-16851
-1787
-17147
-1819
-17331
-1779
-17547
-1739
-17867
-1819
-18035
-1827
-18387
-1779
-18539
-1707
-18827
-1991
963
-1999
-15
-1995
-277
-1991
-567
-2061
-787
-1967
-969
-2057
-1303
-2035
-1555
-1965
-1697
-1997
-1959
-2019
-2195
-2039
-2469
-2037
-2637
-1975
-2977
-2047
-3243
-2059
-3455
-2007
-3669
-2035
-3929
-1983
-4137
-1985
-4439
-2019
-4705
-2007
-4843
-1991
-5083
-1995
-5295
-2011
-5559
-1991
-5879
-2007
-6035
-1971
-6263
-2003
-6575
-2059
-6731
-1931
-6999
-2023
-7219
-2067
-7455
-2051
-7719
-1979
-8035
-2059
-8263
-2019
-8455
-2047
-8775
-2011
-8947
-2043
-9135
-2011
-9379
-1995
-9651
-1979
-9987
-2027
-10163
-2043
-10475
-1947
-10707
-1971
-10955
-2043
-11179
-2011
-11379
-2059
-11635
-2051
-11795
-2043
-12043
-2043
-12395
-2043
-12579
-2067
-12755
-2075
-13059
-1995
-13275
-1987
-13531
-2051
-13747
-2051
-14003
-1987
-14275
-2035
-14531
-2035
-14795
-2059
-14971
-2027
-15267
-2051
-15419
-2011
-15715
-1963
-15963
-2075
-16163
-2011
-16347
-2075
-16635
-1963
-16835
-2067
-17123
-2075
-17395
-2019
-17619
-1987
-17811
-1971
-18131
-1971
-18339
-2019
-18555
-2003
-18859
-2251
143
-2289
-19
-2295
-277
-2183
-579
-2299
-743
-2209
-987
-2183
-1275
-2291
-1551
-2243
-1703
-2309
-1975
-2189
-2181
-2173
-2495
-2247
-2763
-2229
-2877
-2269
-3197
-2263
-3487
-2279
-3677
-2257
-3873
-2249
-4083
-2229
-4421
-2223
-4571
-2195
-4903
-2267
-5171
-2275
-5427
-2247
-5587
-2271
-5843
-2259
-6019
-2283
-6355
-2231
-6603
-2223
-6823
-2175
-6999
-2287
-7219
-2199
-7471
-2283
-7803
-2263
-8015
-2307
-8303
-2299
-8403
-2271
-8763
-2231
-8999
-2259
-9207
-2203
-9371
-2275
-9747
-2307
-9971
-2307
-10227
-2315
-10355
-2283
-10627
-2227
-10859
-2243
-11163
-2307
-11411
-2299
-11635
-2267
-11803
-2203
-12155
-2219
-12371
-2315
-12507
-2243
-12771
-2307
-13115
-2259
-13259
-2267
-13595
-2211
-13715
-2307
-13963
-2187
-14275
-2251
-14523
-2259
-14763
-2243
-14907
-2187
-15195
-2203
-15499
-2243
-15683
-2267
-15979
-2227
-16203
-2227
-16467
-2203
-16603
-2259
-16843
-2299
-17115
-2211
-17323
-2251
-17651
-2275
-17819
-2291
-18107
-2243
-18355
-2219
-18515
-2219
-18867
-2551
269
-2527
-111
-2489
-283
-2505
-573
-2411
-749
-2505
-1019
-2483
-1227
-2523
-1501
-2463
-1727
-2521
-2011
-2501
-2167
-2523
-2497
-2527
-2695
-2549
-2963
-2537
-3201
-2455
-3427
-2505
-3727
-2479
-3951
-2529
-4119
-2445
-4339
-2475
-4619
-2475
-4895
-2467
-5143
-2435
-5363
-2475
-5639
-2543
-5903
-2475
-6139
-2531
-6363
-2443
-6627
-2523
-6763
-2463
-7083
-2531
-7219
-2435
-7499
-2535
-7831
-2415
-8059
-2435
-8275
-2491
-8439
-2475
-8763
-2527
-8935
-2467
-9263
-2499
-9359
-2483
-9635
-2555
-9883
-2435
-10227
-2547
-10419
-2451
-10619
-2491
-10843
-2555
-11075
-2443
-11435
-2555
-11579
-2467
-11891
-2467
-12035
-2435
-12331
-2459
-12523
-2555
-12811
-2555
-13099
-2435
-13347
-2555
-13467
-2515
-13811
-2555
-14035
-2539
-14315
-2539
-14475
-2507
-14747
-2491
-14915
-2459
-15187
-2467
-15515
-2523
-15731
-2443
-15915
-2451
-16195
-2483
-16363
-2555
-16651
-2499
-16843
-2491
-17195
-2499
-17403
-2547
-17611
-2531
-17867
-2483
-18115
-2483
-18307
-2555
-18571
-2555
-18827
-2687
421
-2691
-83
-2687
-299
-2643
-515
-2723
-787
-2707
-1051
-2687
-1261
-2691
-1451
-2735
-1747
-2743
-1951
-2691
-2263
-2763
-2427
-2695
-2659
-2719
-2971
-2675
-3243
-2787
-3435
-2783
-3627
-2767
-3931
-2715
-4159
-2755
-4443
-2771
-4607
-2755
-4819
-2751
-5143
-2743
-5347
-2791
-5603
-2771
-5883
-2755
-6099
-2723
-6251
-2691
-6607
-2687
-6739
-2671
-7055
-2727
-7343
-2711
-7443
-2671
-7735
-2735
-7915
-2699
-8291
-2675
-8531
-2723
-8679
-2791
-8959
-2691
-9227
-2779
-9403
-2715
-9643
-2779
-9995
-2771
-10147
-2787
-10475
-2699
-10707
-2779
-10875
-2667
-11091
-2787
-11403
-2787
-11651
-2731
-11843
-2787
-12139
-2691
-12395
-2723
-12507
-2723
-12827
-2723
-13011
-2755
-13259
-2691
-13579
-2755
-13795
-2763
-14003
-2715
-14195
-2795
-14435
-2707
-14795
-2795
-14971
-2731
-15147
-2787
-15515
-2763
-15699
-2771
-15875
-2715
-16131
-2787
-16411
-2723
-16627
-2755
-16843
-2683
-17075
-2779
-17427
-2691
-17643
-2707
-17787
-2763
-18035
-2723
-18347
-2771
-18635
-2699
-18827
-2975
125
-2983
-99
-3007
-375
-2963
-559
-2939
-779
-2927
-1059
-3019
-1239
-3027
-1483
-3027
-1803
-2995
-1999
-2975
-2199
-2907
-2427
-2923
-2755
-2931
-2979
-2955
-3131
-2967
-3395
-3027
-3695
-2927
-3979
-3007
-4163
-2963
-4343
-3031
-4711
-2923
-4931
-2915
-5039
-2991
-5295
-3023
-5567
-3011
-5827
-2999
-6131
-2975
-6279
-2979
-6503
-2939
-6823
-2919
-6995
-3003
-7295
-2895
-7547
-2987
-7699
-2911
-7963
-2895
-8175
-2935
-8427
-2995
-8751
-2923
-8931
-2991
-9223
-2955
-9475
-3011
-9723
-2987
-9907
-2979
-10187
-2947
-10363
-3003
-10659
-2955
-10883
-3003
-11171
-3035
-11315
-3003
-11651
-2987
-11851
-2995
-12139
-2939
-12307
-2987
-12547
-2923
-12859
-2995
-13075
-2939
-13227
-3003
-13555
-3035
-13787
-2955
-13963
-3035
-14219
-3019
-14515
-2947
-14731
-3027
-14987
-2955
-15219
-3027
-15507
-3035
-15627
-3035
-15867
-2923
-16131
-2963
-16443
-2947
-16659
-2979
-16875
-2963
-17075
-2931
-17411
-2987
-17579
-3011
-17795
-3011
-18131
-3027
-18315
-2995
-18507
-2987
-18835
-3239
109
-3171
-99
-3255
-335
-3219
-595
-3207
-715
-3147
-1035
-3235
-1231
-3139
-1507
-3219
-1815
-3183
-2043
-3155
-2179
-3271
-2435
-3239
-2703
-3139
-2951
-3243
-3219
-3219
-3463
-3191
-3735
-3235
-3919
-3203
-4123
-3247
-4331
-3151
-4583
-3231
-4839
-3251
-5067
-3163
-5315
-3151
-5567
-3163
-5883
-3199
-6139
-3139
-6371
-3155
-6559
-3211
-6755
-3239
-6963
-3187
-7315
-3255
-7547
-3179
-7715
-3219
-7943
-3231
-8279
-3199
-8431
-3243
-8755
-3247
-9007
-3131
-9251
-3231
-9483
-3163
-9739
-3235
-9939
-3235
-10195
-3275
-10403
-3147
-10611
-3227
-10867
-3219
-11131
-3259
-11347
-3275
-11635
-3227
-11819
-3251
-12051
-3235
-12315
-3211
-12547
-3187
-12811
-3163
-13011
-3171
-13299
-3251
-13571
-3227
-13715
-3171
-14011
-3147
-14243
-3171
-14491
-3227
-14771
-3267
-14971
-3243
-15187
-3171
-15451
-3203
-15683
-3235
-15987
-3227
-16211
-3171
-16387
-3147
-16659
-3227
-16907
-3171
-17195
-3187
-17427
-3195
-17635
-3235
-17827
-3251
-18155
-3259
-18307
-3195
-18587
-3171
-18835
-3475
149
-3507
-119
-3495
-303
-3491
-627
-3479
-735
-3427
-1075
-3491
-1319
-3435
-1563
-3491
-1747
-3375
-2071
-3383
-2215
-3491
-2523
-3443
-2763
-3463
-2935
-3487
-3155
-3507
-3495
-3379
-3655
-3395
-3891
-3435
-4195
-3435
-4375
-3403
-4715
-3399
-4927
-3483
-5043
-3451
-5295
-3479
-5595
-3407
-5867
-3499
-6107
-3427
-6311
-3439
-6511
-3495
-6795
-3479
-7091
-3435
-7227
-3423
-7475
-3507
-7691
-3483
-7999
-3479
-8199
-3475
-8479
-3411
-8739
-3487
-8971
-3407
-9227
-3447
-9455
-3483
-9667
-3459
-9971
-3499
-10195
-3443
-10355
-3427
-10619
-3443
-10907
-3467
-11075
-3475
-11339
-3483
-11659
-3443
-11827
-3443
-12043
-3411
-12307
-3411
-12627
-3499
-12811
-3419
-12987
-3435
-13355
-3499
-13467
-3475
-13835
-3507
-14059
-3491
-14243
-3475
-14539
-3483
-14731
-3459
-14979
-3499
-15179
-3451
-15491
-3491
-15723
-3483
-15923
-3427
-16179
-3491
-16347
-3435
-16683
-3507
-16843
-3435
-17107
-3411
-17347
-3475
-17659
-3459
-17803
-3427
-18131
-3467
-18275
-3427
-18531
-3435
-18827
-3723
125
-3687
-63
-3623
-295
-3707
-523
-3651
-787
-3727
-999
-3719
-1255
-3719
-1547
-3755
-1775
-3715
-1979
-3679
-2307
-3683
-2459
-3631
-2719
-3703
-3003
-3747
-3179
-3639
-3391
-3627
-3695
-3703
-3843
-3735
-4211
-3743
-4435
-3627
-4571
-3731
-4827
-3743
-5175
-3727
-5323
-3731
-5535
-3727
-5875
-3707
-6019
-3723
-6323
-3743
-6543
-3727
-6843
-3679
-6991
-3655
-7275
-3743
-7531
-3651
-7755
-3719
-7951
-3651
-8275
-3691
-8503
-3675
-8751
-3687
-9007
-3679
-9219
-3667
-9435
-3731
-9683
-3755
-9971
-3731
-10155
-3731
-10475
-3659
-10635
-3739
-10907
-3651
-11091
-3707
-11307
-3683
-11651
-3699
-11867
-3651
-12091
-3747
-12323
-3643
-12587
-3723
-12803
-3691
-13107
-3651
-13291
-3675
-13523
-3747
-13755
-3707
-14019
-3723
-14211
-3747
-14531
-3715
-14779
-3715
-14979
-3715
-15251
-3747
-15507
-3691
-15659
-3747
-15971
-3667
-16227
-3747
-16355
-3747
-16627
-3635
-16875
-3747
-17099
-3707
-17371
-3715
-17667
-3731
-17875
-3723
-18083
-3683
-18355
-3739
-18603
-3723
-18835
-3971
133
-3919
-67
-3959
-347
-3979
-607
-3915
-803
-3951
-1039
-3875
-1275
-3967
-1555
-3967
-1767
-3959
-2051
-3959
-2155
-3907
-2487
-3971
-2771
-3991
-2999
-3967
-3191
-3855
-3447
-3955
-3703
-3939
-3879
-3959
-4187
-3931
-4367
-3935
-4583
-3919
-4867
-3963
-5179
-3935
-5419
-3867
-5651
-3879
-5875
-3935
-6087
-3951
-6371
-3899
-6503
-3887
-6867
-3907
-7003
-3995
-7287
-3963
-7571
-3947
-7711
-3867
-7927
-3943
-8299
-3943
-8503
-3979
-8731
-3919
-8887
-3939
-9211
-3983
-9459
-3995
-9731
-3939
-9915
-3995
-10107
-3939
-10467
-3987
-10651
-3939
-10835
-3963
-11083
-3987
-11339
-3971
-11603
-3971
-11851
-3899
-12027
-3987
-12315
-3987
-12523
-3875
-12843
-3995
-13099
-3947
-13307
-3971
-13467
-3979
-13715
-3987
-14035
-3979
-14211
-3939
-14475
-3955
-14707
-3987
-14947
-3963
-15251
-3883
-15515
-3899
-15627
-3963
-15979
-3923
-16179
-3947
-16411
-3923
-16699
-3867
-16915
-3907
-17131
-3987
-17379
-3947
-17667
-3891
-17787
-3915
-18027
-3915
-18379
-3979
-18531
-3899
-18835
-4143
101
-4219
-59
-4127
-367
-4139
-595
-4143
-855
-4171
-1087
-4223
-1255
-4139
-1519
-4091
-1751
-4187
-1975
-4183
-2279
-4119
-2423
-4227
-2679
-4223
-2983
-4219
-3191
-4207
-3499
-4199
-3651
-4131
-3899
-4135
-4219
-4159
-4443
-4191
-4639
-4195
-4863
-4139
-5167
-4219
-5371
-4179
-5531
-4179
-5783
-4139
-6103
-4195
-6275
-4139
-6559
-4227
-6779
-4115
-7011
-4211
-7263
-4115
-7491
-4099
-7799
-4183
-7939
-4183
-8227
-4119
-8511
-4131
-8731
-4219
-8931
-4211
-9175
-4131
-9515
-4139
-9643
-4163
-9963
-4187
-10163
-4203
-10419
-4147
-10627
-4203
-10891
-4115
-11099
-4163
-11355
-4227
-11603
-4195
-11899
-4195
-12131
-4203
-12323
-4179
-12627
-4187
-12827
-4131
-12995
-4179
-13355
-4195
-13563
-4187
-13795
-4235
-14075
-4179
-14299
-4219
-14475
-4179
-14787
-4179
-14971
-4107
-15179
-4211
-15387
-4235
-15699
-4211
-15923
-4155
-16139
-4203
-16411
-4211
-16619
-4147
-16851
-4123
-17187
-4179
-17411
-4115
-17563
-4155
-17915
-4211
-18107
-4203
-18379
-4163
-18587
-4195
-18843
-4339
93
-4395
-123
-4383
-359
-4447
-587
-4403
-851
-4463
-1091
-4347
-1255
-4375
-1515
-4443
-1823
-4459
-2059
-4319
-2235
-4339
-2547
-4379
-2771
-4355
-2947
-4435
-3211
-4451
-3411
-4435
-3727
-4351
-3835
-4435
-4155
-4355
-4383
-4403
-4643
-4347
-4815
-4435
-5171
-4363
-5399
-4435
-5579
-4439
-5819
-4427
-6051
-4411
-6331
-4387
-6631
-4359
-6739
-4347
-6995
-4403
-7315
-4403
-7479
-4435
-7807
-4447
-8015
-4435
-8195
-4375
-8439
-4407
-8695
-4327
-8963
-4411
-9219
-4407
-9383
-4475
-9635
-4459
-9867
-4411
-10107
-4427
-10459
-4403
-10659
-4419
-10947
-4459
-11171
-4411
-11411
-4451
-11619
-4435
-11899
-4379
-12091
-4443
-12267
-4411
-12587
-4443
-12819
-4371
-13043
-4451
-13251
-4363
-13579
-4347
-13707
-4363
-14027
-4395
-14307
-4467
-14539
-4475
-14707
-4475
-14987
-4427
-15235
-4467
-15427
-4435
-15627
-4475
-15939
-4443
-16203
-4411
-16347
-4411
-16611
-4467
-16835
-4395
-17139
-4411
-17427
-4387
-17571
-4435
-17819
-4347
-18147
-4475
-18323
-4403
-18587
-4395
-18859
-4611
117
-4699
-75
-4687
-379
-4667
-551
-4703
-719
-4647
-1019
-4619
-1251
-4607
-1487
-4699
-1707
-4603
-2051
-4643
-2251
-4703
-2439
-4667
-2731
-4699
-2967
-4567
-3219
-4655
-3491
-4675
-3707
-4707
-3839
-4703
-4163
-4679
-4459
-4575
-4651
-4663
-4943
-4695
-5059
-4579
-5335
-4619
-5563
-4635
-5823
-4627
-6139
-4603
-6363
-4583
-6527
-4699
-6759
-4603
-7055
-4567
-7311
-4683
-7547
-4675
-7759
-4627
-7999
-4643
-8251
-4595
-8495
-4715
-8771
-4583
-9011
-4579
-9227
-4627
-9491
-4691
-9659
-4675
-9947
-4683
-10195
-4667
-10451
-4659
-10691
-4699
-10931
-4603
-11091
-4659
-11323
-4699
-11635
-4595
-11859
-4619
-12091
-4587
-12275
-4715
-12587
-4707
-12851
-4683
-13051
-4675
-13355
-4675
-13475
-4699
-13763
-4715
-14019
-4699
-14235
-4627
-14555
-4667
-14667
-4707
-14971
-4595
-15195
-4707
-15387
-4715
-15635
-4619
-15963
-4683
-16203
-4587
-16427
-4667
-16603
-4675
-16891
-4691
-17131
-4707
-17403
-4643
-17675
-4699
-17875
-4715
-18147
-4691
-18339
-4611
-18579
-4691
-18843
-4891
109
-4867
-43
-4931
-291
-4903
-535
-4855
-763
-4875
-1015
-4915
-1211
-4835
-1463
-4923
-1807
-4943
-2043
-4935
-2203
-4847
-2475
-4847
-2707
-4919
-3011
-4903
-3183
-4895
-3471
-4847
-3683
-4871
-3923
-4939
-4131
-4943
-4403
-4955
-4567
-4871
-4939
-4875
-5187
-4935
-5331
-4939
-5583
-4939
-5767
-4931
-6099
-4847
-6327
-4855
-6627
-4939
-6751
-4875
-7103
-4819
-7347
-4879
-7547
-4859
-7719
-4923
-8039
-4883
-8235
-4823
-8487
-4819
-8739
-4831
-8903
-4927
-9167
-4827
-9399
-4883
-9627
-4955
-9931
-4859
-10115
-4955
-10363
-4875
-10643
-4907
-10891
-4843
-11195
-4947
-11379
-4851
-11659
-4939
-11803
-4931
-12059
-4955
-12315
-4843
-12627
-4939
-12835
-4883
-13059
-4947
-13227
-4859
-13483
-4883
-13731
-4939
-13955
-4923
-14291
-4867
-14539
-4867
-14779
-4915
-14955
-4939
-15163
-4931
-15475
-4939
-15651
-4827
-15931
-4907
-16179
-4875
-16427
-4891
-16659
-4851
-16835
-4923
-17155
-4907
-17395
-4835
-17603
-4923
-17859
-4915
-18067
-4827
-18355
-4915
-18547
-4931
-18851
-5059
109
-5075
-127
-5083
-271
-5171
-499
-5127
-791
-5139
-1055
-5055
-1231
-5159
-1491
-5191
-1699
-5123
-2027
-5087
-2195
-5087
-2523
-5111
-2723
-5183
-2967
-5115
-3251
-5083
-3391
-5139
-3755
-5127
-3899
-5067
-4223
-5159
-4435
-5155
-4623
-5071
-4903
-5163
-5111
-5063
-5391
-5151
-5591
-5183
-5883
-5079
-6091
-5047
-6287
-5115
-6535
-5143
-6847
-5159
-7111
-5135
-7299
-5091
-7595
-5095
-7739
-5123
-7935
-5083
-8307
-5047
-8479
-5155
-8771
-5127
-8935
-5071
-9163
-5075
-9499
-5147
-9755
-5163
-9987
-5067
-10203
-5187
-10371
-5131
-10699
-5083
-10867
-5107
-11155
-5179
-11435
-5147
-11619
-5179
-11891
-5083
-12147
-5099
-12331
-5083
-12531
-5163
-12755
-5163
-12995
-5067
-13227
-5091
-13467
-5155
-13731
-5179
-14075
-5147
-14315
-5195
-14491
-5091
-14747
-5187
-14947
-5179
-15259
-5115
-15507
-5171
-15635
-5123
-15947
-5107
-16163
-5187
-16443
-5083
-16715
-5179
-16907
-5187
-17195
-5155
-17331
-5083
-17675
-5139
-17795
-5171
-18115
-5091
-18275
-5187
-18619
-5163
-18851
-5371
133
-5307
-99
-5411
-371
-5323
-499
-5363
-843
-5371
-1091
-5395
-1283
-5395
-1459
-5427
-1763
-5411
-2043
-5387
-2167
-5307
-2455
-5419
-2795
-5395
-2935
-5331
-3179
-5331
-3367
-5363
-3707
-5435
-3979
-5323
-4155
-5427
-4475
-5331
-4659
-5411
-4851
-5323
-5151
-5403
-5339
-5331
-5651
-5395
-5811
-5395
-6111
-5331
-6275
-5307
-6563
-5435
-6755
-5395
-6987
-5315
-7227
-5411
-7571
-5403
-7747
-5379
-8015
-5371
-8179
-5395
-8483
-5435
-8739
-5323
-8987
-5411
-9275
-5371
-9387
-5419
-9659
-5419
-9899
-5339
-10131
-5371
-10403
-5419
-10667
-5379
-10939
-5379
-11067
-5379
-11395
-5427
-11603
-5411
-11899
-5347
-12099
-5427
-12323
-5435
-12587
-5307
-12795
-5427
-13107
-5339
-13251
-5339
-13483
-5307
-13747
-5395
-13971
-5411
-14219
-5427
-14507
-5419
-14787
-5371
-14907
-5427
-15147
-5371
-15515
-5395
-15683
-5315
-15899
-5323
-16171
-5419
-16379
-5315
-16659
-5435
-16859
-5395
-17187
-5379
-17403
-5331
-17587
-5419
-17875
-5387
-18067
-5379
-18395
-5427
-18539
-5331
-18827
-5635
133
-5619
-51
-5635
-299
-5563
-515
-5627
-819
-5587
-1051
-5667
-1339
-5643
-1499
-5571
-1747
-5555
-1971
-5675
-2203
-5675
-2499
-5563
-2683
-5571
-2963
-5643
-3163
-5667
-3395
-5619
-3731
-5675
-3955
-5635
-4131
-5619
-4435
-5619
-4651
-5651
-4947
-5651
-5147
-5643
-5307
-5595
-5659
-5675
-5835
-5675
-6035
-5659
-6387
-5659
-6571
-5587
-6819
-5651
-7035
-5587
-7355
-5595
-7531
-5635
-7835
-5627
-7963
-5611
-8227
-5643
-8515
-5555
-8667
-5579
-8963
-5643
-9211
-5675
-9387
-5643
-9723
-5651
-9995
-5643
-10107
-5667
-10363
-5571
-10611
-5611
-10859
-5603
-11115
-5675
-11363
-5667
-11547
-5619
-11915
-5667
-12059
-5675
-12307
-5571
-12611
-5643
-12795
-5635
-13035
-5667
-13259
-5595
-13563
-5659
-13747
-5547
-14011
-5651
-14227
-5667
-14459
-5595
-14787
-5547
-14947
-5619
-15251
-5667
-15451
-5659
-15627
-5675
-15875
-5595
-16195
-5611
-16347
-5579
-16635
-5619
-16867
-5571
-17083
-5579
-17419
-5611
-17635
-5651
-17915
-5611
-18155
-5611
-18347
-5659
-18595
-5675
-18835
-5867
133
-5867
-139
-5811
-387
-5899
-523
-5891
-771
-5851
-1067
-5907
-1347
-5835
-1515
-5843
-1731
-5907
-1955
-5899
-2187
-5907
-2451
-5811
-2739
-5875
-3027
-5803
-3275
-5795
-3507
-5795
-3635
-5915
-3891
-5851
-4203
-5827
-4347
-5875
-4667
-5883
-4947
-5907
-5171
-5843
-5355
-5899
-5555
-5795
-5803
-5795
-6067
-5875
-6355
-5819
-6571
-5787
-6851
-5867
-7075
-5859
-7355
-5891
-7555
-5883
-7731
-5915
-8019
-5891
-8203
-5907
-8427
-5859
-8691
-5899
-9035
-5891
-9147
-5907
-9451
-5883
-9723
-5803
-9947
-5803
-10163
-5915
-10467
-5811
-10699
-5907
-10939
-5899
-11107
-5803
-11379
-5907
-11595
-5875
-11907
-5867
-12099
-5875
-12267
-5899
-12547
-5883
-12795
-5875
-12995
-5899
-13267
-5811
-13579
-5915
-13779
-5899
-14067
-5891
-14195
-5835
-14435
-5899
-14739
-5907
-14995
-5819
-15227
-5875
-15435
-5851
-15707
-5819
-15915
-5851
-16195
-5859
-16347
-5795
-16603
-5819
-16923
-5851
-17107
-5899
-17395
-5843
-17587
-5915
-17915
-5891
-18043
-5899
-18347
-5803
-18539
-5883
-18819
-6123
149
-6155
-59
-6051
-331
-6139
-587
-6139
-763
-6051
-1099
-6043
-1251
-6155
-1587
-6131
-1763
-6147
-2019
-6083
-2235
-6155
-2507
-6027
-2795
-6147
-2915
-6027
-3227
-6131
-3499
-6139
-3643
-6067
-3947
-6107
-4187
-6083
-4419
-6115
-4707
-6107
-4899
-6083
-5115
-6035
-5363
-6075
-5651
-6075
-5795
-6099
-6075
-6099
-6355
-6147
-6595
-6123
-6787
-6131
-7035
-6139
-7315
-6067
-7483
-6155
-7787
-6139
-7955
-6147
-8299
-6067
-8499
-6075
-8691
-6147
-8971
-6099
-9163
-6099
-9395
-6155
-9739
-6083
-9955
-6115
-10123
-6139
-10459
-6059
-10619
-6131
-10923
-6091
-11099
-6155
-11315
-6099
-11587
-6083
-11803
-6123
-12043
-6131
-12331
-6043
-12587
-6123
-12843
-6083
-12995
-6139
-13347
-6139
-13467
-6155
-13739
-6099
-14019
-6083
-14243
-6083
-14459
-6147
-14755
-6059
-14947
-6051
-15147
-6139
-15491
-6107
-15747
-6035
-15915
-6083
-16227
-6115
-16451
-6123
-16691
-6115
-16891
-6115
-17075
-6155
-17363
-6139
-17643
-6131
-17899
-6131
-18075
-6123
-18371
-6051
-18595
-6123
-18811
-6387
125
-6315
-155
-6355
-307
-6371
-627
-6339
-819
-6387
-1059
-6283
-1347
-6331
-1475
-6355
-1795
-6267
-2035
-6339
-2227
-6387
-2435
-6267
-2779
-6395
-2947
-6379
-3259
-6275
-3483
-6387
-3755
-6363
-3907
-6291
-4107
-6387
-4379
-6283
-4699
-6379
-4835
-6347
-5091
-6387
-5387
-6371
-5635
-6267
-5851
-6339
-6147
-6363
-6363
-6347
-6595
-6363
-6851
-6395
-7091
-6387
-7275
-6347
-7587
-6307
-7787
-6363
-8075
-6355
-8283
-6363
-8507
-6379
-8691
-6275
-8979
-6355
-9227
-6331
-9483
-6291
-9739
-6379
-9963
-6395
-10235
-6307
-10475
-6331
-10667
-6291
-10875
-6371
-11139
-6347
-11435
-6355
-11651
-6395
-11787
-6283
-12043
-6299
-12371
-6331
-12507
-6299
-12843
-6387
-13019
-6371
-13323
-6283
-13547
-6283
-13763
-6283
-14043
-6275
-14283
-6275
-14467
-6371
-14739
-6387
-14931
-6395
-15163
-6355
-15467
-6299
-15691
-6299
-15947
-6339
-16211
-6323
-16427
-6387
-16595
-6315
-16899
-6355
-17155
-6387
-17363
-6355
-17595
-6371
-17867
-6291
-18139
-6371
-18275
-6395
-18547
-6331
-18811
-6611
85
-6619
-35
-6587
-339
-6587
-627
-6635
-851
-6635
-1091
-6571
-1227
-6579
-1483
-6635
-1755
-6555
-2027
-6595
-2275
-6595
-2555
-6595
-2691
-6555
-3027
-6619
-3155
-6531
-3515
-6579
-3627
-6595
-3923
-6627
-4147
-6515
-4347
-6531
-4691
-6571
-4891
-6579
-5179
-6627
-5347
-6563
-5571
-6595
-5915
-6603
-6147
-6579
-6291
-6603
-6619
-6619
-6755
-6619
-7099
-6531
-7259
-6611
-7555
-6627
-7795
-6611
-7979
-6579
-8291
-6635
-8515
-6611
-8723
-6563
-9003
-6571
-9163
-6515
-9475
-6611
-9723
-6635
-9923
-6611
-10115
-6611
-10395
-6579
-10651
-6587
-10859
-6515
-11099
-6627
-11419
-6627
-11563
-6579
-11835
-6539
-12155
-6539
-12283
-6603
-12587
-6611
-12755
-6507
-13027
-6635
-13339
-6627
-13595
-6619
-13723
-6555
-14035
-6531
-14187
-6595
-14507
-6547
-14675
-6587
-14987
-6547
-15155
-6619
-15387
-6619
-15755
-6531
-15875
-6611
-16163
-6555
-16395
-6595
-16595
-6563
-16875
-6579
-17123
-6571
-17331
-6555
-17579
-6507
-17827
-6635
-18123
-6579
-18379
-6547
-18603
-6571
-18859
-6827
125
-6859
-27
-6875
-323
-6795
-571
-6819
-819
-6763
-1115
-6867
-1299
-6835
-1523
-6819
-1771
-6859
-1947
-6771
-2315
-6819
-2531
-6843
-2795
-6795
-2955
-6763
-3203
-6859
-3467
-6867
-3707
-6787
-3875
-6875
-4107
-6835
-4387
-6827
-4619
-6875
-4955
-6835
-5179
-6843
-5371
-6779
-5643
-6779
-5891
-6803
-6067
-6851
-6371
-6835
-6579
-6811
-6755
-6827
-6995
-6859
-7259
-6811
-7563
-6747
-7795
-6803
-8067
-6787
-8203
-6827
-8451
-6771
-8747
-6851
-9027
-6811
-9227
-6843
-9427
-6827
-9715
-6875
-9883
-6811
-10227
-6763
-10387
-6843
-10619
-6851
-10883
-6803
-11067
-6851
-11323
-6867
-11579
-6763
-11899
-6835
-12123
-6795
-12355
-6875
-12603
-6771
-12755
-6875
-13051
-6851
-13227
-6875
-13563
-6763
-13835
-6835
-14067
-6851
-14299
-6875
-14475
-6851
-14723
-6747
-14947
-6867
-15235
-6803
-15467
-6859
-15627
-6867
-15995
-6851
-16219
-6843
-16419
-6819
-16603
-6819
-16843
-6787
-17171
-6803
-17371
-6867
-17563
-6867
-17787
-6779
-18107
-6875
-18371
-6803
-18587
-6867
-18811
-6987
125
-7027
-147
-7091
-379
-7075
-531
-7115
-771
-6987
-1115
-7059
-1291
-7083
-1499
-7099
-1747
-7083
-1995
-7067
-2251
-7115
-2515
-7099
-2715
-7107
-2963
-7083
-3171
-7035
-3387
-7099
-3643
-7099
-3971
-7035
-4131
-7059
-4387
-7091
-4643
-7067
-4947
-7107
-5147
-7043
-5379
-7099
-5619
-7115
-5867
-7043
-6139
-7075
-6307
-7107
-6619
-7019
-6827
-7003
-7075
-7115
-7355
-7059
-7539
-7075
-7819
-7011
-8035
-7091
-8211
-7099
-8515
-7083
-8715
-7091
-9027
-7019
-9179
-7099
-9411
-7051
-9675
-7115
-9979
-7051
-10227
-7115
-10419
-7043
-10691
-6987
-10883
-7027
-11195
-7043
-11411
-7027
-11619
-7107
-11795
-7115
-12155
-7099
-12331
-7115
-12515
-7075
-12843
-7091
-12987
-7051
-13283
-7019
-13595
-7091
-13763
-7115
-14059
-7059
-14275
-7075
-14443
-7075
-14755
-7099
-15019
-7059
-15187
-7075
-15507
-7107
-15755
-6995
-15947
-7099
-16203
-7083
-16411
-7083
-16595
-7043
-16851
-7099
-17099
-7099
-17427
-7027
-17547
-7035
-17875
-7107
-18067
-7083
-18395
-7075
-18635
-7011
-18843
-7235
133
-7347
-91
-7299
-371
-7339
-515
-7347
-819
-7283
-1003
-7339
-1347
-7347
-1531
-7299
-1771
-7339
-2035
-7291
-2251
-7283
-2547
-7283
-2755
-7275
-2907
-7275
-3275
-7339
-3467
-7347
-3683
-7283
-3971
-7283
-4179
-7355
-4387
-7235
-4715
-7235
-4899
-7267
-5107
-7307
-5355
-7275
-5547
-7307
-5915
-7251
-6051
-7251
-6315
-7331
-6627
-7347
-6755
-7331
-6987
-7259
-7299
-7299
-7571
-7299
-7771
-7323
-7963
-7227
-8307
-7227
-8555
-7347
-8795
-7331
-9019
-7299
-9211
-7259
-9475
-7275
-9643
-7339
-9987
-7323
-10107
-7355
-10363
-7283
-10595
-7299
-10947
-7283
-11179
-7307
-11315
-7323
-11555
-7355
-11803
-7331
-12123
-7347
-12283
-7251
-12563
-7355
-12819
-7347
-13107
-7307
-13251
-7259
-13579
-7299
-13835
-7323
-14043
-7267
-14235
-7315
-14507
-7347
-14675
-7331
-15027
-7315
-15187
-7291
-15443
-7323
-15643
-7355
-15963
-7323
-16147
-7275
-16459
-7299
-16659
-7323
-16827
-7355
-17107
-7347
-17347
-7251
-17555
-7235
-17915
-7315
-18099
-7283
-18347
-7347
-18547
-7315
-18835
-7523
125
-7563
-147
-7547
-387
-7483
-507
-7491
-819
-7507
-987
-7563
-1251
-7515
-1579
-7595
-1819
-7555
-2035
-7475
-2195
-7587
-2539
-7587
-2675
-7595
-2947
-7499
-3171
-7515
-3499
-7523
-3739
-7587
-3963
-7587
-4147
-7515
-4411
-7579
-4643
-7467
-4915
-7483
-5123
-7547
-5395
-7483
-5619
-7523
-5851
-7595
-6067
-7571
-6323
-7547
-6579
-7563
-6771
-7587
-7043
-7523
-7291
-7571
-7475
-7499
-7787
-7579
-7995
-7499
-8243
-7563
-8547
-7539
-8739
-7523
-9027
-7499
-9171
-7587
-9395
-7507
-9667
-7523
-9955
-7475
-10211
-7595
-10355
-7571
-10635
-7571
-10859
-7595
-11139
-7571
-11379
-7531
-11651
-7571
-11811
-7555
-12091
-7571
-12331
-7587
-12523
-7475
-12787
-7563
-13051
-7587
-13251
-7475
-13515
-7579
-13747
-7539
-14011
-7523
-14291
-7571
-14555
-7499
-14667
-7539
-15019
-7467
-15243
-7531
-15499
-7555
-15683
-7563
-15931
-7579
-16203
-7563
-16459
-7507
-16699
-7563
-16939
-7539
-17195
-7531
-17339
-7571
-17547
-7523
-17843
-7483
-18115
-7539
-18307
-7507
-18563
-7483
-18827
-7795
133
-7763
-115
-7803
-283
-7835
-627
-7819
-819
-7795
-1019
-7819
-1315
-7819
-1555
-7795
-1747
-7803
-1955
-7803
-2283
-7835
-2507
-7747
-2699
-7827
-3003
-7795
-3275
-7779
-3491
-7827
-3755
-7747
-3979
-7747
-4235
-7731
-4459
-7795
-4603
-7827
-4947
-7723
-5123
-7795
-5419
-7779
-5619
-7731
-5843
-7763
-6051
-7819
-6363
-7763
-6579
-7707
-6779
-7747
-7051
-7827
-7347
-7787
-7571
-7803
-7827
-7787
-7963
-7827
-8251
-7827
-8483
-7827
-8723
-7747
-8955
-7779
-9203
-7811
-9515
-7787
-9683
-7787
-9923
-7819
-10115
-7739
-10467
-7787
-10651
-7819
-10947
-7763
-11139
-7827
-11323
-7715
-11619
-7723
-11811
-7835
-12083
-7763
-12379
-7787
-12595
-7787
-12835
-7795
-13075
-7795
-13307
-7715
-13595
-7747
-13779
-7827
-13963
-7835
-14219
-7715
-14451
-7827
-14787
-7771
-14939
-7795
-15243
-7763
-15459
-7827
-15659
-7819
-15963
-7739
-16211
-7803
-16443
-7739
-16683
-7779
-16827
-7827
-17115
-7747
-17323
-7811
-17611
-7779
-17827
-7763
-18123
-7723
-18355
-7739
-18531
-7779
-18811
-8075
133
-8059
-67
-8075
-283
-8075
-603
-8027
-811
-8051
-1075
-8027
-1243
-8067
-1547
-8075
-1811
-8035
-1955
-8011
-2291
-7963
-2435
-7971
-2739
-7979
-2987
-8019
-3235
-7971
-3411
-7995
-3683
-7955
-3963
-8059
-4227
-8019
-4419
-8019
-4659
-8051
-4939
-7963
-5171
-8043
-5363
-8011
-5675
-8059
-5819
-8067
-6147
-7963
-6363
-8067
-6539
-8075
-6835
-8075
-7011
-8019
-7259
-8067
-7491
-8011
-7763
-7979
-7955
-8067
-8267
-8067
-8435
-7947
-8771
-8011
-8987
-8059
-9243
-8067
-9443
-8067
-9699
-8059
-9899
-8035
-10131
-8067
-10371
-8027
-10707
-8019
-10955
-8051
-11195
-8051
-11427
-8011
-11555
-8059
-11891
-8019
-12091
-8043
-12379
-8075
-12507
-8027
-12875
-8075
-13003
-8027
-13267
-8027
-13587
-8011
-13819
-8059
-14067
-8027
-14267
-8019
-14499
-8075
-14747
-8035
-14979
-8035
-15171
-7987
-15499
-8051
-15699
-7979
-15963
-8075
-16123
-8075
-16347
-8019
-16603
-7971
-16947
-8059
-17195
-8043
-17435
-8067
-17555
-7995
-17835
-7955
-18107
-7963
-18395
-8035
-18603
-8027
-18843
-8235
125
-8251
-83
-8291
-363
-8299
-603
-8243
-763
-8259
-1051
-8267
-1275
-8315
-1491
-8267
-1803
-8243
-1963
-8267
-2259
-8211
-2555
-8315
-2683
-8235
-3035
-8299
-3171
-8259
-3507
-8315
-3723
-8219
-3971
-8315
-4203
-8187
-4403
-8267
-4715
-8299
-4851
-8235
-5163
-8307
-5403
-8227
-5659
-8315
-5795
-8299
-6083
-8291
-6355
-8219
-6507
-8219
-6859
-8227
-6987
-8299
-7251
-8315
-7555
-8275
-7747
-8251
-8027
-8235
-8291
-8203
-8467
-8283
-8699
-8291
-9019
-8219
-9171
-8211
-9419
-8235
-9731
-8243
-9979
-8227
-10203
-8211
-10443
-8251
-10603
-8227
-10899
-8315
-11107
-8211
-11427
-8307
-11651
-8227
-11875
-8251
-12123
-8299
-12283
-8315
-12555
-8235
-12771
-8243
-13059
-8243
-13291
-8187
-13507
-8299
-13795
-8283
-14043
-8195
-14275
-8299
-14475
-8275
-14771
-8243
-15011
-8211
-15163
-8291
-15515
-8307
-15635
-8243
-15971
-8267
-16195
-8315
-16451
-8291
-16691
-8243
-16899
-8267
-17147
-8299
-17307
-8211
-17595
-8235
-17803
-8291
-18139
-8315
-18355
-8203
-18547
-8251
-18843
-8483
117
-8507
-147
-8491
-331
-8499
-523
-8467
-875
-8515
-1107
-8523
-1331
-8555
-1467
-8539
-1787
-8451
-2027
-8515
-2299
-8499
-2427
-8539
-2667
-8443
-2931
-8515
-3275
-8555
-3507
-8531
-3723
-8507
-3963
-8515
-4131
-8475
-4347
-8547
-4587
-8435
-4915
-8539
-5187
-8531
-5411
-8531
-5619
-8459
-5843
-8523
-6155
-8475
-6347
-8555
-6531
-8443
-6771
-8499
-6995
-8515
-7347
-8523
-7555
-8555
-7771
-8523
-8011
-8555
-8307
-8515
-8483
-8515
-8747
-8435
-8923
-8515
-9275
-8459
-9507
-8547
-9659
-8435
-9899
-8483
-10227
-8427
-10467
-8507
-10707
-8547
-10915
-8555
-11179
-8539
-11355
-8459
-11675
-8435
-11907
-8491
-12147
-8531
-12291
-8507
-12539
-8507
-12755
-8523
-13051
-8555
-13259
-8507
-13499
-8539
-13787
-8547
-14019
-8515
-14235
-8523
-14499
-8435
-14763
-8491
-14907
-8499
-15195
-8467
-15515
-8459
-15691
-8539
-15931
-8443
-16187
-8443
-16435
-8507
-16675
-8523
-16851
-8539
-17067
-8555
-17411
-8531
-17643
-8523
-17891
-8467
-18107
-8459
-18267
-8507
-18547
-8435
-18859
-8771
109
-8731
-147
-8787
-387
-8795
-611
-8763
-779
-8747
-1075
-8795
-1307
-8779
-1475
-8723
-1811
-8731
-1987
-8739
-2203
-8739
-2547
-8739
-2707
-8683
-2971
-8787
-3195
-8699
-3395
-8755
-3715
-8755
-3947
-8787
-4123
-8675
-4403
-8795
-4691
-8787
-4827
-8731
-5123
-8667
-5307
-8747
-5571
-8683
-5835
-8787
-6147
-8795
-6363
-8747
-6603
-8787
-6819
-8771
-7083
-8747
-7299
-8731
-7563
-8667
-7779
-8699
-7987
-8779
-8195
-8795
-8467
-8755
-8771
-8699
-8987
-8755
-9171
-8763
-9427
-8787
-9667
-8755
-9947
-8683
-10195
-8747
-10451
-8763
-10643
-8747
-10827
-8779
-11187
-8795
-11371
-8675
-11627
-8739
-11875
-8707
-12027
-8763
-12283
-8755
-12515
-8787
-12779
-8795
-13011
-8787
-13291
-8755
-13555
-8739
-13819
-8747
-13995
-8691
-14235
-8779
-14427
-8755
-14795
-8739
-15011
-8723
-15163
-8787
-15491
-8779
-15755
-8779
-15971
-8747
-16227
-8747
-16475
-8771
-16667
-8755
-16867
-8667
-17115
-8715
-17323
-8707
-17643
-8795
-17907
-8707
-18131
-8739
-18387
-8739
-18635
-8675
-18859
-9019
125
-9019
-147
-8979
-347
-9035
-507
-8947
-819
-8947
-1035
-8923
-1291
-8963
-1523
-8939
-1811
-9035
-1995
-8947
-2259
-8915
-2451
-8995
-2683
-9019
-2963
-8979
-3187
-8979
-3403
-8947
-3667
-8987
-3947
-8923
-4115
-9035
-4355
-8971
-4619
-9027
-4867
-8939
-5139
-9035
-5307
-9011
-5643
-9027
-5843
-8963
-6107
-8995
-6275
-9027
-6539
-8955
-6859
-8915
-6987
-9011
-7355
-8923
-7539
-8939
-7803
-9019
-8067
-8979
-8195
-8907
-8467
-9011
-8683
-8947
-8987
-9003
-9203
-8923
-9451
-8907
-9755
-8923
-9987
-9011
-10123
-9003
-10403
-9011
-10675
-9027
-10907
-9003
-11195
-8987
-11347
-9035
-11595
-8987
-11907
-8931
-12107
-8939
-12331
-8931
-12547
-8963
-12859
-9035
-13075
-8907
-13251
-8971
-13555
-8955
-13747
-8995
-13955
-9019
-14243
-9027
-14539
-8987
-14771
-9035
-15027
-9027
-15211
-9003
-15491
-9027
-15731
-8963
-15867
-8963
-16211
-8979
-16403
-9019
-16651
-9035
-16827
-8979
-17139
-8971
-17371
-9003
-17547
-9027
-17827
-8995
-18075
-9035
-18371
-8987
-18595
-9011
-18867
-9179
109
-9267
-147
-9235
-275
-9275
-587
-9163
-835
-9275
-1099
-9147
-1307
-9227
-1563
-9163
-1795
-9227
-1987
-9251
-2235
-9219
-2515
-9203
-2763
-9235
-2915
-9147
-3243
-9219
-3411
-9243
-3707
-9235
-3939
-9267
-4235
-9251
-4451
-9211
-4611
-9243
-4891
-9203
-5139
-9187
-5403
-9267
-5643
-9235
-5803
-9275
-6147
-9163
-6395
-9171
-6547
-9195
-6771
-9243
-7067
-9243
-7347
-9179
-7595
-9243
-7707
-9203
-8003
-9195
-8195
-9211
-8451
-9259
-8715
-9219
-8979
-9195
-9219
-9275
-9507
-9243
-9635
-9251
-9963
-9275
-10107
-9251
-10379
-9267
-10627
-9171
-10915
-9259
-11107
-9219
-11347
-9251
-11619
-9211
-11907
-9275
-12123
-9275
-12299
-9235
-12539
-9275
-12803
-9179
-13083
-9251
-13251
-9259
-13499
-9155
-13811
-9211
-13987
-9227
-14275
-9235
-14507
-9211
-14675
-9243
-15011
-9243
-15227
-9235
-15427
-9195
-15643
-9187
-15931
-9147
-16131
-9251
-16419
-9235
-16595
-9275
-16899
-9267
-17115
-9155
-17339
-9147
-17611
-9227
-17883
-9243
-18115
-9155
-18299
-9219
-18579
-9243
-18851
-9491
149
-9499
-83
-9411
-371
-9507
-611
-9451
-819
-9499
-1091
-9491
-1267
-9491
-1547
-9499
-1747
-9419
-1979
-9435
-2235
-9507
-2451
-9403
-2747
-9419
-2923
-9515
-3243
-9419
-3395
-9467
-3707
-9491
-3979
-9491
-4235
-9411
-4451
-9435
-4683
-9459
-4939
-9427
-5195
-9475
-5315
-9427
-5619
-9499
-5899
-9411
-6155
-9515
-6323
-9411
-6563
-9435
-6795
-9435
-7035
-9499
-7291
-9395
-7483
-9427
-7795
-9451
-8043
-9467
-8291
-9435
-8483
-9515
-8763
-9475
-8907
-9419
-9275
-9515
-9475
-9483
-9627
-9467
-9875
-9491
-10147
-9435
-10395
-9499
-10603
-9387
-10915
-9395
-11107
-9475
-11387
-9499
-11619
-9507
-11883
-9515
-12107
-9419
-12371
-9507
-12603
-9483
-12803
-9451
-13083
-9491
-13299
-9507
-13547
-9483
-13795
-9499
-13955
-9507
-14195
-9507
-14483
-9395
-14731
-9483
-14939
-9451
-15235
-9459
-15467
-9507
-15659
-9507
-15875
-9507
-16211
-9451
-16355
-9515
-16643
-9459
-16851
-9467
-17067
-9451
-17427
-9491
-17651
-9499
-17883
-9507
-18131
-9507
-18363
-9443
-18555
-9403
-18875
-9707
141
-9643
-115
-9739
-323
-9731
-523
-9707
-835
-9643
-1067
-9723
-1251
-9747
-1483
-9683
-1771
-9627
-1947
-9707
-2243
-9707
-2523
-9715
-2715
-9683
-2923
-9707
-3227
-9747
-3395
-9715
-3731
-9699
-3899
-9659
-4131
-9723
-4451
-9715
-4691
-9667
-4955
-9739
-5179
-9747
-5363
-9683
-5619
-9651
-5795
-9659
-6075
-9691
-6347
-9707
-6603
-9715
-6819
-9747
-7019
-9731
-7283
-9715
-7499
-9643
-7835
-9707
-8067
-9755
-8291
-9707
-8451
-9715
-8787
-9747
-8987
-9755
-9147
-9755
-9507
-9755
-9627
-9667
-9931
-9723
-10179
-9739
-10387
-9683
-10603
-9707
-10867
-9747
-11083
-9747
-11435
-9635
-11579
-9723
-11915
-9643
-12091
-9699
-12379
-9715
-12507
-9755
-12803
-9747
-13003
-9731
-13347
-9715
-13587
-9755
-13819
-9731
-13979
-9627
-14315
-9731
-14451
-9723
-14787
-9699
-14979
-9747
-15243
-9691
-15467
-9747
-15675
-9707
-15987
-9723
-16131
-9707
-16371
-9715
-16611
-9715
-16931
-9683
-17139
-9683
-17395
-9747
-17659
-9659
-17859
-9707
-18107
-9747
-18315
-9683
-18507
-9667
-18827
-9907
125
-9915
-27
-9955
-371
-9987
-603
-9971
-803
-9883
-1003
-9867
-1227
-9883
-1507
-9867
-1811
-9939
-2043
-9979
-2299
-9939
-2515
-9987
-2779
-9995
-2923
-9899
-3187
-9923
-3427
-9979
-3699
-9971
-3915
-9955
-4155
-9915
-4459
-9963
-4635
-9963
-4859
-9923
-5147
-9867
-5371
-9915
-5587
-9867
-5907
-9987
-6067
-9899
-6347
-9979
-6627
-9971
-6867
-9955
-7075
-9915
-7235
-9987
-7531
-9979
-7763
-9955
-7963
-9987
-8259
-9995
-8451
-9971
-8667
-9907
-9019
-9867
-9227
-9963
-9435
-9987
-9659
-9931
-9963
-9971
-10211
-9899
-10379
-9891
-10611
-9947
-10923
-9979
-11155
-9995
-11371
-9907
-11587
-9971
-11867
-9987
-12059
-9939
-12331
-9987
-12571
-9875
-12747
-9875
-13059
-9995
-13235
-9963
-13539
-9899
-13835
-9963
-14051
-9867
-14227
-9995
-14555
-9931
-14779
-9987
-15035
-9995
-15211
-9987
-15459
-9963
-15659
-9899
-15963
-9907
-16235
-9987
-16387
-9939
-16587
-9979
-16923
-9867
-17075
-9899
-17427
-9971
-17611
-9979
-17907
-9947
-18083
-9947
-18307
-9987
-18507
-9963
-18819
-10123
149
-10227
-35
-10155
-267
-10219
-507
-10187
-763
-10123
-1067
-10187
-1243
-10147
-1539
-10227
-1819
-10107
-1963
-10163
-2259
-10163
-2459
-10219
-2787
-10195
-3027
-10171
-3147
-10123
-3387
-10147
-3643
-10131
-3971
-10163
-4235
-10187
-4419
-10163
-4659
-10163
-4923
-10195
-5123
-10227
-5387
-10179
-5603
-10115
-5835
-10203
-6043
-10195
-6331
-10155
-6595
-10107
-6875
-10171
-6995
-10227
-7299
-10123
-7483
-10179
-7795
-10147
-7963
-10147
-8291
-10187
-8555
-10163
-8667
-10227
-8987
-10123
-9187
-10147
-9507
-10147
-9651
-10155
-9947
-10235
-10219
-10187
-10363
-10139
-10691
-10227
-10891
-10211
-11163
-10211
-11371
-10211
-11627
-10179
-11795
-10211
-12035
-10147
-12267
-10195
-12531
-10171
-12755
-10147
-13067
-10203
-13283
-10235
-13507
-10211
-13707
-10235
-13979
-10235
-14235
-10171
-14515
-10179
-14795
-10171
-15035
-10203
-15163
-10171
-15475
-10155
-15699
-10219
-15891
-10211
-16155
-10211
-16443
-10107
-16611
-10195
-16851
-10171
-17195
-10227
-17363
-10203
-17571
-10171
-17827
-10195
-18051
-10147
-18339
-10139
-18611
-10115
-18859
-10427
117
-10459
-147
-10467
-363
-10411
-627
-10443
-755
-10411
-987
-10451
-1355
-10475
-1563
-10467
-1819
-10467
-2003
-10459
-2267
-10459
-2555
-10427
-2699
-10427
-2923
-10467
-3171
-10411
-3467
-10419
-3667
-10459
-3907
-10427
-4203
-10411
-4467
-10435
-4603
-10451
-4915
-10475
-5187
-10411
-5395
-10443
-5611
-10459
-5907
-10435
-6051
-10459
-6387
-10467
-6627
-10451
-6771
-10443
-7099
-10443
-7339
-10443
-7475
-10419
-7747
-10451
-7979
-10411
-8195
-10475
-8475
-10443
-8723
-10475
-8987
-10435
-9195
-10475
-9491
-10475
-9691
-10419
-9875
-10475
-10147
-10419
-10379
-10419
-10643
-10475
-10955
-10427
-11147
-10443
-11355
-10459
-11635
-10451
-11899
-10451
-12131
-10459
-12347
-10419
-12619
-10419
-12835
-10411
-13011
-10427
-13243
-10427
-13523
-10459
-13731
-10419
-14067
-10459
-14275
-10419
-14499
-10451
-14715
-10459
-14971
-10419
-15251
-10419
-15435
-10475
-15755
-10411
-15931
-10443
-16179
-10419
-16363
-10475
-16675
-10467
-16947
-10419
-17171
-10475
-17379
-10467
-17555
-10459
-17867
-10467
-18115
-10411
-18371
-10443
-18531
-10459
-18827
