109
480
145
-119
128
-319
233
-605
141
-765
1093
-1012
193
-1216
280
-1532
237
-1755
163
-1970
186
-2165
139
-2489
139
-2739
191
-2957
401
-3157
179
-3437
305
-3657
583
-3973
161
-4101
113
-4407
175
-4657
109
-4871
117
-5175
117
-5323
85
-5639
133
-5867
149
-6103
85
-6307
85
-6531
149
-6771
109
-6995
109
-7231
149
-7531
85
-7771
85
-7987
101
-8255
109
-8463
125
-8683
109
-8947
109
-9227
109
-9499
125
-9699
109
-9939
125
-10171
85
-10363
101
-10675
117
-10891
117
-11067
93
-11387
101
-11595
109
-11819
93
-12107
149
-12275
109
-12611
149
-12843
109
-13027
93
-13283
149
-13491
101
-13827
101
-13987
85
-14299
149
-14427
141
-14771
101
-14987
101
-15187
133
-15443
141
-15707
125
-15939
125
-16131
117
-16459
109
-16595
109
-16867
117
-17195
125
-17371
117
-17611
85
-17867
85
-18083
101
-18363
149
-18587
149
-18859
-115
845
-121
-102
-110
-357
-75
-543
-90
-817
-91
-995
-98
-1275
-69
-1466
-23
-1818
-3
-1999
-116
-2254
-131
-2453
-65
-2677
-9
-3007
-11
-3231
-93
-3463
-119
-3687
-83
-3943
-75
-4193
-39
-4377
-141
-4699
-107
-4851
-79
-5123
-43
-5403
-123
-5575
-127
-5811
-27
-6151
-23
-6395
-27
-6531
-115
-6755
-83
-7007
-131
-7247
-47
-7487
-51
-7703
-19
-7987
-131
-8191
-71
-8523
-143
-8699
-119
-8991
5
-9163
-19
-9399
-99
-9755
-75
-9923
-131
-10203
-139
-10459
-83
-10651
-43
-10907
-115
-11115
-131
-11315
-139
-11619
-131
-11787
-83
-12131
-107
-12291
-35
-12627
-147
-12747
-139
-13075
-147
-13307
-115
-13555
-155
-13811
-115
-13987
-115
-14235
-75
-14443
-75
-14715
-43
-14915
-27
-15171
-99
-15491
-147
-15723
-59
-15867
-107
-16131
-155
-16475
-51
-16715
-35
-16867
-147
-17139
-131
-17307
-139
-17595
-147
-17795
-131
-18099
-115
-18307
-99
-18555
-51
-18827
-367
1245
-263
-36
-301
-270
-345
-497
-253
-846
-298
-1051
-358
-1265
-365
-1493
-265
-1726
-291
-1961
-281
-2279
-341
-2437
-341
-2739
-345
-2923
-281
-3165
-293
-3459
-275
-3705
-355
-3857
-381
-4101
-327
-4371
-265
-4571
-359
-4851
-291
-5063
-307
-5307
-287
-5587
-283
-5783
-375
-6127
-299
-6275
-355
-6531
-347
-6723
-371
-6999
-271
-7307
-347
-7451
-279
-7803
-339
-8071
-271
-8255
-319
-8511
-327
-8739
-307
-8939
-287
-9275
-323
-9439
-339
-9667
-347
-9923
-267
-10171
-267
-10403
-355
-10691
-291
-10875
-331
-11195
-275
-11331
-387
-11611
-275
-11891
-379
-12051
-387
-12291
-315
-12619
-363
-12747
-355
-13091
-283
-13307
-323
-13475
-363
-13803
-323
-14075
-267
-14227
-267
-14531
-355
-14739
-363
-14923
-291
-15243
-395
-15395
-379
-15755
-387
-15971
-379
-16107
-363
-16355
-283
-16675
-267
-16915
-371
-17067
-347
-17363
-355
-17587
-307
-17827
-379
-18075
-387
-18283
-387
-18595
-355
-18875
-603
266
-548
-107
-535
-329
-533
-535
-496
-844
-578
-1047
-623
-1217
-531
-1579
-585
-1794
-575
-2048
-519
-2148
-559
-2529
-539
-2663
-483
-2929
-513
-3231
-531
-3439
-527
-3745
-495
-3913
-491
-4119
-619
-4431
-587
-4619
-511
-4919
-567
-5051
-623
-5315
-619
-5655
-607
-5823
-619
-6027
-547
-6339
-539
-6571
-595
-6723
-547
-7039
-567
-7323
-555
-7459
-515
-7731
-571
-7959
-579
-8227
-507
-8535
-627
-8751
-519
-9019
-551
-9175
-595
-9507
-611
-9755
-547
-9875
-507
-10171
-611
-10379
-507
-10603
-611
-10891
-635
-11123
-579
-11419
-579
-11619
-619
-11827
-555
-12083
-595
-12331
-587
-12627
-627
-12795
-635
-13107
-611
-13259
-523
-13467
-539
-13787
-531
-14051
-579
-14307
-619
-14539
-531
-14755
-611
-14979
-635
-15251
-627
-15387
-547
-15683
-619
-15923
-531
-16235
-587
-16451
-595
-16611
-531
-16851
-619
-17075
-611
-17395
-619
-17555
-507
-17915
-619
-18139
-603
-18331
-611
-18595
-603
-18859
-855
1075
-739
-31
-837
-365
-737
-592
-829
-722
-853
-1001
-726
-1266
-831
-1570
-814
-1790
-758
-2027
-831
-2225
-821
-2427
-753
-2765
-851
-3011
-775
-3209
-831
-3457
-773
-3639
-799
-3929
-869
-4115
-847
-4425
-737
-4615
-819
-4851
-855
-5147
-803
-5323
-771
-5611
-731
-5799
-779
-6067
-867
-6311
-843
-6515
-739
-6819
-759
-7099
-819
-7227
-763
-7591
-819
-7783
-747
-7967
-763
-8263
-799
-8427
-775
-8763
-759
-8943
-851
-9211
-827
-9459
-851
-9651
-875
-9899
-787
-10219
-795
-10451
-835
-10611
-787
-10907
-803
-11187
-763
-11323
-851
-11547
-827
-11819
-851
-12147
-819
-12315
-827
-12627
-843
-12787
-835
-13051
-835
-13267
-755
-13587
-763
-13707
-851
-13947
-875
-14251
-771
-14491
-819
-14699
-755
-14971
-795
-15227
-787
-15427
-835
-15755
-819
-15971
-771
-16227
-819
-16347
-835
-16651
-859
-16875
-827
-17067
-803
-17387
-771
-17555
-867
-17899
-779
-18067
-851
-18395
-859
-18563
-843
-18827
-1059
1679
-986
-62
-1030
-334
-1092
-490
-1063
-793
-1105
-1023
-1047
-1227
-1100
-1557
-1093
-1774
-1063
-1970
-1046
-2295
-1069
-2429
-1021
-2771
-1073
-2911
-1095
-3121
-1031
-3483
-1041
-3739
-995
-3963
-979
-4123
-1017
-4417
-1043
-4699
-963
-4923
-983
-5051
-1079
-5411
-1011
-5559
-1059
-5763
-995
-6139
-1059
-6291
-1075
-6559
-1063
-6811
-1051
-6991
-987
-7207
-1039
-7491
-1019
-7751
-1039
-7975
-1095
-8199
-1083
-8511
-1091
-8671
-1063
-8899
-1095
-9123
-1087
-9439
-1043
-9723
-1099
-9995
-1091
-10195
-1091
-10371
-1083
-10691
-1027
-10843
-1059
-11115
-1115
-11379
-995
-11675
-995
-11803
-995
-12139
-1027
-12339
-1027
-12523
-995
-12771
-1115
-12987
-987
-13235
-987
-13515
-1027
-13723
-1059
-14027
-1067
-14219
-1035
-14499
-995
-14723
-1067
-15011
-1091
-15267
-1075
-15387
-1107
-15667
-995
-15907
-1083
-16115
-1027
-16395
-1107
-16683
-1107
-16891
-987
-17091
-1059
-17307
-1067
-17611
-1075
-17915
-1067
-18083
-1035
-18323
-1027
-18619
-1027
-18843
-1331
2103
-1245
-45
-1265
-349
-1221
-545
-1296
-852
-1253
-971
-1249
-1311
-1257
-1457
-1335
-1820
-1234
-2009
-1246
-2147
-1213
-2523
-1303
-2711
-1295
-2995
-1211
-3225
-1317
-3437
-1285
-3691
-1333
-3947
-1273
-4135
-1317
-4431
-1297
-4637
-1271
-4847
-1315
-5071
-1247
-5387
-1299
-5651
-1323
-5787
-1311
-6043
-1251
-6271
-1291
-6523
-1303
-6835
-1315
-7007
-1251
-7211
-1243
-7559
-1239
-7743
-1335
-8023
-1283
-8235
-1279
-8459
-1239
-8743
-1303
-8967
-1311
-9243
-1243
-9407
-1331
-9707
-1323
-9979
-1347
-10139
-1339
-10451
-1267
-10683
-1323
-10827
-1315
-11171
-1235
-11435
-1331
-11571
-1315
-11907
-1331
-12035
-1323
-12371
-1307
-12571
-1251
-12763
-1315
-13067
-1315
-13243
-1243
-13475
-1315
-13795
-1259
-14019
-1315
-14243
-1323
-14467
-1243
-14739
-1227
-14979
-1267
-15251
-1347
-15387
-1331
-15627
-1299
-15883
-1315
-16155
-1251
-16411
-1339
-16715
-1339
-16955
-1259
-17091
-1355
-17403
-1347
-17627
-1259
-17915
-1235
-18075
-1267
-18315
-1299
-18531
-1315
-18843
-1579
1277
-1491
-25
-1453
-313
-1569
-541
-1561
-821
-1533
-1113
-1595
-1267
-1559
-1485
-1547
-1827
-1559
-1963
-1527
-2197
-1515
-2519
-1579
-2699
-1567
-2973
-1567
-3219
-1573
-3411
-1469
-3691
-1535
-3873
-1461
-4219
-1539
-4425
-1581
-4673
-1575
-4895
-1579
-5139
-1527
-5391
-1503
-5559
-1483
-5895
-1583
-6027
-1483
-6299
-1543
-6499
-1571
-6851
-1495
-7051
-1531
-7331
-1559
-7499
-1475
-7803
-1543
-7955
-1571
-8267
-1563
-8479
-1483
-8663
-1463
-8951
-1531
-9259
-1475
-9515
-1547
-9675
-1555
-9979
-1563
-10131
-1595
-10379
-1571
-10635
-1523
-10939
-1483
-11187
-1579
-11371
-1507
-11627
-1571
-11843
-1523
-12115
-1555
-12371
-1507
-12539
-1579
-12747
-1475
-13107
-1547
-13267
-1555
-13579
-1523
-13811
-1523
-14027
-1571
-14251
-1571
-14539
-1539
-14715
-1555
-14963
-1595
-15179
-1491
-15491
-1547
-15707
-1587
-15947
-1507
-16147
-1507
-16459
-1579
-16707
-1467
-16835
-1531
-17179
-1571
-17411
-1539
-17611
-1491
-17819
-1523
-18123
-1595
-18323
-1595
-18563
-1475
-18835
-1795
249
-1823
-55
-1777
-371
-1743
-571
-1789
-753
-1793
-1001
-1715
-1215
-1717
-1559
-1765
-1713
-1765
-1997
-1819
-2259
-1691
-2515
-1695
-2695
-1739
-2927
-1791
-3233
-1775
-3493
-1759
-3651
-1763
-3947
-1697
-4135
-1807
-4323
-1789
-4711
-1815
-4907
-1799
-5111
-1755
-5295
-1779
-5623
-1731
-5759
-1815
-6139
-1811
-6239
-1787
-6563
-1807
-6783
-1799
-7007
-1795
-7267
-1823
-7543
-1771
-7795
-1691
-8015
-1823
-8187
-1723
-8555
-1775
-8715
-1779
-8991
-1715
-9219
-1807
-9395
-1731
-9683
-1755
-9979
-1795
-10179
-1819
-10475
-1795
-10595
-1707
-10955
-1771
-11107
-1779
-11395
-1819
-11571
-1747
-11803
-1779
-12123
-1715
-12331
-1723
-12611
-1763
-12811
-1811
-13035
-1803
-13259
-1819
-13563
-1755
-13715
-1827
-13963
-1763
-14243
-1715
-14507
-1787
-14731
-1811
-14915
-1707
-15243
-1827
-15387
-1739
-15755
-1763
-15867
-1827
-16155
-1747
-16459
-1835
-16699
-1835
-16851
-1787
-17147
-1811
-17315
-1803
-17571
-1779
-17883
-1819
-18035
-1827
-18387
-1779
-18539
-1707
-18827
-1991
965
-1999
-15
-1995
-277
-1991
-567
-2061
-787
-1967
-969
-2063
-1295
-2029
-1555
-1971
-1697
-2003
-1953
-2015
-2199
-2039
-2469
-2039
-2635
-1979
-2975
-2047
-3249
-2055
-3441
-1987
-3667
-2015
-3957
-1993
-4145
-1985
-4439
-2039
-4691
-2027
-4847
-1983
-5059
-1999
-5303
-2031
-5563
-1979
-5887
-2015
-6035
-1967
-6259
-2011
-6563
-1955
-6859
-1975
-7023
-2035
-7279
-1983
-7483
-1971
-7695
-2059
-8047
-2031
-8191
-2059
-8451
-2035
-8663
-2059
-8919
-1995
-9243
-2019
-9395
-1995
-9643
-2027
-9971
-1947
-10131
-1963
-10411
-2027
-10603
-1947
-10827
-2019
-11099
-2051
-11411
-2059
-11635
-1971
-11827
-2043
-12043
-2043
-12395
-2043
-12579
-2043
-12835
-2075
-13059
-1995
-13275
-1995
-13571
-2051
-13747
-2051
-14003
-1987
-14275
-2035
-14531
-2035
-14795
-2059
-14971
-2027
-15267
-2051
-15419
-2011
-15715
-1963
-15963
-2075
-16163
-2011
-16347
-2075
-16635
-1963
-16835
-2067
-17123
-2075
-17395
-2019
-17619
-1987
-17811
-1971
-18131
-1971
-18339
-2019
-18555
-1947
-18875
-2251
143
-2289
-19
-2295
-277
-2183
-579
-2299
-743
-2209
-987
-2187
-1277
-2279
-1551
-2225
-1699
-2309
-1969
-2189
-2177
-2175
-2499
-2245
-2771
-2227
-2871
-2265
-3197
-2263
-3473
-2299
-3705
-2243
-3863
-2233
-4105
-2229
-4421
-2235
-4583
-2203
-4931
-2271
-5183
-2275
-5411
-2267
-5579
-2243
-5831
-2243
-6015
-2283
-6355
-2231
-6603
-2179
-6803
-2303
-7091
-2203
-7203
-2299
-7523
-2191
-7811
-2255
-8031
-2267
-8235
-2171
-8483
-2267
-8703
-2195
-8943
-2239
-9247
-2223
-9491
-2275
-9707
-2299
-9947
-2299
-10115
-2283
-10443
-2283
-10619
-2259
-10843
-2267
-11147
-2235
-11411
-2299
-11635
-2275
-11811
-2283
-12043
-2219
-12371
-2315
-12507
-2243
-12771
-2235
-12995
-2259
-13259
-2275
-13555
-2267
-13779
-2259
-14067
-2227
-14299
-2251
-14523
-2259
-14763
-2243
-14907
-2187
-15195
-2203
-15499
-2243
-15683
-2267
-15979
-2227
-16203
-2227
-16467
-2203
-16603
-2259
-16843
-2299
-17115
-2211
-17323
-2251
-17651
-2275
-17819
-2291
-18107
-2315
-18323
-2291
-18555
-2283
-18859
-2551
333
-2527
-111
-2489
-283
-2505
-573
-2411
-749
-2515
-1001
-2491
-1189
-2527
-1501
-2473
-1745
-2515
-2009
-2499
-2171
-2529
-2503
-2525
-2695
-2555
-2967
-2533
-3201
-2443
-3429
-2517
-3711
-2495
-3951
-2555
-4115
-2479
-4357
-2465
-4601
-2503
-4879
-2447
-5131
-2431
-5339
-2487
-5627
-2535
-5899
-2487
-6099
-2531
-6363
-2531
-6543
-2547
-6759
-2495
-7091
-2535
-7235
-2527
-7495
-2491
-7807
-2427
-7963
-2483
-8187
-2399
-8431
-2507
-8763
-2507
-9027
-2531
-9143
-2459
-9435
-2467
-9731
-2467
-9923
-2491
-10131
-2459
-10475
-2555
-10595
-2523
-10835
-2515
-11091
-2475
-11419
-2531
-11555
-2443
-11899
-2531
-12051
-2435
-12331
-2459
-12523
-2555
-12811
-2443
-13043
-2507
-13323
-2547
-13483
-2539
-13763
-2483
-14059
-2515
-14227
-2539
-14475
-2507
-14747
-2491
-14915
-2459
-15187
-2467
-15515
-2523
-15731
-2443
-15915
-2451
-16195
-2483
-16363
-2555
-16651
-2499
-16843
-2491
-17195
-2499
-17403
-2547
-17611
-2531
-17867
-2555
-18091
-2483
-18395
-2499
-18635
-2547
-18867
-2687
421
-2691
-83
-2687
-299
-2643
-515
-2723
-787
-2707
-1055
-2699
-1275
-2691
-1451
-2735
-1747
-2767
-1963
-2691
-2215
-2779
-2539
-2691
-2655
-2719
-2971
-2675
-3239
-2771
-3451
-2783
-3635
-2759
-3919
-2715
-4143
-2743
-4467
-2767
-4611
-2739
-4823
-2767
-5147
-2747
-5351
-2787
-5599
-2739
-5807
-2747
-6063
-2771
-6371
-2759
-6579
-2763
-6815
-2779
-7087
-2699
-7227
-2751
-7559
-2791
-7735
-2703
-7963
-2695
-8279
-2759
-8427
-2751
-8711
-2735
-8919
-2703
-9175
-2763
-9483
-2747
-9715
-2747
-9899
-2699
-10179
-2707
-10451
-2707
-10587
-2747
-10907
-2763
-11075
-2739
-11435
-2787
-11595
-2795
-11843
-2787
-12139
-2691
-12395
-2691
-12515
-2715
-12851
-2723
-13011
-2795
-13339
-2731
-13555
-2755
-13795
-2763
-14003
-2715
-14195
-2771
-14427
-2779
-14763
-2723
-15011
-2731
-15147
-2787
-15515
-2763
-15699
-2771
-15875
-2715
-16131
-2787
-16411
-2723
-16627
-2755
-16843
-2683
-17075
-2779
-17427
-2755
-17635
-2723
-17835
-2747
-18091
-2675
-18355
-2771
-18635
-2699
-18827
-2975
125
-2983
-99
-2979
-387
-2963
-559
-2939
-779
-2927
-1059
-3027
-1235
-3027
-1483
-3027
-1803
-2943
-2031
-2959
-2207
-2907
-2427
-2923
-2755
-2931
-2979
-2955
-3131
-2963
-3391
-3007
-3723
-2943
-3991
-3007
-4151
-2955
-4367
-3035
-4699
-2923
-4919
-2919
-5043
-2987
-5283
-3003
-5555
-2995
-5819
-2991
-6135
-2999
-6311
-3007
-6523
-2955
-6779
-2979
-7063
-2923
-7319
-3003
-7527
-2923
-7815
-2983
-7999
-2927
-8283
-2939
-8515
-2971
-8787
-2995
-9003
-2907
-9255
-2967
-9395
-2987
-9699
-2947
-9883
-3035
-10147
-2931
-10419
-3027
-10683
-3019
-10923
-2931
-11131
-3019
-11339
-3035
-11579
-2931
-11787
-2995
-12139
-2987
-12299
-3035
-12523
-2979
-12875
-3019
-13059
-2979
-13307
-3003
-13555
-3035
-13787
-2955
-13963
-3035
-14219
-2939
-14539
-2947
-14731
-2931
-14979
-2907
-15195
-3027
-15507
-3035
-15627
-3035
-15867
-2923
-16131
-2963
-16443
-2947
-16659
-2979
-16875
-2963
-17075
-3019
-17339
-3027
-17587
-3035
-17819
-2923
-18107
-2995
-18371
-2995
-18507
-2987
-18835
-3239
109
-3171
-99
-3255
-335
-3219
-595
-3207
-715
-3147
-1035
-3235
-1231
-3139
-1507
-3219
-1815
-3199
-2039
-3155
-2179
-3271
-2435
-3239
-2703
-3139
-2951
-3243
-3219
-3239
-3435
-3195
-3743
-3235
-3911
-3199
-4111
-3255
-4335
-3163
-4611
-3231
-4823
-3219
-5043
-3171
-5299
-3163
-5591
-3167
-5867
-3199
-6139
-3139
-6355
-3159
-6579
-3191
-6747
-3211
-7015
-3207
-7259
-3251
-7527
-3207
-7791
-3215
-7987
-3179
-8171
-3203
-8495
-3247
-8699
-3195
-8955
-3195
-9255
-3171
-9451
-3275
-9723
-3275
-9883
-3251
-10163
-3275
-10403
-3211
-10587
-3203
-10915
-3235
-11179
-3259
-11427
-3251
-11587
-3235
-11875
-3251
-12051
-3267
-12299
-3251
-12571
-3187
-12811
-3243
-13027
-3147
-13355
-3251
-13571
-3227
-13715
-3171
-14011
-3147
-14243
-3171
-14491
-3203
-14723
-3195
-14979
-3243
-15187
-3171
-15451
-3203
-15683
-3235
-15987
-3227
-16211
-3171
-16387
-3147
-16659
-3227
-16907
-3171
-17195
-3187
-17427
-3195
-17635
-3235
-17827
-3251
-18155
-3259
-18307
-3195
-18587
-3171
-18835
-3475
149
-3507
-119
-3495
-303
-3491
-627
-3479
-735
-3427
-1075
-3491
-1319
-3435
-1563
-3403
-1775
-3435
-2059
-3383
-2215
-3491
-2523
-3443
-2763
-3463
-2935
-3487
-3155
-3487
-3483
-3411
-3675
-3411
-3859
-3435
-4179
-3435
-4387
-3387
-4691
-3395
-4827
-3475
-5055
-3443
-5295
-3471
-5587
-3387
-5879
-3467
-6095
-3427
-6311
-3439
-6563
-3487
-6747
-3427
-6999
-3455
-7211
-3483
-7471
-3423
-7779
-3439
-7967
-3511
-8155
-3431
-8523
-3459
-8739
-3459
-9007
-3483
-9183
-3395
-9483
-3491
-9651
-3459
-9955
-3419
-10107
-3467
-10363
-3467
-10651
-3491
-10835
-3499
-11131
-3499
-11419
-3443
-11643
-3499
-11843
-3427
-12027
-3427
-12371
-3443
-12595
-3435
-12787
-3395
-13099
-3443
-13283
-3475
-13595
-3387
-13707
-3507
-14059
-3491
-14243
-3475
-14539
-3483
-14779
-3451
-14939
-3499
-15179
-3451
-15491
-3491
-15723
-3483
-15923
-3427
-16179
-3491
-16347
-3435
-16683
-3507
-16843
-3435
-17107
-3411
-17347
-3475
-17659
-3459
-17803
-3427
-18131
-3435
-18291
-3427
-18531
-3435
-18827
-3723
125
-3715
-27
-3623
-295
-3707
-523
-3651
-787
-3727
-999
-3719
-1255
-3719
-1547
-3735
-1803
-3715
-1979
-3679
-2307
-3683
-2459
-3651
-2647
-3703
-3003
-3747
-3179
-3639
-3391
-3635
-3695
-3719
-3847
-3727
-4179
-3719
-4427
-3639
-4595
-3655
-4875
-3727
-5163
-3719
-5299
-3739
-5523
-3747
-5871
-3683
-6047
-3731
-6339
-3615
-6579
-3723
-6771
-3659
-6991
-3739
-7287
-3675
-7507
-3747
-7707
-3647
-7947
-3687
-8211
-3659
-8519
-3683
-8739
-3731
-8875
-3659
-9215
-3667
-9403
-3659
-9755
-3715
-9947
-3635
-10123
-3667
-10395
-3739
-10627
-3659
-10915
-3747
-11147
-3739
-11387
-3747
-11643
-3627
-11827
-3723
-12139
-3715
-12331
-3659
-12635
-3731
-12843
-3635
-13075
-3747
-13347
-3747
-13539
-3747
-13755
-3707
-14019
-3723
-14211
-3723
-14459
-3635
-14715
-3699
-14987
-3691
-15155
-3747
-15507
-3691
-15659
-3747
-15971
-3667
-16227
-3747
-16355
-3747
-16627
-3635
-16875
-3747
-17099
-3707
-17371
-3715
-17667
-3731
-17875
-3723
-18083
-3739
-18323
-3739
-18603
-3723
-18835
-3971
133
-3919
-67
-3959
-347
-3979
-607
-3915
-803
-3951
-1039
-3875
-1275
-3967
-1555
-3967
-1767
-3959
-2051
-3959
-2155
-3907
-2487
-3899
-2667
-3971
-2991
-3967
-3187
-3867
-3435
-3959
-3691
-3927
-3879
-3939
-4179
-3935
-4363
-3947
-4571
-3919
-4851
-3947
-5179
-3951
-5407
-3855
-5623
-3875
-5891
-3935
-6079
-3943
-6387
-3975
-6555
-3931
-6863
-3867
-7023
-3879
-7299
-3931
-7491
-3963
-7735
-3879
-7923
-3975
-8247
-3979
-8515
-3883
-8719
-3983
-8947
-3943
-9159
-3887
-9371
-3907
-9667
-3899
-9963
-3971
-10171
-3923
-10435
-3987
-10667
-3979
-10875
-3979
-11131
-3971
-11339
-3923
-11603
-3875
-11811
-3963
-12147
-3899
-12371
-3907
-12571
-3963
-12811
-3987
-12987
-3875
-13267
-3971
-13467
-3979
-13715
-3987
-14035
-3923
-14243
-3867
-14499
-3987
-14723
-3875
-14987
-3907
-15259
-3883
-15515
-3899
-15627
-3963
-15979
-3923
-16179
-3947
-16411
-3923
-16699
-3867
-16915
-3907
-17131
-3987
-17379
-3947
-17667
-3891
-17787
-3915
-18027
-3915
-18379
-3979
-18531
-3899
-18835
-4143
101
-4219
-59
-4127
-367
-4139
-595
-4143
-855
-4171
-1087
-4223
-1255
-4139
-1519
-4091
-1751
-4187
-1975
-4183
-2279
-4119
-2423
-4235
-2691
-4115
-2987
-4227
-3207
-4223
-3483
-4223
-3671
-4119
-3903
-4115
-4199
-4171
-4447
-4207
-4631
-4199
-4859
-4127
-5175
-4223
-5383
-4211
-5547
-4191
-5767
-4155
-6103
-4095
-6391
-4163
-6555
-4091
-6783
-4179
-7027
-4211
-7315
-4099
-7495
-4099
-7731
-4203
-7963
-4159
-8167
-4219
-8411
-4187
-8703
-4203
-8995
-4203
-9155
-4179
-9427
-4139
-9755
-4123
-9899
-4219
-10123
-4147
-10427
-4219
-10627
-4211
-10851
-4211
-11091
-4147
-11379
-4227
-11667
-4227
-11867
-4235
-12059
-4163
-12299
-4179
-12627
-4211
-12771
-4107
-13107
-4211
-13251
-4203
-13595
-4187
-13795
-4235
-14075
-4227
-14187
-4227
-14491
-4163
-14771
-4147
-14931
-4107
-15179
-4211
-15387
-4235
-15699
-4211
-15923
-4155
-16139
-4203
-16411
-4211
-16619
-4147
-16851
-4123
-17187
-4115
-17355
-4219
-17667
-4163
-17899
-4211
-18107
-4203
-18379
-4163
-18587
-4195
-18843
-4339
93
-4395
-123
-4399
-367
-4447
-587
-4403
-851
-4463
-1091
-4347
-1255
-4375
-1515
-4423
-1795
-4459
-2059
-4319
-2235
-4339
-2551
-4363
-2787
-4371
-2975
-4423
-3163
-4439
-3455
-4435
-3723
-4327
-3863
-4455
-4171
-4355
-4391
-4383
-4651
-4363
-4815
-4431
-5167
-4383
-5383
-4415
-5567
-4455
-5811
-4431
-6075
-4411
-6331
-4379
-6631
-4379
-6779
-4375
-7083
-4419
-7283
-4331
-7515
-4395
-7799
-4395
-8007
-4391
-8283
-4403
-8491
-4347
-8735
-4431
-8959
-4435
-9271
-4359
-9483
-4467
-9675
-4435
-9987
-4379
-10155
-4403
-10371
-4411
-10683
-4467
-10835
-4443
-11067
-4355
-11411
-4427
-11595
-4427
-11859
-4443
-12083
-4395
-12267
-4443
-12531
-4467
-12875
-4371
-13043
-4443
-13331
-4459
-13579
-4347
-13707
-4387
-14075
-4355
-14203
-4451
-14523
-4475
-14707
-4371
-15003
-4435
-15267
-4467
-15427
-4435
-15627
-4475
-15939
-4443
-16203
-4411
-16347
-4411
-16611
-4467
-16835
-4395
-17139
-4459
-17355
-4411
-17611
-4435
-17819
-4347
-18147
-4475
-18323
-4403
-18587
-4395
-18859
-4611
117
-4699
-75
-4687
-379
-4667
-551
-4703
-719
-4647
-1019
-4619
-1251
-4607
-1487
-4699
-1707
-4595
-2007
-4643
-2251
-4715
-2415
-4675
-2751
-4691
-2959
-4675
-3119
-4575
-3439
-4671
-3699
-4675
-3903
-4687
-4175
-4683
-4459
-4595
-4667
-4691
-4935
-4687
-5039
-4583
-5327
-4615
-5555
-4615
-5847
-4635
-6139
-4595
-6343
-4555
-6515
-4667
-6803
-4651
-7051
-4627
-7243
-4707
-7475
-4663
-7759
-4671
-7947
-4691
-8263
-4675
-8495
-4667
-8667
-4683
-9007
-4579
-9239
-4667
-9371
-4587
-9691
-4651
-9915
-4707
-10179
-4707
-10467
-4715
-10603
-4691
-10835
-4635
-11155
-4659
-11395
-4667
-11643
-4667
-11803
-4667
-12043
-4715
-12387
-4715
-12587
-4707
-12851
-4683
-13051
-4675
-13355
-4611
-13507
-4619
-13803
-4603
-13955
-4595
-14315
-4627
-14555
-4667
-14715
-4707
-14971
-4595
-15195
-4707
-15387
-4715
-15635
-4619
-15963
-4683
-16203
-4587
-16427
-4667
-16603
-4675
-16891
-4691
-17131
-4691
-17411
-4643
-17675
-4699
-17811
-4715
-18147
-4691
-18339
-4611
-18579
-4691
-18843
-4891
109
-4867
-43
-4931
-291
-4903
-535
-4855
-763
-4903
-1019
-4915
-1211
-4835
-1463
-4951
-1787
-4911
-2027
-4927
-2275
-4847
-2515
-4839
-2715
-4923
-3011
-4903
-3203
-4907
-3483
-4851
-3659
-4871
-3935
-4927
-4155
-4943
-4395
-4931
-4567
-4851
-4931
-4887
-5159
-4951
-5335
-4947
-5587
-4939
-5763
-4923
-6075
-4847
-6303
-4875
-6499
-4843
-6839
-4919
-6979
-4823
-7299
-4867
-7571
-4843
-7707
-4947
-7963
-4831
-8175
-4871
-8423
-4927
-8771
-4911
-9003
-4879
-9207
-4867
-9411
-4883
-9627
-4843
-9923
-4843
-10179
-4875
-10419
-4827
-10715
-4899
-10835
-4939
-11107
-4947
-11387
-4923
-11635
-4947
-11867
-4915
-12059
-4955
-12315
-4843
-12627
-4939
-12835
-4883
-13059
-4947
-13227
-4859
-13483
-4883
-13731
-4883
-14051
-4883
-14267
-4859
-14459
-4939
-14747
-4915
-14955
-4939
-15163
-4931
-15475
-4867
-15659
-4931
-15867
-4907
-16179
-4875
-16427
-4891
-16659
-4875
-16851
-4923
-17155
-4907
-17395
-4835
-17603
-4923
-17859
-4915
-18067
-4827
-18355
-4915
-18547
-4931
-18851
-5059
109
-5075
-127
-5083
-271
-5171
-499
-5127
-791
-5139
-1055
-5055
-1231
-5159
-1491
-5055
-1731
-5159
-2063
-5143
-2215
-5063
-2531
-5103
-2699
-5175
-2975
-5111
-3239
-5095
-3395
-5143
-3723
-5147
-3891
-5055
-4203
-5151
-4431
-5171
-4619
-5059
-4907
-5187
-5107
-5111
-5387
-5147
-5607
-5187
-5863
-5095
-6067
-5059
-6303
-5167
-6635
-5139
-6799
-5079
-7087
-5095
-7303
-5135
-7559
-5099
-7807
-5187
-8035
-5191
-8187
-5151
-8539
-5163
-8715
-5167
-8979
-5139
-9227
-5083
-9411
-5163
-9747
-5187
-9923
-5083
-10163
-5083
-10467
-5115
-10715
-5099
-10891
-5155
-11147
-5187
-11339
-5099
-11571
-5187
-11891
-5115
-12059
-5163
-12331
-5195
-12627
-5171
-12835
-5155
-13083
-5091
-13307
-5091
-13467
-5155
-13731
-5179
-14075
-5147
-14315
-5195
-14491
-5091
-14755
-5187
-14947
-5179
-15259
-5115
-15507
-5195
-15723
-5115
-15987
-5107
-16163
-5187
-16443
-5155
-16675
-5171
-16843
-5091
-17083
-5155
-17331
-5083
-17675
-5139
-17795
-5171
-18115
-5091
-18275
-5187
-18619
-5163
-18851
-5371
133
-5307
-99
-5411
-371
-5323
-499
-5363
-843
-5371
-1091
-5395
-1283
-5395
-1459
-5387
-1731
-5419
-2019
-5403
-2219
-5379
-2491
-5419
-2795
-5395
-2943
-5331
-3187
-5331
-3375
-5363
-3691
-5435
-3979
-5323
-4123
-5427
-4475
-5331
-4683
-5411
-4851
-5419
-5155
-5403
-5307
-5395
-5567
-5411
-5899
-5395
-6099
-5331
-6243
-5387
-6543
-5435
-6827
-5371
-7115
-5427
-7323
-5339
-7483
-5395
-7771
-5307
-7975
-5435
-8299
-5395
-8471
-5411
-8675
-5411
-8931
-5419
-9147
-5387
-9375
-5339
-9643
-5435
-9995
-5435
-10155
-5435
-10403
-5419
-10595
-5355
-10883
-5347
-11171
-5371
-11379
-5363
-11643
-5339
-11851
-5395
-12067
-5315
-12355
-5419
-12587
-5435
-12843
-5339
-13083
-5387
-13307
-5331
-13547
-5307
-13747
-5395
-13971
-5411
-14219
-5427
-14507
-5419
-14787
-5371
-14907
-5427
-15147
-5371
-15515
-5363
-15667
-5339
-15987
-5355
-16179
-5355
-16427
-5371
-16619
-5411
-16947
-5315
-17083
-5379
-17403
-5331
-17587
-5419
-17875
-5387
-18067
-5379
-18395
-5427
-18539
-5331
-18827
-5635
133
-5619
-51
-5635
-299
-5563
-515
-5627
-819
-5587
-1051
-5667
-1339
-5643
-1499
-5643
-1715
-5595
-2067
-5651
-2315
-5675
-2499
-5563
-2683
-5571
-2963
-5643
-3163
-5667
-3395
-5619
-3731
-5675
-3955
-5635
-4131
-5619
-4435
-5595
-4691
-5651
-4947
-5619
-5123
-5627
-5363
-5595
-5659
-5675
-5835
-5675
-6035
-5659
-6387
-5659
-6635
-5587
-6755
-5603
-7083
-5563
-7283
-5651
-7539
-5563
-7755
-5587
-7971
-5619
-8243
-5635
-8507
-5619
-8731
-5627
-8915
-5627
-9259
-5595
-9411
-5667
-9731
-5643
-9907
-5651
-10227
-5667
-10475
-5659
-10651
-5659
-10883
-5675
-11187
-5571
-11307
-5595
-11627
-5643
-11891
-5635
-12147
-5675
-12379
-5619
-12515
-5635
-12867
-5651
-13051
-5579
-13227
-5675
-13467
-5659
-13747
-5547
-14011
-5603
-14203
-5603
-14555
-5587
-14667
-5547
-14947
-5619
-15251
-5667
-15451
-5603
-15627
-5611
-15907
-5547
-16179
-5603
-16411
-5555
-16587
-5571
-16947
-5587
-17163
-5579
-17419
-5635
-17603
-5651
-17915
-5611
-18155
-5611
-18347
-5659
-18595
-5675
-18835
-5867
133
-5867
-139
-5811
-387
-5899
-523
-5891
-771
-5851
-1067
-5907
-1347
-5835
-1515
-5843
-1731
-5899
-2003
-5811
-2203
-5907
-2451
-5811
-2739
-5875
-3027
-5803
-3275
-5795
-3507
-5795
-3635
-5915
-3891
-5851
-4203
-5819
-4427
-5859
-4675
-5883
-4947
-5907
-5171
-5843
-5355
-5899
-5555
-5795
-5803
-5795
-6067
-5875
-6355
-5915
-6571
-5811
-6755
-5891
-7067
-5843
-7315
-5827
-7483
-5875
-7827
-5907
-8019
-5843
-8251
-5915
-8491
-5851
-8779
-5851
-8915
-5883
-9227
-5835
-9507
-5883
-9715
-5859
-9971
-5787
-10147
-5803
-10371
-5819
-10595
-5891
-10923
-5835
-11075
-5915
-11395
-5835
-11579
-5899
-11899
-5827
-12059
-5899
-12379
-5851
-12523
-5907
-12747
-5883
-13059
-5795
-13267
-5811
-13595
-5915
-13779
-5899
-14067
-5827
-14227
-5915
-14547
-5899
-14699
-5787
-15003
-5875
-15243
-5875
-15435
-5851
-15707
-5843
-15891
-5875
-16235
-5795
-16467
-5811
-16715
-5843
-16931
-5851
-17107
-5899
-17395
-5843
-17587
-5915
-17915
-5891
-18043
-5899
-18347
-5803
-18539
-5883
-18819
-6123
149
-6155
-59
-6067
-283
-6043
-571
-6123
-875
-6051
-1099
-6043
-1251
-6155
-1587
-6131
-1763
-6147
-2019
-6155
-2243
-6131
-2555
-6027
-2795
-6147
-2915
-6027
-3227
-6131
-3499
-6139
-3643
-6067
-3947
-6107
-4187
-6115
-4419
-6083
-4707
-6107
-4899
-6083
-5115
-6035
-5363
-6067
-5627
-6075
-5795
-6099
-6075
-6099
-6355
-6059
-6571
-6155
-6843
-6147
-7067
-6131
-7323
-6115
-7539
-6155
-7739
-6067
-7995
-6099
-8259
-6083
-8443
-6155
-8691
-6091
-9035
-6083
-9219
-6147
-9459
-6147
-9715
-6091
-9963
-6155
-10179
-6147
-10403
-6107
-10619
-6027
-10955
-6083
-11123
-6043
-11339
-6059
-11643
-6139
-11819
-6027
-12035
-6131
-12355
-6155
-12523
-6123
-12795
-6155
-13099
-6131
-13283
-6027
-13595
-6155
-13739
-6035
-13955
-6139
-14227
-6043
-14475
-6067
-14779
-6115
-15035
-6067
-15155
-6155
-15387
-6075
-15643
-6083
-15979
-6027
-16195
-6035
-16443
-6123
-16691
-6131
-16851
-6067
-17179
-6155
-17363
-6139
-17643
-6131
-17899
-6035
-18123
-6123
-18371
-6051
-18595
-6123
-18811
-6387
125
-6315
-155
-6355
-307
-6387
-579
-6347
-803
-6387
-1059
-6283
-1347
-6331
-1475
-6355
-1795
-6267
-2035
-6371
-2251
-6387
-2435
-6267
-2779
-6395
-2947
-6379
-3259
-6275
-3483
-6387
-3755
-6363
-3907
-6291
-4107
-6339
-4355
-6283
-4699
-6379
-4835
-6347
-5091
-6387
-5387
-6347
-5627
-6267
-5851
-6339
-6147
-6363
-6363
-6347
-6515
-6355
-6827
-6395
-7091
-6387
-7355
-6275
-7475
-6283
-7707
-6363
-8043
-6331
-8227
-6307
-8467
-6307
-8683
-6363
-8907
-6291
-9147
-6339
-9483
-6315
-9635
-6355
-9907
-6355
-10235
-6291
-10403
-6371
-10675
-6363
-10931
-6387
-11075
-6355
-11387
-6283
-11667
-6379
-11827
-6395
-12131
-6363
-12355
-6267
-12523
-6363
-12747
-6395
-13019
-6355
-13347
-6283
-13547
-6283
-13763
-6291
-14011
-6299
-14243
-6355
-14499
-6355
-14707
-6339
-14931
-6283
-15219
-6355
-15491
-6347
-15739
-6331
-15995
-6395
-16147
-6331
-16395
-6387
-16595
-6363
-16859
-6387
-17083
-6387
-17363
-6355
-17595
-6371
-17867
-6291
-18139
-6371
-18275
-6395
-18547
-6331
-18811
-6611
85
-6619
-35
-6587
-339
-6587
-627
-6579
-755
-6579
-1003
-6571
-1227
-6579
-1483
-6635
-1755
-6555
-2027
-6595
-2275
-6595
-2555
-6595
-2691
-6555
-3027
-6619
-3155
-6531
-3515
-6579
-3627
-6595
-3923
-6627
-4147
-6515
-4347
-6531
-4691
-6571
-4891
-6579
-5179
-6563
-5403
-6563
-5571
-6635
-5899
-6603
-6147
-6579
-6291
-6619
-6507
-6539
-6859
-6611
-7027
-6635
-7251
-6515
-7515
-6611
-7739
-6555
-7971
-6587
-8283
-6595
-8531
-6627
-8747
-6523
-8931
-6579
-9235
-6627
-9491
-6635
-9651
-6627
-9915
-6587
-10131
-6603
-10459
-6635
-10667
-6523
-10915
-6531
-11163
-6563
-11411
-6507
-11547
-6531
-11803
-6571
-12115
-6539
-12315
-6603
-12587
-6611
-12755
-6507
-13027
-6635
-13339
-6627
-13595
-6619
-13723
-6627
-14059
-6627
-14243
-6523
-14435
-6547
-14675
-6563
-14923
-6587
-15267
-6563
-15403
-6635
-15755
-6603
-15963
-6571
-16115
-6635
-16355
-6531
-16675
-6563
-16875
-6579
-17123
-6571
-17331
-6555
-17579
-6507
-17827
-6635
-18123
-6579
-18379
-6547
-18603
-6571
-18859
-6827
125
-6859
-27
-6875
-323
-6795
-571
-6819
-819
-6763
-1115
-6867
-1299
-6835
-1523
-6819
-1771
-6859
-1947
-6771
-2315
-6819
-2531
-6843
-2795
-6795
-2955
-6763
-3203
-6859
-3467
-6867
-3707
-6787
-3875
-6875
-4107
-6835
-4387
-6827
-4619
-6875
-4955
-6835
-5179
-6843
-5371
-6779
-5643
-6779
-5891
-6803
-6067
-6851
-6371
-6835
-6579
-6835
-6771
-6787
-7003
-6859
-7235
-6843
-7507
-6851
-7811
-6803
-8027
-6827
-8227
-6747
-8507
-6875
-8747
-6843
-8931
-6875
-9163
-6747
-9411
-6859
-9723
-6843
-9875
-6803
-10211
-6771
-10419
-6755
-10635
-6835
-10907
-6795
-11067
-6787
-11355
-6867
-11659
-6771
-11835
-6795
-12059
-6755
-12331
-6875
-12603
-6771
-12755
-6875
-13051
-6851
-13227
-6875
-13563
-6819
-13731
-6747
-13971
-6851
-14299
-6819
-14459
-6811
-14747
-6851
-14931
-6787
-15219
-6835
-15395
-6771
-15715
-6795
-15875
-6811
-16219
-6795
-16419
-6803
-16635
-6819
-16843
-6787
-17171
-6803
-17371
-6867
-17563
-6867
-17787
-6779
-18107
-6875
-18371
-6803
-18587
-6867
-18811
-6987
125
-7027
-147
-7091
-379
-7075
-531
-7115
-771
-6987
-1115
-7059
-1291
-7083
-1499
-7099
-1747
-7083
-1995
-7067
-2251
-7115
-2515
-7099
-2715
-7107
-2963
-7083
-3171
-7035
-3387
-7099
-3643
-7099
-3971
-7035
-4131
-7059
-4387
-7091
-4643
-7067
-4947
-7107
-5147
-7043
-5379
-7099
-5619
-7115
-5867
-7067
-6155
-7075
-6307
-7107
-6619
-7107
-6827
-7083
-7083
-7035
-7315
-7107
-7563
-7067
-7787
-7083
-8067
-7115
-8211
-7035
-8499
-7107
-8675
-7115
-8963
-7059
-9219
-7115
-9387
-7083
-9691
-7083
-9891
-7091
-10163
-7091
-10443
-7051
-10683
-7083
-10907
-7083
-11139
-7027
-11355
-7027
-11547
-7107
-11787
-7035
-12107
-7027
-12331
-7027
-12531
-7067
-12795
-7091
-12987
-7051
-13283
-7019
-13595
-7075
-13715
-6987
-14027
-7019
-14187
-7075
-14443
-7075
-14755
-7099
-15019
-7067
-15227
-6987
-15507
-7083
-15739
-6987
-15875
-7115
-16171
-7099
-16363
-7083
-16595
-7027
-16883
-7115
-17131
-7099
-17427
-7107
-17611
-7107
-17843
-7107
-18067
-7083
-18395
-7075
-18635
-7011
-18843
-7235
133
-7347
-91
-7299
-371
-7339
-515
-7347
-819
-7283
-1003
-7339
-1347
-7347
-1531
-7299
-1771
-7339
-2035
-7291
-2251
-7283
-2547
-7283
-2755
-7275
-2907
-7275
-3275
-7339
-3467
-7347
-3683
-7283
-3971
-7283
-4179
-7355
-4387
-7235
-4715
-7235
-4899
-7347
-5067
-7347
-5339
-7275
-5547
-7307
-5915
-7251
-6051
-7251
-6315
-7331
-6627
-7331
-6787
-7339
-6987
-7291
-7235
-7355
-7595
-7251
-7835
-7331
-7987
-7307
-8299
-7323
-8459
-7323
-8739
-7259
-8995
-7259
-9195
-7347
-9443
-7339
-9699
-7355
-9947
-7235
-10203
-7315
-10419
-7331
-10619
-7291
-10851
-7283
-11147
-7355
-11363
-7347
-11587
-7331
-11795
-7331
-12043
-7355
-12355
-7235
-12595
-7251
-12755
-7355
-13083
-7347
-13291
-7347
-13507
-7347
-13715
-7315
-13955
-7331
-14291
-7259
-14515
-7347
-14675
-7331
-15027
-7347
-15163
-7331
-15395
-7315
-15755
-7323
-15883
-7307
-16179
-7275
-16459
-7299
-16659
-7299
-16907
-7355
-17107
-7347
-17347
-7251
-17555
-7235
-17915
-7315
-18099
-7283
-18347
-7347
-18547
-7315
-18835
-7523
125
-7563
-147
-7547
-387
-7483
-507
-7491
-819
-7507
-987
-7563
-1251
-7515
-1579
-7595
-1819
-7555
-2035
-7475
-2195
-7587
-2539
-7587
-2675
-7595
-2947
-7483
-3171
-7571
-3515
-7587
-3715
-7587
-3963
-7587
-4147
-7515
-4411
-7579
-4643
-7467
-4915
-7483
-5123
-7547
-5395
-7483
-5619
-7523
-5851
-7595
-6067
-7571
-6323
-7539
-6619
-7475
-6779
-7579
-7019
-7539
-7235
-7579
-7467
-7595
-7755
-7491
-8011
-7523
-8203
-7499
-8555
-7547
-8683
-7579
-8987
-7499
-9259
-7475
-9483
-7579
-9723
-7555
-9907
-7563
-10107
-7547
-10347
-7507
-10715
-7579
-10939
-7547
-11139
-7499
-11387
-7507
-11643
-7475
-11891
-7587
-12067
-7555
-12323
-7523
-12531
-7531
-12755
-7523
-13075
-7563
-13275
-7499
-13483
-7595
-13755
-7563
-14059
-7571
-14219
-7595
-14491
-7515
-14795
-7571
-14931
-7483
-15147
-7571
-15427
-7499
-15643
-7571
-15955
-7587
-16195
-7563
-16459
-7587
-16699
-7563
-16915
-7595
-17195
-7507
-17427
-7571
-17547
-7523
-17843
-7483
-18115
-7539
-18307
-7507
-18563
-7483
-18827
-7795
133
-7763
-115
-7803
-283
-7835
-627
-7819
-819
-7795
-1019
-7819
-1315
-7819
-1555
-7795
-1747
-7803
-1955
-7803
-2283
-7835
-2507
-7747
-2699
-7827
-3003
-7795
-3275
-7723
-3483
-7707
-3691
-7747
-3979
-7747
-4235
-7731
-4459
-7795
-4603
-7763
-4907
-7723
-5123
-7795
-5419
-7779
-5619
-7715
-5851
-7731
-6075
-7771
-6355
-7755
-6619
-7803
-6827
-7747
-7035
-7827
-7331
-7795
-7499
-7795
-7755
-7755
-8011
-7771
-8283
-7723
-8499
-7739
-8763
-7763
-8923
-7779
-9275
-7811
-9411
-7835
-9643
-7811
-9867
-7707
-10219
-7803
-10371
-7739
-10603
-7827
-10939
-7763
-11123
-7819
-11347
-7731
-11667
-7811
-11875
-7795
-12059
-7819
-12291
-7771
-12595
-7755
-12763
-7795
-13059
-7835
-13291
-7835
-13523
-7811
-13819
-7827
-14059
-7787
-14187
-7819
-14467
-7779
-14787
-7715
-14995
-7739
-15195
-7779
-15491
-7827
-15739
-7835
-15923
-7779
-16219
-7795
-16355
-7835
-16667
-7739
-16851
-7747
-17091
-7747
-17323
-7811
-17611
-7707
-17827
-7763
-18123
-7723
-18355
-7739
-18531
-7779
-18811
-8075
133
-8059
-67
-8075
-283
-8075
-603
-8067
-747
-8051
-1075
-8027
-1243
-8067
-1547
-8075
-1811
-8035
-1955
-8011
-2291
-7963
-2435
-7971
-2739
-7979
-2987
-8019
-3235
-7971
-3411
-7995
-3683
-7955
-3963
-8059
-4227
-8019
-4419
-8019
-4659
-8051
-4939
-8011
-5147
-8059
-5307
-7979
-5555
-7979
-5811
-7987
-6155
-7963
-6267
-7963
-6523
-8011
-6851
-7971
-7035
-7971
-7339
-8067
-7539
-7995
-7723
-8059
-8027
-7987
-8291
-8019
-8555
-8043
-8683
-7995
-9019
-8019
-9235
-7995
-9499
-7971
-9635
-7947
-9963
-7955
-10219
-8051
-10459
-8067
-10683
-8027
-10827
-8027
-11107
-7979
-11419
-8059
-11555
-7955
-11835
-8067
-12131
-8035
-12299
-8019
-12563
-8075
-12795
-7947
-12987
-7995
-13355
-8051
-13579
-8043
-13827
-8019
-14027
-7955
-14315
-8051
-14547
-8067
-14699
-8003
-14931
-8027
-15235
-7947
-15435
-8067
-15659
-7979
-15939
-8075
-16123
-8003
-16467
-7971
-16691
-8019
-16843
-8035
-17147
-8043
-17435
-8043
-17619
-7987
-17859
-7987
-18139
-7963
-18395
-8035
-18603
-8027
-18843
-8235
125
-8251
-83
-8291
-363
-8299
-603
-8211
-851
-8259
-1051
-8267
-1275
-8315
-1491
-8267
-1803
-8243
-1963
-8267
-2259
-8211
-2555
-8315
-2683
-8235
-3035
-8299
-3171
-8259
-3507
-8315
-3723
-8219
-3971
-8315
-4203
-8187
-4403
-8267
-4715
-8219
-4899
-8307
-5179
-8315
-5323
-8315
-5603
-8275
-5907
-8195
-6043
-8251
-6307
-8283
-6531
-8243
-6755
-8195
-7003
-8283
-7291
-8187
-7547
-8243
-7739
-8251
-8075
-8283
-8291
-8203
-8507
-8267
-8747
-8187
-8939
-8291
-9243
-8195
-9451
-8251
-9731
-8227
-9875
-8267
-10227
-8283
-10355
-8251
-10683
-8187
-10955
-8259
-11139
-8227
-11355
-8227
-11555
-8315
-11883
-8243
-12139
-8275
-12283
-8307
-12539
-8267
-12859
-8299
-13091
-8291
-13283
-8275
-13555
-8219
-13715
-8315
-14027
-8291
-14291
-8307
-14507
-8275
-14675
-8243
-15035
-8275
-15235
-8315
-15499
-8211
-15643
-8315
-15891
-8275
-16107
-8251
-16443
-8315
-16627
-8243
-16915
-8267
-17187
-8299
-17307
-8211
-17595
-8251
-17899
-8275
-18131
-8315
-18355
-8203
-18547
-8251
-18843
-8483
117
-8507
-147
-8491
-331
-8499
-523
-8547
-811
-8523
-1027
-8523
-1331
-8555
-1467
-8539
-1787
-8451
-2027
-8515
-2299
-8499
-2427
-8539
-2667
-8443
-2931
-8515
-3275
-8555
-3507
-8531
-3723
-8507
-3963
-8515
-4131
-8475
-4347
-8515
-4699
-8451
-4947
-8491
-5187
-8555
-5315
-8555
-5635
-8451
-5867
-8507
-6043
-8555
-6379
-8507
-6603
-8539
-6843
-8435
-7019
-8443
-7259
-8467
-7579
-8491
-7715
-8507
-8003
-8491
-8283
-8435
-8491
-8507
-8699
-8451
-8971
-8555
-9267
-8483
-9427
-8555
-9667
-8475
-9899
-8443
-10147
-8547
-10475
-8507
-10707
-8491
-10827
-8507
-11139
-8531
-11323
-8427
-11667
-8523
-11875
-8547
-12067
-8507
-12379
-8555
-12523
-8507
-12875
-8491
-13099
-8483
-13275
-8443
-13547
-8523
-13755
-8531
-14027
-8515
-14243
-8483
-14523
-8451
-14747
-8443
-14931
-8547
-15155
-8531
-15467
-8539
-15723
-8547
-15931
-8515
-16163
-8555
-16379
-8507
-16675
-8523
-16851
-8539
-17067
-8555
-17411
-8531
-17643
-8531
-17851
-8451
-18083
-8459
-18267
-8507
-18547
-8435
-18859
-8771
109
-8731
-147
-8787
-387
-8795
-611
-8755
-747
-8755
-1099
-8795
-1307
-8779
-1475
-8723
-1811
-8731
-1987
-8739
-2203
-8739
-2547
-8739
-2707
-8683
-2971
-8779
-3275
-8683
-3451
-8739
-3643
-8675
-3971
-8787
-4123
-8771
-4363
-8747
-4619
-8763
-4923
-8731
-5123
-8779
-5347
-8707
-5643
-8779
-5891
-8779
-6115
-8691
-6387
-8739
-6523
-8707
-6771
-8739
-7083
-8731
-7235
-8715
-7539
-8779
-7779
-8723
-8035
-8771
-8211
-8787
-8499
-8683
-8707
-8779
-8995
-8699
-9235
-8787
-9427
-8771
-9699
-8771
-9923
-8787
-10123
-8675
-10427
-8779
-10603
-8723
-10851
-8699
-11067
-8707
-11419
-8771
-11643
-8731
-11899
-8707
-12075
-8723
-12291
-8691
-12531
-8667
-12779
-8683
-12987
-8723
-13339
-8755
-13475
-8771
-13771
-8779
-14075
-8771
-14227
-8787
-14531
-8771
-14787
-8699
-15011
-8747
-15275
-8787
-15411
-8707
-15627
-8739
-15979
-8699
-16171
-8739
-16443
-8771
-16651
-8755
-16867
-8667
-17115
-8715
-17323
-8707
-17643
-8795
-17907
-8707
-18131
-8739
-18387
-8739
-18635
-8675
-18859
-9019
125
-9019
-147
-8979
-347
-9035
-507
-8947
-819
-8947
-1035
-8923
-1291
-8963
-1523
-8939
-1811
-9035
-1995
-8947
-2259
-8915
-2451
-8995
-2683
-9019
-2963
-9027
-3259
-8915
-3451
-9019
-3747
-8995
-3987
-8923
-4115
-9019
-4411
-8971
-4691
-8955
-4899
-8995
-5131
-9035
-5371
-8931
-5659
-8915
-5867
-8955
-6091
-8979
-6339
-9011
-6595
-8955
-6819
-9011
-7051
-9019
-7331
-9011
-7555
-9027
-7755
-8931
-7971
-8947
-8251
-8955
-8459
-9019
-8691
-9035
-9011
-8907
-9155
-8979
-9467
-9003
-9667
-8947
-9883
-8963
-10155
-9027
-10419
-9035
-10643
-9027
-10907
-8907
-11147
-8931
-11371
-8971
-11619
-9019
-11803
-8979
-12067
-9003
-12267
-8963
-12603
-8955
-12779
-9019
-13011
-9011
-13323
-8995
-13555
-8995
-13723
-9035
-13947
-8947
-14187
-9011
-14547
-8939
-14691
-8995
-14963
-8971
-15203
-9035
-15467
-9035
-15675
-9027
-15947
-9035
-16219
-8971
-16451
-8915
-16643
-8987
-16859
-8979
-17139
-8971
-17371
-9003
-17547
-9027
-17827
-8995
-18075
-9035
-18371
-8987
-18595
-9011
-18867
-9179
109
-9267
-147
-9235
-275
-9275
-587
-9163
-835
-9275
-1099
-9147
-1307
-9227
-1563
-9163
-1795
-9227
-1987
-9259
-2259
-9219
-2515
-9203
-2763
-9235
-2915
-9147
-3243
-9219
-3411
-9243
-3707
-9235
-3939
-9267
-4235
-9267
-4355
-9259
-4587
-9243
-4843
-9275
-5195
-9243
-5435
-9259
-5643
-9227
-5811
-9179
-6051
-9163
-6299
-9203
-6587
-9211
-6827
-9259
-7003
-9187
-7283
-9187
-7467
-9227
-7835
-9275
-8019
-9227
-8195
-9251
-8435
-9227
-8707
-9147
-9011
-9275
-9203
-9227
-9395
-9251
-9683
-9275
-9891
-9219
-10163
-9187
-10403
-9259
-10635
-9251
-10851
-9251
-11099
-9211
-11355
-9275
-11579
-9251
-11827
-9195
-12059
-9203
-12395
-9203
-12555
-9251
-12779
-9275
-13083
-9275
-13291
-9187
-13507
-9259
-13755
-9147
-14051
-9275
-14243
-9203
-14531
-9251
-14715
-9259
-14971
-9243
-15243
-9211
-15467
-9275
-15731
-9187
-15931
-9147
-16131
-9251
-16419
-9195
-16643
-9275
-16899
-9267
-17115
-9155
-17339
-9147
-17611
-9227
-17883
-9243
-18115
-9155
-18299
-9219
-18579
-9243
-18851
-9491
149
-9459
-27
-9499
-355
-9443
-619
-9507
-851
-9499
-1091
-9491
-1267
-9491
-1547
-9499
-1747
-9403
-2059
-9507
-2275
-9507
-2451
-9403
-2747
-9419
-2923
-9515
-3243
-9419
-3395
-9467
-3707
-9491
-3979
-9491
-4235
-9427
-4411
-9467
-4707
-9499
-4867
-9451
-5115
-9491
-5347
-9395
-5627
-9435
-5795
-9419
-6043
-9507
-6371
-9459
-6507
-9467
-6779
-9411
-7051
-9419
-7235
-9427
-7595
-9483
-7731
-9435
-8043
-9411
-8251
-9475
-8483
-9467
-8771
-9499
-9011
-9515
-9235
-9499
-9491
-9443
-9635
-9507
-9963
-9507
-10107
-9515
-10355
-9459
-10611
-9515
-10931
-9483
-11115
-9491
-11315
-9435
-11595
-9507
-11819
-9395
-12051
-9387
-12387
-9499
-12555
-9499
-12747
-9515
-13067
-9483
-13323
-9387
-13523
-9467
-13763
-9451
-14051
-9395
-14251
-9475
-14507
-9475
-14723
-9483
-15027
-9483
-15195
-9507
-15419
-9491
-15651
-9435
-15939
-9507
-16211
-9451
-16355
-9515
-16643
-9459
-16851
-9467
-17067
-9451
-17427
-9491
-17651
-9499
-17883
-9507
-18131
-9507
-18363
-9443
-18555
-9403
-18875
-9707
141
-9643
-115
-9667
-347
-9731
-523
-9643
-827
-9691
-1115
-9715
-1323
-9747
-1483
-9683
-1771
-9627
-1947
-9731
-2235
-9651
-2539
-9715
-2715
-9683
-2923
-9707
-3227
-9747
-3395
-9715
-3731
-9699
-3899
-9683
-4131
-9635
-4467
-9739
-4643
-9699
-4939
-9675
-5075
-9675
-5435
-9731
-5619
-9691
-5835
-9683
-6099
-9731
-6355
-9683
-6507
-9683
-6835
-9691
-7011
-9715
-7347
-9627
-7571
-9659
-7779
-9699
-8011
-9731
-8211
-9731
-8515
-9651
-8707
-9659
-8939
-9691
-9179
-9715
-9395
-9723
-9747
-9739
-9907
-9651
-10171
-9667
-10363
-9731
-10715
-9699
-10947
-9699
-11195
-9715
-11411
-9667
-11555
-9699
-11827
-9723
-12155
-9691
-12379
-9683
-12579
-9635
-12851
-9643
-13051
-9699
-13315
-9675
-13555
-9747
-13779
-9643
-13971
-9747
-14291
-9715
-14539
-9651
-14787
-9739
-14963
-9739
-15227
-9675
-15475
-9651
-15659
-9707
-15987
-9723
-16131
-9707
-16371
-9715
-16611
-9715
-16931
-9683
-17139
-9683
-17395
-9747
-17659
-9659
-17859
-9707
-18107
-9747
-18315
-9683
-18507
-9667
-18827
-9907
125
-9915
-27
-9955
-371
-9987
-603
-9947
-755
-9883
-1043
-9915
-1251
-9883
-1507
-9867
-1811
-9939
-2043
-9979
-2299
-9939
-2515
-9987
-2779
-9995
-2923
-9899
-3187
-9979
-3411
-9907
-3707
-9971
-3915
-9979
-4147
-9963
-4363
-9955
-4659
-9907
-4899
-9875
-5075
-9987
-5411
-9939
-5587
-9883
-5891
-9995
-6107
-9987
-6299
-9875
-6531
-9987
-6859
-9931
-7067
-9939
-7267
-9907
-7547
-9955
-7819
-9979
-8035
-9899
-8203
-9995
-8451
-9955
-8787
-9939
-8915
-9915
-9219
-9979
-9403
-9947
-9707
-9979
-9899
-9947
-10163
-9995
-10435
-9883
-10603
-9947
-10915
-9907
-11155
-9963
-11435
-9931
-11627
-9947
-11875
-9923
-12123
-9995
-12283
-9915
-12611
-9971
-12779
-9947
-13067
-9939
-13347
-9939
-13515
-9995
-13835
-9923
-14027
-9979
-14291
-9987
-14475
-9955
-14667
-9939
-15035
-9947
-15227
-9987
-15499
-9979
-15707
-9899
-15963
-9907
-16235
-9947
-16395
-9979
-16619
-9979
-16923
-9867
-17075
-9899
-17427
-9971
-17611
-9979
-17907
-9947
-18083
-9947
-18307
-9987
-18507
-9963
-18819
-10123
149
-10227
-35
-10155
-267
-10147
-539
-10235
-867
-10211
-1107
-10195
-1291
-10187
-1595
-10227
-1819
-10107
-1963
-10163
-2259
-10163
-2459
-10219
-2787
-10195
-3027
-10171
-3147
-10123
-3387
-10147
-3643
-10131
-3971
-10179
-4163
-10179
-4387
-10179
-4667
-10155
-4907
-10163
-5179
-10227
-5315
-10179
-5571
-10211
-5843
-10123
-6059
-10115
-6315
-10139
-6563
-10179
-6867
-10147
-7019
-10171
-7323
-10163
-7555
-10195
-7715
-10187
-7955
-10147
-8203
-10211
-8443
-10107
-8763
-10227
-8971
-10227
-9243
-10139
-9467
-10219
-9683
-10131
-9971
-10211
-10155
-10235
-10419
-10211
-10683
-10195
-10899
-10235
-11115
-10179
-11435
-10219
-11611
-10235
-11819
-10227
-12051
-10219
-12355
-10147
-12587
-10123
-12787
-10163
-13059
-10171
-13267
-10179
-13467
-10179
-13731
-10115
-13971
-10219
-14203
-10195
-14459
-10219
-14707
-10179
-14931
-10227
-15163
-10163
-15491
-10203
-15635
-10107
-15979
-10227
-16139
-10211
-16395
-10187
-16675
-10131
-16939
-10171
-17195
-10227
-17363
-10203
-17571
-10171
-17827
-10195
-18051
-10147
-18339
-10139
-18611
-10115
-18859
-10427
117
-10459
-147
-10467
-363
-10411
-627
-10443
-755
-10411
-987
-10475
-1315
-10475
-1483
-10467
-1819
-10467
-2003
-10459
-2267
-10459
-2555
-10427
-2699
-10427
-2923
-10467
-3171
-10411
-3467
-10419
-3667
-10459
-3907
-10427
-4163
-10419
-4411
-10419
-4675
-10467
-4915
-10467
-5075
-10435
-5331
-10427
-5563
-10419
-5907
-10459
-6123
-10451
-6363
-10443
-6635
-10443
-6763
-10443
-7059
-10419
-7275
-10451
-7531
-10451
-7827
-10467
-7995
-10419
-8251
-10435
-8435
-10475
-8771
-10475
-8955
-10475
-9187
-10451
-9443
-10459
-9747
-10467
-9979
-10459
-10195
-10467
-10411
-10475
-10611
-10475
-10899
-10467
-11187
-10411
-11307
-10459
-11667
-10451
-11875
-10419
-12147
-10411
-12275
-10467
-12507
-10419
-12747
-10443
-13075
-10419
-13259
-10435
-13475
-10467
-13779
-10427
-14059
-10443
-14251
-10443
-14427
-10443
-14691
-10475
-15019
-10467
-15243
-10475
-15451
-10435
-15675
-10459
-15979
-10443
-16179
-10411
-16451
-10419
-16659
-10467
-16947
-10419
-17171
-10475
-17379
-10467
-17555
-10459
-17867
-10467
-18115
-10411
-18371
-10443
-18531
-10459
-18827
