109
480
145
-119
128
-319
233
-605
141
-765
916
-1011
192
-1216
280
-1532
219
-1755
163
-1970
186
-2165
139
-2489
139
-2739
191
-2957
401
-3157
179
-3437
305
-3657
583
-3973
161
-4101
113
-4407
175
-4657
109
-4871
117
-5175
117
-5323
85
-5639
133
-5867
149
-6103
85
-6307
85
-6531
141
-6771
117
-7103
109
-7231
149
-7531
85
-7771
85
-7987
101
-8255
109
-8467
125
-8683
109
-8947
109
-9227
109
-9499
125
-9699
109
-9939
125
-10171
149
-10387
133
-10699
117
-10891
117
-11067
93
-11387
101
-11595
109
-11819
93
-12107
149
-12275
109
-12611
149
-12843
109
-13027
93
-13283
149
-13491
101
-13827
101
-13987
85
-14299
149
-14427
141
-14771
101
-14987
101
-15187
133
-15443
141
-15707
125
-15939
125
-16131
117
-16459
85
-16651
141
-16843
117
-17195
125
-17371
117
-17611
85
-17867
85
-18083
101
-18363
149
-18587
149
-18859
-115
845
-121
-102
-110
-357
-75
-543
-90
-817
-91
-995
-98
-1275
-69
-1466
-23
-1818
-3
-1999
-115
-2254
-131
-2453
-63
-2677
-9
-3007
-11
-3231
-127
-3447
-119
-3687
-83
-3943
-75
-4193
-39
-4377
-141
-4699
-107
-4851
-79
-5123
-59
-5383
-123
-5575
-127
-5811
-27
-6151
-23
-6395
-27
-6531
-75
-6823
-7
-7027
-131
-7247
-47
-7487
-51
-7703
-19
-7987
-131
-8191
-71
-8523
-143
-8699
-119
-8991
5
-9163
-19
-9399
-99
-9755
-75
-9923
-131
-10203
-139
-10459
-43
-10627
-43
-10907
-115
-11115
-131
-11315
-139
-11619
-131
-11787
-83
-12131
-107
-12291
-35
-12627
-147
-12747
-139
-13075
-147
-13307
-115
-13555
-155
-13811
-67
-14003
-115
-14235
-155
-14435
-83
-14755
-139
-15035
-147
-15211
-99
-15491
-147
-15723
-59
-15867
-107
-16131
-155
-16475
-91
-16683
-35
-16867
-147
-17139
-131
-17307
-139
-17595
-147
-17795
-131
-18099
-139
-18363
-99
-18555
-51
-18827
-367
1242
-263
-36
-301
-270
-345
-497
-253
-846
-299
-1050
-357
-1267
-365
-1493
-265
-1726
-299
-1969
-273
-2279
-341
-2433
-341
-2739
-345
-2923
-281
-3165
-293
-3459
-275
-3705
-355
-3857
-381
-4101
-335
-4365
-265
-4571
-379
-4827
-291
-5063
-307
-5307
-287
-5587
-283
-5783
-375
-6127
-299
-6275
-355
-6531
-347
-6723
-371
-6999
-271
-7307
-347
-7451
-279
-7803
-339
-8071
-271
-8255
-319
-8511
-327
-8739
-307
-8939
-287
-9275
-303
-9515
-339
-9667
-347
-9923
-267
-10171
-267
-10403
-315
-10675
-291
-10875
-331
-11195
-275
-11331
-387
-11611
-275
-11891
-379
-12051
-387
-12291
-315
-12619
-363
-12747
-355
-13091
-283
-13307
-323
-13475
-339
-13731
-323
-14075
-267
-14227
-267
-14531
-355
-14739
-355
-14963
-363
-15227
-395
-15395
-379
-15755
-387
-15971
-379
-16107
-363
-16355
-299
-16587
-267
-16915
-371
-17067
-347
-17363
-355
-17587
-307
-17827
-379
-18075
-387
-18283
-387
-18595
-355
-18875
-603
266
-548
-107
-535
-329
-533
-535
-497
-843
-578
-1048
-622
-1218
-531
-1579
-592
-1791
-571
-2047
-551
-2275
-561
-2531
-537
-2659
-483
-2929
-513
-3231
-537
-3447
-527
-3745
-523
-3917
-479
-4123
-591
-4429
-609
-4609
-483
-4915
-591
-5147
-611
-5311
-619
-5655
-607
-5823
-619
-6027
-547
-6339
-539
-6571
-595
-6723
-547
-7039
-567
-7323
-555
-7459
-515
-7731
-571
-7959
-579
-8227
-503
-8467
-519
-8679
-611
-8943
-551
-9223
-623
-9443
-611
-9643
-547
-9875
-507
-10171
-579
-10459
-627
-10635
-611
-10891
-635
-11123
-579
-11419
-579
-11619
-619
-11827
-555
-12083
-595
-12331
-587
-12627
-627
-12795
-635
-13107
-611
-13259
-523
-13467
-539
-13787
-531
-14051
-579
-14307
-619
-14539
-619
-14683
-619
-14979
-539
-15195
-627
-15387
-547
-15683
-619
-15923
-531
-16235
-595
-16355
-563
-16659
-531
-16851
-619
-17075
-611
-17395
-619
-17555
-531
-17867
-619
-18139
-603
-18331
-611
-18595
-603
-18859
-855
1075
-739
-31
-837
-365
-737
-592
-829
-722
-853
-1002
-726
-1266
-831
-1570
-814
-1790
-761
-2029
-813
-2208
-867
-2517
-751
-2765
-847
-3015
-767
-3205
-811
-3451
-787
-3627
-821
-3907
-863
-4115
-853
-4431
-741
-4629
-835
-4843
-839
-5179
-867
-5367
-771
-5611
-731
-5799
-779
-6067
-867
-6311
-843
-6515
-739
-6819
-759
-7099
-819
-7227
-763
-7591
-819
-7783
-755
-7987
-855
-8267
-807
-8451
-827
-8735
-727
-8987
-775
-9147
-835
-9451
-827
-9627
-795
-9915
-827
-10139
-851
-10427
-835
-10611
-787
-10907
-851
-11179
-763
-11323
-851
-11547
-827
-11819
-851
-12147
-819
-12315
-827
-12627
-843
-12787
-835
-13051
-835
-13267
-755
-13587
-763
-13707
-851
-13947
-875
-14251
-771
-14491
-819
-14699
-755
-14971
-747
-15163
-851
-15427
-819
-15635
-819
-15971
-803
-16195
-835
-16363
-859
-16715
-859
-16875
-827
-17067
-803
-17387
-875
-17619
-843
-17899
-867
-18115
-851
-18395
-859
-18563
-843
-18827
-1059
2249
-986
-62
-1030
-334
-1092
-490
-1062
-793
-1106
-1021
-1047
-1227
-1099
-1559
-1095
-1778
-1067
-1971
-1105
-2246
-1065
-2427
-1021
-2771
-1073
-2913
-1095
-3121
-1041
-3481
-1069
-3711
-999
-3949
-1003
-4123
-1041
-4387
-1023
-4701
-987
-4935
-1011
-5067
-1099
-5403
-1031
-5559
-1059
-5763
-995
-6139
-1059
-6291
-1075
-6559
-1063
-6815
-1051
-6991
-987
-7207
-1039
-7491
-1071
-7727
-1059
-8039
-991
-8291
-1091
-8411
-1039
-8715
-979
-8951
-1083
-9227
-1059
-9407
-1019
-9723
-1019
-9955
-1107
-10171
-1115
-10451
-1059
-10587
-1027
-10843
-1011
-11147
-1115
-11379
-995
-11675
-995
-11803
-995
-12139
-1027
-12339
-1027
-12523
-995
-12771
-1115
-12987
-987
-13235
-987
-13515
-1027
-13723
-1059
-14027
-1067
-14219
-1035
-14499
-995
-14723
-1067
-15011
-1091
-15267
-1075
-15387
-1107
-15667
-995
-15907
-1107
-16163
-1107
-16379
-1043
-16699
-1107
-16891
-987
-17091
-1051
-17339
-1091
-17595
-1083
-17891
-1115
-18107
-1035
-18323
-1027
-18619
-1027
-18843
-1331
1407
-1245
-45
-1265
-349
-1220
-547
-1239
-765
-1253
-973
-1247
-1311
-1271
-1513
-1339
-1817
-1237
-2011
-1245
-2153
-1207
-2517
-1307
-2711
-1199
-2929
-1337
-3179
-1319
-3457
-1279
-3689
-1335
-3931
-1263
-4135
-1323
-4431
-1309
-4639
-1263
-4831
-1311
-5087
-1259
-5375
-1287
-5631
-1311
-5783
-1311
-6043
-1251
-6271
-1291
-6523
-1303
-6835
-1343
-7023
-1251
-7211
-1275
-7479
-1299
-7727
-1335
-7959
-1335
-8191
-1303
-8431
-1335
-8711
-1251
-8963
-1339
-9255
-1315
-9427
-1275
-9715
-1235
-9891
-1339
-10211
-1347
-10443
-1355
-10619
-1347
-10915
-1331
-11171
-1235
-11435
-1331
-11571
-1315
-11907
-1331
-12035
-1323
-12371
-1307
-12571
-1251
-12763
-1315
-13067
-1315
-13243
-1243
-13475
-1315
-13795
-1259
-14019
-1315
-14243
-1323
-14467
-1243
-14739
-1227
-14979
-1267
-15251
-1347
-15387
-1331
-15627
-1299
-15883
-1315
-16155
-1315
-16419
-1259
-16603
-1339
-16955
-1259
-17091
-1355
-17403
-1323
-17611
-1347
-17899
-1235
-18075
-1267
-18315
-1299
-18531
-1315
-18843
-1579
1207
-1491
-25
-1453
-313
-1569
-541
-1561
-821
-1533
-1113
-1595
-1267
-1559
-1485
-1551
-1823
-1559
-1955
-1525
-2199
-1523
-2511
-1579
-2705
-1523
-2945
-1561
-3215
-1575
-3413
-1459
-3691
-1539
-3855
-1475
-4219
-1527
-4419
-1551
-4681
-1587
-4899
-1571
-5131
-1515
-5419
-1507
-5555
-1483
-5895
-1583
-6027
-1471
-6323
-1543
-6499
-1571
-6851
-1559
-7071
-1567
-7323
-1487
-7523
-1539
-7723
-1559
-7971
-1555
-8239
-1555
-8459
-1555
-8699
-1523
-8955
-1491
-9167
-1535
-9439
-1467
-9747
-1491
-9923
-1579
-10131
-1491
-10419
-1539
-10659
-1571
-10915
-1571
-11099
-1563
-11379
-1507
-11627
-1571
-11843
-1523
-12115
-1555
-12371
-1507
-12539
-1579
-12747
-1475
-13107
-1547
-13267
-1555
-13579
-1523
-13811
-1555
-13979
-1571
-14251
-1571
-14539
-1539
-14715
-1555
-14963
-1595
-15179
-1491
-15491
-1547
-15707
-1587
-15947
-1507
-16147
-1507
-16459
-1491
-16595
-1467
-16835
-1539
-17187
-1571
-17411
-1547
-17635
-1475
-17915
-1523
-18123
-1595
-18323
-1595
-18563
-1475
-18835
-1795
249
-1823
-55
-1777
-371
-1743
-571
-1789
-753
-1793
-1001
-1715
-1215
-1717
-1559
-1765
-1713
-1759
-1999
-1823
-2255
-1689
-2511
-1689
-2695
-1737
-2931
-1791
-3231
-1765
-3507
-1775
-3659
-1765
-3929
-1695
-4111
-1773
-4339
-1787
-4683
-1819
-4911
-1799
-5131
-1735
-5303
-1795
-5635
-1731
-5759
-1815
-6139
-1807
-6235
-1779
-6555
-1719
-6767
-1743
-7095
-1783
-7327
-1743
-7531
-1715
-7791
-1771
-7955
-1735
-8203
-1739
-8515
-1727
-8687
-1743
-8975
-1795
-9207
-1787
-9471
-1811
-9731
-1835
-9947
-1731
-10147
-1835
-10419
-1819
-10635
-1787
-10955
-1803
-11107
-1827
-11307
-1819
-11571
-1747
-11803
-1779
-12123
-1715
-12331
-1723
-12611
-1763
-12811
-1811
-13035
-1803
-13259
-1819
-13563
-1755
-13715
-1827
-13963
-1763
-14243
-1715
-14507
-1787
-14731
-1811
-14915
-1707
-15243
-1827
-15387
-1739
-15755
-1763
-15867
-1827
-16155
-1795
-16387
-1827
-16715
-1835
-16851
-1787
-17147
-1811
-17315
-1803
-17571
-1779
-17883
-1819
-18035
-1827
-18387
-1779
-18539
-1707
-18827
-1991
963
-1999
-15
-1995
-277
-1991
-567
-2061
-787
-1967
-969
-2063
-1295
-2027
-1559
-1967
-1693
-1999
-1953
-2021
-2195
-2037
-2473
-2035
-2643
-1977
-2979
-2051
-3245
-2061
-3433
-1979
-3671
-2019
-3947
-1999
-4153
-1975
-4437
-2033
-4705
-2023
-4843
-1991
-5059
-2011
-5283
-2019
-5571
-1991
-5895
-2003
-6023
-1971
-6291
-2011
-6563
-2055
-6763
-2067
-6967
-2059
-7331
-2059
-7543
-2075
-7723
-2059
-8067
-1947
-8227
-2047
-8427
-1971
-8739
-2043
-8995
-2055
-9171
-1987
-9407
-2059
-9715
-2027
-9971
-1995
-10211
-2075
-10395
-2019
-10635
-2059
-10859
-2035
-11163
-2059
-11339
-2059
-11635
-1971
-11827
-2043
-12043
-2043
-12395
-2043
-12579
-2043
-12835
-2075
-13059
-1995
-13275
-1995
-13571
-2051
-13747
-2051
-14003
-1987
-14275
-2035
-14531
-2035
-14795
-2059
-14971
-2027
-15267
-2051
-15419
-2011
-15715
-1963
-15963
-2075
-16163
-2011
-16347
-2075
-16635
-1963
-16835
-2067
-17123
-2075
-17395
-2019
-17619
-1987
-17811
-1971
-18131
-1971
-18339
-2019
-18555
-1947
-18875
-2251
143
-2289
-19
-2295
-277
-2183
-579
-2299
-743
-2209
-987
-2185
-1275
-2281
-1549
-2223
-1705
-2305
-1969
-2187
-2179
-2177
-2491
-2249
-2767
-2233
-2873
-2269
-3191
-2247
-3485
-2271
-3691
-2253
-3857
-2261
-4095
-2239
-4431
-2239
-4593
-2203
-4923
-2279
-5163
-2267
-5395
-2243
-5611
-2251
-5811
-2243
-6007
-2283
-6355
-2231
-6603
-2179
-6779
-2307
-6979
-2291
-7295
-2287
-7575
-2227
-7715
-2199
-8043
-2271
-8251
-2199
-8455
-2203
-8779
-2239
-8911
-2263
-9159
-2303
-9451
-2307
-9667
-2315
-9955
-2307
-10187
-2283
-10411
-2291
-10707
-2283
-10843
-2227
-11179
-2251
-11347
-2299
-11635
-2275
-11811
-2283
-12043
-2219
-12371
-2315
-12507
-2243
-12771
-2235
-12995
-2259
-13259
-2267
-13523
-2307
-13739
-2299
-13979
-2187
-14275
-2251
-14523
-2259
-14763
-2243
-14907
-2187
-15195
-2203
-15499
-2243
-15683
-2267
-15979
-2227
-16203
-2227
-16467
-2203
-16603
-2259
-16843
-2299
-17115
-2211
-17323
-2251
-17651
-2275
-17819
-2299
-18139
-2243
-18355
-2227
-18627
-2275
-18851
-2551
265
-2527
-111
-2489
-283
-2505
-573
-2411
-749
-2515
-1001
-2481
-1205
-2525
-1495
-2473
-1741
-2521
-2009
-2527
-2223
-2527
-2499
-2523
-2693
-2547
-2961
-2537
-3203
-2461
-3427
-2491
-3713
-2497
-3975
-2535
-4125
-2475
-4361
-2463
-4613
-2495
-4903
-2447
-5143
-2443
-5355
-2471
-5651
-2547
-5875
-2507
-6103
-2531
-6363
-2531
-6543
-2491
-6767
-2451
-7063
-2547
-7291
-2523
-7511
-2451
-7783
-2495
-7951
-2423
-8239
-2499
-8467
-2439
-8695
-2475
-8927
-2535
-9239
-2511
-9419
-2491
-9739
-2443
-9891
-2531
-10195
-2427
-10395
-2539
-10627
-2523
-10899
-2555
-11155
-2547
-11307
-2499
-11555
-2483
-11883
-2531
-12051
-2435
-12331
-2459
-12523
-2555
-12811
-2443
-13043
-2443
-13275
-2427
-13547
-2435
-13763
-2555
-14035
-2539
-14315
-2539
-14475
-2507
-14747
-2491
-14915
-2459
-15187
-2467
-15515
-2523
-15731
-2443
-15915
-2451
-16195
-2483
-16363
-2555
-16651
-2499
-16843
-2491
-17195
-2499
-17403
-2547
-17611
-2507
-17819
-2515
-18139
-2531
-18387
-2499
-18635
-2507
-18843
-2687
421
-2691
-83
-2687
-299
-2643
-515
-2723
-787
-2707
-1055
-2699
-1275
-2691
-1451
-2735
-1747
-2767
-1947
-2755
-2275
-2779
-2539
-2691
-2655
-2719
-2971
-2675
-3239
-2791
-3439
-2779
-3631
-2751
-3935
-2735
-4131
-2743
-4475
-2771
-4603
-2751
-4819
-2763
-5151
-2751
-5355
-2795
-5587
-2723
-5787
-2739
-6079
-2719
-6263
-2759
-6611
-2667
-6787
-2771
-7099
-2767
-7267
-2739
-7479
-2711
-7823
-2779
-7983
-2771
-8303
-2707
-8495
-2731
-8731
-2767
-8987
-2639
-9219
-2711
-9379
-2795
-9731
-2723
-9955
-2683
-10163
-2763
-10475
-2731
-10683
-2771
-10939
-2707
-11179
-2739
-11331
-2707
-11611
-2731
-11891
-2787
-12139
-2691
-12395
-2715
-12563
-2747
-12763
-2723
-13011
-2795
-13339
-2731
-13555
-2755
-13795
-2763
-14003
-2715
-14195
-2699
-14483
-2779
-14763
-2723
-15011
-2731
-15147
-2787
-15515
-2763
-15699
-2771
-15875
-2715
-16131
-2787
-16411
-2723
-16627
-2755
-16843
-2683
-17075
-2779
-17427
-2771
-17555
-2723
-17851
-2739
-18027
-2795
-18323
-2771
-18635
-2699
-18827
-2975
125
-2983
-99
-2979
-387
-2963
-559
-2939
-779
-2947
-1071
-3027
-1235
-3027
-1483
-3027
-1803
-3011
-1971
-2959
-2207
-2907
-2427
-2923
-2755
-2931
-2979
-2955
-3131
-2947
-3395
-3027
-3719
-2927
-3991
-2995
-4147
-2955
-4351
-3019
-4683
-2891
-4927
-2939
-5067
-2963
-5279
-3015
-5559
-2995
-5823
-2995
-6143
-2995
-6359
-2979
-6503
-2939
-6747
-2999
-6975
-2983
-7331
-3023
-7475
-2983
-7731
-3015
-8051
-2919
-8239
-2947
-8471
-2979
-8723
-2979
-8995
-2955
-9147
-2991
-9459
-2939
-9755
-3019
-9875
-2947
-10219
-2947
-10363
-2955
-10603
-2971
-10907
-2963
-11067
-2947
-11403
-2995
-11595
-2987
-11851
-2995
-12139
-2915
-12291
-3011
-12603
-2931
-12819
-3019
-13059
-2979
-13307
-3003
-13555
-3035
-13787
-2955
-13963
-3035
-14219
-3003
-14443
-2947
-14731
-2931
-14979
-2907
-15195
-3027
-15507
-3035
-15627
-3035
-15867
-2923
-16131
-2963
-16443
-2947
-16659
-2979
-16875
-2963
-17075
-3019
-17339
-3027
-17587
-3011
-17795
-2963
-18083
-3027
-18315
-2995
-18507
-2987
-18835
-3239
109
-3171
-99
-3255
-335
-3219
-595
-3207
-715
-3147
-1035
-3235
-1231
-3139
-1507
-3127
-1723
-3187
-1935
-3155
-2179
-3271
-2435
-3239
-2703
-3139
-2951
-3243
-3219
-3243
-3451
-3191
-3739
-3259
-3899
-3207
-4091
-3227
-4355
-3135
-4579
-3247
-4851
-3247
-5051
-3175
-5299
-3143
-5591
-3159
-5871
-3199
-6139
-3147
-6351
-3159
-6579
-3259
-6763
-3143
-6991
-3223
-7223
-3215
-7547
-3135
-7715
-3123
-7919
-3203
-8155
-3147
-8475
-3187
-8707
-3251
-8939
-3255
-9251
-3139
-9483
-3187
-9667
-3243
-9891
-3275
-10187
-3267
-10411
-3275
-10691
-3275
-10899
-3235
-11195
-3211
-11419
-3235
-11555
-3251
-11875
-3251
-12051
-3267
-12299
-3235
-12635
-3187
-12811
-3243
-13027
-3219
-13243
-3251
-13571
-3227
-13715
-3171
-14011
-3147
-14243
-3171
-14491
-3203
-14723
-3195
-14979
-3243
-15187
-3171
-15451
-3203
-15683
-3235
-15987
-3227
-16211
-3171
-16387
-3147
-16659
-3227
-16907
-3171
-17195
-3187
-17427
-3195
-17635
-3235
-17827
-3251
-18155
-3259
-18307
-3195
-18587
-3171
-18835
-3475
149
-3507
-119
-3495
-303
-3491
-627
-3479
-735
-3427
-1075
-3491
-1319
-3435
-1563
-3479
-1719
-3515
-2027
-3383
-2215
-3491
-2523
-3443
-2763
-3463
-2935
-3487
-3155
-3495
-3495
-3383
-3671
-3423
-3867
-3443
-4171
-3427
-4375
-3383
-4687
-3371
-4847
-3487
-5067
-3455
-5283
-3483
-5595
-3419
-5883
-3487
-6111
-3427
-6311
-3367
-6515
-3463
-6867
-3423
-6959
-3491
-7287
-3479
-7495
-3443
-7807
-3463
-7923
-3507
-8275
-3463
-8475
-3419
-8659
-3367
-8887
-3435
-9171
-3435
-9491
-3515
-9699
-3443
-9915
-3451
-10203
-3387
-10411
-3395
-10691
-3507
-10947
-3491
-11091
-3499
-11371
-3475
-11667
-3403
-11891
-3475
-12123
-3427
-12371
-3403
-12539
-3403
-12859
-3395
-13011
-3419
-13291
-3459
-13587
-3387
-13707
-3507
-14059
-3491
-14243
-3475
-14539
-3483
-14779
-3507
-15035
-3499
-15179
-3451
-15491
-3491
-15723
-3483
-15923
-3427
-16179
-3491
-16347
-3435
-16683
-3507
-16843
-3435
-17107
-3411
-17347
-3475
-17659
-3459
-17803
-3427
-18131
-3435
-18291
-3427
-18531
-3435
-18827
-3723
125
-3715
-27
-3623
-295
-3707
-523
-3651
-787
-3727
-999
-3719
-1255
-3719
-1547
-3755
-1775
-3715
-1979
-3679
-2307
-3683
-2459
-3651
-2647
-3703
-3003
-3747
-3179
-3639
-3391
-3611
-3715
-3711
-3867
-3735
-4191
-3747
-4411
-3631
-4563
-3667
-4875
-3727
-5159
-3739
-5331
-3715
-5543
-3715
-5851
-3699
-6019
-3735
-6259
-3691
-6503
-3695
-6847
-3719
-6979
-3699
-7315
-3663
-7539
-3663
-7719
-3735
-8023
-3619
-8211
-3703
-8395
-3747
-8779
-3743
-8971
-3719
-9123
-3727
-9423
-3707
-9627
-3731
-9923
-3651
-10155
-3659
-10347
-3651
-10651
-3643
-10931
-3707
-11091
-3715
-11403
-3699
-11547
-3755
-11819
-3723
-12035
-3755
-12323
-3755
-12587
-3651
-12763
-3675
-13035
-3683
-13331
-3747
-13539
-3747
-13755
-3707
-14019
-3723
-14211
-3723
-14459
-3635
-14715
-3675
-14995
-3755
-15163
-3747
-15507
-3691
-15659
-3747
-15971
-3667
-16227
-3747
-16355
-3747
-16627
-3635
-16875
-3747
-17099
-3707
-17371
-3715
-17667
-3731
-17875
-3723
-18083
-3739
-18323
-3739
-18603
-3723
-18835
-3971
133
-3919
-67
-3959
-347
-3979
-607
-3915
-803
-3951
-1039
-3875
-1275
-3967
-1555
-3967
-1767
-3959
-2051
-3959
-2155
-3907
-2487
-3931
-2755
-3947
-3007
-3983
-3195
-3875
-3463
-3963
-3679
-3935
-3875
-3939
-4167
-3943
-4379
-3963
-4563
-3935
-4859
-3943
-5191
-3951
-5435
-3863
-5647
-3863
-5879
-3955
-6083
-3923
-6395
-3939
-6515
-3927
-6767
-3903
-7059
-3951
-7255
-3939
-7575
-3903
-7787
-3955
-8063
-3979
-8287
-3959
-8463
-3939
-8739
-3899
-8959
-3959
-9155
-3967
-9491
-3939
-9683
-3883
-9987
-3947
-10163
-3987
-10387
-3955
-10643
-3963
-10883
-3907
-11155
-3995
-11427
-3995
-11675
-3955
-11851
-3915
-12107
-3931
-12331
-3907
-12571
-3987
-12827
-3939
-13107
-3931
-13251
-3971
-13467
-3979
-13715
-3987
-14035
-3923
-14243
-3955
-14531
-3987
-14723
-3899
-14931
-3907
-15259
-3883
-15515
-3899
-15627
-3963
-15979
-3923
-16179
-3947
-16411
-3923
-16699
-3867
-16915
-3907
-17131
-3987
-17379
-3947
-17667
-3891
-17787
-3915
-18027
-3915
-18379
-3979
-18531
-3899
-18835
-4143
101
-4219
-59
-4127
-367
-4139
-595
-4143
-855
-4171
-1087
-4223
-1255
-4139
-1519
-4091
-1751
-4187
-1975
-4183
-2279
-4115
-2411
-4211
-2663
-4127
-2999
-4219
-3179
-4195
-3507
-4203
-3671
-4131
-3919
-4147
-4195
-4171
-4435
-4207
-4635
-4187
-4863
-4123
-5175
-4203
-5391
-4211
-5551
-4175
-5795
-4127
-6107
-4195
-6299
-4235
-6595
-4163
-6823
-4123
-6979
-4207
-7263
-4211
-7499
-4147
-7795
-4203
-8055
-4191
-8215
-4103
-8487
-4123
-8687
-4199
-8935
-4171
-9239
-4203
-9383
-4227
-9731
-4227
-9947
-4227
-10139
-4123
-10467
-4115
-10587
-4235
-10947
-4115
-11107
-4227
-11323
-4203
-11635
-4163
-11843
-4203
-12059
-4107
-12307
-4179
-12627
-4147
-12851
-4187
-12995
-4211
-13251
-4203
-13595
-4187
-13795
-4235
-14075
-4227
-14187
-4115
-14435
-4131
-14667
-4179
-14971
-4107
-15179
-4211
-15387
-4235
-15699
-4211
-15923
-4155
-16139
-4203
-16411
-4211
-16619
-4147
-16851
-4123
-17187
-4179
-17411
-4219
-17667
-4163
-17899
-4211
-18107
-4203
-18379
-4163
-18587
-4195
-18843
-4339
93
-4395
-123
-4399
-367
-4447
-587
-4403
-851
-4463
-1091
-4347
-1255
-4375
-1515
-4443
-1811
-4459
-2059
-4319
-2235
-4347
-2555
-4363
-2779
-4367
-2959
-4419
-3187
-4451
-3463
-4439
-3715
-4327
-3859
-4427
-4167
-4363
-4395
-4383
-4627
-4355
-4807
-4443
-5167
-4363
-5403
-4431
-5567
-4451
-5839
-4431
-6051
-4411
-6339
-4343
-6503
-4427
-6767
-4351
-7011
-4347
-7259
-4423
-7587
-4419
-7719
-4439
-8059
-4363
-8239
-4351
-8431
-4359
-8711
-4471
-8939
-4339
-9203
-4431
-9499
-4459
-9659
-4443
-9931
-4435
-10155
-4451
-10387
-4419
-10715
-4475
-10907
-4419
-11195
-4475
-11403
-4451
-11635
-4387
-11867
-4435
-12147
-4475
-12395
-4443
-12531
-4379
-12803
-4427
-13019
-4347
-13299
-4419
-13539
-4347
-13707
-4387
-14075
-4355
-14203
-4451
-14523
-4475
-14707
-4475
-14987
-4427
-15235
-4467
-15427
-4435
-15627
-4475
-15939
-4443
-16203
-4411
-16347
-4411
-16611
-4467
-16835
-4395
-17139
-4451
-17379
-4467
-17555
-4411
-17915
-4347
-18147
-4475
-18323
-4403
-18587
-4395
-18859
-4611
117
-4699
-75
-4687
-379
-4667
-551
-4703
-719
-4647
-1019
-4619
-1251
-4607
-1487
-4699
-1707
-4595
-2007
-4643
-2251
-4711
-2443
-4655
-2731
-4691
-2975
-4623
-3203
-4571
-3419
-4663
-3699
-4699
-3915
-4707
-4163
-4679
-4451
-4567
-4667
-4691
-4939
-4699
-5063
-4595
-5323
-4619
-5551
-4615
-5831
-4631
-6139
-4595
-6355
-4583
-6543
-4687
-6747
-4667
-7087
-4647
-7347
-4615
-7499
-4687
-7807
-4683
-7995
-4635
-8271
-4679
-8487
-4667
-8731
-4667
-8907
-4655
-9143
-4647
-9507
-4619
-9715
-4603
-9875
-4667
-10227
-4627
-10363
-4715
-10659
-4683
-10843
-4707
-11099
-4715
-11347
-4611
-11595
-4659
-11915
-4659
-12051
-4603
-12339
-4715
-12587
-4707
-12851
-4683
-13051
-4675
-13355
-4611
-13507
-4619
-13803
-4603
-13955
-4707
-14259
-4627
-14555
-4707
-14723
-4707
-14971
-4595
-15195
-4707
-15387
-4715
-15635
-4619
-15963
-4683
-16203
-4587
-16427
-4667
-16603
-4675
-16891
-4691
-17131
-4707
-17403
-4699
-17627
-4699
-17811
-4715
-18147
-4691
-18339
-4611
-18579
-4691
-18843
-4891
109
-4867
-43
-4931
-291
-4903
-535
-4855
-763
-4903
-1019
-4915
-1211
-4835
-1463
-4915
-1707
-4911
-2027
-4843
-2211
-4855
-2459
-4851
-2719
-4903
-3019
-4895
-3187
-4903
-3455
-4847
-3667
-4879
-3915
-4923
-4135
-4935
-4399
-4951
-4583
-4859
-4927
-4895
-5183
-4931
-5335
-4927
-5567
-4939
-5787
-4923
-6099
-4851
-6323
-4911
-6539
-4807
-6787
-4923
-7051
-4923
-7215
-4911
-7527
-4907
-7751
-4947
-7915
-4915
-8235
-4895
-8395
-4947
-8679
-4939
-8931
-4931
-9239
-4815
-9507
-4859
-9683
-4827
-9987
-4875
-10171
-4883
-10347
-4859
-10587
-4851
-10923
-4923
-11171
-4907
-11363
-4875
-11579
-4947
-11867
-4931
-12091
-4947
-12395
-4843
-12627
-4939
-12835
-4883
-13059
-4947
-13227
-4859
-13483
-4883
-13731
-4883
-14051
-4883
-14267
-4867
-14539
-4867
-14779
-4915
-14955
-4939
-15163
-4931
-15475
-4923
-15651
-4827
-15931
-4907
-16179
-4875
-16427
-4891
-16659
-4835
-16931
-4923
-17155
-4907
-17395
-4835
-17603
-4923
-17859
-4915
-18067
-4827
-18355
-4915
-18547
-4931
-18851
-5059
109
-5075
-127
-5083
-271
-5171
-499
-5127
-791
-5139
-1055
-5055
-1231
-5159
-1491
-5055
-1731
-5067
-1967
-5095
-2279
-5151
-2503
-5107
-2731
-5183
-2987
-5135
-3239
-5111
-3387
-5127
-3723
-5143
-3875
-5055
-4211
-5147
-4411
-5187
-4619
-5047
-4907
-5167
-5095
-5087
-5399
-5155
-5599
-5187
-5863
-5099
-6079
-5071
-6283
-5151
-6499
-5127
-6807
-5187
-7107
-5159
-7219
-5179
-7523
-5195
-7731
-5143
-8055
-5079
-8223
-5103
-8487
-5167
-8699
-5123
-8915
-5155
-9207
-5103
-9451
-5107
-9643
-5179
-9907
-5131
-10219
-5155
-10371
-5163
-10707
-5099
-10891
-5163
-11091
-5131
-11435
-5155
-11587
-5179
-11835
-5123
-12155
-5179
-12291
-5195
-12627
-5179
-12827
-5083
-13075
-5091
-13307
-5091
-13467
-5155
-13731
-5179
-14075
-5147
-14315
-5195
-14491
-5091
-14747
-5187
-14947
-5179
-15259
-5195
-15483
-5195
-15659
-5163
-15931
-5107
-16163
-5187
-16443
-5195
-16651
-5195
-16859
-5187
-17187
-5155
-17331
-5083
-17675
-5139
-17795
-5171
-18115
-5091
-18275
-5187
-18619
-5163
-18851
-5371
133
-5307
-99
-5411
-371
-5323
-499
-5363
-843
-5371
-1091
-5395
-1283
-5395
-1459
-5387
-1731
-5419
-2019
-5315
-2271
-5379
-2503
-5419
-2795
-5395
-2927
-5331
-3167
-5331
-3387
-5363
-3703
-5435
-3979
-5323
-4147
-5427
-4475
-5331
-4667
-5411
-4851
-5411
-5179
-5395
-5303
-5427
-5611
-5411
-5899
-5395
-6107
-5331
-6271
-5387
-6619
-5371
-6775
-5331
-7039
-5355
-7259
-5411
-7531
-5347
-7687
-5403
-8059
-5379
-8275
-5387
-8455
-5379
-8747
-5307
-8995
-5427
-9195
-5435
-9483
-5435
-9707
-5379
-9915
-5387
-10219
-5395
-10451
-5363
-10603
-5435
-10843
-5395
-11107
-5427
-11339
-5331
-11635
-5315
-11851
-5427
-12099
-5403
-12339
-5371
-12563
-5331
-12859
-5355
-12995
-5355
-13259
-5331
-13547
-5307
-13747
-5395
-13971
-5411
-14219
-5427
-14507
-5419
-14787
-5371
-14907
-5427
-15147
-5371
-15515
-5395
-15643
-5339
-15987
-5355
-16179
-5355
-16427
-5315
-16707
-5363
-16891
-5395
-17195
-5379
-17403
-5331
-17587
-5419
-17875
-5387
-18067
-5379
-18395
-5427
-18539
-5331
-18827
-5635
133
-5619
-51
-5635
-299
-5563
-515
-5627
-819
-5587
-1051
-5667
-1339
-5643
-1499
-5667
-1723
-5627
-1955
-5675
-2203
-5675
-2499
-5563
-2683
-5571
-2963
-5643
-3163
-5667
-3395
-5619
-3731
-5675
-3955
-5635
-4131
-5619
-4435
-5675
-4675
-5651
-4947
-5619
-5123
-5627
-5363
-5595
-5659
-5675
-5835
-5675
-6035
-5659
-6387
-5675
-6619
-5651
-6755
-5659
-7011
-5667
-7275
-5611
-7579
-5643
-7827
-5635
-7979
-5667
-8187
-5675
-8555
-5611
-8771
-5635
-8987
-5571
-9179
-5619
-9467
-5675
-9651
-5563
-9947
-5667
-10211
-5547
-10411
-5571
-10707
-5667
-10867
-5659
-11163
-5635
-11403
-5627
-11595
-5595
-11907
-5643
-12075
-5587
-12267
-5643
-12571
-5659
-12779
-5571
-13019
-5651
-13331
-5675
-13467
-5659
-13747
-5547
-14011
-5651
-14227
-5563
-14483
-5595
-14787
-5547
-14947
-5619
-15251
-5667
-15451
-5603
-15627
-5651
-15995
-5547
-16179
-5587
-16467
-5659
-16595
-5667
-16851
-5603
-17139
-5579
-17419
-5635
-17603
-5651
-17915
-5611
-18155
-5611
-18347
-5659
-18595
-5675
-18835
-5867
133
-5867
-139
-5811
-387
-5899
-523
-5891
-771
-5851
-1067
-5907
-1347
-5835
-1515
-5843
-1731
-5907
-2035
-5811
-2203
-5907
-2451
-5811
-2739
-5875
-3027
-5803
-3275
-5795
-3507
-5795
-3635
-5915
-3891
-5851
-4203
-5819
-4427
-5867
-4659
-5883
-4947
-5907
-5171
-5843
-5355
-5899
-5555
-5795
-5803
-5795
-6067
-5875
-6355
-5851
-6539
-5875
-6851
-5795
-7083
-5803
-7251
-5915
-7595
-5907
-7771
-5867
-8043
-5915
-8251
-5875
-8475
-5867
-8675
-5875
-8995
-5875
-9179
-5827
-9427
-5915
-9643
-5891
-9931
-5891
-10195
-5803
-10387
-5795
-10707
-5915
-10907
-5827
-11115
-5915
-11379
-5883
-11651
-5875
-11787
-5915
-12099
-5843
-12307
-5811
-12611
-5835
-12867
-5915
-13019
-5859
-13243
-5811
-13595
-5915
-13779
-5899
-14067
-5891
-14195
-5795
-14427
-5843
-14699
-5907
-14995
-5875
-15243
-5875
-15435
-5851
-15707
-5843
-15875
-5915
-16163
-5795
-16467
-5795
-16659
-5875
-16835
-5851
-17107
-5899
-17395
-5843
-17587
-5915
-17915
-5891
-18043
-5899
-18347
-5803
-18539
-5883
-18819
-6123
149
-6155
-59
-6067
-283
-6075
-523
-6131
-843
-6051
-1099
-6043
-1251
-6155
-1587
-6131
-1763
-6147
-2019
-6051
-2251
-6155
-2539
-6027
-2795
-6147
-2915
-6027
-3227
-6131
-3499
-6139
-3643
-6067
-3947
-6107
-4187
-6147
-4379
-6083
-4707
-6107
-4899
-6083
-5115
-6035
-5363
-6155
-5675
-6075
-5795
-6099
-6075
-6099
-6355
-6043
-6563
-6067
-6843
-6059
-7043
-6091
-7283
-6131
-7563
-6043
-7771
-6115
-7971
-6131
-8211
-6123
-8539
-6131
-8691
-6115
-8931
-6099
-9243
-6131
-9427
-6155
-9699
-6115
-9947
-6139
-10147
-6083
-10347
-6131
-10651
-6155
-10907
-6155
-11107
-6147
-11395
-6067
-11611
-6155
-11803
-6035
-12123
-6067
-12355
-6131
-12539
-6051
-12771
-6075
-13099
-6131
-13283
-6027
-13595
-6155
-13739
-6035
-13955
-6083
-14243
-6139
-14515
-6075
-14747
-6083
-14939
-6107
-15155
-6107
-15387
-6107
-15627
-6067
-15923
-6027
-16123
-6099
-16435
-6123
-16691
-6131
-16851
-6107
-17083
-6115
-17411
-6139
-17643
-6131
-17899
-6035
-18123
-6123
-18371
-6051
-18595
-6123
-18811
-6387
125
-6315
-155
-6355
-307
-6323
-579
-6347
-803
-6387
-1059
-6283
-1347
-6331
-1475
-6355
-1795
-6267
-2035
-6323
-2187
-6387
-2435
-6267
-2779
-6395
-2947
-6379
-3259
-6275
-3483
-6387
-3755
-6363
-3907
-6291
-4107
-6339
-4355
-6283
-4699
-6379
-4835
-6347
-5091
-6387
-5387
-6315
-5651
-6267
-5851
-6339
-6147
-6363
-6363
-6339
-6515
-6395
-6779
-6395
-7035
-6283
-7299
-6395
-7595
-6291
-7747
-6355
-8003
-6387
-8195
-6331
-8451
-6331
-8707
-6387
-8979
-6387
-9163
-6267
-9395
-6307
-9707
-6315
-9979
-6395
-10155
-6371
-10467
-6283
-10651
-6395
-10859
-6387
-11115
-6387
-11331
-6283
-11571
-6267
-11891
-6371
-12043
-6363
-12355
-6267
-12523
-6323
-12763
-6379
-13051
-6355
-13347
-6283
-13547
-6283
-13763
-6379
-14011
-6283
-14259
-6323
-14515
-6355
-14747
-6323
-14955
-6371
-15251
-6315
-15483
-6347
-15723
-6363
-15891
-6379
-16147
-6355
-16459
-6323
-16595
-6363
-16859
-6387
-17083
-6387
-17363
-6355
-17595
-6371
-17867
-6291
-18139
-6371
-18275
-6395
-18547
-6331
-18811
-6611
85
-6619
-35
-6587
-339
-6587
-627
-6579
-755
-6579
-1003
-6571
-1227
-6579
-1483
-6635
-1755
-6555
-2027
-6595
-2275
-6595
-2555
-6595
-2691
-6555
-3027
-6619
-3155
-6531
-3515
-6579
-3627
-6595
-3923
-6627
-4147
-6515
-4347
-6531
-4691
-6571
-4891
-6579
-5179
-6563
-5403
-6563
-5571
-6635
-5899
-6603
-6147
-6579
-6291
-6603
-6619
-6539
-6755
-6531
-7019
-6635
-7227
-6611
-7475
-6619
-7819
-6579
-7947
-6627
-8299
-6635
-8547
-6563
-8795
-6587
-8979
-6635
-9187
-6611
-9387
-6603
-9635
-6611
-9987
-6563
-10203
-6619
-10467
-6635
-10643
-6571
-10883
-6611
-11131
-6603
-11427
-6563
-11603
-6627
-11867
-6595
-12131
-6539
-12315
-6603
-12587
-6611
-12755
-6507
-13027
-6635
-13339
-6627
-13595
-6619
-13723
-6627
-14059
-6603
-14283
-6515
-14483
-6547
-14675
-6563
-14923
-6627
-15171
-6627
-15483
-6563
-15755
-6579
-15963
-6539
-16211
-6611
-16427
-6619
-16715
-6563
-16875
-6579
-17123
-6571
-17331
-6555
-17579
-6507
-17827
-6635
-18123
-6579
-18379
-6547
-18603
-6571
-18859
-6827
125
-6859
-27
-6875
-323
-6795
-571
-6819
-819
-6763
-1115
-6867
-1299
-6835
-1523
-6819
-1771
-6859
-1947
-6771
-2315
-6819
-2531
-6843
-2795
-6795
-2955
-6763
-3203
-6859
-3467
-6867
-3707
-6787
-3875
-6875
-4107
-6835
-4387
-6827
-4619
-6875
-4955
-6835
-5179
-6843
-5371
-6779
-5643
-6779
-5891
-6803
-6067
-6851
-6371
-6835
-6579
-6835
-6859
-6819
-7091
-6867
-7315
-6819
-7547
-6875
-7723
-6867
-8075
-6843
-8211
-6859
-8459
-6779
-8755
-6779
-9035
-6859
-9235
-6867
-9507
-6835
-9675
-6875
-9867
-6755
-10115
-6819
-10403
-6867
-10707
-6827
-10859
-6779
-11179
-6803
-11411
-6771
-11547
-6803
-11827
-6763
-12035
-6755
-12331
-6875
-12603
-6771
-12755
-6875
-13051
-6851
-13227
-6875
-13563
-6819
-13731
-6811
-14067
-6851
-14299
-6875
-14475
-6811
-14747
-6851
-14931
-6755
-15251
-6803
-15483
-6747
-15707
-6851
-15867
-6803
-16203
-6827
-16395
-6851
-16651
-6819
-16843
-6787
-17171
-6803
-17371
-6867
-17563
-6867
-17787
-6779
-18107
-6875
-18371
-6803
-18587
-6867
-18811
-6987
125
-7027
-147
-7091
-379
-7075
-531
-7115
-771
-6987
-1115
-7059
-1291
-7083
-1499
-7099
-1747
-7083
-1995
-7067
-2251
-7115
-2515
-7099
-2715
-7107
-2963
-7083
-3171
-7035
-3387
-7099
-3643
-7099
-3971
-7035
-4131
-7059
-4387
-7091
-4643
-7067
-4947
-7107
-5147
-7043
-5379
-7099
-5619
-7115
-5867
-7067
-6155
-7075
-6307
-7107
-6619
-7035
-6827
-7067
-7051
-7091
-7339
-7027
-7531
-7027
-7723
-7043
-8035
-6995
-8195
-7099
-8507
-6995
-8771
-7083
-8971
-7115
-9203
-7003
-9403
-7083
-9755
-7027
-9867
-7115
-10203
-7083
-10347
-7115
-10595
-6987
-10955
-7115
-11155
-7059
-11339
-7107
-11547
-7059
-11867
-7115
-12123
-7091
-12387
-7035
-12619
-6987
-12811
-7091
-12987
-7051
-13283
-7107
-13579
-7075
-13715
-7075
-13987
-7019
-14187
-7075
-14443
-7075
-14755
-7099
-15019
-7067
-15227
-7107
-15435
-7003
-15739
-7043
-15907
-7059
-16163
-7051
-16411
-7083
-16595
-7003
-16867
-7115
-17131
-7099
-17427
-6995
-17595
-7107
-17843
-7107
-18067
-7083
-18395
-7075
-18635
-7011
-18843
-7235
133
-7347
-91
-7299
-371
-7339
-515
-7347
-819
-7283
-1003
-7339
-1347
-7347
-1531
-7299
-1771
-7339
-2035
-7291
-2251
-7283
-2547
-7283
-2755
-7275
-2907
-7275
-3275
-7339
-3467
-7347
-3683
-7283
-3971
-7283
-4179
-7355
-4387
-7235
-4715
-7235
-4899
-7347
-5067
-7347
-5339
-7275
-5547
-7307
-5915
-7251
-6051
-7251
-6315
-7331
-6627
-7267
-6811
-7267
-7019
-7299
-7331
-7307
-7483
-7339
-7771
-7339
-7947
-7227
-8187
-7323
-8483
-7323
-8675
-7323
-9019
-7267
-9243
-7331
-9395
-7291
-9707
-7315
-9939
-7275
-10203
-7307
-10467
-7355
-10675
-7235
-10859
-7235
-11163
-7307
-11395
-7275
-11667
-7283
-11811
-7331
-12099
-7355
-12331
-7347
-12627
-7267
-12867
-7323
-13107
-7307
-13299
-7355
-13555
-7267
-13827
-7315
-14059
-7291
-14299
-7251
-14539
-7307
-14771
-7275
-14915
-7299
-15179
-7323
-15475
-7355
-15627
-7251
-15875
-7251
-16179
-7275
-16459
-7299
-16659
-7347
-16851
-7315
-17131
-7267
-17435
-7283
-17555
-7235
-17915
-7315
-18099
-7283
-18347
-7347
-18547
-7315
-18835
-7523
125
-7563
-147
-7547
-387
-7483
-507
-7491
-819
-7507
-987
-7563
-1251
-7515
-1579
-7595
-1819
-7555
-2035
-7475
-2195
-7587
-2539
-7587
-2675
-7595
-2947
-7499
-3171
-7515
-3499
-7523
-3739
-7587
-3963
-7587
-4147
-7515
-4411
-7579
-4643
-7467
-4915
-7483
-5123
-7547
-5395
-7483
-5619
-7523
-5851
-7595
-6067
-7571
-6323
-7555
-6523
-7531
-6867
-7475
-7107
-7507
-7267
-7507
-7539
-7595
-7707
-7467
-7995
-7579
-8315
-7547
-8547
-7491
-8723
-7571
-9027
-7475
-9219
-7467
-9443
-7475
-9707
-7579
-9979
-7491
-10123
-7571
-10347
-7531
-10651
-7563
-10875
-7587
-11075
-7571
-11379
-7467
-11563
-7547
-11843
-7555
-12099
-7515
-12267
-7483
-12555
-7571
-12875
-7491
-13083
-7499
-13315
-7483
-13491
-7539
-13739
-7563
-14075
-7483
-14267
-7467
-14507
-7507
-14763
-7587
-14987
-7523
-15243
-7539
-15387
-7571
-15651
-7579
-15971
-7579
-16235
-7563
-16459
-7587
-16699
-7499
-16875
-7539
-17195
-7507
-17427
-7571
-17547
-7523
-17843
-7483
-18115
-7539
-18307
-7507
-18563
-7483
-18827
-7795
133
-7763
-115
-7803
-283
-7835
-627
-7819
-819
-7795
-1019
-7819
-1315
-7819
-1555
-7795
-1747
-7803
-1955
-7803
-2283
-7835
-2507
-7747
-2699
-7827
-3003
-7795
-3275
-7779
-3491
-7827
-3755
-7747
-3979
-7747
-4235
-7731
-4459
-7795
-4603
-7763
-4907
-7723
-5123
-7795
-5419
-7779
-5619
-7787
-5811
-7763
-6051
-7819
-6283
-7715
-6587
-7827
-6763
-7795
-7043
-7827
-7227
-7739
-7491
-7787
-7835
-7811
-7987
-7803
-8291
-7819
-8443
-7771
-8795
-7835
-9035
-7795
-9187
-7787
-9435
-7803
-9675
-7811
-9867
-7763
-10227
-7763
-10379
-7707
-10627
-7819
-10955
-7755
-11187
-7795
-11347
-7835
-11579
-7755
-11907
-7715
-12059
-7771
-12363
-7787
-12603
-7835
-12771
-7755
-13059
-7723
-13259
-7827
-13539
-7739
-13747
-7771
-13963
-7795
-14195
-7795
-14539
-7731
-14699
-7755
-15019
-7787
-15163
-7771
-15419
-7787
-15739
-7723
-15963
-7827
-16147
-7779
-16419
-7763
-16715
-7827
-16843
-7731
-17179
-7747
-17323
-7811
-17611
-7739
-17851
-7763
-18123
-7723
-18355
-7739
-18531
-7779
-18811
-8075
133
-8059
-67
-8075
-283
-8075
-603
-8067
-747
-8051
-1075
-8027
-1243
-8067
-1547
-8075
-1811
-8035
-1955
-8011
-2291
-7963
-2435
-7971
-2739
-7979
-2987
-8019
-3235
-7971
-3411
-7995
-3683
-7955
-3963
-8059
-4227
-8019
-4419
-8019
-4659
-8051
-4939
-8019
-5123
-8075
-5411
-7979
-5659
-7987
-5875
-8075
-6123
-8075
-6283
-8035
-6539
-7979
-6859
-7995
-7035
-8027
-7267
-8019
-7483
-8019
-7707
-8003
-8043
-8067
-8187
-8011
-8427
-7979
-8771
-8059
-8979
-7955
-9179
-8011
-9515
-8019
-9691
-8011
-9867
-7987
-10115
-8067
-10387
-7963
-10683
-7947
-10891
-8035
-11179
-7963
-11347
-7995
-11579
-8011
-11867
-7995
-12139
-8067
-12347
-8051
-12587
-8051
-12747
-8075
-13027
-8035
-13323
-7963
-13539
-7955
-13779
-8035
-14019
-7963
-14259
-8075
-14547
-7995
-14771
-8051
-15027
-8003
-15155
-7987
-15483
-8059
-15707
-8019
-15987
-8011
-16139
-8059
-16355
-8043
-16667
-7971
-16843
-8011
-17195
-8043
-17435
-8043
-17619
-8059
-17787
-7987
-18139
-7963
-18395
-8035
-18603
-8027
-18843
-8235
125
-8251
-83
-8291
-363
-8299
-603
-8211
-851
-8259
-1051
-8267
-1275
-8315
-1491
-8267
-1803
-8243
-1963
-8267
-2259
-8211
-2555
-8315
-2683
-8235
-3035
-8299
-3171
-8259
-3507
-8315
-3723
-8219
-3971
-8315
-4203
-8187
-4403
-8267
-4715
-8243
-4851
-8299
-5131
-8251
-5435
-8259
-5587
-8299
-5867
-8315
-6067
-8243
-6331
-8227
-6515
-8315
-6747
-8307
-7075
-8235
-7243
-8307
-7523
-8187
-7811
-8187
-8075
-8291
-8259
-8259
-8451
-8291
-8723
-8243
-8987
-8259
-9219
-8299
-9387
-8187
-9643
-8227
-9867
-8291
-10219
-8307
-10403
-8243
-10595
-8227
-10955
-8219
-11091
-8283
-11411
-8307
-11547
-8219
-11891
-8275
-12059
-8283
-12299
-8283
-12635
-8203
-12859
-8187
-13083
-8267
-13315
-8267
-13531
-8275
-13771
-8187
-13987
-8275
-14195
-8283
-14491
-8235
-14715
-8291
-15011
-8315
-15171
-8235
-15387
-8291
-15651
-8283
-15979
-8307
-16139
-8251
-16443
-8203
-16675
-8267
-16891
-8267
-17147
-8299
-17307
-8211
-17595
-8291
-17843
-8275
-18131
-8315
-18355
-8203
-18547
-8251
-18843
-8483
117
-8507
-147
-8491
-331
-8499
-523
-8515
-843
-8523
-1027
-8523
-1331
-8555
-1467
-8539
-1787
-8451
-2027
-8515
-2299
-8499
-2427
-8539
-2667
-8443
-2931
-8515
-3275
-8555
-3507
-8531
-3723
-8507
-3963
-8515
-4131
-8475
-4347
-8475
-4611
-8523
-4851
-8427
-5083
-8531
-5323
-8547
-5579
-8475
-5907
-8531
-6051
-8451
-6267
-8467
-6579
-8427
-6811
-8547
-7067
-8539
-7339
-8555
-7515
-8547
-7771
-8491
-7971
-8427
-8307
-8507
-8491
-8435
-8787
-8507
-9003
-8515
-9203
-8539
-9459
-8507
-9699
-8547
-9891
-8459
-10123
-8523
-10411
-8499
-10587
-8523
-10899
-8467
-11187
-8539
-11395
-8443
-11611
-8507
-11795
-8523
-12147
-8547
-12323
-8555
-12571
-8499
-12787
-8491
-12995
-8547
-13331
-8507
-13587
-8491
-13747
-8451
-14027
-8523
-14283
-8547
-14467
-8539
-14667
-8451
-15019
-8523
-15171
-8555
-15475
-8499
-15643
-8539
-15875
-8555
-16163
-8555
-16411
-8507
-16675
-8523
-16851
-8539
-17067
-8555
-17411
-8531
-17643
-8547
-17827
-8451
-18083
-8459
-18267
-8507
-18547
-8435
-18859
-8771
109
-8731
-147
-8787
-387
-8795
-611
-8755
-747
-8755
-1099
-8795
-1307
-8779
-1475
-8723
-1811
-8731
-1987
-8739
-2203
-8739
-2547
-8739
-2707
-8683
-2971
-8795
-3195
-8683
-3451
-8771
-3675
-8675
-3971
-8787
-4123
-8771
-4363
-8691
-4619
-8691
-4851
-8763
-5195
-8707
-5355
-8683
-5611
-8723
-5915
-8763
-6059
-8763
-6275
-8699
-6515
-8747
-6875
-8731
-7115
-8779
-7299
-8747
-7571
-8787
-7803
-8739
-8019
-8715
-8267
-8747
-8499
-8787
-8739
-8691
-8923
-8747
-9187
-8771
-9475
-8755
-9659
-8667
-9923
-8795
-10155
-8667
-10427
-8795
-10635
-8787
-10843
-8771
-11099
-8731
-11427
-8795
-11579
-8739
-11875
-8755
-12027
-8699
-12355
-8787
-12619
-8723
-12747
-8715
-13035
-8707
-13227
-8667
-13587
-8675
-13795
-8763
-13987
-8779
-14299
-8707
-14515
-8795
-14763
-8771
-14963
-8779
-15235
-8731
-15427
-8747
-15747
-8723
-15955
-8699
-16235
-8723
-16427
-8755
-16659
-8755
-16867
-8667
-17115
-8715
-17323
-8707
-17643
-8795
-17907
-8707
-18131
-8739
-18387
-8739
-18635
-8675
-18859
-9019
125
-9019
-147
-8979
-347
-9035
-507
-8947
-819
-8947
-1035
-8923
-1291
-8963
-1523
-8939
-1811
-9035
-1995
-8947
-2259
-8915
-2451
-8995
-2683
-9019
-2963
-9027
-3259
-8915
-3451
-9011
-3691
-8995
-3987
-8923
-4115
-8931
-4379
-9019
-4651
-8995
-4867
-8987
-5147
-9011
-5395
-9011
-5587
-8971
-5883
-8963
-6027
-9011
-6267
-8915
-6531
-8931
-6811
-9011
-7019
-8915
-7315
-9011
-7531
-8995
-7811
-9027
-7947
-9027
-8275
-9027
-8539
-9003
-8771
-8971
-8931
-8995
-9187
-8931
-9499
-8979
-9731
-9003
-9867
-9003
-10179
-8979
-10355
-9019
-10691
-9011
-10843
-8979
-11115
-9027
-11355
-9019
-11619
-9003
-11787
-8987
-12043
-8971
-12283
-9019
-12555
-8955
-12787
-8971
-13091
-8971
-13307
-8963
-13523
-8995
-13779
-9027
-14019
-9035
-14283
-9003
-14475
-9003
-14787
-8987
-14979
-8971
-15235
-8995
-15507
-9011
-15723
-8963
-15867
-9035
-16219
-8971
-16451
-9011
-16611
-9035
-16827
-8979
-17139
-8971
-17371
-9003
-17547
-9027
-17827
-8995
-18075
-9035
-18371
-8987
-18595
-9011
-18867
-9179
109
-9267
-147
-9235
-275
-9275
-587
-9163
-835
-9275
-1099
-9147
-1307
-9227
-1563
-9163
-1795
-9227
-1987
-9251
-2235
-9219
-2515
-9203
-2763
-9235
-2915
-9147
-3243
-9219
-3411
-9243
-3707
-9235
-3939
-9267
-4235
-9251
-4451
-9259
-4659
-9211
-4939
-9251
-5067
-9259
-5355
-9275
-5675
-9267
-5907
-9267
-6115
-9187
-6307
-9203
-6531
-9235
-6827
-9227
-7107
-9243
-7283
-9203
-7587
-9171
-7755
-9235
-8019
-9235
-8275
-9219
-8555
-9187
-8755
-9275
-8995
-9275
-9187
-9259
-9395
-9259
-9699
-9259
-9979
-9155
-10115
-9259
-10459
-9203
-10675
-9259
-10859
-9267
-11171
-9251
-11371
-9267
-11635
-9227
-11875
-9267
-12027
-9251
-12291
-9243
-12611
-9243
-12819
-9155
-13035
-9179
-13235
-9267
-13563
-9235
-13771
-9203
-13995
-9235
-14291
-9259
-14467
-9179
-14771
-9259
-14907
-9275
-15251
-9259
-15459
-9219
-15723
-9187
-15931
-9147
-16131
-9251
-16419
-9235
-16595
-9275
-16899
-9267
-17115
-9155
-17339
-9147
-17611
-9227
-17883
-9243
-18115
-9155
-18299
-9219
-18579
-9243
-18851
-9491
149
-9483
-27
-9499
-315
-9443
-619
-9507
-851
-9499
-1091
-9491
-1267
-9491
-1547
-9499
-1747
-9403
-2059
-9403
-2299
-9507
-2451
-9403
-2747
-9419
-2923
-9515
-3243
-9419
-3395
-9467
-3707
-9491
-3979
-9491
-4235
-9419
-4459
-9483
-4715
-9507
-4867
-9467
-5131
-9387
-5315
-9459
-5667
-9459
-5827
-9403
-6027
-9507
-6323
-9491
-6603
-9515
-6835
-9435
-6987
-9515
-7315
-9467
-7523
-9395
-7787
-9411
-8003
-9419
-8275
-9483
-8435
-9403
-8739
-9507
-8979
-9491
-9243
-9411
-9427
-9451
-9627
-9491
-9923
-9491
-10195
-9515
-10363
-9507
-10699
-9387
-10835
-9451
-11171
-9419
-11363
-9411
-11571
-9467
-11899
-9427
-12107
-9491
-12371
-9507
-12547
-9411
-12771
-9395
-13027
-9491
-13347
-9395
-13563
-9507
-13723
-9507
-13979
-9475
-14267
-9499
-14475
-9403
-14763
-9467
-14995
-9507
-15171
-9507
-15419
-9491
-15651
-9435
-15939
-9507
-16211
-9451
-16355
-9515
-16643
-9459
-16851
-9467
-17067
-9451
-17427
-9491
-17651
-9499
-17883
-9507
-18131
-9507
-18363
-9443
-18555
-9403
-18875
-9707
141
-9643
-115
-9667
-347
-9731
-523
-9643
-827
-9691
-1115
-9715
-1323
-9747
-1483
-9683
-1771
-9627
-1947
-9731
-2235
-9651
-2539
-9715
-2715
-9683
-2923
-9707
-3227
-9747
-3395
-9715
-3731
-9699
-3899
-9731
-4131
-9739
-4467
-9747
-4587
-9691
-4835
-9731
-5147
-9707
-5331
-9691
-5635
-9699
-5795
-9683
-6083
-9675
-6347
-9691
-6611
-9659
-6795
-9707
-7003
-9651
-7235
-9723
-7467
-9739
-7747
-9755
-8059
-9731
-8291
-9699
-8475
-9643
-8667
-9675
-9011
-9723
-9155
-9747
-9427
-9643
-9651
-9651
-9875
-9739
-10147
-9627
-10387
-9683
-10675
-9691
-10883
-9755
-11171
-9707
-11403
-9683
-11643
-9683
-11835
-9731
-12059
-9747
-12283
-9747
-12563
-9667
-12843
-9691
-13115
-9723
-13323
-9675
-13579
-9715
-13819
-9667
-14003
-9683
-14267
-9707
-14547
-9715
-14675
-9731
-15035
-9715
-15275
-9715
-15515
-9723
-15667
-9707
-15987
-9723
-16131
-9707
-16371
-9715
-16611
-9715
-16931
-9683
-17139
-9683
-17395
-9747
-17659
-9659
-17859
-9707
-18107
-9747
-18315
-9683
-18507
-9667
-18827
-9907
125
-9915
-27
-9955
-371
-9987
-603
-9947
-755
-9923
-1099
-9915
-1251
-9883
-1507
-9867
-1811
-9939
-2043
-9979
-2299
-9939
-2515
-9987
-2779
-9995
-2923
-9899
-3187
-9891
-3403
-9907
-3707
-9971
-3915
-9979
-4139
-9995
-4355
-9971
-4667
-9923
-4875
-9995
-5075
-9963
-5387
-9947
-5563
-9979
-5907
-9987
-6083
-9883
-6347
-9923
-6531
-9867
-6811
-9907
-7091
-9955
-7235
-9939
-7507
-9939
-7747
-9979
-8027
-9923
-8227
-9963
-8467
-9987
-8723
-9971
-8955
-9995
-9243
-9971
-9475
-9995
-9699
-9899
-9979
-9947
-10147
-9995
-10467
-9955
-10611
-9979
-10947
-9987
-11099
-9899
-11387
-9915
-11547
-9947
-11843
-9987
-12139
-9963
-12371
-9899
-12563
-9915
-12827
-9979
-13083
-9899
-13275
-9971
-13547
-9963
-13739
-9955
-14003
-9899
-14307
-9867
-14531
-9947
-14747
-9971
-15035
-9971
-15155
-9971
-15443
-9915
-15755
-9899
-15963
-9907
-16235
-9947
-16395
-9979
-16619
-9979
-16923
-9867
-17075
-9899
-17427
-9971
-17611
-9979
-17907
-9947
-18083
-9947
-18307
-9987
-18507
-9963
-18819
-10123
149
-10227
-35
-10155
-267
-10147
-539
-10235
-867
-10211
-1107
-10219
-1339
-10235
-1563
-10227
-1819
-10107
-1963
-10163
-2259
-10163
-2459
-10219
-2787
-10195
-3027
-10171
-3147
-10123
-3387
-10147
-3643
-10131
-3971
-10115
-4107
-10235
-4459
-10227
-4603
-10187
-4891
-10219
-5131
-10219
-5307
-10227
-5651
-10139
-5915
-10219
-6131
-10195
-6315
-10179
-6611
-10227
-6763
-10211
-7099
-10203
-7235
-10187
-7491
-10211
-7731
-10235
-8035
-10195
-8235
-10227
-8467
-10139
-8707
-10227
-8979
-10211
-9179
-10139
-9395
-10195
-9683
-10147
-9899
-10203
-10195
-10235
-10371
-10139
-10595
-10115
-10899
-10187
-11163
-10179
-11307
-10139
-11619
-10227
-11907
-10155
-12091
-10211
-12291
-10107
-12595
-10203
-12875
-10123
-13027
-10211
-13235
-10107
-13579
-10155
-13747
-10187
-14075
-10115
-14203
-10139
-14499
-10179
-14707
-10219
-14923
-10203
-15235
-10203
-15411
-10139
-15755
-10219
-15891
-10227
-16139
-10211
-16395
-10187
-16675
-10131
-16939
-10171
-17195
-10227
-17363
-10203
-17571
-10171
-17827
-10195
-18051
-10147
-18339
-10139
-18611
-10115
-18859
-10427
117
-10459
-147
-10467
-363
-10411
-627
-10443
-755
-10411
-987
-10451
-1347
-10475
-1483
-10467
-1819
-10467
-2003
-10459
-2267
-10459
-2555
-10427
-2699
-10427
-2923
-10467
-3171
-10411
-3467
-10419
-3667
-10459
-3907
-10467
-4163
-10435
-4443
-10435
-4667
-10443
-4843
-10475
-5123
-10411
-5347
-10451
-5667
-10475
-5787
-10451
-6083
-10459
-6315
-10435
-6635
-10451
-6787
-10475
-7003
-10427
-7251
-10475
-7539
-10427
-7787
-10427
-8075
-10427
-8251
-10475
-8523
-10419
-8755
-10427
-8979
-10475
-9227
-10467
-9435
-10459
-9691
-10427
-9955
-10435
-10227
-10451
-10443
-10475
-10595
-10419
-10931
-10427
-11115
-10451
-11307
-10467
-11675
-10467
-11835
-10411
-12075
-10467
-12395
-10467
-12539
-10451
-12835
-10475
-13067
-10459
-13315
-10451
-13539
-10451
-13771
-10459
-13947
-10459
-14307
-10475
-14555
-10475
-14683
-10459
-14979
-10475
-15147
-10451
-15443
-10475
-15675
-10475
-15899
-10443
-16179
-10411
-16451
-10419
-16659
-10467
-16947
-10419
-17171
-10475
-17379
-10467
-17555
-10459
-17867
-10467
-18115
-10411
-18371
-10443
-18531
-10459
-18827
