109
480
145
-119
116
-313
233
-605
141
-765
1014
-1013
477
-1221
280
-1532
405
-1752
163
-1970
507
-2167
139
-2489
139
-2739
191
-2957
401
-3157
179
-3437
305
-3657
501
-3967
161
-4101
189
-4413
175
-4657
109
-4871
117
-5175
117
-5323
85
-5639
133
-5867
149
-6103
85
-6307
85
-6531
141
-6771
117
-7039
109
-7231
149
-7531
85
-7771
85
-7987
101
-8255
109
-8475
125
-8683
109
-8947
109
-9227
109
-9499
125
-9699
109
-9939
125
-10171
149
-10387
133
-10699
117
-10891
117
-11067
93
-11387
101
-11595
109
-11819
93
-12107
149
-12275
109
-12611
149
-12843
109
-13027
93
-13283
149
-13491
101
-13827
101
-13987
85
-14299
149
-14427
141
-14771
101
-14987
101
-15187
133
-15443
141
-15707
125
-15939
125
-16131
85
-16403
101
-16627
93
-16899
117
-17099
85
-17339
141
-17643
85
-17867
85
-18083
101
-18363
149
-18587
149
-18859
-115
845
-121
-102
-110
-357
-75
-543
-90
-817
-91
-995
-50
-1206
-69
-1466
-21
-1821
-3
-1999
-118
-2254
-131
-2453
-63
-2677
-9
-3007
-11
-3231
-121
-3445
-125
-3675
-83
-3943
-75
-4191
-45
-4371
-141
-4699
-107
-4851
-79
-5123
-59
-5383
-123
-5575
-127
-5811
-27
-6151
-23
-6395
-51
-6531
-95
-6847
-7
-7027
-103
-7323
-39
-7463
-51
-7703
-139
-7987
-131
-8191
-99
-8467
-119
-8691
-107
-8987
5
-9163
-19
-9399
-99
-9755
-75
-9923
-131
-10203
-139
-10459
-75
-10675
-43
-10907
-115
-11115
-131
-11315
-139
-11619
-131
-11787
-83
-12131
-107
-12291
-35
-12627
-147
-12747
-139
-13075
-147
-13307
-115
-13555
-155
-13811
-67
-14003
-115
-14235
-155
-14435
-83
-14755
-139
-15035
-147
-15211
-99
-15491
-147
-15723
-59
-15867
-107
-16131
-155
-16475
-51
-16587
-131
-16899
-43
-17107
-59
-17347
-139
-17651
-147
-17795
-131
-18099
-139
-18363
-99
-18555
-51
-18827
-367
1289
-261
-36
-301
-270
-345
-497
-275
-828
-311
-1021
-358
-1249
-366
-1493
-293
-1753
-303
-1979
-279
-2274
-343
-2431
-345
-2743
-345
-2923
-281
-3165
-317
-3437
-315
-3705
-355
-3857
-371
-4085
-313
-4373
-265
-4571
-379
-4827
-291
-5063
-307
-5307
-287
-5587
-283
-5783
-375
-6127
-291
-6271
-307
-6591
-347
-6803
-371
-6999
-271
-7307
-299
-7571
-355
-7739
-363
-8047
-239
-8227
-355
-8451
-343
-8711
-327
-8927
-287
-9275
-323
-9439
-339
-9667
-347
-9923
-267
-10171
-267
-10403
-315
-10675
-291
-10875
-331
-11195
-275
-11331
-387
-11611
-275
-11891
-379
-12051
-291
-12291
-275
-12635
-363
-12747
-355
-13091
-283
-13307
-323
-13475
-339
-13731
-323
-14075
-267
-14227
-267
-14531
-355
-14739
-371
-15035
-363
-15227
-395
-15395
-379
-15755
-387
-15971
-379
-16107
-363
-16355
-267
-16587
-371
-16843
-371
-17131
-339
-17387
-291
-17659
-283
-17867
-379
-18075
-387
-18283
-387
-18595
-355
-18875
-603
266
-548
-107
-534
-330
-533
-535
-497
-844
-577
-1047
-623
-1217
-549
-1469
-571
-1703
-594
-1987
-549
-2281
-557
-2523
-535
-2663
-483
-2929
-513
-3237
-537
-3447
-609
-3733
-543
-3977
-479
-4107
-591
-4423
-599
-4627
-487
-4927
-607
-5039
-603
-5299
-619
-5655
-607
-5823
-619
-6027
-547
-6339
-539
-6571
-615
-6811
-547
-7039
-567
-7323
-555
-7459
-515
-7731
-583
-8007
-559
-8271
-615
-8455
-531
-8695
-587
-8983
-523
-9223
-483
-9399
-611
-9643
-547
-9875
-507
-10171
-579
-10459
-627
-10635
-611
-10891
-635
-11123
-579
-11419
-579
-11619
-619
-11827
-555
-12083
-547
-12267
-555
-12507
-627
-12795
-571
-13075
-611
-13259
-523
-13467
-539
-13787
-531
-14051
-579
-14307
-619
-14539
-619
-14683
-619
-14979
-539
-15195
-627
-15387
-547
-15683
-619
-15923
-531
-16235
-595
-16355
-619
-16691
-531
-16851
-539
-17179
-587
-17371
-539
-17563
-619
-17827
-619
-18099
-603
-18331
-611
-18595
-603
-18859
-855
1075
-739
-31
-837
-365
-737
-592
-829
-722
-853
-1001
-726
-1267
-831
-1571
-751
-1806
-741
-1953
-849
-2253
-827
-2423
-755
-2761
-849
-3009
-769
-3207
-811
-3451
-787
-3627
-809
-3931
-851
-4129
-869
-4437
-735
-4629
-835
-4863
-831
-5155
-863
-5387
-771
-5627
-731
-5799
-779
-6067
-867
-6311
-843
-6515
-739
-6819
-759
-7099
-819
-7227
-763
-7591
-819
-7783
-831
-7935
-831
-8227
-739
-8415
-835
-8731
-791
-8903
-763
-9167
-851
-9471
-771
-9667
-851
-9891
-843
-10179
-851
-10427
-835
-10611
-787
-10907
-851
-11179
-763
-11323
-851
-11547
-827
-11819
-851
-12147
-851
-12395
-851
-12603
-843
-12787
-843
-13027
-835
-13267
-755
-13587
-763
-13707
-851
-13947
-875
-14251
-771
-14491
-819
-14699
-755
-14971
-747
-15163
-851
-15427
-819
-15635
-819
-15971
-803
-16195
-835
-16363
-859
-16715
-803
-16955
-827
-17067
-819
-17315
-859
-17571
-859
-17803
-867
-18115
-851
-18395
-859
-18563
-843
-18827
-1059
2249
-985
-62
-1030
-334
-1092
-490
-1061
-795
-1105
-1023
-1048
-1243
-1101
-1557
-1013
-1807
-1067
-1965
-1077
-2281
-1067
-2427
-1023
-2773
-1071
-2899
-1101
-3123
-1059
-3473
-1081
-3715
-987
-3955
-983
-4099
-1051
-4409
-1043
-4699
-995
-4947
-987
-5059
-1087
-5395
-1035
-5547
-1059
-5763
-995
-6139
-1059
-6291
-1067
-6563
-1063
-6815
-1043
-6999
-983
-7203
-1039
-7491
-1091
-7779
-1095
-7935
-1087
-8247
-1079
-8503
-1087
-8767
-1051
-8947
-1087
-9227
-1027
-9491
-1083
-9715
-1083
-9907
-1043
-10107
-1083
-10443
-1059
-10587
-1083
-10835
-1011
-11147
-1115
-11379
-995
-11675
-995
-11803
-995
-12139
-1027
-12339
-1027
-12523
-995
-12771
-1115
-12987
-987
-13235
-987
-13515
-1027
-13723
-1059
-14027
-1067
-14219
-1035
-14499
-995
-14723
-1067
-15011
-1091
-15267
-1075
-15387
-1107
-15667
-995
-15907
-1107
-16163
-1107
-16379
-1091
-16635
-1075
-16931
-987
-17091
-1051
-17339
-1099
-17627
-1115
-17867
-1115
-18107
-1035
-18323
-1027
-18619
-1027
-18843
-1331
2103
-1245
-45
-1265
-349
-1219
-547
-1231
-767
-1253
-973
-1247
-1311
-1271
-1513
-1339
-1816
-1229
-2008
-1244
-2147
-1211
-2521
-1303
-2703
-1255
-2911
-1327
-3175
-1317
-3431
-1303
-3681
-1339
-3943
-1253
-4141
-1347
-4443
-1279
-4617
-1267
-4831
-1331
-5079
-1235
-5371
-1303
-5647
-1307
-5775
-1311
-6043
-1275
-6267
-1299
-6519
-1303
-6835
-1343
-7023
-1227
-7211
-1327
-7507
-1295
-7715
-1319
-7963
-1215
-8207
-1291
-8507
-1251
-8667
-1319
-8959
-1259
-9203
-1351
-9391
-1339
-9683
-1259
-9867
-1251
-10211
-1355
-10427
-1331
-10691
-1235
-10955
-1283
-11099
-1227
-11323
-1331
-11571
-1315
-11907
-1331
-12035
-1323
-12371
-1307
-12571
-1251
-12763
-1315
-13067
-1315
-13243
-1243
-13475
-1315
-13795
-1259
-14019
-1315
-14243
-1323
-14467
-1243
-14739
-1227
-14979
-1267
-15251
-1347
-15387
-1331
-15627
-1299
-15883
-1315
-16155
-1315
-16419
-1315
-16603
-1339
-16827
-1259
-17091
-1355
-17403
-1291
-17571
-1347
-17899
-1235
-18075
-1267
-18315
-1299
-18531
-1315
-18843
-1579
1407
-1491
-25
-1453
-313
-1569
-541
-1561
-821
-1533
-1113
-1595
-1267
-1559
-1485
-1547
-1819
-1563
-1963
-1497
-2219
-1519
-2517
-1581
-2703
-1521
-2945
-1559
-3217
-1567
-3413
-1449
-3613
-1451
-3971
-1489
-4191
-1559
-4403
-1563
-4647
-1559
-4887
-1591
-5147
-1539
-5391
-1503
-5551
-1487
-5907
-1583
-6027
-1471
-6323
-1543
-6499
-1571
-6851
-1547
-7035
-1467
-7255
-1567
-7531
-1515
-7795
-1499
-7939
-1531
-8279
-1511
-8475
-1587
-8771
-1523
-8907
-1531
-9171
-1511
-9443
-1571
-9643
-1563
-9883
-1579
-10211
-1563
-10475
-1595
-10595
-1563
-10931
-1539
-11139
-1563
-11355
-1507
-11627
-1571
-11843
-1523
-12115
-1555
-12371
-1507
-12539
-1579
-12747
-1475
-13107
-1547
-13267
-1555
-13579
-1523
-13811
-1555
-13979
-1571
-14251
-1571
-14539
-1539
-14715
-1555
-14963
-1595
-15179
-1491
-15491
-1547
-15707
-1587
-15947
-1507
-16147
-1507
-16459
-1571
-16667
-1515
-16843
-1539
-17187
-1571
-17411
-1547
-17635
-1475
-17915
-1523
-18123
-1595
-18323
-1595
-18563
-1475
-18835
-1795
249
-1823
-55
-1777
-371
-1743
-571
-1793
-755
-1801
-1011
-1715
-1215
-1717
-1559
-1765
-1713
-1767
-1995
-1827
-2259
-1711
-2483
-1687
-2697
-1741
-2923
-1795
-3235
-1751
-3475
-1799
-3701
-1745
-3947
-1707
-4111
-1799
-4429
-1815
-4689
-1799
-4883
-1795
-5135
-1739
-5319
-1783
-5639
-1803
-5803
-1803
-6155
-1811
-6239
-1795
-6559
-1719
-6767
-1711
-7083
-1731
-7271
-1791
-7531
-1703
-7803
-1783
-8035
-1703
-8271
-1823
-8515
-1747
-8683
-1791
-8987
-1811
-9147
-1763
-9395
-1803
-9683
-1771
-9955
-1787
-10187
-1763
-10443
-1779
-10595
-1819
-10923
-1835
-11107
-1827
-11307
-1819
-11571
-1747
-11803
-1779
-12123
-1715
-12331
-1723
-12611
-1763
-12811
-1747
-13107
-1803
-13259
-1819
-13563
-1747
-13795
-1731
-14043
-1731
-14187
-1731
-14539
-1787
-14731
-1811
-14915
-1707
-15243
-1723
-15507
-1739
-15755
-1763
-15867
-1827
-16155
-1795
-16387
-1827
-16715
-1779
-16891
-1755
-17195
-1811
-17315
-1803
-17571
-1779
-17883
-1755
-18067
-1811
-18299
-1779
-18539
-1707
-18827
-1991
997
-1969
-117
-1995
-277
-1993
-567
-2061
-787
-1967
-969
-2063
-1299
-2035
-1563
-1965
-1699
-1999
-1951
-1991
-2277
-2063
-2511
-2037
-2643
-1981
-2971
-2047
-3243
-2037
-3447
-1977
-3671
-2047
-3941
-1993
-4143
-1995
-4437
-2017
-4713
-2015
-4835
-1987
-5059
-2011
-5279
-2031
-5551
-2019
-5827
-2003
-6003
-1979
-6263
-2011
-6563
-2055
-6763
-2011
-7019
-1971
-7215
-2047
-7535
-1995
-7731
-1955
-8019
-1939
-8183
-1975
-8519
-2055
-8659
-2035
-9007
-2007
-9195
-2031
-9383
-2019
-9635
-2027
-9987
-2043
-10163
-1955
-10395
-2019
-10643
-2043
-10827
-2027
-11179
-1995
-11363
-2059
-11635
-1971
-11827
-2043
-12043
-2043
-12395
-2043
-12579
-2043
-12835
-2043
-12995
-1995
-13275
-1995
-13571
-2067
-13707
-2035
-14003
-2067
-14211
-2067
-14499
-1987
-14691
-2059
-14971
-2059
-15155
-2051
-15419
-2011
-15715
-1963
-15963
-2075
-16163
-2011
-16347
-1971
-16611
-2019
-16867
-2051
-17091
-2075
-17395
-2019
-17619
-2027
-17787
-2059
-18099
-1971
-18339
-2019
-18555
-1947
-18875
-2251
143
-2289
-19
-2295
-277
-2183
-579
-2299
-743
-2209
-987
-2169
-1287
-2275
-1553
-2213
-1707
-2309
-1971
-2195
-2177
-2179
-2495
-2243
-2763
-2235
-2877
-2265
-3195
-2259
-3487
-2303
-3693
-2239
-3867
-2247
-4105
-2229
-4435
-2233
-4587
-2211
-4927
-2283
-5183
-2255
-5423
-2267
-5579
-2291
-5883
-2243
-6023
-2203
-6343
-2231
-6603
-2179
-6803
-2239
-7047
-2211
-7291
-2271
-7459
-2267
-7711
-2299
-7927
-2251
-8303
-2235
-8423
-2251
-8691
-2295
-8891
-2211
-9259
-2183
-9447
-2259
-9651
-2291
-9915
-2243
-10123
-2299
-10387
-2315
-10651
-2267
-10931
-2211
-11179
-2291
-11371
-2299
-11635
-2275
-11811
-2283
-12043
-2219
-12371
-2315
-12507
-2251
-12755
-2307
-13035
-2259
-13259
-2211
-13595
-2235
-13739
-2243
-13955
-2275
-14211
-2299
-14443
-2219
-14699
-2243
-14907
-2291
-15195
-2275
-15475
-2187
-15675
-2267
-15979
-2195
-16131
-2227
-16467
-2299
-16611
-2299
-16875
-2299
-17115
-2211
-17323
-2251
-17651
-2219
-17867
-2275
-18059
-2315
-18323
-2195
-18515
-2275
-18851
-2551
265
-2527
-111
-2489
-283
-2505
-573
-2411
-749
-2515
-1001
-2511
-1197
-2527
-1495
-2477
-1747
-2519
-2011
-2529
-2221
-2525
-2501
-2531
-2687
-2551
-2963
-2531
-3203
-2467
-3405
-2503
-3707
-2487
-3951
-2529
-4121
-2463
-4335
-2477
-4607
-2495
-4903
-2467
-5127
-2439
-5347
-2499
-5619
-2531
-5895
-2483
-6111
-2511
-6267
-2531
-6543
-2423
-6747
-2467
-7091
-2435
-7239
-2535
-7551
-2487
-7771
-2487
-8031
-2531
-8267
-2511
-8511
-2495
-8659
-2543
-8979
-2523
-9195
-2527
-9447
-2507
-9731
-2499
-9987
-2467
-10155
-2427
-10371
-2499
-10699
-2515
-10931
-2547
-11139
-2523
-11379
-2467
-11619
-2483
-11883
-2531
-12051
-2435
-12331
-2443
-12531
-2555
-12811
-2443
-13043
-2443
-13275
-2427
-13547
-2547
-13747
-2539
-14019
-2555
-14267
-2539
-14475
-2507
-14747
-2515
-15027
-2467
-15155
-2523
-15411
-2539
-15675
-2427
-15931
-2539
-16139
-2483
-16363
-2555
-16651
-2499
-16843
-2491
-17195
-2499
-17403
-2547
-17611
-2531
-17867
-2499
-18027
-2483
-18307
-2499
-18635
-2507
-18843
-2687
421
-2691
-83
-2687
-299
-2643
-515
-2723
-787
-2707
-1055
-2699
-1275
-2691
-1451
-2735
-1747
-2767
-1947
-2755
-2275
-2779
-2539
-2691
-2655
-2719
-2971
-2675
-3239
-2775
-3451
-2779
-3639
-2771
-3923
-2707
-4135
-2739
-4471
-2795
-4611
-2747
-4823
-2751
-5139
-2763
-5359
-2771
-5599
-2707
-5791
-2791
-6087
-2723
-6367
-2767
-6583
-2779
-6739
-2711
-6983
-2779
-7287
-2739
-7471
-2771
-7719
-2675
-7947
-2727
-8163
-2747
-8507
-2647
-8747
-2695
-8915
-2771
-9227
-2731
-9507
-2763
-9755
-2747
-9995
-2779
-10131
-2795
-10427
-2707
-10643
-2747
-10923
-2771
-11131
-2795
-11307
-2755
-11659
-2755
-11899
-2787
-12139
-2691
-12395
-2787
-12587
-2771
-12867
-2723
-13011
-2795
-13339
-2731
-13555
-2755
-13795
-2763
-14003
-2715
-14195
-2699
-14483
-2779
-14763
-2691
-14915
-2755
-15155
-2747
-15459
-2691
-15723
-2795
-15931
-2715
-16131
-2787
-16411
-2723
-16627
-2755
-16843
-2683
-17075
-2779
-17427
-2771
-17555
-2707
-17787
-2787
-18035
-2723
-18347
-2771
-18635
-2699
-18827
-2975
125
-2983
-99
-2979
-387
-2963
-559
-2939
-779
-2947
-1071
-3027
-1235
-3023
-1491
-3027
-1803
-2991
-2047
-2959
-2207
-2907
-2427
-2923
-2755
-2931
-2979
-2955
-3131
-2947
-3395
-3003
-3703
-2923
-3995
-3011
-4163
-2967
-4355
-3031
-4699
-2915
-4907
-2939
-5063
-2975
-5279
-3003
-5559
-3011
-5811
-2979
-6123
-2983
-6339
-2999
-6531
-3019
-6831
-3023
-7031
-2987
-7339
-2991
-7491
-2995
-7723
-3019
-7979
-3027
-8279
-2927
-8443
-2903
-8767
-2967
-8967
-2975
-9219
-2979
-9371
-3035
-9707
-2963
-9939
-2931
-10227
-2979
-10427
-2987
-10635
-3027
-10947
-2995
-11139
-3011
-11315
-2955
-11587
-2907
-11835
-2995
-12139
-2915
-12291
-3011
-12531
-2963
-12835
-3019
-13059
-2979
-13307
-3003
-13555
-3035
-13787
-2955
-13963
-3035
-14219
-3003
-14443
-2947
-14731
-2931
-14979
-2907
-15195
-3019
-15491
-3035
-15627
-3035
-15867
-2923
-16131
-2963
-16443
-2947
-16659
-2979
-16875
-2963
-17075
-3019
-17339
-3027
-17587
-3011
-17795
-3011
-18131
-3027
-18315
-2995
-18507
-2987
-18835
-3239
109
-3171
-99
-3255
-335
-3219
-595
-3207
-715
-3147
-1035
-3235
-1231
-3139
-1507
-3179
-1739
-3227
-2019
-3155
-2179
-3271
-2435
-3239
-2703
-3139
-2951
-3243
-3219
-3243
-3451
-3199
-3719
-3259
-3923
-3223
-4095
-3231
-4327
-3151
-4587
-3243
-4835
-3247
-5075
-3171
-5311
-3139
-5563
-3155
-5883
-3171
-6143
-3151
-6363
-3171
-6567
-3263
-6755
-3151
-6983
-3243
-7255
-3247
-7587
-3191
-7779
-3211
-8019
-3187
-8219
-3175
-8451
-3215
-8699
-3243
-8899
-3179
-9131
-3159
-9443
-3259
-9731
-3243
-9963
-3235
-10179
-3163
-10387
-3227
-10675
-3251
-10867
-3267
-11163
-3179
-11315
-3203
-11667
-3267
-11811
-3251
-12051
-3267
-12299
-3235
-12635
-3235
-12787
-3243
-13027
-3219
-13243
-3251
-13571
-3227
-13715
-3171
-14011
-3147
-14243
-3171
-14491
-3203
-14723
-3195
-14979
-3243
-15187
-3171
-15451
-3203
-15683
-3235
-15987
-3227
-16211
-3171
-16387
-3147
-16659
-3227
-16907
-3171
-17195
-3187
-17427
-3195
-17635
-3235
-17827
-3251
-18155
-3267
-18283
-3251
-18571
-3195
-18867
-3475
149
-3507
-119
-3495
-303
-3491
-627
-3479
-735
-3427
-1075
-3491
-1319
-3435
-1563
-3467
-1819
-3515
-2027
-3383
-2215
-3491
-2523
-3443
-2763
-3463
-2935
-3487
-3155
-3479
-3511
-3399
-3659
-3403
-3891
-3419
-4175
-3423
-4395
-3383
-4683
-3375
-4843
-3495
-5071
-3435
-5283
-3475
-5599
-3411
-5875
-3491
-6091
-3459
-6303
-3471
-6615
-3491
-6803
-3411
-7047
-3399
-7331
-3423
-7523
-3403
-7739
-3503
-7971
-3435
-8227
-3367
-8459
-3443
-8699
-3443
-8931
-3479
-9167
-3451
-9379
-3491
-9691
-3387
-9971
-3459
-10155
-3515
-10395
-3411
-10683
-3499
-10859
-3435
-11139
-3443
-11427
-3499
-11579
-3435
-11899
-3419
-12155
-3443
-12347
-3387
-12571
-3419
-12859
-3515
-13099
-3491
-13307
-3459
-13587
-3387
-13707
-3507
-14059
-3491
-14243
-3475
-14539
-3483
-14779
-3507
-15035
-3499
-15179
-3451
-15491
-3491
-15723
-3483
-15923
-3427
-16179
-3491
-16347
-3435
-16683
-3507
-16843
-3435
-17107
-3411
-17347
-3475
-17659
-3459
-17803
-3427
-18131
-3435
-18291
-3427
-18531
-3435
-18827
-3723
125
-3715
-27
-3623
-295
-3707
-523
-3651
-787
-3727
-999
-3719
-1255
-3719
-1547
-3747
-1799
-3715
-1979
-3623
-2283
-3683
-2459
-3647
-2667
-3703
-3003
-3747
-3179
-3639
-3391
-3615
-3719
-3715
-3855
-3719
-4183
-3747
-4415
-3611
-4599
-3695
-4879
-3739
-5143
-3739
-5307
-3747
-5519
-3715
-5879
-3683
-6043
-3723
-6243
-3627
-6523
-3667
-6747
-3651
-7007
-3687
-7263
-3643
-7543
-3683
-7739
-3643
-8039
-3699
-8175
-3703
-8539
-3671
-8675
-3719
-9023
-3631
-9251
-3711
-9483
-3707
-9659
-3635
-9923
-3675
-10187
-3715
-10427
-3659
-10707
-3707
-10915
-3755
-11147
-3667
-11403
-3699
-11603
-3747
-11859
-3659
-12099
-3731
-12339
-3755
-12611
-3667
-12851
-3739
-13115
-3683
-13331
-3747
-13539
-3747
-13755
-3707
-14019
-3723
-14211
-3723
-14459
-3635
-14715
-3691
-14979
-3755
-15163
-3747
-15507
-3691
-15659
-3747
-15971
-3667
-16227
-3747
-16355
-3747
-16627
-3635
-16875
-3747
-17099
-3707
-17371
-3715
-17667
-3731
-17875
-3723
-18083
-3739
-18323
-3739
-18603
-3723
-18835
-3971
133
-3927
-43
-3959
-347
-3979
-607
-3915
-803
-3951
-1039
-3875
-1275
-3967
-1555
-3967
-1767
-3959
-2051
-3967
-2251
-3935
-2495
-3919
-2763
-3955
-3007
-3959
-3179
-3911
-3375
-3971
-3683
-3931
-3879
-3947
-4155
-3963
-4359
-3887
-4583
-3939
-4867
-3947
-5179
-3955
-5419
-3859
-5619
-3883
-5871
-3951
-6067
-3923
-6367
-3903
-6579
-3911
-6779
-3951
-7007
-3895
-7311
-3951
-7559
-3971
-7691
-3911
-7983
-3971
-8259
-3891
-8459
-3879
-8719
-3871
-8915
-3947
-9171
-3959
-9395
-3875
-9715
-3979
-9923
-3987
-10235
-3987
-10419
-3947
-10643
-3939
-10875
-3883
-11155
-3923
-11331
-3947
-11595
-3947
-11867
-3955
-12067
-3963
-12299
-3867
-12539
-3915
-12867
-3875
-13091
-3931
-13251
-3971
-13467
-3979
-13715
-3987
-14035
-3923
-14243
-3955
-14531
-3987
-14723
-3923
-14979
-3883
-15203
-3883
-15515
-3899
-15627
-3963
-15979
-3923
-16179
-3947
-16411
-3923
-16699
-3867
-16915
-3875
-17179
-3987
-17379
-3947
-17667
-3891
-17787
-3915
-18027
-3915
-18379
-3979
-18531
-3899
-18835
-4143
101
-4219
-59
-4127
-367
-4139
-595
-4143
-855
-4171
-1087
-4223
-1255
-4139
-1519
-4091
-1751
-4107
-1971
-4231
-2279
-4103
-2511
-4227
-2683
-4127
-2991
-4235
-3207
-4183
-3375
-4223
-3675
-4099
-3923
-4119
-4207
-4151
-4427
-4187
-4635
-4163
-4891
-4115
-5195
-4199
-5371
-4183
-5547
-4191
-5767
-4143
-6111
-4195
-6303
-4219
-6595
-4183
-6759
-4191
-6987
-4099
-7211
-4199
-7495
-4167
-7739
-4207
-7999
-4171
-8275
-4211
-8499
-4199
-8663
-4123
-8907
-4167
-9259
-4171
-9491
-4203
-9667
-4163
-9955
-4123
-10147
-4203
-10371
-4227
-10675
-4187
-10867
-4123
-11187
-4187
-11371
-4179
-11619
-4195
-11787
-4147
-12075
-4171
-12307
-4171
-12531
-4115
-12835
-4187
-12995
-4211
-13251
-4203
-13595
-4187
-13795
-4235
-14075
-4227
-14187
-4187
-14539
-4131
-14667
-4203
-14931
-4187
-15171
-4211
-15387
-4235
-15699
-4211
-15923
-4155
-16139
-4203
-16411
-4211
-16619
-4147
-16851
-4139
-17115
-4187
-17379
-4219
-17667
-4163
-17899
-4211
-18107
-4203
-18379
-4163
-18587
-4195
-18843
-4339
93
-4395
-123
-4399
-367
-4447
-587
-4403
-851
-4463
-1091
-4347
-1255
-4375
-1515
-4443
-1811
-4459
-2059
-4319
-2235
-4387
-2487
-4363
-2787
-4383
-3019
-4439
-3143
-4435
-3415
-4459
-3727
-4343
-3839
-4439
-4179
-4343
-4391
-4383
-4651
-4363
-4807
-4423
-5159
-4383
-5379
-4419
-5571
-4463
-5819
-4431
-6047
-4403
-6347
-4371
-6483
-4423
-6839
-4435
-7039
-4347
-7243
-4395
-7527
-4455
-7719
-4407
-7931
-4435
-8303
-4411
-8443
-4363
-8715
-4475
-8943
-4475
-9247
-4375
-9399
-4379
-9659
-4371
-9891
-4459
-10235
-4371
-10435
-4395
-10643
-4443
-10915
-4395
-11083
-4419
-11307
-4467
-11571
-4451
-11843
-4387
-12107
-4467
-12379
-4379
-12635
-4379
-12803
-4427
-13019
-4347
-13299
-4419
-13539
-4347
-13707
-4387
-14075
-4355
-14203
-4451
-14523
-4475
-14707
-4475
-14987
-4451
-15235
-4467
-15427
-4347
-15747
-4427
-15883
-4443
-16203
-4411
-16347
-4379
-16643
-4363
-16923
-4395
-17099
-4451
-17379
-4467
-17555
-4411
-17915
-4347
-18147
-4403
-18291
-4379
-18571
-4395
-18859
-4611
117
-4699
-75
-4687
-379
-4667
-551
-4703
-719
-4647
-1019
-4619
-1251
-4607
-1487
-4699
-1707
-4595
-2007
-4643
-2251
-4683
-2479
-4675
-2763
-4603
-3031
-4635
-3195
-4563
-3439
-4659
-3727
-4675
-3919
-4687
-4175
-4675
-4455
-4571
-4667
-4667
-4939
-4671
-5051
-4595
-5335
-4623
-5563
-4611
-5847
-4611
-6011
-4615
-6347
-4647
-6507
-4635
-6751
-4639
-7047
-4659
-7279
-4639
-7527
-4623
-7743
-4663
-8047
-4627
-8203
-4715
-8515
-4695
-8707
-4711
-8995
-4595
-9259
-4623
-9399
-4651
-9659
-4603
-9907
-4691
-10163
-4651
-10451
-4715
-10611
-4619
-10923
-4635
-11139
-4715
-11411
-4667
-11627
-4651
-11827
-4715
-12155
-4627
-12291
-4603
-12547
-4595
-12859
-4683
-13051
-4675
-13355
-4611
-13507
-4619
-13803
-4603
-13955
-4707
-14259
-4627
-14555
-4707
-14723
-4707
-14971
-4595
-15195
-4707
-15387
-4619
-15747
-4707
-15915
-4683
-16203
-4587
-16427
-4715
-16715
-4691
-16827
-4619
-17155
-4707
-17403
-4699
-17627
-4699
-17811
-4715
-18147
-4691
-18339
-4675
-18611
-4691
-18843
-4891
109
-4867
-43
-4931
-291
-4903
-535
-4855
-763
-4903
-1019
-4915
-1211
-4831
-1443
-4915
-1707
-4911
-2027
-4855
-2227
-4943
-2527
-4899
-2671
-4927
-3011
-4895
-3179
-4911
-3451
-4851
-3683
-4867
-3919
-4931
-4155
-4939
-4419
-4951
-4559
-4851
-4931
-4895
-5167
-4947
-5347
-4935
-5587
-4939
-5767
-4839
-6087
-4859
-6299
-4835
-6571
-4867
-6807
-4935
-7079
-4919
-7327
-4939
-7579
-4907
-7775
-4855
-7951
-4867
-8235
-4883
-8407
-4851
-8771
-4955
-8927
-4891
-9203
-4887
-9387
-4939
-9651
-4931
-9899
-4915
-10219
-4931
-10387
-4939
-10635
-4947
-10955
-4851
-11107
-4931
-11419
-4931
-11587
-4923
-11875
-4899
-12035
-4899
-12267
-4955
-12587
-4923
-12843
-4883
-13059
-4947
-13227
-4859
-13483
-4883
-13731
-4883
-14051
-4883
-14267
-4867
-14539
-4915
-14691
-4915
-14955
-4891
-15179
-4843
-15443
-4915
-15675
-4843
-15939
-4907
-16179
-4923
-16387
-4891
-16659
-4867
-16851
-4931
-17139
-4931
-17435
-4835
-17603
-4923
-17859
-4915
-18067
-4827
-18355
-4915
-18547
-4931
-18851
-5059
109
-5075
-127
-5083
-271
-5171
-499
-5127
-791
-5139
-1055
-5055
-1231
-5159
-1495
-5055
-1731
-5067
-1967
-5103
-2259
-5131
-2495
-5103
-2715
-5175
-2967
-5107
-3227
-5107
-3387
-5139
-3723
-5147
-3895
-5067
-4203
-5151
-4427
-5167
-4607
-5075
-4903
-5191
-5115
-5091
-5379
-5135
-5603
-5187
-5883
-5103
-6083
-5059
-6287
-5119
-6567
-5127
-6815
-5051
-7079
-5123
-7327
-5123
-7531
-5115
-7819
-5067
-8035
-5163
-8251
-5095
-8423
-5071
-8787
-5091
-8919
-5139
-9211
-5179
-9515
-5163
-9667
-5187
-9947
-5147
-10219
-5195
-10379
-5139
-10603
-5139
-10923
-5067
-11195
-5139
-11387
-5083
-11643
-5171
-11803
-5195
-12067
-5187
-12371
-5187
-12547
-5179
-12827
-5163
-13083
-5091
-13307
-5091
-13467
-5155
-13731
-5179
-14075
-5147
-14315
-5195
-14491
-5179
-14755
-5187
-14947
-5195
-15163
-5163
-15427
-5163
-15699
-5147
-15979
-5107
-16163
-5187
-16443
-5195
-16651
-5123
-16835
-5091
-17083
-5155
-17331
-5083
-17675
-5139
-17795
-5171
-18115
-5091
-18275
-5187
-18619
-5163
-18851
-5371
133
-5307
-99
-5411
-371
-5323
-499
-5363
-843
-5371
-1091
-5395
-1283
-5395
-1459
-5387
-1731
-5419
-2019
-5315
-2275
-5379
-2491
-5419
-2795
-5395
-2939
-5331
-3167
-5331
-3371
-5363
-3707
-5435
-3979
-5323
-4131
-5427
-4475
-5331
-4683
-5411
-4851
-5411
-5179
-5395
-5323
-5427
-5611
-5411
-5899
-5395
-6111
-5331
-6255
-5403
-6515
-5363
-6795
-5403
-7027
-5387
-7291
-5363
-7499
-5395
-7771
-5419
-8075
-5419
-8227
-5307
-8419
-5331
-8791
-5387
-8967
-5371
-9207
-5355
-9483
-5379
-9683
-5411
-9971
-5371
-10107
-5323
-10347
-5347
-10619
-5435
-10907
-5347
-11195
-5427
-11435
-5323
-11571
-5411
-11851
-5363
-12027
-5435
-12323
-5427
-12523
-5355
-12787
-5435
-13115
-5355
-13259
-5331
-13547
-5307
-13747
-5395
-13971
-5411
-14219
-5427
-14507
-5419
-14787
-5371
-14907
-5395
-15187
-5371
-15515
-5379
-15755
-5339
-15987
-5355
-16179
-5419
-16363
-5427
-16635
-5363
-16891
-5395
-17195
-5379
-17403
-5331
-17587
-5419
-17875
-5387
-18067
-5379
-18395
-5427
-18539
-5331
-18827
-5635
133
-5619
-51
-5635
-299
-5555
-539
-5627
-819
-5587
-1051
-5667
-1339
-5643
-1499
-5635
-1723
-5659
-1995
-5675
-2203
-5675
-2499
-5563
-2683
-5571
-2963
-5643
-3163
-5667
-3395
-5619
-3731
-5675
-3955
-5635
-4131
-5619
-4435
-5675
-4675
-5651
-4947
-5619
-5123
-5627
-5363
-5595
-5659
-5675
-5835
-5675
-6035
-5659
-6387
-5667
-6635
-5659
-6811
-5667
-7035
-5675
-7347
-5643
-7547
-5667
-7755
-5547
-8067
-5659
-8243
-5603
-8531
-5651
-8707
-5595
-8995
-5547
-9219
-5603
-9475
-5635
-9707
-5675
-9891
-5587
-10227
-5651
-10475
-5579
-10587
-5675
-10939
-5619
-11147
-5579
-11371
-5667
-11563
-5611
-11867
-5619
-12123
-5643
-12339
-5675
-12523
-5627
-12859
-5627
-13083
-5651
-13331
-5675
-13467
-5659
-13747
-5547
-14011
-5579
-14267
-5667
-14459
-5595
-14787
-5547
-14947
-5619
-15251
-5651
-15459
-5547
-15723
-5675
-15947
-5547
-16179
-5587
-16467
-5547
-16611
-5659
-16891
-5603
-17139
-5579
-17419
-5635
-17603
-5651
-17915
-5563
-18059
-5611
-18347
-5659
-18595
-5675
-18835
-5867
133
-5867
-139
-5811
-387
-5891
-595
-5907
-819
-5851
-1067
-5907
-1347
-5835
-1515
-5843
-1731
-5827
-1987
-5811
-2203
-5907
-2451
-5827
-2747
-5875
-3027
-5803
-3275
-5795
-3507
-5795
-3635
-5915
-3891
-5851
-4203
-5819
-4427
-5867
-4659
-5883
-4947
-5907
-5171
-5843
-5355
-5899
-5555
-5795
-5803
-5795
-6067
-5875
-6355
-5875
-6627
-5819
-6779
-5875
-7059
-5827
-7259
-5915
-7483
-5899
-7771
-5875
-8051
-5907
-8307
-5891
-8555
-5915
-8763
-5883
-8995
-5859
-9251
-5891
-9499
-5899
-9635
-5803
-9899
-5843
-10187
-5843
-10387
-5907
-10707
-5867
-10859
-5915
-11155
-5859
-11435
-5883
-11603
-5899
-11907
-5803
-12051
-5859
-12339
-5851
-12595
-5859
-12819
-5819
-13099
-5859
-13243
-5811
-13547
-5915
-13779
-5883
-13947
-5891
-14195
-5835
-14435
-5899
-14739
-5843
-14915
-5819
-15275
-5859
-15483
-5867
-15723
-5851
-15875
-5915
-16163
-5827
-16371
-5827
-16699
-5803
-16939
-5787
-17083
-5883
-17307
-5907
-17675
-5891
-17907
-5883
-18067
-5867
-18315
-5907
-18563
-5883
-18819
-6123
149
-6155
-59
-6067
-283
-6075
-523
-6131
-843
-6051
-1099
-6043
-1251
-6155
-1587
-6131
-1763
-6147
-2019
-6051
-2251
-6155
-2539
-6107
-2731
-6115
-2995
-6027
-3227
-6131
-3499
-6139
-3643
-6067
-3947
-6107
-4187
-6147
-4379
-6083
-4707
-6107
-4899
-6083
-5115
-6035
-5363
-6155
-5675
-6075
-5795
-6099
-6075
-6099
-6355
-6107
-6531
-6115
-6763
-6147
-7019
-6067
-7291
-6147
-7499
-6131
-7803
-6123
-8075
-6075
-8187
-6067
-8523
-6107
-8715
-6139
-8915
-6139
-9187
-6027
-9515
-6131
-9659
-6091
-9867
-6155
-10227
-6147
-10467
-6131
-10691
-6107
-10899
-6155
-11195
-6099
-11395
-6027
-11659
-6147
-11915
-6059
-12027
-6091
-12387
-6139
-12531
-6123
-12875
-6155
-13067
-6147
-13307
-6075
-13571
-6155
-13739
-6035
-13955
-6083
-14243
-6083
-14459
-6147
-14755
-6147
-14955
-6107
-15155
-6155
-15427
-6035
-15731
-6027
-15955
-6035
-16227
-6099
-16435
-6139
-16603
-6131
-16851
-6075
-17163
-6155
-17307
-6147
-17555
-6075
-17867
-6147
-18059
-6115
-18315
-6123
-18563
-6131
-18875
-6387
125
-6315
-155
-6355
-307
-6323
-579
-6347
-803
-6387
-1059
-6283
-1347
-6331
-1475
-6355
-1795
-6267
-2035
-6323
-2187
-6371
-2507
-6379
-2771
-6395
-2947
-6379
-3259
-6275
-3483
-6387
-3755
-6363
-3907
-6291
-4107
-6339
-4355
-6283
-4699
-6379
-4835
-6347
-5091
-6387
-5387
-6315
-5651
-6267
-5851
-6339
-6147
-6363
-6363
-6339
-6515
-6395
-6803
-6387
-7035
-6363
-7307
-6339
-7571
-6355
-7819
-6379
-8059
-6331
-8299
-6355
-8547
-6331
-8731
-6339
-9019
-6387
-9171
-6339
-9459
-6355
-9667
-6395
-9931
-6339
-10139
-6339
-10419
-6371
-10707
-6291
-10867
-6395
-11163
-6387
-11331
-6371
-11659
-6275
-11899
-6315
-12051
-6307
-12395
-6283
-12555
-6307
-12771
-6371
-13059
-6387
-13323
-6283
-13547
-6283
-13763
-6379
-14011
-6283
-14259
-6275
-14467
-6371
-14739
-6323
-14955
-6379
-15155
-6379
-15395
-6291
-15627
-6355
-15867
-6379
-16155
-6371
-16379
-6323
-16699
-6347
-16851
-6387
-17083
-6355
-17427
-6315
-17547
-6347
-17851
-6275
-18099
-6363
-18267
-6347
-18603
-6379
-18827
-6611
85
-6619
-35
-6587
-339
-6587
-627
-6579
-755
-6579
-1003
-6571
-1227
-6579
-1483
-6635
-1755
-6555
-2027
-6595
-2275
-6595
-2555
-6595
-2691
-6555
-3027
-6619
-3155
-6595
-3427
-6579
-3627
-6595
-3923
-6627
-4147
-6515
-4347
-6531
-4691
-6571
-4891
-6579
-5179
-6563
-5403
-6563
-5571
-6635
-5899
-6603
-6147
-6579
-6291
-6603
-6619
-6539
-6755
-6619
-7115
-6635
-7283
-6587
-7515
-6635
-7747
-6571
-8027
-6547
-8195
-6611
-8515
-6635
-8795
-6523
-8907
-6635
-9203
-6531
-9491
-6635
-9675
-6619
-9955
-6587
-10211
-6507
-10459
-6579
-10691
-6523
-10939
-6571
-11195
-6579
-11419
-6507
-11611
-6603
-11891
-6627
-12147
-6563
-12275
-6547
-12579
-6555
-12747
-6595
-13083
-6635
-13339
-6627
-13595
-6619
-13723
-6627
-14059
-6603
-14283
-6595
-14507
-6547
-14675
-6563
-14923
-6579
-15179
-6627
-15411
-6619
-15723
-6627
-15931
-6539
-16203
-6547
-16379
-6555
-16635
-6611
-16859
-6579
-17123
-6571
-17331
-6555
-17579
-6507
-17827
-6531
-18051
-6507
-18307
-6635
-18587
-6539
-18835
-6827
125
-6859
-27
-6875
-323
-6795
-571
-6819
-819
-6763
-1115
-6867
-1299
-6835
-1523
-6819
-1771
-6859
-1947
-6771
-2315
-6819
-2531
-6843
-2795
-6795
-2955
-6795
-3179
-6763
-3483
-6867
-3707
-6787
-3875
-6875
-4107
-6835
-4387
-6827
-4619
-6875
-4955
-6835
-5179
-6843
-5371
-6779
-5643
-6779
-5891
-6803
-6067
-6851
-6371
-6835
-6579
-6763
-6795
-6811
-7043
-6803
-7331
-6819
-7467
-6795
-7827
-6867
-8011
-6859
-8211
-6827
-8531
-6779
-8731
-6875
-9003
-6835
-9155
-6811
-9443
-6867
-9635
-6843
-9867
-6851
-10139
-6835
-10411
-6867
-10667
-6843
-10931
-6867
-11123
-6755
-11363
-6859
-11587
-6867
-11827
-6867
-12091
-6819
-12379
-6827
-12611
-6859
-12763
-6843
-13115
-6851
-13227
-6875
-13563
-6819
-13731
-6811
-14067
-6851
-14299
-6875
-14475
-6811
-14747
-6851
-14931
-6819
-15267
-6803
-15411
-6859
-15667
-6859
-15867
-6859
-16163
-6867
-16395
-6843
-16627
-6771
-16851
-6779
-17171
-6803
-17371
-6867
-17563
-6867
-17787
-6779
-18107
-6875
-18371
-6819
-18555
-6875
-18827
-6987
125
-7027
-147
-7091
-379
-7075
-531
-7115
-771
-6987
-1115
-7059
-1291
-7083
-1499
-7099
-1747
-7083
-1995
-7067
-2251
-7115
-2515
-7099
-2715
-7107
-2963
-7083
-3171
-7035
-3387
-7099
-3643
-7099
-3971
-7035
-4131
-7099
-4379
-7075
-4603
-7067
-4947
-7107
-5147
-7027
-5387
-7099
-5619
-7115
-5867
-7067
-6155
-7075
-6307
-7107
-6619
-7035
-6827
-7083
-6987
-7091
-7227
-7107
-7587
-7027
-7723
-7059
-7963
-7027
-8219
-7075
-8443
-7099
-8691
-7067
-8995
-7059
-9227
-7003
-9403
-7011
-9739
-7099
-9995
-7099
-10219
-6995
-10467
-7035
-10715
-7083
-10835
-7115
-11131
-7099
-11419
-7059
-11555
-7019
-11827
-7091
-12107
-7107
-12283
-7099
-12531
-7011
-12755
-7043
-13019
-7059
-13291
-7107
-13579
-7075
-13715
-7075
-13987
-7107
-14299
-7075
-14443
-7075
-14755
-7099
-15019
-7067
-15227
-7075
-15435
-7027
-15755
-6987
-15883
-7035
-16107
-7067
-16395
-7107
-16675
-7115
-16923
-7115
-17179
-7099
-17427
-6995
-17595
-7107
-17843
-7107
-18067
-7083
-18395
-7075
-18635
-7011
-18843
-7235
133
-7347
-91
-7299
-371
-7339
-515
-7347
-819
-7283
-1003
-7339
-1347
-7347
-1531
-7299
-1771
-7339
-2035
-7291
-2251
-7283
-2547
-7283
-2755
-7275
-2907
-7355
-3259
-7339
-3467
-7347
-3683
-7267
-3987
-7283
-4179
-7315
-4379
-7267
-4683
-7235
-4899
-7331
-5155
-7347
-5339
-7275
-5547
-7307
-5915
-7251
-6051
-7251
-6315
-7331
-6627
-7355
-6859
-7339
-7091
-7275
-7323
-7339
-7587
-7323
-7715
-7299
-8003
-7283
-8275
-7355
-8451
-7339
-8683
-7355
-9003
-7347
-9243
-7299
-9459
-7275
-9707
-7227
-9963
-7339
-10235
-7323
-10395
-7299
-10651
-7307
-10891
-7291
-11075
-7275
-11427
-7275
-11659
-7315
-11827
-7235
-12123
-7347
-12267
-7227
-12627
-7323
-12763
-7275
-13003
-7339
-13331
-7339
-13547
-7267
-13763
-7283
-13947
-7267
-14219
-7339
-14459
-7291
-14731
-7275
-14915
-7299
-15179
-7251
-15475
-7323
-15635
-7307
-15979
-7355
-16123
-7323
-16355
-7339
-16691
-7323
-16939
-7355
-17107
-7267
-17435
-7283
-17587
-7235
-17915
-7315
-18099
-7283
-18347
-7347
-18547
-7315
-18835
-7523
125
-7563
-147
-7547
-387
-7483
-507
-7491
-819
-7507
-987
-7563
-1251
-7515
-1579
-7595
-1819
-7555
-2035
-7475
-2195
-7587
-2539
-7587
-2675
-7595
-2947
-7499
-3171
-7547
-3483
-7523
-3739
-7555
-3891
-7587
-4147
-7531
-4347
-7579
-4643
-7467
-4915
-7483
-5123
-7547
-5395
-7483
-5619
-7467
-5867
-7595
-6067
-7571
-6323
-7539
-6587
-7587
-6867
-7587
-7107
-7475
-7235
-7507
-7595
-7563
-7819
-7563
-8043
-7531
-8307
-7547
-8491
-7579
-8699
-7587
-8995
-7515
-9243
-7571
-9483
-7579
-9675
-7563
-9971
-7499
-10131
-7547
-10379
-7587
-10683
-7491
-10939
-7579
-11067
-7555
-11411
-7507
-11659
-7555
-11835
-7499
-12043
-7547
-12363
-7539
-12523
-7539
-12859
-7595
-13115
-7555
-13259
-7595
-13515
-7595
-13795
-7595
-13971
-7587
-14291
-7571
-14555
-7539
-14699
-7587
-14971
-7523
-15243
-7579
-15387
-7499
-15643
-7571
-15939
-7587
-16163
-7563
-16459
-7555
-16707
-7595
-16875
-7571
-17123
-7507
-17427
-7571
-17547
-7523
-17843
-7483
-18115
-7539
-18307
-7507
-18563
-7483
-18827
-7731
149
-7747
-67
-7803
-283
-7835
-627
-7819
-819
-7795
-1019
-7819
-1315
-7819
-1555
-7795
-1747
-7715
-1979
-7803
-2283
-7835
-2507
-7747
-2699
-7827
-3003
-7795
-3275
-7779
-3491
-7827
-3755
-7747
-3979
-7747
-4235
-7827
-4411
-7819
-4691
-7755
-4907
-7795
-5091
-7795
-5419
-7779
-5619
-7755
-5827
-7747
-6035
-7819
-6291
-7747
-6635
-7803
-6851
-7779
-7003
-7715
-7355
-7779
-7579
-7835
-7819
-7755
-8059
-7731
-8187
-7731
-8475
-7835
-8755
-7747
-8995
-7787
-9147
-7787
-9515
-7827
-9723
-7723
-9939
-7835
-10219
-7763
-10395
-7811
-10619
-7827
-10931
-7803
-11179
-7803
-11323
-7811
-11635
-7755
-11883
-7755
-12075
-7771
-12283
-7747
-12571
-7811
-12851
-7795
-13043
-7723
-13243
-7747
-13579
-7827
-13707
-7795
-14011
-7739
-14203
-7811
-14475
-7763
-14779
-7707
-15003
-7835
-15203
-7731
-15459
-7819
-15683
-7803
-15883
-7755
-16171
-7803
-16443
-7795
-16683
-7795
-16859
-7723
-17179
-7747
-17323
-7811
-17611
-7739
-17851
-7763
-18123
-7723
-18355
-7739
-18531
-7779
-18811
-7971
85
-7971
-83
-8043
-323
-8003
-547
-8067
-747
-8051
-1075
-8027
-1243
-8067
-1547
-8075
-1811
-8075
-2059
-8019
-2299
-7971
-2531
-7971
-2739
-7979
-2987
-8019
-3235
-7971
-3411
-7995
-3683
-7955
-3963
-8059
-4227
-8019
-4419
-8011
-4619
-8051
-4891
-8075
-5131
-8059
-5379
-8075
-5659
-8059
-5827
-7979
-6155
-7987
-6363
-8019
-6595
-8051
-6859
-7995
-7011
-8059
-7267
-7947
-7547
-8067
-7795
-8075
-7987
-8051
-8187
-8027
-8475
-8035
-8723
-7995
-8963
-7995
-9211
-8075
-9483
-8059
-9747
-8043
-9883
-8027
-10211
-8035
-10467
-8003
-10651
-8019
-10891
-8051
-11171
-8075
-11427
-8003
-11571
-8019
-11883
-7979
-12123
-8059
-12363
-7971
-12611
-8067
-12827
-7947
-13067
-8019
-13291
-7987
-13523
-8051
-13803
-8035
-13987
-8059
-14299
-8051
-14443
-8035
-14795
-8027
-15003
-8003
-15259
-8075
-15459
-7947
-15699
-8043
-15931
-8075
-16123
-8003
-16467
-8019
-16675
-8011
-16883
-8003
-17091
-8043
-17435
-8043
-17619
-8027
-17819
-7987
-18139
-7963
-18395
-8035
-18603
-8027
-18843
-8315
149
-8259
-123
-8315
-299
-8259
-627
-8211
-851
-8259
-1051
-8267
-1275
-8315
-1491
-8267
-1803
-8219
-2067
-8315
-2243
-8307
-2507
-8315
-2683
-8235
-3035
-8299
-3171
-8259
-3507
-8315
-3723
-8219
-3971
-8315
-4203
-8187
-4403
-8243
-4587
-8291
-4947
-8243
-5115
-8235
-5387
-8315
-5627
-8283
-5819
-8307
-6147
-8315
-6347
-8267
-6531
-8251
-6843
-8259
-7003
-8307
-7227
-8283
-7483
-8211
-7723
-8219
-8059
-8187
-8267
-8227
-8555
-8243
-8739
-8267
-8915
-8291
-9219
-8235
-9507
-8291
-9659
-8291
-9963
-8307
-10211
-8187
-10411
-8283
-10595
-8299
-10907
-8307
-11179
-8315
-11339
-8315
-11571
-8203
-11811
-8267
-12027
-8227
-12379
-8307
-12523
-8315
-12771
-8315
-13027
-8307
-13251
-8291
-13515
-8299
-13835
-8251
-14067
-8275
-14291
-8187
-14435
-8275
-14667
-8307
-15003
-8315
-15171
-8203
-15387
-8299
-15699
-8299
-15899
-8307
-16139
-8259
-16371
-8283
-16691
-8227
-16923
-8211
-17171
-8299
-17307
-8211
-17595
-8291
-17843
-8275
-18131
-8315
-18355
-8203
-18547
-8251
-18843
-8483
117
-8507
-147
-8491
-331
-8499
-523
-8515
-843
-8523
-1027
-8523
-1331
-8555
-1467
-8539
-1787
-8451
-2027
-8515
-2299
-8499
-2427
-8539
-2667
-8443
-2931
-8515
-3275
-8555
-3507
-8531
-3723
-8507
-3963
-8515
-4131
-8475
-4347
-8451
-4587
-8483
-4899
-8523
-5075
-8443
-5363
-8515
-5587
-8459
-5811
-8547
-6027
-8515
-6307
-8459
-6635
-8523
-6851
-8483
-7115
-8491
-7267
-8555
-7579
-8507
-7715
-8443
-8027
-8515
-8291
-8507
-8531
-8523
-8755
-8483
-9019
-8523
-9267
-8515
-9491
-8531
-9715
-8467
-9915
-8451
-10131
-8539
-10347
-8499
-10627
-8515
-10923
-8467
-11155
-8427
-11347
-8467
-11643
-8547
-11875
-8475
-12107
-8523
-12283
-8443
-12547
-8443
-12843
-8507
-13099
-8507
-13251
-8523
-13587
-8491
-13763
-8451
-13987
-8467
-14299
-8555
-14443
-8427
-14795
-8491
-14907
-8523
-15171
-8555
-15475
-8491
-15747
-8499
-15923
-8475
-16235
-8555
-16411
-8507
-16707
-8507
-16923
-8547
-17179
-8451
-17435
-8531
-17643
-8547
-17827
-8451
-18083
-8459
-18267
-8507
-18547
-8435
-18859
-8771
109
-8731
-147
-8787
-387
-8795
-611
-8755
-747
-8755
-1099
-8795
-1307
-8779
-1475
-8723
-1811
-8731
-1987
-8739
-2203
-8739
-2547
-8739
-2707
-8683
-2971
-8795
-3195
-8683
-3451
-8779
-3643
-8675
-3971
-8787
-4123
-8771
-4363
-8723
-4683
-8795
-4827
-8747
-5083
-8787
-5387
-8779
-5555
-8667
-5819
-8779
-6139
-8771
-6283
-8739
-6563
-8779
-6827
-8683
-7035
-8779
-7235
-8675
-7587
-8691
-7787
-8747
-8051
-8763
-8195
-8787
-8499
-8771
-8763
-8771
-8947
-8755
-9179
-8723
-9467
-8787
-9731
-8707
-9979
-8787
-10147
-8779
-10467
-8707
-10667
-8795
-10875
-8795
-11131
-8739
-11315
-8691
-11595
-8787
-11883
-8699
-12059
-8747
-12291
-8787
-12611
-8771
-12859
-8699
-13027
-8731
-13299
-8675
-13587
-8715
-13747
-8795
-14019
-8755
-14227
-8699
-14483
-8731
-14763
-8747
-15019
-8755
-15275
-8707
-15443
-8795
-15683
-8723
-15955
-8699
-16235
-8723
-16427
-8787
-16699
-8699
-16827
-8723
-17107
-8715
-17323
-8707
-17643
-8795
-17907
-8707
-18131
-8739
-18387
-8739
-18635
-8675
-18859
-9019
125
-9019
-147
-8979
-347
-9035
-507
-8947
-819
-8947
-1035
-8923
-1291
-8963
-1523
-8939
-1811
-9035
-1995
-8947
-2259
-8915
-2451
-8995
-2683
-9019
-2963
-9027
-3259
-8915
-3451
-9035
-3627
-8995
-3987
-8923
-4115
-9019
-4411
-8963
-4643
-9035
-4907
-8971
-5115
-8995
-5347
-8971
-5563
-8979
-5843
-8939
-6075
-9011
-6379
-9003
-6619
-8971
-6787
-8939
-7003
-8987
-7235
-8947
-7475
-8939
-7771
-8979
-8027
-8995
-8283
-8963
-8555
-8971
-8723
-8995
-8987
-8987
-9179
-8995
-9515
-8987
-9723
-8971
-9931
-8971
-10107
-9019
-10403
-8979
-10619
-9019
-10939
-8939
-11083
-9035
-11347
-8955
-11651
-8963
-11907
-9019
-12131
-8987
-12267
-9027
-12579
-8979
-12771
-9035
-12995
-8995
-13267
-9027
-13491
-9019
-13803
-8971
-13955
-8995
-14243
-9011
-14523
-9019
-14715
-8971
-14907
-9003
-15179
-8915
-15459
-8995
-15635
-8963
-15963
-9035
-16219
-8971
-16451
-9027
-16643
-8907
-16859
-9003
-17091
-8971
-17371
-9003
-17547
-9027
-17827
-8995
-18075
-9035
-18371
-8987
-18595
-9011
-18867
-9179
109
-9267
-147
-9235
-275
-9275
-587
-9163
-835
-9275
-1099
-9147
-1307
-9227
-1563
-9163
-1795
-9227
-1987
-9251
-2235
-9219
-2515
-9203
-2763
-9235
-2915
-9147
-3243
-9219
-3411
-9243
-3707
-9235
-3939
-9267
-4235
-9251
-4451
-9187
-4707
-9259
-4899
-9187
-5115
-9267
-5379
-9275
-5603
-9163
-5899
-9179
-6051
-9227
-6267
-9259
-6603
-9147
-6771
-9203
-7107
-9195
-7339
-9243
-7467
-9267
-7755
-9195
-8051
-9171
-8275
-9227
-8491
-9155
-8699
-9243
-8915
-9251
-9211
-9211
-9403
-9259
-9667
-9243
-9923
-9147
-10187
-9227
-10371
-9243
-10699
-9235
-10939
-9267
-11123
-9227
-11387
-9243
-11659
-9259
-11787
-9267
-12067
-9235
-12283
-9259
-12547
-9251
-12835
-9203
-13099
-9163
-13275
-9243
-13475
-9147
-13795
-9203
-14051
-9187
-14243
-9275
-14427
-9267
-14771
-9275
-14939
-9267
-15147
-9267
-15403
-9187
-15667
-9187
-15931
-9147
-16131
-9251
-16419
-9267
-16659
-9195
-16891
-9163
-17083
-9155
-17339
-9147
-17611
-9227
-17883
-9243
-18115
-9155
-18299
-9219
-18579
-9243
-18851
-9491
149
-9483
-27
-9403
-339
-9443
-619
-9507
-851
-9499
-1091
-9491
-1267
-9491
-1547
-9499
-1747
-9403
-2059
-9403
-2299
-9507
-2451
-9443
-2691
-9419
-2923
-9515
-3243
-9419
-3395
-9467
-3707
-9491
-3979
-9491
-4235
-9467
-4419
-9387
-4659
-9491
-4907
-9507
-5187
-9515
-5427
-9475
-5619
-9467
-5899
-9475
-6115
-9499
-6291
-9451
-6627
-9491
-6859
-9475
-7019
-9475
-7307
-9443
-7579
-9435
-7811
-9387
-8075
-9507
-8299
-9435
-8499
-9419
-8731
-9467
-9011
-9467
-9267
-9491
-9467
-9475
-9739
-9475
-9915
-9467
-10107
-9483
-10427
-9411
-10587
-9451
-10915
-9499
-11107
-9475
-11403
-9491
-11579
-9475
-11819
-9475
-12083
-9443
-12283
-9467
-12627
-9443
-12811
-9451
-13035
-9395
-13251
-9499
-13571
-9459
-13747
-9499
-14051
-9411
-14195
-9427
-14531
-9499
-14795
-9443
-15027
-9491
-15243
-9475
-15491
-9411
-15627
-9435
-15939
-9507
-16211
-9451
-16355
-9435
-16643
-9499
-16891
-9435
-17067
-9419
-17323
-9491
-17651
-9499
-17883
-9507
-18131
-9507
-18363
-9443
-18555
-9403
-18875
-9707
141
-9643
-115
-9667
-347
-9731
-523
-9643
-827
-9691
-1115
-9715
-1323
-9747
-1483
-9683
-1771
-9627
-1947
-9731
-2235
-9651
-2539
-9691
-2691
-9683
-2923
-9707
-3227
-9747
-3395
-9715
-3731
-9699
-3899
-9739
-4163
-9755
-4371
-9699
-4587
-9667
-4915
-9659
-5147
-9747
-5435
-9691
-5579
-9691
-5859
-9707
-6067
-9707
-6291
-9699
-6579
-9651
-6811
-9659
-7011
-9755
-7243
-9675
-7595
-9739
-7779
-9691
-7995
-9755
-8283
-9755
-8491
-9683
-8747
-9715
-9019
-9643
-9235
-9635
-9475
-9707
-9691
-9651
-9875
-9667
-10235
-9723
-10355
-9699
-10675
-9635
-10955
-9651
-11091
-9659
-11315
-9731
-11603
-9635
-11819
-9707
-12115
-9731
-12395
-9683
-12539
-9731
-12851
-9723
-12995
-9707
-13251
-9739
-13491
-9715
-13723
-9651
-13947
-9699
-14299
-9635
-14483
-9667
-14779
-9627
-14923
-9747
-15179
-9731
-15483
-9707
-15755
-9707
-15987
-9723
-16131
-9707
-16371
-9747
-16683
-9643
-16859
-9667
-17067
-9683
-17395
-9747
-17659
-9659
-17859
-9707
-18107
-9747
-18315
-9683
-18507
-9667
-18827
-9907
125
-9915
-27
-9955
-371
-9987
-603
-9947
-755
-9923
-1099
-9915
-1251
-9883
-1507
-9867
-1811
-9939
-2043
-9979
-2299
-9939
-2515
-9995
-2667
-9995
-2923
-9899
-3187
-9891
-3403
-9907
-3707
-9971
-3915
-9915
-4123
-9875
-4371
-9923
-4691
-9947
-4827
-9971
-5075
-9939
-5331
-9931
-5619
-9947
-5803
-9939
-6051
-9931
-6387
-9899
-6547
-9883
-6819
-9931
-7083
-9995
-7307
-9923
-7491
-9907
-7763
-9955
-7995
-9987
-8307
-9923
-8443
-9907
-8771
-9899
-8915
-9987
-9251
-9995
-9475
-9891
-9635
-9963
-9955
-9963
-10147
-9971
-10371
-9987
-10635
-9931
-10939
-9875
-11067
-9963
-11347
-9995
-11563
-9915
-11819
-9883
-12035
-9971
-12267
-9883
-12571
-9963
-12803
-9883
-13011
-9947
-13315
-9923
-13587
-9899
-13779
-9915
-13955
-9979
-14307
-9979
-14499
-9963
-14739
-9979
-15027
-9923
-15171
-9987
-15411
-9979
-15635
-9939
-15947
-9923
-16227
-9923
-16443
-9939
-16627
-9971
-16955
-9891
-17107
-9867
-17379
-9971
-17611
-9979
-17907
-9947
-18083
-9947
-18307
-9987
-18507
-9963
-18819
-10123
149
-10227
-35
-10155
-267
-10147
-539
-10235
-867
-10211
-1107
-10171
-1355
-10235
-1563
-10227
-1819
-10107
-1963
-10163
-2259
-10163
-2459
-10219
-2787
-10163
-2939
-10171
-3147
-10123
-3387
-10147
-3643
-10131
-3971
-10203
-4147
-10203
-4371
-10211
-4675
-10211
-4939
-10203
-5099
-10131
-5387
-10147
-5659
-10203
-5843
-10187
-6083
-10227
-6283
-10155
-6531
-10123
-6867
-10107
-7035
-10195
-7259
-10211
-7563
-10195
-7739
-10219
-7979
-10187
-8315
-10227
-8547
-10227
-8691
-10203
-9011
-10211
-9163
-10227
-9395
-10211
-9675
-10123
-9891
-10211
-10211
-10179
-10355
-10179
-10603
-10131
-10939
-10203
-11179
-10195
-11387
-10227
-11563
-10219
-11891
-10123
-12067
-10163
-12371
-10155
-12507
-10219
-12827
-10187
-13099
-10203
-13291
-10211
-13587
-10195
-13803
-10131
-13971
-10227
-14307
-10195
-14515
-10115
-14707
-10187
-14931
-10195
-15259
-10147
-15483
-10227
-15747
-10211
-15947
-10171
-16203
-10211
-16363
-10219
-16619
-10227
-16907
-10163
-17171
-10227
-17419
-10203
-17571
-10171
-17827
-10195
-18051
-10147
-18339
-10139
-18611
-10115
-18859
-10427
117
-10459
-147
-10467
-363
-10411
-627
-10443
-755
-10411
-987
-10451
-1347
-10475
-1483
-10467
-1819
-10467
-2003
-10459
-2267
-10459
-2555
-10427
-2699
-10419
-3019
-10419
-3275
-10411
-3467
-10451
-3731
-10459
-3907
-10419
-4235
-10419
-4395
-10443
-4683
-10419
-4859
-10435
-5163
-10419
-5363
-10475
-5563
-10427
-5859
-10435
-6131
-10443
-6323
-10475
-6539
-10467
-6851
-10459
-7099
-10411
-7235
-10419
-7531
-10435
-7819
-10443
-8075
-10475
-8283
-10419
-8555
-10459
-8755
-10435
-8995
-10427
-9275
-10459
-9491
-10435
-9683
-10435
-9971
-10427
-10227
-10451
-10395
-10459
-10603
-10467
-10923
-10427
-11179
-10419
-11331
-10435
-11595
-10467
-11859
-10475
-12107
-10451
-12371
-10419
-12571
-10475
-12811
-10443
-13075
-10443
-13275
-10435
-13547
-10443
-13707
-10475
-13963
-10475
-14299
-10451
-14531
-10427
-14699
-10427
-14955
-10435
-15275
-10411
-15443
-10467
-15739
-10475
-15883
-10443
-16179
-10411
-16451
-10467
-16603
-10427
-16859
-10419
-17139
-10475
-17379
-10467
-17555
-10459
-17867
-10467
-18115
-10411
-18371
-10443
-18531
-10459
-18827
