109
480
288
-126
328
-283
269
-546
141
-765
934
-1013
361
-1297
280
-1532
226
-1745
163
-1970
326
-2173
139
-2489
139
-2739
191
-2957
401
-3157
179
-3437
305
-3657
149
-3975
161
-4101
395
-4411
175
-4657
109
-4871
117
-5175
117
-5323
85
-5639
133
-5867
93
-6075
85
-6307
85
-6539
149
-6759
101
-7023
109
-7231
149
-7531
85
-7771
85
-7987
101
-8255
109
-8443
109
-8727
109
-8947
109
-9227
109
-9499
125
-9699
109
-9939
125
-10171
149
-10387
133
-10699
117
-10891
117
-11067
93
-11387
101
-11595
109
-11819
93
-12107
149
-12275
109
-12611
149
-12843
109
-12995
141
-13299
149
-13491
101
-13827
101
-13987
85
-14299
149
-14427
141
-14771
101
-14987
101
-15187
133
-15443
93
-15683
109
-15995
125
-16131
117
-16459
109
-16707
101
-16891
85
-17091
125
-17379
141
-17595
85
-17867
85
-18083
101
-18363
149
-18587
149
-18859
-115
845
-121
-102
-105
-245
-25
-609
-63
-781
-93
-993
-103
-1236
-69
-1466
-18
-1818
-3
-2000
-116
-2255
-131
-2453
-63
-2677
-35
-2995
-3
-3227
-95
-3459
-75
-3735
-83
-3943
-69
-4171
-39
-4371
-141
-4699
-107
-4851
-79
-5123
-59
-5383
-123
-5575
-51
-5827
-107
-6099
-51
-6271
-135
-6587
-95
-6847
-103
-7031
-123
-7315
-47
-7531
-67
-7819
-55
-7999
-15
-8163
-155
-8515
-123
-8715
-127
-8991
5
-9163
-19
-9399
-99
-9755
-75
-9923
-131
-10203
-139
-10459
-75
-10675
-43
-10907
-115
-11115
-131
-11315
-139
-11619
-131
-11787
-83
-12131
-107
-12291
-35
-12627
-51
-12875
-139
-13019
-67
-13347
-51
-13491
-155
-13811
-67
-14003
-115
-14235
-155
-14435
-83
-14755
-139
-15035
-147
-15211
-99
-15491
-147
-15723
-99
-15987
-131
-16195
-155
-16475
-155
-16651
-67
-16955
-123
-17067
-123
-17379
-75
-17667
-147
-17795
-131
-18099
-139
-18363
-99
-18555
-51
-18827
-367
1483
-263
-36
-365
-273
-365
-554
-275
-828
-310
-1021
-336
-1290
-385
-1501
-297
-1753
-294
-1979
-279
-2281
-335
-2437
-341
-2739
-345
-2923
-271
-3151
-301
-3449
-255
-3619
-355
-3857
-379
-4079
-343
-4395
-265
-4571
-355
-4827
-291
-5063
-307
-5307
-287
-5587
-283
-5783
-247
-6091
-351
-6267
-379
-6547
-323
-6715
-375
-7095
-319
-7247
-307
-7575
-295
-7723
-355
-7947
-343
-8251
-387
-8463
-323
-8723
-331
-8939
-375
-9231
-323
-9439
-339
-9667
-347
-9923
-267
-10171
-267
-10403
-315
-10675
-291
-10875
-331
-11195
-275
-11331
-379
-11603
-387
-11915
-379
-12051
-291
-12291
-275
-12635
-363
-12747
-355
-13091
-323
-13347
-323
-13475
-339
-13731
-323
-14075
-267
-14227
-267
-14531
-355
-14739
-371
-15035
-363
-15227
-395
-15395
-379
-15755
-339
-15875
-379
-16107
-395
-16371
-307
-16675
-395
-16955
-379
-17067
-267
-17363
-347
-17587
-347
-17851
-379
-18075
-387
-18283
-387
-18595
-355
-18875
-603
266
-563
-121
-533
-329
-532
-534
-496
-843
-578
-1048
-623
-1217
-571
-1480
-607
-1806
-605
-1984
-529
-2147
-559
-2467
-555
-2667
-585
-2867
-511
-3237
-521
-3425
-555
-3685
-523
-3917
-477
-4137
-591
-4399
-603
-4615
-491
-4899
-611
-5047
-623
-5299
-619
-5655
-607
-5823
-619
-6027
-591
-6251
-539
-6571
-607
-6731
-503
-7011
-567
-7323
-555
-7459
-595
-7767
-591
-7947
-563
-8203
-563
-8547
-563
-8763
-519
-8963
-595
-9239
-599
-9483
-611
-9643
-547
-9875
-507
-10171
-579
-10459
-627
-10635
-611
-10891
-635
-11123
-579
-11419
-579
-11619
-619
-11827
-555
-12083
-627
-12307
-555
-12507
-611
-12787
-611
-13075
-571
-13339
-523
-13467
-539
-13787
-531
-14051
-579
-14307
-619
-14539
-619
-14683
-619
-14979
-539
-15195
-627
-15387
-547
-15683
-619
-15923
-531
-16235
-595
-16355
-619
-16691
-587
-16923
-563
-17107
-611
-17403
-587
-17659
-619
-17787
-619
-18123
-603
-18331
-611
-18595
-603
-18859
-855
1075
-739
-31
-837
-365
-737
-592
-829
-722
-823
-1017
-806
-1235
-831
-1570
-849
-1683
-853
-2055
-802
-2247
-735
-2521
-779
-2695
-843
-2959
-771
-3211
-825
-3467
-843
-3641
-809
-3919
-863
-4133
-865
-4409
-739
-4613
-823
-4867
-827
-5171
-871
-5379
-783
-5623
-731
-5799
-779
-6067
-867
-6311
-831
-6503
-835
-6839
-843
-7039
-819
-7227
-763
-7591
-819
-7783
-835
-7939
-855
-8207
-747
-8539
-767
-8755
-751
-8879
-803
-9251
-807
-9483
-843
-9755
-755
-9931
-827
-10139
-851
-10427
-835
-10611
-787
-10907
-851
-11179
-763
-11323
-851
-11547
-827
-11819
-851
-12147
-851
-12395
-851
-12603
-867
-12795
-803
-13083
-835
-13267
-755
-13587
-763
-13707
-851
-13947
-843
-14275
-787
-14539
-819
-14699
-755
-14971
-747
-15163
-851
-15427
-819
-15635
-819
-15971
-803
-16195
-835
-16363
-859
-16715
-819
-16931
-875
-17115
-795
-17371
-835
-17619
-827
-17795
-779
-18107
-851
-18395
-859
-18563
-843
-18827
-1059
1735
-1079
-69
-1030
-342
-1092
-490
-1061
-794
-1101
-1021
-990
-1226
-1101
-1557
-1022
-1809
-1059
-1966
-1034
-2209
-1067
-2433
-1087
-2683
-1067
-2915
-1097
-3123
-1019
-3399
-1047
-3695
-1015
-3939
-979
-4105
-1023
-4379
-1035
-4707
-975
-4915
-987
-5043
-1075
-5403
-1035
-5567
-1059
-5763
-995
-6139
-1059
-6291
-1079
-6571
-1067
-6831
-1095
-6987
-1107
-7235
-1039
-7491
-1003
-7763
-1099
-8031
-1059
-8263
-1027
-8479
-1039
-8687
-1027
-8979
-1107
-9195
-1011
-9459
-1003
-9627
-995
-9987
-1075
-10211
-1035
-10443
-1059
-10587
-1091
-10931
-995
-11107
-1115
-11379
-995
-11675
-995
-11803
-995
-12139
-1027
-12339
-1027
-12523
-995
-12771
-1115
-12987
-987
-13235
-987
-13515
-1027
-13723
-1059
-14027
-1011
-14251
-1035
-14499
-995
-14723
-1067
-15011
-1091
-15267
-1075
-15387
-1107
-15667
-995
-15907
-1107
-16163
-1107
-16379
-1003
-16643
-995
-16859
-1067
-17163
-1083
-17419
-1083
-17579
-1067
-17891
-1067
-18083
-1035
-18323
-1027
-18619
-1027
-18843
-1331
1499
-1276
-2
-1327
-346
-1329
-555
-1235
-765
-1251
-973
-1248
-1311
-1271
-1513
-1339
-1820
-1233
-2009
-1260
-2175
-1207
-2523
-1305
-2707
-1255
-2907
-1317
-3171
-1333
-3487
-1237
-3635
-1303
-3955
-1215
-4125
-1321
-4421
-1297
-4641
-1243
-4831
-1319
-5083
-1247
-5399
-1299
-5635
-1331
-5787
-1311
-6043
-1267
-6243
-1279
-6511
-1303
-6835
-1299
-7019
-1299
-7239
-1311
-7567
-1299
-7719
-1299
-7955
-1347
-8175
-1327
-8407
-1275
-8755
-1231
-9031
-1247
-9255
-1347
-9391
-1227
-9627
-1315
-9939
-1299
-10187
-1315
-10387
-1299
-10627
-1227
-10907
-1283
-11115
-1227
-11323
-1331
-11571
-1315
-11907
-1331
-12035
-1323
-12371
-1307
-12571
-1251
-12763
-1315
-13067
-1315
-13243
-1243
-13475
-1315
-13795
-1259
-14019
-1307
-14315
-1307
-14523
-1243
-14739
-1227
-14979
-1267
-15251
-1347
-15387
-1331
-15627
-1299
-15883
-1315
-16155
-1315
-16419
-1283
-16699
-1315
-16947
-1331
-17131
-1283
-17411
-1299
-17547
-1227
-17835
-1355
-18139
-1267
-18315
-1299
-18531
-1315
-18843
-1575
257
-1555
-69
-1453
-313
-1569
-541
-1561
-821
-1533
-1113
-1595
-1267
-1559
-1485
-1545
-1825
-1555
-1959
-1497
-2227
-1511
-2527
-1563
-2719
-1515
-2949
-1559
-3219
-1497
-3431
-1499
-3643
-1545
-3855
-1471
-4195
-1511
-4419
-1557
-4659
-1567
-4891
-1563
-5143
-1519
-5403
-1487
-5535
-1475
-5883
-1463
-6023
-1471
-6263
-1531
-6531
-1571
-6851
-1483
-7011
-1575
-7307
-1527
-7451
-1535
-7675
-1507
-7995
-1551
-8163
-1571
-8475
-1543
-8755
-1579
-8963
-1559
-9215
-1475
-9483
-1491
-9643
-1563
-9899
-1523
-10139
-1579
-10475
-1595
-10659
-1563
-10947
-1563
-11171
-1507
-11363
-1507
-11627
-1571
-11843
-1523
-12115
-1555
-12371
-1507
-12539
-1579
-12747
-1475
-13107
-1547
-13267
-1555
-13579
-1523
-13811
-1555
-13979
-1571
-14251
-1571
-14539
-1539
-14715
-1555
-14963
-1595
-15179
-1491
-15491
-1547
-15707
-1587
-15947
-1507
-16147
-1507
-16459
-1547
-16595
-1595
-16923
-1523
-17107
-1491
-17371
-1491
-17595
-1579
-17851
-1547
-18051
-1587
-18331
-1595
-18563
-1475
-18835
-1795
249
-1823
-55
-1811
-279
-1761
-537
-1769
-709
-1771
-979
-1729
-1221
-1717
-1559
-1765
-1713
-1763
-1997
-1755
-2287
-1745
-2507
-1687
-2697
-1735
-2929
-1795
-3239
-1815
-3427
-1811
-3735
-1767
-3943
-1679
-4145
-1799
-4355
-1783
-4711
-1803
-4903
-1795
-5119
-1751
-5311
-1791
-5611
-1711
-5875
-1803
-6027
-1787
-6331
-1799
-6535
-1719
-6767
-1767
-7115
-1799
-7271
-1835
-7555
-1743
-7707
-1759
-7955
-1779
-8279
-1791
-8523
-1827
-8707
-1811
-8975
-1751
-9163
-1787
-9375
-1819
-9635
-1827
-9923
-1779
-10147
-1827
-10363
-1731
-10611
-1707
-10851
-1819
-11115
-1827
-11307
-1819
-11571
-1747
-11803
-1779
-12123
-1715
-12331
-1723
-12611
-1763
-12811
-1755
-13043
-1803
-13259
-1819
-13563
-1747
-13795
-1731
-14043
-1723
-14243
-1811
-14467
-1787
-14731
-1731
-14923
-1819
-15235
-1755
-15515
-1739
-15755
-1763
-15867
-1827
-16155
-1795
-16387
-1827
-16715
-1819
-16931
-1715
-17195
-1835
-17387
-1787
-17595
-1819
-17851
-1771
-18027
-1755
-18339
-1779
-18539
-1707
-18827
-1991
1447
-1989
-105
-2039
-353
-2007
-571
-2061
-787
-1997
-1023
-2027
-1195
-2033
-1555
-1967
-1695
-1997
-1957
-1993
-2277
-2021
-2423
-2035
-2635
-1975
-2979
-2051
-3251
-2073
-3385
-2005
-3649
-2051
-3871
-1951
-4137
-1969
-4311
-2041
-4681
-2015
-4847
-1991
-5059
-2003
-5299
-2039
-5563
-1987
-5791
-2035
-6023
-1983
-6287
-2011
-6563
-2055
-6763
-1959
-7007
-2039
-7271
-1927
-7487
-2011
-7811
-1983
-7939
-1947
-8219
-2051
-8515
-1971
-8711
-1975
-8959
-1959
-9151
-2051
-9371
-2051
-9691
-1955
-9931
-2051
-10155
-1987
-10403
-1979
-10587
-2027
-10867
-2011
-11099
-2067
-11323
-2059
-11635
-1971
-11827
-2043
-12043
-2043
-12395
-2043
-12579
-2043
-12835
-2019
-13019
-1995
-13275
-1971
-13467
-2067
-13707
-1987
-14003
-2035
-14235
-1987
-14459
-1987
-14691
-1979
-14915
-1987
-15179
-2003
-15491
-2011
-15715
-2003
-15907
-2075
-16163
-2011
-16347
-1971
-16611
-2067
-16955
-2051
-17171
-2075
-17323
-1955
-17595
-2067
-17835
-1955
-18083
-2075
-18275
-2019
-18555
-1947
-18875
-2251
143
-2287
-7
-2219
-339
-2183
-579
-2299
-743
-2209
-987
-2159
-1283
-2275
-1551
-2219
-1683
-2287
-1979
-2221
-2187
-2177
-2499
-2249
-2767
-2227
-2875
-2265
-3187
-2253
-3499
-2287
-3691
-2243
-3851
-2255
-4083
-2237
-4463
-2211
-4651
-2227
-4903
-2259
-5163
-2251
-5403
-2243
-5519
-2283
-5795
-2255
-6035
-2295
-6367
-2231
-6603
-2179
-6803
-2211
-7035
-2247
-7299
-2219
-7479
-2291
-7831
-2311
-8007
-2231
-8223
-2295
-8411
-2251
-8635
-2195
-8979
-2311
-9183
-2259
-9471
-2211
-9755
-2299
-9971
-2203
-10195
-2299
-10403
-2283
-10603
-2259
-10827
-2243
-11155
-2251
-11395
-2299
-11635
-2275
-11811
-2283
-12043
-2235
-12323
-2283
-12555
-2267
-12747
-2307
-13067
-2243
-13275
-2259
-13579
-2227
-13715
-2243
-13955
-2243
-14291
-2315
-14507
-2219
-14699
-2243
-14907
-2187
-15195
-2243
-15395
-2315
-15659
-2243
-15899
-2315
-16163
-2299
-16467
-2299
-16611
-2267
-16915
-2275
-17099
-2259
-17355
-2259
-17611
-2251
-17891
-2267
-18043
-2291
-18315
-2195
-18515
-2275
-18851
-2551
265
-2527
-111
-2489
-283
-2505
-573
-2413
-753
-2483
-1023
-2501
-1193
-2531
-1499
-2477
-1739
-2521
-2007
-2535
-2227
-2527
-2499
-2529
-2695
-2551
-2961
-2539
-3201
-2459
-3427
-2497
-3739
-2487
-3961
-2439
-4175
-2485
-4379
-2469
-4607
-2507
-4891
-2455
-5123
-2451
-5359
-2475
-5623
-2523
-5883
-2511
-6035
-2519
-6283
-2531
-6543
-2443
-6815
-2507
-6995
-2543
-7239
-2491
-7527
-2483
-7831
-2471
-8035
-2531
-8223
-2487
-8531
-2487
-8691
-2451
-8907
-2431
-9187
-2463
-9367
-2515
-9755
-2523
-9995
-2499
-10187
-2491
-10363
-2475
-10587
-2499
-10827
-2539
-11099
-2491
-11331
-2459
-11643
-2483
-11883
-2531
-12051
-2483
-12267
-2555
-12523
-2467
-12827
-2523
-13099
-2443
-13275
-2451
-13491
-2435
-13763
-2555
-14035
-2555
-14267
-2539
-14475
-2507
-14747
-2515
-15027
-2555
-15163
-2531
-15403
-2435
-15715
-2523
-15939
-2499
-16195
-2499
-16363
-2555
-16651
-2539
-16843
-2531
-17123
-2539
-17387
-2515
-17659
-2523
-17883
-2523
-18075
-2555
-18395
-2499
-18635
-2507
-18843
-2687
421
-2691
-83
-2687
-299
-2643
-515
-2723
-787
-2707
-1055
-2707
-1263
-2691
-1451
-2735
-1747
-2767
-1947
-2755
-2275
-2779
-2543
-2699
-2663
-2719
-2971
-2675
-3235
-2787
-3443
-2775
-3651
-2751
-3923
-2731
-4135
-2731
-4475
-2771
-4603
-2767
-4815
-2747
-5143
-2743
-5351
-2775
-5619
-2735
-5803
-2755
-6007
-2703
-6263
-2771
-6579
-2695
-6799
-2759
-7051
-2775
-7243
-2691
-7491
-2763
-7811
-2723
-7975
-2751
-8283
-2683
-8475
-2739
-8695
-2727
-9031
-2671
-9183
-2795
-9467
-2739
-9643
-2771
-9971
-2771
-10139
-2691
-10459
-2787
-10683
-2779
-10915
-2771
-11075
-2707
-11331
-2707
-11643
-2755
-11899
-2787
-12139
-2691
-12395
-2739
-12539
-2787
-12851
-2723
-13011
-2795
-13339
-2731
-13555
-2755
-13795
-2763
-14003
-2707
-14203
-2715
-14523
-2779
-14763
-2787
-14907
-2739
-15171
-2795
-15475
-2795
-15739
-2691
-15931
-2787
-16155
-2787
-16411
-2723
-16627
-2699
-16891
-2707
-17083
-2771
-17331
-2771
-17555
-2707
-17787
-2707
-18075
-2763
-18347
-2771
-18635
-2699
-18827
-2975
125
-2983
-99
-2995
-383
-2963
-559
-2939
-779
-2927
-1059
-3027
-1235
-3023
-1491
-2959
-1835
-3011
-1971
-2959
-2207
-2907
-2427
-2923
-2755
-2931
-2979
-2907
-3167
-2963
-3391
-3011
-3711
-2915
-3983
-3011
-4135
-2903
-4371
-3035
-4715
-2919
-4915
-3019
-5187
-2971
-5283
-3023
-5551
-3003
-5795
-3007
-6147
-2979
-6351
-2995
-6503
-2951
-6811
-2947
-7087
-2995
-7319
-3015
-7563
-2955
-7755
-2927
-8043
-2991
-8203
-3011
-8427
-2899
-8711
-2923
-8999
-2975
-9187
-3003
-9415
-2947
-9651
-2995
-9883
-3011
-10219
-3011
-10347
-3019
-10707
-3035
-10899
-2907
-11171
-3019
-11331
-2947
-11619
-2923
-11803
-3035
-12147
-2915
-12291
-3011
-12531
-2907
-12867
-3019
-13059
-2979
-13307
-3003
-13555
-3035
-13787
-2955
-13963
-2995
-14251
-2923
-14451
-2947
-14731
-2931
-14979
-2995
-15171
-3035
-15411
-3035
-15627
-3035
-15867
-2923
-16131
-2963
-16443
-2947
-16659
-2979
-16843
-2995
-17075
-3019
-17339
-3027
-17587
-3011
-17795
-3011
-18131
-3027
-18315
-2979
-18619
-2987
-18835
-3239
109
-3171
-99
-3255
-335
-3227
-591
-3207
-715
-3147
-1035
-3235
-1231
-3139
-1507
-3119
-1807
-3263
-2027
-3155
-2179
-3271
-2435
-3239
-2703
-3139
-2951
-3147
-3123
-3171
-3463
-3195
-3675
-3259
-3891
-3215
-4103
-3159
-4351
-3167
-4575
-3235
-4855
-3227
-5127
-3167
-5295
-3151
-5587
-3163
-5851
-3195
-6135
-3151
-6359
-3167
-6575
-3191
-6747
-3171
-6991
-3255
-7219
-3167
-7451
-3239
-7791
-3243
-7991
-3227
-8235
-3195
-8495
-3247
-8723
-3195
-8923
-3191
-9187
-3239
-9507
-3267
-9707
-3211
-9963
-3227
-10107
-3171
-10427
-3275
-10587
-3227
-10955
-3203
-11091
-3243
-11355
-3235
-11611
-3235
-11851
-3251
-12051
-3267
-12299
-3235
-12635
-3147
-12787
-3243
-13027
-3219
-13243
-3251
-13571
-3227
-13715
-3171
-14011
-3147
-14243
-3171
-14491
-3203
-14723
-3195
-14979
-3243
-15187
-3171
-15451
-3203
-15683
-3235
-15987
-3227
-16211
-3171
-16387
-3147
-16659
-3227
-16907
-3219
-17075
-3187
-17427
-3195
-17635
-3235
-17827
-3251
-18155
-3267
-18283
-3275
-18603
-3275
-18867
-3475
149
-3507
-119
-3495
-303
-3491
-627
-3479
-735
-3427
-1075
-3491
-1319
-3467
-1491
-3383
-1787
-3423
-1983
-3383
-2215
-3491
-2523
-3427
-2779
-3463
-2935
-3487
-3143
-3471
-3451
-3383
-3675
-3423
-3867
-3427
-4167
-3443
-4395
-3475
-4575
-3367
-4851
-3443
-5115
-3459
-5275
-3483
-5587
-3395
-5879
-3479
-6119
-3459
-6303
-3459
-6627
-3471
-6771
-3427
-6991
-3467
-7275
-3455
-7591
-3403
-7707
-3499
-8035
-3475
-8203
-3367
-8539
-3455
-8791
-3391
-8967
-3499
-9203
-3495
-9407
-3427
-9723
-3395
-9995
-3491
-10115
-3499
-10459
-3443
-10635
-3483
-10883
-3475
-11099
-3395
-11339
-3467
-11675
-3435
-11899
-3403
-12139
-3419
-12315
-3507
-12531
-3395
-12771
-3499
-13115
-3491
-13307
-3459
-13587
-3387
-13707
-3507
-14059
-3491
-14243
-3475
-14539
-3483
-14779
-3507
-15035
-3499
-15179
-3451
-15491
-3491
-15723
-3483
-15923
-3427
-16179
-3491
-16347
-3435
-16683
-3507
-16843
-3435
-17107
-3411
-17347
-3475
-17659
-3459
-17803
-3427
-18131
-3499
-18307
-3419
-18579
-3387
-18835
-3723
125
-3715
-27
-3623
-295
-3707
-523
-3651
-787
-3727
-999
-3687
-1299
-3719
-1547
-3739
-1723
-3731
-2031
-3619
-2283
-3651
-2439
-3639
-2795
-3627
-3019
-3747
-3179
-3639
-3391
-3635
-3707
-3731
-3835
-3723
-4179
-3735
-4423
-3723
-4659
-3695
-4867
-3739
-5151
-3719
-5307
-3719
-5523
-3715
-5859
-3699
-6035
-3743
-6235
-3731
-6559
-3715
-6831
-3627
-7087
-3711
-7263
-3631
-7499
-3739
-7787
-3675
-7987
-3699
-8179
-3699
-8463
-3703
-8719
-3695
-9023
-3751
-9163
-3603
-9491
-3699
-9667
-3715
-9987
-3731
-10187
-3691
-10419
-3723
-10667
-3723
-10851
-3683
-11099
-3731
-11363
-3643
-11667
-3739
-11795
-3691
-12123
-3715
-12395
-3683
-12555
-3723
-12747
-3731
-13051
-3683
-13331
-3747
-13539
-3747
-13755
-3707
-14019
-3723
-14211
-3723
-14459
-3635
-14715
-3691
-14979
-3755
-15163
-3747
-15507
-3667
-15683
-3747
-15971
-3667
-16227
-3747
-16355
-3747
-16627
-3635
-16875
-3747
-17099
-3707
-17371
-3715
-17667
-3731
-17875
-3635
-18035
-3635
-18371
-3651
-18603
-3707
-18859
-3971
133
-3927
-43
-3955
-355
-3979
-607
-3915
-803
-3951
-1039
-3883
-1279
-3967
-1555
-3967
-1767
-3959
-2051
-3871
-2291
-3935
-2495
-3915
-2747
-3843
-3003
-3979
-3199
-3891
-3451
-3955
-3691
-3927
-3875
-3955
-4179
-3939
-4355
-3899
-4579
-3943
-4855
-3919
-5135
-3963
-5411
-3855
-5619
-3875
-5887
-3959
-6087
-3943
-6367
-3883
-6607
-3939
-6795
-3951
-7027
-3863
-7323
-3923
-7575
-3959
-7727
-3883
-7943
-3947
-8203
-3939
-8463
-3907
-8763
-3987
-8967
-3927
-9179
-3915
-9515
-3979
-9715
-3907
-9971
-3995
-10123
-3971
-10379
-3883
-10651
-3995
-10859
-3955
-11179
-3971
-11419
-3979
-11651
-3963
-11859
-3971
-12099
-3987
-12339
-3923
-12523
-3955
-12875
-3875
-13091
-3931
-13251
-3971
-13467
-3979
-13715
-3987
-14035
-3923
-14243
-3955
-14531
-3987
-14723
-3923
-14979
-3923
-15179
-3971
-15427
-3995
-15691
-3939
-15939
-3923
-16179
-3947
-16411
-3939
-16707
-3875
-16915
-3979
-17099
-3987
-17379
-3947
-17667
-3891
-17787
-3939
-18051
-3979
-18363
-3955
-18507
-3899
-18827
-4143
101
-4219
-59
-4127
-367
-4139
-595
-4143
-855
-4167
-1063
-4211
-1351
-4139
-1519
-4091
-1751
-4107
-1971
-4231
-2279
-4115
-2483
-4167
-2743
-4183
-2991
-4219
-3191
-4107
-3403
-4147
-3715
-4151
-3907
-4091
-4195
-4155
-4407
-4127
-4631
-4219
-4919
-4135
-5171
-4199
-5391
-4211
-5531
-4171
-5783
-4139
-6115
-4195
-6275
-4199
-6503
-4111
-6835
-4223
-7035
-4199
-7243
-4163
-7467
-4195
-7703
-4091
-8003
-4147
-8227
-4111
-8487
-4215
-8763
-4175
-8983
-4171
-9147
-4171
-9507
-4171
-9635
-4227
-9979
-4179
-10163
-4123
-10475
-4139
-10683
-4171
-10867
-4179
-11083
-4219
-11331
-4107
-11659
-4139
-11803
-4179
-12059
-4227
-12291
-4187
-12547
-4227
-12859
-4187
-12995
-4211
-13251
-4203
-13595
-4187
-13795
-4235
-14075
-4227
-14187
-4187
-14539
-4131
-14667
-4179
-14971
-4123
-15275
-4179
-15459
-4227
-15643
-4227
-15907
-4155
-16139
-4115
-16467
-4139
-16587
-4147
-16827
-4187
-17195
-4115
-17435
-4219
-17667
-4163
-17899
-4211
-18107
-4203
-18379
-4203
-18619
-4115
-18811
-4339
93
-4395
-123
-4399
-367
-4447
-587
-4403
-851
-4463
-1091
-4347
-1255
-4375
-1515
-4443
-1811
-4459
-2059
-4315
-2251
-4367
-2435
-4351
-2715
-4355
-2907
-4431
-3215
-4335
-3419
-4347
-3659
-4383
-3867
-4355
-4211
-4455
-4459
-4387
-4647
-4367
-4819
-4443
-5187
-4391
-5379
-4427
-5551
-4451
-5815
-4447
-6075
-4411
-6331
-4475
-6527
-4415
-6719
-4439
-7015
-4439
-7291
-4387
-7451
-4363
-7783
-4399
-7963
-4383
-8195
-4439
-8531
-4391
-8711
-4403
-8951
-4355
-9239
-4439
-9515
-4451
-9747
-4363
-9971
-4451
-10227
-4395
-10475
-4355
-10683
-4459
-10915
-4403
-11195
-4443
-11363
-4459
-11555
-4435
-11803
-4459
-12115
-4443
-12283
-4451
-12531
-4379
-12803
-4427
-13019
-4347
-13299
-4419
-13539
-4347
-13707
-4387
-14075
-4395
-14203
-4451
-14523
-4475
-14707
-4475
-14987
-4363
-15187
-4467
-15427
-4379
-15707
-4411
-15931
-4355
-16179
-4403
-16355
-4427
-16595
-4435
-16835
-4347
-17147
-4459
-17347
-4467
-17555
-4411
-17915
-4347
-18147
-4371
-18291
-4435
-18571
-4403
-18875
-4611
117
-4699
-75
-4687
-379
-4667
-551
-4703
-719
-4647
-1019
-4619
-1251
-4607
-1487
-4683
-1755
-4675
-2003
-4643
-2251
-4691
-2423
-4655
-2679
-4579
-3007
-4651
-3219
-4655
-3495
-4671
-3719
-4631
-3911
-4707
-4147
-4667
-4447
-4595
-4635
-4667
-4943
-4695
-5043
-4571
-5315
-4639
-5555
-4635
-5839
-4707
-6043
-4683
-6291
-4683
-6523
-4623
-6803
-4575
-7091
-4591
-7295
-4647
-7511
-4651
-7759
-4691
-7975
-4707
-8171
-4595
-8471
-4675
-8767
-4595
-8935
-4703
-9267
-4667
-9371
-4659
-9747
-4619
-9899
-4707
-10139
-4707
-10395
-4643
-10707
-4707
-10883
-4691
-11163
-4715
-11435
-4651
-11595
-4715
-11899
-4715
-12107
-4707
-12267
-4691
-12579
-4659
-12875
-4683
-13051
-4675
-13355
-4611
-13507
-4619
-13803
-4683
-13971
-4675
-14283
-4659
-14531
-4643
-14667
-4707
-14971
-4595
-15147
-4707
-15387
-4619
-15635
-4619
-15939
-4715
-16211
-4659
-16371
-4619
-16635
-4707
-16875
-4699
-17155
-4659
-17347
-4699
-17627
-4699
-17811
-4715
-18147
-4595
-18307
-4651
-18515
-4707
-18827
-4891
109
-4867
-43
-4931
-291
-4903
-535
-4855
-763
-4903
-1019
-4915
-1211
-4843
-1459
-4955
-1707
-4915
-2011
-4883
-2227
-4907
-2483
-4863
-2719
-4891
-2991
-4911
-3199
-4883
-3467
-4847
-3659
-4863
-3931
-4907
-4095
-4931
-4431
-4943
-4555
-4863
-4927
-4891
-5171
-4943
-5335
-4919
-5587
-4947
-5799
-4935
-6135
-4923
-6347
-4915
-6527
-4907
-6843
-4863
-7019
-4843
-7235
-4895
-7499
-4919
-7803
-4895
-7963
-4911
-8231
-4875
-8495
-4931
-8747
-4911
-8935
-4839
-9247
-4827
-9403
-4915
-9731
-4907
-9899
-4923
-10171
-4955
-10467
-4923
-10707
-4931
-10867
-4955
-11107
-4931
-11307
-4907
-11627
-4875
-11915
-4859
-12115
-4931
-12283
-4843
-12587
-4867
-12827
-4883
-13059
-4947
-13227
-4859
-13483
-4883
-13731
-4947
-13979
-4835
-14259
-4915
-14547
-4931
-14691
-4915
-14955
-4883
-15163
-4875
-15459
-4851
-15675
-4915
-15947
-4907
-16179
-4875
-16427
-4883
-16699
-4867
-16955
-4955
-17075
-4947
-17379
-4835
-17603
-4923
-17859
-4915
-18067
-4939
-18267
-4843
-18579
-4835
-18859
-5059
109
-5075
-127
-5083
-271
-5171
-499
-5127
-791
-5139
-1055
-5055
-1231
-5171
-1483
-5055
-1731
-5075
-1967
-5091
-2235
-5123
-2435
-5119
-2703
-5171
-2963
-5139
-3247
-5111
-3387
-5143
-3755
-5119
-3887
-5059
-4215
-5179
-4431
-5187
-4611
-5043
-4903
-5183
-5059
-5083
-5311
-5135
-5595
-5187
-5875
-5083
-6091
-5047
-6311
-5091
-6575
-5151
-6827
-5099
-7011
-5159
-7219
-5171
-7575
-5179
-7787
-5083
-7963
-5167
-8247
-5159
-8459
-5087
-8711
-5131
-8959
-5115
-9199
-5107
-9443
-5115
-9739
-5139
-9923
-5187
-10115
-5147
-10475
-5171
-10667
-5179
-10915
-5171
-11067
-5107
-11379
-5091
-11603
-5171
-11915
-5123
-12035
-5091
-12283
-5187
-12595
-5171
-12851
-5163
-13083
-5075
-13331
-5091
-13467
-5155
-13731
-5179
-14075
-5083
-14219
-5171
-14547
-5147
-14755
-5171
-15003
-5179
-15259
-5107
-15443
-5147
-15643
-5123
-15995
-5107
-16163
-5067
-16403
-5099
-16651
-5107
-16867
-5123
-17107
-5155
-17331
-5083
-17675
-5139
-17795
-5171
-18115
-5091
-18371
-5067
-18587
-5195
-18875
-5371
133
-5307
-99
-5411
-371
-5323
-499
-5363
-843
-5371
-1091
-5395
-1283
-5395
-1455
-5387
-1731
-5419
-2019
-5363
-2227
-5307
-2443
-5419
-2795
-5395
-2943
-5331
-3167
-5331
-3379
-5363
-3695
-5435
-3979
-5323
-4155
-5427
-4475
-5331
-4675
-5395
-4911
-5347
-5091
-5435
-5387
-5427
-5611
-5411
-5899
-5395
-6107
-5331
-6251
-5403
-6587
-5403
-6755
-5347
-6967
-5411
-7291
-5379
-7475
-5411
-7827
-5411
-7955
-5347
-8279
-5307
-8423
-5307
-8727
-5339
-8987
-5435
-9243
-5435
-9435
-5395
-9715
-5435
-9995
-5379
-10131
-5427
-10403
-5403
-10659
-5411
-10955
-5411
-11187
-5395
-11331
-5427
-11547
-5411
-11835
-5379
-12027
-5379
-12387
-5395
-12635
-5331
-12835
-5323
-13035
-5419
-13291
-5331
-13547
-5315
-13707
-5347
-14019
-5387
-14267
-5323
-14547
-5379
-14747
-5371
-14907
-5379
-15219
-5371
-15515
-5419
-15747
-5427
-15987
-5331
-16179
-5379
-16403
-5411
-16603
-5419
-16883
-5395
-17195
-5379
-17403
-5331
-17587
-5419
-17875
-5323
-18155
-5419
-18283
-5427
-18539
-5331
-18827
-5635
133
-5619
-51
-5635
-299
-5603
-547
-5603
-859
-5587
-1051
-5667
-1339
-5643
-1499
-5667
-1731
-5595
-2067
-5651
-2315
-5675
-2499
-5563
-2683
-5571
-2963
-5643
-3163
-5667
-3395
-5619
-3731
-5675
-3955
-5635
-4131
-5619
-4435
-5675
-4675
-5651
-4947
-5595
-5195
-5627
-5363
-5595
-5659
-5675
-5835
-5675
-6035
-5659
-6387
-5587
-6579
-5603
-6843
-5611
-7003
-5627
-7339
-5603
-7539
-5659
-7771
-5579
-8019
-5643
-8195
-5611
-8547
-5555
-8707
-5595
-8955
-5627
-9171
-5595
-9507
-5675
-9635
-5643
-9931
-5579
-10171
-5635
-10379
-5571
-10707
-5651
-10827
-5667
-11187
-5635
-11387
-5635
-11571
-5587
-11891
-5627
-12139
-5643
-12347
-5603
-12611
-5651
-12859
-5627
-13099
-5643
-13227
-5659
-13595
-5643
-13779
-5675
-14027
-5603
-14219
-5555
-14539
-5587
-14667
-5547
-14947
-5627
-15147
-5547
-15435
-5587
-15651
-5627
-15867
-5579
-16139
-5547
-16371
-5587
-16659
-5675
-16899
-5659
-17179
-5595
-17411
-5635
-17603
-5651
-17915
-5627
-18067
-5659
-18267
-5555
-18587
-5675
-18835
-5867
133
-5867
-139
-5811
-387
-5843
-531
-5843
-827
-5819
-1107
-5907
-1347
-5835
-1515
-5843
-1731
-5883
-1971
-5811
-2203
-5907
-2451
-5827
-2747
-5875
-3027
-5803
-3275
-5795
-3507
-5795
-3635
-5915
-3891
-5851
-4203
-5819
-4427
-5867
-4659
-5883
-4947
-5907
-5171
-5843
-5355
-5899
-5555
-5795
-5803
-5795
-6067
-5875
-6355
-5915
-6555
-5875
-6763
-5787
-6995
-5795
-7299
-5899
-7491
-5867
-7739
-5803
-8075
-5803
-8219
-5827
-8507
-5843
-8771
-5883
-9035
-5899
-9227
-5875
-9443
-5891
-9635
-5787
-9995
-5795
-10107
-5875
-10435
-5891
-10627
-5915
-10891
-5883
-11067
-5843
-11339
-5803
-11619
-5827
-11819
-5899
-12099
-5795
-12283
-5859
-12579
-5819
-12851
-5835
-13067
-5907
-13307
-5915
-13515
-5891
-13819
-5867
-14027
-5787
-14291
-5843
-14475
-5859
-14675
-5891
-14987
-5875
-15243
-5835
-15499
-5875
-15739
-5907
-15931
-5883
-16227
-5859
-16451
-5859
-16603
-5843
-16875
-5891
-17139
-5883
-17323
-5835
-17555
-5787
-17867
-5795
-18107
-5803
-18323
-5907
-18563
-5883
-18819
-6123
149
-6155
-59
-6067
-283
-6075
-523
-6131
-819
-6051
-1099
-6043
-1251
-6155
-1587
-6131
-1763
-6147
-2019
-6051
-2251
-6155
-2539
-6083
-2683
-6115
-2995
-6027
-3227
-6131
-3499
-6139
-3643
-6083
-3979
-6107
-4187
-6147
-4379
-6083
-4707
-6107
-4899
-6083
-5115
-6035
-5363
-6155
-5675
-6075
-5795
-6099
-6075
-6099
-6355
-6043
-6563
-6067
-6843
-6035
-7003
-6043
-7275
-6131
-7507
-6091
-7715
-6067
-7987
-6155
-8299
-6091
-8467
-6123
-8779
-6131
-8987
-6155
-9195
-6075
-9419
-6115
-9651
-6123
-9955
-6155
-10203
-6147
-10347
-6075
-10715
-6147
-10915
-6115
-11123
-6099
-11307
-6091
-11651
-6147
-11875
-6155
-12155
-6107
-12395
-6091
-12523
-6147
-12763
-6115
-12995
-6099
-13339
-6139
-13523
-6155
-13739
-6131
-13971
-6115
-14307
-6043
-14475
-6083
-14755
-6123
-14923
-6107
-15155
-6131
-15411
-6059
-15627
-6051
-15979
-6035
-16219
-6147
-16347
-6115
-16691
-6107
-16835
-6035
-17171
-6059
-17307
-6147
-17659
-6035
-17811
-6043
-18099
-6147
-18339
-6043
-18603
-6107
-18835
-6387
125
-6315
-155
-6355
-307
-6323
-579
-6347
-803
-6387
-1059
-6283
-1291
-6331
-1475
-6355
-1795
-6267
-2035
-6323
-2187
-6371
-2507
-6363
-2795
-6395
-2947
-6379
-3259
-6299
-3483
-6387
-3755
-6299
-3907
-6323
-4203
-6339
-4355
-6283
-4699
-6379
-4835
-6347
-5091
-6387
-5387
-6315
-5651
-6267
-5851
-6339
-6147
-6363
-6363
-6339
-6515
-6387
-6747
-6315
-7107
-6395
-7347
-6323
-7515
-6299
-7739
-6315
-8051
-6283
-8219
-6363
-8459
-6363
-8763
-6331
-8907
-6347
-9219
-6379
-9483
-6339
-9723
-6283
-9923
-6299
-10227
-6315
-10419
-6395
-10603
-6347
-10907
-6379
-11131
-6355
-11403
-6307
-11619
-6395
-11851
-6291
-12099
-6275
-12339
-6395
-12571
-6347
-12827
-6323
-13067
-6371
-13227
-6283
-13547
-6283
-13763
-6379
-14011
-6283
-14259
-6395
-14531
-6371
-14715
-6323
-14955
-6379
-15155
-6363
-15451
-6283
-15731
-6275
-15987
-6315
-16219
-6339
-16355
-6371
-16595
-6387
-16827
-6283
-17179
-6387
-17339
-6275
-17619
-6387
-17803
-6339
-18147
-6299
-18307
-6379
-18587
-6347
-18843
-6611
85
-6619
-35
-6587
-339
-6587
-627
-6531
-763
-6531
-1107
-6587
-1355
-6579
-1483
-6635
-1755
-6555
-2027
-6595
-2275
-6595
-2555
-6595
-2691
-6555
-3027
-6563
-3267
-6619
-3499
-6619
-3667
-6571
-3955
-6627
-4147
-6627
-4459
-6603
-4675
-6571
-4891
-6579
-5179
-6531
-5379
-6563
-5571
-6635
-5899
-6603
-6147
-6579
-6291
-6611
-6507
-6539
-6755
-6523
-7099
-6579
-7251
-6563
-7507
-6619
-7715
-6635
-8019
-6603
-8307
-6603
-8507
-6579
-8715
-6595
-9003
-6507
-9259
-6507
-9419
-6635
-9739
-6571
-9931
-6547
-10107
-6579
-10435
-6603
-10691
-6587
-10955
-6619
-11155
-6603
-11403
-6611
-11643
-6563
-11819
-6531
-12075
-6635
-12275
-6587
-12523
-6627
-12875
-6619
-13115
-6635
-13339
-6627
-13595
-6531
-13707
-6627
-14059
-6603
-14283
-6595
-14507
-6635
-14755
-6563
-14923
-6579
-15179
-6555
-15427
-6627
-15707
-6531
-15915
-6587
-16107
-6611
-16419
-6619
-16603
-6531
-16931
-6579
-17123
-6571
-17331
-6635
-17627
-6619
-17811
-6531
-18051
-6603
-18355
-6619
-18571
-6627
-18867
-6827
125
-6859
-27
-6875
-323
-6795
-571
-6819
-819
-6867
-1035
-6867
-1299
-6835
-1523
-6819
-1771
-6859
-1947
-6771
-2315
-6819
-2531
-6843
-2795
-6755
-2915
-6859
-3179
-6755
-3451
-6867
-3707
-6875
-3875
-6875
-4107
-6835
-4387
-6747
-4635
-6875
-4955
-6835
-5179
-6875
-5395
-6755
-5587
-6779
-5891
-6803
-6067
-6851
-6371
-6851
-6595
-6835
-6819
-6787
-6987
-6843
-7331
-6851
-7571
-6803
-7803
-6803
-8067
-6795
-8315
-6779
-8515
-6835
-8707
-6859
-8987
-6859
-9235
-6819
-9507
-6843
-9683
-6771
-9899
-6843
-10227
-6763
-10467
-6779
-10595
-6819
-10907
-6867
-11147
-6851
-11387
-6851
-11595
-6763
-11835
-6787
-12123
-6795
-12387
-6843
-12523
-6787
-12875
-6827
-13035
-6851
-13227
-6875
-13563
-6803
-13715
-6779
-14043
-6851
-14299
-6875
-14475
-6811
-14747
-6851
-14931
-6819
-15267
-6755
-15427
-6827
-15699
-6851
-15907
-6819
-16163
-6787
-16403
-6835
-16611
-6875
-16851
-6875
-17075
-6803
-17371
-6867
-17563
-6867
-17787
-6779
-18107
-6875
-18371
-6803
-18539
-6835
-18859
-6987
125
-7027
-147
-7091
-379
-7075
-531
-7115
-771
-6987
-1115
-7059
-1291
-7083
-1499
-7099
-1747
-7083
-1995
-7067
-2251
-7115
-2515
-7099
-2715
-7083
-2915
-7027
-3211
-7035
-3387
-7099
-3643
-7059
-3939
-7035
-4131
-7107
-4379
-7107
-4691
-7011
-4947
-7099
-5067
-7027
-5363
-7099
-5563
-7115
-5867
-7067
-6155
-7059
-6315
-7083
-6539
-7075
-6763
-7075
-7011
-7075
-7243
-7011
-7475
-7107
-7763
-7067
-7987
-7019
-8243
-7067
-8459
-7067
-8715
-7091
-8939
-6987
-9235
-7091
-9403
-7003
-9747
-7115
-9979
-7003
-10131
-6987
-10427
-7059
-10683
-7043
-10883
-6995
-11131
-7067
-11355
-7019
-11563
-6995
-11907
-7027
-12051
-7027
-12315
-7003
-12587
-6995
-12771
-7051
-12995
-7027
-13291
-7003
-13507
-7027
-13715
-6987
-13971
-7107
-14299
-7099
-14555
-7075
-14755
-7099
-15019
-7067
-15227
-7115
-15443
-7035
-15627
-7067
-15971
-7075
-16211
-6995
-16475
-7075
-16651
-7051
-16827
-7043
-17195
-7099
-17427
-6995
-17595
-7107
-17843
-7107
-18067
-7083
-18395
-7075
-18635
-7011
-18843
-7235
133
-7347
-91
-7299
-371
-7339
-515
-7347
-819
-7283
-1003
-7339
-1347
-7347
-1531
-7299
-1771
-7339
-2035
-7291
-2251
-7283
-2547
-7283
-2755
-7275
-2907
-7275
-3275
-7339
-3467
-7291
-3659
-7323
-3955
-7283
-4179
-7251
-4379
-7323
-4635
-7235
-4899
-7331
-5155
-7331
-5403
-7339
-5619
-7307
-5803
-7267
-6115
-7251
-6315
-7355
-6563
-7307
-6859
-7251
-7075
-7299
-7251
-7283
-7499
-7355
-7787
-7259
-8003
-7307
-8187
-7227
-8515
-7267
-8771
-7347
-9027
-7355
-9227
-7323
-9403
-7315
-9683
-7259
-9971
-7251
-10107
-7315
-10395
-7339
-10667
-7291
-10931
-7323
-11139
-7299
-11307
-7355
-11667
-7283
-11883
-7259
-12043
-7331
-12299
-7347
-12531
-7331
-12875
-7323
-13091
-7323
-13347
-7347
-13491
-7347
-13827
-7355
-13955
-7251
-14251
-7307
-14531
-7315
-14667
-7355
-14931
-7299
-15179
-7251
-15475
-7235
-15643
-7347
-15891
-7339
-16163
-7267
-16347
-7347
-16595
-7339
-16875
-7315
-17163
-7339
-17315
-7283
-17587
-7235
-17915
-7315
-18099
-7283
-18347
-7347
-18547
-7315
-18835
-7523
125
-7563
-147
-7547
-387
-7483
-547
-7523
-859
-7467
-1075
-7563
-1251
-7515
-1579
-7595
-1819
-7555
-2035
-7475
-2195
-7587
-2539
-7587
-2675
-7595
-2947
-7499
-3171
-7547
-3483
-7523
-3739
-7555
-3891
-7587
-4147
-7499
-4387
-7579
-4643
-7467
-4915
-7483
-5123
-7547
-5395
-7563
-5643
-7563
-5891
-7595
-6067
-7571
-6323
-7483
-6531
-7595
-6787
-7507
-7003
-7579
-7315
-7467
-7555
-7499
-7819
-7491
-8035
-7523
-8227
-7579
-8459
-7587
-8683
-7595
-8979
-7579
-9187
-7507
-9459
-7563
-9755
-7587
-9931
-7515
-10155
-7515
-10395
-7563
-10643
-7555
-10923
-7547
-11067
-7547
-11307
-7539
-11563
-7531
-11803
-7475
-12115
-7579
-12307
-7579
-12547
-7507
-12843
-7467
-13091
-7595
-13291
-7579
-13563
-7515
-13827
-7579
-13955
-7579
-14259
-7523
-14555
-7515
-14675
-7475
-14915
-7523
-15227
-7515
-15419
-7499
-15643
-7483
-15867
-7547
-16227
-7563
-16459
-7507
-16667
-7555
-16931
-7563
-17091
-7507
-17387
-7571
-17547
-7523
-17843
-7483
-18115
-7539
-18307
-7507
-18563
-7483
-18827
-7731
149
-7747
-67
-7803
-283
-7731
-555
-7787
-787
-7819
-1107
-7819
-1315
-7819
-1555
-7795
-1747
-7803
-1955
-7803
-2283
-7835
-2507
-7747
-2699
-7827
-3003
-7795
-3275
-7779
-3491
-7827
-3755
-7747
-3979
-7747
-4235
-7747
-4395
-7819
-4691
-7755
-4907
-7795
-5091
-7787
-5419
-7795
-5667
-7819
-5803
-7827
-6107
-7835
-6363
-7803
-6619
-7763
-6755
-7779
-7091
-7827
-7315
-7747
-7571
-7787
-7795
-7835
-8035
-7835
-8195
-7835
-8451
-7819
-8771
-7827
-8955
-7819
-9251
-7755
-9419
-7811
-9707
-7779
-9899
-7779
-10131
-7819
-10419
-7771
-10603
-7747
-10883
-7731
-11083
-7803
-11435
-7787
-11563
-7763
-11835
-7731
-12059
-7723
-12379
-7827
-12611
-7827
-12859
-7835
-12995
-7787
-13347
-7827
-13475
-7763
-13731
-7819
-13971
-7827
-14187
-7771
-14531
-7779
-14707
-7795
-14955
-7771
-15171
-7835
-15491
-7819
-15683
-7723
-15931
-7811
-16235
-7819
-16363
-7731
-16683
-7715
-16931
-7771
-17083
-7755
-17427
-7811
-17611
-7739
-17851
-7763
-18123
-7723
-18355
-7739
-18531
-7779
-18811
-7971
85
-8051
-115
-8051
-275
-8075
-611
-8067
-747
-8051
-1075
-8027
-1243
-8067
-1547
-8075
-1811
-8035
-1955
-8011
-2211
-8067
-2547
-7971
-2739
-7979
-2987
-8019
-3235
-7971
-3411
-7995
-3683
-7955
-3963
-8059
-4227
-7987
-4379
-7955
-4659
-8019
-4939
-8027
-5099
-7995
-5331
-8003
-5643
-7963
-5819
-7947
-6139
-7971
-6355
-8051
-6611
-8027
-6779
-8003
-7115
-8019
-7291
-8059
-7547
-8035
-7771
-7995
-7995
-8043
-8203
-7971
-8491
-8067
-8763
-8051
-9019
-8075
-9267
-7995
-9443
-7979
-9723
-8003
-9939
-7955
-10155
-8003
-10395
-8075
-10667
-7987
-10859
-7995
-11187
-8075
-11379
-7947
-11595
-8035
-11915
-8011
-12139
-8035
-12291
-8059
-12507
-7955
-12787
-8035
-13091
-8035
-13243
-8027
-13587
-8043
-13787
-8075
-13979
-8027
-14283
-7971
-14459
-8043
-14691
-8059
-14995
-8059
-15259
-7987
-15491
-7947
-15699
-8043
-15931
-7987
-16123
-8003
-16467
-8019
-16603
-7995
-16899
-7979
-17147
-7995
-17387
-8043
-17619
-8027
-17819
-7987
-18139
-7963
-18395
-8035
-18603
-8027
-18843
-8315
149
-8307
-35
-8315
-275
-8259
-627
-8211
-851
-8259
-1051
-8267
-1275
-8315
-1491
-8267
-1803
-8219
-2067
-8307
-2251
-8211
-2555
-8315
-2683
-8235
-3035
-8299
-3171
-8259
-3507
-8315
-3723
-8219
-3971
-8315
-4203
-8187
-4403
-8219
-4691
-8187
-4883
-8243
-5075
-8275
-5403
-8267
-5643
-8235
-5907
-8219
-6035
-8259
-6387
-8299
-6579
-8251
-6819
-8251
-7019
-8291
-7299
-8307
-7547
-8299
-7715
-8203
-8067
-8315
-8307
-8251
-8467
-8315
-8731
-8315
-8947
-8259
-9187
-8267
-9515
-8315
-9675
-8259
-9963
-8299
-10115
-8227
-10379
-8315
-10683
-8307
-10931
-8211
-11155
-8299
-11315
-8315
-11555
-8283
-11827
-8195
-12147
-8315
-12275
-8299
-12619
-8235
-12875
-8243
-13011
-8291
-13243
-8315
-13467
-8211
-13827
-8195
-14027
-8307
-14219
-8195
-14459
-8219
-14691
-8235
-14947
-8203
-15219
-8307
-15515
-8299
-15699
-8203
-15947
-8267
-16155
-8299
-16355
-8227
-16611
-8307
-16827
-8315
-17123
-8235
-17307
-8211
-17595
-8291
-17843
-8275
-18131
-8315
-18355
-8203
-18547
-8251
-18843
-8483
117
-8507
-147
-8491
-331
-8499
-523
-8515
-843
-8523
-1027
-8523
-1331
-8555
-1467
-8539
-1787
-8531
-2003
-8499
-2235
-8499
-2427
-8539
-2667
-8443
-2931
-8515
-3275
-8555
-3507
-8531
-3723
-8507
-3963
-8515
-4131
-8435
-4443
-8555
-4659
-8523
-4915
-8507
-5179
-8555
-5435
-8515
-5667
-8507
-5827
-8435
-6099
-8427
-6347
-8507
-6571
-8507
-6779
-8531
-7059
-8443
-7235
-8531
-7571
-8475
-7811
-8507
-7979
-8547
-8283
-8467
-8515
-8515
-8739
-8491
-9011
-8547
-9203
-8539
-9411
-8443
-9667
-8499
-9875
-8539
-10123
-8435
-10395
-8507
-10611
-8523
-10891
-8435
-11083
-8547
-11323
-8555
-11643
-8499
-11883
-8515
-12131
-8547
-12315
-8539
-12555
-8547
-12771
-8555
-13091
-8491
-13355
-8483
-13539
-8475
-13819
-8459
-13971
-8507
-14187
-8531
-14483
-8443
-14699
-8547
-14931
-8531
-15147
-8555
-15475
-8491
-15659
-8539
-15915
-8531
-16195
-8555
-16411
-8523
-16715
-8499
-16851
-8427
-17163
-8555
-17355
-8531
-17675
-8547
-17827
-8451
-18083
-8459
-18267
-8507
-18547
-8435
-18859
-8771
109
-8731
-147
-8787
-387
-8795
-611
-8755
-747
-8755
-1099
-8795
-1307
-8779
-1475
-8723
-1811
-8731
-1987
-8795
-2307
-8739
-2547
-8739
-2707
-8683
-2971
-8795
-3195
-8683
-3451
-8779
-3643
-8675
-3971
-8787
-4123
-8755
-4403
-8779
-4651
-8715
-4883
-8723
-5091
-8795
-5347
-8755
-5571
-8763
-5907
-8707
-6067
-8787
-6331
-8755
-6635
-8795
-6835
-8691
-7091
-8795
-7315
-8763
-7579
-8715
-7715
-8795
-7987
-8699
-8307
-8763
-8427
-8731
-8787
-8779
-8931
-8795
-9171
-8771
-9419
-8763
-9635
-8771
-9915
-8787
-10131
-8739
-10475
-8731
-10675
-8707
-10835
-8747
-11123
-8795
-11411
-8779
-11627
-8787
-11859
-8755
-12115
-8707
-12275
-8707
-12635
-8683
-12843
-8675
-13011
-8707
-13315
-8795
-13595
-8763
-13795
-8691
-14003
-8787
-14187
-8771
-14451
-8723
-14707
-8739
-15035
-8779
-15163
-8731
-15427
-8779
-15723
-8739
-15907
-8699
-16235
-8795
-16347
-8691
-16675
-8747
-16915
-8739
-17171
-8715
-17323
-8707
-17643
-8795
-17907
-8707
-18131
-8739
-18387
-8739
-18635
-8675
-18859
-9019
125
-9019
-147
-8979
-347
-9035
-507
-8947
-819
-8947
-1035
-8923
-1291
-8963
-1523
-8939
-1811
-9035
-1995
-8947
-2259
-8915
-2451
-8995
-2683
-9019
-2963
-9027
-3259
-8915
-3451
-9035
-3627
-8995
-3987
-8923
-4115
-9019
-4411
-9019
-4635
-9011
-4843
-9019
-5123
-9019
-5403
-8971
-5651
-8995
-5803
-9035
-6083
-9027
-6315
-8979
-6507
-9019
-6819
-9035
-7059
-9027
-7227
-8987
-7547
-8907
-7739
-8923
-7947
-8931
-8259
-8939
-8427
-8931
-8715
-8931
-8971
-9003
-9163
-8987
-9451
-8955
-9715
-8923
-9867
-9019
-10195
-9019
-10347
-8939
-10603
-8963
-10875
-9003
-11115
-8979
-11331
-9019
-11547
-9027
-11827
-8931
-12131
-9035
-12371
-8939
-12555
-9035
-12819
-8995
-13083
-8987
-13283
-8987
-13515
-8915
-13787
-8931
-13979
-8955
-14283
-8955
-14539
-8923
-14675
-8907
-15027
-9019
-15267
-9011
-15483
-8915
-15675
-9019
-15979
-9035
-16219
-8987
-16403
-8931
-16691
-8947
-16835
-8987
-17139
-8963
-17419
-9003
-17547
-9027
-17827
-8995
-18075
-9035
-18371
-8987
-18595
-9011
-18867
-9179
109
-9267
-147
-9235
-275
-9275
-587
-9163
-835
-9275
-1099
-9147
-1307
-9227
-1563
-9163
-1795
-9227
-1987
-9251
-2235
-9219
-2515
-9203
-2763
-9235
-2915
-9147
-3243
-9219
-3411
-9243
-3707
-9235
-3939
-9267
-4235
-9267
-4419
-9187
-4691
-9155
-4883
-9187
-5099
-9147
-5395
-9259
-5659
-9235
-5811
-9179
-6043
-9235
-6299
-9275
-6595
-9211
-6771
-9195
-7027
-9219
-7323
-9179
-7467
-9267
-7771
-9155
-7995
-9251
-8203
-9259
-8531
-9267
-8707
-9267
-8907
-9219
-9275
-9187
-9515
-9211
-9731
-9275
-9963
-9235
-10203
-9251
-10435
-9195
-10659
-9235
-10939
-9267
-11123
-9259
-11339
-9259
-11675
-9179
-11851
-9259
-12035
-9259
-12267
-9267
-12515
-9275
-12859
-9259
-13099
-9163
-13283
-9203
-13595
-9267
-13747
-9155
-14043
-9259
-14315
-9259
-14427
-9267
-14707
-9275
-14979
-9227
-15163
-9219
-15427
-9211
-15739
-9195
-15987
-9147
-16131
-9251
-16419
-9267
-16603
-9227
-16923
-9227
-17107
-9155
-17339
-9147
-17611
-9227
-17883
-9243
-18115
-9155
-18299
-9219
-18579
-9243
-18851
-9491
149
-9483
-27
-9403
-339
-9443
-619
-9507
-851
-9499
-1091
-9491
-1267
-9491
-1547
-9499
-1747
-9403
-2059
-9403
-2299
-9507
-2451
-9491
-2707
-9475
-3003
-9515
-3243
-9419
-3395
-9419
-3651
-9491
-3979
-9515
-4115
-9507
-4427
-9499
-4595
-9475
-4835
-9451
-5123
-9451
-5307
-9451
-5635
-9491
-5819
-9395
-6043
-9499
-6371
-9483
-6627
-9411
-6795
-9403
-7075
-9515
-7251
-9483
-7595
-9459
-7779
-9483
-8027
-9395
-8187
-9451
-8459
-9419
-8715
-9491
-8987
-9443
-9195
-9491
-9515
-9491
-9707
-9515
-9875
-9435
-10187
-9507
-10387
-9395
-10595
-9435
-10843
-9451
-11099
-9427
-11379
-9475
-11675
-9499
-11843
-9419
-12147
-9483
-12347
-9459
-12515
-9467
-12843
-9507
-12995
-9443
-13267
-9419
-13587
-9459
-13787
-9435
-14075
-9427
-14283
-9459
-14459
-9467
-14795
-9467
-14979
-9475
-15251
-9467
-15483
-9499
-15651
-9435
-15939
-9507
-16211
-9451
-16355
-9475
-16707
-9491
-16923
-9387
-17099
-9419
-17323
-9491
-17651
-9499
-17883
-9507
-18131
-9507
-18363
-9443
-18555
-9403
-18875
-9707
141
-9643
-115
-9667
-347
-9731
-523
-9643
-827
-9691
-1115
-9715
-1323
-9747
-1483
-9683
-1771
-9627
-1947
-9731
-2235
-9651
-2539
-9715
-2787
-9715
-3011
-9707
-3227
-9747
-3395
-9715
-3731
-9643
-3955
-9675
-4227
-9731
-4411
-9667
-4643
-9731
-4859
-9667
-5139
-9707
-5323
-9675
-5643
-9691
-5851
-9683
-6139
-9659
-6323
-9731
-6611
-9723
-6763
-9723
-7011
-9627
-7227
-9667
-7547
-9755
-7811
-9643
-7979
-9755
-8259
-9627
-8539
-9651
-8739
-9715
-8987
-9691
-9187
-9723
-9475
-9643
-9659
-9635
-9963
-9739
-10155
-9659
-10403
-9675
-10707
-9715
-10859
-9675
-11123
-9755
-11403
-9667
-11587
-9755
-11835
-9699
-12107
-9667
-12299
-9683
-12611
-9707
-12851
-9691
-13003
-9731
-13299
-9651
-13523
-9635
-13763
-9707
-14051
-9731
-14251
-9643
-14467
-9755
-14779
-9691
-15019
-9755
-15251
-9635
-15467
-9651
-15651
-9659
-15915
-9635
-16163
-9691
-16459
-9667
-16603
-9747
-16827
-9691
-17067
-9707
-17363
-9747
-17659
-9659
-17859
-9707
-18107
-9747
-18315
-9683
-18507
-9667
-18827
-9907
125
-9915
-27
-9955
-371
-9987
-603
-9947
-755
-9923
-1099
-9915
-1251
-9883
-1507
-9867
-1811
-9939
-2043
-9979
-2299
-9939
-2515
-9955
-2707
-9995
-2923
-9899
-3187
-9891
-3403
-9987
-3627
-9883
-3979
-9907
-4171
-9891
-4347
-9963
-4691
-9995
-4875
-9867
-5155
-9987
-5339
-9995
-5555
-9931
-5819
-9955
-6067
-9891
-6307
-9891
-6563
-9995
-6771
-9947
-7083
-9995
-7315
-9915
-7491
-9995
-7795
-9939
-7987
-9931
-8299
-9891
-8507
-9915
-8667
-9923
-9011
-9899
-9235
-9995
-9483
-9987
-9675
-9939
-9963
-9971
-10219
-9979
-10411
-9987
-10683
-9955
-10931
-9947
-11107
-9947
-11347
-9907
-11611
-9899
-11843
-9915
-12107
-9955
-12331
-9923
-12563
-9891
-12811
-9915
-13011
-9979
-13299
-9923
-13539
-9931
-13811
-9875
-14027
-9915
-14235
-9915
-14459
-9979
-14691
-9867
-15003
-9979
-15219
-9875
-15499
-9883
-15635
-9899
-15947
-9979
-16107
-9979
-16411
-9947
-16651
-9947
-16859
-9979
-17155
-9955
-17395
-9971
-17611
-9979
-17907
-9947
-18083
-9947
-18307
-9987
-18507
-9963
-18819
-10123
149
-10227
-35
-10155
-267
-10147
-539
-10235
-867
-10211
-1107
-10171
-1355
-10235
-1563
-10227
-1819
-10107
-1963
-10163
-2259
-10163
-2459
-10219
-2787
-10115
-3027
-10171
-3147
-10123
-3387
-10155
-3635
-10139
-3891
-10179
-4211
-10195
-4475
-10179
-4635
-10187
-4931
-10171
-5091
-10171
-5379
-10203
-5635
-10139
-5899
-10195
-6059
-10195
-6347
-10179
-6563
-10227
-6787
-10219
-6987
-10227
-7267
-10219
-7515
-10155
-7811
-10163
-7995
-10171
-8283
-10147
-8427
-10171
-8795
-10179
-9003
-10211
-9267
-10187
-9419
-10227
-9731
-10115
-9899
-10131
-10139
-10107
-10475
-10187
-10611
-10195
-10891
-10195
-11187
-10187
-11371
-10195
-11651
-10155
-11803
-10179
-12115
-10123
-12371
-10123
-12587
-10211
-12787
-10195
-13011
-10203
-13347
-10219
-13555
-10211
-13779
-10219
-14051
-10219
-14219
-10211
-14539
-10227
-14707
-10139
-14915
-10171
-15211
-10235
-15419
-10211
-15723
-10187
-15899
-10115
-16187
-10211
-16443
-10123
-16691
-10235
-16883
-10211
-17139
-10227
-17363
-10203
-17571
-10171
-17827
-10195
-18051
-10147
-18339
-10139
-18611
-10115
-18859
-10427
117
-10459
-147
-10467
-363
-10411
-627
-10443
-755
-10411
-987
-10451
-1347
-10475
-1483
-10467
-1819
-10467
-2003
-10459
-2267
-10459
-2555
-10475
-2795
-10427
-3011
-10427
-3259
-10411
-3467
-10451
-3731
-10443
-3867
-10435
-4179
-10467
-4347
-10435
-4683
-10419
-4883
-10419
-5091
-10467
-5347
-10459
-5555
-10467
-5859
-10427
-6027
-10435
-6371
-10411
-6531
-10443
-6755
-10427
-7083
-10475
-7323
-10419
-7547
-10419
-7827
-10419
-7963
-10459
-8275
-10475
-8475
-10467
-8723
-10475
-8963
-10411
-9147
-10475
-9395
-10467
-9627
-10443
-9939
-10427
-10187
-10451
-10467
-10427
-10699
-10475
-10883
-10451
-11155
-10451
-11315
-10475
-11635
-10451
-11827
-10427
-12099
-10427
-12395
-10419
-12619
-10459
-12851
-10427
-13067
-10475
-13275
-10475
-13563
-10427
-13779
-10411
-14059
-10451
-14203
-10451
-14475
-10419
-14795
-10419
-14923
-10443
-15155
-10459
-15395
-10443
-15643
-10459
-15931
-10443
-16171
-10475
-16395
-10451
-16707
-10459
-16907
-10475
-17131
-10475
-17427
-10467
-17555
-10459
-17867
-10467
-18115
-10411
-18371
-10443
-18531
-10459
-18827
