109
480
105
-119
128
-319
178
-497
124
-767
195
-1018
139
-1217
241
-1529
606
-1749
606
-1969
220
-2171
101
-2491
269
-2739
315
-2955
361
-3155
227
-3433
327
-3647
143
-3959
135
-4227
145
-4401
137
-4683
109
-4871
117
-5175
85
-5423
101
-5571
85
-5819
149
-6103
85
-6307
85
-6547
85
-6751
117
-7083
109
-7323
141
-7507
117
-7735
93
-8035
117
-8179
85
-8423
125
-8683
109
-8947
93
-9143
117
-9411
149
-9707
141
-9915
149
-10227
101
-10459
101
-10691
109
-10875
117
-11067
93
-11387
125
-11563
141
-11899
93
-12107
141
-12379
109
-12611
133
-12771
125
-12995
133
-13347
85
-13491
125
-13771
133
-14075
93
-14235
117
-14539
85
-14675
85
-14963
101
-15227
117
-15419
85
-15667
141
-15923
101
-16203
93
-16411
133
-16659
125
-16875
109
-17123
125
-17371
117
-17611
85
-17867
85
-18083
125
-18323
141
-18603
141
-18819
-115
1085
-126
-109
-35
-284
-117
-519
-57
-794
-112
-989
-98
-1276
-65
-1463
-25
-1822
-53
-1960
-118
-2255
-137
-2455
-67
-2671
-9
-3007
-27
-3213
-101
-3455
-117
-3679
-83
-3947
-67
-4149
-135
-4375
-111
-4673
-111
-4859
-83
-5119
-7
-5319
-127
-5651
-139
-5835
-15
-6095
-23
-6395
-55
-6599
-51
-6819
-47
-7083
5
-7251
-87
-7447
-123
-7755
-27
-7927
-119
-8195
-87
-8443
-135
-8715
-119
-8991
-79
-9131
-47
-9439
-75
-9747
-155
-9971
-75
-10187
-123
-10451
-27
-10643
-75
-10923
-99
-11091
-139
-11427
-131
-11603
-35
-11843
-83
-12147
-147
-12387
-59
-12555
-139
-12771
-115
-13051
-139
-13283
-139
-13475
-107
-13803
-67
-14035
-123
-14283
-139
-14523
-99
-14795
-51
-14955
-107
-15259
-131
-15387
-131
-15651
-99
-15987
-123
-16187
-75
-16395
-83
-16627
-107
-16883
-155
-17131
-131
-17307
-139
-17595
-147
-17795
-131
-18099
-99
-18355
-139
-18563
-51
-18827
-367
987
-360
-111
-301
-270
-369
-565
-262
-850
-298
-1051
-358
-1266
-383
-1477
-265
-1723
-373
-1929
-271
-2305
-311
-2449
-313
-2767
-343
-2923
-289
-3171
-293
-3459
-351
-3649
-355
-3857
-313
-4095
-371
-4327
-355
-4567
-379
-4851
-375
-5087
-367
-5419
-359
-5567
-375
-5855
-307
-6127
-359
-6343
-323
-6571
-267
-6799
-243
-7047
-359
-7247
-299
-7479
-347
-7751
-323
-7967
-375
-8299
-327
-8443
-387
-8755
-271
-8907
-363
-9155
-343
-9387
-291
-9731
-323
-9931
-379
-10139
-395
-10395
-307
-10707
-339
-10851
-387
-11139
-275
-11331
-291
-11587
-371
-11867
-339
-12099
-339
-12395
-275
-12579
-323
-12819
-347
-13067
-291
-13235
-291
-13547
-291
-13755
-387
-13987
-355
-14243
-395
-14555
-331
-14787
-283
-14971
-347
-15187
-347
-15419
-275
-15707
-395
-15915
-379
-16187
-283
-16371
-331
-16667
-371
-16947
-347
-17131
-395
-17331
-355
-17587
-307
-17827
-355
-18107
-379
-18387
-355
-18531
-355
-18875
-519
1534
-606
-3
-596
-365
-535
-535
-503
-859
-585
-1073
-611
-1237
-517
-1566
-593
-1789
-578
-2051
-521
-2263
-567
-2469
-507
-2641
-537
-2931
-581
-3223
-541
-3431
-619
-3713
-551
-3941
-495
-4123
-595
-4425
-597
-4619
-627
-4851
-571
-5107
-539
-5411
-591
-5543
-567
-5839
-611
-6135
-623
-6291
-579
-6491
-571
-6719
-531
-7059
-603
-7255
-539
-7475
-527
-7727
-603
-8059
-615
-8299
-619
-8523
-591
-8687
-619
-8975
-603
-9251
-535
-9419
-579
-9635
-523
-9891
-515
-10179
-579
-10435
-603
-10643
-547
-10859
-635
-11123
-579
-11419
-627
-11563
-611
-11907
-627
-12059
-627
-12395
-579
-12595
-515
-12779
-523
-13059
-547
-13323
-547
-13539
-595
-13731
-523
-14011
-555
-14307
-547
-14451
-531
-14739
-587
-15003
-619
-15171
-531
-15443
-627
-15627
-603
-15891
-571
-16211
-547
-16427
-595
-16603
-531
-16851
-539
-17179
-619
-17315
-619
-17555
-523
-17819
-523
-18107
-539
-18347
-539
-18603
-571
-18867
-855
883
-843
-78
-840
-337
-735
-563
-831
-726
-829
-979
-763
-1253
-725
-1489
-825
-1797
-839
-1987
-805
-2223
-847
-2513
-749
-2691
-851
-2953
-831
-3223
-833
-3385
-751
-3617
-853
-3949
-875
-4115
-853
-4421
-749
-4633
-779
-4923
-847
-5131
-855
-5307
-775
-5631
-759
-5811
-767
-6079
-835
-6327
-867
-6515
-787
-6783
-763
-7067
-787
-7243
-755
-7539
-823
-7791
-755
-7995
-839
-8291
-795
-8447
-839
-8643
-851
-8891
-863
-9123
-835
-9435
-819
-9723
-875
-9939
-755
-10115
-787
-10467
-803
-10699
-787
-10859
-819
-11139
-803
-11387
-867
-11619
-851
-11859
-819
-12147
-851
-12387
-827
-12627
-851
-12755
-835
-13051
-803
-13347
-851
-13587
-795
-13795
-747
-14059
-771
-14219
-803
-14499
-835
-14747
-851
-14939
-859
-15243
-771
-15467
-851
-15659
-843
-15907
-819
-16155
-867
-16419
-835
-16651
-819
-16931
-875
-17083
-827
-17379
-835
-17547
-859
-17811
-851
-18067
-859
-18267
-875
-18523
-843
-18827
-1057
2344
-986
-62
-1030
-334
-1087
-480
-1055
-795
-1103
-1022
-980
-1331
-1046
-1549
-1098
-1770
-1031
-1961
-1076
-2190
-1059
-2523
-1023
-2719
-993
-2951
-1069
-3239
-1083
-3451
-1065
-3709
-993
-3955
-1071
-4151
-1033
-4407
-967
-4677
-1023
-4867
-1107
-5051
-1071
-5375
-1019
-5563
-1007
-5835
-1027
-6079
-1059
-6291
-1075
-6559
-1011
-6851
-1075
-7063
-1075
-7327
-987
-7451
-1063
-7751
-1015
-7991
-1011
-8255
-1095
-8543
-1063
-8739
-1063
-8915
-1055
-9199
-955
-9463
-1115
-9659
-995
-9915
-1115
-10219
-995
-10395
-1091
-10715
-1051
-10883
-1043
-11115
-1043
-11387
-1003
-11547
-1075
-11795
-1011
-12131
-1099
-12371
-1011
-12563
-1107
-12779
-1035
-13059
-1043
-13331
-1027
-13571
-1067
-13819
-1011
-13979
-1091
-14203
-1059
-14555
-1035
-14787
-987
-14987
-1051
-15163
-1011
-15475
-1011
-15739
-1011
-15923
-1099
-16147
-1011
-16451
-1107
-16699
-1107
-16891
-987
-17091
-1051
-17339
-1091
-17587
-1115
-17835
-995
-18139
-1091
-18275
-1059
-18635
-1003
-18875
-1331
675
-1251
-36
-1265
-349
-1237
-543
-1239
-765
-1199
-1006
-1237
-1304
-1244
-1553
-1337
-1790
-1285
-2029
-1319
-2275
-1247
-2485
-1259
-2707
-1239
-3001
-1309
-3123
-1311
-3485
-1275
-3663
-1315
-3951
-1321
-4117
-1231
-4389
-1329
-4695
-1251
-4843
-1319
-5087
-1287
-5375
-1307
-5659
-1211
-5863
-1343
-6115
-1247
-6351
-1247
-6579
-1255
-6799
-1323
-6995
-1279
-7251
-1339
-7483
-1319
-7763
-1307
-8015
-1251
-8275
-1231
-8435
-1323
-8759
-1283
-8999
-1307
-9123
-1251
-9415
-1275
-9683
-1227
-9995
-1251
-10203
-1243
-10363
-1331
-10603
-1355
-10939
-1243
-11099
-1315
-11371
-1283
-11635
-1299
-11811
-1235
-12035
-1283
-12307
-1251
-12539
-1347
-12779
-1251
-13027
-1299
-13307
-1315
-13587
-1315
-13795
-1347
-13987
-1347
-14219
-1315
-14539
-1267
-14747
-1267
-15027
-1235
-15179
-1251
-15387
-1323
-15723
-1235
-15939
-1315
-16139
-1347
-16355
-1339
-16683
-1235
-16875
-1315
-17075
-1235
-17363
-1291
-17571
-1347
-17899
-1251
-18147
-1267
-18371
-1355
-18539
-1243
-18843
-1579
275
-1491
-25
-1455
-307
-1565
-545
-1547
-825
-1483
-1033
-1569
-1317
-1543
-1547
-1449
-1689
-1485
-2027
-1495
-2259
-1565
-2441
-1503
-2743
-1569
-2927
-1555
-3231
-1585
-3433
-1439
-3619
-1555
-3891
-1585
-4113
-1579
-4371
-1547
-4615
-1587
-4895
-1571
-5139
-1583
-5295
-1575
-5551
-1523
-5883
-1563
-6043
-1451
-6371
-1563
-6571
-1563
-6787
-1447
-7071
-1503
-7227
-1531
-7455
-1579
-7791
-1455
-7995
-1559
-8251
-1571
-8511
-1471
-8715
-1587
-8995
-1555
-9195
-1523
-9451
-1595
-9659
-1547
-9979
-1499
-10227
-1579
-10347
-1555
-10635
-1587
-10851
-1491
-11163
-1595
-11403
-1515
-11643
-1483
-11859
-1491
-12075
-1539
-12371
-1571
-12539
-1579
-12843
-1571
-13003
-1523
-13267
-1571
-13579
-1523
-13811
-1587
-13947
-1571
-14235
-1587
-14491
-1555
-14723
-1563
-15027
-1547
-15243
-1563
-15403
-1523
-15683
-1587
-15947
-1563
-16163
-1555
-16443
-1491
-16603
-1579
-16875
-1595
-17195
-1587
-17395
-1523
-17587
-1571
-17803
-1499
-18059
-1595
-18323
-1563
-18571
-1475
-18835
-1795
1809
-1819
-35
-1765
-385
-1773
-601
-1793
-751
-1785
-1031
-1689
-1191
-1717
-1565
-1775
-1699
-1791
-1965
-1823
-2251
-1751
-2419
-1691
-2699
-1719
-2937
-1773
-3139
-1757
-3381
-1713
-3669
-1745
-3935
-1761
-4113
-1799
-4345
-1795
-4681
-1827
-4907
-1795
-5139
-1735
-5311
-1791
-5623
-1759
-5907
-1739
-6023
-1811
-6263
-1739
-6567
-1751
-6731
-1819
-7079
-1695
-7335
-1795
-7543
-1767
-7807
-1827
-8031
-1827
-8259
-1691
-8523
-1699
-8735
-1831
-8971
-1699
-9143
-1703
-9515
-1835
-9731
-1819
-9939
-1827
-10147
-1811
-10347
-1803
-10619
-1787
-10875
-1835
-11131
-1835
-11379
-1811
-11635
-1835
-11899
-1811
-12035
-1811
-12299
-1723
-12611
-1731
-12803
-1763
-13067
-1827
-13355
-1827
-13571
-1747
-13795
-1763
-13987
-1763
-14275
-1787
-14539
-1731
-14787
-1779
-15011
-1819
-15187
-1835
-15395
-1707
-15723
-1763
-15867
-1819
-16123
-1835
-16443
-1755
-16595
-1819
-16851
-1763
-17067
-1787
-17435
-1731
-17619
-1819
-17835
-1827
-18155
-1779
-18299
-1779
-18539
-1707
-18827
-1991
1393
-1999
-15
-1927
-313
-1957
-493
-2061
-787
-1951
-1025
-2055
-1299
-2011
-1557
-2005
-1823
-2023
-1953
-1929
-2205
-1975
-2535
-2031
-2661
-1979
-2975
-2041
-3235
-1993
-3375
-1995
-3675
-1991
-3983
-2059
-4091
-2007
-4449
-1997
-4633
-2007
-4867
-1939
-5163
-2011
-5295
-2007
-5607
-2039
-5851
-2019
-6035
-2023
-6355
-1963
-6571
-2039
-6831
-1963
-7051
-2023
-7243
-1959
-7559
-2011
-7751
-1987
-7947
-1939
-8167
-2051
-8455
-1939
-8675
-2059
-8903
-1943
-9179
-1959
-9447
-2027
-9659
-2051
-9995
-2043
-10115
-2035
-10371
-2059
-10595
-2075
-10955
-2075
-11187
-2043
-11403
-2051
-11579
-2075
-11883
-2059
-12099
-2043
-12339
-1963
-12547
-2067
-12787
-1955
-13107
-1955
-13235
-1987
-13539
-1971
-13795
-2051
-14035
-1971
-14267
-2019
-14491
-2035
-14795
-2059
-14971
-1955
-15179
-1971
-15499
-2011
-15715
-1963
-15963
-2051
-16163
-1995
-16475
-2003
-16707
-2003
-16827
-1963
-17155
-1971
-17411
-2059
-17571
-2059
-17875
-1971
-18131
-1971
-18339
-2019
-18555
-2003
-18859
-2251
143
-2289
-19
-2173
-261
-2191
-589
-2259
-843
-2203
-1089
-2209
-1275
-2289
-1557
-2243
-1699
-2223
-2069
-2177
-2315
-2227
-2517
-2243
-2763
-2249
-2879
-2287
-3191
-2247
-3477
-2303
-3705
-2229
-3923
-2235
-4155
-2235
-4429
-2235
-4565
-2299
-4883
-2267
-5107
-2195
-5363
-2247
-5579
-2267
-5839
-2255
-6027
-2283
-6355
-2267
-6499
-2295
-6759
-2283
-7083
-2271
-7295
-2307
-7483
-2243
-7795
-2267
-8023
-2183
-8179
-2235
-8491
-2279
-8735
-2243
-9003
-2211
-9223
-2227
-9475
-2203
-9747
-2267
-9947
-2219
-10195
-2259
-10427
-2243
-10627
-2299
-10899
-2235
-11115
-2259
-11339
-2307
-11587
-2259
-11867
-2219
-12091
-2219
-12371
-2219
-12515
-2275
-12787
-2259
-13075
-2283
-13259
-2291
-13587
-2211
-13787
-2299
-13979
-2227
-14299
-2219
-14467
-2299
-14731
-2227
-14939
-2211
-15259
-2267
-15395
-2275
-15699
-2267
-15979
-2227
-16203
-2211
-16459
-2275
-16635
-2275
-16891
-2291
-17139
-2267
-17363
-2307
-17547
-2275
-17819
-2291
-18107
-2243
-18355
-2219
-18515
-2219
-18867
-2551
1701
-2453
-91
-2479
-311
-2505
-573
-2499
-743
-2517
-1063
-2531
-1253
-2523
-1501
-2475
-1759
-2495
-2029
-2499
-2299
-2431
-2463
-2523
-2691
-2551
-2959
-2531
-3203
-2451
-3483
-2491
-3747
-2439
-3965
-2515
-4127
-2447
-4359
-2467
-4607
-2471
-4843
-2435
-5143
-2435
-5343
-2479
-5631
-2551
-5903
-2467
-6131
-2483
-6347
-2483
-6623
-2531
-6779
-2531
-7095
-2479
-7291
-2491
-7543
-2527
-7751
-2515
-7975
-2499
-8299
-2447
-8439
-2447
-8763
-2535
-8983
-2527
-9227
-2539
-9431
-2499
-9691
-2531
-9939
-2547
-10163
-2515
-10387
-2547
-10627
-2435
-10923
-2499
-11075
-2531
-11355
-2523
-11603
-2547
-11875
-2555
-12139
-2435
-12331
-2515
-12635
-2555
-12803
-2499
-13083
-2427
-13331
-2459
-13563
-2539
-13723
-2523
-14003
-2515
-14227
-2483
-14451
-2443
-14795
-2539
-14971
-2531
-15171
-2507
-15515
-2539
-15651
-2523
-15979
-2539
-16139
-2483
-16363
-2483
-16707
-2499
-16843
-2451
-17099
-2539
-17395
-2515
-17603
-2507
-17787
-2483
-18115
-2483
-18307
-2555
-18571
-2555
-18827
-2687
421
-2767
-95
-2707
-387
-2643
-515
-2723
-787
-2779
-1031
-2739
-1279
-2691
-1451
-2755
-1727
-2663
-1949
-2667
-2283
-2763
-2427
-2679
-2627
-2707
-2963
-2699
-3251
-2739
-3427
-2779
-3683
-2763
-3951
-2679
-4127
-2639
-4439
-2771
-4607
-2767
-4795
-2751
-5155
-2739
-5367
-2771
-5603
-2755
-5891
-2767
-6119
-2767
-6355
-2715
-6495
-2679
-6811
-2775
-7087
-2707
-7331
-2679
-7559
-2695
-7819
-2735
-8043
-2707
-8291
-2667
-8443
-2739
-8683
-2715
-8939
-2727
-9251
-2767
-9515
-2771
-9699
-2683
-9867
-2763
-10187
-2699
-10435
-2795
-10683
-2787
-10859
-2763
-11195
-2675
-11315
-2731
-11651
-2707
-11819
-2723
-12099
-2691
-12395
-2763
-12635
-2771
-12819
-2707
-13019
-2787
-13299
-2715
-13563
-2755
-13795
-2763
-14003
-2699
-14243
-2715
-14531
-2787
-14683
-2747
-14923
-2723
-15219
-2795
-15387
-2771
-15635
-2779
-15963
-2739
-16131
-2787
-16411
-2723
-16627
-2715
-16875
-2667
-17091
-2771
-17411
-2683
-17611
-2779
-17915
-2763
-18035
-2723
-18347
-2771
-18635
-2691
-18843
-2975
125
-2995
-91
-3007
-375
-2943
-575
-2939
-779
-2987
-971
-2971
-1239
-3011
-1483
-3027
-1803
-2895
-2031
-2915
-2267
-2923
-2439
-2927
-2759
-2947
-3031
-2963
-3139
-2939
-3411
-2987
-3739
-2923
-3971
-2899
-4155
-2895
-4347
-2991
-4687
-2935
-4843
-3019
-5175
-2975
-5291
-3011
-5571
-3007
-5807
-2979
-6147
-2923
-6387
-2979
-6503
-2963
-6851
-2971
-7039
-2911
-7275
-2927
-7539
-2923
-7795
-2915
-7987
-3011
-8275
-2967
-8511
-2971
-8711
-2947
-9011
-2959
-9251
-2887
-9383
-3027
-9755
-2923
-9979
-3003
-10107
-2931
-10443
-2995
-10683
-3027
-10931
-2915
-11171
-3003
-11395
-2963
-11603
-2931
-11795
-2955
-12155
-2939
-12307
-3027
-12531
-2947
-12755
-3003
-13107
-2963
-13291
-2979
-13483
-3035
-13787
-2955
-13963
-2995
-14251
-3019
-14555
-2963
-14755
-2947
-14923
-2947
-15203
-3027
-15507
-3035
-15627
-2931
-15939
-3011
-16203
-2907
-16347
-2947
-16659
-3027
-16931
-3027
-17075
-2931
-17387
-2979
-17635
-3011
-17795
-3011
-18131
-2963
-18315
-3019
-18515
-3027
-18867
-3239
109
-3195
-115
-3263
-339
-3219
-595
-3207
-715
-3155
-1043
-3235
-1231
-3155
-1523
-3203
-1775
-3131
-1987
-3179
-2299
-3155
-2423
-3227
-2775
-3167
-2967
-3275
-3235
-3235
-3467
-3203
-3719
-3251
-3907
-3215
-4123
-3227
-4339
-3163
-4655
-3223
-4835
-3255
-5139
-3151
-5411
-3207
-5559
-3211
-5883
-3195
-6047
-3195
-6235
-3155
-6599
-3195
-6811
-3139
-7059
-3135
-7235
-3235
-7539
-3223
-7755
-3171
-7995
-3175
-8187
-3219
-8431
-3143
-8755
-3199
-8999
-3179
-9227
-3147
-9415
-3179
-9715
-3275
-9883
-3235
-10163
-3171
-10467
-3155
-10683
-3267
-10875
-3171
-11187
-3275
-11339
-3203
-11579
-3259
-11891
-3251
-12051
-3235
-12315
-3211
-12547
-3187
-12811
-3195
-13067
-3227
-13299
-3251
-13571
-3227
-13715
-3171
-14011
-3147
-14299
-3267
-14515
-3259
-14755
-3163
-15035
-3155
-15251
-3179
-15475
-3203
-15635
-3235
-15987
-3235
-16195
-3203
-16403
-3147
-16627
-3195
-16907
-3219
-17067
-3163
-17315
-3195
-17635
-3235
-17827
-3251
-18155
-3219
-18363
-3227
-18515
-3259
-18819
-3475
149
-3467
-59
-3507
-315
-3475
-599
-3483
-723
-3427
-1075
-3423
-1307
-3423
-1595
-3387
-1799
-3379
-2023
-3515
-2227
-3403
-2415
-3507
-2687
-3423
-2987
-3479
-3171
-3507
-3495
-3379
-3651
-3427
-3883
-3423
-4171
-3487
-4355
-3455
-4711
-3499
-4887
-3407
-5071
-3451
-5411
-3383
-5563
-3419
-5799
-3415
-6059
-3399
-6351
-3491
-6527
-3391
-6771
-3491
-6991
-3491
-7283
-3471
-7555
-3419
-7787
-3419
-7963
-3379
-8263
-3411
-8427
-3459
-8735
-3515
-8931
-3447
-9135
-3419
-9395
-3427
-9643
-3443
-9891
-3515
-10171
-3395
-10387
-3507
-10603
-3475
-10859
-3491
-11123
-3387
-11395
-3483
-11555
-3467
-11859
-3395
-12075
-3411
-12307
-3411
-12627
-3499
-12811
-3419
-12987
-3435
-13355
-3499
-13467
-3475
-13835
-3403
-13971
-3443
-14211
-3499
-14547
-3387
-14667
-3483
-14931
-3499
-15243
-3475
-15491
-3491
-15755
-3475
-15963
-3483
-16115
-3491
-16347
-3435
-16619
-3467
-16899
-3491
-17083
-3411
-17347
-3475
-17659
-3459
-17803
-3443
-18027
-3435
-18347
-3499
-18523
-3395
-18835
-3647
133
-3655
-23
-3643
-291
-3679
-547
-3635
-839
-3739
-1007
-3683
-1303
-3727
-1555
-3735
-1799
-3671
-1999
-3667
-2287
-3683
-2459
-3655
-2727
-3679
-3035
-3747
-3179
-3731
-3463
-3651
-3647
-3703
-3855
-3739
-4203
-3735
-4403
-3639
-4591
-3727
-4823
-3719
-5175
-3623
-5379
-3663
-5603
-3699
-5863
-3715
-6143
-3615
-6283
-3675
-6511
-3595
-6871
-3703
-7067
-3659
-7247
-3667
-7547
-3735
-7719
-3663
-7947
-3695
-8267
-3719
-8483
-3731
-8667
-3667
-8999
-3703
-9231
-3695
-9367
-3715
-9731
-3739
-9891
-3755
-10195
-3747
-10371
-3667
-10643
-3755
-10939
-3723
-11091
-3659
-11411
-3707
-11563
-3723
-11859
-3723
-12051
-3723
-12307
-3643
-12587
-3723
-12803
-3691
-13107
-3651
-13291
-3675
-13523
-3747
-13731
-3635
-14051
-3723
-14211
-3747
-14531
-3707
-14683
-3683
-15027
-3635
-15211
-3731
-15475
-3747
-15675
-3675
-15923
-3667
-16227
-3747
-16355
-3723
-16699
-3755
-16859
-3747
-17099
-3699
-17427
-3643
-17675
-3651
-17899
-3651
-18027
-3699
-18355
-3667
-18635
-3715
-18827
-3923
125
-3991
-7
-3971
-339
-3907
-551
-3947
-795
-3947
-1027
-3907
-1275
-3967
-1555
-3967
-1767
-3955
-1971
-3907
-2155
-3939
-2511
-3971
-2771
-3975
-2995
-3983
-3179
-3967
-3435
-3887
-3695
-3947
-3887
-3955
-4215
-3939
-4379
-3955
-4571
-3943
-4931
-3919
-5075
-3963
-5387
-3967
-5543
-3943
-5799
-3951
-6155
-3871
-6283
-3955
-6483
-3955
-6731
-3951
-7103
-3951
-7311
-3895
-7455
-3979
-7747
-3895
-7983
-3963
-8203
-3887
-8439
-3967
-8739
-3863
-9011
-3899
-9183
-3971
-9443
-3971
-9739
-3891
-9971
-3995
-10163
-3979
-10443
-3987
-10675
-3987
-10915
-3987
-11131
-3931
-11339
-3875
-11571
-3963
-11795
-3915
-12139
-3923
-12299
-3987
-12523
-3875
-12843
-3995
-13099
-3947
-13307
-3971
-13467
-3963
-13763
-3971
-14027
-3923
-14219
-3923
-14523
-3971
-14699
-3931
-14987
-3971
-15243
-3947
-15403
-3899
-15627
-3963
-15979
-3939
-16235
-3947
-16411
-3923
-16699
-3867
-16915
-3907
-17131
-3987
-17379
-3947
-17667
-3987
-17883
-3867
-18075
-3955
-18355
-3979
-18635
-3907
-18819
-4143
101
-4219
-59
-4099
-367
-4139
-595
-4151
-731
-4195
-1055
-4223
-1255
-4163
-1467
-4119
-1799
-4207
-1995
-4203
-2159
-4127
-2415
-4211
-2703
-4115
-2935
-4235
-3183
-4207
-3507
-4183
-3675
-4183
-3875
-4195
-4091
-4219
-4367
-4187
-4619
-4191
-4899
-4183
-5091
-4203
-5391
-4107
-5643
-4211
-5883
-4111
-6075
-4159
-6275
-4203
-6627
-4111
-6799
-4139
-7083
-4199
-7287
-4123
-7567
-4119
-7691
-4195
-7927
-4183
-8275
-4115
-8491
-4147
-8759
-4191
-8951
-4203
-9179
-4183
-9483
-4163
-9747
-4187
-9939
-4155
-10107
-4179
-10379
-4211
-10691
-4147
-10899
-4211
-11179
-4147
-11403
-4195
-11547
-4171
-11787
-4163
-12067
-4219
-12291
-4179
-12627
-4187
-12827
-4195
-13027
-4179
-13355
-4219
-13539
-4187
-13795
-4115
-14075
-4227
-14235
-4235
-14531
-4235
-14763
-4187
-15011
-4211
-15267
-4219
-15491
-4235
-15699
-4147
-15939
-4171
-16203
-4195
-16411
-4211
-16619
-4147
-16851
-4123
-17187
-4179
-17411
-4115
-17563
-4155
-17915
-4123
-18083
-4115
-18283
-4211
-18579
-4115
-18811
-4339
93
-4395
-123
-4383
-359
-4447
-587
-4403
-851
-4463
-1091
-4423
-1335
-4355
-1539
-4371
-1747
-4459
-2035
-4347
-2255
-4367
-2543
-4383
-2759
-4367
-2963
-4439
-3199
-4463
-3403
-4435
-3727
-4375
-3975
-4435
-4171
-4387
-4407
-4371
-4659
-4407
-4891
-4327
-5071
-4395
-5407
-4347
-5651
-4415
-5819
-4459
-6043
-4407
-6359
-4463
-6543
-4459
-6843
-4359
-7011
-4395
-7251
-4427
-7559
-4447
-7799
-4399
-8027
-4435
-8291
-4347
-8511
-4395
-8711
-4395
-8899
-4467
-9227
-4403
-9395
-4403
-9635
-4475
-9971
-4395
-10211
-4419
-10419
-4411
-10611
-4459
-10851
-4403
-11139
-4467
-11419
-4403
-11579
-4427
-11867
-4459
-12067
-4435
-12267
-4411
-12587
-4459
-12851
-4459
-13075
-4347
-13299
-4395
-13579
-4347
-13707
-4363
-14027
-4467
-14307
-4451
-14523
-4475
-14707
-4363
-14963
-4403
-15267
-4475
-15435
-4435
-15627
-4467
-15907
-4435
-16131
-4451
-16371
-4427
-16691
-4371
-16835
-4363
-17195
-4411
-17427
-4387
-17571
-4435
-17827
-4347
-18147
-4387
-18363
-4387
-18547
-4379
-18851
-4611
117
-4699
-75
-4579
-391
-4667
-551
-4703
-719
-4647
-1019
-4687
-1263
-4687
-1455
-4651
-1711
-4663
-1999
-4643
-2251
-4703
-2423
-4667
-2751
-4699
-2959
-4579
-3191
-4627
-3507
-4651
-3719
-4695
-3899
-4611
-4135
-4607
-4407
-4619
-4635
-4671
-4855
-4671
-5059
-4595
-5323
-4667
-5615
-4707
-5835
-4679
-6015
-4675
-6379
-4611
-6611
-4587
-6819
-4687
-7007
-4711
-7211
-4703
-7467
-4691
-7739
-4663
-7915
-4599
-8227
-4703
-8471
-4635
-8687
-4587
-8891
-4687
-9207
-4575
-9403
-4715
-9683
-4603
-9931
-4595
-10179
-4691
-10379
-4707
-10699
-4643
-10835
-4651
-11163
-4619
-11347
-4691
-11651
-4603
-11851
-4715
-12131
-4683
-12275
-4715
-12587
-4707
-12851
-4683
-13051
-4675
-13355
-4651
-13515
-4659
-13747
-4715
-14019
-4699
-14235
-4627
-14555
-4715
-14747
-4619
-14955
-4595
-15195
-4707
-15387
-4715
-15635
-4691
-15995
-4683
-16203
-4659
-16459
-4715
-16651
-4715
-16907
-4683
-17123
-4707
-17403
-4707
-17627
-4699
-17875
-4715
-18147
-4715
-18315
-4659
-18515
-4707
-18827
-4891
109
-4867
-43
-4843
-343
-4899
-559
-4839
-783
-4907
-1039
-4879
-1259
-4835
-1463
-4915
-1719
-4919
-2047
-4931
-2207
-4843
-2459
-4847
-2719
-4927
-3015
-4895
-3187
-4907
-3467
-4835
-3679
-4887
-3871
-4879
-4179
-4927
-4415
-4899
-4615
-4883
-4883
-4883
-5155
-4939
-5351
-4835
-5663
-4911
-5783
-4935
-6099
-4843
-6327
-4899
-6619
-4931
-6723
-4939
-7003
-4899
-7299
-4859
-7527
-4903
-7735
-4879
-7959
-4931
-8203
-4939
-8423
-4827
-8675
-4879
-8939
-4927
-9231
-4879
-9391
-4867
-9699
-4899
-9947
-4939
-10211
-4859
-10419
-4867
-10683
-4907
-10915
-4851
-11171
-4843
-11395
-4899
-11579
-4899
-11811
-4955
-12035
-4843
-12363
-4843
-12627
-4939
-12835
-4883
-13059
-4947
-13299
-4955
-13563
-4939
-13771
-4859
-14035
-4883
-14267
-4851
-14459
-4827
-14763
-4915
-14955
-4947
-15163
-4843
-15443
-4923
-15707
-4843
-15987
-4867
-16115
-4955
-16347
-4939
-16619
-4931
-16859
-4899
-17139
-4835
-17435
-4955
-17571
-4883
-17859
-4915
-18067
-4827
-18355
-4923
-18627
-4843
-18819
-5059
109
-5079
-127
-5063
-259
-5151
-499
-5123
-783
-5139
-1055
-5055
-1231
-5167
-1483
-5167
-1699
-5123
-2027
-5039
-2227
-5171
-2547
-5119
-2731
-5175
-2983
-5111
-3255
-5111
-3483
-5143
-3739
-5139
-3899
-5055
-4203
-5167
-4415
-5111
-4579
-5171
-4935
-5135
-5187
-5063
-5403
-5127
-5615
-5187
-5891
-5187
-6111
-5183
-6343
-5147
-6567
-5115
-6831
-5155
-7007
-5063
-7343
-5143
-7499
-5067
-7787
-5123
-7979
-5079
-8227
-5131
-8475
-5087
-8739
-5175
-9015
-5091
-9191
-5067
-9515
-5163
-9747
-5163
-9923
-5115
-10195
-5123
-10347
-5091
-10587
-5187
-10827
-5187
-11187
-5099
-11427
-5107
-11563
-5115
-11867
-5139
-12075
-5131
-12291
-5107
-12603
-5131
-12843
-5115
-13027
-5107
-13259
-5107
-13483
-5139
-13827
-5091
-13955
-5187
-14299
-5187
-14547
-5099
-14779
-5187
-14947
-5179
-15259
-5123
-15419
-5075
-15659
-5083
-15955
-5107
-16163
-5187
-16443
-5083
-16715
-5179
-16907
-5187
-17195
-5123
-17307
-5139
-17603
-5099
-17875
-5155
-18099
-5091
-18275
-5155
-18507
-5123
-18811
-5371
133
-5307
-99
-5411
-371
-5363
-583
-5331
-791
-5371
-1091
-5395
-1283
-5395
-1467
-5427
-1763
-5331
-2047
-5331
-2263
-5387
-2411
-5419
-2795
-5395
-2935
-5363
-3199
-5403
-3387
-5419
-3731
-5435
-3979
-5355
-4231
-5427
-4475
-5427
-4683
-5411
-4851
-5323
-5059
-5403
-5411
-5347
-5639
-5355
-5799
-5323
-6095
-5427
-6307
-5403
-6587
-5419
-6811
-5371
-7047
-5427
-7243
-5363
-7559
-5419
-7747
-5435
-7947
-5331
-8279
-5315
-8519
-5395
-8675
-5371
-8939
-5315
-9183
-5315
-9439
-5411
-9723
-5435
-9899
-5379
-10203
-5331
-10475
-5371
-10707
-5387
-10931
-5435
-11179
-5371
-11339
-5395
-11651
-5411
-11851
-5371
-12099
-5387
-12299
-5387
-12547
-5315
-12787
-5315
-13011
-5403
-13331
-5323
-13531
-5307
-13747
-5379
-14003
-5347
-14235
-5395
-14547
-5371
-14667
-5371
-14907
-5427
-15147
-5371
-15515
-5307
-15739
-5419
-15939
-5387
-16179
-5419
-16379
-5315
-16611
-5355
-16827
-5395
-17187
-5403
-17363
-5331
-17611
-5419
-17891
-5419
-18147
-5331
-18307
-5427
-18539
-5355
-18827
-5635
133
-5675
-99
-5635
-379
-5603
-563
-5611
-787
-5675
-1107
-5667
-1339
-5643
-1499
-5587
-1771
-5675
-2027
-5675
-2203
-5675
-2499
-5563
-2683
-5571
-2963
-5635
-3219
-5651
-3403
-5635
-3675
-5675
-3955
-5571
-4163
-5667
-4443
-5619
-4651
-5651
-4947
-5571
-5083
-5643
-5331
-5555
-5659
-5667
-5827
-5611
-6139
-5555
-6379
-5651
-6571
-5667
-6795
-5675
-7059
-5667
-7315
-5667
-7467
-5611
-7731
-5651
-8075
-5555
-8291
-5619
-8467
-5651
-8747
-5547
-9035
-5563
-9219
-5627
-9427
-5603
-9659
-5587
-9907
-5643
-10139
-5555
-10467
-5563
-10667
-5547
-10851
-5547
-11123
-5603
-11331
-5563
-11563
-5579
-11811
-5563
-12099
-5587
-12379
-5651
-12635
-5587
-12835
-5603
-13011
-5587
-13267
-5627
-13531
-5659
-13747
-5563
-14067
-5659
-14227
-5667
-14459
-5595
-14787
-5547
-14947
-5619
-15251
-5675
-15395
-5555
-15699
-5675
-15875
-5595
-16195
-5587
-16371
-5667
-16595
-5619
-16947
-5603
-17067
-5579
-17419
-5571
-17675
-5579
-17843
-5587
-18115
-5595
-18387
-5555
-18531
-5555
-18827
-5867
133
-5867
-139
-5811
-387
-5859
-539
-5891
-843
-5851
-1059
-5907
-1347
-5915
-1507
-5795
-1835
-5795
-2051
-5899
-2187
-5907
-2451
-5803
-2731
-5875
-3027
-5803
-3275
-5795
-3507
-5795
-3635
-5915
-3891
-5851
-4203
-5827
-4347
-5875
-4667
-5883
-4947
-5907
-5171
-5819
-5379
-5859
-5659
-5867
-5811
-5883
-6155
-5859
-6347
-5803
-6635
-5875
-6875
-5851
-7099
-5787
-7267
-5899
-7531
-5907
-7723
-5891
-7979
-5915
-8267
-5899
-8443
-5907
-8787
-5883
-8947
-5827
-9163
-5891
-9491
-5915
-9731
-5907
-9875
-5835
-10123
-5787
-10467
-5915
-10651
-5827
-10947
-5875
-11163
-5859
-11379
-5915
-11619
-5883
-11867
-5899
-12067
-5915
-12347
-5883
-12579
-5915
-12779
-5803
-13051
-5787
-13347
-5875
-13515
-5795
-13779
-5875
-13963
-5883
-14315
-5915
-14467
-5899
-14739
-5907
-14995
-5819
-15227
-5827
-15443
-5851
-15699
-5915
-15915
-5883
-16147
-5819
-16435
-5819
-16619
-5819
-16835
-5851
-17107
-5851
-17315
-5915
-17579
-5851
-17875
-5891
-18035
-5883
-18275
-5875
-18635
-5915
-18819
-6123
149
-6155
-59
-6051
-331
-6139
-587
-6099
-755
-6051
-1099
-6043
-1251
-6155
-1587
-6067
-1755
-6035
-2043
-6131
-2259
-6051
-2451
-6027
-2667
-6067
-2939
-6075
-3251
-6075
-3411
-6139
-3643
-6083
-3875
-6107
-4187
-6035
-4475
-6115
-4707
-6107
-4899
-6083
-5115
-6035
-5363
-6059
-5627
-6131
-5811
-6123
-6059
-6115
-6379
-6139
-6507
-6035
-6859
-6035
-6995
-6107
-7307
-6123
-7547
-6091
-7811
-6107
-7995
-6115
-8299
-6115
-8467
-6155
-8739
-6131
-8915
-6131
-9243
-6123
-9491
-6091
-9691
-6059
-9907
-6107
-10147
-6059
-10379
-6027
-10595
-6099
-10867
-6131
-11163
-6091
-11427
-6035
-11619
-6059
-11907
-6155
-12067
-6147
-12275
-6131
-12563
-6123
-12747
-6107
-13107
-6051
-13323
-6115
-13507
-6123
-13803
-6155
-14059
-6091
-14267
-6083
-14459
-6147
-14755
-6051
-14955
-6075
-15195
-6139
-15499
-6083
-15667
-6107
-15891
-6107
-16115
-6155
-16371
-6139
-16675
-6107
-16939
-6115
-17075
-6083
-17363
-6139
-17627
-6139
-17883
-6067
-18043
-6131
-18355
-6147
-18563
-6027
-18819
-6387
125
-6275
-67
-6355
-307
-6371
-627
-6339
-819
-6387
-1059
-6283
-1347
-6275
-1563
-6307
-1803
-6363
-2011
-6339
-2227
-6347
-2507
-6307
-2779
-6307
-2915
-6395
-3211
-6395
-3467
-6387
-3755
-6355
-3939
-6347
-4139
-6387
-4379
-6283
-4611
-6291
-4883
-6347
-5091
-6387
-5387
-6371
-5635
-6347
-5915
-6387
-6059
-6363
-6363
-6347
-6563
-6387
-6779
-6299
-7019
-6331
-7307
-6355
-7579
-6379
-7779
-6331
-8019
-6387
-8291
-6379
-8483
-6371
-8739
-6339
-8947
-6363
-9147
-6339
-9427
-6395
-9747
-6331
-9875
-6379
-10187
-6387
-10419
-6363
-10707
-6283
-10955
-6379
-11083
-6307
-11411
-6379
-11643
-6315
-11875
-6387
-12075
-6363
-12379
-6291
-12507
-6275
-12875
-6339
-13075
-6379
-13307
-6283
-13507
-6387
-13811
-6283
-14043
-6275
-14283
-6307
-14451
-6371
-14739
-6323
-14955
-6339
-15227
-6355
-15467
-6299
-15691
-6331
-15923
-6283
-16211
-6363
-16355
-6347
-16619
-6267
-16827
-6347
-17187
-6371
-17371
-6347
-17555
-6363
-17811
-6379
-18091
-6267
-18315
-6395
-18547
-6331
-18811
-6611
85
-6611
-139
-6619
-371
-6547
-523
-6635
-851
-6579
-1003
-6571
-1227
-6627
-1491
-6627
-1747
-6611
-2043
-6595
-2275
-6595
-2555
-6595
-2691
-6507
-2923
-6555
-3259
-6531
-3515
-6579
-3627
-6595
-3923
-6611
-4211
-6523
-4443
-6531
-4691
-6523
-4851
-6587
-5075
-6579
-5419
-6563
-5571
-6571
-5827
-6611
-6139
-6611
-6307
-6515
-6603
-6563
-6867
-6611
-7059
-6579
-7283
-6619
-7539
-6635
-7731
-6627
-8035
-6619
-8291
-6579
-8443
-6515
-8747
-6531
-9035
-6579
-9187
-6603
-9491
-6515
-9659
-6547
-9955
-6627
-10195
-6587
-10467
-6635
-10643
-6619
-10915
-6603
-11163
-6587
-11307
-6603
-11571
-6563
-11803
-6579
-12051
-6587
-12395
-6603
-12587
-6619
-12859
-6507
-13027
-6563
-13235
-6627
-13595
-6619
-13723
-6555
-14035
-6531
-14187
-6595
-14507
-6571
-14707
-6579
-15003
-6587
-15259
-6619
-15387
-6619
-15755
-6523
-15899
-6523
-16163
-6603
-16419
-6587
-16595
-6555
-16931
-6579
-17123
-6611
-17387
-6627
-17643
-6539
-17883
-6603
-18091
-6579
-18363
-6579
-18627
-6611
-18867
-6827
125
-6819
-99
-6835
-291
-6795
-571
-6819
-819
-6835
-1059
-6867
-1299
-6811
-1491
-6843
-1771
-6859
-1947
-6771
-2315
-6819
-2531
-6843
-2795
-6811
-2979
-6835
-3219
-6859
-3467
-6867
-3707
-6875
-3867
-6795
-4139
-6835
-4387
-6787
-4635
-6755
-4923
-6835
-5163
-6795
-5411
-6755
-5587
-6779
-5891
-6755
-6083
-6843
-6395
-6843
-6595
-6795
-6771
-6835
-7019
-6763
-7347
-6851
-7523
-6851
-7715
-6875
-7947
-6755
-8291
-6811
-8539
-6843
-8747
-6867
-8995
-6843
-9195
-6827
-9411
-6859
-9635
-6771
-9995
-6867
-10107
-6875
-10451
-6795
-10691
-6771
-10915
-6747
-11163
-6835
-11379
-6787
-11635
-6875
-11907
-6859
-12123
-6827
-12355
-6875
-12603
-6819
-12771
-6875
-13051
-6875
-13283
-6811
-13579
-6755
-13747
-6835
-14067
-6859
-14291
-6787
-14459
-6835
-14771
-6827
-15035
-6851
-15259
-6851
-15507
-6859
-15627
-6867
-15995
-6835
-16235
-6819
-16475
-6811
-16643
-6771
-16955
-6779
-17195
-6795
-17427
-6875
-17587
-6755
-17819
-6867
-18123
-6779
-18291
-6819
-18547
-6867
-18811
-6987
125
-7011
-139
-7115
-267
-7067
-555
-7035
-803
-7075
-1059
-7091
-1347
-7099
-1483
-7099
-1747
-7083
-1995
-7067
-2251
-7115
-2515
-7099
-2715
-7043
-2979
-7107
-3243
-7019
-3411
-7099
-3643
-7091
-3883
-7099
-4163
-7059
-4387
-7091
-4643
-7067
-4947
-7011
-5075
-7075
-5307
-7091
-5619
-7115
-5867
-7083
-6139
-7059
-6379
-7027
-6563
-7051
-6811
-7035
-7059
-7059
-7291
-7027
-7547
-7019
-7739
-7083
-7963
-7019
-8259
-6995
-8451
-7059
-8667
-7059
-8995
-7059
-9211
-7115
-9459
-7067
-9691
-7107
-9867
-7091
-10203
-7075
-10475
-7003
-10683
-7067
-10899
-7027
-11083
-7027
-11427
-7043
-11603
-7051
-11811
-7043
-12027
-7035
-12315
-7059
-12595
-7115
-12835
-7035
-13091
-6995
-13299
-7027
-13587
-7091
-13763
-7059
-14067
-7107
-14203
-7115
-14547
-7107
-14779
-7019
-14907
-6995
-15211
-7059
-15459
-7107
-15755
-6995
-15947
-7051
-16203
-7043
-16411
-7059
-16611
-7035
-16939
-7035
-17131
-7107
-17363
-7043
-17651
-7043
-17843
-7115
-18051
-7043
-18371
-7075
-18635
-7011
-18843
-7235
133
-7347
-67
-7251
-315
-7347
-619
-7299
-779
-7283
-1003
-7251
-1243
-7291
-1491
-7251
-1787
-7339
-2035
-7291
-2251
-7251
-2515
-7339
-2691
-7299
-3003
-7331
-3179
-7307
-3507
-7347
-3683
-7283
-3971
-7283
-4179
-7355
-4387
-7235
-4715
-7235
-4899
-7243
-5139
-7267
-5435
-7235
-5651
-7315
-5875
-7251
-6051
-7227
-6395
-7355
-6595
-7291
-6787
-7323
-7027
-7307
-7243
-7235
-7539
-7315
-7731
-7291
-7955
-7331
-8187
-7355
-8467
-7259
-8771
-7347
-8995
-7283
-9235
-7267
-9443
-7291
-9723
-7315
-9947
-7267
-10139
-7259
-10475
-7323
-10587
-7315
-10827
-7259
-11163
-7259
-11331
-7355
-11635
-7243
-11827
-7355
-12123
-7291
-12371
-7307
-12515
-7227
-12859
-7251
-13051
-7315
-13347
-7331
-13547
-7259
-13819
-7315
-14075
-7267
-14195
-7355
-14467
-7235
-14739
-7299
-15027
-7299
-15195
-7291
-15515
-7323
-15643
-7355
-15963
-7315
-16195
-7299
-16379
-7355
-16699
-7251
-16827
-7315
-17163
-7347
-17347
-7315
-17571
-7331
-17875
-7315
-18067
-7283
-18347
-7347
-18547
-7315
-18835
-7523
125
-7555
-83
-7539
-387
-7571
-627
-7491
-819
-7507
-987
-7563
-1307
-7515
-1579
-7483
-1811
-7555
-2035
-7467
-2291
-7547
-2499
-7587
-2675
-7579
-2987
-7539
-3211
-7515
-3499
-7523
-3643
-7587
-3963
-7587
-4147
-7515
-4411
-7579
-4643
-7467
-4891
-7483
-5123
-7547
-5395
-7491
-5547
-7507
-5907
-7595
-6067
-7571
-6323
-7587
-6619
-7531
-6747
-7563
-7043
-7475
-7347
-7539
-7531
-7499
-7771
-7579
-8075
-7587
-8243
-7587
-8435
-7563
-8715
-7587
-9019
-7491
-9179
-7531
-9507
-7523
-9683
-7595
-9939
-7539
-10155
-7587
-10395
-7515
-10707
-7571
-10843
-7491
-11195
-7531
-11411
-7595
-11635
-7563
-11811
-7531
-12091
-7539
-12339
-7587
-12539
-7499
-12867
-7563
-13011
-7475
-13331
-7499
-13515
-7571
-13723
-7539
-13947
-7587
-14211
-7595
-14539
-7523
-14763
-7563
-14947
-7587
-15267
-7531
-15499
-7555
-15683
-7563
-15931
-7491
-16195
-7491
-16403
-7595
-16619
-7571
-16955
-7515
-17179
-7555
-17307
-7515
-17643
-7523
-17843
-7483
-18115
-7539
-18307
-7507
-18563
-7483
-18827
-7795
133
-7763
-115
-7803
-283
-7835
-627
-7819
-843
-7795
-1019
-7819
-1315
-7819
-1555
-7795
-1747
-7803
-1955
-7739
-2275
-7811
-2515
-7763
-2707
-7827
-3003
-7739
-3251
-7723
-3483
-7707
-3691
-7755
-3955
-7739
-4179
-7731
-4459
-7763
-4643
-7779
-4939
-7731
-5091
-7795
-5419
-7811
-5555
-7779
-5851
-7755
-6043
-7787
-6267
-7795
-6579
-7819
-6835
-7747
-7083
-7819
-7331
-7795
-7475
-7763
-7755
-7787
-8035
-7811
-8259
-7795
-8467
-7835
-8691
-7763
-9027
-7731
-9243
-7787
-9459
-7835
-9643
-7779
-9899
-7827
-10195
-7819
-10363
-7803
-10595
-7723
-10843
-7827
-11131
-7715
-11347
-7811
-11563
-7787
-11787
-7787
-12147
-7747
-12323
-7835
-12603
-7755
-12859
-7811
-12995
-7755
-13347
-7795
-13563
-7811
-13739
-7795
-13963
-7827
-14195
-7803
-14547
-7803
-14699
-7771
-14931
-7835
-15243
-7739
-15507
-7827
-15675
-7739
-15907
-7787
-16171
-7811
-16371
-7747
-16595
-7835
-16827
-7707
-17155
-7835
-17419
-7835
-17627
-7779
-17827
-7763
-18123
-7763
-18371
-7739
-18531
-7779
-18811
-8075
133
-8059
-67
-8075
-283
-8027
-531
-7987
-811
-8051
-1075
-8003
-1227
-8067
-1547
-8075
-1811
-8035
-1955
-8011
-2291
-8019
-2555
-8059
-2707
-8051
-3003
-8019
-3235
-7971
-3411
-7995
-3683
-7987
-3939
-8035
-4203
-8019
-4419
-8019
-4659
-8003
-4843
-8043
-5107
-7995
-5419
-8067
-5643
-7995
-5891
-7947
-6027
-8075
-6275
-8027
-6571
-7979
-6843
-8067
-7107
-7987
-7307
-8075
-7475
-8051
-7731
-8067
-7947
-8027
-8219
-8043
-8539
-7963
-8763
-7963
-8963
-8035
-9171
-8019
-9451
-7995
-9699
-8059
-9907
-8011
-10203
-8067
-10347
-8067
-10595
-7995
-10827
-7955
-11195
-8051
-11395
-8027
-11603
-8043
-11811
-8051
-12027
-8075
-12291
-8011
-12531
-7955
-12811
-8043
-13003
-8067
-13283
-8035
-13467
-8051
-13763
-8019
-14067
-8019
-14203
-8035
-14539
-8027
-14779
-8067
-15035
-8003
-15195
-8075
-15427
-8067
-15755
-8011
-15955
-7995
-16219
-7979
-16427
-8067
-16691
-8059
-16843
-8075
-17187
-7995
-17435
-8059
-17619
-8011
-17827
-8051
-18043
-8067
-18347
-8035
-18603
-8027
-18843
-8235
125
-8251
-83
-8291
-363
-8299
-603
-8267
-747
-8259
-1051
-8267
-1275
-8283
-1563
-8307
-1811
-8235
-2043
-8267
-2259
-8211
-2555
-8235
-2787
-8235
-3035
-8195
-3195
-8259
-3507
-8307
-3643
-8275
-3915
-8243
-4227
-8195
-4379
-8203
-4667
-8307
-4875
-8283
-5091
-8251
-5403
-8275
-5579
-8307
-5907
-8267
-6067
-8275
-6315
-8307
-6619
-8275
-6859
-8275
-7035
-8291
-7283
-8243
-7515
-8259
-7779
-8299
-7979
-8211
-8307
-8243
-8443
-8267
-8787
-8291
-8955
-8299
-9219
-8219
-9475
-8259
-9683
-8275
-9955
-8219
-10163
-8299
-10427
-8219
-10587
-8235
-10947
-8195
-11179
-8307
-11387
-8227
-11555
-8259
-11899
-8291
-12027
-8203
-12283
-8299
-12571
-8227
-12795
-8283
-13067
-8243
-13291
-8235
-13579
-8299
-13827
-8315
-14059
-8235
-14195
-8315
-14427
-8283
-14739
-8275
-14915
-8275
-15147
-8275
-15403
-8259
-15691
-8195
-15867
-8211
-16171
-8251
-16443
-8251
-16699
-8259
-16899
-8211
-17163
-8315
-17419
-8203
-17619
-8259
-17899
-8275
-18075
-8307
-18363
-8243
-18579
-8251
-18843
-8483
117
-8507
-147
-8491
-331
-8499
-523
-8467
-875
-8515
-1107
-8523
-1331
-8555
-1579
-8539
-1787
-8507
-2019
-8499
-2235
-8499
-2427
-8539
-2667
-8427
-2915
-8491
-3275
-8555
-3507
-8531
-3723
-8507
-3963
-8515
-4131
-8539
-4411
-8491
-4707
-8547
-4955
-8547
-5179
-8499
-5323
-8555
-5603
-8443
-5859
-8459
-6099
-8483
-6371
-8555
-6547
-8547
-6875
-8435
-7011
-8443
-7307
-8555
-7523
-8507
-7827
-8483
-7955
-8459
-8203
-8539
-8475
-8443
-8771
-8531
-8907
-8555
-9187
-8547
-9459
-8523
-9699
-8523
-9923
-8499
-10115
-8539
-10451
-8491
-10635
-8539
-10883
-8507
-11067
-8547
-11339
-8483
-11651
-8555
-11891
-8555
-12075
-8499
-12339
-8491
-12539
-8523
-12787
-8515
-13043
-8539
-13355
-8547
-13499
-8451
-13723
-8547
-14059
-8443
-14243
-8539
-14499
-8435
-14683
-8515
-14971
-8539
-15163
-8531
-15435
-8547
-15691
-8427
-15891
-8547
-16203
-8523
-16427
-8539
-16619
-8467
-16931
-8555
-17163
-8539
-17315
-8475
-17555
-8531
-17827
-8475
-18083
-8499
-18347
-8507
-18547
-8435
-18859
-8771
109
-8731
-147
-8787
-387
-8795
-611
-8763
-779
-8747
-1075
-8795
-1307
-8771
-1555
-8723
-1811
-8795
-1995
-8739
-2203
-8739
-2547
-8739
-2707
-8683
-2971
-8747
-3267
-8699
-3395
-8755
-3715
-8755
-3947
-8787
-4123
-8755
-4403
-8731
-4611
-8787
-4843
-8723
-5083
-8795
-5331
-8675
-5563
-8747
-5851
-8779
-6083
-8771
-6379
-8747
-6595
-8675
-6787
-8715
-7051
-8779
-7339
-8795
-7571
-8739
-7755
-8723
-8011
-8707
-8187
-8739
-8459
-8755
-8787
-8731
-8995
-8771
-9259
-8763
-9435
-8731
-9683
-8795
-9875
-8763
-10171
-8747
-10355
-8691
-10619
-8779
-10867
-8739
-11099
-8739
-11363
-8779
-11603
-8787
-11867
-8787
-12091
-8787
-12355
-8715
-12627
-8763
-12835
-8795
-13083
-8747
-13259
-8787
-13467
-8779
-13715
-8795
-13955
-8723
-14211
-8755
-14539
-8787
-14763
-8787
-14907
-8771
-15267
-8747
-15427
-8779
-15755
-8779
-15971
-8779
-16139
-8683
-16379
-8763
-16643
-8779
-16851
-8747
-17075
-8707
-17379
-8675
-17627
-8715
-17835
-8739
-18051
-8747
-18355
-8739
-18635
-8675
-18859
-9019
125
-9019
-147
-8979
-347
-9035
-507
-8947
-819
-8947
-1035
-8923
-1291
-8963
-1523
-8939
-1811
-9035
-1995
-8947
-2259
-8915
-2451
-8995
-2683
-9019
-2963
-8979
-3187
-8923
-3427
-9035
-3731
-8987
-3947
-8923
-4115
-8987
-4363
-8987
-4587
-8939
-4867
-8971
-5187
-8915
-5435
-9003
-5579
-9035
-5827
-9019
-6027
-8979
-6315
-8995
-6539
-9035
-6779
-9035
-7019
-8947
-7339
-8987
-7587
-8947
-7771
-9019
-8011
-8995
-8187
-8947
-8467
-8907
-8699
-8995
-8947
-8971
-9163
-8963
-9451
-9019
-9651
-8963
-9987
-9035
-10139
-9027
-10379
-9003
-10699
-8987
-10931
-8915
-11115
-8931
-11307
-9035
-11643
-8947
-11819
-8923
-12035
-8923
-12355
-8987
-12563
-9035
-12787
-9035
-13011
-8971
-13251
-8979
-13539
-8971
-13723
-9035
-14019
-8963
-14211
-8939
-14475
-9019
-14675
-9035
-14963
-8963
-15267
-9011
-15467
-8907
-15707
-9035
-15979
-8971
-16211
-9011
-16459
-9035
-16659
-8939
-16851
-8955
-17195
-8995
-17363
-8939
-17635
-8915
-17875
-9035
-18067
-9027
-18307
-8923
-18515
-9011
-18867
-9179
109
-9267
-147
-9235
-275
-9275
-619
-9275
-867
-9275
-1099
-9147
-1307
-9227
-1563
-9163
-1795
-9227
-1987
-9251
-2235
-9219
-2515
-9203
-2763
-9235
-2915
-9195
-3267
-9227
-3443
-9211
-3651
-9243
-3979
-9267
-4235
-9227
-4363
-9235
-4667
-9147
-4915
-9243
-5123
-9147
-5331
-9163
-5651
-9211
-5883
-9227
-6027
-9235
-6339
-9171
-6611
-9267
-6763
-9243
-7067
-9203
-7283
-9147
-7523
-9275
-7779
-9171
-7963
-9195
-8307
-9275
-8483
-9147
-8755
-9163
-8915
-9227
-9243
-9203
-9395
-9259
-9731
-9267
-9883
-9171
-10203
-9203
-10371
-9171
-10651
-9171
-10915
-9179
-11091
-9259
-11371
-9179
-11571
-9235
-11867
-9211
-12131
-9179
-12371
-9243
-12547
-9179
-12819
-9259
-12995
-9147
-13339
-9211
-13467
-9147
-13747
-9179
-13971
-9243
-14187
-9211
-14507
-9219
-14755
-9147
-14995
-9195
-15267
-9195
-15403
-9267
-15739
-9203
-15979
-9203
-16131
-9155
-16363
-9259
-16707
-9203
-16827
-9251
-17147
-9187
-17411
-9195
-17579
-9155
-17811
-9243
-18115
-9235
-18315
-9243
-18627
-9243
-18851
-9491
149
-9499
-83
-9435
-307
-9491
-531
-9467
-803
-9499
-1091
-9491
-1267
-9491
-1547
-9499
-1747
-9475
-2051
-9435
-2235
-9507
-2451
-9403
-2747
-9411
-2995
-9507
-3243
-9419
-3395
-9467
-3723
-9459
-3971
-9491
-4235
-9435
-4355
-9387
-4611
-9451
-4875
-9459
-5067
-9443
-5363
-9459
-5547
-9467
-5859
-9435
-6035
-9515
-6267
-9515
-6571
-9411
-6827
-9443
-7083
-9467
-7323
-9467
-7491
-9499
-7739
-9491
-8043
-9499
-8315
-9499
-8467
-9515
-8795
-9515
-8947
-9459
-9163
-9491
-9515
-9491
-9747
-9419
-9979
-9515
-10171
-9459
-10427
-9499
-10587
-9507
-10875
-9443
-11091
-9467
-11307
-9435
-11659
-9483
-11907
-9507
-12051
-9443
-12363
-9515
-12539
-9419
-12811
-9491
-12987
-9443
-13259
-9483
-13571
-9507
-13811
-9443
-13971
-9443
-14299
-9483
-14531
-9435
-14795
-9491
-14939
-9451
-15267
-9515
-15443
-9483
-15651
-9507
-15907
-9507
-16211
-9483
-16371
-9403
-16707
-9427
-16907
-9515
-17195
-9507
-17411
-9491
-17651
-9499
-17883
-9507
-18131
-9507
-18363
-9411
-18603
-9403
-18875
-9707
141
-9707
-139
-9723
-299
-9747
-627
-9747
-851
-9667
-987
-9723
-1251
-9643
-1547
-9683
-1771
-9755
-2067
-9707
-2243
-9707
-2523
-9715
-2715
-9715
-2939
-9683
-3219
-9747
-3395
-9715
-3731
-9699
-3899
-9643
-4219
-9739
-4347
-9699
-4715
-9739
-4859
-9675
-5131
-9739
-5411
-9699
-5635
-9723
-5875
-9707
-6115
-9747
-6275
-9667
-6571
-9723
-6787
-9723
-7083
-9747
-7243
-9675
-7563
-9659
-7819
-9715
-7947
-9667
-8315
-9739
-8555
-9723
-8763
-9635
-8955
-9723
-9235
-9731
-9419
-9691
-9667
-9651
-9907
-9691
-10147
-9723
-10451
-9747
-10635
-9723
-10931
-9755
-11123
-9755
-11435
-9683
-11659
-9667
-11827
-9659
-12147
-9667
-12339
-9635
-12595
-9731
-12867
-9723
-13051
-9715
-13355
-9659
-13595
-9675
-13819
-9723
-14035
-9691
-14307
-9651
-14483
-9747
-14779
-9747
-14979
-9627
-15187
-9691
-15499
-9723
-15683
-9731
-15923
-9699
-16171
-9707
-16371
-9715
-16611
-9715
-16931
-9691
-17067
-9643
-17411
-9747
-17659
-9659
-17859
-9707
-18083
-9739
-18307
-9683
-18507
-9667
-18827
-9907
125
-9963
-91
-9891
-315
-9899
-595
-9963
-867
-9923
-1059
-9979
-1299
-9931
-1507
-9875
-1707
-9891
-2059
-9979
-2299
-9939
-2515
-9867
-2683
-9995
-2923
-9899
-3187
-9987
-3451
-9979
-3699
-9875
-3963
-9867
-4147
-9995
-4363
-9963
-4643
-9995
-4915
-9875
-5155
-9939
-5331
-9931
-5603
-9891
-5891
-9883
-6115
-9915
-6395
-9979
-6523
-9995
-6835
-9987
-6995
-9979
-7347
-9979
-7595
-9963
-7707
-9979
-8019
-9915
-8203
-9867
-8555
-9995
-8795
-9947
-8947
-9979
-9235
-9955
-9515
-9971
-9635
-9947
-9987
-9939
-10235
-9931
-10363
-9955
-10603
-9883
-10851
-9947
-11067
-9883
-11387
-9995
-11571
-9939
-11875
-9995
-12035
-9907
-12379
-9947
-12571
-9939
-12819
-9931
-13107
-9923
-13291
-9915
-13571
-9987
-13763
-9907
-14067
-9979
-14203
-9907
-14555
-9995
-14795
-9995
-15003
-9979
-15219
-9955
-15395
-9979
-15715
-9915
-15979
-9955
-16187
-9915
-16451
-9947
-16595
-9971
-16955
-9875
-17083
-9963
-17315
-9971
-17611
-9979
-17907
-9947
-18083
-9947
-18291
-9987
-18507
-9963
-18819
-10219
149
-10123
-99
-10219
-371
-10163
-531
-10155
-851
-10179
-1099
-10171
-1251
-10219
-1595
-10155
-1819
-10107
-1963
-10163
-2259
-10163
-2459
-10219
-2787
-10171
-2907
-10179
-3251
-10195
-3411
-10211
-3707
-10131
-3979
-10131
-4107
-10187
-4403
-10171
-4707
-10115
-4827
-10195
-5195
-10123
-5339
-10203
-5619
-10163
-5859
-10235
-6147
-10211
-6379
-10227
-6619
-10211
-6819
-10171
-7051
-10139
-7323
-10123
-7531
-10211
-7827
-10203
-8011
-10163
-8235
-10227
-8555
-10203
-8667
-10219
-8979
-10227
-9259
-10195
-9419
-10235
-9659
-10235
-9867
-10235
-10139
-10123
-10459
-10203
-10595
-10147
-10875
-10235
-11099
-10195
-11331
-10227
-11675
-10115
-11811
-10187
-12035
-10187
-12275
-10203
-12619
-10171
-12763
-10235
-13035
-10219
-13323
-10227
-13491
-10123
-13763
-10235
-14019
-10227
-14235
-10115
-14435
-10203
-14779
-10227
-14907
-10235
-15187
-10187
-15475
-10131
-15635
-10211
-15971
-10179
-16171
-10131
-16459
-10123
-16611
-10235
-16955
-10163
-17107
-10219
-17435
-10203
-17571
-10171
-17827
-10195
-18051
-10147
-18339
-10139
-18611
-10115
-18859
-10451
109
-10427
-67
-10435
-347
-10443
-547
-10475
-811
-10467
-1107
-10451
-1355
-10475
-1563
-10467
-1819
-10467
-2003
-10459
-2267
-10459
-2555
-10467
-2787
-10475
-2915
-10459
-3179
-10451
-3467
-10427
-3747
-10475
-3923
-10459
-4123
-10427
-4403
-10435
-4619
-10459
-4875
-10475
-5195
-10467
-5315
-10411
-5563
-10475
-5843
-10451
-6131
-10459
-6291
-10419
-6531
-10451
-6803
-10443
-6987
-10443
-7227
-10475
-7587
-10443
-7827
-10451
-8059
-10475
-8235
-10451
-8539
-10435
-8739
-10459
-8915
-10475
-9147
-10475
-9451
-10443
-9675
-10467
-9939
-10443
-10163
-10443
-10443
-10435
-10611
-10419
-10947
-10435
-11171
-10475
-11323
-10451
-11595
-10459
-11787
-10411
-12051
-10411
-12355
-10467
-12563
-10467
-12803
-10443
-13091
-10459
-13291
-10475
-13587
-10475
-13715
-10419
-14019
-10475
-14283
-10475
-14507
-10427
-14795
-10475
-14995
-10451
-15187
-10459
-15427
-10427
-15627
-10411
-15931
-10459
-16115
-10467
-16475
-10459
-16707
-10475
-16939
-10467
-17155
-10475
-17395
-10467
-17555
-10459
-17867
-10467
-18115
-10411
-18371
-10443
-18531
-10459
-18827
