109
480
103
-119
409
-273
492
-499
160
-747
820
-1010
290
-1316
301
-1571
226
-1745
265
-1977
186
-2190
311
-2527
205
-2747
157
-2987
109
-3161
143
-3455
151
-3707
203
-3911
167
-4133
259
-4469
175
-4657
109
-4871
125
-5103
117
-5323
85
-5639
133
-5867
93
-6075
85
-6307
149
-6595
117
-6835
109
-7003
117
-7291
85
-7563
85
-7771
117
-7975
117
-8179
109
-8439
109
-8731
109
-8947
109
-9227
109
-9499
125
-9699
109
-9939
125
-10171
93
-10371
133
-10683
85
-10915
125
-11131
93
-11387
125
-11563
109
-11891
133
-12067
117
-12275
117
-12571
117
-12755
117
-13003
93
-13227
149
-13491
101
-13827
101
-13987
85
-14299
149
-14427
141
-14771
109
-14987
101
-15187
133
-15443
149
-15635
133
-15947
85
-16203
93
-16467
133
-16667
117
-16931
141
-17195
93
-17339
141
-17643
85
-17867
85
-18083
101
-18363
149
-18587
149
-18859
-115
341
-123
-103
-27
-321
-122
-578
-57
-777
-129
-1005
-43
-1223
-59
-1491
-23
-1819
-113
-1954
-91
-2236
-145
-2451
-75
-2659
-71
-3001
-55
-3217
-95
-3459
-115
-3645
-95
-3941
-73
-4179
-125
-4405
-7
-4651
-107
-4851
-91
-5111
-35
-5347
-107
-5575
-27
-5815
-107
-6099
-127
-6335
-27
-6567
-95
-6847
-135
-7075
-111
-7315
-35
-7515
-79
-7807
-127
-7979
-35
-8163
-87
-8443
-131
-8695
-111
-8979
-3
-9263
5
-9491
-99
-9755
-75
-9923
-131
-10203
-155
-10411
-91
-10587
-123
-10923
-67
-11195
-131
-11315
-139
-11619
-147
-11795
-123
-12155
-67
-12275
-83
-12563
-155
-12851
-107
-12987
-51
-13347
-115
-13555
-155
-13811
-67
-14003
-115
-14235
-155
-14435
-67
-14691
-75
-14923
-147
-15211
-99
-15491
-155
-15627
-147
-15915
-107
-16123
-35
-16403
-147
-16603
-115
-16955
-123
-17155
-99
-17395
-43
-17563
-147
-17795
-131
-18099
-139
-18363
-99
-18555
-51
-18827
-367
313
-262
-35
-377
-289
-283
-569
-363
-831
-257
-1009
-261
-1318
-369
-1563
-298
-1761
-333
-2003
-277
-2309
-325
-2435
-347
-2735
-385
-2983
-323
-3243
-315
-3419
-325
-3615
-357
-3857
-285
-4103
-349
-4339
-265
-4577
-355
-4831
-275
-5075
-335
-5379
-363
-5583
-339
-5791
-295
-6115
-279
-6267
-383
-6551
-259
-6823
-363
-7087
-319
-7247
-315
-7555
-343
-7707
-299
-8011
-267
-8191
-363
-8447
-307
-8667
-327
-8939
-371
-9195
-323
-9439
-339
-9667
-347
-9923
-267
-10171
-371
-10459
-371
-10659
-291
-10931
-387
-11139
-275
-11331
-347
-11563
-355
-11835
-379
-12051
-291
-12291
-283
-12579
-379
-12779
-387
-13019
-387
-13307
-323
-13475
-339
-13731
-323
-14075
-267
-14227
-267
-14531
-355
-14739
-347
-14955
-363
-15227
-395
-15395
-379
-15755
-371
-15875
-323
-16171
-347
-16387
-315
-16699
-379
-16891
-387
-17107
-339
-17427
-347
-17603
-299
-17899
-283
-18107
-267
-18387
-387
-18595
-355
-18875
-603
1822
-561
-121
-535
-329
-538
-505
-496
-845
-611
-1061
-563
-1316
-563
-1478
-585
-1670
-577
-2066
-523
-2178
-489
-2481
-561
-2655
-595
-3007
-515
-3239
-531
-3431
-557
-3685
-513
-3927
-507
-4079
-511
-4345
-579
-4631
-515
-4899
-519
-5143
-619
-5295
-567
-5531
-527
-5863
-611
-6023
-547
-6311
-595
-6571
-607
-6731
-503
-7047
-567
-7323
-555
-7459
-591
-7791
-551
-7951
-579
-8199
-559
-8419
-591
-8763
-487
-8883
-507
-9259
-531
-9371
-571
-9651
-627
-9995
-587
-10107
-635
-10475
-619
-10611
-587
-10851
-563
-11131
-579
-11419
-611
-11611
-587
-11907
-555
-12083
-627
-12307
-539
-12595
-547
-12771
-619
-13035
-627
-13315
-515
-13515
-555
-13819
-531
-14051
-579
-14307
-619
-14539
-619
-14683
-619
-14979
-595
-15171
-627
-15387
-619
-15691
-635
-15867
-531
-16235
-587
-16451
-579
-16715
-539
-16907
-635
-17083
-571
-17435
-555
-17643
-635
-17835
-547
-18107
-627
-18331
-627
-18595
-563
-18875
-855
465
-737
-32
-810
-257
-724
-558
-829
-722
-815
-1015
-743
-1329
-708
-1496
-859
-1697
-847
-2058
-761
-2309
-735
-2517
-835
-2671
-845
-2915
-799
-3149
-843
-3467
-837
-3599
-793
-3901
-807
-4111
-845
-4441
-761
-4627
-863
-4807
-863
-5115
-795
-5311
-839
-5615
-731
-5799
-779
-6067
-839
-6307
-779
-6503
-763
-6843
-843
-7039
-819
-7227
-771
-7503
-819
-7783
-835
-8023
-819
-8271
-827
-8455
-771
-8667
-763
-9007
-775
-9239
-855
-9391
-747
-9659
-843
-9867
-835
-10211
-867
-10411
-851
-10659
-875
-10939
-787
-11195
-819
-11435
-851
-11547
-827
-11819
-851
-12147
-851
-12395
-867
-12515
-835
-12811
-755
-13107
-779
-13315
-811
-13531
-763
-13707
-819
-14067
-851
-14283
-787
-14539
-819
-14699
-755
-14971
-827
-15203
-867
-15411
-843
-15691
-851
-15963
-803
-16195
-755
-16451
-835
-16699
-755
-16915
-747
-17107
-875
-17363
-755
-17667
-835
-17811
-843
-18139
-835
-18347
-851
-18595
-747
-18835
-1059
2012
-1075
-92
-1013
-305
-1089
-497
-1061
-794
-1067
-993
-1059
-1319
-973
-1505
-1005
-1812
-1064
-1967
-1043
-2233
-1097
-2437
-1077
-2659
-1069
-2915
-1039
-3177
-1011
-3405
-1029
-3671
-1031
-3931
-1053
-4125
-1033
-4403
-1011
-4701
-991
-4851
-1003
-5059
-1091
-5403
-1027
-5603
-1087
-5899
-991
-6135
-1047
-6303
-1075
-6563
-1075
-6835
-1063
-7059
-1091
-7219
-1003
-7503
-1103
-7703
-1071
-7983
-1115
-8187
-1083
-8539
-1003
-8683
-1071
-8915
-1107
-9211
-1039
-9407
-1091
-9643
-1091
-9899
-1067
-10163
-1099
-10387
-1035
-10619
-1115
-10955
-1115
-11155
-1115
-11379
-995
-11675
-995
-11803
-995
-12139
-1027
-12339
-1027
-12627
-1011
-12851
-1083
-13019
-987
-13235
-987
-13515
-1027
-13723
-1059
-14027
-1011
-14251
-1035
-14499
-995
-14723
-1067
-15011
-1067
-15227
-1043
-15427
-995
-15707
-1027
-15987
-1107
-16163
-1107
-16411
-1019
-16635
-995
-16859
-1083
-17083
-1027
-17347
-1027
-17595
-1051
-17883
-1059
-18075
-1051
-18283
-1115
-18579
-1115
-18867
-1331
1333
-1288
-17
-1327
-346
-1313
-557
-1237
-765
-1331
-975
-1327
-1306
-1255
-1489
-1319
-1805
-1233
-2011
-1247
-2181
-1239
-2513
-1217
-2691
-1279
-2939
-1213
-3227
-1275
-3389
-1289
-3667
-1303
-3965
-1215
-4145
-1333
-4377
-1289
-4619
-1339
-4875
-1355
-5159
-1243
-5379
-1287
-5647
-1307
-5767
-1339
-6075
-1263
-6243
-1279
-6515
-1339
-6727
-1327
-7031
-1283
-7227
-1267
-7531
-1279
-7795
-1343
-7975
-1327
-8279
-1311
-8499
-1311
-8715
-1303
-9023
-1235
-9231
-1343
-9455
-1307
-9731
-1267
-9971
-1339
-10211
-1347
-10475
-1339
-10667
-1339
-10835
-1331
-11091
-1243
-11379
-1331
-11571
-1315
-11907
-1267
-12075
-1347
-12395
-1227
-12531
-1315
-12827
-1339
-13075
-1315
-13243
-1243
-13475
-1315
-13795
-1259
-14019
-1307
-14315
-1307
-14523
-1243
-14739
-1275
-14987
-1291
-15243
-1243
-15459
-1259
-15699
-1315
-15931
-1315
-16155
-1315
-16419
-1283
-16699
-1315
-16947
-1331
-17131
-1307
-17331
-1275
-17571
-1315
-17907
-1243
-18035
-1315
-18323
-1251
-18531
-1235
-18819
-1579
1097
-1555
-79
-1453
-313
-1557
-541
-1545
-853
-1555
-1029
-1581
-1237
-1567
-1531
-1519
-1819
-1559
-1955
-1483
-2221
-1539
-2517
-1535
-2725
-1541
-2873
-1543
-3245
-1497
-3413
-1507
-3635
-1541
-3855
-1569
-4107
-1533
-4431
-1565
-4655
-1499
-4875
-1535
-5095
-1519
-5387
-1567
-5551
-1491
-5891
-1559
-6031
-1471
-6311
-1535
-6519
-1583
-6751
-1483
-7011
-1575
-7303
-1579
-7487
-1539
-7747
-1527
-7959
-1559
-8251
-1547
-8435
-1543
-8655
-1535
-8939
-1507
-9159
-1567
-9499
-1483
-9651
-1587
-9923
-1523
-10107
-1531
-10371
-1595
-10635
-1483
-10923
-1475
-11091
-1547
-11419
-1507
-11627
-1571
-11843
-1571
-12027
-1587
-12299
-1467
-12555
-1531
-12779
-1491
-13003
-1547
-13267
-1555
-13579
-1547
-13723
-1555
-13979
-1571
-14251
-1571
-14539
-1539
-14715
-1475
-15035
-1475
-15187
-1531
-15395
-1587
-15635
-1587
-15947
-1507
-16147
-1507
-16459
-1547
-16595
-1595
-16923
-1523
-17107
-1491
-17371
-1587
-17627
-1579
-17851
-1523
-18099
-1587
-18315
-1563
-18523
-1507
-18851
-1795
1047
-1803
-53
-1759
-339
-1821
-615
-1769
-709
-1801
-1049
-1805
-1313
-1719
-1567
-1799
-1761
-1797
-2029
-1819
-2289
-1759
-2511
-1695
-2699
-1783
-2991
-1797
-3231
-1723
-3435
-1705
-3689
-1759
-3935
-1809
-4139
-1785
-4431
-1799
-4703
-1775
-4863
-1779
-5175
-1731
-5319
-1771
-5619
-1711
-5907
-1771
-6051
-1815
-6279
-1795
-6539
-1763
-6731
-1787
-7071
-1815
-7343
-1815
-7511
-1803
-7723
-1775
-8023
-1771
-8243
-1791
-8487
-1827
-8659
-1767
-9003
-1787
-9167
-1811
-9419
-1763
-9747
-1715
-9899
-1819
-10227
-1763
-10443
-1779
-10651
-1819
-10907
-1755
-11147
-1827
-11307
-1827
-11619
-1707
-11907
-1779
-12123
-1739
-12371
-1819
-12531
-1827
-12787
-1755
-13035
-1731
-13283
-1755
-13563
-1811
-13779
-1731
-14043
-1763
-14243
-1763
-14451
-1787
-14731
-1731
-14923
-1819
-15235
-1811
-15435
-1827
-15683
-1763
-15867
-1827
-16155
-1795
-16387
-1827
-16715
-1819
-16931
-1715
-17195
-1731
-17363
-1763
-17571
-1731
-17867
-1819
-18147
-1755
-18267
-1779
-18539
-1739
-18851
-2075
915
-2001
-39
-2039
-345
-2035
-559
-2061
-787
-1967
-1001
-2027
-1195
-2033
-1563
-1987
-1697
-1979
-1929
-1987
-2279
-2051
-2415
-1997
-2747
-1923
-2941
-2051
-3247
-2039
-3431
-2031
-3689
-2029
-3855
-1943
-4145
-2043
-4375
-2045
-4685
-1963
-4907
-1955
-5147
-1915
-5291
-2015
-5555
-2043
-5795
-2051
-5995
-1927
-6367
-2039
-6595
-2075
-6819
-1947
-7115
-2051
-7251
-2047
-7571
-1983
-7743
-2071
-7935
-1931
-8251
-1995
-8419
-2023
-8747
-1975
-8915
-1959
-9239
-2007
-9515
-2059
-9675
-2011
-9939
-2019
-10203
-1963
-10403
-2003
-10595
-2043
-10955
-1947
-11163
-2027
-11315
-2059
-11587
-1995
-11899
-2067
-12099
-2059
-12363
-1955
-12555
-2027
-12755
-2067
-13043
-1995
-13275
-2019
-13531
-1955
-13779
-1987
-14003
-2035
-14283
-1963
-14459
-2035
-14779
-1995
-14939
-2043
-15227
-2051
-15419
-2003
-15651
-2003
-15907
-2019
-16211
-2003
-16379
-2059
-16619
-2059
-16947
-2051
-17179
-2043
-17339
-1963
-17611
-2067
-17835
-1955
-18083
-1995
-18323
-2043
-18619
-1947
-18875
-2215
305
-2203
-115
-2219
-293
-2173
-561
-2299
-743
-2267
-991
-2231
-1273
-2283
-1551
-2267
-1719
-2257
-1987
-2227
-2303
-2257
-2491
-2245
-2795
-2229
-2871
-2271
-3189
-2211
-3415
-2177
-3735
-2251
-3851
-2243
-4115
-2223
-4379
-2251
-4655
-2211
-4851
-2203
-5183
-2299
-5415
-2231
-5615
-2251
-5815
-2251
-6003
-2219
-6327
-2243
-6575
-2211
-6831
-2263
-6971
-2295
-7323
-2263
-7439
-2275
-7703
-2267
-8043
-2307
-8291
-2307
-8523
-2251
-8659
-2275
-9015
-2203
-9243
-2247
-9427
-2219
-9627
-2219
-9995
-2315
-10179
-2307
-10411
-2307
-10627
-2235
-10955
-2275
-11163
-2307
-11307
-2275
-11611
-2299
-11843
-2299
-12099
-2195
-12395
-2203
-12619
-2195
-12875
-2283
-12995
-2259
-13259
-2227
-13563
-2235
-13731
-2203
-13971
-2195
-14219
-2211
-14491
-2259
-14707
-2243
-14907
-2243
-15171
-2259
-15403
-2251
-15699
-2259
-15915
-2315
-16171
-2283
-16467
-2187
-16675
-2259
-16859
-2259
-17147
-2275
-17307
-2243
-17675
-2243
-17899
-2251
-18043
-2307
-18355
-2227
-18571
-2275
-18851
-2483
2089
-2499
-107
-2435
-345
-2479
-619
-2455
-761
-2475
-1011
-2521
-1287
-2531
-1501
-2547
-1693
-2437
-2011
-2523
-2173
-2443
-2467
-2437
-2659
-2553
-2963
-2481
-3223
-2493
-3443
-2459
-3619
-2507
-3953
-2467
-4175
-2399
-4459
-2475
-4641
-2519
-4835
-2543
-5059
-2439
-5331
-2475
-5587
-2523
-5871
-2491
-6067
-2531
-6267
-2527
-6511
-2511
-6819
-2447
-7043
-2507
-7227
-2435
-7487
-2455
-7787
-2479
-8059
-2475
-8199
-2463
-8467
-2511
-8715
-2475
-8979
-2479
-9191
-2535
-9399
-2555
-9683
-2507
-9907
-2491
-10163
-2555
-10435
-2507
-10627
-2499
-10907
-2467
-11147
-2467
-11347
-2451
-11555
-2515
-11859
-2547
-12107
-2515
-12363
-2483
-12539
-2475
-12835
-2539
-13051
-2435
-13347
-2443
-13547
-2507
-13723
-2523
-14051
-2507
-14299
-2443
-14443
-2523
-14795
-2531
-14955
-2467
-15219
-2491
-15475
-2451
-15659
-2523
-15939
-2499
-16195
-2499
-16363
-2555
-16651
-2539
-16915
-2515
-17075
-2539
-17387
-2539
-17555
-2547
-17803
-2467
-18083
-2499
-18299
-2539
-18619
-2507
-18827
-2687
421
-2711
-131
-2711
-343
-2651
-531
-2691
-763
-2735
-1047
-2779
-1283
-2679
-1541
-2743
-1783
-2751
-1919
-2759
-2167
-2747
-2439
-2727
-2755
-2771
-2943
-2747
-3175
-2755
-3415
-2779
-3655
-2767
-3939
-2795
-4151
-2739
-4463
-2795
-4607
-2791
-4847
-2659
-5147
-2767
-5359
-2787
-5607
-2727
-5787
-2743
-6031
-2707
-6255
-2771
-6579
-2755
-6835
-2735
-7091
-2775
-7259
-2675
-7523
-2767
-7771
-2763
-7951
-2671
-8191
-2679
-8531
-2739
-8731
-2727
-8955
-2779
-9195
-2755
-9507
-2683
-9683
-2699
-9963
-2699
-10139
-2731
-10371
-2723
-10707
-2787
-10891
-2763
-11075
-2771
-11323
-2675
-11635
-2787
-11795
-2779
-12131
-2731
-12323
-2787
-12635
-2755
-12755
-2763
-13067
-2795
-13259
-2787
-13547
-2755
-13795
-2763
-14003
-2707
-14203
-2715
-14523
-2683
-14683
-2755
-15011
-2787
-15259
-2755
-15507
-2795
-15739
-2691
-15931
-2787
-16155
-2787
-16411
-2723
-16627
-2723
-16851
-2707
-17083
-2755
-17307
-2779
-17579
-2707
-17787
-2787
-18139
-2771
-18355
-2779
-18587
-2699
-18827
-2975
125
-2923
-51
-3011
-383
-2963
-559
-2939
-759
-2951
-1059
-2987
-1303
-2903
-1539
-2959
-1835
-2927
-2043
-2959
-2207
-2999
-2427
-2975
-2783
-3027
-2971
-2907
-3167
-3027
-3471
-3023
-3707
-2939
-3855
-2927
-4127
-2927
-4363
-3015
-4707
-2991
-4899
-2963
-5195
-2907
-5407
-2999
-5571
-2999
-5823
-2991
-6119
-3023
-6315
-2979
-6519
-2967
-6747
-2931
-7075
-2971
-7235
-2943
-7587
-2967
-7707
-2943
-8031
-3007
-8235
-2987
-8463
-2947
-8763
-2883
-9003
-3027
-9195
-2947
-9499
-3003
-9747
-2979
-9867
-2995
-10219
-2963
-10371
-2979
-10603
-3035
-10931
-3011
-11107
-2915
-11315
-2987
-11579
-2979
-11811
-2971
-12131
-3035
-12355
-2915
-12563
-2971
-12827
-3027
-12995
-3027
-13283
-3003
-13555
-3035
-13787
-2923
-13947
-3019
-14187
-3011
-14475
-2987
-14771
-2915
-14995
-2979
-15243
-2915
-15507
-3035
-15627
-3035
-15867
-3027
-16107
-2987
-16371
-2947
-16659
-2987
-16947
-2995
-17075
-2931
-17411
-2955
-17595
-3011
-17795
-3011
-18131
-3019
-18387
-2979
-18619
-2979
-18835
-3239
109
-3183
-79
-3167
-327
-3227
-591
-3211
-735
-3243
-1047
-3251
-1227
-3259
-1591
-3119
-1807
-3199
-2039
-3155
-2179
-3271
-2423
-3219
-2723
-3139
-2951
-3135
-3123
-3191
-3507
-3171
-3675
-3259
-3883
-3203
-4171
-3195
-4419
-3195
-4583
-3143
-4935
-3231
-5135
-3207
-5315
-3251
-5619
-3179
-5863
-3259
-6015
-3211
-6355
-3187
-6567
-3151
-6851
-3243
-7051
-3243
-7323
-3171
-7519
-3255
-7779
-3207
-7947
-3255
-8251
-3179
-8471
-3259
-8739
-3259
-8959
-3215
-9199
-3135
-9483
-3203
-9651
-3275
-9899
-3251
-10107
-3227
-10371
-3251
-10627
-3155
-10915
-3227
-11091
-3275
-11363
-3179
-11603
-3187
-11835
-3267
-12067
-3203
-12371
-3243
-12595
-3219
-12851
-3235
-12987
-3267
-13291
-3243
-13499
-3227
-13715
-3251
-14035
-3267
-14219
-3259
-14443
-3203
-14723
-3235
-14995
-3203
-15203
-3187
-15483
-3187
-15723
-3235
-15987
-3235
-16139
-3267
-16443
-3235
-16699
-3227
-16907
-3219
-17075
-3171
-17323
-3267
-17555
-3203
-17907
-3195
-18051
-3155
-18291
-3243
-18571
-3243
-18835
-3439
141
-3507
-131
-3475
-339
-3491
-627
-3483
-783
-3459
-1063
-3491
-1319
-3455
-1491
-3439
-1795
-3427
-1975
-3383
-2215
-3491
-2523
-3479
-2719
-3463
-2935
-3467
-3267
-3491
-3459
-3387
-3603
-3435
-3871
-3391
-4159
-3483
-4411
-3379
-4715
-3495
-4891
-3443
-5091
-3415
-5331
-3459
-5635
-3419
-5891
-3495
-6099
-3455
-6331
-3475
-6635
-3415
-6839
-3455
-7091
-3475
-7243
-3495
-7523
-3487
-7727
-3467
-7959
-3451
-8227
-3503
-8499
-3443
-8771
-3463
-9011
-3487
-9263
-3491
-9491
-3483
-9715
-3507
-9875
-3443
-10123
-3499
-10387
-3467
-10627
-3443
-10923
-3467
-11115
-3491
-11331
-3395
-11547
-3491
-11819
-3475
-12139
-3451
-12395
-3515
-12555
-3435
-12787
-3403
-13011
-3499
-13251
-3507
-13475
-3507
-13747
-3499
-14011
-3443
-14283
-3395
-14427
-3451
-14787
-3395
-14987
-3451
-15179
-3451
-15491
-3467
-15659
-3483
-15923
-3427
-16179
-3451
-16403
-3459
-16675
-3507
-16843
-3507
-17107
-3507
-17387
-3403
-17555
-3459
-17795
-3507
-18051
-3491
-18291
-3403
-18611
-3387
-18859
-3691
141
-3715
-119
-3731
-311
-3603
-579
-3723
-735
-3711
-975
-3687
-1299
-3731
-1555
-3679
-1759
-3723
-1939
-3639
-2275
-3695
-2411
-3671
-2755
-3671
-2987
-3735
-3183
-3671
-3371
-3611
-3691
-3707
-3867
-3635
-4159
-3723
-4415
-3715
-4683
-3695
-4891
-3635
-5091
-3623
-5351
-3743
-5595
-3715
-5871
-3703
-6087
-3727
-6247
-3715
-6555
-3743
-6843
-3739
-7007
-3747
-7323
-3715
-7451
-3735
-7707
-3683
-8047
-3707
-8231
-3671
-8491
-3695
-8771
-3655
-9003
-3723
-9247
-3675
-9451
-3755
-9627
-3739
-9923
-3739
-10107
-3715
-10459
-3691
-10675
-3739
-10851
-3675
-11075
-3723
-11435
-3659
-11579
-3667
-11859
-3667
-12075
-3739
-12331
-3747
-12539
-3683
-12771
-3699
-13035
-3699
-13283
-3675
-13523
-3699
-13763
-3675
-13995
-3707
-14211
-3723
-14467
-3731
-14787
-3731
-14963
-3659
-15171
-3651
-15491
-3659
-15627
-3747
-15971
-3707
-16195
-3707
-16363
-3747
-16627
-3635
-16875
-3683
-17179
-3699
-17355
-3755
-17571
-3731
-17787
-3747
-18107
-3635
-18371
-3651
-18603
-3755
-18851
-3971
133
-3951
-63
-3947
-255
-3935
-611
-3923
-771
-3903
-987
-3951
-1287
-3987
-1571
-3923
-1799
-3959
-1947
-3883
-2275
-3923
-2511
-3983
-2763
-3943
-2947
-3983
-3187
-3951
-3467
-3979
-3691
-3959
-3867
-3927
-4203
-3943
-4383
-3943
-4603
-3939
-4895
-3971
-5155
-3915
-5359
-3887
-5607
-3855
-5887
-3959
-6099
-3855
-6251
-3963
-6515
-3915
-6739
-3931
-7023
-3979
-7307
-3919
-7515
-3939
-7683
-3931
-7943
-3859
-8219
-3991
-8479
-3931
-8719
-3859
-8927
-3879
-9203
-3899
-9451
-3899
-9715
-3963
-9883
-3987
-10187
-3987
-10419
-3883
-10715
-3947
-10955
-3907
-11115
-3979
-11363
-3907
-11571
-3875
-11787
-3987
-12131
-3875
-12323
-3979
-12619
-3899
-12811
-3971
-13075
-3923
-13347
-3971
-13467
-3979
-13715
-3987
-14035
-3923
-14195
-3931
-14515
-3955
-14787
-3875
-14939
-3923
-15227
-3971
-15427
-3979
-15627
-3979
-15931
-3979
-16147
-3947
-16411
-3939
-16707
-3875
-16915
-3979
-17099
-3987
-17379
-3931
-17659
-3891
-17787
-3939
-18051
-3979
-18363
-3931
-18595
-3939
-18859
-4235
93
-4207
-11
-4139
-355
-4127
-603
-4199
-795
-4191
-1015
-4211
-1351
-4151
-1507
-4147
-1775
-4099
-1975
-4231
-2279
-4147
-2423
-4211
-2667
-4207
-3031
-4211
-3211
-4179
-3491
-4135
-3711
-4187
-3871
-4159
-4115
-4231
-4355
-4227
-4575
-4163
-4871
-4143
-5163
-4227
-5387
-4199
-5527
-4187
-5791
-4139
-6107
-4183
-6307
-4103
-6607
-4123
-6835
-4187
-7043
-4107
-7319
-4131
-7455
-4155
-7711
-4099
-7955
-4115
-8211
-4155
-8487
-4175
-8715
-4175
-8947
-4215
-9135
-4139
-9439
-4123
-9659
-4179
-9963
-4179
-10211
-4227
-10379
-4235
-10635
-4219
-10883
-4187
-11075
-4171
-11411
-4187
-11595
-4227
-11827
-4155
-12155
-4195
-12387
-4195
-12587
-4131
-12867
-4211
-13083
-4211
-13251
-4203
-13595
-4195
-13707
-4147
-14019
-4219
-14187
-4115
-14499
-4179
-14763
-4203
-14979
-4171
-15163
-4131
-15475
-4131
-15627
-4179
-15955
-4195
-16179
-4235
-16403
-4147
-16707
-4171
-16827
-4155
-17067
-4163
-17323
-4195
-17611
-4163
-17899
-4211
-18107
-4203
-18379
-4147
-18515
-4219
-18843
-4339
93
-4427
-131
-4431
-335
-4447
-587
-4443
-763
-4447
-1003
-4347
-1255
-4391
-1507
-4371
-1795
-4459
-2059
-4315
-2251
-4431
-2475
-4347
-2711
-4371
-2919
-4435
-3207
-4363
-3463
-4323
-3667
-4407
-3903
-4343
-4179
-4455
-4435
-4403
-4623
-4351
-4831
-4431
-5167
-4435
-5327
-4427
-5571
-4463
-5819
-4435
-6075
-4419
-6335
-4455
-6627
-4327
-6735
-4343
-7035
-4451
-7351
-4371
-7491
-4459
-7763
-4399
-8067
-4383
-8263
-4407
-8435
-4415
-8731
-4423
-9003
-4431
-9211
-4351
-9415
-4475
-9699
-4419
-9979
-4411
-10235
-4443
-10475
-4419
-10675
-4355
-10939
-4347
-11187
-4435
-11307
-4467
-11587
-4387
-11843
-4443
-12123
-4467
-12355
-4475
-12619
-4435
-12827
-4427
-13075
-4347
-13299
-4419
-13539
-4459
-13779
-4419
-14067
-4427
-14187
-4443
-14443
-4395
-14763
-4411
-14955
-4451
-15163
-4467
-15483
-4371
-15691
-4435
-15899
-4419
-16123
-4411
-16427
-4419
-16691
-4363
-16947
-4467
-17155
-4427
-17435
-4467
-17555
-4411
-17915
-4347
-18147
-4403
-18395
-4435
-18571
-4387
-18811
-4639
149
-4623
-139
-4603
-339
-4643
-591
-4667
-855
-4707
-1103
-4619
-1251
-4631
-1451
-4699
-1759
-4675
-2003
-4639
-2227
-4587
-2431
-4587
-2747
-4591
-2983
-4643
-3223
-4579
-3439
-4663
-3731
-4603
-3855
-4699
-4171
-4675
-4447
-4683
-4615
-4683
-4955
-4687
-5043
-4555
-5363
-4639
-5571
-4671
-5787
-4607
-6127
-4691
-6291
-4591
-6531
-4579
-6795
-4711
-6991
-4679
-7263
-4595
-7463
-4639
-7759
-4623
-8015
-4651
-8239
-4591
-8467
-4627
-8651
-4635
-8883
-4699
-9211
-4667
-9431
-4699
-9731
-4715
-9939
-4691
-10179
-4587
-10411
-4715
-10707
-4595
-10931
-4715
-11171
-4651
-11427
-4675
-11547
-4611
-11907
-4699
-12091
-4603
-12291
-4691
-12515
-4651
-12835
-4651
-13075
-4675
-13355
-4619
-13515
-4611
-13803
-4683
-13971
-4627
-14211
-4659
-14531
-4611
-14739
-4707
-14971
-4603
-15163
-4683
-15515
-4651
-15715
-4667
-15915
-4691
-16227
-4651
-16443
-4587
-16675
-4635
-16835
-4683
-17091
-4707
-17323
-4699
-17627
-4699
-17811
-4715
-18147
-4699
-18331
-4675
-18547
-4619
-18835
-4891
109
-4867
-43
-4907
-363
-4887
-611
-4859
-783
-4875
-1039
-4915
-1211
-4815
-1475
-4919
-1771
-4915
-2011
-4879
-2227
-4899
-2543
-4843
-2707
-4895
-3003
-4943
-3227
-4847
-3459
-4819
-3655
-4843
-3955
-4911
-4075
-4955
-4427
-4823
-4575
-4927
-4859
-4887
-5163
-4899
-5347
-4931
-5587
-4947
-5771
-4939
-6147
-4915
-6347
-4883
-6563
-4867
-6799
-4939
-6991
-4867
-7303
-4923
-7463
-4923
-7795
-4851
-7955
-4871
-8215
-4895
-8487
-4847
-8683
-4819
-8943
-4899
-9155
-4883
-9471
-4939
-9699
-4883
-9971
-4955
-10235
-4907
-10451
-4915
-10707
-4875
-10835
-4843
-11171
-4907
-11315
-4891
-11603
-4939
-11811
-4875
-12091
-4851
-12267
-4907
-12627
-4947
-12819
-4939
-13115
-4939
-13243
-4939
-13539
-4915
-13803
-4947
-13979
-4851
-14267
-4915
-14547
-4899
-14779
-4915
-14955
-4867
-15155
-4899
-15435
-4859
-15707
-4915
-15963
-4907
-16235
-4883
-16347
-4851
-16595
-4875
-16859
-4883
-17147
-4891
-17411
-4939
-17635
-4899
-17811
-4923
-18107
-4947
-18315
-4859
-18627
-4931
-18827
-5059
109
-5087
-91
-5051
-283
-5095
-515
-5159
-775
-5139
-1051
-5047
-1239
-5039
-1451
-5139
-1807
-5091
-1983
-5059
-2195
-5067
-2507
-5095
-2699
-5179
-2979
-5131
-3251
-5095
-3395
-5147
-3735
-5103
-3835
-5159
-4167
-5083
-4423
-5099
-4627
-5095
-4907
-5175
-5091
-5167
-5371
-5123
-5607
-5187
-5887
-5139
-6103
-5063
-6303
-5195
-6551
-5123
-6759
-5175
-7027
-5051
-7303
-5155
-7495
-5143
-7775
-5167
-8015
-5059
-8183
-5143
-8487
-5075
-8671
-5067
-8983
-5163
-9143
-5119
-9451
-5123
-9747
-5179
-9947
-5187
-10155
-5099
-10467
-5187
-10619
-5187
-10827
-5067
-11091
-5099
-11363
-5155
-11627
-5083
-11899
-5155
-12115
-5163
-12387
-5115
-12595
-5083
-12819
-5147
-13059
-5075
-13331
-5091
-13467
-5131
-13771
-5195
-13955
-5155
-14203
-5171
-14547
-5147
-14747
-5083
-15019
-5179
-15259
-5179
-15419
-5139
-15715
-5131
-15899
-5155
-16187
-5123
-16451
-5171
-16603
-5195
-16875
-5147
-17123
-5155
-17331
-5171
-17651
-5091
-17867
-5195
-18139
-5195
-18363
-5179
-18603
-5115
-18819
-5371
133
-5387
-27
-5411
-371
-5419
-587
-5339
-835
-5371
-1091
-5395
-1283
-5363
-1547
-5315
-1827
-5419
-2019
-5363
-2199
-5355
-2423
-5427
-2675
-5395
-2935
-5395
-3187
-5363
-3495
-5363
-3679
-5435
-3979
-5387
-4195
-5427
-4475
-5307
-4643
-5315
-4947
-5347
-5075
-5395
-5303
-5427
-5611
-5411
-5899
-5403
-6083
-5331
-6275
-5395
-6531
-5315
-6763
-5331
-7103
-5387
-7283
-5427
-7595
-5435
-7795
-5403
-7979
-5411
-8267
-5371
-8431
-5323
-8711
-5411
-8963
-5347
-9255
-5411
-9507
-5371
-9659
-5427
-9995
-5427
-10219
-5331
-10419
-5339
-10699
-5347
-10843
-5315
-11179
-5387
-11411
-5371
-11635
-5403
-11811
-5427
-12099
-5419
-12379
-5371
-12539
-5363
-12835
-5435
-12995
-5419
-13291
-5339
-13515
-5363
-13723
-5347
-14019
-5387
-14283
-5387
-14443
-5323
-14739
-5307
-14955
-5387
-15147
-5387
-15451
-5379
-15643
-5411
-15971
-5363
-16235
-5339
-16427
-5427
-16651
-5435
-16835
-5379
-17091
-5419
-17435
-5379
-17667
-5363
-17851
-5387
-18051
-5315
-18355
-5419
-18627
-5427
-18835
-5635
133
-5619
-51
-5635
-299
-5603
-523
-5667
-843
-5611
-1075
-5667
-1339
-5659
-1595
-5619
-1803
-5595
-2067
-5651
-2315
-5627
-2427
-5563
-2683
-5555
-2907
-5643
-3163
-5667
-3395
-5619
-3731
-5587
-3867
-5635
-4131
-5619
-4435
-5571
-4603
-5627
-4859
-5595
-5195
-5627
-5363
-5595
-5659
-5675
-5835
-5675
-6035
-5659
-6387
-5659
-6539
-5571
-6867
-5675
-7067
-5547
-7339
-5675
-7475
-5667
-7787
-5563
-8003
-5643
-8211
-5619
-8555
-5635
-8747
-5675
-8987
-5651
-9259
-5595
-9403
-5635
-9659
-5611
-9979
-5595
-10235
-5547
-10379
-5659
-10643
-5635
-10891
-5675
-11123
-5619
-11347
-5675
-11595
-5579
-11867
-5651
-12123
-5651
-12315
-5587
-12563
-5659
-12787
-5555
-13107
-5547
-13259
-5675
-13523
-5547
-13739
-5675
-14027
-5659
-14203
-5635
-14451
-5611
-14739
-5587
-14987
-5555
-15179
-5579
-15443
-5667
-15627
-5635
-15947
-5643
-16187
-5651
-16443
-5651
-16707
-5651
-16907
-5603
-17107
-5627
-17403
-5579
-17643
-5675
-17859
-5667
-18083
-5627
-18283
-5635
-18627
-5555
-18859
-5891
141
-5835
-83
-5811
-387
-5827
-587
-5915
-859
-5819
-1107
-5907
-1347
-5795
-1507
-5859
-1827
-5883
-1971
-5795
-2211
-5851
-2539
-5875
-2739
-5915
-2907
-5915
-3251
-5795
-3507
-5795
-3635
-5907
-3875
-5851
-4203
-5819
-4427
-5835
-4619
-5819
-4851
-5907
-5171
-5851
-5363
-5899
-5555
-5867
-5811
-5795
-6067
-5875
-6355
-5851
-6539
-5787
-6867
-5899
-7107
-5915
-7243
-5859
-7571
-5883
-7715
-5883
-7995
-5835
-8259
-5859
-8491
-5827
-8691
-5915
-8923
-5867
-9195
-5811
-9403
-5859
-9747
-5827
-9931
-5891
-10131
-5915
-10347
-5843
-10643
-5787
-10899
-5907
-11187
-5907
-11331
-5899
-11555
-5803
-11811
-5835
-12035
-5883
-12339
-5843
-12507
-5915
-12819
-5835
-13091
-5875
-13243
-5907
-13595
-5891
-13819
-5867
-14027
-5867
-14291
-5811
-14435
-5891
-14699
-5811
-14987
-5827
-15155
-5827
-15419
-5915
-15755
-5891
-15963
-5843
-16139
-5899
-16411
-5835
-16651
-5883
-16851
-5787
-17179
-5907
-17419
-5835
-17603
-5891
-17907
-5891
-18099
-5907
-18299
-5915
-18571
-5891
-18867
-6107
109
-6155
-59
-6067
-283
-6051
-571
-6115
-811
-6051
-1099
-6139
-1299
-6083
-1539
-6059
-1827
-6147
-2019
-6139
-2219
-6139
-2467
-6099
-2779
-6115
-2995
-6091
-3171
-6131
-3499
-6139
-3643
-6115
-3883
-6107
-4187
-6147
-4379
-6139
-4675
-6107
-4899
-6099
-5075
-6083
-5395
-6155
-5675
-6075
-5795
-6035
-6091
-6099
-6355
-6027
-6595
-6131
-6875
-6131
-7107
-6107
-7323
-6155
-7515
-6099
-7795
-6139
-7971
-6115
-8187
-6115
-8531
-6075
-8747
-6147
-8971
-6051
-9187
-6155
-9459
-6099
-9627
-6139
-9979
-6051
-10131
-6123
-10363
-6107
-10667
-6067
-10827
-6035
-11115
-6083
-11315
-6107
-11667
-6083
-11795
-6139
-12115
-6035
-12299
-6147
-12547
-6139
-12827
-6155
-13019
-6147
-13347
-6075
-13571
-6155
-13739
-6131
-13971
-6131
-14203
-6043
-14475
-6131
-14715
-6083
-14995
-6107
-15163
-6115
-15467
-6147
-15659
-6099
-15931
-6099
-16155
-6115
-16443
-6051
-16595
-6099
-16859
-6083
-17075
-6107
-17339
-6115
-17627
-6123
-17835
-6131
-18107
-6051
-18275
-6131
-18539
-6083
-18843
-6283
117
-6355
-115
-6355
-307
-6331
-547
-6347
-803
-6387
-1059
-6283
-1291
-6355
-1491
-6323
-1715
-6315
-2051
-6331
-2251
-6331
-2467
-6363
-2795
-6395
-2947
-6275
-3259
-6395
-3451
-6387
-3755
-6315
-3939
-6323
-4203
-6323
-4371
-6379
-4587
-6379
-4835
-6347
-5075
-6387
-5395
-6379
-5587
-6339
-5907
-6339
-6147
-6363
-6363
-6307
-6507
-6395
-6867
-6323
-7027
-6283
-7259
-6395
-7531
-6379
-7763
-6387
-8075
-6347
-8195
-6331
-8547
-6347
-8787
-6395
-8987
-6363
-9267
-6363
-9395
-6355
-9715
-6315
-9891
-6315
-10131
-6267
-10419
-6387
-10595
-6315
-10923
-6299
-11123
-6363
-11371
-6267
-11587
-6387
-11811
-6347
-12035
-6339
-12355
-6363
-12619
-6307
-12771
-6323
-13099
-6387
-13323
-6347
-13531
-6291
-13771
-6379
-14011
-6283
-14259
-6371
-14435
-6355
-14755
-6379
-14939
-6323
-15235
-6339
-15475
-6283
-15651
-6347
-15867
-6371
-16195
-6307
-16395
-6331
-16643
-6395
-16851
-6307
-17155
-6347
-17331
-6331
-17651
-6387
-17859
-6379
-18027
-6347
-18363
-6339
-18595
-6291
-18827
-6611
85
-6619
-35
-6579
-323
-6563
-507
-6595
-875
-6539
-1043
-6587
-1355
-6587
-1595
-6635
-1819
-6571
-1995
-6595
-2275
-6579
-2467
-6595
-2691
-6579
-2939
-6579
-3187
-6523
-3443
-6619
-3667
-6523
-3947
-6627
-4147
-6627
-4459
-6595
-4715
-6571
-4891
-6579
-5179
-6587
-5427
-6563
-5571
-6515
-5811
-6587
-6059
-6579
-6291
-6603
-6531
-6587
-6755
-6587
-7043
-6571
-7331
-6611
-7587
-6587
-7819
-6563
-7963
-6571
-8275
-6635
-8555
-6539
-8779
-6563
-9019
-6555
-9211
-6547
-9411
-6539
-9643
-6603
-9923
-6619
-10131
-6515
-10355
-6619
-10715
-6603
-10955
-6619
-11171
-6555
-11387
-6539
-11555
-6611
-11867
-6547
-12107
-6539
-12275
-6515
-12539
-6587
-12843
-6595
-13107
-6635
-13339
-6627
-13595
-6555
-13755
-6603
-13971
-6603
-14283
-6571
-14459
-6579
-14699
-6627
-14963
-6563
-15211
-6611
-15451
-6571
-15627
-6611
-15891
-6563
-16115
-6611
-16435
-6571
-16603
-6611
-16875
-6595
-17115
-6627
-17355
-6603
-17675
-6539
-17803
-6507
-18043
-6611
-18371
-6603
-18603
-6523
-18851
-6827
125
-6859
-27
-6819
-323
-6771
-635
-6835
-755
-6867
-1035
-6867
-1299
-6827
-1499
-6795
-1819
-6795
-2059
-6795
-2291
-6819
-2515
-6843
-2795
-6875
-2939
-6795
-3235
-6859
-3515
-6803
-3675
-6859
-3939
-6875
-4107
-6819
-4387
-6771
-4683
-6875
-4955
-6835
-5179
-6763
-5435
-6755
-5587
-6779
-5891
-6803
-6051
-6875
-6371
-6811
-6563
-6835
-6819
-6843
-7059
-6835
-7323
-6795
-7539
-6851
-7771
-6771
-8043
-6779
-8235
-6859
-8491
-6803
-8739
-6819
-8923
-6835
-9195
-6859
-9427
-6843
-9715
-6859
-9875
-6835
-10187
-6827
-10363
-6843
-10611
-6819
-10899
-6835
-11195
-6819
-11427
-6835
-11619
-6875
-11891
-6755
-12083
-6803
-12283
-6779
-12627
-6811
-12811
-6771
-13115
-6851
-13227
-6875
-13563
-6827
-13779
-6787
-14051
-6747
-14275
-6819
-14515
-6779
-14715
-6875
-15027
-6795
-15155
-6835
-15515
-6859
-15659
-6771
-15867
-6875
-16219
-6835
-16355
-6835
-16675
-6763
-16907
-6819
-17195
-6803
-17371
-6867
-17555
-6851
-17867
-6795
-18131
-6787
-18331
-6803
-18563
-6867
-18827
-6987
125
-7027
-147
-7091
-379
-7043
-587
-7115
-771
-6987
-1115
-7059
-1291
-7083
-1555
-7011
-1795
-7059
-2027
-7091
-2299
-7075
-2531
-7099
-2715
-7051
-2923
-7019
-3243
-7035
-3387
-7059
-3675
-7099
-3923
-7035
-4131
-7099
-4395
-7091
-4659
-7011
-4947
-7043
-5163
-7035
-5371
-7099
-5563
-7115
-5867
-7067
-6155
-6995
-6283
-7067
-6587
-7075
-6763
-7027
-7067
-7115
-7227
-7083
-7531
-7115
-7819
-7051
-8035
-7099
-8315
-7051
-8539
-7107
-8667
-7083
-8955
-7107
-9147
-7075
-9411
-7075
-9659
-7083
-9939
-7115
-10203
-7083
-10347
-7003
-10691
-7011
-10875
-7099
-11179
-7011
-11387
-7107
-11555
-7099
-11875
-7107
-12091
-7027
-12323
-7091
-12531
-7019
-12755
-7027
-12987
-7035
-13339
-7075
-13491
-7035
-13723
-7075
-13987
-7075
-14187
-7075
-14539
-7115
-14779
-7099
-15019
-6987
-15243
-7107
-15491
-7043
-15659
-7107
-15875
-7115
-16147
-7019
-16427
-7091
-16659
-7083
-16835
-7091
-17179
-7099
-17427
-7091
-17603
-7043
-17883
-7091
-18075
-7043
-18371
-7075
-18635
-7083
-18827
-7235
133
-7347
-91
-7299
-371
-7339
-547
-7347
-819
-7283
-1003
-7339
-1347
-7299
-1523
-7339
-1707
-7347
-2011
-7347
-2203
-7331
-2547
-7283
-2755
-7355
-2955
-7267
-3171
-7339
-3467
-7243
-3651
-7355
-3955
-7283
-4179
-7347
-4387
-7283
-4707
-7235
-4899
-7331
-5155
-7331
-5403
-7339
-5619
-7275
-5875
-7299
-6051
-7299
-6379
-7259
-6515
-7267
-6811
-7323
-7019
-7267
-7307
-7227
-7539
-7259
-7811
-7243
-8059
-7235
-8291
-7355
-8443
-7355
-8699
-7299
-8979
-7331
-9275
-7307
-9507
-7339
-9715
-7355
-9899
-7275
-10203
-7235
-10403
-7339
-10683
-7315
-10899
-7307
-11147
-7227
-11355
-7251
-11563
-7243
-11835
-7339
-12115
-7267
-12283
-7323
-12507
-7339
-12827
-7331
-13003
-7315
-13323
-7347
-13523
-7307
-13827
-7275
-14027
-7331
-14243
-7339
-14475
-7291
-14787
-7235
-15003
-7339
-15147
-7331
-15515
-7251
-15731
-7323
-15979
-7243
-16131
-7251
-16355
-7235
-16683
-7347
-16915
-7275
-17147
-7339
-17315
-7283
-17587
-7235
-17915
-7315
-18099
-7283
-18347
-7347
-18547
-7259
-18859
-7523
125
-7563
-147
-7547
-387
-7555
-531
-7555
-843
-7467
-1075
-7515
-1323
-7587
-1587
-7555
-1707
-7523
-1947
-7491
-2259
-7587
-2539
-7587
-2675
-7563
-2931
-7507
-3235
-7547
-3483
-7555
-3659
-7555
-3891
-7587
-4147
-7507
-4435
-7579
-4643
-7515
-4835
-7515
-5115
-7571
-5347
-7531
-5651
-7531
-5795
-7515
-6099
-7571
-6323
-7467
-6595
-7571
-6755
-7563
-7075
-7587
-7259
-7563
-7579
-7523
-7731
-7587
-8051
-7483
-8299
-7571
-8475
-7587
-8723
-7475
-8931
-7579
-9275
-7579
-9467
-7475
-9739
-7595
-9947
-7507
-10107
-7515
-10419
-7563
-10699
-7515
-10835
-7579
-11195
-7523
-11307
-7587
-11595
-7539
-11915
-7587
-12099
-7499
-12363
-7547
-12579
-7595
-12803
-7595
-13027
-7531
-13251
-7595
-13539
-7595
-13715
-7571
-14027
-7467
-14195
-7579
-14555
-7539
-14787
-7523
-14987
-7555
-15259
-7515
-15451
-7563
-15739
-7547
-15947
-7539
-16203
-7595
-16435
-7475
-16603
-7563
-16915
-7563
-17067
-7507
-17387
-7571
-17547
-7555
-17811
-7491
-18059
-7539
-18307
-7507
-18563
-7547
-18843
-7731
149
-7747
-67
-7795
-323
-7835
-531
-7731
-843
-7819
-1107
-7819
-1315
-7811
-1579
-7795
-1747
-7827
-2027
-7731
-2243
-7747
-2443
-7747
-2699
-7827
-3003
-7795
-3211
-7723
-3483
-7715
-3699
-7747
-3867
-7747
-4235
-7811
-4443
-7819
-4683
-7755
-4907
-7779
-5099
-7795
-5315
-7731
-5627
-7827
-5843
-7779
-6147
-7803
-6323
-7787
-6523
-7811
-6747
-7795
-7115
-7819
-7355
-7819
-7499
-7731
-7795
-7763
-8035
-7827
-8307
-7771
-8451
-7747
-8723
-7811
-9019
-7827
-9163
-7779
-9483
-7779
-9667
-7835
-9883
-7819
-10219
-7755
-10363
-7795
-10707
-7811
-10931
-7811
-11187
-7771
-11347
-7771
-11587
-7827
-11891
-7795
-12027
-7827
-12275
-7795
-12539
-7787
-12779
-7835
-13035
-7787
-13235
-7707
-13571
-7819
-13707
-7827
-13987
-7795
-14307
-7707
-14427
-7715
-14779
-7827
-15027
-7827
-15179
-7827
-15451
-7795
-15635
-7795
-15915
-7755
-16163
-7827
-16451
-7715
-16707
-7835
-16827
-7755
-17179
-7723
-17339
-7763
-17595
-7739
-17851
-7731
-18083
-7723
-18355
-7731
-18515
-7819
-18827
-7971
85
-8051
-115
-8027
-363
-8067
-563
-8067
-747
-8051
-1075
-8075
-1347
-7987
-1491
-8075
-1811
-8011
-1971
-7955
-2251
-8003
-2555
-7971
-2739
-8043
-2963
-8067
-3187
-7971
-3411
-8043
-3715
-8035
-3979
-8059
-4227
-7987
-4379
-7955
-4659
-8075
-4955
-8003
-5155
-8075
-5379
-8019
-5659
-8043
-5803
-8027
-6083
-7947
-6323
-8051
-6523
-7971
-6843
-8051
-7115
-7987
-7323
-8059
-7523
-8027
-7787
-8027
-8003
-8011
-8259
-8075
-8427
-8051
-8763
-7971
-8995
-8027
-9211
-8003
-9483
-8027
-9651
-7963
-9939
-8043
-10123
-8027
-10475
-8019
-10715
-7995
-10915
-7963
-11155
-8051
-11411
-8035
-11675
-8043
-11787
-8051
-12115
-8027
-12363
-8011
-12515
-8059
-12835
-8027
-13107
-7963
-13315
-8059
-13507
-8067
-13755
-7995
-13955
-8003
-14187
-8019
-14475
-7995
-14763
-8011
-15035
-7987
-15259
-8067
-15451
-8035
-15691
-7995
-15955
-7987
-16123
-8003
-16467
-8059
-16667
-7971
-16931
-8003
-17099
-7995
-17387
-8043
-17619
-8067
-17851
-8027
-18075
-7963
-18395
-7955
-18539
-8075
-18859
-8315
149
-8307
-35
-8219
-323
-8267
-555
-8211
-851
-8259
-1051
-8315
-1227
-8219
-1539
-8299
-1755
-8251
-1963
-8307
-2211
-8187
-2483
-8315
-2683
-8195
-3019
-8203
-3267
-8259
-3507
-8195
-3683
-8227
-3867
-8315
-4203
-8187
-4403
-8275
-4595
-8291
-4891
-8283
-5147
-8315
-5419
-8291
-5603
-8267
-5883
-8299
-6051
-8259
-6291
-8299
-6507
-8211
-6819
-8283
-7067
-8243
-7283
-8203
-7555
-8267
-7771
-8243
-8027
-8251
-8291
-8307
-8467
-8307
-8795
-8211
-8931
-8195
-9219
-8211
-9507
-8291
-9707
-8307
-9923
-8243
-10115
-8251
-10443
-8291
-10691
-8299
-10883
-8267
-11195
-8259
-11435
-8299
-11547
-8291
-11851
-8195
-12107
-8283
-12339
-8307
-12531
-8259
-12835
-8307
-13011
-8299
-13251
-8275
-13571
-8235
-13747
-8211
-14035
-8267
-14275
-8307
-14475
-8259
-14787
-8283
-14971
-8283
-15147
-8307
-15435
-8243
-15659
-8275
-15995
-8259
-16195
-8275
-16395
-8315
-16691
-8227
-16883
-8283
-17115
-8315
-17435
-8211
-17595
-8291
-17843
-8275
-18131
-8315
-18355
-8275
-18579
-8291
-18859
-8483
117
-8507
-147
-8539
-347
-8499
-523
-8515
-843
-8523
-1027
-8547
-1315
-8523
-1491
-8483
-1707
-8443
-1979
-8539
-2227
-8499
-2427
-8539
-2675
-8555
-2971
-8523
-3243
-8555
-3507
-8467
-3683
-8507
-3963
-8515
-4131
-8475
-4363
-8515
-4595
-8515
-4875
-8443
-5171
-8547
-5387
-8443
-5659
-8475
-5811
-8435
-6059
-8459
-6347
-8507
-6515
-8547
-6763
-8523
-7043
-8467
-7259
-8547
-7483
-8483
-7827
-8531
-7971
-8483
-8291
-8435
-8515
-8515
-8715
-8507
-9003
-8547
-9219
-8483
-9395
-8547
-9739
-8491
-9931
-8515
-10203
-8467
-10459
-8531
-10691
-8499
-10947
-8499
-11083
-8515
-11347
-8531
-11643
-8547
-11795
-8539
-12051
-8515
-12275
-8483
-12603
-8547
-12867
-8451
-13003
-8443
-13331
-8539
-13579
-8507
-13755
-8451
-14019
-8531
-14283
-8459
-14435
-8555
-14771
-8515
-14987
-8547
-15179
-8539
-15467
-8523
-15643
-8499
-15891
-8491
-16235
-8467
-16387
-8515
-16603
-8459
-16835
-8507
-17187
-8555
-17355
-8531
-17675
-8555
-17819
-8443
-18155
-8459
-18267
-8507
-18547
-8539
-18835
-8771
109
-8731
-147
-8787
-379
-8747
-515
-8755
-747
-8755
-1099
-8787
-1331
-8707
-1555
-8747
-1763
-8683
-2019
-8739
-2203
-8739
-2547
-8787
-2691
-8755
-2955
-8795
-3195
-8683
-3451
-8731
-3643
-8675
-3971
-8787
-4123
-8755
-4403
-8755
-4603
-8771
-4851
-8771
-5155
-8771
-5363
-8739
-5587
-8675
-5803
-8731
-6155
-8731
-6379
-8747
-6571
-8707
-6771
-8667
-7059
-8683
-7275
-8779
-7483
-8795
-7803
-8763
-8019
-8683
-8283
-8795
-8531
-8715
-8755
-8795
-8971
-8763
-9219
-8715
-9419
-8795
-9747
-8787
-9867
-8747
-10139
-8771
-10387
-8763
-10627
-8747
-10907
-8779
-11195
-8723
-11419
-8779
-11595
-8795
-11875
-8771
-12067
-8795
-12315
-8779
-12611
-8795
-12771
-8739
-13091
-8763
-13275
-8779
-13483
-8795
-13819
-8747
-14075
-8795
-14251
-8723
-14491
-8731
-14795
-8787
-14987
-8723
-15171
-8707
-15507
-8675
-15627
-8691
-15915
-8715
-16235
-8691
-16443
-8739
-16635
-8723
-16947
-8779
-17067
-8715
-17323
-8707
-17643
-8795
-17907
-8707
-18131
-8739
-18387
-8739
-18635
-8691
-18835
-9019
125
-9019
-147
-8979
-347
-9035
-507
-8947
-819
-8947
-1035
-9027
-1291
-9035
-1555
-9035
-1827
-9011
-1987
-8947
-2259
-8915
-2451
-8947
-2755
-8947
-2995
-9027
-3259
-8923
-3395
-9035
-3627
-8995
-3987
-9035
-4107
-9019
-4411
-9003
-4675
-8923
-4891
-9019
-5067
-8979
-5347
-8939
-5603
-8971
-5803
-9011
-6059
-8963
-6331
-9035
-6611
-8923
-6763
-8979
-7059
-8987
-7227
-9003
-7475
-8923
-7827
-8995
-8035
-9035
-8235
-8971
-8547
-8931
-8667
-8979
-9019
-8995
-9195
-8987
-9403
-8971
-9627
-8931
-9979
-9003
-10211
-9035
-10347
-8931
-10643
-8971
-10907
-8947
-11123
-9027
-11323
-8915
-11595
-8995
-11811
-8995
-12147
-9027
-12323
-8971
-12611
-9019
-12771
-8947
-12995
-8995
-13315
-9035
-13531
-8987
-13795
-8971
-14059
-8979
-14299
-8971
-14531
-9011
-14723
-8923
-14955
-9027
-15163
-9003
-15515
-8971
-15699
-8971
-15923
-8955
-16219
-8987
-16403
-8923
-16691
-8987
-16947
-8987
-17155
-8971
-17371
-9003
-17547
-9027
-17827
-8995
-18075
-9035
-18371
-8987
-18595
-9011
-18867
-9179
109
-9155
-51
-9259
-387
-9227
-555
-9163
-835
-9275
-1099
-9147
-1259
-9187
-1475
-9243
-1819
-9219
-2011
-9187
-2243
-9219
-2515
-9203
-2763
-9251
-2987
-9267
-3251
-9219
-3411
-9243
-3715
-9235
-3939
-9267
-4235
-9219
-4451
-9267
-4683
-9267
-4875
-9267
-5067
-9163
-5315
-9275
-5675
-9203
-5907
-9211
-6091
-9171
-6395
-9155
-6619
-9195
-6875
-9251
-7067
-9235
-7291
-9227
-7467
-9227
-7795
-9219
-8075
-9187
-8251
-9203
-8435
-9227
-8715
-9235
-8939
-9211
-9163
-9179
-9467
-9211
-9651
-9267
-9923
-9251
-10187
-9211
-10371
-9243
-10651
-9235
-10947
-9171
-11107
-9163
-11331
-9251
-11611
-9155
-11915
-9259
-12091
-9147
-12387
-9227
-12563
-9275
-12867
-9227
-13067
-9243
-13331
-9171
-13539
-9243
-13819
-9171
-14059
-9163
-14291
-9219
-14483
-9259
-14691
-9243
-14971
-9163
-15179
-9219
-15491
-9243
-15699
-9267
-15931
-9171
-16211
-9275
-16475
-9147
-16619
-9227
-16883
-9251
-17075
-9155
-17339
-9147
-17611
-9235
-17795
-9243
-18115
-9155
-18299
-9219
-18579
-9243
-18851
-9491
149
-9491
-51
-9491
-267
-9427
-547
-9507
-851
-9499
-1091
-9483
-1243
-9507
-1523
-9427
-1707
-9499
-2075
-9459
-2275
-9507
-2451
-9419
-2667
-9507
-2947
-9475
-3267
-9419
-3395
-9467
-3723
-9491
-3979
-9459
-4163
-9499
-4355
-9515
-4683
-9451
-4835
-9515
-5163
-9443
-5379
-9459
-5627
-9515
-5883
-9435
-6131
-9483
-6299
-9475
-6579
-9475
-6795
-9491
-7091
-9467
-7307
-9427
-7515
-9491
-7715
-9499
-8027
-9507
-8299
-9443
-8467
-9507
-8699
-9459
-9011
-9427
-9211
-9491
-9435
-9499
-9635
-9475
-9899
-9499
-10155
-9475
-10371
-9515
-10587
-9515
-10907
-9395
-11083
-9443
-11315
-9451
-11675
-9499
-11875
-9483
-12035
-9483
-12339
-9435
-12619
-9491
-12875
-9515
-13083
-9443
-13355
-9435
-13507
-9387
-13811
-9459
-14075
-9443
-14291
-9491
-14435
-9491
-14691
-9403
-14971
-9419
-15235
-9395
-15387
-9499
-15747
-9443
-15923
-9515
-16115
-9451
-16355
-9475
-16707
-9483
-16859
-9483
-17115
-9419
-17323
-9491
-17651
-9499
-17883
-9507
-18131
-9507
-18363
-9443
-18555
-9403
-18875
-9707
141
-9643
-115
-9643
-379
-9731
-523
-9691
-779
-9667
-1019
-9643
-1267
-9715
-1539
-9683
-1771
-9635
-2019
-9731
-2235
-9675
-2467
-9707
-2763
-9683
-2971
-9747
-3243
-9747
-3387
-9739
-3651
-9635
-3899
-9723
-4131
-9691
-4451
-9683
-4587
-9699
-4923
-9747
-5195
-9627
-5379
-9731
-5555
-9723
-5843
-9755
-6083
-9627
-6315
-9651
-6531
-9691
-6787
-9747
-7107
-9635
-7227
-9683
-7587
-9747
-7731
-9707
-8027
-9731
-8195
-9747
-8555
-9707
-8723
-9731
-9019
-9755
-9147
-9755
-9459
-9659
-9691
-9635
-9867
-9723
-10211
-9739
-10435
-9723
-10651
-9659
-10851
-9723
-11179
-9683
-11323
-9627
-11627
-9651
-11843
-9635
-12051
-9755
-12307
-9739
-12587
-9635
-12851
-9747
-13075
-9715
-13307
-9659
-13467
-9659
-13763
-9739
-13947
-9707
-14307
-9691
-14467
-9699
-14667
-9731
-14971
-9659
-15179
-9675
-15475
-9659
-15667
-9659
-15883
-9723
-16131
-9691
-16443
-9747
-16619
-9675
-16851
-9675
-17115
-9707
-17363
-9747
-17659
-9659
-17859
-9707
-18107
-9747
-18315
-9683
-18507
-9667
-18827
-9907
125
-9875
-35
-9955
-275
-9867
-595
-9899
-811
-9979
-987
-9963
-1267
-9947
-1531
-9955
-1763
-9939
-1979
-9979
-2299
-9939
-2515
-9995
-2787
-9899
-3003
-9899
-3187
-9979
-3515
-9979
-3739
-9907
-3883
-9979
-4123
-9987
-4435
-9971
-4595
-9883
-4915
-9987
-5083
-9947
-5371
-9931
-5571
-9907
-5915
-9939
-6051
-9907
-6267
-9907
-6603
-9955
-6795
-9883
-7083
-9939
-7307
-9963
-7483
-9883
-7707
-9923
-7963
-9931
-8275
-9971
-8459
-9963
-8771
-9899
-9003
-9907
-9275
-9979
-9443
-9899
-9715
-9995
-9995
-9987
-10139
-9995
-10475
-9987
-10683
-9955
-10851
-9971
-11107
-9963
-11427
-9987
-11659
-9891
-11851
-9955
-12035
-9931
-12315
-9923
-12507
-9939
-12787
-9923
-13115
-9883
-13267
-9939
-13507
-9955
-13827
-9891
-14003
-9883
-14291
-9899
-14499
-9931
-14787
-9979
-14915
-9939
-15211
-9995
-15403
-9947
-15643
-9995
-15875
-9995
-16163
-9995
-16451
-9875
-16603
-9963
-16939
-9987
-17171
-9971
-17411
-9971
-17611
-9979
-17907
-9947
-18083
-9947
-18307
-9987
-18507
-9963
-18819
-10227
117
-10139
-35
-10219
-387
-10179
-531
-10155
-803
-10227
-1067
-10131
-1275
-10211
-1523
-10235
-1715
-10235
-1987
-10195
-2203
-10187
-2507
-10131
-2763
-10219
-3027
-10171
-3147
-10219
-3419
-10163
-3667
-10179
-3963
-10227
-4235
-10147
-4371
-10219
-4651
-10211
-4843
-10195
-5131
-10227
-5355
-10179
-5675
-10211
-5875
-10115
-6083
-10131
-6283
-10171
-6563
-10123
-6835
-10187
-7059
-10107
-7267
-10107
-7523
-10211
-7827
-10203
-7979
-10235
-8203
-10211
-8499
-10115
-8795
-10155
-8907
-10203
-9259
-10187
-9395
-10139
-9747
-10187
-9947
-10187
-10115
-10187
-10451
-10235
-10675
-10171
-10947
-10107
-11115
-10203
-11371
-10139
-11675
-10235
-11843
-10195
-12035
-10163
-12275
-10227
-12539
-10139
-12859
-10115
-12995
-10227
-13339
-10195
-13499
-10163
-13739
-10219
-14051
-10235
-14307
-10235
-14435
-10227
-14747
-10147
-14971
-10211
-15195
-10187
-15427
-10187
-15739
-10203
-15995
-10187
-16235
-10227
-16451
-10155
-16659
-10171
-16891
-10171
-17187
-10123
-17379
-10123
-17643
-10107
-17819
-10131
-18035
-10147
-18339
-10139
-18611
-10115
-18859
-10419
149
-10475
-147
-10475
-283
-10475
-515
-10459
-771
-10427
-995
-10467
-1307
-10435
-1491
-10467
-1747
-10467
-2003
-10443
-2267
-10419
-2491
-10475
-2795
-10419
-2955
-10459
-3187
-10459
-3419
-10427
-3715
-10475
-3995
-10411
-4139
-10435
-4403
-10435
-4619
-10435
-4827
-10467
-5067
-10443
-5411
-10427
-5675
-10459
-5843
-10475
-6155
-10459
-6291
-10435
-6611
-10443
-6747
-10443
-7011
-10443
-7323
-10427
-7507
-10427
-7763
-10443
-8075
-10475
-8251
-10443
-8451
-10459
-8795
-10459
-8923
-10475
-9219
-10467
-9435
-10411
-9635
-10451
-9923
-10435
-10203
-10427
-10379
-10475
-10595
-10411
-10939
-10475
-11067
-10475
-11371
-10459
-11587
-10451
-11835
-10435
-12099
-10411
-12331
-10475
-12619
-10451
-12755
-10411
-13043
-10451
-13331
-10435
-13515
-10435
-13739
-10475
-14059
-10475
-14259
-10467
-14507
-10467
-14731
-10451
-14915
-10459
-15187
-10451
-15419
-10443
-15699
-10459
-15867
-10427
-16123
-10443
-16395
-10475
-16699
-10459
-16843
-10411
-17131
-10475
-17347
-10475
-17643
-10443
-17843
-10475
-18131
-10467
-18387
-10443
-18531
-10459
-18827
