109
483
331
-125
345
-338
293
-596
234
-728
256
-1077
169
-1331
190
-1528
350
-1751
487
-1983
373
-2251
189
-2463
389
-2729
109
-2907
171
-3147
171
-3409
153
-3699
311
-3927
207
-4193
141
-4389
127
-4583
109
-4867
93
-5123
117
-5347
85
-5623
85
-5803
93
-6083
85
-6299
125
-6547
93
-6811
93
-7035
149
-7279
101
-7563
117
-7715
109
-7935
117
-8303
133
-8491
93
-8759
93
-8895
109
-9211
109
-9483
117
-9723
109
-9907
133
-10131
101
-10395
101
-10587
85
-10931
149
-11155
141
-11395
133
-11587
133
-11915
109
-12083
117
-12267
141
-12507
101
-12843
109
-13027
93
-13235
117
-13555
101
-13763
101
-13987
85
-14299
149
-14427
93
-14683
85
-15011
101
-15187
133
-15443
141
-15707
93
-15907
117
-16163
85
-16419
149
-16707
117
-16891
85
-17195
117
-17435
109
-17579
85
-17859
117
-18083
133
-18315
149
-18587
149
-18859
-115
1291
-99
-111
-52
-261
-97
-492
-123
-782
-99
-973
-17
-1233
-33
-1457
-67
-1700
-59
-2025
-120
-2248
-139
-2427
-127
-2689
-87
-2959
-109
-3185
-109
-3443
-83
-3635
-117
-3935
-63
-4167
-95
-4371
-139
-4663
-87
-4871
-103
-5099
-139
-5355
-123
-5555
-155
-5859
-83
-6099
-107
-6343
-115
-6607
-131
-6779
-59
-6987
-39
-7279
-55
-7595
-71
-7783
-75
-8043
-83
-8295
-115
-8515
-131
-8659
-95
-8919
-75
-9143
-147
-9411
-35
-9675
-115
-9899
-131
-10187
-91
-10395
-139
-10611
-107
-10843
-115
-11123
-139
-11411
-123
-11611
-139
-11899
-131
-12043
-35
-12355
-155
-12619
-139
-12835
-131
-13027
-115
-13331
-115
-13571
-147
-13795
-115
-14051
-115
-14235
-155
-14435
-59
-14707
-115
-14987
-147
-15211
-99
-15491
-147
-15723
-75
-15979
-139
-16163
-75
-16355
-67
-16627
-147
-16939
-115
-17107
-67
-17331
-43
-17643
-51
-17907
-131
-18091
-83
-18395
-99
-18555
-51
-18827
-367
1273
-316
-87
-303
-248
-322
-491
-359
-725
-353
-1001
-253
-1263
-322
-1515
-347
-1730
-373
-2049
-319
-2281
-307
-2443
-315
-2763
-291
-2909
-299
-3157
-313
-3425
-359
-3719
-339
-3929
-323
-4091
-259
-4453
-259
-4553
-303
-4931
-279
-5079
-323
-5387
-307
-5535
-271
-5763
-355
-6031
-303
-6267
-367
-6499
-303
-6735
-251
-7011
-359
-7259
-295
-7475
-327
-7803
-371
-8035
-347
-8283
-323
-8451
-307
-8775
-267
-8911
-311
-9171
-267
-9423
-307
-9643
-371
-9963
-379
-10139
-355
-10443
-307
-10595
-379
-10923
-323
-11123
-339
-11355
-315
-11555
-323
-11835
-291
-12051
-355
-12315
-299
-12523
-291
-12755
-331
-13083
-387
-13291
-323
-13467
-275
-13827
-371
-14059
-315
-14315
-323
-14523
-379
-14691
-339
-14955
-275
-15179
-371
-15411
-371
-15651
-307
-15923
-355
-16203
-395
-16363
-339
-16643
-363
-16843
-363
-17179
-395
-17363
-283
-17595
-387
-17859
-339
-18051
-299
-18291
-387
-18595
-355
-18875
-603
1473
-587
-127
-547
-283
-574
-597
-601
-852
-621
-1035
-550
-1225
-553
-1489
-539
-1742
-607
-1937
-476
-2245
-563
-2475
-555
-2707
-537
-2977
-545
-3223
-537
-3363
-599
-3697
-619
-3879
-513
-4199
-609
-4447
-575
-4611
-563
-4915
-555
-5071
-539
-5335
-599
-5555
-531
-5867
-535
-6135
-583
-6287
-483
-6547
-507
-6783
-487
-7087
-535
-7295
-515
-7567
-535
-7731
-607
-7931
-607
-8279
-623
-8411
-547
-8695
-607
-8991
-507
-9195
-515
-9435
-587
-9731
-523
-9939
-595
-10147
-579
-10475
-539
-10627
-555
-10931
-571
-11147
-595
-11419
-619
-11643
-563
-11787
-611
-12091
-627
-12355
-611
-12507
-571
-12747
-627
-13059
-571
-13235
-539
-13539
-563
-13811
-539
-14003
-587
-14267
-563
-14547
-619
-14683
-587
-15011
-595
-15195
-579
-15507
-635
-15739
-595
-15987
-579
-16187
-587
-16443
-579
-16635
-547
-16899
-619
-17083
-555
-17371
-571
-17595
-603
-17811
-563
-18147
-635
-18299
-531
-18595
-571
-18875
-855
990
-803
-21
-795
-371
-838
-584
-822
-733
-793
-965
-752
-1229
-765
-1585
-845
-1807
-745
-1921
-859
-2213
-849
-2503
-837
-2763
-809
-2947
-853
-3257
-817
-3467
-723
-3645
-743
-3961
-811
-4107
-815
-4347
-795
-4649
-811
-4907
-739
-5071
-843
-5347
-803
-5643
-827
-5843
-795
-6063
-807
-6251
-843
-6567
-807
-6743
-843
-6983
-747
-7283
-807
-7567
-787
-7739
-755
-7999
-795
-8275
-747
-8519
-863
-8751
-867
-9035
-787
-9235
-835
-9475
-875
-9627
-843
-9971
-787
-10139
-755
-10403
-795
-10619
-787
-10907
-867
-11163
-859
-11395
-835
-11563
-835
-11859
-835
-12091
-763
-12387
-795
-12523
-851
-12843
-819
-13011
-875
-13235
-835
-13475
-859
-13795
-859
-14059
-827
-14187
-779
-14539
-819
-14699
-755
-14971
-843
-15147
-811
-15507
-803
-15667
-867
-15939
-851
-16203
-787
-16451
-843
-16603
-819
-16923
-771
-17091
-803
-17347
-875
-17619
-867
-17795
-827
-18027
-851
-18315
-867
-18539
-827
-18859
-1059
1307
-1102
-82
-1061
-358
-1075
-529
-985
-866
-1103
-950
-1052
-1257
-1027
-1585
-1001
-1805
-1053
-1915
-1091
-2249
-1079
-2453
-1081
-2723
-1053
-2953
-1035
-3229
-1025
-3375
-1007
-3719
-983
-3971
-1051
-4123
-971
-4393
-1059
-4629
-971
-4795
-1003
-5099
-987
-5423
-999
-5571
-1035
-5791
-959
-6095
-1115
-6363
-1091
-6535
-1043
-6747
-1083
-7051
-1059
-7227
-1099
-7503
-1095
-7751
-1095
-7939
-1023
-8275
-1019
-8491
-1087
-8691
-1099
-8955
-1087
-9219
-1059
-9403
-1075
-9635
-1075
-9995
-1011
-10235
-995
-10379
-1083
-10603
-1091
-10939
-1035
-11083
-1035
-11355
-1107
-11627
-1043
-11827
-1011
-12099
-1067
-12315
-1075
-12539
-1099
-12843
-1107
-13067
-1011
-13315
-995
-13571
-1059
-13787
-1091
-14067
-1011
-14219
-1091
-14507
-1011
-14779
-995
-15027
-1091
-15267
-1051
-15491
-1011
-15651
-995
-15891
-1091
-16219
-1083
-16395
-1067
-16627
-1019
-16843
-1075
-17083
-1027
-17339
-1059
-17595
-1083
-17811
-1075
-18147
-1075
-18307
-1019
-18627
-1067
-18835
-1331
376
-1327
-121
-1313
-339
-1280
-599
-1337
-850
-1319
-979
-1323
-1213
-1313
-1514
-1331
-1798
-1321
-1974
-1307
-2237
-1225
-2497
-1235
-2719
-1311
-2899
-1207
-3159
-1329
-3375
-1317
-3713
-1243
-3945
-1261
-4099
-1265
-4315
-1309
-4615
-1319
-4867
-1271
-5115
-1347
-5407
-1311
-5539
-1347
-5811
-1311
-6055
-1255
-6367
-1251
-6547
-1339
-6747
-1323
-7007
-1283
-7291
-1303
-7451
-1219
-7739
-1339
-8047
-1339
-8267
-1231
-8415
-1247
-8651
-1335
-8887
-1251
-9227
-1291
-9379
-1315
-9707
-1299
-9907
-1283
-10219
-1339
-10379
-1291
-10691
-1259
-10931
-1323
-11139
-1235
-11363
-1323
-11603
-1299
-11843
-1315
-12075
-1315
-12331
-1347
-12555
-1331
-12867
-1347
-13091
-1331
-13355
-1275
-13563
-1235
-13811
-1299
-14067
-1227
-14219
-1275
-14547
-1243
-14739
-1315
-14947
-1355
-15163
-1347
-15387
-1227
-15651
-1315
-15931
-1291
-16131
-1331
-16379
-1275
-16587
-1339
-16851
-1299
-17139
-1267
-17395
-1315
-17547
-1235
-17883
-1307
-18083
-1315
-18291
-1355
-18523
-1347
-18811
-1577
1647
-1559
-43
-1495
-321
-1553
-529
-1535
-851
-1545
-987
-1551
-1299
-1563
-1509
-1509
-1691
-1537
-1937
-1571
-2241
-1533
-2425
-1559
-2633
-1517
-2919
-1567
-3149
-1541
-3421
-1551
-3651
-1463
-3989
-1473
-4197
-1551
-4391
-1495
-4697
-1463
-4859
-1491
-5115
-1559
-5367
-1587
-5567
-1547
-5859
-1459
-6123
-1555
-6347
-1531
-6571
-1475
-6747
-1491
-7027
-1563
-7311
-1591
-7555
-1563
-7707
-1567
-7995
-1511
-8183
-1551
-8495
-1507
-8711
-1511
-8947
-1563
-9247
-1559
-9415
-1483
-9699
-1571
-9963
-1515
-10227
-1491
-10475
-1571
-10691
-1595
-10923
-1579
-11123
-1467
-11331
-1587
-11611
-1539
-11915
-1499
-12075
-1595
-12283
-1555
-12563
-1563
-12755
-1483
-13035
-1539
-13291
-1555
-13515
-1507
-13763
-1491
-14075
-1587
-14275
-1571
-14523
-1547
-14771
-1491
-14939
-1523
-15147
-1571
-15515
-1571
-15683
-1555
-15947
-1547
-16147
-1579
-16347
-1507
-16675
-1595
-16915
-1587
-17075
-1571
-17419
-1475
-17667
-1579
-17851
-1555
-18147
-1499
-18395
-1587
-18523
-1547
-18819
-1795
255
-1805
-17
-1775
-337
-1709
-515
-1683
-759
-1817
-1001
-1803
-1327
-1757
-1571
-1793
-1703
-1795
-2033
-1807
-2309
-1767
-2523
-1723
-2691
-1809
-3003
-1773
-3229
-1791
-3383
-1799
-3619
-1777
-3963
-1759
-4189
-1799
-4327
-1799
-4599
-1763
-4935
-1799
-5127
-1815
-5339
-1799
-5579
-1743
-5875
-1771
-6127
-1767
-6351
-1811
-6571
-1771
-6779
-1787
-6987
-1675
-7331
-1735
-7499
-1779
-7723
-1767
-7955
-1723
-8187
-1759
-8423
-1767
-8715
-1715
-8899
-1735
-9135
-1779
-9371
-1827
-9715
-1819
-9867
-1715
-10123
-1739
-10459
-1755
-10595
-1811
-10931
-1819
-11123
-1787
-11427
-1771
-11555
-1771
-11907
-1771
-12147
-1763
-12363
-1779
-12595
-1827
-12787
-1835
-13075
-1771
-13331
-1827
-13555
-1795
-13739
-1763
-14067
-1787
-14251
-1827
-14515
-1795
-14723
-1795
-15003
-1819
-15163
-1763
-15443
-1715
-15739
-1763
-15867
-1739
-16171
-1787
-16371
-1803
-16691
-1731
-16827
-1835
-17075
-1835
-17323
-1715
-17563
-1763
-17795
-1827
-18051
-1819
-18299
-1803
-18619
-1835
-18827
-2075
1689
-1939
-43
-1995
-321
-2011
-541
-2051
-789
-1937
-1055
-2055
-1209
-2053
-1547
-2033
-1823
-2049
-1971
-1993
-2273
-1943
-2411
-2061
-2659
-2019
-2937
-1995
-3255
-2029
-3473
-2025
-3719
-2063
-3857
-2013
-4155
-1959
-4401
-1969
-4639
-2003
-4895
-1923
-5191
-1999
-5307
-1987
-5531
-1943
-5891
-1995
-6107
-1919
-6307
-1979
-6539
-1975
-6795
-1995
-7063
-1951
-7263
-1983
-7459
-2015
-7751
-2023
-7939
-2075
-8267
-2011
-8467
-1999
-8675
-2043
-8875
-2043
-9203
-2067
-9431
-2043
-9731
-1955
-9963
-2067
-10219
-1995
-10355
-2075
-10619
-1979
-10907
-1955
-11075
-2011
-11403
-1995
-11595
-2003
-11891
-2051
-12027
-2035
-12371
-2067
-12507
-2003
-12859
-1979
-13099
-2027
-13323
-2051
-13507
-2059
-13795
-1987
-14003
-2067
-14203
-1987
-14499
-2067
-14723
-2027
-14923
-2075
-15187
-1987
-15491
-1955
-15683
-2035
-15979
-1963
-16115
-2051
-16387
-2059
-16627
-2075
-16931
-2019
-17155
-1947
-17355
-1987
-17587
-2035
-17891
-2035
-18059
-1955
-18387
-2075
-18579
-2059
-18827
-2275
1071
-2253
-47
-2173
-237
-2225
-561
-2267
-861
-2303
-1079
-2147
-1321
-2265
-1543
-2243
-1697
-2275
-2031
-2217
-2291
-2259
-2487
-2189
-2667
-2273
-2963
-2281
-3175
-2241
-3415
-2235
-3711
-2227
-3951
-2285
-4099
-2303
-4453
-2237
-4687
-2303
-4935
-2251
-5095
-2243
-5379
-2299
-5575
-2235
-5815
-2183
-6063
-2199
-6367
-2247
-6575
-2199
-6839
-2295
-7015
-2267
-7335
-2303
-7547
-2299
-7735
-2291
-7975
-2291
-8219
-2255
-8483
-2183
-8791
-2243
-8955
-2219
-9183
-2267
-9403
-2195
-9707
-2243
-9995
-2275
-10187
-2195
-10347
-2227
-10683
-2227
-10851
-2275
-11195
-2203
-11339
-2283
-11667
-2243
-11891
-2187
-12099
-2235
-12299
-2307
-12555
-2307
-12859
-2283
-13099
-2219
-13347
-2259
-13491
-2291
-13707
-2251
-14075
-2259
-14267
-2259
-14467
-2243
-14691
-2211
-14987
-2203
-15219
-2275
-15387
-2275
-15715
-2299
-15947
-2291
-16187
-2291
-16419
-2299
-16691
-2259
-16915
-2307
-17115
-2267
-17411
-2299
-17667
-2251
-17883
-2275
-18043
-2267
-18315
-2299
-18603
-2315
-18851
-2459
535
-2483
-69
-2437
-293
-2531
-551
-2423
-797
-2417
-1005
-2451
-1219
-2537
-1497
-2529
-1699
-2463
-2057
-2513
-2163
-2459
-2447
-2447
-2663
-2395
-2981
-2463
-3221
-2431
-3393
-2415
-3709
-2419
-3847
-2503
-4211
-2439
-4415
-2487
-4639
-2475
-4927
-2451
-5095
-2527
-5283
-2519
-5599
-2487
-5799
-2539
-6031
-2499
-6343
-2455
-6563
-2531
-6875
-2511
-7063
-2527
-7315
-2503
-7459
-2467
-7699
-2499
-8047
-2435
-8163
-2523
-8515
-2459
-8659
-2503
-8943
-2479
-9187
-2539
-9483
-2451
-9635
-2443
-9939
-2515
-10155
-2523
-10475
-2539
-10707
-2539
-10939
-2475
-11155
-2435
-11331
-2483
-11659
-2467
-11803
-2515
-12067
-2435
-12371
-2459
-12611
-2467
-12867
-2547
-13019
-2507
-13259
-2523
-13555
-2531
-13763
-2539
-13971
-2491
-14227
-2531
-14523
-2531
-14739
-2539
-15019
-2467
-15211
-2475
-15483
-2547
-15683
-2475
-15995
-2499
-16179
-2547
-16451
-2515
-16699
-2555
-16947
-2515
-17091
-2515
-17371
-2467
-17587
-2523
-17891
-2451
-18155
-2475
-18307
-2435
-18579
-2499
-18843
-2735
125
-2655
-129
-2711
-355
-2671
-507
-2715
-735
-2755
-963
-2647
-1247
-2767
-1547
-2675
-1715
-2743
-2027
-2759
-2163
-2739
-2483
-2763
-2683
-2659
-2955
-2723
-3167
-2751
-3491
-2767
-3659
-2755
-3927
-2739
-4111
-2755
-4367
-2723
-4603
-2755
-4867
-2703
-5187
-2771
-5371
-2763
-5655
-2751
-5815
-2759
-6055
-2659
-6299
-2691
-6571
-2735
-6807
-2783
-7007
-2735
-7243
-2719
-7531
-2683
-7815
-2635
-8031
-2651
-8267
-2763
-8539
-2663
-8691
-2779
-8943
-2751
-9191
-2679
-9443
-2739
-9675
-2755
-9875
-2763
-10219
-2771
-10443
-2795
-10587
-2779
-10923
-2731
-11091
-2747
-11331
-2723
-11603
-2779
-11811
-2779
-12059
-2667
-12331
-2699
-12635
-2763
-12819
-2723
-13067
-2779
-13339
-2771
-13587
-2739
-13779
-2763
-13995
-2723
-14307
-2675
-14475
-2723
-14747
-2675
-14923
-2747
-15179
-2723
-15459
-2755
-15723
-2787
-15987
-2787
-16147
-2795
-16467
-2787
-16643
-2739
-16923
-2747
-17107
-2779
-17395
-2667
-17627
-2771
-17891
-2699
-18099
-2715
-18387
-2675
-18523
-2779
-18867
-2975
125
-3027
-31
-2971
-367
-2999
-527
-2967
-727
-2907
-1079
-2979
-1231
-3011
-1543
-2959
-1795
-3027
-2043
-2975
-2291
-3027
-2415
-2963
-2683
-2923
-2967
-2991
-3135
-2931
-3379
-2951
-3651
-2983
-3975
-2911
-4131
-2999
-4447
-2975
-4703
-2983
-4815
-2955
-5063
-3019
-5399
-2995
-5659
-2983
-5815
-2995
-6143
-3027
-6371
-2983
-6551
-3027
-6779
-2919
-7039
-2955
-7299
-2971
-7467
-3019
-7819
-2939
-7947
-2903
-8159
-2923
-8519
-3019
-8707
-3003
-8975
-2927
-9207
-2923
-9475
-3027
-9739
-3035
-9899
-2915
-10163
-2963
-10371
-3011
-10651
-3035
-10923
-2987
-11171
-2987
-11307
-2923
-11547
-3035
-11915
-3019
-12139
-2987
-12315
-2987
-12507
-2915
-12819
-2963
-13067
-2995
-13259
-2955
-13507
-2915
-13819
-2979
-14043
-3011
-14243
-3027
-14531
-2979
-14795
-3011
-14907
-2955
-15195
-3035
-15403
-3035
-15707
-2955
-15875
-2923
-16123
-2963
-16459
-2947
-16651
-2979
-16867
-3003
-17075
-3027
-17347
-2915
-17619
-3027
-17883
-2915
-18115
-2995
-18275
-2923
-18555
-3011
-18843
-3235
125
-3243
-51
-3171
-335
-3251
-519
-3251
-751
-3215
-1067
-3179
-1251
-3159
-1507
-3207
-1691
-3147
-1943
-3147
-2179
-3171
-2507
-3199
-2727
-3139
-2935
-3255
-3207
-3195
-3435
-3187
-3667
-3255
-3903
-3199
-4155
-3247
-4387
-3187
-4663
-3203
-4815
-3235
-5087
-3187
-5387
-3163
-5567
-3235
-5887
-3187
-6015
-3259
-6371
-3251
-6503
-3251
-6851
-3207
-7063
-3187
-7291
-3243
-7527
-3143
-7771
-3251
-8055
-3139
-8223
-3215
-8463
-3159
-8775
-3255
-8951
-3167
-9183
-3163
-9499
-3275
-9739
-3267
-9883
-3155
-10139
-3147
-10403
-3259
-10707
-3211
-10859
-3179
-11139
-3187
-11379
-3219
-11675
-3267
-11851
-3147
-12139
-3163
-12387
-3155
-12587
-3267
-12787
-3203
-13027
-3259
-13307
-3163
-13467
-3251
-13731
-3267
-14075
-3171
-14211
-3251
-14467
-3147
-14731
-3251
-14907
-3195
-15243
-3275
-15475
-3203
-15739
-3195
-15891
-3235
-16219
-3195
-16379
-3147
-16715
-3227
-16899
-3171
-17187
-3187
-17419
-3171
-17635
-3267
-17915
-3251
-18091
-3275
-18395
-3267
-18531
-3267
-18811
-3423
133
-3439
-43
-3483
-323
-3419
-599
-3467
-787
-3451
-1027
-3387
-1291
-3467
-1559
-3423
-1775
-3435
-1975
-3439
-2279
-3467
-2535
-3507
-2739
-3459
-2923
-3475
-3267
-3511
-3491
-3507
-3663
-3403
-3859
-3371
-4119
-3383
-4403
-3455
-4691
-3363
-4839
-3419
-5091
-3399
-5303
-3495
-5595
-3443
-5827
-3423
-6043
-3407
-6359
-3471
-6555
-3403
-6747
-3451
-6967
-3427
-7207
-3387
-7447
-3399
-7739
-3483
-8031
-3495
-8275
-3455
-8499
-3411
-8687
-3471
-8939
-3471
-9263
-3443
-9399
-3411
-9755
-3515
-9939
-3427
-10187
-3395
-10467
-3459
-10651
-3411
-10899
-3387
-11155
-3491
-11331
-3435
-11651
-3515
-11843
-3483
-12147
-3451
-12323
-3427
-12531
-3419
-12755
-3467
-13067
-3491
-13235
-3515
-13507
-3475
-13747
-3411
-14051
-3491
-14227
-3419
-14459
-3507
-14691
-3483
-14963
-3507
-15187
-3427
-15475
-3507
-15659
-3459
-15875
-3411
-16171
-3475
-16475
-3435
-16675
-3507
-16835
-3435
-17099
-3411
-17347
-3499
-17627
-3459
-17915
-3499
-18131
-3459
-18291
-3515
-18531
-3435
-18875
-3731
133
-3747
-99
-3719
-251
-3727
-495
-3659
-775
-3743
-1027
-3627
-1307
-3655
-1539
-3707
-1731
-3691
-1999
-3655
-2271
-3719
-2519
-3719
-2775
-3743
-2947
-3747
-3179
-3635
-3419
-3643
-3631
-3643
-3871
-3699
-4203
-3703
-4419
-3711
-4659
-3655
-4863
-3699
-5071
-3619
-5331
-3723
-5615
-3699
-5871
-3731
-6059
-3699
-6283
-3707
-6543
-3691
-6791
-3599
-7071
-3723
-7323
-3723
-7503
-3735
-7723
-3651
-8015
-3683
-8287
-3647
-8479
-3743
-8751
-3663
-8951
-3663
-9143
-3739
-9515
-3675
-9707
-3755
-9979
-3683
-10179
-3643
-10427
-3739
-10699
-3747
-10915
-3731
-11163
-3643
-11339
-3723
-11579
-3675
-11787
-3651
-12051
-3635
-12347
-3651
-12507
-3731
-12875
-3635
-13099
-3675
-13315
-3747
-13491
-3691
-13723
-3715
-14051
-3683
-14243
-3755
-14507
-3731
-14723
-3659
-15027
-3747
-15179
-3723
-15515
-3739
-15699
-3755
-15987
-3699
-16147
-3731
-16379
-3747
-16619
-3635
-16867
-3747
-17091
-3707
-17363
-3675
-17635
-3691
-17875
-3635
-18027
-3635
-18363
-3715
-18595
-3635
-18859
-3879
125
-3891
-71
-3931
-343
-3987
-591
-3935
-775
-3939
-1067
-3951
-1351
-3959
-1555
-3899
-1783
-3939
-1947
-3963
-2303
-3987
-2399
-3971
-2743
-3971
-3003
-3971
-3163
-3867
-3379
-3883
-3719
-3871
-3887
-3939
-4187
-3887
-4395
-3907
-4571
-3919
-4831
-3883
-5115
-3939
-5387
-3891
-5615
-3971
-5791
-3903
-6055
-3943
-6299
-3995
-6511
-3975
-6767
-3871
-7087
-3871
-7255
-3927
-7507
-3915
-7703
-3931
-7991
-3899
-8223
-3879
-8531
-3931
-8707
-3955
-9019
-3923
-9179
-3995
-9491
-3979
-9635
-3987
-9947
-3931
-10123
-3955
-10371
-3915
-10643
-3899
-10835
-3963
-11091
-3915
-11411
-3891
-11563
-3955
-11907
-3939
-12083
-3947
-12363
-3963
-12507
-3987
-12747
-3971
-13107
-3971
-13339
-3883
-13579
-3971
-13771
-3979
-14075
-3915
-14283
-3963
-14483
-3923
-14699
-3979
-14995
-3955
-15187
-3995
-15483
-3971
-15699
-3947
-15883
-3923
-16147
-3955
-16459
-3971
-16715
-3875
-16907
-3979
-17091
-3899
-17323
-3923
-17651
-3891
-17835
-3939
-18043
-3979
-18355
-3907
-18555
-3987
-18811
-4195
141
-4219
-47
-4155
-367
-4135
-603
-4151
-839
-4167
-983
-4195
-1283
-4159
-1491
-4103
-1767
-4139
-2043
-4175
-2263
-4211
-2495
-4191
-2763
-4171
-2999
-4195
-3187
-4227
-3415
-4179
-3715
-4131
-3887
-4167
-4219
-4175
-4443
-4099
-4559
-4223
-4927
-4183
-5115
-4227
-5319
-4223
-5599
-4123
-5799
-4095
-6079
-4107
-6343
-4107
-6607
-4203
-6755
-4199
-7079
-4163
-7327
-4139
-7471
-4199
-7715
-4211
-7971
-4119
-8179
-4159
-8435
-4131
-8735
-4151
-9011
-4219
-9187
-4183
-9371
-4171
-9659
-4203
-9867
-4227
-10123
-4227
-10419
-4211
-10643
-4203
-10875
-4155
-11123
-4139
-11435
-4227
-11635
-4235
-11883
-4187
-12035
-4131
-12275
-4227
-12611
-4227
-12819
-4195
-13003
-4227
-13291
-4155
-13531
-4211
-13803
-4131
-14051
-4211
-14315
-4211
-14523
-4219
-14755
-4147
-14987
-4163
-15235
-4219
-15491
-4179
-15683
-4139
-15963
-4163
-16163
-4219
-16395
-4115
-16675
-4131
-16843
-4163
-17139
-4155
-17387
-4203
-17667
-4163
-17891
-4211
-18099
-4195
-18291
-4187
-18539
-4235
-18827
-4423
141
-4439
-75
-4459
-343
-4419
-575
-4427
-771
-4447
-979
-4399
-1247
-4451
-1515
-4451
-1675
-4459
-2043
-4347
-2243
-4427
-2515
-4359
-2779
-4427
-2999
-4351
-3127
-4399
-3379
-4367
-3703
-4335
-3899
-4439
-4163
-4439
-4439
-4415
-4559
-4463
-4899
-4363
-5075
-4383
-5419
-4471
-5611
-4355
-5879
-4463
-6007
-4407
-6343
-4411
-6547
-4435
-6735
-4439
-7015
-4403
-7319
-4359
-7539
-4459
-7779
-4315
-7939
-4443
-8247
-4443
-8515
-4459
-8715
-4335
-8995
-4439
-9187
-4403
-9415
-4371
-9739
-4387
-9947
-4475
-10155
-4371
-10347
-4395
-10595
-4355
-10883
-4403
-11099
-4435
-11307
-4371
-11675
-4411
-11803
-4403
-12107
-4371
-12299
-4419
-12507
-4411
-12795
-4371
-12995
-4347
-13291
-4435
-13499
-4387
-13803
-4395
-13955
-4363
-14235
-4387
-14443
-4371
-14691
-4459
-14995
-4451
-15179
-4363
-15411
-4363
-15691
-4435
-15955
-4475
-16123
-4451
-16443
-4451
-16667
-4411
-16875
-4403
-17123
-4419
-17371
-4467
-17547
-4411
-17907
-4427
-18051
-4443
-18339
-4459
-18563
-4387
-18875
-4639
109
-4671
-107
-4627
-267
-4707
-603
-4659
-843
-4631
-1019
-4595
-1343
-4671
-1491
-4595
-1763
-4683
-1995
-4683
-2203
-4707
-2479
-4695
-2687
-4671
-2979
-4707
-3187
-4679
-3447
-4591
-3631
-4599
-3855
-4675
-4095
-4667
-4475
-4687
-4683
-4583
-4867
-4703
-5111
-4587
-5387
-4691
-5591
-4639
-5847
-4679
-6023
-4687
-6259
-4691
-6515
-4699
-6743
-4607
-6975
-4667
-7275
-4683
-7511
-4599
-7699
-4655
-8023
-4663
-8287
-4623
-8463
-4651
-8759
-4683
-8915
-4655
-9179
-4627
-9499
-4699
-9691
-4651
-9875
-4707
-10211
-4707
-10347
-4635
-10627
-4715
-10891
-4635
-11155
-4691
-11371
-4699
-11643
-4651
-11859
-4659
-12075
-4611
-12371
-4699
-12507
-4603
-12755
-4667
-13051
-4683
-13291
-4699
-13483
-4619
-13763
-4699
-13979
-4651
-14267
-4699
-14459
-4627
-14667
-4587
-14955
-4643
-15251
-4667
-15451
-4643
-15691
-4707
-15971
-4707
-16171
-4715
-16467
-4715
-16659
-4667
-16907
-4683
-17155
-4691
-17331
-4627
-17603
-4619
-17811
-4587
-18075
-4587
-18283
-4603
-18611
-4675
-18867
-4835
133
-4851
-55
-4931
-355
-4887
-603
-4859
-775
-4927
-1003
-4819
-1315
-4915
-1563
-4803
-1695
-4915
-2027
-4883
-2247
-4879
-2531
-4879
-2651
-4839
-2891
-4947
-3167
-4859
-3411
-4919
-3667
-4875
-3895
-4895
-4211
-4939
-4423
-4943
-4611
-4871
-4867
-4899
-5067
-4835
-5363
-4815
-5607
-4927
-5783
-4863
-6147
-4819
-6279
-4947
-6595
-4835
-6787
-4919
-7003
-4819
-7283
-4851
-7475
-4923
-7719
-4839
-8035
-4939
-8255
-4927
-8431
-4931
-8771
-4915
-8951
-4859
-9207
-4819
-9507
-4947
-9731
-4915
-9955
-4947
-10155
-4955
-10371
-4859
-10691
-4891
-10859
-4843
-11155
-4939
-11355
-4931
-11547
-4915
-11819
-4891
-12107
-4867
-12283
-4915
-12627
-4939
-12875
-4923
-13003
-4939
-13275
-4915
-13475
-4915
-13803
-4947
-13971
-4835
-14243
-4851
-14443
-4931
-14739
-4859
-14915
-4947
-15275
-4867
-15491
-4955
-15699
-4947
-15947
-4955
-16155
-4947
-16435
-4883
-16659
-4931
-16915
-4915
-17083
-4955
-17403
-4939
-17563
-4915
-17827
-4891
-18131
-4843
-18371
-4931
-18635
-4843
-18851
-5067
117
-5087
-63
-5159
-367
-5155
-491
-5111
-767
-5055
-1003
-5115
-1227
-5175
-1523
-5159
-1739
-5091
-1955
-5099
-2235
-5087
-2471
-5063
-2667
-5183
-2987
-5143
-3187
-5143
-3451
-5055
-3635
-5171
-3855
-5171
-4171
-5155
-4419
-5139
-4599
-5063
-4891
-5111
-5091
-5155
-5339
-5139
-5587
-5183
-5887
-5159
-5995
-5071
-6295
-5083
-6539
-5139
-6787
-5107
-6967
-5175
-7295
-5063
-7499
-5143
-7731
-5107
-7995
-5195
-8187
-5151
-8523
-5167
-8767
-5163
-8955
-5063
-9187
-5063
-9459
-5179
-9747
-5179
-9971
-5131
-10123
-5083
-10419
-5195
-10595
-5075
-10859
-5123
-11115
-5123
-11411
-5139
-11579
-5163
-11883
-5195
-12123
-5163
-12307
-5195
-12555
-5179
-12771
-5195
-12987
-5067
-13307
-5083
-13483
-5171
-13803
-5091
-14059
-5171
-14275
-5195
-14475
-5163
-14731
-5155
-14923
-5123
-15235
-5163
-15403
-5131
-15707
-5099
-15979
-5115
-16147
-5107
-16435
-5179
-16707
-5139
-16915
-5179
-17099
-5155
-17427
-5099
-17595
-5099
-17867
-5171
-18067
-5187
-18387
-5131
-18603
-5179
-18851
-5339
117
-5339
-123
-5411
-363
-5419
-587
-5427
-811
-5371
-1075
-5363
-1299
-5435
-1475
-5411
-1739
-5419
-2011
-5363
-2275
-5379
-2479
-5387
-2703
-5395
-2939
-5395
-3243
-5347
-3431
-5347
-3639
-5427
-3955
-5427
-4155
-5379
-4403
-5435
-4651
-5395
-4895
-5347
-5059
-5363
-5323
-5411
-5627
-5411
-5875
-5419
-6107
-5427
-6291
-5419
-6611
-5371
-6803
-5363
-7047
-5339
-7231
-5323
-7543
-5435
-7803
-5371
-8003
-5331
-8211
-5331
-8431
-5307
-8783
-5363
-8955
-5363
-9147
-5403
-9491
-5331
-9739
-5395
-9931
-5411
-10107
-5339
-10475
-5411
-10683
-5435
-10915
-5331
-11107
-5419
-11427
-5347
-11659
-5427
-11835
-5419
-12123
-5331
-12331
-5403
-12571
-5355
-12875
-5323
-13091
-5435
-13307
-5427
-13507
-5411
-13763
-5419
-14059
-5387
-14251
-5323
-14539
-5395
-14667
-5355
-15027
-5355
-15171
-5355
-15515
-5379
-15683
-5371
-15955
-5435
-16219
-5323
-16395
-5403
-16619
-5363
-16955
-5427
-17123
-5419
-17363
-5363
-17587
-5427
-17867
-5395
-18091
-5435
-18307
-5307
-18531
-5363
-18859
-5627
133
-5547
-147
-5635
-299
-5667
-555
-5587
-867
-5611
-1075
-5595
-1291
-5603
-1555
-5571
-1739
-5667
-1979
-5651
-2307
-5635
-2515
-5659
-2779
-5635
-3035
-5611
-3259
-5603
-3507
-5651
-3739
-5675
-3963
-5635
-4123
-5619
-4427
-5675
-4619
-5667
-4931
-5611
-5195
-5643
-5315
-5595
-5563
-5675
-5827
-5587
-6059
-5659
-6355
-5667
-6627
-5603
-6843
-5619
-7011
-5651
-7275
-5675
-7467
-5675
-7771
-5571
-8075
-5651
-8275
-5563
-8531
-5603
-8739
-5611
-9019
-5651
-9163
-5675
-9459
-5643
-9667
-5555
-9987
-5547
-10107
-5555
-10347
-5659
-10627
-5611
-10923
-5643
-11091
-5563
-11395
-5571
-11675
-5643
-11875
-5595
-12155
-5627
-12323
-5635
-12611
-5675
-12835
-5675
-13083
-5555
-13355
-5603
-13515
-5571
-13739
-5675
-14019
-5563
-14315
-5635
-14483
-5579
-14707
-5659
-15011
-5603
-15195
-5587
-15467
-5659
-15635
-5611
-15979
-5643
-16195
-5651
-16467
-5643
-16699
-5659
-16899
-5643
-17107
-5547
-17403
-5579
-17643
-5667
-17851
-5563
-18043
-5603
-18355
-5587
-18547
-5659
-18811
-5843
117
-5899
-115
-5811
-379
-5883
-523
-5787
-875
-5803
-1107
-5907
-1339
-5835
-1531
-5827
-1715
-5915
-2043
-5891
-2315
-5883
-2515
-5907
-2699
-5875
-3027
-5843
-3163
-5851
-3483
-5795
-3627
-5835
-3891
-5795
-4203
-5835
-4427
-5867
-4595
-5819
-4843
-5907
-5163
-5915
-5371
-5859
-5627
-5907
-5899
-5859
-6115
-5875
-6347
-5891
-6515
-5899
-6827
-5899
-7043
-5907
-7307
-5827
-7483
-5795
-7819
-5795
-8019
-5915
-8283
-5907
-8459
-5827
-8675
-5803
-8947
-5915
-9275
-5851
-9435
-5875
-9635
-5819
-9995
-5803
-10227
-5915
-10347
-5835
-10715
-5891
-10851
-5851
-11091
-5859
-11395
-5883
-11595
-5883
-11891
-5883
-12155
-5907
-12379
-5875
-12539
-5915
-12811
-5827
-13115
-5907
-13315
-5795
-13515
-5795
-13835
-5899
-13955
-5827
-14259
-5875
-14451
-5859
-14691
-5851
-14987
-5859
-15259
-5859
-15475
-5875
-15723
-5867
-15867
-5907
-16107
-5859
-16403
-5899
-16691
-5891
-16955
-5819
-17139
-5875
-17347
-5891
-17635
-5875
-17795
-5907
-18083
-5827
-18395
-5907
-18603
-5899
-18867
-6139
149
-6131
-67
-6067
-275
-6099
-563
-6123
-843
-6027
-1075
-6123
-1267
-6067
-1475
-6115
-1819
-6147
-2043
-6155
-2267
-6131
-2491
-6139
-2731
-6123
-2915
-6027
-3171
-6043
-3435
-6139
-3635
-6123
-3891
-6131
-4227
-6147
-4371
-6115
-4611
-6107
-4891
-6083
-5107
-6099
-5315
-6107
-5619
-6099
-5803
-6139
-6099
-6099
-6347
-6099
-6571
-6115
-6843
-6091
-7115
-6115
-7283
-6147
-7507
-6107
-7835
-6131
-8027
-6115
-8251
-6035
-8459
-6035
-8747
-6099
-8963
-6147
-9227
-6155
-9499
-6059
-9715
-6123
-9987
-6051
-10123
-6067
-10403
-6139
-10627
-6091
-10907
-6075
-11187
-6107
-11347
-6035
-11587
-6075
-11811
-6123
-12075
-6147
-12379
-6027
-12571
-6051
-12827
-6083
-13035
-6099
-13227
-6147
-13523
-6035
-13827
-6107
-14043
-6155
-14203
-6107
-14427
-6123
-14771
-6075
-15027
-6155
-15211
-6155
-15499
-6099
-15635
-6107
-15963
-6123
-16211
-6059
-16427
-6059
-16627
-6067
-16843
-6139
-17107
-6147
-17363
-6131
-17627
-6147
-17851
-6075
-18123
-6131
-18323
-6139
-18603
-6155
-18867
-6395
125
-6307
-131
-6355
-299
-6291
-587
-6387
-747
-6395
-1067
-6355
-1243
-6379
-1499
-6355
-1779
-6275
-1955
-6387
-2219
-6307
-2443
-6275
-2795
-6323
-2939
-6387
-3195
-6291
-3499
-6387
-3747
-6371
-3963
-6307
-4219
-6339
-4435
-6395
-4675
-6379
-4827
-6347
-5083
-6379
-5403
-6331
-5635
-6395
-5891
-6355
-6107
-6283
-6387
-6379
-6515
-6387
-6835
-6275
-7107
-6355
-7251
-6331
-7563
-6315
-7747
-6363
-8027
-6395
-8235
-6339
-8475
-6323
-8763
-6275
-8979
-6395
-9259
-6347
-9411
-6355
-9675
-6355
-9971
-6371
-10163
-6323
-10379
-6299
-10691
-6355
-10867
-6307
-11171
-6387
-11411
-6307
-11571
-6275
-11875
-6339
-12107
-6307
-12299
-6347
-12507
-6347
-12747
-6267
-13035
-6339
-13307
-6387
-13523
-6291
-13747
-6283
-14051
-6347
-14203
-6355
-14555
-6363
-14787
-6395
-15003
-6275
-15259
-6339
-15475
-6299
-15675
-6323
-15907
-6371
-16203
-6267
-16451
-6291
-16627
-6387
-16891
-6299
-17083
-6363
-17379
-6387
-17659
-6347
-17875
-6307
-18043
-6275
-18307
-6307
-18635
-6347
-18811
-6611
85
-6611
-115
-6563
-283
-6627
-547
-6635
-819
-6539
-1027
-6611
-1259
-6611
-1555
-6515
-1827
-6555
-1947
-6635
-2259
-6579
-2459
-6595
-2691
-6555
-2923
-6635
-3251
-6579
-3451
-6611
-3755
-6619
-3931
-6611
-4131
-6627
-4451
-6587
-4651
-6579
-4947
-6587
-5075
-6547
-5403
-6595
-5635
-6579
-5787
-6595
-6147
-6619
-6331
-6563
-6579
-6555
-6819
-6579
-7099
-6555
-7331
-6603
-7571
-6515
-7779
-6619
-7963
-6547
-8203
-6603
-8515
-6627
-8683
-6595
-8971
-6595
-9235
-6531
-9387
-6579
-9739
-6539
-9939
-6635
-10155
-6571
-10387
-6563
-10699
-6531
-10843
-6539
-11195
-6611
-11363
-6579
-11627
-6619
-11891
-6611
-12083
-6523
-12339
-6635
-12611
-6619
-12859
-6563
-13027
-6619
-13283
-6531
-13579
-6611
-13795
-6555
-14027
-6619
-14235
-6555
-14539
-6515
-14707
-6555
-14939
-6563
-15211
-6531
-15403
-6579
-15627
-6619
-15963
-6635
-16203
-6635
-16395
-6507
-16691
-6547
-16827
-6523
-17139
-6539
-17435
-6563
-17675
-6587
-17795
-6523
-18123
-6579
-18371
-6563
-18555
-6603
-18827
-6827
125
-6867
-43
-6771
-331
-6843
-611
-6827
-843
-6867
-1019
-6867
-1291
-6819
-1539
-6875
-1827
-6859
-1979
-6755
-2235
-6819
-2507
-6843
-2787
-6755
-2963
-6779
-3243
-6803
-3459
-6867
-3755
-6747
-3883
-6843
-4227
-6827
-4379
-6795
-4619
-6779
-4923
-6835
-5147
-6867
-5339
-6867
-5611
-6827
-5915
-6763
-6147
-6875
-6323
-6875
-6635
-6835
-6803
-6875
-7091
-6851
-7243
-6875
-7595
-6867
-7795
-6779
-7987
-6763
-8315
-6771
-8427
-6843
-8779
-6859
-8923
-6867
-9163
-6803
-9427
-6851
-9683
-6835
-9947
-6755
-10115
-6819
-10387
-6843
-10675
-6835
-10875
-6835
-11123
-6795
-11331
-6827
-11547
-6867
-11787
-6747
-12123
-6795
-12283
-6859
-12635
-6811
-12747
-6875
-13011
-6843
-13323
-6763
-13595
-6771
-13715
-6827
-13971
-6875
-14203
-6819
-14531
-6811
-14779
-6771
-14971
-6843
-15203
-6835
-15515
-6835
-15627
-6811
-15867
-6819
-16115
-6787
-16459
-6779
-16611
-6763
-16851
-6859
-17107
-6851
-17363
-6867
-17667
-6875
-17883
-6811
-18131
-6843
-18331
-6811
-18635
-6843
-18843
-6987
125
-7027
-147
-7091
-379
-7019
-563
-7115
-771
-6995
-1035
-7075
-1283
-7019
-1539
-7035
-1803
-7115
-2011
-7059
-2275
-7115
-2507
-7099
-2715
-7083
-2931
-6987
-3219
-7099
-3515
-7043
-3739
-7091
-3891
-7035
-4123
-7107
-4387
-7107
-4715
-7011
-4915
-7043
-5163
-7011
-5411
-7083
-5651
-7115
-5787
-7043
-6123
-7091
-6363
-7099
-6555
-7011
-6771
-7083
-7099
-7059
-7347
-7083
-7515
-7059
-7755
-7003
-8003
-7099
-8219
-7099
-8515
-7091
-8699
-7115
-9003
-7035
-9251
-7027
-9491
-7091
-9699
-7083
-9971
-7099
-10147
-7051
-10475
-7091
-10683
-7019
-10851
-7075
-11179
-7067
-11379
-7027
-11611
-7115
-11907
-7011
-12075
-7051
-12331
-7011
-12547
-7115
-12795
-6987
-13027
-7107
-13267
-7099
-13523
-7099
-13707
-7019
-14059
-7115
-14251
-7083
-14515
-7027
-14763
-7107
-15019
-7011
-15251
-7035
-15451
-7067
-15739
-6987
-15931
-7027
-16179
-7091
-16451
-7067
-16715
-7099
-16939
-7099
-17083
-7059
-17435
-7091
-17603
-7075
-17843
-7059
-18075
-7083
-18387
-7115
-18531
-7075
-18827
-7235
133
-7347
-91
-7299
-371
-7355
-515
-7283
-827
-7251
-1043
-7331
-1259
-7347
-1571
-7339
-1755
-7355
-2075
-7355
-2219
-7235
-2555
-7283
-2747
-7307
-2923
-7355
-3203
-7355
-3443
-7355
-3691
-7355
-3971
-7283
-4171
-7315
-4379
-7339
-4651
-7299
-4955
-7355
-5083
-7251
-5419
-7275
-5643
-7267
-5795
-7259
-6051
-7243
-6387
-7347
-6579
-7323
-6827
-7355
-7043
-7275
-7307
-7299
-7523
-7355
-7707
-7291
-8059
-7315
-8267
-7323
-8459
-7267
-8699
-7307
-8931
-7283
-9251
-7355
-9395
-7259
-9739
-7307
-9899
-7307
-10147
-7331
-10347
-7339
-10635
-7275
-10939
-7307
-11155
-7267
-11411
-7227
-11667
-7355
-11827
-7243
-12155
-7227
-12315
-7235
-12619
-7299
-12811
-7315
-13011
-7339
-13347
-7323
-13579
-7267
-13835
-7291
-14035
-7339
-14283
-7355
-14547
-7275
-14739
-7227
-14963
-7323
-15155
-7355
-15443
-7331
-15667
-7307
-15939
-7291
-16195
-7331
-16355
-7355
-16691
-7323
-16899
-7267
-17091
-7251
-17387
-7283
-17571
-7235
-17899
-7315
-18083
-7267
-18283
-7299
-18523
-7243
-18875
-7523
125
-7563
-147
-7547
-387
-7499
-531
-7563
-851
-7571
-1043
-7507
-1267
-7555
-1499
-7467
-1715
-7515
-1971
-7475
-2187
-7587
-2531
-7587
-2675
-7507
-2971
-7587
-3235
-7523
-3515
-7475
-3667
-7555
-3883
-7579
-4235
-7563
-4395
-7475
-4707
-7467
-4907
-7523
-5107
-7579
-5411
-7571
-5603
-7555
-5891
-7475
-6155
-7571
-6307
-7579
-6619
-7531
-6819
-7579
-7051
-7595
-7275
-7563
-7467
-7571
-7835
-7539
-7979
-7475
-8227
-7595
-8547
-7499
-8667
-7507
-8931
-7539
-9155
-7491
-9443
-7595
-9627
-7539
-9883
-7563
-10187
-7539
-10403
-7595
-10675
-7579
-10939
-7587
-11083
-7587
-11339
-7555
-11611
-7595
-11827
-7475
-12051
-7515
-12323
-7467
-12523
-7499
-12827
-7499
-13059
-7475
-13291
-7547
-13523
-7579
-13723
-7579
-13947
-7571
-14267
-7587
-14467
-7587
-14683
-7579
-15019
-7587
-15259
-7539
-15499
-7499
-15715
-7555
-15891
-7475
-16139
-7555
-16475
-7523
-16675
-7547
-16939
-7475
-17163
-7467
-17307
-7555
-17635
-7555
-17795
-7483
-18107
-7475
-18275
-7483
-18507
-7579
-18859
-7731
149
-7723
-139
-7779
-307
-7731
-595
-7779
-787
-7827
-1003
-7747
-1283
-7819
-1547
-7779
-1835
-7779
-1979
-7827
-2259
-7747
-2459
-7795
-2787
-7763
-2963
-7811
-3179
-7723
-3467
-7747
-3643
-7827
-3971
-7747
-4227
-7763
-4435
-7835
-4691
-7755
-4899
-7835
-5107
-7819
-5363
-7811
-5587
-7811
-5827
-7763
-6155
-7731
-6363
-7795
-6611
-7715
-6819
-7715
-7067
-7715
-7251
-7803
-7491
-7795
-7803
-7819
-8067
-7819
-8227
-7835
-8539
-7771
-8739
-7835
-9027
-7835
-9163
-7835
-9491
-7755
-9707
-7763
-9931
-7835
-10163
-7779
-10427
-7731
-10635
-7803
-10835
-7835
-11099
-7827
-11315
-7763
-11643
-7747
-11907
-7811
-12083
-7723
-12379
-7819
-12635
-7835
-12787
-7795
-13107
-7819
-13243
-7787
-13587
-7715
-13755
-7827
-14043
-7819
-14291
-7803
-14443
-7819
-14699
-7763
-14939
-7827
-15203
-7819
-15387
-7795
-15683
-7835
-15995
-7715
-16171
-7803
-16371
-7827
-16627
-7827
-16923
-7819
-17091
-7755
-17403
-7771
-17587
-7795
-17859
-7747
-18043
-7723
-18331
-7819
-18587
-7795
-18867
-7971
85
-8051
-115
-8027
-315
-8059
-627
-8043
-803
-8067
-995
-8043
-1315
-7955
-1587
-7995
-1755
-7955
-2027
-7987
-2299
-8059
-2435
-8059
-2675
-8035
-3027
-8019
-3171
-7971
-3395
-8051
-3683
-7963
-3979
-8059
-4219
-7987
-4371
-7947
-4699
-8011
-4915
-8011
-5179
-8019
-5379
-8043
-5659
-8043
-5787
-8075
-6067
-8059
-6331
-8051
-6635
-8035
-6755
-7947
-7043
-7955
-7339
-8059
-7483
-8067
-7819
-7987
-7955
-8043
-8315
-7971
-8499
-8051
-8715
-8003
-8971
-8075
-9219
-7987
-9515
-7979
-9755
-8043
-9939
-7979
-10187
-8067
-10371
-8019
-10627
-8003
-10851
-8075
-11123
-8011
-11379
-8035
-11651
-8067
-11899
-8011
-12107
-8051
-12339
-8011
-12635
-8035
-12811
-8075
-13067
-8059
-13275
-7947
-13563
-8035
-13755
-8027
-14051
-8067
-14275
-7947
-14467
-8043
-14795
-8027
-14931
-8019
-15147
-7955
-15459
-7971
-15659
-8067
-15867
-8027
-16235
-8051
-16451
-8067
-16595
-8019
-16867
-8075
-17195
-7971
-17307
-8075
-17579
-8067
-17835
-8027
-18043
-8011
-18395
-8035
-18603
-8075
-18827
-8315
149
-8243
-91
-8187
-395
-8315
-515
-8315
-875
-8291
-987
-8219
-1347
-8211
-1579
-8235
-1763
-8275
-2035
-8283
-2203
-8315
-2555
-8315
-2675
-8275
-2963
-8211
-3187
-8307
-3515
-8307
-3715
-8291
-3971
-8315
-4195
-8187
-4395
-8275
-4635
-8195
-4827
-8299
-5171
-8267
-5379
-8243
-5563
-8307
-5827
-8291
-6027
-8307
-6347
-8307
-6523
-8315
-6859
-8259
-7011
-8291
-7307
-8275
-7547
-8307
-7723
-8227
-7987
-8315
-8307
-8291
-8443
-8267
-8699
-8291
-9003
-8267
-9187
-8203
-9467
-8283
-9667
-8291
-9955
-8187
-10171
-8315
-10435
-8251
-10635
-8227
-10955
-8283
-11075
-8315
-11355
-8195
-11619
-8299
-11867
-8219
-12043
-8195
-12387
-8243
-12539
-8259
-12787
-8275
-12995
-8307
-13307
-8259
-13531
-8315
-13723
-8307
-14059
-8219
-14251
-8315
-14555
-8283
-14667
-8275
-15019
-8291
-15155
-8299
-15475
-8259
-15755
-8307
-15867
-8291
-16147
-8307
-16419
-8259
-16603
-8211
-16915
-8227
-17075
-8187
-17411
-8315
-17563
-8315
-17899
-8243
-18115
-8227
-18331
-8299
-18619
-8307
-18851
-8483
117
-8507
-147
-8491
-387
-8555
-611
-8459
-795
-8523
-1019
-8507
-1323
-8459
-1523
-8507
-1827
-8555
-1947
-8515
-2219
-8435
-2491
-8491
-2683
-8523
-2939
-8467
-3155
-8499
-3435
-8451
-3643
-8443
-3867
-8515
-4123
-8475
-4419
-8515
-4611
-8547
-4875
-8555
-5171
-8475
-5331
-8467
-5675
-8523
-5867
-8507
-6139
-8547
-6355
-8547
-6515
-8539
-6763
-8499
-7019
-8427
-7339
-8531
-7547
-8555
-7803
-8427
-8003
-8523
-8235
-8531
-8475
-8475
-8675
-8475
-9019
-8547
-9171
-8499
-9491
-8547
-9635
-8427
-9883
-8523
-10163
-8427
-10363
-8491
-10619
-8475
-10931
-8555
-11107
-8539
-11355
-8451
-11675
-8539
-11907
-8483
-12155
-8539
-12371
-8507
-12547
-8547
-12795
-8539
-13019
-8443
-13347
-8459
-13467
-8555
-13731
-8499
-14075
-8515
-14307
-8451
-14547
-8459
-14739
-8507
-15003
-8467
-15179
-8523
-15387
-8523
-15683
-8451
-15947
-8555
-16203
-8499
-16371
-8435
-16659
-8499
-16923
-8443
-17195
-8555
-17339
-8547
-17563
-8555
-17787
-8523
-18027
-8507
-18291
-8539
-18579
-8523
-18851
-8771
109
-8739
-51
-8699
-355
-8723
-547
-8795
-875
-8707
-1099
-8771
-1259
-8691
-1491
-8795
-1795
-8683
-2051
-8739
-2195
-8739
-2539
-8779
-2683
-8763
-2995
-8787
-3195
-8699
-3515
-8739
-3731
-8739
-3987
-8787
-4235
-8779
-4347
-8691
-4643
-8707
-4827
-8739
-5163
-8731
-5363
-8747
-5563
-8707
-5899
-8763
-6139
-8771
-6379
-8747
-6539
-8763
-6787
-8723
-7027
-8707
-7251
-8675
-7499
-8699
-7835
-8691
-8075
-8787
-8243
-8731
-8483
-8755
-8723
-8723
-8947
-8779
-9211
-8667
-9459
-8763
-9747
-8795
-9931
-8787
-10187
-8723
-10451
-8779
-10715
-8739
-10939
-8787
-11147
-8763
-11347
-8747
-11611
-8747
-11867
-8723
-12091
-8755
-12379
-8795
-12515
-8691
-12763
-8691
-13099
-8763
-13259
-8795
-13595
-8715
-13819
-8771
-14051
-8771
-14315
-8731
-14555
-8723
-14763
-8755
-15035
-8667
-15227
-8747
-15515
-8747
-15675
-8707
-15963
-8683
-16123
-8779
-16435
-8699
-16715
-8795
-16883
-8779
-17171
-8763
-17307
-8739
-17563
-8691
-17915
-8731
-18115
-8779
-18339
-8731
-18547
-8691
-18875
-9019
125
-8987
-67
-8987
-387
-8979
-563
-8947
-811
-9011
-1115
-8939
-1291
-9035
-1507
-8995
-1787
-8931
-1971
-8955
-2291
-9027
-2555
-9011
-2715
-9035
-2923
-8979
-3179
-8979
-3419
-9011
-3747
-8987
-3939
-8923
-4107
-9027
-4379
-9027
-4643
-8923
-4827
-8923
-5187
-8979
-5419
-8995
-5579
-8971
-5891
-9027
-6147
-8931
-6299
-8979
-6587
-8939
-6851
-9011
-7011
-9019
-7227
-9019
-7539
-8939
-7835
-8939
-8035
-9035
-8251
-8939
-8523
-9027
-8755
-8971
-8971
-8987
-9219
-8915
-9451
-9003
-9667
-9011
-9875
-8907
-10115
-9019
-10443
-8939
-10603
-8947
-10851
-8995
-11091
-8947
-11355
-8923
-11611
-9019
-11835
-8979
-12043
-9019
-12339
-8995
-12619
-9003
-12811
-8987
-13059
-9035
-13251
-8987
-13531
-8915
-13739
-8995
-14067
-8947
-14275
-9035
-14555
-9035
-14667
-8987
-14955
-9035
-15147
-9011
-15443
-8971
-15683
-8907
-15955
-8955
-16123
-8971
-16419
-8923
-16675
-8963
-16947
-9011
-17163
-8947
-17387
-9019
-17659
-8995
-17867
-8931
-18147
-9003
-18331
-9027
-18507
-9035
-18827
-9179
109
-9203
-43
-9243
-371
-9251
-507
-9163
-827
-9275
-1091
-9203
-1291
-9179
-1531
-9187
-1835
-9275
-2067
-9147
-2307
-9219
-2507
-9267
-2731
-9171
-3027
-9179
-3235
-9163
-3395
-9243
-3635
-9235
-3931
-9267
-4227
-9259
-4355
-9275
-4603
-9251
-4939
-9235
-5075
-9195
-5403
-9211
-5547
-9235
-5795
-9155
-6131
-9163
-6363
-9187
-6611
-9179
-6819
-9171
-7027
-9235
-7315
-9203
-7563
-9195
-7731
-9267
-8059
-9235
-8275
-9203
-8459
-9171
-8771
-9211
-8987
-9251
-9163
-9211
-9403
-9211
-9755
-9227
-9867
-9227
-10131
-9163
-10387
-9179
-10611
-9259
-10955
-9163
-11107
-9251
-11307
-9155
-11635
-9259
-11843
-9163
-12107
-9243
-12379
-9235
-12587
-9219
-12795
-9275
-13043
-9275
-13291
-9243
-13483
-9179
-13739
-9211
-14059
-9267
-14211
-9243
-14451
-9163
-14731
-9155
-14995
-9251
-15203
-9235
-15515
-9179
-15691
-9267
-15971
-9227
-16115
-9171
-16427
-9195
-16707
-9179
-16867
-9203
-17131
-9243
-17411
-9251
-17563
-9251
-17811
-9259
-18139
-9251
-18387
-9219
-18555
-9211
-18843
-9491
149
-9491
-147
-9443
-275
-9435
-619
-9507
-843
-9419
-1059
-9411
-1235
-9515
-1499
-9475
-1795
-9467
-1979
-9475
-2267
-9507
-2443
-9459
-2707
-9483
-2963
-9483
-3267
-9483
-3443
-9499
-3691
-9427
-3923
-9427
-4131
-9515
-4379
-9427
-4619
-9419
-4907
-9451
-5131
-9411
-5323
-9475
-5579
-9515
-5827
-9435
-6155
-9443
-6283
-9475
-6587
-9411
-6747
-9515
-7099
-9499
-7339
-9427
-7531
-9451
-7795
-9499
-8019
-9499
-8227
-9467
-8459
-9491
-8683
-9443
-8915
-9483
-9203
-9507
-9443
-9475
-9675
-9507
-9947
-9435
-10227
-9427
-10475
-9499
-10667
-9427
-10947
-9411
-11147
-9411
-11435
-9411
-11571
-9467
-11859
-9491
-12091
-9507
-12387
-9403
-12531
-9515
-12771
-9499
-13059
-9499
-13355
-9499
-13467
-9435
-13835
-9515
-14011
-9483
-14251
-9499
-14475
-9499
-14787
-9491
-14963
-9475
-15219
-9443
-15515
-9459
-15707
-9475
-15883
-9467
-16219
-9499
-16427
-9419
-16651
-9515
-16827
-9483
-17187
-9515
-17427
-9491
-17651
-9499
-17883
-9507
-18131
-9507
-18363
-9443
-18555
-9403
-18875
-9707
141
-9755
-75
-9739
-323
-9731
-619
-9747
-875
-9683
-1051
-9747
-1283
-9747
-1499
-9659
-1755
-9715
-2011
-9731
-2227
-9675
-2443
-9739
-2675
-9707
-3003
-9683
-3211
-9739
-3427
-9635
-3739
-9691
-3875
-9675
-4219
-9659
-4411
-9691
-4667
-9747
-4851
-9723
-5107
-9651
-5419
-9659
-5667
-9635
-5835
-9739
-6091
-9731
-6379
-9723
-6531
-9755
-6867
-9659
-7019
-9747
-7355
-9691
-7491
-9683
-7715
-9659
-7995
-9755
-8227
-9675
-8459
-9667
-8787
-9707
-8915
-9699
-9219
-9723
-9515
-9747
-9659
-9627
-9883
-9731
-10203
-9739
-10395
-9699
-10619
-9683
-10851
-9739
-11179
-9627
-11315
-9723
-11643
-9723
-11827
-9731
-12035
-9635
-12291
-9731
-12523
-9691
-12859
-9651
-13091
-9675
-13243
-9675
-13515
-9739
-13803
-9691
-13947
-9691
-14251
-9723
-14491
-9755
-14707
-9747
-14907
-9699
-15275
-9675
-15419
-9659
-15707
-9731
-15899
-9755
-16107
-9651
-16419
-9747
-16611
-9731
-16947
-9691
-17179
-9731
-17427
-9747
-17659
-9659
-17859
-9707
-18107
-9747
-18315
-9683
-18507
-9667
-18827
-9875
109
-9883
-131
-9867
-395
-9931
-627
-9963
-819
-9875
-1107
-9979
-1347
-9955
-1571
-9971
-1715
-9939
-1995
-9867
-2227
-9939
-2507
-9915
-2779
-9947
-2931
-9899
-3171
-9987
-3507
-9979
-3659
-9891
-3923
-9995
-4219
-9931
-4459
-9947
-4587
-9987
-4939
-9915
-5067
-9939
-5403
-9987
-5675
-9963
-5915
-9931
-6131
-9915
-6371
-9883
-6595
-9947
-6763
-9891
-6987
-9995
-7235
-9995
-7587
-9939
-7803
-9955
-8027
-9939
-8227
-9995
-8507
-9963
-8699
-9939
-8963
-9987
-9235
-9955
-9451
-9907
-9739
-9891
-9987
-9971
-10187
-9955
-10419
-9867
-10595
-9979
-10891
-9979
-11147
-9995
-11307
-9867
-11603
-9971
-11819
-9955
-12043
-9891
-12339
-9867
-12555
-9987
-12835
-9995
-13019
-9979
-13299
-9875
-13499
-9891
-13763
-9979
-13963
-9971
-14299
-9987
-14451
-9995
-14707
-9899
-14955
-9915
-15259
-9987
-15419
-9883
-15715
-9923
-15995
-9899
-16235
-9963
-16371
-9939
-16611
-9963
-16843
-9963
-17067
-9915
-17355
-9971
-17611
-9979
-17907
-9947
-18083
-9947
-18307
-9987
-18507
-9963
-18819
-10179
117
-10155
-99
-10235
-283
-10179
-555
-10131
-827
-10147
-1067
-10139
-1355
-10179
-1467
-10219
-1827
-10123
-2019
-10179
-2299
-10235
-2427
-10227
-2779
-10179
-3027
-10227
-3267
-10179
-3507
-10211
-3643
-10187
-3915
-10235
-4203
-10219
-4467
-10163
-4683
-10179
-4891
-10179
-5107
-10139
-5403
-10139
-5651
-10235
-5827
-10155
-6091
-10235
-6331
-10179
-6635
-10235
-6867
-10171
-6995
-10227
-7299
-10227
-7563
-10179
-7771
-10187
-8075
-10115
-8275
-10155
-8475
-10171
-8723
-10171
-9019
-10131
-9163
-10187
-9467
-10155
-9667
-10107
-9899
-10123
-10147
-10139
-10435
-10219
-10691
-10235
-10899
-10187
-11083
-10179
-11355
-10203
-11675
-10211
-11859
-10195
-12107
-10211
-12387
-10187
-12547
-10195
-12811
-10131
-13051
-10211
-13251
-10227
-13491
-10211
-13763
-10139
-14043
-10171
-14259
-10219
-14515
-10155
-14691
-10131
-15011
-10211
-15259
-10219
-15411
-10235
-15635
-10131
-15947
-10219
-16115
-10187
-16427
-10139
-16603
-10203
-16883
-10219
-17115
-10107
-17323
-10219
-17563
-10187
-17907
-10195
-18051
-10147
-18339
-10139
-18611
-10115
-18859
-10459
109
-10427
-147
-10467
-291
-10443
-595
-10475
-747
-10443
-1059
-10427
-1291
-10419
-1491
-10411
-1827
-10443
-1955
-10459
-2275
-10475
-2547
-10435
-2675
-10427
-3019
-10443
-3195
-10475
-3403
-10443
-3731
-10419
-3931
-10427
-4131
-10467
-4403
-10451
-4659
-10467
-4939
-10411
-5123
-10475
-5323
-10451
-5651
-10435
-5843
-10459
-6051
-10459
-6379
-10435
-6619
-10435
-6835
-10467
-7075
-10451
-7307
-10443
-7579
-10411
-7755
-10467
-8019
-10451
-8299
-10459
-8523
-10467
-8747
-10451
-9011
-10411
-9147
-10427
-9451
-10467
-9699
-10475
-9875
-10443
-10155
-10411
-10379
-10475
-10659
-10443
-10827
-10459
-11195
-10467
-11435
-10443
-11675
-10443
-11843
-10475
-12123
-10459
-12339
-10475
-12563
-10467
-12859
-10459
-13099
-10411
-13235
-10451
-13507
-10443
-13779
-10467
-14003
-10443
-14251
-10427
-14459
-10443
-14763
-10475
-15019
-10411
-15179
-10443
-15515
-10459
-15643
-10467
-15971
-10451
-16195
-10427
-16411
-10467
-16707
-10467
-16843
-10435
-17091
-10435
-17403
-10467
-17635
-10411
-17803
-10451
-18107
-10459
-18387
-10443
-18619
-10459
-18827
