109
483
191
-125
207
-263
577
-600
178
-743
362
-986
468
-1330
244
-1497
390
-1751
213
-1957
806
-2283
291
-2397
161
-2719
159
-2925
151
-3237
97
-3357
173
-3619
151
-3871
129
-4207
161
-4413
137
-4627
85
-4931
101
-5115
141
-5307
149
-5571
141
-5835
93
-6083
85
-6299
109
-6555
133
-6783
101
-7115
149
-7339
125
-7471
133
-7787
149
-7995
149
-8155
117
-8491
85
-8703
133
-8891
109
-9155
109
-9427
141
-9691
133
-9987
85
-10147
133
-10379
117
-10691
117
-10915
101
-11171
149
-11435
93
-11675
85
-11787
101
-12139
93
-12323
85
-12611
93
-12795
141
-13059
117
-13307
149
-13467
109
-13819
101
-13987
85
-14299
149
-14427
93
-14683
85
-15011
101
-15187
133
-15443
141
-15707
125
-15891
117
-16123
85
-16363
85
-16691
93
-16827
141
-17107
141
-17355
117
-17603
125
-17907
85
-18099
133
-18283
149
-18587
149
-18859
-115
585
-71
-24
-83
-331
-115
-619
-56
-831
-79
-1014
-99
-1263
-71
-1503
-118
-1689
-37
-2041
-121
-2277
-87
-2501
-73
-2783
-79
-2937
-99
-3239
-105
-3499
-97
-3627
-77
-3971
-67
-4165
-49
-4387
-11
-4585
-119
-4811
-119
-5123
-135
-5419
-91
-5587
-19
-5851
-83
-6099
-111
-6359
-131
-6603
-39
-6719
-35
-6991
-107
-7299
-135
-7523
-103
-7731
-55
-8015
-131
-8187
-103
-8523
-115
-8707
-55
-8959
-75
-9159
-143
-9515
-131
-9683
-75
-9891
-107
-10123
-123
-10443
-147
-10667
-147
-10955
-147
-11139
-83
-11371
-35
-11587
-155
-11907
-131
-12043
-131
-12363
-99
-12515
-139
-12779
-147
-13107
-147
-13243
-131
-13571
-139
-13827
-115
-14051
-115
-14235
-155
-14435
-59
-14707
-43
-14907
-147
-15211
-99
-15491
-147
-15723
-131
-15971
-155
-16195
-91
-16347
-75
-16619
-115
-16899
-155
-17083
-75
-17387
-59
-17675
-51
-17843
-139
-18155
-83
-18395
-99
-18555
-51
-18827
-367
791
-317
-87
-248
-286
-274
-494
-371
-787
-377
-993
-285
-1243
-334
-1542
-331
-1686
-353
-1935
-379
-2289
-315
-2447
-395
-2673
-337
-2979
-299
-3247
-355
-3407
-387
-3727
-293
-3873
-305
-4103
-371
-4379
-323
-4675
-371
-4839
-323
-5067
-327
-5299
-319
-5571
-243
-5799
-355
-6031
-303
-6275
-347
-6487
-383
-6723
-375
-7035
-343
-7219
-339
-7551
-315
-7747
-251
-8055
-343
-8191
-303
-8463
-379
-8727
-291
-9007
-299
-9135
-339
-9475
-315
-9731
-363
-9867
-371
-10179
-299
-10411
-395
-10587
-387
-10931
-291
-11131
-339
-11371
-323
-11619
-387
-11899
-283
-12091
-379
-12355
-307
-12555
-379
-12795
-275
-13027
-291
-13315
-387
-13555
-315
-13827
-371
-14059
-315
-14315
-323
-14523
-379
-14691
-347
-14931
-363
-15227
-363
-15403
-387
-15755
-275
-15939
-339
-16179
-339
-16443
-283
-16659
-291
-16843
-379
-17115
-323
-17371
-323
-17579
-283
-17787
-371
-18083
-379
-18307
-387
-18595
-355
-18875
-603
665
-578
-128
-555
-284
-544
-621
-555
-851
-623
-1033
-555
-1271
-545
-1578
-568
-1715
-584
-1937
-499
-2250
-515
-2507
-513
-2783
-601
-2961
-547
-3137
-501
-3507
-599
-3611
-541
-3897
-553
-4117
-475
-4429
-595
-4687
-519
-4827
-607
-5099
-567
-5311
-583
-5531
-523
-5839
-535
-6131
-583
-6295
-547
-6503
-547
-6811
-611
-7015
-611
-7239
-595
-7547
-603
-7715
-607
-7963
-591
-8175
-591
-8527
-595
-8767
-587
-8931
-623
-9251
-575
-9379
-587
-9731
-555
-9923
-523
-10219
-619
-10467
-539
-10627
-603
-10883
-619
-11155
-611
-11339
-563
-11635
-531
-11843
-587
-12027
-547
-12267
-563
-12571
-523
-12827
-523
-13083
-627
-13267
-515
-13563
-611
-13795
-539
-14003
-595
-14299
-563
-14547
-619
-14683
-507
-14963
-635
-15243
-515
-15411
-611
-15667
-595
-15987
-619
-16211
-579
-16363
-603
-16587
-627
-16955
-595
-17091
-611
-17315
-627
-17643
-635
-17907
-635
-18107
-635
-18299
-563
-18523
-571
-18875
-855
433
-791
-5
-733
-285
-753
-544
-745
-845
-818
-1071
-785
-1215
-821
-1553
-852
-1761
-763
-1977
-827
-2186
-865
-2511
-801
-2663
-783
-2989
-763
-3233
-831
-3423
-855
-3651
-799
-3857
-825
-4127
-721
-4355
-775
-4607
-791
-4847
-859
-5123
-819
-5351
-847
-5535
-807
-5883
-775
-6063
-731
-6243
-827
-6531
-783
-6763
-827
-7015
-787
-7243
-867
-7511
-803
-7715
-855
-8015
-867
-8163
-803
-8495
-755
-8747
-791
-8923
-851
-9203
-827
-9475
-843
-9635
-811
-9931
-827
-10107
-827
-10451
-859
-10603
-835
-10923
-851
-11147
-811
-11435
-827
-11587
-859
-11907
-819
-12051
-787
-12331
-803
-12531
-795
-12835
-763
-13011
-843
-13339
-859
-13515
-851
-13731
-859
-14059
-843
-14251
-867
-14435
-819
-14699
-755
-14971
-867
-15227
-819
-15467
-787
-15739
-835
-15971
-867
-16139
-875
-16379
-795
-16659
-859
-16851
-771
-17091
-787
-17331
-851
-17635
-851
-17803
-795
-18107
-771
-18315
-811
-18635
-835
-18835
-1059
1496
-1069
7
-1058
-361
-1049
-616
-966
-829
-1107
-993
-1001
-1277
-977
-1525
-1022
-1801
-985
-2005
-1044
-2269
-1027
-2545
-1097
-2675
-1047
-2943
-1039
-3139
-1015
-3361
-1091
-3735
-1051
-3937
-1035
-4111
-1089
-4443
-1005
-4655
-1035
-4839
-995
-5131
-1095
-5391
-1083
-5651
-1095
-5807
-959
-6107
-1059
-6279
-971
-6551
-1067
-6803
-1023
-7075
-983
-7287
-1019
-7515
-1055
-7739
-1051
-7987
-979
-8267
-1011
-8539
-1019
-8739
-1011
-8943
-1091
-9255
-1087
-9515
-1099
-9651
-1035
-9939
-1083
-10123
-1083
-10451
-1035
-10627
-1067
-10907
-1115
-11131
-995
-11395
-1099
-11675
-1043
-11819
-1091
-12115
-995
-12331
-995
-12507
-1043
-12875
-1091
-13083
-1067
-13259
-1107
-13467
-1075
-13731
-1043
-14027
-995
-14243
-1043
-14507
-1011
-14779
-1067
-15011
-1083
-15203
-1011
-15491
-1107
-15723
-995
-15891
-1107
-16107
-1091
-16419
-1075
-16691
-1059
-16859
-1035
-17107
-1019
-17347
-1075
-17651
-1003
-17899
-1083
-18115
-1091
-18355
-987
-18587
-1115
-18811
-1331
1092
-1308
-115
-1333
-256
-1273
-630
-1347
-811
-1224
-985
-1210
-1301
-1289
-1551
-1325
-1807
-1260
-1929
-1289
-2165
-1295
-2465
-1345
-2737
-1275
-2977
-1257
-3253
-1315
-3501
-1319
-3647
-1265
-3971
-1311
-4127
-1301
-4425
-1309
-4581
-1243
-4939
-1319
-5083
-1259
-5319
-1275
-5611
-1331
-5827
-1335
-6067
-1255
-6363
-1223
-6579
-1339
-6823
-1231
-7003
-1339
-7247
-1231
-7491
-1255
-7683
-1347
-7931
-1351
-8215
-1203
-8431
-1279
-8727
-1283
-8919
-1335
-9219
-1279
-9375
-1259
-9659
-1235
-9875
-1323
-10195
-1323
-10435
-1291
-10635
-1307
-10947
-1355
-11163
-1243
-11355
-1227
-11627
-1283
-11827
-1307
-12155
-1339
-12315
-1235
-12635
-1331
-12867
-1331
-13027
-1243
-13259
-1299
-13539
-1347
-13731
-1251
-13955
-1235
-14275
-1235
-14507
-1331
-14699
-1283
-14979
-1331
-15171
-1299
-15491
-1267
-15715
-1331
-15955
-1299
-16171
-1331
-16347
-1331
-16635
-1291
-16835
-1235
-17091
-1347
-17387
-1243
-17579
-1315
-17795
-1355
-18067
-1243
-18395
-1251
-18571
-1251
-18819
-1579
1449
-1495
-95
-1515
-309
-1539
-563
-1537
-845
-1485
-1031
-1505
-1315
-1463
-1543
-1549
-1805
-1567
-2011
-1551
-2275
-1455
-2463
-1483
-2735
-1515
-2941
-1571
-3149
-1539
-3415
-1531
-3617
-1429
-3935
-1469
-4099
-1595
-4409
-1507
-4577
-1455
-4835
-1503
-5119
-1459
-5299
-1511
-5643
-1559
-5903
-1451
-6123
-1459
-6303
-1455
-6567
-1547
-6855
-1495
-7031
-1555
-7223
-1479
-7491
-1575
-7799
-1479
-7979
-1563
-8291
-1559
-8515
-1559
-8779
-1499
-9003
-1579
-9171
-1503
-9447
-1579
-9739
-1579
-9995
-1499
-10227
-1515
-10435
-1563
-10611
-1539
-10907
-1571
-11091
-1515
-11339
-1531
-11579
-1571
-11883
-1587
-12059
-1539
-12299
-1571
-12587
-1523
-12763
-1555
-13091
-1475
-13267
-1571
-13563
-1515
-13707
-1523
-14051
-1571
-14283
-1563
-14499
-1555
-14795
-1467
-14971
-1483
-15219
-1587
-15451
-1467
-15699
-1539
-15971
-1587
-16227
-1515
-16387
-1523
-16683
-1587
-16899
-1531
-17107
-1595
-17323
-1475
-17643
-1571
-17835
-1499
-18075
-1579
-18387
-1523
-18635
-1515
-18819
-1795
1335
-1821
-41
-1705
-327
-1703
-549
-1683
-759
-1731
-1015
-1733
-1261
-1805
-1577
-1693
-1735
-1773
-1995
-1807
-2311
-1757
-2521
-1809
-2641
-1813
-2995
-1729
-3259
-1803
-3387
-1683
-3729
-1697
-3923
-1703
-4083
-1785
-4405
-1779
-4657
-1755
-4851
-1783
-5147
-1779
-5411
-1799
-5531
-1799
-5755
-1795
-6131
-1727
-6263
-1783
-6555
-1795
-6787
-1831
-6987
-1763
-7295
-1699
-7447
-1783
-7723
-1747
-8047
-1779
-8235
-1767
-8491
-1803
-8759
-1807
-9003
-1719
-9231
-1783
-9515
-1827
-9659
-1795
-9955
-1755
-10147
-1755
-10427
-1779
-10643
-1827
-10915
-1747
-11083
-1715
-11387
-1803
-11659
-1771
-11827
-1771
-12067
-1835
-12307
-1803
-12547
-1827
-12835
-1795
-13091
-1811
-13275
-1715
-13507
-1779
-13715
-1779
-13995
-1787
-14227
-1755
-14515
-1723
-14731
-1795
-15027
-1739
-15267
-1763
-15427
-1723
-15667
-1835
-15995
-1827
-16147
-1755
-16459
-1795
-16651
-1731
-16843
-1819
-17115
-1739
-17435
-1795
-17547
-1715
-17899
-1811
-18067
-1715
-18371
-1803
-18619
-1771
-18811
-2075
1105
-1955
-23
-2023
-381
-2015
-557
-2061
-797
-2041
-1031
-1923
-1321
-2023
-1555
-1967
-1675
-1969
-2057
-1987
-2279
-1957
-2401
-2055
-2729
-2021
-3019
-2039
-3239
-1993
-3491
-1971
-3631
-1987
-3841
-1955
-4161
-1993
-4465
-2003
-4625
-1991
-4835
-2007
-5155
-2035
-5331
-1979
-5615
-2027
-5807
-2011
-6063
-2039
-6299
-2011
-6495
-1979
-6827
-2019
-7079
-2043
-7279
-1963
-7447
-2007
-7755
-2003
-7951
-1931
-8227
-2043
-8467
-1991
-8751
-2043
-8971
-1959
-9231
-2051
-9499
-2003
-9683
-2035
-9899
-2059
-10203
-1987
-10443
-2027
-10587
-2067
-10915
-2075
-11155
-2067
-11323
-2027
-11659
-2011
-11835
-2075
-12035
-2019
-12387
-2067
-12531
-2003
-12803
-2019
-13035
-2019
-13331
-2003
-13475
-2043
-13795
-1987
-14003
-2019
-14187
-1995
-14483
-2059
-14755
-2003
-14915
-2003
-15243
-2059
-15475
-2051
-15699
-1987
-15955
-2075
-16187
-2019
-16355
-2059
-16627
-2027
-16955
-2035
-17075
-2003
-17435
-2067
-17675
-2003
-17843
-1963
-18147
-2059
-18387
-2051
-18603
-2051
-18859
-2275
1003
-2305
-53
-2289
-235
-2255
-553
-2259
-849
-2205
-1065
-2283
-1285
-2271
-1539
-2221
-1751
-2201
-1945
-2227
-2297
-2261
-2511
-2191
-2731
-2297
-2905
-2277
-3171
-2237
-3433
-2259
-3743
-2195
-3947
-2229
-4171
-2289
-4447
-2229
-4645
-2267
-4931
-2291
-5131
-2191
-5307
-2187
-5647
-2211
-5771
-2263
-6043
-2195
-6307
-2195
-6591
-2199
-6843
-2295
-6995
-2155
-7251
-2267
-7507
-2271
-7755
-2275
-7939
-2287
-8287
-2283
-8439
-2235
-8771
-2251
-8959
-2267
-9211
-2195
-9383
-2299
-9731
-2251
-9907
-2291
-10155
-2307
-10371
-2283
-10675
-2259
-10867
-2227
-11131
-2227
-11315
-2299
-11563
-2307
-11859
-2291
-12035
-2291
-12371
-2243
-12579
-2307
-12851
-2235
-13067
-2299
-13235
-2251
-13555
-2267
-13723
-2243
-14043
-2299
-14211
-2307
-14507
-2259
-14771
-2299
-15019
-2243
-15227
-2227
-15475
-2283
-15707
-2283
-15947
-2315
-16211
-2307
-16347
-2283
-16707
-2259
-16915
-2227
-17083
-2307
-17435
-2307
-17659
-2235
-17859
-2299
-18043
-2315
-18315
-2315
-18635
-2259
-18875
-2459
2113
-2529
-69
-2491
-355
-2525
-591
-2489
-739
-2467
-1013
-2503
-1255
-2535
-1547
-2527
-1713
-2513
-2011
-2519
-2155
-2437
-2463
-2425
-2651
-2515
-2945
-2467
-3223
-2517
-3419
-2437
-3735
-2413
-3843
-2543
-4211
-2423
-4369
-2467
-4641
-2439
-4831
-2427
-5155
-2435
-5323
-2467
-5619
-2523
-5867
-2475
-6047
-2535
-6291
-2495
-6631
-2499
-6795
-2523
-7035
-2439
-7307
-2467
-7475
-2523
-7719
-2507
-7955
-2491
-8267
-2531
-8443
-2503
-8683
-2495
-8951
-2475
-9139
-2427
-9463
-2443
-9715
-2547
-9923
-2523
-10115
-2531
-10347
-2515
-10715
-2555
-10907
-2459
-11179
-2483
-11395
-2507
-11627
-2451
-11867
-2555
-12115
-2427
-12291
-2531
-12635
-2531
-12755
-2523
-13083
-2507
-13251
-2435
-13563
-2515
-13755
-2531
-13987
-2459
-14235
-2547
-14531
-2499
-14731
-2483
-14915
-2547
-15235
-2515
-15475
-2451
-15699
-2483
-15995
-2499
-16195
-2435
-16395
-2443
-16715
-2523
-16931
-2467
-17147
-2467
-17427
-2443
-17579
-2443
-17787
-2531
-18091
-2515
-18347
-2475
-18603
-2539
-18835
-2735
125
-2763
-67
-2747
-367
-2643
-511
-2747
-795
-2651
-1087
-2751
-1227
-2695
-1467
-2771
-1735
-2731
-1943
-2751
-2227
-2739
-2483
-2795
-2715
-2739
-2955
-2723
-3167
-2775
-3395
-2699
-3667
-2767
-3915
-2739
-4227
-2683
-4373
-2687
-4673
-2787
-4847
-2679
-5123
-2767
-5347
-2695
-5603
-2759
-5803
-2755
-6079
-2775
-6323
-2767
-6631
-2759
-6771
-2767
-6983
-2763
-7219
-2743
-7515
-2727
-7703
-2755
-7971
-2691
-8179
-2655
-8547
-2779
-8771
-2715
-8919
-2735
-9155
-2743
-9499
-2723
-9627
-2771
-9955
-2779
-10163
-2707
-10475
-2699
-10651
-2699
-10835
-2747
-11139
-2755
-11339
-2763
-11667
-2723
-11811
-2739
-12035
-2795
-12347
-2771
-12515
-2739
-12843
-2667
-13035
-2707
-13291
-2667
-13523
-2739
-13819
-2715
-14035
-2699
-14299
-2787
-14555
-2755
-14779
-2675
-14923
-2739
-15187
-2731
-15403
-2747
-15731
-2707
-15971
-2739
-16179
-2795
-16475
-2683
-16667
-2675
-16891
-2763
-17187
-2739
-17323
-2739
-17659
-2707
-17899
-2763
-18147
-2787
-18387
-2731
-18595
-2691
-18819
-2975
125
-2995
-35
-2991
-307
-3019
-511
-2919
-747
-2903
-1083
-2911
-1227
-2991
-1535
-2995
-1791
-2947
-2019
-2963
-2279
-3023
-2439
-3015
-2779
-2931
-2907
-2927
-3211
-3003
-3451
-2999
-3675
-2963
-3975
-2923
-4175
-2903
-4419
-2947
-4715
-2963
-4867
-2903
-5083
-2987
-5331
-2999
-5659
-2979
-5895
-2963
-6067
-2987
-6355
-2971
-6591
-3007
-6739
-2955
-7003
-2999
-7319
-2975
-7523
-2935
-7739
-3035
-8003
-3003
-8215
-2919
-8475
-3011
-8659
-2907
-9007
-2943
-9215
-2899
-9475
-3027
-9715
-2963
-9875
-2939
-10131
-2923
-10347
-2955
-10699
-2955
-10947
-2963
-11147
-2963
-11435
-3019
-11603
-3003
-11803
-2947
-12131
-2987
-12283
-3019
-12611
-2963
-12835
-3011
-13027
-2915
-13299
-2931
-13499
-2979
-13707
-3027
-13979
-3035
-14299
-2915
-14467
-2979
-14691
-3027
-14987
-2987
-15163
-3035
-15491
-2915
-15675
-2963
-15931
-2915
-16203
-3011
-16355
-2947
-16659
-3027
-16907
-2979
-17139
-3035
-17395
-3027
-17579
-3027
-17875
-3027
-18147
-2995
-18291
-3011
-18619
-2979
-18827
-3235
125
-3247
-67
-3155
-303
-3231
-547
-3243
-843
-3143
-1047
-3179
-1311
-3255
-1519
-3219
-1771
-3223
-2047
-3155
-2175
-3259
-2423
-3215
-2707
-3187
-3035
-3219
-3195
-3135
-3411
-3179
-3663
-3235
-3931
-3219
-4195
-3187
-4399
-3231
-4663
-3227
-4891
-3219
-5131
-3259
-5327
-3215
-5635
-3187
-5867
-3219
-6039
-3199
-6371
-3143
-6603
-3191
-6775
-3215
-7027
-3259
-7231
-3251
-7463
-3147
-7803
-3239
-7979
-3171
-8263
-3167
-8515
-3219
-8723
-3271
-8979
-3263
-9219
-3171
-9463
-3211
-9667
-3275
-9955
-3251
-10123
-3163
-10403
-3275
-10683
-3251
-10851
-3219
-11155
-3163
-11395
-3251
-11555
-3211
-11803
-3211
-12067
-3267
-12395
-3219
-12515
-3275
-12771
-3203
-13043
-3243
-13267
-3163
-13571
-3227
-13731
-3163
-13971
-3275
-14307
-3219
-14555
-3235
-14691
-3251
-15003
-3203
-15251
-3219
-15427
-3251
-15659
-3227
-15891
-3179
-16147
-3259
-16379
-3251
-16595
-3155
-16915
-3219
-17139
-3187
-17427
-3267
-17627
-3267
-17915
-3251
-18091
-3235
-18283
-3203
-18627
-3275
-18859
-3423
133
-3507
-7
-3379
-363
-3419
-599
-3495
-787
-3443
-1079
-3383
-1275
-3499
-1555
-3459
-1703
-3415
-1947
-3447
-2315
-3487
-2515
-3435
-2679
-3483
-3011
-3475
-3263
-3427
-3487
-3447
-3635
-3507
-3863
-3495
-4163
-3483
-4451
-3419
-4663
-3455
-4903
-3391
-5043
-3363
-5279
-3419
-5547
-3415
-5839
-3443
-6031
-3435
-6259
-3495
-6563
-3419
-6751
-3487
-7083
-3475
-7339
-3391
-7547
-3451
-7743
-3483
-8031
-3467
-8259
-3459
-8547
-3447
-8671
-3395
-8891
-3439
-9147
-3431
-9507
-3451
-9635
-3507
-9923
-3499
-10187
-3491
-10347
-3443
-10691
-3507
-10875
-3491
-11155
-3483
-11347
-3435
-11563
-3403
-11795
-3483
-12051
-3483
-12323
-3507
-12603
-3427
-12843
-3459
-13043
-3443
-13227
-3419
-13571
-3419
-13739
-3411
-13995
-3435
-14315
-3435
-14475
-3499
-14691
-3387
-14923
-3483
-15195
-3443
-15395
-3443
-15683
-3459
-15907
-3443
-16211
-3475
-16419
-3395
-16595
-3491
-16923
-3507
-17075
-3411
-17347
-3443
-17651
-3459
-17915
-3499
-18131
-3403
-18283
-3443
-18619
-3475
-18843
-3731
133
-3663
-47
-3615
-355
-3727
-495
-3727
-851
-3719
-1059
-3719
-1239
-3711
-1567
-3735
-1819
-3711
-2015
-3667
-2271
-3683
-2455
-3619
-2787
-3599
-2991
-3707
-3195
-3671
-3479
-3687
-3723
-3699
-3983
-3659
-4195
-3639
-4403
-3719
-4647
-3619
-4839
-3715
-5171
-3679
-5339
-3707
-5559
-3683
-5847
-3711
-6043
-3659
-6307
-3731
-6547
-3659
-6847
-3627
-7007
-3639
-7295
-3691
-7523
-3647
-7767
-3707
-8031
-3755
-8247
-3683
-8539
-3679
-8683
-3739
-8995
-3727
-9215
-3683
-9483
-3627
-9699
-3707
-9995
-3755
-10179
-3707
-10363
-3643
-10707
-3739
-10843
-3755
-11067
-3635
-11403
-3627
-11555
-3683
-11915
-3659
-12059
-3691
-12387
-3755
-12603
-3723
-12787
-3699
-13019
-3755
-13299
-3683
-13515
-3659
-13819
-3635
-13971
-3683
-14299
-3747
-14491
-3691
-14795
-3755
-15003
-3675
-15203
-3747
-15467
-3627
-15747
-3731
-15979
-3699
-16187
-3715
-16427
-3747
-16619
-3707
-16939
-3747
-17195
-3707
-17371
-3747
-17555
-3667
-17859
-3683
-18067
-3747
-18323
-3659
-18523
-3667
-18851
-3879
125
-3955
-147
-3867
-351
-3939
-523
-3907
-847
-3911
-1011
-3995
-1307
-3923
-1475
-3943
-1707
-3987
-2051
-3951
-2311
-3959
-2499
-3987
-2787
-3915
-2991
-3883
-3139
-3943
-3443
-3939
-3619
-3991
-3835
-3959
-4167
-3955
-4363
-3919
-4615
-3947
-4859
-3923
-5107
-3975
-5303
-3987
-5575
-3907
-5879
-3931
-6075
-3907
-6375
-3859
-6623
-3883
-6851
-3875
-6975
-3883
-7231
-3867
-7495
-3903
-7683
-3851
-7951
-3939
-8247
-3903
-8479
-3995
-8651
-3971
-8975
-3891
-9195
-3955
-9419
-3939
-9627
-3955
-9867
-3979
-10235
-3955
-10371
-3883
-10707
-3987
-10947
-3971
-11179
-3875
-11371
-3947
-11579
-3955
-11851
-3995
-12091
-3907
-12339
-3891
-12603
-3963
-12859
-3867
-13107
-3883
-13251
-3915
-13515
-3923
-13803
-3979
-13987
-3915
-14211
-3947
-14515
-3979
-14715
-3955
-15035
-3995
-15187
-3907
-15491
-3979
-15667
-3931
-15987
-3931
-16171
-3915
-16403
-3939
-16619
-3995
-16907
-3955
-17099
-3939
-17371
-3971
-17571
-3947
-17867
-3971
-18091
-3987
-18339
-3947
-18635
-3979
-18811
-4135
109
-4191
-87
-4215
-251
-4083
-551
-4131
-783
-4111
-1075
-4195
-1283
-4123
-1463
-4115
-1735
-4115
-1963
-4175
-2263
-4199
-2447
-4159
-2767
-4203
-3027
-4127
-3191
-4231
-3515
-4111
-3755
-4179
-3867
-4199
-4203
-4139
-4407
-4075
-4623
-4211
-4867
-4195
-5051
-4187
-5303
-4143
-5591
-4131
-5803
-4087
-6107
-4187
-6283
-4219
-6587
-4227
-6851
-4215
-7035
-4139
-7267
-4171
-7571
-4191
-7727
-4183
-8059
-4139
-8251
-4187
-8527
-4123
-8739
-4219
-8931
-4215
-9183
-4199
-9399
-4131
-9731
-4195
-9963
-4171
-10155
-4219
-10459
-4147
-10587
-4227
-10955
-4195
-11187
-4155
-11363
-4227
-11579
-4211
-11859
-4203
-12139
-4195
-12387
-4139
-12627
-4107
-12747
-4187
-13051
-4219
-13235
-4219
-13595
-4187
-13827
-4147
-14067
-4179
-14219
-4147
-14491
-4147
-14691
-4123
-14979
-4195
-15155
-4131
-15435
-4211
-15659
-4163
-15995
-4155
-16147
-4155
-16347
-4131
-16643
-4115
-16923
-4203
-17099
-4235
-17307
-4163
-17587
-4131
-17827
-4187
-18027
-4235
-18275
-4163
-18587
-4211
-18819
-4387
109
-4475
-23
-4415
-363
-4391
-499
-4435
-815
-4395
-1019
-4347
-1239
-4431
-1435
-4387
-1819
-4459
-2059
-4447
-2303
-4439
-2451
-4459
-2755
-4343
-3007
-4367
-3151
-4415
-3471
-4467
-3683
-4419
-3895
-4383
-4159
-4459
-4447
-4463
-4627
-4451
-4847
-4467
-5127
-4391
-5311
-4323
-5599
-4331
-5855
-4395
-6083
-4387
-6383
-4407
-6515
-4455
-6815
-4439
-7083
-4367
-7331
-4451
-7539
-4391
-7787
-4339
-7931
-4363
-8279
-4455
-8427
-4463
-8771
-4471
-8975
-4423
-9195
-4407
-9407
-4379
-9683
-4451
-9907
-4451
-10187
-4475
-10403
-4443
-10691
-4443
-10923
-4363
-11187
-4459
-11435
-4451
-11603
-4459
-11875
-4435
-12107
-4427
-12331
-4475
-12531
-4443
-12787
-4347
-13083
-4459
-13275
-4387
-13547
-4403
-13755
-4459
-14011
-4411
-14211
-4443
-14427
-4451
-14779
-4443
-15019
-4467
-15203
-4411
-15475
-4411
-15691
-4435
-15987
-4459
-16219
-4387
-16411
-4467
-16691
-4387
-16883
-4379
-17155
-4467
-17347
-4379
-17667
-4363
-17827
-4347
-18139
-4379
-18275
-4403
-18603
-4387
-18875
-4639
109
-4627
-27
-4623
-343
-4607
-563
-4671
-835
-4579
-1107
-4639
-1259
-4679
-1519
-4691
-1795
-4659
-2027
-4627
-2195
-4655
-2515
-4667
-2647
-4623
-3015
-4603
-3215
-4707
-3447
-4591
-3647
-4583
-3867
-4711
-4211
-4707
-4351
-4675
-4643
-4663
-4931
-4631
-5187
-4619
-5379
-4607
-5615
-4639
-5823
-4643
-6123
-4687
-6299
-4679
-6515
-4631
-6759
-4619
-7067
-4647
-7195
-4695
-7467
-4707
-7719
-4627
-8043
-4659
-8227
-4659
-8503
-4635
-8711
-4639
-8963
-4675
-9219
-4695
-9475
-4659
-9675
-4635
-9939
-4603
-10139
-4707
-10427
-4691
-10587
-4667
-10843
-4683
-11075
-4659
-11355
-4683
-11675
-4699
-11803
-4643
-12115
-4627
-12283
-4587
-12603
-4707
-12795
-4715
-13075
-4627
-13243
-4691
-13491
-4627
-13779
-4587
-13979
-4587
-14203
-4659
-14459
-4611
-14691
-4667
-14995
-4707
-15235
-4715
-15499
-4619
-15691
-4699
-15891
-4659
-16163
-4699
-16411
-4699
-16691
-4595
-16907
-4619
-17083
-4611
-17315
-4619
-17595
-4691
-17811
-4683
-18131
-4603
-18395
-4683
-18587
-4675
-18859
-4835
133
-4923
-127
-4931
-371
-4879
-603
-4887
-787
-4827
-1071
-4883
-1267
-4883
-1479
-4871
-1735
-4827
-2023
-4907
-2231
-4879
-2479
-4923
-2779
-4847
-2911
-4927
-3191
-4947
-3511
-4935
-3679
-4923
-3907
-4899
-4199
-4851
-4427
-4899
-4635
-4915
-4823
-4907
-5071
-4899
-5331
-4859
-5631
-4943
-5891
-4931
-6071
-4899
-6263
-4851
-6479
-4907
-6791
-4887
-7027
-4939
-7279
-4911
-7467
-4827
-7731
-4927
-7959
-4943
-8203
-4847
-8503
-4915
-8767
-4915
-8903
-4955
-9191
-4883
-9499
-4867
-9739
-4827
-9963
-4947
-10203
-4939
-10451
-4907
-10667
-4907
-10955
-4947
-11107
-4955
-11411
-4867
-11579
-4947
-11819
-4875
-12107
-4907
-12387
-4835
-12579
-4939
-12843
-4851
-13035
-4899
-13243
-4939
-13507
-4947
-13803
-4931
-13971
-4931
-14251
-4867
-14547
-4915
-14755
-4915
-14923
-4899
-15211
-4931
-15419
-4931
-15739
-4891
-15963
-4867
-16235
-4899
-16379
-4843
-16675
-4923
-16843
-4939
-17083
-4947
-17411
-4859
-17587
-4915
-17867
-4923
-18043
-4931
-18283
-4899
-18571
-4875
-18811
-5067
117
-5111
-127
-5163
-351
-5063
-523
-5043
-835
-5071
-1043
-5155
-1299
-5123
-1575
-5159
-1811
-5167
-2035
-5179
-2171
-5167
-2467
-5175
-2707
-5179
-2987
-5163
-3163
-5087
-3403
-5155
-3755
-5083
-3915
-5195
-4227
-5067
-4423
-5111
-4659
-5143
-4923
-5119
-5167
-5135
-5363
-5179
-5559
-5171
-5879
-5035
-6075
-5163
-6239
-5123
-6595
-5131
-6803
-5179
-7087
-5131
-7335
-5155
-7591
-5167
-7811
-5163
-8007
-5135
-8275
-5087
-8483
-5183
-8699
-5115
-8883
-5159
-9199
-5175
-9515
-5115
-9683
-5195
-9931
-5115
-10139
-5195
-10467
-5147
-10595
-5067
-10851
-5123
-11083
-5147
-11403
-5075
-11659
-5123
-11867
-5179
-12051
-5171
-12315
-5171
-12515
-5195
-12835
-5067
-13027
-5099
-13283
-5115
-13555
-5155
-13747
-5115
-13987
-5195
-14275
-5155
-14483
-5139
-14683
-5123
-14947
-5187
-15243
-5163
-15435
-5163
-15667
-5123
-15899
-5131
-16195
-5147
-16419
-5171
-16611
-5123
-16915
-5131
-17139
-5195
-17411
-5139
-17595
-5067
-17819
-5099
-18123
-5179
-18299
-5139
-18619
-5155
-18843
-5339
117
-5411
-91
-5411
-363
-5379
-531
-5307
-779
-5411
-1051
-5427
-1315
-5355
-1471
-5419
-1739
-5427
-1963
-5427
-2195
-5323
-2443
-5363
-2723
-5395
-2927
-5435
-3275
-5419
-3451
-5347
-3631
-5315
-3955
-5419
-4139
-5427
-4467
-5387
-4611
-5315
-4871
-5347
-5043
-5379
-5347
-5411
-5555
-5411
-5875
-5331
-6139
-5315
-6271
-5347
-6535
-5331
-6803
-5411
-6987
-5435
-7251
-5339
-7535
-5435
-7819
-5411
-8051
-5427
-8187
-5347
-8475
-5371
-8715
-5331
-8999
-5355
-9247
-5371
-9507
-5419
-9667
-5411
-9907
-5411
-10195
-5355
-10459
-5435
-10715
-5411
-10867
-5387
-11131
-5355
-11323
-5435
-11563
-5387
-11915
-5331
-12083
-5371
-12283
-5387
-12507
-5427
-12763
-5315
-13115
-5419
-13315
-5387
-13579
-5419
-13835
-5419
-14019
-5315
-14315
-5355
-14451
-5395
-14667
-5411
-14963
-5371
-15267
-5323
-15515
-5403
-15651
-5379
-15875
-5427
-16123
-5339
-16467
-5427
-16643
-5371
-16923
-5379
-17179
-5411
-17347
-5371
-17571
-5339
-17835
-5363
-18075
-5363
-18307
-5411
-18611
-5355
-18811
-5627
133
-5651
-27
-5635
-299
-5643
-587
-5675
-843
-5563
-1067
-5603
-1227
-5603
-1595
-5659
-1763
-5563
-1971
-5563
-2219
-5659
-2515
-5659
-2795
-5555
-3003
-5635
-3147
-5555
-3459
-5651
-3739
-5571
-3987
-5675
-4155
-5643
-4411
-5603
-4603
-5667
-4859
-5667
-5195
-5659
-5355
-5587
-5587
-5675
-5827
-5627
-6035
-5587
-6291
-5651
-6619
-5635
-6811
-5603
-7003
-5643
-7307
-5619
-7475
-5675
-7747
-5579
-8075
-5635
-8267
-5675
-8539
-5659
-8731
-5675
-8939
-5611
-9243
-5611
-9499
-5635
-9635
-5643
-9939
-5635
-10203
-5619
-10403
-5611
-10603
-5563
-10939
-5659
-11091
-5667
-11339
-5675
-11603
-5627
-11835
-5659
-12051
-5667
-12267
-5675
-12595
-5619
-12843
-5643
-13059
-5675
-13323
-5579
-13467
-5635
-13739
-5635
-14035
-5571
-14259
-5603
-14475
-5643
-14795
-5619
-15027
-5595
-15203
-5579
-15403
-5547
-15747
-5659
-15971
-5571
-16115
-5619
-16467
-5571
-16667
-5651
-16827
-5667
-17083
-5659
-17339
-5667
-17675
-5635
-17859
-5675
-18115
-5619
-18299
-5659
-18539
-5619
-18875
-5795
133
-5859
-67
-5811
-379
-5915
-611
-5915
-835
-5891
-1067
-5859
-1355
-5867
-1579
-5891
-1803
-5883
-1963
-5811
-2195
-5883
-2483
-5891
-2779
-5875
-3019
-5859
-3219
-5835
-3387
-5803
-3755
-5819
-3867
-5891
-4171
-5803
-4451
-5851
-4659
-5819
-4899
-5787
-5155
-5867
-5363
-5875
-5555
-5795
-5795
-5851
-6099
-5899
-6331
-5835
-6523
-5843
-6803
-5819
-7059
-5891
-7307
-5899
-7587
-5843
-7715
-5795
-7987
-5859
-8211
-5883
-8483
-5835
-8795
-5891
-8955
-5907
-9251
-5891
-9515
-5907
-9691
-5907
-9947
-5883
-10227
-5883
-10363
-5827
-10667
-5907
-10851
-5867
-11091
-5915
-11331
-5907
-11563
-5819
-11843
-5915
-12051
-5915
-12395
-5907
-12563
-5907
-12867
-5907
-13043
-5899
-13283
-5835
-13595
-5867
-13723
-5891
-13995
-5787
-14307
-5795
-14459
-5859
-14691
-5843
-14987
-5819
-15275
-5915
-15427
-5891
-15635
-5795
-15963
-5899
-16107
-5907
-16355
-5915
-16635
-5835
-16899
-5907
-17067
-5883
-17395
-5835
-17651
-5883
-17843
-5867
-18067
-5843
-18363
-5835
-18547
-5907
-18835
-6115
133
-6115
-35
-6051
-339
-6123
-611
-6107
-787
-6075
-1107
-6123
-1267
-6115
-1539
-6051
-1723
-6147
-2011
-6155
-2219
-6147
-2547
-6107
-2779
-6123
-2907
-6043
-3203
-6043
-3411
-6051
-3667
-6107
-3915
-6099
-4203
-6147
-4427
-6075
-4619
-6115
-4907
-6067
-5115
-6027
-5419
-6067
-5611
-6027
-5795
-6155
-6139
-6051
-6331
-6139
-6539
-6115
-6835
-6147
-7099
-6091
-7347
-6035
-7491
-6035
-7827
-6107
-8051
-6155
-8291
-6043
-8523
-6147
-8715
-6123
-9019
-6075
-9235
-6131
-9475
-6051
-9707
-6131
-9971
-6075
-10211
-6139
-10363
-6027
-10691
-6147
-10955
-6155
-11115
-6155
-11419
-6091
-11579
-6115
-11907
-6147
-12147
-6107
-12371
-6107
-12603
-6155
-12811
-6155
-13035
-6147
-13299
-6043
-13587
-6059
-13811
-6131
-14043
-6155
-14291
-6067
-14483
-6131
-14763
-6043
-14963
-6115
-15171
-6067
-15443
-6099
-15683
-6083
-15987
-6131
-16123
-6043
-16387
-6147
-16643
-6027
-16923
-6083
-17075
-6131
-17395
-6067
-17547
-6107
-17811
-6043
-18131
-6107
-18315
-6147
-18635
-6099
-18859
-6355
149
-6275
-35
-6371
-323
-6323
-547
-6387
-771
-6283
-1043
-6275
-1243
-6323
-1475
-6379
-1835
-6307
-1971
-6315
-2267
-6331
-2435
-6275
-2795
-6395
-2907
-6363
-3267
-6315
-3403
-6387
-3747
-6299
-3899
-6371
-4179
-6339
-4347
-6395
-4707
-6315
-4931
-6387
-5171
-6291
-5355
-6307
-5667
-6339
-5827
-6299
-6035
-6283
-6387
-6315
-6595
-6299
-6843
-6379
-7107
-6395
-7291
-6355
-7563
-6339
-7707
-6283
-7979
-6347
-8267
-6395
-8475
-6363
-8779
-6371
-8955
-6291
-9163
-6339
-9499
-6275
-9715
-6379
-9971
-6379
-10107
-6371
-10379
-6371
-10587
-6275
-10947
-6315
-11195
-6347
-11379
-6331
-11595
-6339
-11915
-6395
-12067
-6283
-12299
-6331
-12627
-6331
-12867
-6267
-13003
-6275
-13235
-6387
-13571
-6363
-13827
-6379
-13955
-6395
-14211
-6275
-14555
-6379
-14755
-6339
-15035
-6355
-15219
-6267
-15411
-6347
-15755
-6299
-15955
-6371
-16123
-6371
-16419
-6347
-16587
-6339
-16947
-6387
-17083
-6339
-17435
-6387
-17595
-6275
-17859
-6267
-18027
-6363
-18307
-6379
-18635
-6323
-18859
-6611
85
-6619
-27
-6619
-363
-6619
-547
-6611
-771
-6595
-1091
-6595
-1299
-6571
-1547
-6563
-1771
-6523
-1955
-6587
-2267
-6587
-2531
-6619
-2787
-6555
-3027
-6507
-3187
-6603
-3395
-6523
-3667
-6563
-3883
-6515
-4179
-6627
-4451
-6531
-4603
-6515
-4915
-6523
-5195
-6627
-5339
-6579
-5611
-6627
-5843
-6555
-6115
-6595
-6323
-6595
-6531
-6571
-6803
-6635
-7107
-6603
-7315
-6627
-7571
-6635
-7827
-6619
-8011
-6595
-8195
-6635
-8507
-6539
-8675
-6571
-9019
-6611
-9147
-6611
-9443
-6635
-9691
-6531
-9923
-6595
-10179
-6611
-10355
-6635
-10699
-6635
-10867
-6531
-11083
-6523
-11387
-6571
-11643
-6603
-11915
-6539
-12083
-6515
-12347
-6595
-12563
-6619
-12755
-6507
-13083
-6611
-13323
-6523
-13491
-6587
-13707
-6555
-14043
-6563
-14203
-6627
-14459
-6595
-14779
-6579
-14939
-6627
-15227
-6547
-15435
-6627
-15731
-6627
-15979
-6619
-16171
-6619
-16475
-6563
-16675
-6595
-16923
-6603
-17123
-6547
-17323
-6587
-17675
-6619
-17827
-6619
-18051
-6619
-18299
-6571
-18571
-6555
-18859
-6827
125
-6867
-43
-6771
-331
-6811
-635
-6859
-835
-6827
-1107
-6787
-1315
-6859
-1523
-6859
-1819
-6747
-1955
-6867
-2259
-6827
-2547
-6843
-2787
-6859
-2931
-6867
-3211
-6835
-3387
-6867
-3755
-6875
-3883
-6875
-4131
-6827
-4347
-6867
-4691
-6843
-4891
-6859
-5099
-6859
-5339
-6771
-5651
-6795
-5795
-6779
-6051
-6859
-6307
-6827
-6523
-6867
-6859
-6859
-7067
-6843
-7227
-6859
-7523
-6843
-7827
-6811
-7987
-6819
-8267
-6795
-8467
-6811
-8779
-6771
-8947
-6867
-9171
-6875
-9395
-6787
-9651
-6811
-9971
-6875
-10227
-6867
-10459
-6827
-10675
-6843
-10923
-6851
-11115
-6875
-11395
-6803
-11571
-6867
-11835
-6859
-12051
-6771
-12275
-6811
-12563
-6835
-12843
-6771
-13011
-6755
-13323
-6827
-13579
-6771
-13763
-6851
-13963
-6827
-14299
-6843
-14555
-6875
-14779
-6859
-15003
-6819
-15259
-6835
-15427
-6867
-15755
-6859
-15987
-6795
-16123
-6747
-16475
-6843
-16707
-6867
-16923
-6803
-17123
-6787
-17363
-6867
-17667
-6859
-17811
-6851
-18147
-6851
-18307
-6795
-18595
-6747
-18859
-6987
125
-7027
-147
-7067
-315
-6987
-531
-7011
-835
-7019
-1051
-7099
-1299
-7115
-1539
-7019
-1771
-7083
-2067
-7051
-2203
-7003
-2547
-7099
-2715
-7107
-3011
-7107
-3227
-7011
-3419
-7043
-3643
-7083
-3915
-7107
-4147
-7027
-4475
-7059
-4635
-7011
-4939
-7043
-5163
-7115
-5403
-7083
-5659
-7115
-5859
-7075
-6115
-7115
-6275
-7043
-6563
-7083
-6803
-7099
-7003
-7035
-7267
-7059
-7547
-7011
-7795
-7099
-7995
-7075
-8291
-7019
-8443
-7091
-8667
-7067
-8987
-7091
-9275
-7011
-9395
-7107
-9635
-6995
-9979
-7075
-10187
-7003
-10355
-7083
-10699
-7107
-10859
-6995
-11083
-7067
-11435
-7003
-11635
-6995
-11899
-7091
-12043
-7067
-12307
-7083
-12635
-7003
-12779
-7075
-13059
-7027
-13315
-7011
-13491
-7099
-13835
-7067
-13971
-7083
-14291
-7115
-14435
-7115
-14707
-6987
-14987
-7075
-15203
-7107
-15467
-7043
-15643
-7059
-15883
-7099
-16139
-7099
-16395
-7043
-16707
-7083
-16867
-7051
-17099
-7059
-17419
-7091
-17603
-7075
-17843
-7091
-18155
-7051
-18275
-7051
-18595
-7059
-18851
-7235
133
-7347
-91
-7299
-371
-7323
-547
-7339
-795
-7307
-1011
-7355
-1355
-7243
-1579
-7299
-1835
-7347
-2027
-7331
-2219
-7315
-2435
-7283
-2747
-7339
-2963
-7355
-3203
-7355
-3443
-7267
-3755
-7347
-3979
-7283
-4219
-7315
-4443
-7339
-4675
-7331
-4867
-7315
-5123
-7355
-5347
-7275
-5643
-7315
-5915
-7283
-6131
-7275
-6299
-7347
-6507
-7267
-6747
-7339
-7075
-7307
-7307
-7227
-7579
-7267
-7739
-7243
-8035
-7275
-8299
-7339
-8531
-7243
-8755
-7331
-8931
-7275
-9219
-7323
-9387
-7323
-9627
-7307
-9947
-7291
-10107
-7339
-10475
-7315
-10619
-7331
-10907
-7355
-11083
-7307
-11387
-7307
-11667
-7243
-11851
-7267
-12115
-7275
-12267
-7291
-12619
-7283
-12747
-7299
-12995
-7283
-13299
-7315
-13483
-7339
-13731
-7283
-14059
-7291
-14299
-7299
-14539
-7299
-14691
-7251
-14939
-7323
-15155
-7275
-15475
-7347
-15715
-7347
-15979
-7347
-16107
-7339
-16347
-7291
-16619
-7331
-16931
-7259
-17067
-7251
-17387
-7283
-17563
-7235
-17907
-7315
-18083
-7275
-18387
-7251
-18531
-7243
-18827
-7523
125
-7563
-147
-7467
-275
-7587
-547
-7587
-851
-7507
-1091
-7563
-1347
-7467
-1515
-7563
-1707
-7475
-2003
-7587
-2211
-7475
-2443
-7587
-2675
-7587
-2995
-7547
-3243
-7555
-3403
-7587
-3731
-7531
-3875
-7579
-4107
-7587
-4435
-7531
-4611
-7491
-4835
-7595
-5195
-7563
-5307
-7555
-5659
-7523
-5915
-7587
-6035
-7571
-6307
-7587
-6571
-7571
-6867
-7523
-6987
-7507
-7259
-7531
-7579
-7579
-7819
-7587
-8051
-7563
-8307
-7483
-8427
-7571
-8795
-7515
-9027
-7523
-9259
-7555
-9443
-7539
-9723
-7587
-9891
-7595
-10155
-7499
-10363
-7539
-10659
-7507
-10931
-7507
-11115
-7539
-11435
-7595
-11595
-7571
-11867
-7587
-12115
-7483
-12331
-7507
-12515
-7587
-12755
-7587
-12987
-7515
-13267
-7587
-13571
-7523
-13827
-7547
-14035
-7563
-14235
-7579
-14475
-7507
-14755
-7475
-14931
-7539
-15187
-7595
-15499
-7587
-15659
-7523
-15947
-7555
-16195
-7555
-16467
-7555
-16603
-7579
-16955
-7587
-17131
-7539
-17379
-7539
-17563
-7571
-17875
-7579
-18075
-7491
-18363
-7539
-18627
-7475
-18827
-7731
149
-7723
-139
-7787
-283
-7779
-587
-7795
-779
-7715
-1043
-7755
-1307
-7819
-1547
-7731
-1723
-7819
-1971
-7739
-2283
-7779
-2443
-7795
-2787
-7779
-2995
-7835
-3275
-7819
-3387
-7827
-3667
-7835
-3923
-7811
-4155
-7731
-4411
-7787
-4659
-7779
-4915
-7795
-5107
-7755
-5379
-7811
-5643
-7739
-5827
-7819
-6059
-7771
-6283
-7819
-6579
-7747
-6803
-7723
-7019
-7739
-7291
-7731
-7507
-7707
-7835
-7779
-8003
-7819
-8299
-7811
-8435
-7723
-8715
-7811
-8915
-7731
-9235
-7779
-9451
-7795
-9651
-7819
-9963
-7723
-10227
-7819
-10403
-7787
-10675
-7803
-10875
-7715
-11067
-7707
-11307
-7819
-11587
-7715
-11795
-7795
-12115
-7835
-12307
-7795
-12619
-7819
-12779
-7739
-13067
-7763
-13355
-7779
-13491
-7771
-13771
-7747
-14035
-7787
-14219
-7819
-14483
-7763
-14779
-7827
-15003
-7763
-15163
-7835
-15483
-7795
-15627
-7835
-15899
-7803
-16179
-7771
-16387
-7779
-16659
-7803
-16835
-7827
-17099
-7795
-17403
-7803
-17643
-7819
-17835
-7747
-18043
-7795
-18291
-7795
-18579
-7739
-18819
-7971
85
-8051
-115
-8067
-291
-7987
-635
-7955
-779
-8067
-1075
-8075
-1355
-7971
-1499
-7987
-1747
-8059
-2019
-7995
-2299
-7995
-2451
-8067
-2707
-8019
-3027
-8051
-3163
-7971
-3395
-8019
-3683
-8051
-3931
-8059
-4219
-8067
-4363
-8051
-4699
-8067
-4891
-8059
-5187
-8067
-5315
-8051
-5571
-8027
-5795
-7971
-6043
-7987
-6355
-8059
-6531
-8075
-6819
-8059
-7051
-8067
-7259
-8075
-7515
-8043
-7763
-8003
-7987
-8019
-8315
-8067
-8547
-8067
-8795
-7987
-9019
-8075
-9211
-7971
-9443
-8035
-9627
-8051
-9931
-7963
-10147
-8051
-10451
-7955
-10651
-8043
-10875
-8019
-11155
-8027
-11323
-8075
-11675
-8051
-11843
-8051
-12091
-8075
-12331
-8051
-12595
-8059
-12763
-8043
-13035
-7995
-13339
-8019
-13467
-7947
-13803
-8059
-14035
-7995
-14227
-8043
-14515
-8067
-14771
-8027
-14939
-8067
-15203
-8011
-15507
-8011
-15739
-7995
-15947
-8059
-16219
-7947
-16443
-8067
-16603
-8027
-16891
-7995
-17171
-7971
-17427
-8059
-17595
-8067
-17915
-7947
-18131
-8059
-18307
-8075
-18595
-7971
-18843
-8315
149
-8235
-99
-8291
-339
-8203
-563
-8315
-851
-8267
-1027
-8195
-1259
-8259
-1531
-8291
-1787
-8291
-1995
-8275
-2227
-8259
-2547
-8275
-2787
-8211
-3035
-8283
-3187
-8227
-3475
-8211
-3659
-8315
-3979
-8307
-4187
-8275
-4403
-8195
-4651
-8219
-4827
-8219
-5187
-8235
-5379
-8259
-5595
-8275
-5891
-8315
-6131
-8259
-6275
-8243
-6635
-8283
-6811
-8259
-6987
-8219
-7251
-8219
-7491
-8315
-7803
-8211
-8035
-8259
-8227
-8259
-8475
-8283
-8723
-8195
-8963
-8235
-9155
-8299
-9443
-8315
-9627
-8291
-9939
-8315
-10195
-8211
-10387
-8259
-10603
-8291
-10867
-8243
-11091
-8299
-11355
-8219
-11659
-8243
-11795
-8219
-12131
-8291
-12315
-8307
-12635
-8227
-12851
-8243
-13083
-8259
-13275
-8307
-13499
-8235
-13787
-8251
-13971
-8243
-14195
-8219
-14427
-8259
-14731
-8275
-14907
-8315
-15259
-8195
-15475
-8275
-15635
-8227
-15971
-8195
-16107
-8275
-16387
-8251
-16691
-8315
-16851
-8291
-17171
-8259
-17403
-8275
-17571
-8195
-17835
-8283
-18051
-8275
-18395
-8259
-18635
-8307
-18875
-8483
117
-8443
-67
-8539
-291
-8547
-531
-8523
-819
-8547
-1083
-8483
-1243
-8539
-1467
-8499
-1795
-8499
-1955
-8547
-2187
-8515
-2459
-8451
-2763
-8555
-2923
-8483
-3219
-8547
-3387
-8531
-3683
-8539
-3979
-8515
-4123
-8475
-4371
-8507
-4691
-8523
-4859
-8507
-5147
-8483
-5411
-8435
-5635
-8467
-5891
-8435
-6107
-8523
-6355
-8539
-6563
-8483
-6803
-8523
-7099
-8531
-7315
-8443
-7579
-8547
-7811
-8515
-7987
-8451
-8235
-8531
-8491
-8451
-8699
-8547
-9003
-8491
-9251
-8515
-9483
-8531
-9739
-8451
-9947
-8531
-10115
-8515
-10459
-8531
-10659
-8435
-10875
-8499
-11187
-8515
-11403
-8451
-11619
-8427
-11787
-8547
-12139
-8507
-12347
-8483
-12635
-8435
-12811
-8483
-13083
-8427
-13243
-8467
-13547
-8547
-13771
-8443
-14011
-8523
-14243
-8499
-14451
-8507
-14771
-8499
-14955
-8515
-15219
-8547
-15387
-8547
-15659
-8491
-15979
-8467
-16139
-8539
-16411
-8523
-16643
-8547
-16955
-8483
-17083
-8523
-17419
-8475
-17659
-8475
-17891
-8523
-18027
-8507
-18331
-8427
-18595
-8523
-18827
-8771
109
-8763
-27
-8747
-323
-8763
-539
-8683
-875
-8715
-995
-8787
-1267
-8795
-1587
-8731
-1747
-8787
-1947
-8747
-2275
-8763
-2539
-8787
-2763
-8779
-3035
-8739
-3195
-8707
-3483
-8763
-3675
-8723
-3883
-8787
-4235
-8731
-4403
-8795
-4659
-8731
-4899
-8715
-5195
-8699
-5387
-8747
-5555
-8795
-5859
-8731
-6147
-8787
-6379
-8779
-6603
-8795
-6803
-8779
-7115
-8707
-7275
-8707
-7563
-8699
-7827
-8715
-8019
-8795
-8307
-8699
-8435
-8787
-8699
-8723
-8955
-8795
-9227
-8795
-9483
-8715
-9627
-8731
-9979
-8675
-10147
-8771
-10411
-8715
-10699
-8739
-10915
-8739
-11171
-8755
-11371
-8763
-11643
-8739
-11883
-8795
-12155
-8739
-12395
-8747
-12539
-8747
-12835
-8731
-13011
-8699
-13267
-8683
-13483
-8771
-13715
-8771
-14019
-8707
-14227
-8763
-14451
-8739
-14691
-8715
-14971
-8755
-15227
-8779
-15459
-8691
-15643
-8787
-15939
-8755
-16211
-8755
-16443
-8747
-16683
-8683
-16859
-8683
-17091
-8731
-17323
-8747
-17547
-8675
-17891
-8747
-18059
-8739
-18315
-8691
-18587
-8755
-18867
-9019
125
-8987
-67
-8955
-299
-9019
-555
-8979
-763
-8931
-1019
-8987
-1355
-8979
-1563
-9003
-1771
-8971
-2051
-9027
-2283
-8947
-2427
-9011
-2715
-9027
-2915
-9027
-3243
-8963
-3483
-8995
-3739
-9003
-3971
-8923
-4107
-8979
-4355
-8923
-4707
-9003
-4883
-8987
-5179
-9027
-5435
-9003
-5627
-8939
-5827
-8963
-6051
-9011
-6331
-8971
-6531
-8923
-6747
-9011
-7059
-8971
-7251
-8907
-7579
-8987
-7731
-8995
-8075
-8987
-8259
-8987
-8555
-8987
-8779
-8931
-8955
-9035
-9267
-9019
-9467
-9019
-9755
-9035
-9867
-8947
-10131
-8987
-10467
-8915
-10667
-9035
-10907
-9035
-11171
-8915
-11331
-9011
-11627
-8907
-11819
-8987
-12083
-9011
-12291
-9011
-12515
-8971
-12875
-8931
-13091
-9011
-13307
-8987
-13555
-9027
-13707
-9027
-14027
-8931
-14219
-8963
-14555
-9019
-14771
-9027
-14979
-9035
-15187
-8963
-15395
-9035
-15627
-8987
-15899
-8987
-16211
-8939
-16427
-8963
-16587
-9003
-16883
-9011
-17123
-9003
-17387
-9035
-17611
-8931
-17899
-8963
-18139
-8915
-18371
-9019
-18627
-9027
-18851
-9179
109
-9267
-147
-9267
-395
-9267
-587
-9203
-771
-9235
-1067
-9251
-1227
-9187
-1595
-9195
-1795
-9259
-1987
-9187
-2315
-9219
-2507
-9267
-2723
-9203
-2995
-9179
-3267
-9219
-3395
-9235
-3627
-9203
-3995
-9267
-4131
-9275
-4403
-9251
-4595
-9195
-4891
-9267
-5179
-9171
-5387
-9275
-5587
-9259
-5891
-9251
-6155
-9259
-6339
-9203
-6595
-9195
-6763
-9259
-7107
-9195
-7235
-9251
-7523
-9243
-7811
-9203
-8075
-9211
-8275
-9251
-8475
-9219
-8723
-9195
-9027
-9211
-9147
-9275
-9507
-9267
-9707
-9203
-9947
-9251
-10123
-9195
-10427
-9155
-10595
-9259
-10931
-9235
-11067
-9243
-11387
-9275
-11547
-9147
-11899
-9251
-12051
-9227
-12283
-9227
-12611
-9187
-12747
-9163
-13059
-9219
-13259
-9259
-13515
-9251
-13795
-9267
-13987
-9259
-14299
-9267
-14523
-9275
-14723
-9235
-14971
-9203
-15227
-9211
-15475
-9203
-15627
-9267
-15947
-9275
-16211
-9219
-16395
-9203
-16627
-9275
-16899
-9235
-17155
-9251
-17387
-9219
-17627
-9275
-17843
-9171
-18027
-9251
-18387
-9187
-18595
-9147
-18875
-9491
149
-9515
-59
-9499
-363
-9459
-507
-9419
-811
-9419
-1035
-9475
-1355
-9499
-1507
-9483
-1755
-9491
-1995
-9395
-2307
-9507
-2443
-9395
-2795
-9483
-2939
-9475
-3275
-9403
-3443
-9499
-3683
-9507
-3979
-9491
-4227
-9411
-4435
-9515
-4587
-9491
-4891
-9451
-5083
-9475
-5363
-9507
-5595
-9515
-5891
-9451
-6139
-9499
-6395
-9491
-6555
-9515
-6795
-9387
-7027
-9459
-7227
-9411
-7555
-9507
-7827
-9499
-8075
-9507
-8259
-9483
-8467
-9507
-8667
-9491
-8923
-9387
-9275
-9475
-9483
-9443
-9683
-9387
-9915
-9403
-10203
-9403
-10395
-9467
-10611
-9491
-10939
-9507
-11107
-9443
-11427
-9451
-11603
-9515
-11795
-9451
-12139
-9475
-12387
-9507
-12603
-9451
-12771
-9419
-13091
-9459
-13339
-9419
-13531
-9387
-13763
-9451
-13971
-9395
-14211
-9499
-14491
-9515
-14755
-9459
-14987
-9467
-15155
-9411
-15475
-9499
-15675
-9435
-15939
-9451
-16235
-9443
-16459
-9419
-16675
-9483
-16955
-9395
-17075
-9475
-17419
-9491
-17651
-9499
-17883
-9507
-18131
-9507
-18363
-9443
-18555
-9403
-18875
-9707
141
-9723
-51
-9675
-395
-9739
-611
-9691
-771
-9731
-1083
-9755
-1267
-9683
-1483
-9627
-1723
-9747
-1971
-9659
-2211
-9747
-2435
-9739
-2771
-9755
-2915
-9635
-3243
-9691
-3387
-9715
-3715
-9675
-3979
-9699
-4203
-9691
-4395
-9659
-4611
-9739
-4955
-9723
-5179
-9707
-5355
-9755
-5635
-9635
-5883
-9723
-6059
-9651
-6331
-9635
-6571
-9747
-6795
-9723
-7107
-9739
-7259
-9667
-7499
-9723
-7811
-9715
-8075
-9675
-8227
-9707
-8467
-9731
-8747
-9691
-8923
-9707
-9275
-9635
-9443
-9651
-9691
-9691
-9931
-9627
-10219
-9739
-10347
-9667
-10651
-9683
-10867
-9651
-11155
-9723
-11395
-9715
-11675
-9675
-11915
-9747
-12075
-9683
-12323
-9699
-12531
-9635
-12755
-9659
-13107
-9635
-13259
-9707
-13499
-9699
-13739
-9707
-14035
-9683
-14227
-9739
-14507
-9635
-14683
-9643
-14995
-9715
-15275
-9651
-15411
-9699
-15635
-9635
-15955
-9683
-16171
-9755
-16451
-9643
-16619
-9715
-16851
-9691
-17131
-9723
-17339
-9747
-17659
-9659
-17859
-9707
-18107
-9747
-18315
-9683
-18507
-9667
-18827
-9875
109
-9923
-67
-9931
-307
-9955
-547
-9947
-827
-9875
-1083
-9963
-1291
-9955
-1491
-9979
-1779
-9939
-2003
-9955
-2275
-9979
-2523
-9971
-2675
-9971
-2963
-9915
-3147
-9867
-3499
-9939
-3659
-9963
-3915
-9979
-4163
-9867
-4459
-9931
-4619
-9875
-4859
-9955
-5139
-9987
-5395
-9939
-5611
-9995
-5787
-9899
-6075
-9899
-6323
-9995
-6635
-9875
-6787
-9947
-7019
-9939
-7339
-9963
-7539
-9891
-7731
-9971
-8075
-9963
-8283
-9939
-8443
-9915
-8675
-9915
-8947
-9915
-9171
-9899
-9499
-9883
-9691
-9955
-9907
-9955
-10163
-9931
-10387
-9995
-10635
-9899
-10851
-9931
-11163
-9955
-11395
-9963
-11619
-9883
-11843
-9995
-12107
-9995
-12307
-9907
-12587
-9915
-12747
-9891
-13011
-9963
-13267
-9963
-13523
-9915
-13779
-9987
-14059
-9987
-14251
-9971
-14483
-9867
-14739
-9963
-15027
-9995
-15235
-9939
-15507
-9987
-15723
-9947
-15891
-9987
-16203
-9955
-16387
-9939
-16635
-9963
-16923
-9899
-17147
-9963
-17427
-9971
-17611
-9979
-17907
-9947
-18083
-9947
-18307
-9987
-18507
-9963
-18819
-10187
109
-10203
-131
-10179
-347
-10235
-515
-10235
-803
-10187
-1035
-10235
-1331
-10235
-1595
-10219
-1779
-10147
-1995
-10147
-2307
-10195
-2507
-10219
-2691
-10235
-3011
-10227
-3155
-10123
-3507
-10219
-3643
-10139
-3979
-10115
-4107
-10195
-4459
-10227
-4587
-10235
-4883
-10187
-5179
-10139
-5355
-10219
-5555
-10139
-5915
-10107
-6083
-10235
-6331
-10123
-6635
-10179
-6827
-10203
-7075
-10227
-7347
-10163
-7547
-10195
-7747
-10203
-8075
-10211
-8219
-10187
-8547
-10187
-8731
-10235
-9003
-10219
-9203
-10211
-9443
-10235
-9707
-10203
-9939
-10115
-10107
-10227
-10467
-10195
-10683
-10227
-10843
-10155
-11155
-10211
-11307
-10187
-11667
-10115
-11835
-10235
-12035
-10179
-12379
-10227
-12627
-10139
-12867
-10227
-13051
-10163
-13299
-10163
-13563
-10227
-13747
-10147
-13987
-10115
-14235
-10211
-14523
-10179
-14723
-10235
-14947
-10235
-15171
-10235
-15467
-10235
-15659
-10211
-15995
-10187
-16179
-10171
-16451
-10163
-16707
-10203
-16859
-10235
-17107
-10227
-17355
-10235
-17659
-10115
-17811
-10195
-18051
-10147
-18339
-10139
-18611
-10115
-18859
-10435
85
-10427
-107
-10475
-339
-10411
-555
-10475
-819
-10411
-1043
-10443
-1235
-10467
-1523
-10443
-1819
-10467
-2035
-10475
-2235
-10443
-2547
-10475
-2699
-10451
-2907
-10475
-3235
-10451
-3419
-10427
-3635
-10419
-3939
-10459
-4203
-10435
-4427
-10459
-4651
-10419
-4827
-10451
-5139
-10467
-5395
-10411
-5547
-10427
-5843
-10443
-6035
-10411
-6395
-10451
-6507
-10419
-6811
-10475
-7043
-10467
-7251
-10451
-7483
-10467
-7763
-10443
-7963
-10467
-8203
-10475
-8459
-10467
-8731
-10419
-8915
-10419
-9203
-10419
-9395
-10443
-9731
-10411
-9963
-10411
-10227
-10475
-10395
-10443
-10667
-10443
-10875
-10411
-11139
-10475
-11411
-10451
-11547
-10411
-11819
-10467
-12043
-10427
-12347
-10451
-12635
-10475
-12859
-10467
-13059
-10411
-13307
-10467
-13547
-10451
-13763
-10419
-14003
-10459
-14283
-10443
-14531
-10467
-14667
-10411
-14979
-10435
-15179
-10451
-15403
-10467
-15739
-10467
-15979
-10467
-16219
-10419
-16355
-10475
-16619
-10443
-16867
-10427
-17083
-10451
-17403
-10419
-17675
-10467
-17827
-10475
-18067
-10435
-18275
-10451
-18619
-10459
-18827
