109
312
164
-118
382
-231
288
-601
416
-782
239
-982
260
-1280
292
-1503
553
-1758
440
-1914
312
-2279
133
-2467
173
-2635
179
-2887
121
-3147
321
-3379
135
-3611
177
-3859
211
-4159
259
-4467
527
-4573
85
-4931
149
-5155
117
-5395
133
-5587
93
-5883
93
-6095
109
-6263
101
-6575
101
-6739
117
-7115
93
-7227
93
-7523
141
-7723
101
-8039
109
-8287
109
-8467
85
-8739
133
-8891
109
-9155
117
-9515
125
-9643
93
-9867
117
-10235
149
-10387
117
-10691
101
-10827
141
-11115
109
-11363
101
-11555
117
-11819
125
-12131
93
-12323
85
-12611
133
-12811
93
-13115
117
-13307
109
-13595
109
-13835
101
-13987
85
-14299
117
-14435
93
-14683
85
-15011
133
-15147
125
-15467
101
-15707
109
-15947
149
-16115
93
-16355
125
-16715
125
-16947
117
-17171
109
-17427
93
-17627
125
-17827
85
-18099
133
-18283
149
-18587
149
-18859
-115
1179
-71
-24
-11
-306
-77
-575
-59
-732
-73
-997
-87
-1297
-99
-1537
-122
-1687
-64
-2042
-127
-2296
-31
-2505
-79
-2779
-105
-2891
-103
-3165
-103
-3501
-113
-3593
-131
-3867
-89
-4179
-77
-4375
-51
-4703
-119
-4811
-119
-5119
-119
-5415
-107
-5519
-115
-5819
-63
-6027
-67
-6251
-75
-6603
-23
-6795
-147
-7031
-11
-7275
-7
-7567
-51
-7763
-139
-8011
-87
-8227
-107
-8471
-23
-8723
-123
-8995
-27
-9179
-155
-9459
-139
-9715
-115
-9971
-99
-10187
-155
-10475
-147
-10667
-147
-10955
-147
-11139
-83
-11371
-35
-11587
-131
-11843
-155
-12075
-147
-12363
-35
-12523
-115
-12875
-115
-13075
-35
-13251
-147
-13491
-107
-13787
-115
-14027
-43
-14267
-147
-14467
-99
-14795
-43
-15027
-123
-15187
-83
-15427
-75
-15699
-91
-15875
-83
-16187
-123
-16419
-131
-16627
-59
-16867
-155
-17083
-99
-17339
-155
-17675
-139
-17819
-139
-18155
-83
-18395
-99
-18555
-51
-18827
-367
1256
-316
-89
-283
-331
-280
-613
-318
-851
-377
-992
-304
-1289
-293
-1558
-249
-1822
-340
-1998
-361
-2171
-291
-2421
-383
-2655
-279
-2913
-259
-3263
-355
-3391
-359
-3695
-359
-3921
-293
-4083
-301
-4403
-317
-4667
-295
-4835
-299
-5083
-379
-5403
-283
-5587
-267
-5839
-335
-6023
-335
-6315
-291
-6567
-263
-6759
-363
-6975
-295
-7275
-287
-7547
-331
-7723
-383
-8003
-347
-8195
-247
-8547
-283
-8715
-351
-8903
-395
-9235
-311
-9415
-363
-9747
-363
-9867
-371
-10179
-371
-10435
-387
-10627
-299
-10955
-291
-11131
-339
-11371
-323
-11619
-387
-11899
-323
-12091
-323
-12387
-371
-12619
-307
-12827
-339
-13059
-355
-13227
-283
-13571
-307
-13779
-371
-14059
-291
-14291
-379
-14547
-355
-14771
-347
-14947
-275
-15235
-395
-15411
-283
-15635
-339
-15899
-379
-16211
-339
-16443
-347
-16683
-323
-16835
-387
-17115
-299
-17419
-371
-17659
-339
-17827
-355
-18035
-379
-18307
-387
-18595
-355
-18875
-603
1009
-580
-103
-619
-294
-603
-549
-500
-755
-615
-1031
-510
-1227
-505
-1499
-623
-1693
-597
-1971
-605
-2218
-537
-2521
-519
-2781
-507
-2979
-537
-3169
-597
-3433
-543
-3709
-589
-3933
-613
-4075
-563
-4399
-577
-4619
-603
-4827
-603
-5067
-555
-5283
-499
-5635
-535
-5827
-607
-6043
-587
-6279
-575
-6515
-535
-6827
-595
-7075
-595
-7263
-627
-7591
-495
-7759
-619
-7955
-511
-8271
-579
-8459
-587
-8719
-627
-9015
-567
-9135
-583
-9391
-571
-9627
-635
-9987
-523
-10219
-611
-10347
-619
-10707
-603
-10867
-587
-11123
-627
-11339
-563
-11635
-563
-11875
-595
-12139
-579
-12379
-587
-12555
-587
-12755
-563
-13075
-627
-13259
-571
-13491
-571
-13811
-579
-14043
-523
-14243
-563
-14483
-523
-14787
-563
-14947
-611
-15219
-627
-15403
-579
-15755
-523
-15947
-531
-16147
-515
-16387
-611
-16651
-555
-16883
-635
-17075
-619
-17331
-555
-17635
-571
-17859
-603
-18139
-619
-18355
-635
-18611
-563
-18835
-855
889
-731
-14
-855
-303
-751
-573
-845
-791
-822
-1058
-853
-1276
-781
-1521
-848
-1788
-774
-2034
-748
-2197
-859
-2507
-831
-2757
-855
-2933
-765
-3239
-789
-3399
-833
-3661
-811
-3863
-763
-4079
-819
-4367
-761
-4649
-831
-4903
-871
-5095
-835
-5407
-831
-5631
-747
-5883
-775
-6063
-759
-6331
-859
-6611
-847
-6735
-867
-7067
-851
-7343
-747
-7551
-791
-7715
-795
-8003
-835
-8207
-787
-8511
-775
-8771
-811
-8971
-835
-9167
-867
-9483
-851
-9723
-835
-9899
-771
-10227
-755
-10347
-859
-10587
-851
-10891
-811
-11163
-859
-11427
-835
-11643
-795
-11867
-875
-12083
-835
-12363
-867
-12571
-835
-12787
-867
-13107
-843
-13267
-787
-13539
-835
-13811
-835
-14075
-787
-14227
-819
-14451
-827
-14787
-771
-14955
-803
-15251
-835
-15387
-787
-15739
-859
-15915
-867
-16227
-851
-16411
-819
-16611
-755
-16867
-851
-17179
-875
-17315
-763
-17675
-867
-17835
-867
-18147
-763
-18395
-859
-18563
-771
-18859
-1059
1204
-1037
-72
-1011
-330
-1005
-515
-965
-829
-1053
-1010
-995
-1303
-977
-1443
-1017
-1814
-971
-2037
-1091
-2222
-1007
-2513
-1105
-2717
-1035
-2955
-1059
-3131
-1011
-3479
-1063
-3637
-975
-3957
-1027
-4109
-1083
-4441
-1059
-4687
-1055
-4875
-1103
-5119
-1091
-5387
-1027
-5531
-1099
-5835
-1083
-6003
-1075
-6283
-987
-6579
-1107
-6759
-1107
-7003
-1039
-7327
-1023
-7587
-1079
-7791
-1015
-7971
-1023
-8311
-1075
-8451
-995
-8767
-1067
-9003
-1027
-9163
-983
-9427
-1099
-9739
-995
-9987
-1107
-10163
-1075
-10475
-1099
-10667
-1019
-10923
-1083
-11195
-1099
-11355
-1043
-11579
-1075
-11811
-1027
-12051
-1107
-12331
-1059
-12587
-1043
-12779
-1091
-12987
-1091
-13283
-1091
-13515
-1043
-13771
-1091
-13955
-1059
-14235
-1043
-14483
-1035
-14787
-1107
-14955
-1083
-15147
-1059
-15451
-1035
-15651
-1003
-15875
-1067
-16147
-1091
-16371
-1107
-16683
-1011
-16843
-1035
-17107
-1091
-17395
-1091
-17587
-1115
-17899
-1075
-18123
-1083
-18331
-1051
-18587
-1035
-18851
-1331
1308
-1313
-121
-1279
-361
-1232
-583
-1343
-807
-1257
-959
-1209
-1279
-1195
-1507
-1339
-1799
-1219
-2031
-1270
-2271
-1277
-2463
-1329
-2653
-1295
-2959
-1319
-3183
-1351
-3411
-1247
-3679
-1249
-3869
-1331
-4111
-1311
-4419
-1289
-4707
-1303
-4943
-1275
-5131
-1279
-5295
-1315
-5603
-1303
-5839
-1323
-6063
-1235
-6307
-1215
-6575
-1339
-6743
-1235
-7083
-1303
-7271
-1271
-7499
-1311
-7799
-1323
-7991
-1339
-8299
-1247
-8479
-1339
-8703
-1239
-8955
-1339
-9187
-1251
-9443
-1299
-9739
-1283
-9931
-1251
-10187
-1339
-10403
-1331
-10587
-1355
-10851
-1339
-11099
-1283
-11419
-1251
-11595
-1339
-11795
-1331
-12147
-1339
-12323
-1243
-12611
-1355
-12827
-1323
-12995
-1235
-13291
-1251
-13595
-1315
-13787
-1227
-14035
-1299
-14211
-1235
-14491
-1283
-14731
-1331
-14915
-1251
-15243
-1347
-15475
-1299
-15683
-1331
-15923
-1331
-16227
-1283
-16371
-1267
-16603
-1275
-16867
-1259
-17115
-1307
-17435
-1307
-17587
-1235
-17827
-1355
-18123
-1291
-18395
-1291
-18595
-1355
-18811
-1579
1447
-1495
-79
-1553
-275
-1571
-547
-1529
-847
-1507
-999
-1525
-1275
-1539
-1575
-1537
-1715
-1475
-2009
-1511
-2215
-1459
-2467
-1483
-2647
-1549
-2987
-1577
-3201
-1533
-3495
-1509
-3693
-1557
-3923
-1577
-4163
-1455
-4337
-1537
-4645
-1563
-4819
-1567
-5071
-1495
-5363
-1567
-5551
-1567
-5883
-1459
-6115
-1467
-6355
-1455
-6567
-1455
-6799
-1511
-7019
-1579
-7235
-1475
-7567
-1563
-7715
-1439
-8023
-1511
-8315
-1487
-8467
-1567
-8775
-1555
-9015
-1571
-9171
-1567
-9471
-1539
-9723
-1539
-9979
-1579
-10235
-1595
-10451
-1499
-10595
-1595
-10947
-1579
-11083
-1563
-11379
-1531
-11659
-1475
-11851
-1483
-12035
-1515
-12387
-1579
-12603
-1579
-12803
-1515
-13107
-1475
-13275
-1563
-13587
-1475
-13787
-1579
-14027
-1467
-14227
-1579
-14467
-1571
-14707
-1539
-15027
-1515
-15275
-1571
-15491
-1563
-15747
-1571
-15947
-1563
-16195
-1507
-16475
-1587
-16675
-1547
-16939
-1579
-17075
-1595
-17323
-1475
-17643
-1571
-17787
-1571
-18131
-1579
-18275
-1595
-18531
-1587
-18835
-1795
417
-1803
-71
-1769
-375
-1805
-491
-1699
-751
-1759
-1069
-1795
-1255
-1715
-1531
-1793
-1709
-1813
-2011
-1699
-2171
-1731
-2523
-1737
-2695
-1743
-3009
-1811
-3139
-1745
-3435
-1789
-3709
-1775
-3949
-1801
-4097
-1819
-4413
-1803
-4645
-1743
-4895
-1811
-5155
-1819
-5403
-1727
-5591
-1751
-5851
-1791
-6127
-1719
-6243
-1779
-6543
-1807
-6775
-1731
-6991
-1823
-7259
-1775
-7483
-1783
-7827
-1715
-8055
-1715
-8291
-1787
-8467
-1779
-8683
-1835
-8919
-1715
-9243
-1815
-9391
-1763
-9707
-1755
-9963
-1795
-10187
-1715
-10387
-1731
-10667
-1747
-10915
-1771
-11091
-1723
-11331
-1787
-11547
-1835
-11819
-1803
-12123
-1835
-12283
-1707
-12563
-1827
-12811
-1835
-12995
-1827
-13307
-1723
-13579
-1819
-13739
-1723
-13979
-1731
-14187
-1779
-14555
-1811
-14795
-1819
-15027
-1763
-15251
-1739
-15499
-1755
-15659
-1811
-15915
-1803
-16203
-1779
-16475
-1819
-16707
-1731
-16843
-1771
-17155
-1811
-17355
-1795
-17547
-1715
-17899
-1779
-18075
-1803
-18355
-1795
-18627
-1771
-18811
-2075
961
-1991
-123
-2023
-293
-2051
-591
-2065
-803
-2039
-979
-1999
-1255
-2031
-1477
-2055
-1813
-2059
-2003
-1987
-2215
-2019
-2499
-2047
-2723
-2019
-3001
-2035
-3263
-1987
-3489
-2033
-3619
-1965
-3843
-2001
-4135
-2067
-4383
-1991
-4639
-2019
-4835
-2035
-5051
-2015
-5315
-1987
-5591
-2003
-5779
-1991
-6103
-2039
-6299
-2035
-6495
-1995
-6811
-1987
-7095
-1995
-7251
-1971
-7579
-2031
-7783
-2059
-8011
-2051
-8271
-2055
-8447
-1959
-8747
-1947
-8963
-2003
-9215
-1959
-9455
-2035
-9635
-2067
-9907
-2019
-10195
-1995
-10403
-1987
-10635
-1963
-10835
-2075
-11131
-2075
-11435
-2067
-11643
-2043
-11811
-2011
-12155
-1955
-12283
-2051
-12523
-2003
-12819
-2051
-13115
-2019
-13243
-2035
-13563
-1955
-13723
-2019
-14003
-2027
-14315
-1987
-14451
-1971
-14795
-2067
-15011
-2019
-15195
-2067
-15491
-1995
-15731
-2027
-15939
-2019
-16211
-2067
-16459
-2059
-16627
-2027
-16955
-2019
-17115
-2043
-17435
-2067
-17555
-1987
-17835
-1987
-18147
-2011
-18355
-2027
-18595
-1995
-18867
-2275
973
-2165
-51
-2279
-255
-2249
-563
-2275
-771
-2311
-1019
-2301
-1289
-2287
-1571
-2225
-1791
-2165
-1961
-2155
-2175
-2155
-2535
-2251
-2703
-2281
-2919
-2279
-3213
-2285
-3399
-2271
-3681
-2205
-3925
-2227
-4197
-2195
-4347
-2223
-4677
-2275
-4923
-2203
-5171
-2287
-5395
-2259
-5627
-2183
-5835
-2283
-6051
-2235
-6259
-2187
-6543
-2231
-6735
-2299
-6983
-2187
-7227
-2295
-7551
-2219
-7795
-2271
-7987
-2299
-8255
-2179
-8515
-2279
-8743
-2259
-9019
-2179
-9235
-2295
-9471
-2291
-9635
-2187
-9923
-2291
-10123
-2299
-10459
-2259
-10595
-2307
-10859
-2235
-11155
-2291
-11395
-2299
-11563
-2203
-11843
-2307
-12131
-2203
-12267
-2251
-12515
-2203
-12843
-2251
-13115
-2259
-13227
-2267
-13507
-2307
-13811
-2315
-13987
-2299
-14227
-2267
-14531
-2307
-14747
-2267
-14947
-2227
-15179
-2291
-15443
-2219
-15635
-2203
-15955
-2299
-16155
-2315
-16427
-2307
-16595
-2267
-16931
-2211
-17067
-2267
-17307
-2307
-17635
-2227
-17851
-2251
-18059
-2307
-18275
-2267
-18571
-2259
-18875
-2459
151
-2477
-67
-2503
-251
-2507
-507
-2503
-813
-2443
-975
-2423
-1283
-2439
-1547
-2487
-1749
-2473
-2009
-2499
-2217
-2555
-2515
-2511
-2771
-2465
-2929
-2483
-3187
-2497
-3407
-2495
-3693
-2413
-3861
-2525
-4083
-2451
-4401
-2493
-4629
-2527
-4919
-2451
-5079
-2435
-5331
-2543
-5575
-2527
-5803
-2511
-6127
-2471
-6351
-2467
-6595
-2515
-6787
-2431
-7107
-2511
-7299
-2519
-7459
-2519
-7699
-2487
-8059
-2475
-8263
-2479
-8431
-2451
-8759
-2447
-8911
-2431
-9219
-2479
-9423
-2475
-9715
-2443
-9915
-2427
-10211
-2467
-10363
-2483
-10619
-2467
-10923
-2531
-11163
-2539
-11379
-2475
-11667
-2459
-11915
-2499
-12107
-2443
-12387
-2499
-12531
-2547
-12811
-2531
-13059
-2547
-13307
-2515
-13595
-2483
-13795
-2547
-14027
-2531
-14275
-2507
-14467
-2475
-14723
-2459
-15035
-2443
-15211
-2523
-15499
-2531
-15683
-2547
-15979
-2483
-16115
-2435
-16395
-2523
-16619
-2531
-16875
-2443
-17131
-2499
-17379
-2467
-17651
-2491
-17907
-2515
-18067
-2515
-18371
-2523
-18563
-2547
-18827
-2735
125
-2691
-11
-2699
-299
-2779
-619
-2739
-791
-2683
-1079
-2763
-1267
-2723
-1467
-2651
-1703
-2767
-1995
-2775
-2267
-2751
-2495
-2643
-2675
-2795
-2931
-2711
-3191
-2755
-3395
-2763
-3623
-2739
-3919
-2663
-4193
-2739
-4447
-2679
-4645
-2751
-4923
-2771
-5171
-2747
-5371
-2759
-5531
-2735
-5871
-2735
-6151
-2763
-6363
-2739
-6495
-2767
-6807
-2743
-7019
-2699
-7291
-2743
-7499
-2687
-7795
-2695
-8015
-2763
-8155
-2751
-8415
-2763
-8715
-2771
-8983
-2771
-9203
-2679
-9419
-2683
-9627
-2787
-9955
-2755
-10235
-2787
-10371
-2795
-10595
-2739
-10915
-2699
-11107
-2787
-11347
-2691
-11619
-2723
-11803
-2739
-12155
-2795
-12323
-2795
-12611
-2787
-12819
-2763
-13035
-2763
-13235
-2707
-13579
-2763
-13803
-2787
-13963
-2715
-14291
-2731
-14555
-2747
-14683
-2787
-15027
-2707
-15267
-2755
-15499
-2795
-15675
-2731
-15971
-2739
-16235
-2795
-16475
-2739
-16667
-2771
-16891
-2747
-17075
-2755
-17411
-2739
-17643
-2795
-17835
-2755
-18059
-2755
-18339
-2683
-18539
-2715
-18867
-2975
125
-2971
-87
-2983
-267
-2995
-595
-2907
-839
-2955
-1091
-2911
-1227
-3007
-1535
-2915
-1783
-2959
-2039
-2975
-2207
-3019
-2435
-2995
-2639
-2927
-2915
-3007
-3127
-3019
-3467
-2931
-3671
-2951
-3959
-2995
-4111
-2939
-4339
-2947
-4647
-3003
-4919
-2903
-5087
-2975
-5339
-2923
-5619
-2915
-5831
-3031
-6035
-3015
-6291
-3003
-6495
-3003
-6783
-2991
-7007
-3035
-7279
-2951
-7523
-2931
-7807
-3011
-7947
-2935
-8267
-2971
-8467
-2995
-8687
-3027
-8935
-2907
-9259
-3003
-9491
-3027
-9699
-2939
-9899
-2947
-10179
-3035
-10467
-3003
-10699
-3003
-10883
-2915
-11139
-3027
-11355
-3027
-11667
-3003
-11811
-3003
-12027
-2987
-12363
-2995
-12595
-2987
-12843
-2907
-13075
-2915
-13243
-2923
-13531
-2995
-13715
-3035
-14059
-3027
-14267
-2923
-14515
-2971
-14707
-3019
-14923
-2979
-15243
-2931
-15451
-3011
-15755
-2987
-15899
-2995
-16131
-2963
-16355
-2915
-16603
-3019
-16875
-3019
-17131
-2963
-17411
-3027
-17667
-2995
-17867
-3003
-18139
-2995
-18291
-2979
-18507
-2907
-18843
-3235
125
-3235
-99
-3259
-243
-3247
-623
-3243
-795
-3163
-1099
-3175
-1327
-3167
-1539
-3275
-1755
-3191
-2031
-3195
-2167
-3263
-2439
-3243
-2719
-3251
-2907
-3219
-3195
-3195
-3419
-3259
-3735
-3251
-3939
-3179
-4127
-3183
-4363
-3239
-4651
-3199
-4795
-3227
-5147
-3151
-5315
-3167
-5547
-3215
-5803
-3235
-6083
-3227
-6303
-3251
-6531
-3187
-6787
-3231
-7055
-3235
-7215
-3195
-7539
-3263
-7731
-3155
-7963
-3231
-8203
-3211
-8471
-3191
-8711
-3263
-9023
-3175
-9267
-3235
-9475
-3211
-9731
-3211
-9939
-3267
-10115
-3195
-10443
-3259
-10611
-3187
-10835
-3203
-11139
-3267
-11331
-3259
-11619
-3267
-11891
-3251
-12099
-3219
-12323
-3211
-12555
-3275
-12875
-3171
-13051
-3179
-13323
-3275
-13523
-3195
-13707
-3275
-14011
-3147
-14219
-3227
-14483
-3195
-14763
-3251
-14995
-3187
-15219
-3211
-15475
-3195
-15683
-3147
-15883
-3203
-16187
-3211
-16411
-3251
-16595
-3235
-16835
-3227
-17123
-3219
-17355
-3155
-17571
-3171
-17867
-3203
-18099
-3203
-18379
-3251
-18515
-3219
-18843
-3459
109
-3499
-75
-3451
-267
-3419
-599
-3463
-731
-3491
-1099
-3427
-1239
-3507
-1495
-3435
-1819
-3483
-2003
-3383
-2211
-3439
-2415
-3415
-2759
-3463
-2931
-3475
-3263
-3495
-3459
-3427
-3739
-3459
-3975
-3503
-4111
-3451
-4363
-3407
-4667
-3427
-4931
-3379
-5107
-3427
-5359
-3403
-5559
-3367
-5855
-3395
-6015
-3435
-6331
-3475
-6527
-3415
-6743
-3395
-7099
-3455
-7223
-3415
-7475
-3407
-7783
-3479
-8059
-3479
-8255
-3387
-8407
-3495
-8683
-3499
-8995
-3459
-9163
-3387
-9499
-3435
-9699
-3451
-9915
-3499
-10211
-3475
-10379
-3483
-10587
-3467
-10843
-3507
-11155
-3515
-11427
-3491
-11667
-3435
-11875
-3419
-12115
-3427
-12347
-3515
-12547
-3515
-12859
-3451
-13003
-3411
-13323
-3435
-13491
-3419
-13755
-3491
-14011
-3499
-14275
-3515
-14555
-3515
-14779
-3515
-14979
-3427
-15251
-3483
-15491
-3395
-15707
-3395
-15971
-3395
-16187
-3419
-16363
-3435
-16635
-3491
-16923
-3475
-17099
-3499
-17411
-3475
-17603
-3395
-17803
-3499
-18139
-3491
-18395
-3411
-18563
-3435
-18819
-3691
149
-3691
-75
-3687
-275
-3727
-495
-3683
-791
-3635
-1011
-3675
-1331
-3643
-1555
-3727
-1707
-3695
-2003
-3663
-2291
-3667
-2491
-3695
-2727
-3675
-3011
-3727
-3191
-3727
-3451
-3703
-3639
-3659
-3863
-3695
-4095
-3727
-4451
-3715
-4671
-3747
-4855
-3699
-5159
-3607
-5411
-3683
-5547
-3743
-5823
-3735
-6115
-3707
-6347
-3699
-6563
-3643
-6771
-3659
-7075
-3595
-7223
-3711
-7527
-3715
-7719
-3695
-8063
-3727
-8187
-3615
-8427
-3739
-8663
-3659
-8891
-3743
-9119
-3735
-9399
-3707
-9731
-3739
-9995
-3739
-10187
-3683
-10419
-3755
-10595
-3643
-10843
-3683
-11083
-3675
-11379
-3747
-11611
-3699
-11859
-3723
-12123
-3739
-12291
-3627
-12603
-3643
-12755
-3731
-13027
-3739
-13267
-3755
-13563
-3755
-13835
-3715
-14035
-3739
-14195
-3739
-14483
-3739
-14763
-3675
-14971
-3691
-15203
-3707
-15419
-3651
-15707
-3683
-15955
-3667
-16147
-3747
-16347
-3699
-16715
-3707
-16939
-3747
-17195
-3699
-17395
-3747
-17555
-3675
-17891
-3675
-18051
-3747
-18323
-3707
-18595
-3699
-18859
-3855
125
-3927
-35
-3987
-363
-3939
-523
-3895
-795
-3835
-1071
-3875
-1355
-3923
-1475
-3959
-1687
-3979
-2039
-3955
-2299
-3935
-2499
-3939
-2795
-3915
-3031
-3879
-3175
-3987
-3403
-3923
-3703
-3987
-3879
-3891
-4095
-3959
-4351
-3935
-4599
-3847
-4907
-3875
-5103
-3943
-5335
-3895
-5571
-3843
-5835
-3943
-6087
-3943
-6315
-3863
-6551
-3851
-6747
-3871
-7067
-3955
-7207
-3931
-7567
-3979
-7747
-3883
-7971
-3943
-8195
-3899
-8531
-3871
-8667
-3891
-8903
-3935
-9215
-3895
-9387
-3971
-9755
-3907
-9907
-3907
-10131
-3979
-10387
-3995
-10683
-3891
-10851
-3907
-11107
-3915
-11355
-3963
-11627
-3963
-11819
-3979
-12083
-3867
-12299
-3939
-12635
-3915
-12771
-3987
-12995
-3891
-13307
-3947
-13475
-3971
-13779
-3955
-13995
-3971
-14315
-3899
-14483
-3923
-14723
-3907
-14907
-3995
-15147
-3915
-15427
-3995
-15699
-3995
-15931
-3939
-16147
-3915
-16403
-3883
-16611
-3995
-16907
-3963
-17171
-3987
-17331
-3891
-17667
-3955
-17819
-3947
-18075
-3907
-18323
-3867
-18515
-3939
-18827
-4179
149
-4207
-111
-4227
-371
-4083
-551
-4203
-835
-4159
-1031
-4231
-1331
-4151
-1487
-4143
-1699
-4107
-1975
-4175
-2275
-4179
-2475
-4203
-2751
-4111
-2991
-4115
-3163
-4203
-3463
-4111
-3671
-4139
-3863
-4171
-4179
-4223
-4371
-4203
-4615
-4107
-4831
-4143
-5119
-4175
-5391
-4191
-5591
-4103
-5815
-4151
-6135
-4107
-6287
-4207
-6595
-4143
-6791
-4191
-6987
-4171
-7227
-4143
-7567
-4183
-7719
-4199
-8011
-4171
-8259
-4215
-8459
-4183
-8659
-4155
-8951
-4179
-9163
-4179
-9443
-4171
-9715
-4163
-9971
-4195
-10203
-4163
-10379
-4219
-10691
-4203
-10891
-4147
-11075
-4155
-11363
-4163
-11627
-4115
-11875
-4211
-12091
-4179
-12323
-4163
-12635
-4155
-12811
-4115
-13043
-4195
-13331
-4187
-13595
-4219
-13763
-4131
-13979
-4187
-14315
-4139
-14467
-4203
-14699
-4203
-14971
-4139
-15195
-4155
-15411
-4139
-15675
-4235
-15923
-4235
-16147
-4203
-16403
-4155
-16643
-4115
-16827
-4203
-17155
-4171
-17315
-4219
-17659
-4195
-17875
-4139
-18035
-4163
-18371
-4235
-18603
-4131
-18843
-4367
117
-4335
-127
-4443
-287
-4391
-499
-4443
-747
-4403
-1079
-4347
-1239
-4379
-1447
-4403
-1751
-4411
-2059
-4451
-2299
-4455
-2523
-4343
-2647
-4371
-2995
-4383
-3167
-4351
-3495
-4395
-3675
-4351
-3903
-4423
-4191
-4443
-4435
-4447
-4603
-4439
-4883
-4371
-5183
-4387
-5363
-4363
-5567
-4399
-5851
-4451
-6035
-4415
-6267
-4443
-6559
-4443
-6819
-4443
-6987
-4439
-7331
-4395
-7487
-4375
-7811
-4435
-8031
-4399
-8279
-4375
-8507
-4323
-8759
-4363
-9003
-4379
-9243
-4447
-9459
-4443
-9699
-4443
-9987
-4395
-10131
-4395
-10419
-4411
-10619
-4443
-10947
-4451
-11131
-4419
-11331
-4435
-11579
-4395
-11891
-4419
-12155
-4419
-12355
-4379
-12611
-4475
-12875
-4347
-12987
-4459
-13275
-4403
-13571
-4403
-13707
-4459
-14011
-4459
-14195
-4443
-14427
-4435
-14675
-4411
-15027
-4411
-15259
-4379
-15395
-4403
-15651
-4347
-15931
-4467
-16139
-4443
-16395
-4467
-16587
-4379
-16883
-4419
-17163
-4475
-17331
-4459
-17675
-4379
-17851
-4467
-18075
-4395
-18387
-4403
-18571
-4387
-18875
-4619
149
-4559
-67
-4579
-363
-4599
-575
-4571
-735
-4679
-1051
-4623
-1263
-4667
-1519
-4675
-1783
-4659
-2027
-4651
-2191
-4655
-2515
-4707
-2767
-4595
-2975
-4695
-3227
-4715
-3463
-4587
-3623
-4699
-3911
-4651
-4147
-4667
-4431
-4639
-4631
-4675
-4955
-4699
-5155
-4675
-5399
-4575
-5643
-4639
-5823
-4671
-6131
-4639
-6319
-4611
-6603
-4663
-6819
-4675
-6991
-4655
-7295
-4623
-7535
-4615
-7699
-4675
-8051
-4615
-8251
-4691
-8487
-4655
-8667
-4635
-8899
-4639
-9243
-4691
-9499
-4635
-9755
-4699
-9915
-4627
-10123
-4619
-10427
-4707
-10675
-4699
-10867
-4715
-11155
-4707
-11411
-4707
-11643
-4699
-11851
-4643
-12043
-4619
-12331
-4667
-12587
-4667
-12867
-4667
-12995
-4715
-13291
-4699
-13579
-4603
-13731
-4587
-13979
-4675
-14275
-4691
-14507
-4627
-14715
-4667
-14995
-4715
-15203
-4699
-15435
-4619
-15659
-4595
-15987
-4683
-16219
-4667
-16443
-4659
-16675
-4667
-16939
-4699
-17195
-4619
-17419
-4683
-17627
-4683
-17795
-4691
-18107
-4683
-18307
-4691
-18587
-4691
-18827
-4835
133
-4911
-123
-4819
-331
-4907
-607
-4863
-815
-4859
-1035
-4883
-1267
-4871
-1535
-4911
-1695
-4899
-2039
-4907
-2215
-4943
-2515
-4943
-2779
-4851
-2907
-4863
-3203
-4847
-3499
-4899
-3667
-4955
-3887
-4947
-4107
-4935
-4467
-4851
-4619
-4815
-4859
-4887
-5099
-4899
-5295
-4887
-5623
-4947
-5907
-4907
-6035
-4851
-6279
-4919
-6519
-4887
-6807
-4891
-6967
-4851
-7227
-4887
-7563
-4907
-7727
-4847
-8019
-4843
-8215
-4931
-8443
-4891
-8723
-4931
-8995
-4827
-9187
-4891
-9515
-4843
-9699
-4939
-9947
-4859
-10227
-4891
-10427
-4907
-10699
-4939
-10851
-4955
-11139
-4875
-11355
-4955
-11651
-4923
-11811
-4947
-12115
-4843
-12347
-4931
-12611
-4931
-12795
-4859
-13115
-4947
-13227
-4947
-13515
-4843
-13707
-4939
-14035
-4867
-14251
-4827
-14555
-4947
-14747
-4955
-14987
-4931
-15179
-4955
-15403
-4939
-15643
-4931
-15947
-4899
-16171
-4907
-16451
-4883
-16707
-4947
-16955
-4931
-17083
-4907
-17395
-4851
-17619
-4939
-17907
-4843
-18075
-4939
-18275
-4859
-18523
-4939
-18819
-5067
117
-5115
-43
-5051
-279
-5155
-583
-5095
-747
-5155
-1079
-5123
-1291
-5163
-1515
-5127
-1755
-5095
-1959
-5187
-2195
-5159
-2475
-5099
-2687
-5183
-2987
-5163
-3219
-5155
-3415
-5151
-3691
-5175
-3883
-5043
-4131
-5075
-4415
-5111
-4647
-5143
-4887
-5063
-5151
-5143
-5319
-5175
-5647
-5179
-5859
-5155
-6075
-5063
-6283
-5115
-6563
-5103
-6771
-5191
-7003
-5147
-7211
-5131
-7579
-5175
-7707
-5179
-8043
-5135
-8219
-5147
-8431
-5091
-8739
-5167
-8955
-5111
-9167
-5115
-9419
-5163
-9627
-5171
-9963
-5179
-10115
-5155
-10363
-5123
-10587
-5099
-10851
-5147
-11075
-5131
-11323
-5083
-11619
-5099
-11819
-5147
-12067
-5195
-12315
-5187
-12523
-5163
-12779
-5155
-13011
-5115
-13251
-5083
-13483
-5091
-13755
-5123
-14019
-5107
-14299
-5155
-14491
-5083
-14787
-5147
-14979
-5147
-15147
-5171
-15467
-5083
-15699
-5171
-15891
-5075
-16179
-5179
-16371
-5091
-16707
-5131
-16923
-5147
-17155
-5195
-17411
-5115
-17571
-5171
-17907
-5171
-18043
-5091
-18339
-5123
-18523
-5083
-18851
-5307
125
-5395
-51
-5411
-363
-5339
-491
-5403
-867
-5355
-1099
-5387
-1327
-5315
-1551
-5403
-1827
-5427
-1963
-5419
-2203
-5387
-2507
-5347
-2695
-5395
-2951
-5403
-3179
-5435
-3459
-5347
-3659
-5403
-3931
-5379
-4135
-5379
-4407
-5379
-4675
-5387
-4831
-5435
-5171
-5323
-5339
-5435
-5555
-5411
-5915
-5323
-6115
-5315
-6251
-5387
-6491
-5339
-6783
-5371
-7051
-5411
-7259
-5387
-7519
-5427
-7763
-5347
-7999
-5403
-8307
-5395
-8399
-5403
-8723
-5411
-8987
-5379
-9211
-5435
-9411
-5347
-9635
-5307
-9995
-5355
-10123
-5323
-10403
-5307
-10699
-5379
-10947
-5331
-11195
-5363
-11435
-5427
-11659
-5395
-11843
-5387
-12139
-5403
-12267
-5307
-12555
-5323
-12875
-5427
-13035
-5435
-13315
-5379
-13563
-5379
-13771
-5307
-14043
-5427
-14211
-5339
-14507
-5387
-14795
-5315
-15027
-5331
-15219
-5387
-15419
-5363
-15643
-5411
-15947
-5403
-16107
-5419
-16427
-5363
-16675
-5307
-16947
-5395
-17075
-5403
-17411
-5307
-17587
-5419
-17899
-5363
-18107
-5387
-18355
-5379
-18571
-5435
-18819
-5675
101
-5667
-83
-5635
-299
-5643
-587
-5659
-827
-5627
-1059
-5603
-1339
-5555
-1587
-5619
-1787
-5563
-1971
-5547
-2267
-5579
-2555
-5635
-2683
-5555
-3003
-5587
-3147
-5619
-3515
-5619
-3715
-5675
-3867
-5619
-4179
-5603
-4467
-5659
-4643
-5643
-4899
-5603
-5171
-5571
-5307
-5595
-5579
-5675
-5827
-5571
-6083
-5667
-6387
-5571
-6579
-5571
-6819
-5659
-7083
-5587
-7243
-5643
-7523
-5595
-7779
-5579
-8075
-5603
-8203
-5675
-8491
-5619
-8675
-5627
-8947
-5563
-9275
-5643
-9435
-5635
-9723
-5667
-9955
-5547
-10187
-5627
-10459
-5675
-10643
-5659
-10867
-5651
-11139
-5651
-11315
-5643
-11675
-5651
-11851
-5627
-12091
-5587
-12275
-5675
-12587
-5675
-12803
-5571
-13027
-5643
-13283
-5611
-13467
-5643
-13723
-5571
-14035
-5675
-14195
-5635
-14427
-5619
-14731
-5619
-15027
-5659
-15203
-5611
-15475
-5611
-15707
-5563
-15923
-5659
-16131
-5659
-16403
-5651
-16715
-5659
-16899
-5635
-17139
-5595
-17307
-5659
-17611
-5587
-17907
-5643
-18035
-5587
-18315
-5675
-18579
-5603
-18811
-5915
93
-5803
-131
-5811
-379
-5915
-611
-5787
-851
-5851
-1091
-5859
-1355
-5795
-1539
-5875
-1827
-5899
-2067
-5843
-2267
-5851
-2483
-5875
-2771
-5875
-3019
-5891
-3219
-5907
-3483
-5803
-3747
-5915
-3915
-5891
-4131
-5875
-4459
-5907
-4611
-5907
-4835
-5875
-5067
-5915
-5363
-5891
-5619
-5835
-5819
-5851
-6067
-5843
-6363
-5875
-6531
-5907
-6787
-5851
-7075
-5835
-7347
-5827
-7523
-5915
-7755
-5891
-8027
-5907
-8211
-5835
-8491
-5843
-8691
-5819
-8955
-5859
-9259
-5867
-9451
-5803
-9739
-5915
-9963
-5827
-10179
-5819
-10379
-5915
-10659
-5915
-10835
-5835
-11115
-5899
-11371
-5787
-11579
-5851
-11803
-5803
-12099
-5883
-12347
-5891
-12523
-5915
-12795
-5835
-13035
-5851
-13291
-5891
-13507
-5835
-13731
-5891
-13995
-5859
-14283
-5859
-14555
-5851
-14795
-5859
-14915
-5891
-15203
-5891
-15403
-5867
-15627
-5867
-15963
-5803
-16123
-5835
-16459
-5907
-16587
-5867
-16947
-5859
-17131
-5843
-17427
-5811
-17627
-5811
-17875
-5827
-18035
-5851
-18387
-5915
-18595
-5803
-18867
-6035
133
-6027
-75
-6051
-339
-6131
-635
-6115
-875
-6115
-1003
-6147
-1275
-6155
-1499
-6059
-1731
-6147
-2011
-6067
-2251
-6147
-2443
-6139
-2771
-6115
-2995
-6131
-3259
-6099
-3427
-6051
-3667
-6035
-3955
-6035
-4107
-6147
-4427
-6027
-4619
-6067
-4859
-6067
-5115
-6139
-5331
-6131
-5611
-6083
-5795
-6051
-6131
-6123
-6363
-6091
-6579
-6107
-6867
-6115
-7027
-6083
-7355
-6083
-7523
-6083
-7819
-6139
-7987
-6043
-8299
-6075
-8531
-6067
-8771
-6123
-8939
-6091
-9227
-6107
-9491
-6155
-9731
-6131
-9867
-6059
-10235
-6051
-10475
-6139
-10587
-6155
-10955
-6139
-11179
-6099
-11411
-6147
-11587
-6051
-11851
-6131
-12115
-6155
-12387
-6035
-12507
-6123
-12851
-6115
-13027
-6115
-13267
-6123
-13555
-6067
-13739
-6123
-14051
-6075
-14195
-6099
-14483
-6147
-14699
-6139
-14907
-6067
-15251
-6059
-15427
-6035
-15635
-6099
-15907
-6107
-16147
-6115
-16459
-6091
-16675
-6067
-16851
-6131
-17187
-6027
-17371
-6139
-17635
-6115
-17907
-6107
-18139
-6107
-18323
-6083
-18595
-6155
-18875
-6347
93
-6371
-123
-6371
-323
-6379
-603
-6363
-835
-6331
-1091
-6323
-1243
-6371
-1475
-6347
-1779
-6275
-1947
-6323
-2211
-6395
-2531
-6315
-2779
-6355
-2915
-6371
-3251
-6283
-3443
-6387
-3747
-6371
-3971
-6355
-4179
-6379
-4355
-6283
-4627
-6315
-4835
-6387
-5171
-6395
-5331
-6299
-5675
-6307
-5803
-6323
-6083
-6363
-6331
-6323
-6555
-6395
-6795
-6371
-7043
-6387
-7235
-6323
-7491
-6371
-7723
-6283
-8019
-6395
-8211
-6395
-8459
-6371
-8787
-6371
-9019
-6339
-9275
-6331
-9403
-6299
-9659
-6395
-9875
-6323
-10123
-6347
-10443
-6395
-10635
-6331
-10843
-6347
-11067
-6363
-11371
-6323
-11563
-6315
-11819
-6347
-12147
-6371
-12267
-6315
-12563
-6363
-12795
-6283
-13059
-6371
-13251
-6323
-13563
-6395
-13835
-6395
-14011
-6323
-14275
-6291
-14427
-6339
-14715
-6339
-15035
-6339
-15259
-6363
-15483
-6283
-15707
-6395
-15891
-6283
-16211
-6307
-16387
-6275
-16611
-6299
-16883
-6331
-17099
-6363
-17347
-6363
-17651
-6387
-17907
-6315
-18059
-6379
-18387
-6387
-18635
-6275
-18819
-6611
85
-6619
-27
-6619
-363
-6539
-523
-6635
-803
-6563
-1019
-6619
-1227
-6523
-1555
-6587
-1731
-6547
-1971
-6611
-2195
-6603
-2531
-6539
-2763
-6563
-2915
-6571
-3203
-6515
-3387
-6523
-3667
-6611
-3947
-6515
-4195
-6627
-4451
-6563
-4611
-6635
-4939
-6555
-5171
-6515
-5347
-6627
-5667
-6595
-5827
-6555
-6123
-6547
-6331
-6571
-6579
-6627
-6819
-6611
-7107
-6579
-7299
-6595
-7491
-6619
-7827
-6579
-7963
-6603
-8283
-6563
-8531
-6587
-8731
-6579
-8979
-6539
-9187
-6619
-9475
-6603
-9651
-6555
-9923
-6555
-10163
-6515
-10451
-6555
-10595
-6547
-10955
-6571
-11195
-6587
-11427
-6563
-11579
-6619
-11787
-6531
-12027
-6579
-12371
-6539
-12539
-6595
-12819
-6571
-12987
-6611
-13323
-6515
-13571
-6555
-13707
-6635
-14075
-6611
-14267
-6635
-14523
-6507
-14707
-6563
-14939
-6571
-15267
-6539
-15411
-6571
-15699
-6587
-15915
-6619
-16115
-6611
-16395
-6531
-16675
-6611
-16947
-6603
-17115
-6635
-17387
-6523
-17595
-6523
-17859
-6515
-18067
-6603
-18347
-6531
-18555
-6563
-18819
-6827
125
-6867
-43
-6771
-331
-6859
-571
-6755
-811
-6803
-1091
-6827
-1347
-6875
-1587
-6763
-1827
-6867
-1995
-6803
-2211
-6835
-2475
-6859
-2795
-6851
-2947
-6795
-3187
-6851
-3403
-6795
-3667
-6859
-3923
-6763
-4195
-6835
-4411
-6811
-4707
-6859
-4859
-6835
-5139
-6755
-5387
-6771
-5651
-6851
-5843
-6779
-6091
-6819
-6387
-6859
-6563
-6875
-6851
-6875
-7115
-6851
-7227
-6803
-7475
-6779
-7763
-6811
-8067
-6787
-8235
-6811
-8467
-6867
-8763
-6811
-8963
-6819
-9163
-6803
-9507
-6875
-9715
-6867
-9923
-6859
-10123
-6859
-10395
-6843
-10651
-6843
-10859
-6763
-11147
-6859
-11355
-6875
-11571
-6787
-11803
-6803
-12083
-6851
-12267
-6875
-12603
-6851
-12763
-6835
-13003
-6875
-13235
-6779
-13475
-6851
-13779
-6827
-13995
-6827
-14251
-6875
-14523
-6755
-14715
-6819
-15027
-6795
-15235
-6795
-15467
-6819
-15707
-6763
-15891
-6859
-16203
-6771
-16475
-6875
-16659
-6795
-16931
-6819
-17067
-6787
-17363
-6867
-17667
-6811
-17883
-6867
-18043
-6867
-18291
-6875
-18539
-6811
-18811
-6987
125
-7027
-147
-7075
-267
-7051
-539
-7107
-763
-7107
-1107
-7099
-1299
-7091
-1571
-7043
-1707
-7075
-1987
-7027
-2315
-7035
-2515
-6995
-2763
-7091
-2979
-7043
-3227
-7075
-3507
-7107
-3651
-7075
-3947
-7075
-4187
-7059
-4363
-7059
-4715
-7075
-4947
-7043
-5163
-7075
-5435
-7083
-5659
-7115
-5859
-7107
-6075
-7019
-6347
-7083
-6603
-7067
-6795
-7035
-7059
-7059
-7307
-7115
-7531
-7027
-7803
-7043
-8059
-7019
-8219
-7067
-8555
-7043
-8747
-7107
-9011
-7115
-9195
-7083
-9419
-7059
-9651
-7059
-9923
-7011
-10187
-7067
-10379
-7059
-10707
-7099
-10907
-7075
-11187
-7091
-11355
-7043
-11603
-7083
-11827
-7083
-12083
-7115
-12267
-7091
-12563
-7003
-12795
-7107
-13003
-6987
-13347
-7027
-13467
-7075
-13811
-7115
-14059
-7027
-14267
-7075
-14443
-7115
-14747
-7099
-15011
-7107
-15163
-7099
-15467
-7099
-15683
-7075
-15979
-7099
-16139
-7075
-16403
-7043
-16595
-7083
-16835
-7091
-17147
-7059
-17419
-7091
-17603
-7075
-17843
-7107
-18067
-7027
-18315
-7075
-18627
-7083
-18827
-7235
133
-7347
-91
-7299
-371
-7307
-531
-7347
-835
-7307
-1011
-7331
-1227
-7339
-1467
-7323
-1827
-7299
-1947
-7331
-2275
-7347
-2507
-7283
-2747
-7323
-2915
-7355
-3243
-7331
-3451
-7291
-3651
-7355
-3923
-7251
-4219
-7323
-4371
-7283
-4627
-7267
-4915
-7315
-5131
-7307
-5347
-7275
-5643
-7299
-5907
-7299
-6027
-7283
-6379
-7235
-6547
-7339
-6787
-7331
-7059
-7347
-7339
-7355
-7499
-7307
-7827
-7307
-8011
-7355
-8283
-7275
-8555
-7291
-8731
-7339
-8947
-7315
-9179
-7267
-9411
-7283
-9739
-7315
-9995
-7339
-10155
-7347
-10403
-7299
-10611
-7331
-10931
-7291
-11155
-7355
-11435
-7347
-11667
-7299
-11875
-7283
-12115
-7323
-12331
-7307
-12627
-7323
-12811
-7323
-13019
-7323
-13259
-7291
-13467
-7291
-13707
-7307
-14035
-7235
-14243
-7235
-14523
-7355
-14755
-7339
-15027
-7227
-15235
-7227
-15443
-7355
-15755
-7299
-15987
-7291
-16155
-7307
-16379
-7243
-16715
-7291
-16931
-7299
-17147
-7251
-17387
-7283
-17563
-7235
-17907
-7315
-18083
-7275
-18387
-7259
-18587
-7227
-18843
-7555
125
-7563
-147
-7547
-387
-7595
-547
-7475
-827
-7507
-1091
-7579
-1243
-7483
-1475
-7539
-1707
-7491
-2051
-7483
-2259
-7555
-2507
-7587
-2675
-7523
-2931
-7595
-3275
-7523
-3507
-7595
-3691
-7595
-3923
-7555
-4195
-7523
-4371
-7539
-4715
-7571
-4907
-7523
-5131
-7507
-5331
-7475
-5675
-7563
-5795
-7523
-6147
-7595
-6275
-7499
-6579
-7563
-6859
-7563
-7011
-7515
-7235
-7475
-7523
-7571
-7715
-7531
-8027
-7523
-8291
-7555
-8515
-7555
-8763
-7555
-9035
-7579
-9179
-7475
-9395
-7515
-9691
-7539
-9883
-7491
-10227
-7571
-10435
-7587
-10675
-7587
-10875
-7563
-11131
-7531
-11323
-7475
-11611
-7555
-11827
-7539
-12155
-7579
-12331
-7523
-12531
-7563
-12819
-7587
-12987
-7499
-13299
-7587
-13555
-7531
-13715
-7587
-14019
-7499
-14267
-7555
-14443
-7539
-14707
-7563
-14931
-7587
-15219
-7547
-15483
-7507
-15755
-7499
-15995
-7595
-16203
-7595
-16419
-7491
-16619
-7587
-16891
-7579
-17107
-7539
-17379
-7539
-17563
-7571
-17875
-7579
-18075
-7491
-18363
-7515
-18571
-7563
-18859
-7795
101
-7723
-139
-7779
-307
-7747
-507
-7827
-843
-7707
-1043
-7795
-1243
-7811
-1547
-7755
-1723
-7771
-1963
-7827
-2251
-7803
-2515
-7819
-2787
-7739
-2963
-7811
-3155
-7819
-3387
-7787
-3667
-7795
-3923
-7811
-4155
-7747
-4371
-7795
-4595
-7779
-4955
-7731
-5147
-7779
-5307
-7755
-5667
-7739
-5851
-7811
-6027
-7755
-6323
-7747
-6515
-7723
-6843
-7747
-7059
-7811
-7275
-7707
-7491
-7731
-7787
-7715
-7987
-7795
-8291
-7803
-8459
-7811
-8675
-7787
-8931
-7803
-9147
-7787
-9515
-7795
-9683
-7803
-9971
-7763
-10179
-7803
-10435
-7747
-10651
-7827
-10851
-7763
-11107
-7795
-11323
-7779
-11587
-7835
-11843
-7787
-12091
-7835
-12307
-7795
-12587
-7803
-12835
-7739
-12995
-7827
-13227
-7827
-13547
-7739
-13803
-7779
-13971
-7803
-14227
-7803
-14443
-7755
-14763
-7803
-15011
-7811
-15195
-7771
-15507
-7803
-15667
-7819
-15931
-7715
-16227
-7819
-16459
-7755
-16643
-7835
-16883
-7747
-17067
-7795
-17403
-7723
-17667
-7819
-17835
-7747
-18043
-7795
-18291
-7755
-18571
-7755
-18851
-7971
85
-8051
-115
-7955
-379
-7995
-507
-7947
-747
-8059
-1051
-7987
-1315
-8019
-1507
-8067
-1811
-7971
-1955
-8059
-2187
-7995
-2547
-8067
-2707
-8027
-2979
-8051
-3163
-7971
-3395
-7971
-3747
-8035
-3923
-7979
-4235
-8035
-4347
-8019
-4643
-8019
-4891
-7947
-5131
-8035
-5371
-7979
-5659
-8043
-5907
-7963
-6155
-7963
-6355
-8019
-6515
-8051
-6851
-8043
-6995
-8019
-7307
-7955
-7531
-7955
-7811
-7987
-7947
-7971
-8251
-8051
-8547
-8075
-8707
-8035
-8907
-8051
-9227
-8051
-9395
-8011
-9699
-8075
-9891
-8035
-10115
-8067
-10411
-7995
-10651
-7963
-10851
-8075
-11131
-8067
-11427
-7947
-11627
-8011
-11811
-8067
-12139
-7987
-12387
-8075
-12619
-8059
-12771
-8067
-13011
-7995
-13331
-7971
-13547
-8075
-13771
-7955
-13987
-8043
-14211
-7955
-14515
-8067
-14707
-8035
-14963
-8051
-15243
-8067
-15387
-8043
-15715
-8003
-15963
-8003
-16195
-7947
-16443
-8059
-16707
-7987
-16827
-8019
-17139
-7979
-17427
-8059
-17595
-8067
-17915
-7947
-18131
-8059
-18307
-8003
-18515
-8019
-18851
-8315
149
-8235
-99
-8315
-267
-8307
-611
-8315
-803
-8267
-1027
-8315
-1291
-8267
-1483
-8307
-1803
-8187
-2051
-8315
-2299
-8211
-2539
-8275
-2787
-8259
-3019
-8291
-3235
-8227
-3475
-8299
-3691
-8291
-3987
-8307
-4187
-8307
-4411
-8315
-4683
-8315
-4859
-8299
-5195
-8227
-5419
-8315
-5619
-8259
-5867
-8187
-6027
-8275
-6307
-8267
-6531
-8275
-6771
-8283
-7043
-8219
-7227
-8299
-7515
-8283
-7787
-8275
-7979
-8267
-8315
-8211
-8483
-8283
-8739
-8227
-8963
-8291
-9195
-8187
-9483
-8291
-9667
-8235
-9995
-8251
-10123
-8251
-10347
-8195
-10667
-8259
-10867
-8291
-11139
-8291
-11323
-8235
-11587
-8283
-11907
-8315
-12107
-8299
-12315
-8283
-12555
-8299
-12867
-8275
-13059
-8235
-13275
-8275
-13571
-8251
-13811
-8243
-13987
-8315
-14267
-8219
-14523
-8227
-14787
-8251
-14915
-8307
-15267
-8203
-15483
-8291
-15627
-8291
-15923
-8235
-16203
-8283
-16451
-8267
-16707
-8275
-16923
-8307
-17099
-8299
-17379
-8275
-17571
-8195
-17835
-8283
-18051
-8275
-18395
-8259
-18635
-8267
-18835
-8483
117
-8443
-67
-8507
-291
-8451
-579
-8523
-819
-8547
-1083
-8515
-1307
-8459
-1515
-8555
-1747
-8555
-1979
-8443
-2299
-8539
-2459
-8451
-2763
-8539
-3003
-8539
-3219
-8499
-3451
-8539
-3731
-8523
-3899
-8515
-4123
-8427
-4443
-8467
-4659
-8491
-4883
-8459
-5091
-8475
-5331
-8475
-5627
-8451
-5907
-8555
-6131
-8547
-6275
-8531
-6555
-8475
-6763
-8499
-6995
-8515
-7259
-8531
-7595
-8483
-7771
-8491
-7963
-8531
-8267
-8531
-8507
-8555
-8739
-8475
-8947
-8547
-9195
-8491
-9403
-8459
-9707
-8531
-9915
-8555
-10187
-8483
-10379
-8555
-10643
-8531
-10875
-8515
-11075
-8515
-11395
-8531
-11603
-8507
-11843
-8539
-12155
-8555
-12339
-8443
-12603
-8443
-12851
-8555
-12987
-8435
-13307
-8555
-13579
-8555
-13811
-8547
-13963
-8451
-14291
-8539
-14467
-8443
-14747
-8475
-15019
-8515
-15187
-8555
-15403
-8435
-15643
-8499
-15939
-8451
-16179
-8491
-16467
-8427
-16611
-8555
-16883
-8555
-17107
-8467
-17371
-8475
-17659
-8475
-17891
-8523
-18027
-8507
-18331
-8427
-18595
-8547
-18827
-8771
109
-8691
-75
-8731
-379
-8763
-539
-8675
-859
-8715
-995
-8683
-1275
-8739
-1491
-8755
-1771
-8779
-2003
-8739
-2291
-8763
-2539
-8787
-2763
-8787
-2939
-8787
-3243
-8707
-3483
-8795
-3715
-8723
-3883
-8787
-4115
-8795
-4443
-8755
-4611
-8795
-4851
-8731
-5155
-8779
-5363
-8779
-5603
-8795
-5851
-8731
-6059
-8787
-6339
-8731
-6547
-8795
-6747
-8707
-7027
-8691
-7243
-8771
-7539
-8715
-7763
-8707
-7987
-8683
-8227
-8699
-8491
-8771
-8683
-8675
-8971
-8675
-9171
-8731
-9419
-8763
-9715
-8779
-9995
-8779
-10115
-8787
-10379
-8707
-10699
-8755
-10915
-8675
-11163
-8731
-11339
-8683
-11667
-8667
-11915
-8723
-12083
-8699
-12387
-8779
-12571
-8715
-12795
-8771
-13011
-8691
-13355
-8707
-13579
-8731
-13707
-8779
-13995
-8675
-14211
-8755
-14555
-8723
-14763
-8699
-14955
-8771
-15211
-8675
-15483
-8755
-15707
-8715
-15947
-8691
-16195
-8731
-16459
-8779
-16611
-8771
-16867
-8739
-17139
-8731
-17323
-8747
-17547
-8675
-17891
-8747
-18059
-8739
-18315
-8747
-18515
-8667
-18811
-9019
125
-8987
-67
-8907
-395
-8971
-619
-8979
-763
-8947
-987
-8939
-1235
-8987
-1579
-9027
-1795
-8955
-1955
-8939
-2307
-8947
-2427
-8995
-2667
-8963
-3027
-9027
-3187
-8963
-3483
-8931
-3651
-9003
-3971
-8995
-4227
-9019
-4475
-8955
-4595
-8931
-4891
-8979
-5187
-9035
-5379
-8955
-5627
-9019
-5883
-8939
-6123
-9019
-6331
-8987
-6635
-8915
-6771
-9027
-7035
-9027
-7243
-8963
-7595
-8979
-7803
-8955
-8043
-8915
-8187
-9035
-8427
-8995
-8675
-8955
-8923
-9035
-9187
-9035
-9515
-8923
-9659
-9019
-9987
-8907
-10179
-8979
-10387
-9027
-10643
-8955
-10859
-9011
-11195
-8939
-11435
-8907
-11603
-8947
-11827
-8955
-12083
-8907
-12299
-8939
-12595
-8971
-12795
-9019
-13043
-8963
-13235
-9035
-13523
-8907
-13731
-9011
-14067
-9003
-14259
-8907
-14467
-9003
-14715
-9019
-14979
-8995
-15235
-8923
-15411
-9019
-15739
-8915
-15883
-8987
-16163
-8939
-16427
-8955
-16667
-9011
-16923
-8987
-17083
-8987
-17427
-9035
-17611
-8915
-17907
-8931
-18147
-8915
-18371
-9027
-18539
-8955
-18835
-9179
109
-9267
-147
-9259
-379
-9275
-627
-9203
-771
-9203
-1091
-9251
-1299
-9147
-1531
-9163
-1811
-9267
-2051
-9179
-2299
-9219
-2507
-9275
-2667
-9171
-3019
-9179
-3259
-9235
-3443
-9259
-3667
-9147
-3979
-9211
-4203
-9203
-4371
-9163
-4715
-9267
-4939
-9251
-5139
-9243
-5435
-9275
-5595
-9227
-5907
-9251
-6091
-9203
-6355
-9227
-6603
-9187
-6755
-9187
-7091
-9171
-7291
-9179
-7563
-9259
-7723
-9155
-7947
-9187
-8243
-9227
-8499
-9259
-8763
-9275
-8979
-9251
-9155
-9227
-9435
-9243
-9755
-9163
-9963
-9259
-10115
-9267
-10371
-9219
-10707
-9267
-10955
-9267
-11131
-9219
-11307
-9219
-11595
-9195
-11883
-9275
-12091
-9155
-12363
-9243
-12547
-9187
-12787
-9267
-13059
-9275
-13227
-9259
-13531
-9163
-13819
-9171
-13995
-9275
-14315
-9227
-14547
-9155
-14667
-9259
-14947
-9179
-15171
-9251
-15467
-9179
-15635
-9179
-15875
-9211
-16155
-9219
-16395
-9203
-16659
-9275
-16867
-9195
-17179
-9251
-17387
-9219
-17627
-9243
-17811
-9235
-18035
-9251
-18387
-9187
-18595
-9187
-18819
-9491
149
-9507
-83
-9499
-339
-9403
-587
-9419
-811
-9395
-1027
-9491
-1331
-9515
-1491
-9419
-1811
-9499
-2051
-9451
-2211
-9507
-2443
-9475
-2787
-9459
-3003
-9475
-3227
-9403
-3443
-9499
-3755
-9499
-3931
-9491
-4227
-9387
-4403
-9483
-4611
-9515
-4883
-9467
-5139
-9467
-5435
-9483
-5547
-9403
-5843
-9499
-6059
-9451
-6307
-9515
-6627
-9499
-6763
-9507
-7083
-9403
-7315
-9475
-7571
-9507
-7731
-9411
-7963
-9515
-8291
-9443
-8435
-9499
-8723
-9491
-8995
-9475
-9251
-9443
-9435
-9475
-9627
-9507
-9907
-9475
-10211
-9443
-10443
-9483
-10635
-9475
-10859
-9483
-11131
-9475
-11419
-9483
-11611
-9459
-11851
-9499
-12035
-9435
-12267
-9435
-12555
-9515
-12803
-9467
-13027
-9507
-13251
-9459
-13563
-9467
-13835
-9515
-13955
-9459
-14227
-9443
-14507
-9467
-14667
-9395
-15027
-9427
-15163
-9443
-15419
-9483
-15683
-9443
-15899
-9459
-16147
-9419
-16395
-9475
-16587
-9435
-16923
-9507
-17179
-9467
-17323
-9491
-17651
-9499
-17883
-9515
-18067
-9507
-18379
-9443
-18555
-9403
-18875
-9755
101
-9739
-155
-9691
-395
-9699
-523
-9739
-859
-9731
-1027
-9699
-1243
-9643
-1547
-9715
-1787
-9707
-1971
-9691
-2267
-9715
-2555
-9627
-2755
-9739
-3003
-9731
-3251
-9707
-3403
-9747
-3651
-9699
-3995
-9627
-4139
-9747
-4387
-9723
-4643
-9715
-4867
-9747
-5139
-9731
-5307
-9715
-5571
-9707
-5899
-9723
-6059
-9731
-6387
-9691
-6515
-9739
-6867
-9627
-7003
-9747
-7283
-9739
-7555
-9747
-7731
-9667
-8019
-9635
-8203
-9627
-8427
-9715
-8699
-9667
-8963
-9715
-9243
-9731
-9403
-9739
-9643
-9747
-9963
-9715
-10187
-9691
-10419
-9643
-10683
-9731
-10851
-9715
-11123
-9747
-11339
-9755
-11635
-9715
-11795
-9627
-12099
-9739
-12339
-9755
-12547
-9739
-12875
-9667
-13075
-9747
-13347
-9707
-13563
-9747
-13787
-9675
-14027
-9691
-14243
-9651
-14547
-9643
-14699
-9699
-14979
-9691
-15227
-9731
-15419
-9635
-15659
-9731
-15899
-9635
-16179
-9699
-16443
-9691
-16667
-9675
-16915
-9683
-17163
-9747
-17419
-9747
-17659
-9659
-17859
-9707
-18107
-9747
-18315
-9683
-18507
-9667
-18827
-9867
93
-9931
-131
-9971
-395
-9899
-531
-9891
-827
-9955
-1003
-9867
-1307
-9979
-1523
-9971
-1787
-9987
-2075
-9971
-2307
-9979
-2523
-9995
-2787
-9947
-3019
-9955
-3259
-9947
-3459
-9947
-3699
-9987
-3963
-9947
-4187
-9979
-4411
-9891
-4675
-9915
-4827
-9971
-5083
-9971
-5379
-9979
-5587
-9915
-5875
-9891
-6155
-9955
-6347
-9979
-6515
-9923
-6851
-9987
-7035
-9971
-7355
-9867
-7483
-9971
-7723
-9947
-7979
-9971
-8251
-9987
-8451
-9899
-8763
-9923
-8979
-9907
-9259
-9875
-9483
-9971
-9707
-9883
-9955
-9987
-10195
-9883
-10347
-9939
-10675
-9995
-10955
-9931
-11107
-9971
-11307
-9979
-11643
-9995
-11883
-9891
-12123
-9867
-12323
-9955
-12515
-9923
-12843
-9963
-13011
-9891
-13235
-9987
-13571
-9971
-13755
-9979
-14059
-9955
-14299
-9915
-14467
-9955
-14723
-9939
-14971
-9963
-15219
-9947
-15483
-9931
-15635
-9915
-15987
-9979
-16163
-9995
-16347
-9899
-16699
-9979
-16875
-9939
-17099
-9971
-17323
-9971
-17611
-9979
-17907
-9947
-18083
-9947
-18307
-9987
-18507
-9963
-18819
-10147
117
-10171
-123
-10131
-299
-10211
-587
-10107
-747
-10155
-1003
-10171
-1227
-10227
-1475
-10107
-1763
-10115
-2051
-10227
-2315
-10219
-2523
-10171
-2763
-10235
-2907
-10195
-3251
-10147
-3387
-10219
-3659
-10195
-3947
-10203
-4155
-10227
-4387
-10163
-4667
-10139
-4907
-10131
-5107
-10155
-5427
-10179
-5651
-10115
-5859
-10227
-6115
-10147
-6371
-10211
-6571
-10187
-6859
-10219
-7043
-10235
-7275
-10107
-7555
-10123
-7763
-10147
-7955
-10195
-8291
-10203
-8539
-10139
-8691
-10203
-8915
-10155
-9187
-10211
-9411
-10211
-9659
-10187
-9923
-10219
-10187
-10123
-10435
-10123
-10603
-10235
-10947
-10187
-11187
-10219
-11379
-10235
-11547
-10131
-11883
-10211
-12035
-10219
-12267
-10227
-12507
-10131
-12755
-10123
-13107
-10171
-13347
-10195
-13595
-10227
-13731
-10211
-14059
-10203
-14187
-10195
-14443
-10235
-14731
-10219
-15019
-10107
-15195
-10211
-15467
-10227
-15659
-10195
-15899
-10211
-16123
-10123
-16467
-10227
-16627
-10115
-16923
-10235
-17099
-10211
-17427
-10155
-17643
-10235
-17859
-10123
-18107
-10147
-18355
-10139
-18611
-10115
-18859
-10443
101
-10427
-147
-10459
-299
-10411
-555
-10435
-795
-10411
-1043
-10475
-1323
-10435
-1571
-10443
-1795
-10427
-1995
-10451
-2227
-10451
-2531
-10451
-2779
-10435
-2979
-10435
-3251
-10467
-3411
-10475
-3691
-10475
-3883
-10475
-4131
-10451
-4395
-10475
-4707
-10419
-4915
-10475
-5107
-10475
-5435
-10427
-5547
-10411
-5835
-10459
-6147
-10435
-6283
-10411
-6563
-10451
-6755
-10435
-7011
-10459
-7283
-10475
-7587
-10475
-7795
-10451
-8075
-10411
-8187
-10411
-8507
-10443
-8675
-10475
-8979
-10435
-9259
-10443
-9419
-10475
-9739
-10443
-9939
-10475
-10107
-10451
-10443
-10451
-10699
-10451
-10859
-10451
-11099
-10443
-11379
-10419
-11603
-10419
-11811
-10451
-12099
-10459
-12323
-10475
-12507
-10419
-12803
-10427
-13075
-10475
-13347
-10467
-13555
-10451
-13803
-10435
-14059
-10419
-14219
-10451
-14531
-10443
-14779
-10475
-14907
-10459
-15171
-10467
-15451
-10475
-15715
-10475
-15995
-10451
-16235
-10475
-16411
-10411
-16651
-10475
-16835
-10467
-17187
-10459
-17307
-10475
-17587
-10427
-17851
-10411
-18107
-10427
-18331
-10443
-18531
-10459
-18827
