125
691
433
-11
246
-282
461
-555
175
-805
576
-1033
430
-1311
552
-1469
276
-1777
234
-1941
175
-2195
247
-2531
123
-2771
183
-2871
167
-3253
177
-3459
215
-3699
151
-3911
289
-4135
193
-4449
145
-4665
117
-4819
141
-5075
117
-5415
141
-5583
93
-5771
93
-6043
133
-6263
85
-6515
109
-6755
109
-7083
149
-7315
101
-7579
125
-7715
117
-7947
93
-8191
109
-8527
141
-8663
149
-8991
101
-9243
85
-9507
133
-9635
93
-9955
101
-10219
141
-10403
141
-10691
101
-10931
141
-11147
133
-11315
109
-11627
149
-11907
125
-12155
101
-12331
101
-12547
117
-12843
133
-13083
101
-13331
93
-13547
133
-13739
125
-14035
125
-14307
141
-14451
101
-14795
85
-14907
133
-15251
149
-15499
101
-15755
85
-15955
85
-16179
149
-16403
85
-16651
133
-16923
101
-17075
85
-17435
109
-17619
93
-17851
101
-18115
101
-18395
149
-18587
149
-18859
-79
838
-99
-19
-145
-319
-14
-490
-108
-726
-113
-1100
-142
-1270
-133
-1443
-63
-1765
-63
-1991
-45
-2167
-119
-2481
-45
-2647
-115
-2935
-85
-3233
-69
-3483
-77
-3647
-79
-3971
-63
-4215
-39
-4363
-83
-4619
-139
-4831
-131
-5059
-71
-5391
-83
-5535
-19
-5883
-119
-6103
-155
-6347
-99
-6483
-43
-6831
-23
-6967
-19
-7275
-127
-7547
-67
-7731
-43
-8007
-95
-8175
-59
-8451
-59
-8675
-75
-9011
-43
-9195
-63
-9407
-51
-9627
-139
-9947
-59
-10147
-155
-10411
-155
-10651
-51
-10907
-115
-11083
-139
-11307
-155
-11643
-115
-11891
-155
-12115
-35
-12395
-59
-12571
-131
-12859
-99
-13035
-35
-13347
-147
-13539
-131
-13731
-35
-14019
-131
-14211
-139
-14443
-27
-14763
-51
-15027
-99
-15147
-83
-15443
-115
-15627
-107
-15955
-43
-16107
-123
-16475
-59
-16627
-99
-16923
-147
-17187
-107
-17379
-115
-17579
-131
-17787
-67
-18075
-75
-18267
-99
-18555
-51
-18827
-367
501
-321
-82
-357
-263
-287
-509
-355
-839
-303
-1010
-306
-1271
-389
-1506
-301
-1739
-368
-1961
-366
-2176
-383
-2509
-271
-2747
-275
-2979
-377
-3177
-311
-3415
-325
-3635
-335
-3881
-265
-4133
-295
-4471
-267
-4629
-307
-4939
-335
-5071
-371
-5347
-339
-5543
-315
-5907
-307
-6087
-367
-6335
-287
-6499
-283
-6791
-343
-7015
-339
-7219
-259
-7535
-367
-7735
-383
-8055
-243
-8219
-343
-8523
-291
-8775
-355
-8979
-283
-9219
-331
-9403
-347
-9715
-283
-9987
-315
-10179
-371
-10387
-323
-10683
-387
-10843
-291
-11067
-323
-11347
-371
-11643
-355
-11827
-347
-12075
-387
-12387
-291
-12595
-355
-12835
-339
-13115
-267
-13235
-307
-13571
-347
-13723
-387
-13987
-339
-14283
-371
-14523
-355
-14667
-387
-14907
-363
-15179
-331
-15451
-283
-15667
-347
-15939
-323
-16155
-387
-16395
-307
-16691
-371
-16947
-395
-17139
-339
-17315
-387
-17579
-331
-17891
-315
-18067
-371
-18323
-387
-18595
-355
-18875
-602
2119
-569
-111
-507
-319
-605
-607
-533
-750
-623
-1021
-559
-1310
-597
-1483
-561
-1793
-619
-2050
-588
-2243
-551
-2445
-523
-2747
-499
-2939
-549
-3179
-577
-3449
-563
-3693
-573
-3923
-599
-4235
-515
-4415
-595
-4669
-563
-4807
-599
-5139
-535
-5391
-607
-5591
-535
-5883
-587
-6043
-535
-6315
-487
-6515
-583
-6787
-583
-7003
-603
-7315
-531
-7563
-507
-7767
-591
-7959
-567
-8299
-611
-8539
-579
-8715
-587
-9011
-527
-9211
-603
-9507
-547
-9731
-587
-9963
-611
-10147
-515
-10387
-515
-10643
-595
-10939
-627
-11163
-539
-11419
-619
-11667
-579
-11859
-539
-12067
-595
-12283
-579
-12595
-627
-12811
-595
-13091
-555
-13283
-627
-13579
-547
-13715
-563
-13971
-579
-14235
-531
-14467
-627
-14683
-563
-14923
-531
-15243
-571
-15443
-547
-15691
-627
-15931
-635
-16211
-611
-16475
-563
-16707
-555
-16891
-555
-17155
-595
-17427
-635
-17563
-611
-17843
-603
-18035
-571
-18363
-635
-18595
-563
-18867
-853
2071
-803
-130
-785
-363
-799
-493
-785
-869
-787
-1023
-831
-1337
-841
-1483
-828
-1771
-805
-1949
-859
-2171
-843
-2519
-865
-2661
-807
-3021
-827
-3217
-785
-3415
-843
-3727
-767
-3867
-797
-4075
-827
-4393
-815
-4605
-763
-4927
-843
-5103
-791
-5295
-747
-5627
-843
-5867
-851
-6143
-871
-6363
-739
-6603
-803
-6799
-763
-7011
-799
-7311
-783
-7547
-807
-7723
-835
-7967
-823
-8299
-811
-8547
-763
-8755
-775
-9003
-859
-9251
-855
-9399
-803
-9627
-859
-9939
-835
-10227
-819
-10427
-771
-10667
-827
-10883
-819
-11139
-795
-11419
-755
-11555
-787
-11867
-867
-12067
-851
-12395
-859
-12603
-875
-12851
-851
-13067
-755
-13339
-819
-13547
-795
-13755
-795
-14003
-875
-14235
-819
-14499
-851
-14763
-819
-14995
-811
-15275
-755
-15427
-867
-15683
-827
-15939
-867
-16171
-843
-16459
-867
-16611
-827
-16843
-859
-17195
-779
-17411
-811
-17579
-771
-17787
-867
-18027
-859
-18387
-859
-18627
-795
-18859
-1059
1171
-1066
-23
-1067
-267
-1015
-567
-1055
-847
-1066
-1006
-1039
-1247
-974
-1477
-1024
-1781
-1010
-2019
-1057
-2283
-1081
-2471
-1023
-2663
-1089
-2973
-1089
-3165
-961
-3435
-1063
-3691
-1067
-3907
-1047
-4123
-1057
-4333
-1057
-4683
-1023
-4823
-1015
-5071
-1027
-5407
-983
-5547
-983
-5871
-1063
-6131
-1075
-6355
-1063
-6559
-1091
-6755
-1055
-7047
-1115
-7263
-995
-7571
-1115
-7779
-1019
-8035
-1027
-8271
-1071
-8515
-1091
-8707
-1103
-8991
-1063
-9171
-967
-9507
-995
-9675
-1091
-9899
-1011
-10211
-1035
-10443
-1035
-10635
-1035
-10875
-1019
-11187
-1107
-11435
-1011
-11651
-1075
-11827
-1099
-12091
-1043
-12275
-1099
-12627
-995
-12803
-1059
-13003
-1115
-13243
-1067
-13499
-1003
-13763
-1027
-14003
-1091
-14315
-1043
-14491
-1075
-14787
-1019
-15035
-1091
-15227
-1083
-15403
-1107
-15723
-1043
-15971
-995
-16227
-1083
-16435
-1083
-16635
-1059
-16907
-1091
-17099
-1051
-17323
-1091
-17651
-1115
-17851
-1059
-18147
-1075
-18267
-1027
-18507
-1099
-18859
-1331
2040
-1321
-97
-1290
-354
-1323
-543
-1327
-745
-1258
-1036
-1327
-1307
-1321
-1541
-1347
-1829
-1262
-2045
-1299
-2171
-1297
-2471
-1351
-2759
-1221
-2951
-1255
-3195
-1331
-3353
-1285
-3637
-1337
-3965
-1245
-4081
-1207
-4411
-1289
-4657
-1291
-4819
-1339
-5075
-1279
-5399
-1211
-5667
-1339
-5851
-1323
-6043
-1315
-6263
-1267
-6511
-1323
-6807
-1275
-7103
-1299
-7291
-1339
-7475
-1343
-7807
-1339
-7991
-1315
-8231
-1307
-8511
-1259
-8711
-1339
-8999
-1299
-9247
-1303
-9491
-1259
-9739
-1315
-9899
-1331
-10139
-1275
-10363
-1275
-10683
-1355
-10899
-1283
-11115
-1347
-11339
-1347
-11547
-1331
-11803
-1339
-12155
-1315
-12283
-1251
-12619
-1259
-12859
-1339
-13003
-1347
-13275
-1315
-13587
-1355
-13827
-1227
-14067
-1283
-14243
-1299
-14547
-1299
-14707
-1283
-14979
-1243
-15267
-1315
-15435
-1315
-15659
-1283
-15939
-1331
-16139
-1267
-16387
-1307
-16699
-1267
-16827
-1355
-17075
-1259
-17371
-1331
-17619
-1339
-17891
-1291
-18035
-1259
-18347
-1243
-18627
-1259
-18843
-1579
1103
-1469
-79
-1535
-267
-1531
-579
-1487
-731
-1505
-1083
-1541
-1243
-1473
-1533
-1561
-1817
-1501
-1977
-1495
-2159
-1535
-2427
-1565
-2743
-1465
-2883
-1509
-3213
-1555
-3435
-1509
-3719
-1533
-3941
-1541
-4211
-1527
-4365
-1491
-4667
-1531
-4951
-1503
-5127
-1543
-5375
-1555
-5535
-1535
-5891
-1479
-6023
-1475
-6327
-1547
-6547
-1511
-6759
-1479
-7099
-1575
-7343
-1539
-7483
-1547
-7747
-1591
-7979
-1487
-8187
-1471
-8463
-1511
-8727
-1519
-8903
-1535
-9267
-1455
-9387
-1571
-9731
-1571
-9891
-1579
-10155
-1499
-10355
-1555
-10659
-1555
-10843
-1587
-11091
-1595
-11307
-1587
-11595
-1475
-11867
-1515
-12131
-1547
-12283
-1579
-12507
-1475
-12843
-1587
-13115
-1571
-13331
-1587
-13507
-1499
-13779
-1515
-14003
-1595
-14299
-1515
-14547
-1579
-14763
-1547
-14907
-1539
-15259
-1523
-15483
-1539
-15667
-1555
-15883
-1515
-16211
-1595
-16355
-1571
-16603
-1515
-16875
-1547
-17107
-1563
-17419
-1515
-17675
-1563
-17883
-1523
-18059
-1547
-18379
-1595
-18603
-1571
-18867
-1795
1169
-1807
-75
-1731
-331
-1809
-489
-1735
-805
-1733
-1033
-1769
-1331
-1801
-1563
-1759
-1821
-1771
-1951
-1705
-2167
-1783
-2411
-1721
-2683
-1687
-2995
-1765
-3133
-1797
-3467
-1805
-3677
-1777
-3907
-1813
-4147
-1783
-4359
-1771
-4645
-1775
-4811
-1675
-5155
-1743
-5387
-1803
-5559
-1775
-5811
-1807
-6115
-1795
-6375
-1771
-6619
-1699
-6743
-1815
-7067
-1751
-7351
-1795
-7507
-1807
-7763
-1735
-8027
-1807
-8231
-1791
-8467
-1803
-8715
-1763
-8999
-1747
-9219
-1799
-9499
-1795
-9651
-1763
-9875
-1827
-10155
-1787
-10467
-1827
-10627
-1723
-10931
-1819
-11163
-1819
-11435
-1827
-11579
-1731
-11827
-1811
-12131
-1827
-12395
-1827
-12619
-1763
-12763
-1795
-13035
-1747
-13355
-1715
-13563
-1731
-13739
-1731
-14035
-1835
-14267
-1739
-14443
-1811
-14787
-1827
-15019
-1827
-15227
-1747
-15427
-1811
-15627
-1803
-15995
-1803
-16107
-1795
-16459
-1811
-16659
-1811
-16907
-1803
-17123
-1803
-17371
-1803
-17563
-1827
-17915
-1795
-18123
-1731
-18283
-1803
-18627
-1811
-18867
-2075
1607
-1987
-33
-1929
-315
-1975
-495
-2067
-789
-2045
-981
-1919
-1303
-2047
-1565
-2009
-1747
-2015
-1967
-1945
-2241
-1955
-2547
-2061
-2663
-2045
-2985
-2029
-3181
-1961
-3417
-1987
-3683
-2037
-3955
-2003
-4139
-1963
-4339
-2031
-4635
-1935
-4831
-2059
-5131
-2047
-5399
-1935
-5579
-2051
-5787
-1999
-6095
-1971
-6271
-1923
-6587
-1979
-6771
-1975
-6987
-2019
-7263
-2031
-7523
-1975
-7819
-2019
-7951
-1951
-8235
-2039
-8543
-2007
-8719
-1963
-8891
-2059
-9195
-2015
-9507
-2051
-9643
-2075
-9979
-2043
-10147
-1995
-10371
-1995
-10707
-1955
-10939
-2067
-11075
-2043
-11347
-2027
-11627
-1979
-11795
-2003
-12115
-2059
-12307
-2051
-12531
-1979
-12771
-2075
-13075
-2003
-13267
-1955
-13555
-1995
-13803
-2075
-14019
-2067
-14315
-2075
-14467
-1995
-14675
-1987
-15027
-1987
-15235
-1971
-15459
-2019
-15675
-2035
-15947
-1971
-16163
-2035
-16371
-2027
-16715
-1963
-16915
-2003
-17123
-2067
-17403
-1947
-17651
-2011
-17915
-2043
-18083
-2035
-18315
-2067
-18587
-2051
-18851
-2275
1187
-2255
-83
-2281
-319
-2263
-589
-2213
-757
-2207
-1081
-2253
-1241
-2287
-1549
-2303
-1755
-2285
-2011
-2197
-2251
-2275
-2539
-2269
-2767
-2223
-2891
-2289
-3145
-2259
-3489
-2161
-3667
-2231
-3855
-2205
-4171
-2213
-4383
-2181
-4645
-2263
-4931
-2259
-5075
-2291
-5411
-2295
-5603
-2171
-5915
-2163
-6091
-2231
-6331
-2215
-6579
-2175
-6835
-2259
-6995
-2247
-7231
-2283
-7523
-2275
-7771
-2291
-7999
-2251
-8211
-2315
-8455
-2291
-8771
-2275
-8899
-2283
-9219
-2307
-9507
-2219
-9731
-2315
-9867
-2259
-10171
-2203
-10435
-2227
-10587
-2291
-10835
-2267
-11091
-2235
-11331
-2299
-11651
-2203
-11859
-2227
-12075
-2219
-12371
-2211
-12603
-2251
-12859
-2275
-13067
-2203
-13307
-2235
-13587
-2219
-13819
-2195
-13963
-2259
-14283
-2195
-14515
-2315
-14675
-2315
-15035
-2299
-15203
-2251
-15451
-2315
-15675
-2267
-15995
-2275
-16235
-2267
-16427
-2307
-16675
-2235
-16931
-2227
-17115
-2243
-17307
-2291
-17651
-2195
-17819
-2307
-18091
-2315
-18267
-2283
-18555
-2243
-18811
-2551
421
-2483
-81
-2485
-301
-2509
-601
-2505
-795
-2471
-1051
-2515
-1301
-2551
-1543
-2433
-1779
-2479
-1977
-2407
-2153
-2451
-2407
-2449
-2769
-2491
-2955
-2507
-3255
-2457
-3487
-2515
-3725
-2479
-3955
-2407
-4097
-2535
-4395
-2431
-4667
-2507
-4903
-2455
-5083
-2479
-5323
-2507
-5663
-2467
-5859
-2483
-6059
-2431
-6367
-2475
-6587
-2467
-6787
-2523
-6995
-2439
-7219
-2423
-7555
-2527
-7803
-2463
-7943
-2503
-8183
-2547
-8431
-2527
-8691
-2483
-9003
-2543
-9227
-2527
-9431
-2539
-9683
-2427
-9947
-2539
-10195
-2515
-10451
-2443
-10603
-2515
-10915
-2515
-11107
-2555
-11403
-2531
-11595
-2467
-11851
-2547
-12043
-2475
-12395
-2547
-12627
-2427
-12875
-2547
-13107
-2435
-13267
-2483
-13531
-2467
-13723
-2547
-14075
-2539
-14251
-2507
-14539
-2555
-14683
-2483
-14987
-2547
-15251
-2467
-15443
-2467
-15627
-2499
-15867
-2483
-16187
-2523
-16419
-2531
-16595
-2451
-16899
-2467
-17155
-2451
-17435
-2515
-17667
-2459
-17851
-2515
-18075
-2427
-18291
-2523
-18619
-2531
-18867
-2795
93
-2659
-17
-2743
-303
-2719
-559
-2723
-759
-2723
-987
-2671
-1259
-2755
-1567
-2675
-1701
-2699
-2027
-2755
-2271
-2755
-2479
-2715
-2719
-2699
-3003
-2711
-3267
-2767
-3419
-2735
-3607
-2695
-3939
-2711
-4083
-2763
-4419
-2751
-4655
-2735
-4859
-2691
-5127
-2771
-5383
-2763
-5611
-2751
-5767
-2735
-6075
-2679
-6335
-2683
-6579
-2775
-6759
-2663
-7059
-2671
-7347
-2715
-7503
-2727
-7699
-2735
-8067
-2699
-8271
-2695
-8451
-2747
-8747
-2763
-8915
-2783
-9167
-2727
-9483
-2795
-9643
-2667
-9995
-2747
-10131
-2731
-10475
-2771
-10643
-2763
-10923
-2731
-11163
-2715
-11355
-2715
-11595
-2771
-11795
-2715
-12115
-2691
-12315
-2779
-12587
-2723
-12827
-2787
-12987
-2715
-13235
-2731
-13587
-2739
-13763
-2795
-14035
-2723
-14307
-2715
-14443
-2691
-14787
-2747
-15011
-2667
-15195
-2787
-15419
-2747
-15715
-2707
-15939
-2739
-16115
-2667
-16427
-2707
-16699
-2739
-16915
-2763
-17155
-2667
-17355
-2707
-17555
-2795
-17859
-2787
-18091
-2739
-18371
-2795
-18619
-2731
-18827
-2951
125
-2935
-91
-2959
-363
-2951
-543
-2927
-803
-2987
-1071
-2955
-1263
-2931
-1519
-2971
-1739
-3011
-2007
-2891
-2299
-2987
-2399
-2947
-2711
-3003
-2999
-3007
-3243
-2927
-3471
-2959
-3675
-2927
-3883
-3035
-4179
-3003
-4427
-2987
-4663
-2911
-4927
-2911
-5071
-2963
-5335
-2967
-5527
-2991
-5855
-2971
-6047
-2995
-6383
-2979
-6495
-2943
-6771
-2983
-7039
-2907
-7195
-2931
-7523
-3003
-7679
-2979
-8003
-3023
-8207
-3007
-8459
-2983
-8767
-3015
-8907
-2967
-9123
-2891
-9419
-3027
-9731
-3003
-9891
-3019
-10235
-3011
-10347
-2995
-10699
-3019
-10835
-2915
-11179
-3027
-11427
-2979
-11619
-2987
-11819
-2987
-12083
-2947
-12355
-2995
-12547
-2971
-12787
-2963
-13051
-2963
-13347
-2987
-13499
-3019
-13707
-2939
-14043
-2963
-14283
-2995
-14547
-2947
-14747
-3019
-14963
-2931
-15251
-2931
-15491
-3035
-15627
-2979
-15995
-2971
-16139
-2931
-16419
-2963
-16699
-3019
-16851
-2955
-17179
-2987
-17355
-2947
-17611
-2963
-17907
-3027
-18131
-2979
-18339
-2947
-18603
-2955
-18811
-3215
125
-3211
-39
-3247
-323
-3219
-595
-3199
-751
-3135
-1099
-3235
-1287
-3219
-1439
-3135
-1771
-3263
-2051
-3159
-2175
-3251
-2415
-3163
-2635
-3267
-2971
-3163
-3127
-3231
-3491
-3267
-3723
-3219
-3875
-3239
-4095
-3187
-4379
-3239
-4631
-3163
-4907
-3255
-5127
-3227
-5407
-3215
-5559
-3151
-5851
-3159
-6071
-3203
-6331
-3179
-6583
-3135
-6791
-3251
-7003
-3219
-7227
-3155
-7507
-3227
-7723
-3219
-8047
-3163
-8283
-3195
-8455
-3243
-8655
-3243
-8883
-3259
-9215
-3231
-9391
-3171
-9651
-3227
-9915
-3227
-10219
-3267
-10427
-3171
-10611
-3195
-10891
-3187
-11147
-3259
-11363
-3211
-11643
-3227
-11859
-3171
-12083
-3243
-12379
-3275
-12563
-3243
-12819
-3203
-13091
-3219
-13355
-3275
-13475
-3259
-13707
-3171
-14051
-3243
-14283
-3267
-14459
-3195
-14731
-3147
-15019
-3219
-15219
-3235
-15419
-3259
-15667
-3179
-15891
-3211
-16163
-3267
-16475
-3147
-16611
-3187
-16947
-3251
-17099
-3267
-17419
-3227
-17651
-3259
-17899
-3267
-18147
-3203
-18379
-3219
-18635
-3227
-18811
-3443
125
-3371
-107
-3495
-291
-3379
-495
-3399
-727
-3495
-1043
-3451
-1195
-3495
-1535
-3467
-1747
-3435
-1987
-3479
-2283
-3411
-2555
-3387
-2747
-3495
-2971
-3467
-3235
-3491
-3487
-3395
-3695
-3403
-3959
-3495
-4155
-3459
-4423
-3479
-4587
-3491
-4931
-3499
-5143
-3399
-5395
-3407
-5563
-3379
-5787
-3495
-6095
-3507
-6271
-3443
-6507
-3411
-6763
-3495
-7087
-3395
-7235
-3435
-7547
-3499
-7799
-3475
-8019
-3479
-8243
-3355
-8455
-3499
-8675
-3491
-8991
-3447
-9179
-3499
-9375
-3435
-9667
-3403
-9931
-3507
-10211
-3499
-10459
-3499
-10667
-3459
-10827
-3475
-11131
-3411
-11395
-3387
-11619
-3411
-11907
-3451
-12107
-3491
-12347
-3451
-12627
-3459
-12795
-3507
-13091
-3491
-13299
-3507
-13587
-3467
-13787
-3419
-13963
-3483
-14235
-3491
-14515
-3475
-14723
-3443
-14979
-3475
-15259
-3515
-15387
-3491
-15755
-3499
-15955
-3491
-16139
-3499
-16419
-3419
-16675
-3483
-16835
-3459
-17171
-3411
-17323
-3443
-17627
-3491
-17843
-3499
-18123
-3387
-18299
-3427
-18619
-3387
-18875
-3627
141
-3731
-99
-3695
-347
-3699
-595
-3727
-851
-3703
-1007
-3711
-1235
-3699
-1539
-3707
-1795
-3723
-1971
-3715
-2195
-3719
-2511
-3707
-2663
-3675
-2987
-3723
-3171
-3739
-3463
-3675
-3715
-3651
-3963
-3743
-4175
-3687
-4323
-3635
-4695
-3723
-4859
-3711
-5139
-3731
-5383
-3699
-5655
-3663
-5795
-3655
-6031
-3679
-6299
-3699
-6531
-3651
-6795
-3727
-6999
-3719
-7311
-3667
-7543
-3727
-7747
-3727
-7951
-3623
-8243
-3699
-8427
-3639
-8727
-3735
-8939
-3731
-9267
-3675
-9415
-3747
-9691
-3747
-9963
-3747
-10179
-3731
-10379
-3755
-10651
-3707
-10867
-3731
-11179
-3667
-11411
-3755
-11627
-3731
-11835
-3731
-12131
-3659
-12363
-3739
-12539
-3627
-12811
-3683
-12995
-3715
-13347
-3651
-13491
-3683
-13827
-3699
-13979
-3755
-14267
-3699
-14451
-3739
-14675
-3739
-14963
-3659
-15195
-3643
-15451
-3715
-15643
-3683
-15923
-3723
-16123
-3651
-16427
-3715
-16595
-3731
-16947
-3707
-17195
-3667
-17371
-3731
-17651
-3667
-17843
-3675
-18075
-3715
-18347
-3699
-18539
-3683
-18867
-3887
149
-3871
-95
-3963
-379
-3879
-599
-3927
-747
-3883
-1091
-3923
-1315
-3979
-1471
-3935
-1803
-3907
-2007
-3951
-2315
-3887
-2459
-3907
-2675
-3951
-2987
-3879
-3163
-3927
-3511
-3923
-3699
-3939
-3971
-3939
-4151
-3879
-4351
-3883
-4571
-3883
-4931
-3907
-5115
-3919
-5307
-3947
-5559
-3947
-5907
-3943
-6103
-3871
-6323
-3967
-6495
-3931
-6815
-3915
-7035
-3927
-7311
-3927
-7543
-3951
-7755
-3851
-7995
-3979
-8275
-3871
-8479
-3911
-8735
-3927
-8971
-3919
-9119
-3919
-9399
-3931
-9699
-3987
-9867
-3971
-10139
-3963
-10347
-3883
-10595
-3971
-10915
-3979
-11091
-3971
-11363
-3931
-11571
-3979
-11787
-3883
-12027
-3995
-12283
-3979
-12531
-3915
-12755
-3947
-13027
-3875
-13267
-3883
-13483
-3963
-13707
-3923
-14003
-3899
-14203
-3963
-14475
-3947
-14779
-3923
-14947
-3939
-15203
-3891
-15395
-3939
-15707
-3971
-15947
-3899
-16235
-3891
-16459
-3979
-16611
-3939
-16907
-3923
-17083
-3947
-17347
-3899
-17579
-3947
-17787
-3995
-18147
-3891
-18363
-3915
-18587
-3883
-18851
-4203
133
-4075
-51
-4127
-331
-4087
-503
-4087
-827
-4107
-999
-4223
-1227
-4083
-1563
-4195
-1803
-4091
-2039
-4115
-2231
-4091
-2503
-4075
-2715
-4151
-2991
-4143
-3127
-4235
-3395
-4183
-3679
-4187
-3851
-4147
-4175
-4151
-4371
-4215
-4611
-4083
-4867
-4123
-5099
-4203
-5315
-4167
-5619
-4163
-5775
-4227
-6067
-4207
-6347
-4135
-6527
-4159
-6759
-4203
-6979
-4103
-7307
-4179
-7487
-4219
-7747
-4211
-7991
-4179
-8191
-4155
-8483
-4083
-8731
-4207
-8971
-4079
-9239
-4159
-9463
-4203
-9691
-4139
-9995
-4163
-10227
-4211
-10387
-4179
-10651
-4195
-10859
-4139
-11147
-4123
-11307
-4139
-11563
-4123
-11899
-4203
-12067
-4195
-12315
-4155
-12571
-4235
-12771
-4107
-13083
-4179
-13267
-4235
-13515
-4147
-13771
-4131
-14019
-4187
-14283
-4179
-14539
-4171
-14699
-4211
-15019
-4227
-15235
-4227
-15411
-4179
-15699
-4203
-15915
-4123
-16147
-4235
-16443
-4187
-16707
-4147
-16955
-4171
-17091
-4163
-17307
-4187
-17643
-4179
-17795
-4107
-18027
-4187
-18355
-4131
-18635
-4203
-18859
-4399
141
-4411
-147
-4363
-367
-4371
-587
-4427
-795
-4447
-959
-4407
-1199
-4371
-1551
-4451
-1783
-4363
-1947
-4391
-2243
-4451
-2427
-4415
-2755
-4391
-2995
-4367
-3207
-4399
-3463
-4331
-3747
-4439
-3867
-4339
-4219
-4443
-4467
-4371
-4607
-4355
-4883
-4467
-5171
-4383
-5347
-4343
-5535
-4339
-5883
-4355
-6099
-4351
-6299
-4323
-6567
-4443
-6843
-4435
-7011
-4447
-7299
-4443
-7551
-4375
-7687
-4403
-8031
-4455
-8187
-4435
-8471
-4371
-8739
-4439
-8923
-4451
-9207
-4411
-9435
-4403
-9731
-4363
-9987
-4419
-10123
-4467
-10459
-4459
-10683
-4363
-10859
-4403
-11187
-4395
-11379
-4395
-11675
-4363
-11835
-4443
-12043
-4467
-12299
-4443
-12507
-4451
-12787
-4411
-12987
-4467
-13339
-4387
-13483
-4419
-13731
-4371
-13963
-4435
-14187
-4459
-14555
-4475
-14755
-4467
-15019
-4395
-15203
-4403
-15451
-4435
-15643
-4451
-15971
-4411
-16131
-4355
-16435
-4443
-16651
-4475
-16859
-4419
-17091
-4427
-17315
-4435
-17627
-4347
-17859
-4435
-18083
-4467
-18387
-4435
-18595
-4379
-18851
-4603
117
-4663
-111
-4647
-243
-4683
-487
-4679
-743
-4639
-1023
-4695
-1259
-4667
-1519
-4691
-1799
-4643
-1967
-4667
-2247
-4687
-2467
-4607
-2759
-4639
-2983
-4691
-3239
-4623
-3451
-4579
-3711
-4671
-3939
-4635
-4163
-4671
-4359
-4647
-4651
-4667
-4831
-4663
-5119
-4687
-5383
-4671
-5611
-4647
-5787
-4651
-6059
-4699
-6275
-4615
-6507
-4591
-6743
-4615
-6999
-4667
-7263
-4635
-7443
-4691
-7775
-4711
-7979
-4583
-8199
-4659
-8487
-4699
-8771
-4651
-8975
-4603
-9183
-4607
-9483
-4595
-9651
-4691
-9963
-4715
-10179
-4691
-10475
-4611
-10691
-4699
-10939
-4643
-11155
-4707
-11339
-4627
-11611
-4715
-11795
-4667
-12115
-4691
-12379
-4635
-12619
-4675
-12843
-4627
-13043
-4675
-13331
-4603
-13515
-4627
-13723
-4683
-14067
-4707
-14187
-4675
-14523
-4595
-14699
-4667
-14995
-4651
-15163
-4699
-15459
-4659
-15747
-4659
-15867
-4707
-16195
-4691
-16411
-4651
-16651
-4603
-16939
-4619
-17195
-4603
-17339
-4675
-17547
-4699
-17819
-4635
-18091
-4691
-18283
-4715
-18563
-4595
-18843
-4935
125
-4823
-95
-4899
-315
-4927
-607
-4943
-731
-4851
-979
-4851
-1259
-4903
-1555
-4879
-1771
-4919
-1935
-4847
-2239
-4919
-2507
-4887
-2775
-4907
-3007
-4819
-3219
-4911
-3495
-4935
-3687
-4875
-3879
-4939
-4163
-4895
-4379
-4871
-4575
-4835
-4927
-4815
-5159
-4887
-5363
-4851
-5651
-4931
-5887
-4867
-6139
-4879
-6335
-4943
-6503
-4915
-6755
-4815
-7083
-4935
-7219
-4903
-7455
-4811
-7799
-4915
-8007
-4899
-8267
-4863
-8511
-4851
-8671
-4911
-8879
-4919
-9255
-4815
-9499
-4947
-9707
-4947
-9963
-4867
-10115
-4835
-10387
-4899
-10659
-4899
-10835
-4827
-11171
-4875
-11323
-4867
-11635
-4891
-11795
-4827
-12091
-4955
-12323
-4907
-12523
-4835
-12851
-4923
-13115
-4907
-13235
-4931
-13555
-4947
-13787
-4899
-14067
-4867
-14251
-4947
-14547
-4923
-14699
-4939
-15011
-4931
-15147
-4891
-15459
-4915
-15739
-4915
-15987
-4931
-16203
-4923
-16395
-4883
-16691
-4931
-16931
-4923
-17123
-4915
-17363
-4883
-17667
-4947
-17851
-4843
-18123
-4875
-18275
-4891
-18539
-4955
-18819
-5123
149
-5055
-123
-5151
-351
-5159
-595
-5131
-755
-5159
-995
-5155
-1263
-5091
-1487
-5167
-1751
-5079
-1987
-5143
-2179
-5143
-2499
-5195
-2751
-5111
-2975
-5075
-3147
-5175
-3451
-5123
-3711
-5087
-3887
-5115
-4119
-5099
-4419
-5063
-4595
-5119
-4811
-5155
-5135
-5123
-5395
-5087
-5615
-5171
-5895
-5059
-6015
-5087
-6263
-5059
-6575
-5071
-6843
-5171
-7019
-5175
-7251
-5171
-7483
-5051
-7823
-5087
-7923
-5147
-8283
-5127
-8451
-5171
-8731
-5087
-8927
-5191
-9151
-5051
-9483
-5147
-9739
-5107
-9907
-5099
-10179
-5171
-10379
-5139
-10611
-5187
-10859
-5075
-11179
-5163
-11307
-5195
-11675
-5107
-11803
-5179
-12035
-5123
-12323
-5123
-12539
-5171
-12787
-5075
-13043
-5123
-13235
-5179
-13491
-5187
-13803
-5187
-14019
-5195
-14211
-5187
-14539
-5195
-14731
-5147
-14939
-5171
-15203
-5131
-15515
-5155
-15715
-5123
-15979
-5139
-16219
-5139
-16395
-5075
-16587
-5195
-16931
-5155
-17123
-5155
-17379
-5155
-17659
-5171
-17787
-5083
-18131
-5123
-18387
-5179
-18635
-5139
-18835
-5387
117
-5355
-19
-5363
-339
-5323
-547
-5331
-771
-5347
-1003
-5315
-1271
-5315
-1491
-5315
-1679
-5403
-1947
-5395
-2311
-5379
-2459
-5395
-2675
-5395
-2963
-5379
-3239
-5371
-3431
-5435
-3723
-5363
-3843
-5355
-4235
-5395
-4463
-5363
-4591
-5315
-4879
-5363
-5147
-5379
-5363
-5331
-5675
-5435
-5899
-5355
-6131
-5323
-6311
-5411
-6507
-5435
-6859
-5363
-7011
-5419
-7355
-5435
-7579
-5411
-7755
-5427
-8043
-5355
-8219
-5387
-8483
-5307
-8695
-5347
-8895
-5411
-9243
-5387
-9451
-5395
-9675
-5331
-9899
-5363
-10187
-5427
-10475
-5363
-10707
-5379
-10955
-5355
-11147
-5411
-11347
-5435
-11579
-5379
-11803
-5435
-12083
-5435
-12387
-5427
-12619
-5411
-12859
-5387
-13083
-5379
-13299
-5419
-13499
-5331
-13707
-5315
-13971
-5387
-14291
-5419
-14451
-5363
-14683
-5411
-14971
-5395
-15219
-5371
-15387
-5371
-15635
-5347
-15995
-5435
-16179
-5371
-16355
-5339
-16643
-5435
-16875
-5419
-17091
-5427
-17395
-5419
-17651
-5339
-17907
-5355
-18035
-5371
-18339
-5315
-18587
-5371
-18859
-5579
125
-5643
-27
-5635
-291
-5651
-587
-5555
-875
-5579
-1099
-5587
-1307
-5555
-1515
-5555
-1835
-5571
-2075
-5611
-2243
-5635
-2523
-5627
-2795
-5651
-2915
-5587
-3179
-5675
-3443
-5651
-3715
-5643
-3995
-5659
-4219
-5603
-4419
-5635
-4603
-5659
-4859
-5667
-5099
-5651
-5315
-5579
-5667
-5595
-5915
-5595
-6099
-5659
-6315
-5579
-6531
-5675
-6819
-5547
-7115
-5579
-7315
-5659
-7571
-5643
-7827
-5651
-7947
-5675
-8259
-5563
-8515
-5611
-8747
-5547
-8939
-5563
-9211
-5675
-9395
-5547
-9723
-5675
-9907
-5667
-10195
-5555
-10427
-5667
-10587
-5675
-10939
-5595
-11139
-5603
-11387
-5563
-11619
-5603
-11875
-5643
-12091
-5563
-12267
-5667
-12515
-5635
-12843
-5659
-13107
-5675
-13331
-5587
-13555
-5643
-13811
-5627
-13971
-5627
-14267
-5555
-14515
-5563
-14739
-5643
-14979
-5587
-15211
-5603
-15451
-5627
-15707
-5595
-15971
-5587
-16123
-5659
-16419
-5611
-16595
-5659
-16891
-5635
-17131
-5659
-17371
-5635
-17587
-5667
-17843
-5651
-18067
-5627
-18363
-5675
-18603
-5627
-18859
-5899
117
-5811
-99
-5827
-387
-5899
-515
-5811
-827
-5795
-1091
-5827
-1291
-5891
-1467
-5883
-1795
-5843
-2051
-5907
-2283
-5795
-2491
-5851
-2731
-5875
-3003
-5835
-3147
-5907
-3499
-5819
-3755
-5907
-3947
-5811
-4123
-5907
-4411
-5787
-4683
-5915
-4843
-5827
-5123
-5875
-5323
-5843
-5659
-5867
-5787
-5795
-6051
-5835
-6355
-5811
-6515
-5835
-6803
-5827
-7059
-5875
-7347
-5891
-7467
-5915
-7771
-5851
-8019
-5843
-8267
-5835
-8491
-5819
-8675
-5851
-8907
-5899
-9259
-5907
-9411
-5827
-9683
-5851
-9899
-5851
-10235
-5811
-10451
-5899
-10707
-5851
-10923
-5907
-11179
-5883
-11323
-5915
-11643
-5883
-11795
-5915
-12115
-5891
-12347
-5803
-12619
-5867
-12835
-5851
-13035
-5891
-13259
-5835
-13491
-5907
-13803
-5795
-14075
-5827
-14243
-5907
-14491
-5907
-14771
-5899
-14955
-5859
-15203
-5883
-15395
-5859
-15747
-5803
-15971
-5859
-16115
-5891
-16403
-5811
-16715
-5875
-16955
-5899
-17091
-5811
-17379
-5907
-17611
-5907
-17859
-5843
-18147
-5835
-18387
-5899
-18587
-5867
-18875
-6107
141
-6155
-27
-6051
-347
-6075
-523
-6147
-835
-6155
-1115
-6043
-1355
-6115
-1515
-6155
-1819
-6147
-1995
-6131
-2187
-6147
-2491
-6075
-2787
-6123
-2979
-6155
-3195
-6067
-3499
-6107
-3707
-6059
-3907
-6099
-4235
-6147
-4459
-6099
-4635
-6059
-4891
-6115
-5155
-6075
-5331
-6043
-5635
-6115
-5811
-6059
-6155
-6067
-6347
-6131
-6523
-6107
-6859
-6147
-7003
-6115
-7299
-6059
-7515
-6139
-7787
-6035
-7947
-6131
-8227
-6115
-8531
-6115
-8691
-6059
-8923
-6115
-9171
-6115
-9435
-6099
-9635
-6067
-9931
-6107
-10227
-6139
-10419
-6107
-10675
-6147
-10827
-6083
-11075
-6139
-11387
-6139
-11571
-6091
-11819
-6123
-12107
-6075
-12371
-6139
-12555
-6091
-12803
-6155
-13035
-6027
-13355
-6107
-13563
-6115
-13795
-6075
-14027
-6107
-14235
-6131
-14451
-6139
-14771
-6035
-14963
-6083
-15203
-6155
-15491
-6147
-15667
-6139
-15979
-6155
-16107
-6035
-16435
-6091
-16707
-6091
-16923
-6155
-17187
-6131
-17331
-6091
-17643
-6083
-17859
-6075
-18051
-6155
-18299
-6043
-18579
-6067
-18819
-6283
125
-6379
-99
-6339
-275
-6347
-627
-6379
-875
-6371
-1043
-6355
-1275
-6379
-1523
-6283
-1707
-6299
-1955
-6387
-2187
-6387
-2451
-6307
-2723
-6275
-2907
-6275
-3227
-6291
-3443
-6387
-3707
-6307
-3955
-6307
-4131
-6291
-4451
-6379
-4643
-6395
-4907
-6307
-5131
-6331
-5363
-6355
-5595
-6339
-5835
-6355
-6107
-6339
-6355
-6331
-6587
-6339
-6747
-6379
-7043
-6355
-7291
-6379
-7563
-6315
-7803
-6363
-7971
-6291
-8187
-6299
-8443
-6379
-8667
-6339
-9035
-6363
-9235
-6283
-9395
-6315
-9675
-6395
-9883
-6379
-10187
-6275
-10475
-6363
-10611
-6315
-10835
-6363
-11187
-6331
-11331
-6323
-11675
-6363
-11843
-6395
-12107
-6323
-12267
-6363
-12547
-6355
-12827
-6267
-13099
-6323
-13355
-6331
-13555
-6387
-13771
-6395
-14075
-6379
-14187
-6355
-14515
-6347
-14739
-6387
-14923
-6275
-15227
-6347
-15459
-6315
-15651
-6291
-15939
-6395
-16123
-6379
-16443
-6363
-16611
-6299
-16867
-6387
-17115
-6347
-17307
-6387
-17611
-6331
-17867
-6387
-18131
-6331
-18315
-6371
-18579
-6387
-18851
-6547
133
-6603
-139
-6539
-363
-6531
-507
-6531
-779
-6627
-1091
-6595
-1243
-6555
-1595
-6603
-1795
-6627
-2043
-6635
-2243
-6547
-2491
-6515
-2707
-6531
-3003
-6507
-3163
-6635
-3443
-6619
-3747
-6587
-3907
-6635
-4155
-6523
-4451
-6611
-4667
-6619
-4843
-6547
-5099
-6531
-5371
-6523
-5587
-6563
-5827
-6603
-6107
-6563
-6291
-6547
-6515
-6571
-6803
-6587
-7059
-6603
-7251
-6555
-7523
-6627
-7723
-6611
-7995
-6587
-8251
-6603
-8515
-6515
-8795
-6571
-8939
-6531
-9251
-6587
-9451
-6635
-9707
-6611
-9899
-6571
-10195
-6587
-10387
-6523
-10595
-6611
-10859
-6587
-11075
-6611
-11427
-6531
-11635
-6603
-11915
-6515
-12083
-6635
-12355
-6627
-12635
-6611
-12779
-6571
-13043
-6611
-13283
-6635
-13507
-6627
-13763
-6595
-14075
-6523
-14283
-6635
-14467
-6571
-14715
-6611
-14939
-6587
-15259
-6547
-15419
-6603
-15691
-6507
-15947
-6555
-16115
-6603
-16435
-6635
-16619
-6595
-16923
-6571
-17115
-6579
-17355
-6595
-17579
-6571
-17883
-6571
-18027
-6619
-18283
-6627
-18547
-6555
-18867
-6835
101
-6867
-35
-6827
-323
-6795
-555
-6779
-875
-6835
-1043
-6787
-1331
-6771
-1579
-6811
-1715
-6867
-2043
-6779
-2291
-6811
-2555
-6795
-2699
-6787
-2947
-6867
-3235
-6827
-3499
-6859
-3627
-6859
-3867
-6755
-4123
-6867
-4371
-6827
-4659
-6819
-4867
-6875
-5147
-6843
-5379
-6835
-5563
-6819
-5795
-6819
-6027
-6763
-6371
-6827
-6587
-6811
-6803
-6827
-7067
-6811
-7331
-6755
-7491
-6771
-7811
-6819
-7963
-6763
-8259
-6835
-8427
-6747
-8739
-6851
-9011
-6795
-9251
-6779
-9467
-6875
-9699
-6859
-9931
-6875
-10235
-6843
-10363
-6851
-10611
-6859
-10859
-6803
-11187
-6779
-11403
-6819
-11651
-6851
-11851
-6811
-12147
-6875
-12323
-6771
-12611
-6843
-12835
-6843
-13027
-6755
-13315
-6835
-13579
-6755
-13755
-6859
-13995
-6843
-14219
-6835
-14507
-6851
-14715
-6827
-14939
-6811
-15219
-6787
-15491
-6835
-15667
-6843
-15883
-6867
-16115
-6747
-16363
-6867
-16707
-6811
-16835
-6851
-17155
-6835
-17411
-6835
-17571
-6835
-17827
-6835
-18083
-6843
-18307
-6843
-18571
-6763
-18827
-7075
133
-7035
-99
-7027
-323
-7115
-627
-7011
-819
-7059
-995
-7091
-1355
-7035
-1531
-7059
-1803
-7107
-2059
-7019
-2251
-7099
-2507
-7027
-2787
-6987
-2939
-7043
-3147
-7107
-3451
-7091
-3635
-7011
-3955
-7115
-4139
-7067
-4371
-7091
-4707
-7027
-4923
-7099
-5099
-7083
-5435
-7099
-5603
-7091
-5803
-7099
-6067
-7059
-6347
-7107
-6603
-6995
-6803
-7115
-7059
-7067
-7323
-7107
-7523
-7051
-7739
-6995
-7971
-7075
-8251
-7075
-8427
-7067
-8683
-7059
-8987
-7019
-9163
-6987
-9515
-6987
-9755
-7059
-9995
-7107
-10235
-7083
-10363
-7115
-10595
-7075
-10947
-7067
-11163
-7019
-11387
-7075
-11595
-7099
-11819
-7091
-12099
-7075
-12291
-7091
-12523
-7115
-12851
-7003
-13043
-6995
-13347
-7027
-13587
-7067
-13787
-7075
-14067
-7083
-14291
-7115
-14547
-7043
-14715
-7115
-15003
-7067
-15163
-6995
-15459
-7067
-15739
-7067
-15923
-7003
-16131
-7035
-16475
-6995
-16603
-7027
-16843
-7019
-17147
-7107
-17419
-7059
-17635
-7075
-17875
-7107
-18067
-7027
-18387
-7059
-18547
-7051
-18811
-7315
117
-7355
-83
-7347
-291
-7315
-627
-7331
-755
-7299
-1099
-7323
-1347
-7315
-1579
-7331
-1819
-7331
-2043
-7243
-2211
-7299
-2459
-7315
-2691
-7291
-2955
-7283
-3211
-7267
-3507
-7299
-3747
-7299
-3971
-7283
-4155
-7347
-4435
-7299
-4659
-7315
-4907
-7235
-5067
-7299
-5371
-7307
-5611
-7275
-5875
-7235
-6155
-7267
-6323
-7315
-6547
-7259
-6875
-7347
-6987
-7323
-7315
-7347
-7523
-7275
-7803
-7307
-7971
-7275
-8195
-7291
-8531
-7331
-8691
-7275
-8947
-7251
-9259
-7307
-9427
-7291
-9691
-7323
-9987
-7251
-10219
-7315
-10403
-7283
-10627
-7339
-10851
-7323
-11115
-7251
-11315
-7355
-11635
-7331
-11899
-7347
-12091
-7315
-12307
-7283
-12635
-7315
-12779
-7347
-13027
-7307
-13339
-7355
-13555
-7251
-13715
-7243
-14043
-7283
-14211
-7323
-14531
-7307
-14747
-7283
-14955
-7299
-15155
-7339
-15467
-7299
-15755
-7355
-15915
-7347
-16219
-7315
-16467
-7291
-16667
-7331
-16955
-7243
-17091
-7299
-17347
-7283
-17603
-7347
-17851
-7315
-18099
-7267
-18363
-7339
-18523
-7347
-18851
-7531
93
-7499
-155
-7547
-387
-7523
-563
-7523
-859
-7555
-1011
-7595
-1299
-7587
-1499
-7467
-1835
-7555
-2051
-7555
-2259
-7595
-2515
-7587
-2707
-7475
-2923
-7571
-3275
-7547
-3443
-7483
-3667
-7547
-3995
-7491
-4203
-7515
-4363
-7531
-4643
-7491
-4899
-7475
-5163
-7539
-5387
-7555
-5635
-7475
-5867
-7539
-6035
-7547
-6283
-7523
-6571
-7483
-6811
-7539
-7003
-7531
-7331
-7595
-7467
-7555
-7827
-7507
-8011
-7491
-8315
-7523
-8515
-7499
-8787
-7563
-8963
-7539
-9259
-7491
-9427
-7595
-9651
-7539
-9867
-7539
-10139
-7483
-10451
-7579
-10627
-7547
-10891
-7563
-11195
-7571
-11403
-7579
-11571
-7595
-11795
-7563
-12091
-7467
-12291
-7515
-12531
-7595
-12747
-7499
-13043
-7515
-13347
-7555
-13563
-7475
-13755
-7587
-13955
-7499
-14251
-7499
-14531
-7595
-14683
-7483
-15027
-7539
-15211
-7531
-15475
-7547
-15747
-7587
-15867
-7467
-16187
-7499
-16443
-7563
-16659
-7523
-16955
-7467
-17107
-7563
-17371
-7539
-17651
-7555
-17811
-7483
-18123
-7587
-18379
-7523
-18523
-7475
-18819
-7835
109
-7723
-27
-7795
-291
-7827
-587
-7739
-803
-7827
-1115
-7835
-1251
-7731
-1531
-7811
-1787
-7803
-2003
-7795
-2243
-7755
-2539
-7763
-2667
-7787
-2923
-7827
-3155
-7787
-3499
-7827
-3659
-7779
-3963
-7827
-4187
-7803
-4403
-7723
-4587
-7779
-4899
-7779
-5083
-7803
-5347
-7803
-5667
-7755
-5851
-7803
-6051
-7787
-6267
-7787
-6539
-7811
-6835
-7827
-7027
-7803
-7291
-7747
-7563
-7803
-7747
-7739
-7971
-7819
-8283
-7819
-8523
-7835
-8747
-7819
-9035
-7771
-9267
-7755
-9443
-7707
-9675
-7739
-9891
-7795
-10131
-7731
-10467
-7739
-10715
-7755
-10907
-7787
-11147
-7827
-11427
-7723
-11627
-7763
-11907
-7819
-12035
-7779
-12307
-7811
-12611
-7827
-12747
-7835
-13091
-7795
-13331
-7819
-13563
-7795
-13811
-7715
-13955
-7835
-14227
-7779
-14555
-7747
-14691
-7795
-14915
-7755
-15171
-7763
-15499
-7803
-15651
-7811
-15971
-7803
-16179
-7739
-16371
-7811
-16635
-7771
-16843
-7723
-17075
-7763
-17395
-7723
-17571
-7811
-17851
-7731
-18155
-7755
-18347
-7779
-18595
-7803
-18867
-7987
85
-8067
-67
-8051
-323
-8035
-523
-8035
-755
-8051
-1011
-8011
-1275
-7987
-1499
-8067
-1803
-8003
-1971
-8019
-2235
-8003
-2507
-8067
-2795
-7955
-2995
-7955
-3187
-8051
-3507
-7995
-3723
-7995
-3955
-8019
-4219
-8019
-4379
-7979
-4667
-7955
-4867
-8027
-5123
-8075
-5435
-7971
-5667
-8067
-5907
-8035
-6115
-8043
-6395
-8059
-6611
-8075
-6819
-8035
-7075
-8075
-7259
-7971
-7491
-7963
-7763
-8059
-8019
-8027
-8227
-8003
-8555
-7947
-8715
-8035
-8907
-8027
-9275
-8043
-9467
-7987
-9715
-8067
-9915
-8019
-10131
-8067
-10355
-7979
-10595
-7971
-10915
-7955
-11195
-7963
-11403
-8003
-11675
-8011
-11907
-8035
-12083
-8043
-12387
-8067
-12555
-7955
-12763
-7987
-13027
-8043
-13283
-8075
-13595
-8003
-13715
-7971
-14067
-8067
-14219
-7987
-14523
-8051
-14747
-8035
-15003
-7971
-15171
-8043
-15475
-7971
-15627
-8051
-15947
-7955
-16115
-8011
-16379
-8011
-16603
-8035
-16947
-8003
-17195
-8075
-17411
-7995
-17603
-8051
-17827
-8067
-18059
-8059
-18395
-8067
-18571
-7979
-18835
-8315
117
-8315
-155
-8203
-315
-8275
-587
-8243
-795
-8227
-1043
-8203
-1299
-8235
-1475
-8283
-1779
-8315
-1987
-8299
-2243
-8275
-2475
-8267
-2787
-8315
-2915
-8299
-3195
-8307
-3387
-8259
-3691
-8243
-3955
-8299
-4195
-8235
-4363
-8211
-4587
-8283
-4907
-8283
-5187
-8251
-5363
-8283
-5595
-8267
-5803
-8275
-6051
-8307
-6331
-8187
-6571
-8291
-6779
-8299
-7059
-8235
-7355
-8299
-7555
-8259
-7707
-8219
-8003
-8283
-8203
-8307
-8491
-8243
-8675
-8235
-9027
-8267
-9203
-8267
-9491
-8259
-9683
-8267
-9955
-8259
-10179
-8299
-10419
-8259
-10667
-8235
-10907
-8307
-11187
-8307
-11323
-8211
-11603
-8235
-11883
-8267
-12107
-8219
-12315
-8243
-12619
-8203
-12779
-8315
-13043
-8259
-13323
-8227
-13571
-8283
-13739
-8307
-13955
-8307
-14235
-8259
-14427
-8315
-14795
-8227
-14979
-8267
-15227
-8307
-15491
-8243
-15651
-8291
-15939
-8243
-16219
-8307
-16475
-8315
-16675
-8187
-16931
-8275
-17115
-8315
-17347
-8291
-17635
-8251
-17883
-8219
-18099
-8243
-18395
-8195
-18579
-8299
-18827
-8523
141
-8467
-83
-8467
-395
-8451
-539
-8507
-787
-8435
-1075
-8531
-1347
-8539
-1571
-8539
-1835
-8523
-2027
-8483
-2307
-8515
-2491
-8467
-2763
-8531
-3027
-8531
-3275
-8515
-3411
-8531
-3715
-8555
-3915
-8443
-4235
-8491
-4467
-8555
-4699
-8507
-4883
-8507
-5115
-8499
-5355
-8499
-5675
-8467
-5867
-8523
-6051
-8531
-6315
-8531
-6627
-8507
-6827
-8507
-7099
-8507
-7355
-8483
-7515
-8531
-7795
-8507
-8011
-8507
-8243
-8531
-8539
-8547
-8675
-8555
-9003
-8443
-9195
-8515
-9411
-8515
-9659
-8555
-9867
-8515
-10219
-8531
-10467
-8499
-10699
-8475
-10931
-8539
-11155
-8523
-11403
-8555
-11595
-8531
-11859
-8499
-12051
-8539
-12283
-8531
-12571
-8427
-12795
-8555
-13091
-8515
-13259
-8499
-13515
-8475
-13755
-8507
-14075
-8499
-14243
-8483
-14491
-8483
-14779
-8547
-14907
-8483
-15171
-8507
-15435
-8515
-15739
-8523
-15971
-8539
-16211
-8523
-16427
-8555
-16715
-8499
-16875
-8539
-17083
-8443
-17323
-8539
-17635
-8491
-17867
-8499
-18067
-8555
-18275
-8531
-18619
-8523
-18875
-8779
141
-8755
-115
-8739
-339
-8779
-603
-8707
-875
-8795
-1115
-8739
-1331
-8667
-1523
-8707
-1827
-8771
-2043
-8795
-2219
-8771
-2467
-8723
-2691
-8723
-2907
-8779
-3235
-8683
-3499
-8731
-3643
-8771
-3867
-8787
-4219
-8667
-4379
-8691
-4587
-8747
-4931
-8795
-5131
-8691
-5403
-8771
-5547
-8667
-5883
-8771
-6059
-8747
-6323
-8675
-6563
-8795
-6859
-8763
-7043
-8795
-7267
-8779
-7523
-8755
-7787
-8771
-8059
-8667
-8315
-8763
-8467
-8723
-8763
-8675
-8947
-8795
-9163
-8787
-9491
-8683
-9731
-8731
-9971
-8747
-10131
-8787
-10451
-8795
-10611
-8691
-10923
-8763
-11171
-8731
-11395
-8747
-11675
-8739
-11811
-8707
-12115
-8707
-12363
-8779
-12619
-8795
-12803
-8787
-12987
-8747
-13323
-8683
-13579
-8747
-13771
-8731
-14059
-8731
-14195
-8755
-14459
-8779
-14707
-8779
-14979
-8771
-15155
-8787
-15451
-8731
-15707
-8787
-15963
-8731
-16211
-8707
-16443
-8699
-16611
-8747
-16843
-8795
-17075
-8771
-17363
-8707
-17651
-8747
-17843
-8739
-18067
-8763
-18395
-8763
-18611
-8675
-18819
-9019
125
-8995
-59
-8915
-283
-8979
-531
-9011
-851
-8931
-1115
-8987
-1235
-9019
-1523
-9011
-1731
-8955
-2075
-8947
-2307
-8987
-2507
-9003
-2675
-8923
-2979
-8931
-3195
-8963
-3491
-9035
-3747
-8931
-3891
-8995
-4235
-8979
-4427
-8955
-4707
-9019
-4827
-9027
-5171
-8979
-5403
-8955
-5619
-9027
-5835
-8995
-6035
-8915
-6267
-9011
-6555
-8923
-6867
-9027
-7091
-9019
-7275
-8995
-7595
-8939
-7723
-9011
-7971
-9019
-8235
-9003
-8507
-8971
-8787
-9011
-9019
-9027
-9203
-8995
-9403
-8987
-9707
-8947
-9915
-8979
-10123
-8955
-10443
-8987
-10643
-8995
-10923
-8947
-11187
-8963
-11435
-9027
-11587
-8963
-11899
-9011
-12139
-8995
-12379
-8963
-12571
-8955
-12755
-8907
-13099
-9019
-13355
-9003
-13571
-9003
-13787
-8907
-14067
-9003
-14187
-8971
-14435
-9011
-14795
-9027
-14915
-8915
-15267
-8955
-15419
-8987
-15675
-9027
-15883
-9003
-16147
-9003
-16443
-8995
-16611
-9035
-16915
-8971
-17171
-9003
-17411
-9019
-17579
-9019
-17851
-8979
-18067
-8995
-18291
-9027
-18603
-8995
-18835
-9179
109
-9267
-147
-9163
-315
-9275
-523
-9275
-851
-9187
-1003
-9235
-1355
-9171
-1579
-9187
-1723
-9227
-2067
-9195
-2227
-9227
-2491
-9235
-2731
-9267
-3011
-9259
-3219
-9235
-3435
-9243
-3731
-9243
-3995
-9251
-4139
-9155
-4355
-9275
-4683
-9235
-4827
-9179
-5107
-9235
-5331
-9219
-5603
-9267
-5915
-9187
-6147
-9243
-6315
-9267
-6603
-9179
-6755
-9195
-7107
-9187
-7347
-9227
-7571
-9187
-7715
-9203
-7963
-9259
-8219
-9147
-8427
-9219
-8723
-9251
-8947
-9179
-9163
-9227
-9459
-9267
-9659
-9235
-9971
-9267
-10107
-9267
-10395
-9219
-10699
-9243
-10923
-9235
-11179
-9259
-11307
-9251
-11603
-9267
-11891
-9235
-12091
-9227
-12275
-9187
-12515
-9275
-12747
-9163
-13003
-9179
-13331
-9187
-13587
-9163
-13835
-9187
-13987
-9203
-14243
-9267
-14491
-9195
-14771
-9187
-14979
-9219
-15163
-9275
-15467
-9275
-15739
-9195
-15915
-9235
-16163
-9251
-16451
-9243
-16635
-9275
-16851
-9243
-17195
-9179
-17339
-9227
-17595
-9155
-17811
-9243
-18075
-9259
-18371
-9219
-18595
-9275
-18835
-9483
149
-9411
-115
-9491
-307
-9451
-595
-9435
-763
-9387
-1019
-9515
-1227
-9411
-1507
-9467
-1763
-9459
-2051
-9387
-2307
-9499
-2483
-9515
-2691
-9451
-3035
-9443
-3235
-9403
-3435
-9427
-3723
-9411
-3947
-9395
-4115
-9507
-4411
-9467
-4619
-9419
-4931
-9419
-5115
-9451
-5307
-9499
-5675
-9387
-5907
-9467
-6059
-9483
-6387
-9427
-6611
-9443
-6827
-9491
-7099
-9499
-7251
-9491
-7499
-9395
-7787
-9515
-8059
-9459
-8315
-9507
-8547
-9419
-8675
-9435
-8971
-9507
-9211
-9507
-9387
-9387
-9699
-9483
-9899
-9467
-10235
-9499
-10459
-9459
-10635
-9451
-10851
-9475
-11123
-9515
-11395
-9491
-11587
-9499
-11795
-9475
-12147
-9459
-12267
-9403
-12531
-9475
-12827
-9515
-13035
-9499
-13251
-9435
-13563
-9395
-13803
-9451
-14051
-9459
-14195
-9395
-14427
-9403
-14771
-9459
-14971
-9443
-15187
-9459
-15419
-9491
-15627
-9499
-15947
-9403
-16147
-9427
-16419
-9427
-16707
-9515
-16915
-9515
-17075
-9499
-17379
-9491
-17651
-9499
-17883
-9475
-18075
-9483
-18323
-9411
-18635
-9499
-18859
-9731
85
-9755
-83
-9755
-355
-9739
-563
-9691
-779
-9723
-1027
-9723
-1339
-9659
-1579
-9627
-1787
-9755
-1947
-9627
-2251
-9699
-2547
-9723
-2779
-9659
-2955
-9747
-3219
-9739
-3411
-9723
-3739
-9699
-3883
-9699
-4123
-9675
-4427
-9683
-4683
-9739
-4899
-9643
-5091
-9683
-5307
-9723
-5555
-9731
-5787
-9715
-6059
-9747
-6339
-9715
-6587
-9699
-6763
-9699
-7043
-9747
-7275
-9675
-7523
-9699
-7739
-9739
-7979
-9755
-8307
-9651
-8483
-9731
-8747
-9739
-8979
-9675
-9251
-9723
-9467
-9643
-9723
-9651
-9891
-9755
-10187
-9659
-10403
-9731
-10667
-9699
-10859
-9723
-11075
-9747
-11419
-9755
-11611
-9651
-11883
-9755
-12139
-9755
-12339
-9739
-12579
-9755
-12867
-9715
-13099
-9739
-13251
-9643
-13523
-9723
-13795
-9691
-14059
-9691
-14291
-9755
-14515
-9635
-14691
-9635
-15011
-9651
-15211
-9731
-15419
-9739
-15651
-9731
-15891
-9651
-16195
-9699
-16363
-9643
-16651
-9755
-16891
-9635
-17131
-9755
-17419
-9747
-17659
-9659
-17859
-9707
-18107
-9747
-18395
-9699
-18515
-9643
-18859
-9947
85
-9971
-131
-9995
-331
-9979
-611
-9931
-771
-9899
-987
-9923
-1227
-9939
-1587
-9995
-1819
-9907
-1963
-9947
-2211
-9875
-2491
-9955
-2723
-9907
-2979
-9899
-3187
-9875
-3475
-9963
-3683
-9955
-3915
-9963
-4131
-9987
-4443
-9915
-4603
-9963
-4955
-9995
-5179
-9891
-5435
-9995
-5563
-9979
-5819
-9891
-6099
-9987
-6323
-9939
-6563
-9915
-6747
-9939
-7051
-9995
-7235
-9915
-7571
-9931
-7707
-9883
-8075
-9875
-8299
-9979
-8507
-9955
-8699
-9979
-9003
-9931
-9243
-9979
-9491
-9995
-9667
-9971
-9907
-9987
-10227
-9875
-10379
-9923
-10667
-9987
-10891
-9979
-11187
-9971
-11427
-9939
-11651
-9883
-11851
-9971
-12131
-9995
-12371
-9947
-12555
-9963
-12787
-9891
-13091
-9907
-13291
-9923
-13587
-9907
-13755
-9971
-14059
-9955
-14219
-9883
-14515
-9979
-14699
-9883
-15003
-9947
-15227
-9883
-15403
-9907
-15683
-9931
-15923
-9923
-16235
-9963
-16451
-9867
-16699
-9899
-16875
-9947
-17187
-9995
-17387
-9963
-17547
-9947
-17803
-9947
-18083
-9947
-18307
-9963
-18531
-9939
-18819
-10211
85
-10235
-107
-10187
-363
-10219
-587
-10115
-859
-10187
-995
-10155
-1355
-10171
-1563
-10187
-1763
-10171
-1987
-10115
-2187
-10235
-2539
-10171
-2755
-10219
-3019
-10195
-3275
-10219
-3491
-10227
-3667
-10195
-3923
-10187
-4147
-10171
-4379
-10155
-4595
-10171
-4851
-10155
-5123
-10147
-5419
-10219
-5555
-10227
-5851
-10235
-6155
-10179
-6315
-10195
-6555
-10219
-6827
-10179
-7043
-10227
-7227
-10235
-7555
-10219
-7771
-10235
-7987
-10203
-8195
-10211
-8531
-10179
-8779
-10155
-8995
-10171
-9171
-10171
-9499
-10131
-9691
-10163
-9995
-10203
-10195
-10171
-10403
-10187
-10715
-10147
-10891
-10195
-11083
-10211
-11323
-10107
-11595
-10235
-11851
-10171
-12043
-10235
-12371
-10131
-12579
-10211
-12875
-10235
-13067
-10115
-13251
-10195
-13483
-10219
-13763
-10235
-14067
-10139
-14195
-10187
-14443
-10187
-14699
-10227
-15003
-10107
-15275
-10179
-15395
-10155
-15723
-10235
-15867
-10235
-16155
-10227
-16371
-10115
-16659
-10219
-16923
-10195
-17083
-10235
-17339
-10195
-17611
-10203
-17811
-10219
-18115
-10219
-18339
-10211
-18531
-10131
-18867
-10427
133
-10427
-155
-10419
-291
-10451
-555
-10467
-755
-10467
-1043
-10475
-1283
-10419
-1571
-10451
-1763
-10419
-2075
-10475
-2283
-10475
-2547
-10443
-2795
-10451
-2955
-10427
-3275
-10427
-3395
-10451
-3707
-10475
-3947
-10411
-4115
-10419
-4467
-10475
-4643
-10435
-4867
-10419
-5155
-10459
-5323
-10467
-5611
-10411
-5883
-10475
-6027
-10443
-6299
-10419
-6595
-10443
-6771
-10459
-7059
-10451
-7251
-10451
-7571
-10435
-7803
-10451
-7995
-10419
-8315
-10419
-8435
-10443
-8779
-10419
-8995
-10467
-9179
-10467
-9499
-10411
-9707
-10451
-9963
-10435
-10107
-10467
-10427
-10443
-10667
-10475
-10939
-10467
-11091
-10475
-11331
-10451
-11675
-10467
-11859
-10411
-12107
-10443
-12363
-10419
-12531
-10467
-12843
-10419
-12995
-10467
-13299
-10475
-13555
-10443
-13835
-10475
-14035
-10475
-14291
-10451
-14547
-10451
-14731
-10443
-14939
-10451
-15219
-10435
-15451
-10435
-15731
-10475
-15971
-10435
-16227
-10475
-16347
-10443
-16699
-10467
-16883
-10467
-17163
-10427
-17395
-10435
-17587
-10475
-17851
-10459
-18067
-10467
-18299
-10443
-18611
-10475
-18851
