134
1964
433
-11
351
-283
164
-567
207
-866
122
-1065
231
-1206
116
-1530
270
-1778
234
-1941
281
-2241
199
-2483
129
-2773
163
-2973
145
-3167
109
-3459
159
-3689
267
-3923
247
-4137
261
-4383
327
-4591
117
-4819
141
-5075
109
-5355
93
-5575
117
-5899
93
-6043
149
-6347
109
-6539
117
-6779
149
-6999
85
-7231
93
-7539
101
-7687
125
-8043
101
-8271
149
-8527
117
-8767
149
-8991
101
-9243
85
-9507
133
-9635
93
-9955
101
-10123
133
-10475
117
-10715
117
-10939
125
-11107
85
-11307
133
-11651
93
-11899
149
-12131
93
-12267
101
-12563
85
-12755
93
-13035
141
-13235
93
-13595
133
-13787
109
-13955
85
-14299
93
-14515
101
-14795
85
-14907
133
-15251
149
-15499
101
-15635
101
-15883
93
-16107
117
-16427
109
-16707
133
-16923
133
-17099
101
-17307
109
-17603
93
-17851
109
-18147
101
-18339
149
-18587
149
-18859
-79
924
-107
-41
-113
-317
-120
-587
-16
-754
-53
-1065
-81
-1218
-110
-1439
-62
-1766
-63
-1991
-93
-2273
-119
-2481
-45
-2647
-93
-2997
-59
-3155
-63
-3483
-99
-3681
-123
-3931
-61
-4203
-91
-4451
-83
-4619
-139
-4831
-79
-5079
-55
-5415
-147
-5643
-115
-5819
-135
-6099
-71
-6355
-19
-6587
-147
-6783
-23
-6987
-127
-7211
-139
-7547
-135
-7819
-31
-8035
-59
-8287
-127
-8511
-135
-8675
-39
-8915
-43
-9195
-83
-9515
-147
-9651
-139
-9947
-147
-10131
-59
-10443
-123
-10603
-139
-10931
-83
-11187
-155
-11347
-155
-11619
-131
-11835
-147
-12099
-139
-12347
-59
-12587
-107
-12803
-99
-13027
-147
-13323
-99
-13491
-155
-13787
-43
-13995
-83
-14307
-139
-14443
-139
-14787
-51
-15027
-131
-15251
-83
-15443
-147
-15683
-147
-15891
-107
-16163
-147
-16347
-131
-16611
-139
-16923
-107
-17075
-51
-17363
-147
-17667
-35
-17819
-115
-18107
-75
-18267
-99
-18555
-51
-18827
-359
315
-321
-82
-317
-254
-347
-483
-373
-784
-381
-976
-303
-1297
-325
-1503
-305
-1745
-362
-1951
-376
-2269
-379
-2515
-271
-2747
-357
-2989
-333
-3135
-285
-3431
-323
-3683
-347
-3863
-267
-4133
-311
-4317
-263
-4629
-307
-4939
-343
-5075
-303
-5307
-371
-5551
-371
-5827
-351
-6099
-275
-6315
-279
-6511
-291
-6811
-335
-7015
-339
-7219
-315
-7543
-371
-7755
-367
-7935
-287
-8167
-315
-8459
-303
-8707
-263
-8903
-259
-9223
-375
-9411
-347
-9715
-339
-9891
-315
-10179
-379
-10371
-315
-10587
-363
-10883
-291
-11163
-339
-11347
-371
-11579
-347
-11835
-323
-12043
-315
-12291
-379
-12555
-291
-12875
-395
-13027
-339
-13331
-371
-13555
-347
-13819
-315
-14035
-283
-14283
-355
-14435
-363
-14739
-371
-15027
-363
-15179
-331
-15451
-395
-15659
-347
-15875
-387
-16187
-387
-16395
-371
-16635
-355
-16947
-379
-17171
-379
-17395
-395
-17595
-339
-17891
-267
-18091
-283
-18307
-387
-18595
-355
-18875
-602
1529
-564
-107
-567
-245
-568
-567
-576
-779
-615
-1079
-581
-1323
-607
-1482
-564
-1793
-623
-2025
-574
-2193
-587
-2453
-525
-2749
-563
-2871
-581
-3165
-593
-3453
-563
-3693
-569
-3927
-591
-4229
-575
-4399
-595
-4663
-563
-4815
-495
-5123
-527
-5363
-615
-5663
-595
-5839
-587
-6051
-619
-6315
-515
-6535
-583
-6731
-587
-7103
-603
-7315
-515
-7567
-551
-7763
-619
-7927
-611
-8279
-539
-8447
-607
-8699
-599
-8895
-575
-9191
-627
-9507
-611
-9747
-635
-9915
-611
-10147
-603
-10419
-611
-10603
-587
-10859
-539
-11131
-627
-11323
-531
-11619
-595
-11859
-611
-12107
-619
-12387
-539
-12523
-635
-12819
-515
-12995
-611
-13355
-571
-13539
-603
-13707
-547
-14059
-603
-14299
-627
-14539
-555
-14763
-563
-14923
-579
-15195
-627
-15419
-547
-15691
-627
-15931
-635
-16211
-611
-16475
-595
-16651
-603
-16883
-611
-17107
-627
-17315
-603
-17547
-595
-17843
-531
-18027
-507
-18275
-619
-18579
-563
-18867
-855
1685
-803
-130
-843
-357
-838
-610
-873
-868
-786
-1022
-859
-1307
-863
-1516
-827
-1778
-803
-1947
-803
-2225
-859
-2537
-861
-2665
-835
-2903
-795
-3215
-785
-3415
-789
-3657
-721
-3875
-783
-4107
-823
-4395
-805
-4617
-763
-4903
-851
-5171
-795
-5395
-819
-5587
-851
-5783
-855
-6127
-775
-6283
-723
-6607
-799
-6771
-763
-7011
-779
-7307
-775
-7535
-807
-7723
-827
-7943
-855
-8255
-843
-8491
-859
-8639
-843
-8975
-839
-9195
-831
-9467
-851
-9683
-787
-9891
-795
-10235
-875
-10371
-771
-10667
-827
-10883
-875
-11171
-859
-11315
-771
-11603
-859
-11883
-851
-12091
-851
-12395
-875
-12531
-827
-12827
-819
-13051
-835
-13227
-867
-13515
-827
-13819
-827
-14035
-755
-14259
-843
-14531
-811
-14779
-819
-14995
-835
-15179
-843
-15443
-867
-15683
-827
-15939
-867
-16171
-859
-16427
-747
-16667
-827
-16843
-763
-17163
-803
-17371
-875
-17675
-859
-17875
-867
-18147
-835
-18395
-827
-18523
-811
-18859
-1059
205
-1066
-29
-1050
-350
-1006
-515
-1089
-805
-1066
-1007
-1006
-1246
-1058
-1520
-1026
-1782
-1086
-1932
-1078
-2246
-1083
-2469
-1019
-2663
-1001
-2963
-1107
-3197
-961
-3435
-1063
-3661
-959
-3887
-1035
-4125
-967
-4321
-1069
-4675
-1087
-4815
-967
-5191
-1035
-5407
-1011
-5619
-1007
-5811
-1051
-6139
-1075
-6279
-1075
-6519
-987
-6755
-1015
-7051
-1115
-7263
-995
-7571
-991
-7731
-1023
-8059
-1027
-8283
-1003
-8455
-1091
-8779
-995
-9003
-963
-9251
-1019
-9467
-1107
-9659
-1011
-9899
-1115
-10131
-995
-10427
-1099
-10595
-1035
-10835
-1019
-11187
-1043
-11347
-1091
-11619
-1075
-11883
-987
-12091
-1099
-12387
-995
-12515
-1075
-12867
-1027
-13027
-1043
-13267
-1027
-13579
-1043
-13707
-1027
-14003
-1091
-14251
-1075
-14443
-1019
-14723
-1019
-15035
-1099
-15163
-1107
-15507
-1107
-15723
-1043
-15971
-995
-16227
-1027
-16435
-1027
-16715
-1099
-16891
-1075
-17139
-1051
-17323
-1115
-17579
-1115
-17883
-1019
-18099
-1107
-18299
-1027
-18635
-1075
-18859
-1329
1929
-1327
-119
-1290
-354
-1303
-578
-1327
-745
-1257
-1035
-1329
-1305
-1298
-1526
-1339
-1827
-1215
-2020
-1297
-2175
-1295
-2467
-1219
-2697
-1311
-2929
-1233
-3191
-1331
-3353
-1303
-3711
-1331
-3857
-1263
-4077
-1313
-4403
-1303
-4647
-1271
-4819
-1323
-5099
-1271
-5371
-1271
-5643
-1247
-5871
-1323
-6043
-1259
-6375
-1267
-6511
-1283
-6847
-1303
-6979
-1311
-7279
-1303
-7575
-1323
-7775
-1283
-7983
-1251
-8175
-1231
-8403
-1255
-8699
-1255
-8891
-1331
-9227
-1339
-9491
-1347
-9739
-1347
-9987
-1275
-10147
-1331
-10371
-1355
-10611
-1355
-10955
-1355
-11195
-1235
-11395
-1243
-11627
-1259
-11875
-1243
-12139
-1331
-12387
-1235
-12627
-1299
-12811
-1331
-13051
-1299
-13331
-1315
-13587
-1251
-13747
-1227
-14067
-1283
-14211
-1331
-14547
-1315
-14739
-1307
-14955
-1307
-15171
-1315
-15411
-1315
-15659
-1235
-15891
-1315
-16179
-1347
-16419
-1331
-16683
-1283
-16947
-1355
-17075
-1331
-17387
-1331
-17619
-1339
-17891
-1355
-18075
-1339
-18355
-1243
-18619
-1259
-18811
-1579
1241
-1469
-79
-1535
-267
-1547
-595
-1487
-731
-1477
-987
-1579
-1265
-1539
-1495
-1585
-1815
-1555
-1981
-1529
-2171
-1537
-2435
-1531
-2715
-1521
-2943
-1531
-3191
-1549
-3429
-1521
-3721
-1557
-3861
-1551
-4217
-1491
-4425
-1537
-4583
-1543
-4951
-1547
-5091
-1531
-5347
-1475
-5659
-1503
-5915
-1479
-6023
-1559
-6335
-1547
-6547
-1511
-6759
-1479
-7099
-1575
-7343
-1511
-7527
-1579
-7727
-1571
-8063
-1547
-8199
-1459
-8411
-1471
-8719
-1563
-8999
-1547
-9271
-1555
-9447
-1587
-9715
-1563
-9923
-1531
-10131
-1515
-10459
-1587
-10635
-1491
-10867
-1579
-11171
-1563
-11403
-1587
-11595
-1579
-11795
-1515
-12131
-1547
-12283
-1579
-12507
-1515
-12803
-1587
-13019
-1507
-13307
-1587
-13483
-1499
-13763
-1515
-14003
-1475
-14227
-1483
-14475
-1587
-14683
-1483
-15019
-1595
-15259
-1523
-15499
-1539
-15667
-1507
-15875
-1483
-16147
-1595
-16459
-1571
-16603
-1515
-16875
-1587
-17083
-1475
-17427
-1515
-17675
-1579
-17899
-1595
-18083
-1571
-18307
-1579
-18539
-1579
-18835
-1795
1659
-1797
-91
-1759
-313
-1745
-473
-1777
-813
-1773
-1089
-1757
-1233
-1787
-1583
-1749
-1813
-1709
-2039
-1745
-2265
-1751
-2487
-1811
-2665
-1721
-3011
-1763
-3135
-1705
-3489
-1699
-3737
-1777
-3907
-1719
-4153
-1753
-4411
-1715
-4653
-1703
-4823
-1747
-5163
-1755
-5395
-1739
-5667
-1783
-5783
-1771
-6095
-1791
-6255
-1771
-6619
-1807
-6763
-1731
-6987
-1803
-7219
-1803
-7567
-1767
-7819
-1799
-7975
-1811
-8263
-1763
-8451
-1711
-8683
-1791
-8967
-1771
-9203
-1775
-9451
-1779
-9667
-1827
-9971
-1739
-10179
-1771
-10371
-1835
-10619
-1787
-10859
-1787
-11155
-1787
-11371
-1779
-11587
-1779
-11843
-1739
-12139
-1771
-12275
-1827
-12619
-1787
-12867
-1803
-13107
-1795
-13355
-1819
-13475
-1715
-13715
-1731
-14035
-1835
-14195
-1715
-14547
-1787
-14675
-1795
-15003
-1715
-15155
-1747
-15419
-1811
-15627
-1803
-15995
-1739
-16195
-1747
-16459
-1811
-16659
-1763
-16907
-1747
-17099
-1715
-17387
-1803
-17563
-1795
-17851
-1811
-18035
-1787
-18307
-1771
-18539
-1811
-18867
-2075
799
-1967
-145
-2013
-335
-2019
-567
-2063
-823
-2023
-975
-1959
-1345
-2049
-1567
-2015
-1753
-2043
-2025
-1975
-2165
-2045
-2501
-1975
-2689
-2051
-2923
-2025
-3175
-2039
-3463
-1991
-3723
-2037
-3947
-1919
-4155
-1981
-4457
-2059
-4675
-2059
-4811
-2055
-5127
-2067
-5395
-2011
-5611
-2043
-5791
-2003
-6091
-1991
-6351
-1923
-6587
-2059
-6743
-2063
-7075
-1963
-7283
-1995
-7523
-2023
-7683
-2003
-8051
-1923
-8243
-1987
-8511
-1943
-8647
-1971
-8903
-2027
-9147
-1951
-9463
-1955
-9683
-1955
-9891
-2059
-10195
-2075
-10435
-2075
-10627
-2019
-10859
-2051
-11163
-2067
-11395
-2043
-11619
-2075
-11859
-2003
-12051
-1979
-12307
-2051
-12531
-2051
-12819
-1987
-13051
-2035
-13323
-2051
-13571
-1979
-13731
-2075
-14019
-2059
-14243
-2035
-14483
-1979
-14787
-1955
-14947
-2051
-15235
-2051
-15411
-2075
-15699
-1987
-15899
-1947
-16131
-2035
-16371
-2027
-16715
-1963
-16915
-2075
-17187
-2051
-17427
-2051
-17643
-2067
-17859
-2043
-18083
-2059
-18355
-2067
-18587
-2051
-18851
-2275
1171
-2259
-29
-2241
-237
-2165
-553
-2213
-757
-2239
-1031
-2195
-1251
-2243
-1557
-2301
-1749
-2185
-1939
-2187
-2179
-2275
-2541
-2275
-2683
-2161
-2951
-2287
-3151
-2185
-3473
-2267
-3739
-2231
-3843
-2223
-4213
-2251
-4349
-2179
-4663
-2199
-4875
-2259
-5179
-2291
-5403
-2307
-5591
-2259
-5823
-2183
-6107
-2239
-6295
-2215
-6579
-2303
-6767
-2271
-6999
-2267
-7351
-2271
-7503
-2203
-7679
-2207
-7971
-2211
-8203
-2211
-8523
-2295
-8767
-2275
-9007
-2251
-9211
-2299
-9411
-2203
-9739
-2195
-9907
-2275
-10219
-2243
-10419
-2211
-10627
-2307
-10867
-2227
-11139
-2307
-11395
-2195
-11619
-2283
-11835
-2243
-12123
-2299
-12331
-2275
-12547
-2283
-12779
-2299
-13019
-2187
-13227
-2291
-13499
-2259
-13779
-2195
-13963
-2267
-14235
-2299
-14443
-2251
-14779
-2211
-14971
-2235
-15203
-2259
-15507
-2299
-15739
-2275
-15875
-2315
-16219
-2267
-16435
-2307
-16675
-2243
-16907
-2275
-17155
-2243
-17379
-2291
-17651
-2299
-17795
-2227
-18099
-2259
-18323
-2275
-18603
-2195
-18827
-2551
421
-2521
-71
-2515
-255
-2481
-561
-2505
-795
-2521
-1033
-2539
-1207
-2553
-1547
-2427
-1783
-2423
-2001
-2531
-2227
-2459
-2403
-2513
-2769
-2503
-2993
-2505
-3255
-2479
-3447
-2507
-3675
-2451
-3917
-2417
-4205
-2507
-4373
-2459
-4693
-2527
-4819
-2443
-5167
-2483
-5323
-2523
-5539
-2467
-5827
-2495
-6043
-2547
-6371
-2479
-6499
-2455
-6859
-2451
-7043
-2439
-7331
-2499
-7491
-2527
-7783
-2491
-8059
-2503
-8235
-2527
-8475
-2471
-8703
-2507
-9007
-2515
-9251
-2483
-9443
-2523
-9755
-2515
-9955
-2523
-10211
-2515
-10435
-2427
-10651
-2555
-10875
-2459
-11123
-2475
-11323
-2555
-11651
-2555
-11843
-2491
-12107
-2483
-12371
-2547
-12627
-2475
-12827
-2443
-13019
-2515
-13267
-2555
-13595
-2499
-13827
-2483
-14019
-2475
-14283
-2507
-14539
-2459
-14771
-2555
-14915
-2515
-15219
-2515
-15475
-2547
-15699
-2499
-15891
-2483
-16187
-2523
-16419
-2531
-16595
-2451
-16899
-2435
-17155
-2451
-17435
-2507
-17627
-2523
-17907
-2435
-18131
-2547
-18323
-2515
-18587
-2467
-18827
-2795
93
-2779
-135
-2783
-279
-2731
-563
-2723
-759
-2759
-1039
-2783
-1315
-2755
-1567
-2727
-1715
-2763
-2047
-2755
-2271
-2755
-2455
-2731
-2667
-2683
-3001
-2711
-3267
-2751
-3411
-2675
-3659
-2711
-3943
-2719
-4123
-2771
-4371
-2771
-4647
-2755
-4915
-2643
-5103
-2775
-5371
-2743
-5651
-2755
-5775
-2715
-6039
-2751
-6315
-2675
-6579
-2707
-6831
-2747
-7059
-2747
-7315
-2679
-7459
-2651
-7795
-2723
-7955
-2679
-8195
-2763
-8519
-2767
-8643
-2783
-8963
-2715
-9219
-2691
-9431
-2755
-9739
-2779
-9939
-2699
-10107
-2779
-10387
-2715
-10667
-2795
-10955
-2723
-11075
-2739
-11387
-2723
-11563
-2667
-11851
-2723
-12035
-2795
-12267
-2739
-12563
-2683
-12803
-2707
-12987
-2747
-13235
-2779
-13555
-2795
-13803
-2739
-14003
-2667
-14203
-2795
-14555
-2691
-14787
-2747
-15011
-2795
-15179
-2771
-15499
-2683
-15627
-2747
-15995
-2739
-16115
-2667
-16427
-2707
-16699
-2779
-16835
-2763
-17099
-2739
-17435
-2675
-17635
-2763
-17795
-2731
-18083
-2723
-18339
-2763
-18539
-2731
-18827
-2951
125
-2883
-67
-2911
-295
-2951
-543
-2927
-803
-3019
-995
-2995
-1251
-2931
-1519
-2963
-1703
-3015
-1967
-2923
-2191
-2987
-2399
-3019
-2743
-2923
-2955
-3011
-3239
-2983
-3507
-2955
-3683
-2951
-3879
-3011
-4179
-2947
-4343
-2959
-4675
-3023
-4935
-3003
-5143
-2975
-5319
-2987
-5519
-3011
-5855
-2983
-6075
-2967
-6331
-2979
-6575
-2891
-6799
-2991
-7067
-2939
-7235
-2943
-7571
-2999
-7759
-2939
-8015
-3003
-8263
-2967
-8531
-3023
-8711
-3007
-9011
-2955
-9163
-3003
-9471
-2971
-9755
-2915
-9923
-3011
-10203
-2939
-10427
-3003
-10651
-2987
-10875
-2979
-11139
-2995
-11339
-2995
-11547
-2915
-11875
-2963
-12035
-2907
-12371
-3027
-12627
-2931
-12859
-3011
-13107
-2955
-13275
-2947
-13571
-2947
-13819
-2947
-13995
-2915
-14267
-2995
-14547
-2987
-14779
-2955
-14931
-2979
-15267
-3003
-15395
-3003
-15635
-3011
-15931
-2955
-16115
-2915
-16363
-2995
-16643
-3019
-16851
-3003
-17083
-2995
-17323
-3011
-17555
-2939
-17843
-3035
-18091
-3003
-18387
-2955
-18523
-2931
-18835
-3215
125
-3179
-67
-3255
-291
-3219
-595
-3207
-743
-3215
-1075
-3179
-1263
-3179
-1571
-3251
-1779
-3267
-2043
-3159
-2175
-3251
-2415
-3199
-2739
-3139
-3003
-3263
-3155
-3159
-3427
-3207
-3635
-3219
-3851
-3147
-4155
-3239
-4403
-3219
-4619
-3187
-4931
-3187
-5159
-3223
-5427
-3231
-5635
-3147
-5875
-3235
-6071
-3147
-6379
-3179
-6583
-3251
-6771
-3203
-7031
-3203
-7331
-3239
-7575
-3255
-7767
-3243
-7963
-3235
-8203
-3155
-8487
-3199
-8683
-3183
-8923
-3203
-9243
-3171
-9371
-3259
-9675
-3243
-9947
-3259
-10211
-3251
-10419
-3203
-10675
-3227
-10891
-3259
-11115
-3187
-11331
-3195
-11547
-3243
-11843
-3251
-12091
-3219
-12371
-3251
-12571
-3259
-12795
-3147
-13051
-3211
-13267
-3235
-13507
-3251
-13803
-3251
-13963
-3243
-14275
-3163
-14443
-3251
-14763
-3251
-14963
-3227
-15251
-3155
-15475
-3155
-15747
-3211
-15915
-3267
-16227
-3195
-16387
-3267
-16699
-3187
-16947
-3251
-17099
-3267
-17419
-3227
-17611
-3171
-17835
-3171
-18115
-3267
-18267
-3243
-18523
-3219
-18875
-3443
125
-3507
-103
-3511
-299
-3379
-495
-3403
-723
-3455
-1087
-3471
-1271
-3495
-1535
-3475
-1699
-3487
-2027
-3479
-2283
-3411
-2555
-3503
-2731
-3399
-2999
-3467
-3235
-3471
-3411
-3483
-3675
-3455
-3959
-3507
-4187
-3475
-4395
-3475
-4591
-3451
-4931
-3491
-5067
-3411
-5367
-3471
-5599
-3499
-5783
-3491
-6087
-3503
-6251
-3439
-6523
-3427
-6815
-3383
-6995
-3503
-7263
-3499
-7515
-3407
-7827
-3451
-8019
-3447
-8207
-3447
-8463
-3419
-8643
-3467
-8931
-3391
-9207
-3379
-9359
-3435
-9643
-3387
-9915
-3507
-10155
-3515
-10379
-3387
-10659
-3499
-10891
-3491
-11075
-3483
-11387
-3419
-11595
-3387
-11883
-3427
-12051
-3499
-12291
-3515
-12547
-3459
-12803
-3467
-13107
-3507
-13291
-3467
-13547
-3515
-13731
-3451
-14019
-3475
-14275
-3515
-14435
-3395
-14715
-3507
-14987
-3507
-15179
-3459
-15427
-3491
-15755
-3499
-15955
-3467
-16235
-3475
-16427
-3395
-16611
-3483
-16835
-3459
-17171
-3491
-17347
-3411
-17579
-3395
-17843
-3507
-18131
-3483
-18291
-3507
-18611
-3459
-18811
-3627
141
-3731
-91
-3683
-299
-3699
-595
-3727
-831
-3739
-1075
-3747
-1319
-3699
-1539
-3699
-1703
-3723
-1971
-3715
-2195
-3703
-2463
-3659
-2739
-3731
-2907
-3723
-3171
-3663
-3463
-3643
-3655
-3711
-3979
-3723
-4179
-3703
-4331
-3663
-4667
-3679
-4815
-3643
-5071
-3691
-5419
-3655
-5659
-3647
-5835
-3667
-6107
-3623
-6331
-3707
-6551
-3715
-6843
-3715
-6999
-3719
-7263
-3667
-7467
-3651
-7763
-3647
-8031
-3695
-8303
-3691
-8491
-3719
-8679
-3675
-8947
-3715
-9151
-3751
-9407
-3675
-9747
-3715
-9867
-3707
-10227
-3691
-10387
-3707
-10699
-3747
-10843
-3755
-11163
-3635
-11363
-3755
-11635
-3723
-11875
-3675
-12027
-3627
-12267
-3675
-12627
-3691
-12867
-3747
-13099
-3627
-13307
-3667
-13555
-3659
-13795
-3635
-13995
-3747
-14227
-3667
-14499
-3723
-14755
-3707
-14931
-3715
-15227
-3675
-15395
-3707
-15715
-3651
-15979
-3723
-16123
-3675
-16355
-3635
-16587
-3731
-16947
-3707
-17195
-3667
-17371
-3715
-17635
-3739
-17795
-3675
-18115
-3731
-18291
-3691
-18571
-3747
-18843
-3887
149
-3911
-39
-3935
-299
-3879
-599
-3939
-755
-3907
-1039
-3899
-1239
-3963
-1491
-3971
-1723
-3907
-2007
-3951
-2315
-3899
-2511
-3943
-2763
-3955
-2995
-3879
-3171
-3923
-3439
-3943
-3675
-3963
-3979
-3939
-4155
-3899
-4359
-3863
-4583
-3967
-4839
-3947
-5047
-3883
-5395
-3923
-5619
-3959
-5815
-3967
-6027
-3967
-6335
-3959
-6535
-3899
-6811
-3959
-7011
-3971
-7227
-3967
-7495
-3971
-7803
-3875
-8015
-3899
-8207
-3963
-8551
-3899
-8699
-3979
-8955
-3891
-9179
-3931
-9419
-3939
-9683
-3979
-9915
-3971
-10187
-3891
-10355
-3995
-10587
-3907
-10843
-3987
-11179
-3947
-11307
-3891
-11611
-3963
-11803
-3875
-12027
-3987
-12283
-3923
-12587
-3899
-12875
-3979
-13035
-3971
-13315
-3931
-13499
-3971
-13763
-3931
-14019
-3963
-14299
-3899
-14475
-3963
-14667
-3979
-14971
-3947
-15267
-3979
-15395
-3883
-15707
-3987
-15987
-3947
-16123
-3907
-16427
-3987
-16587
-3931
-16843
-3939
-17179
-3955
-17435
-3987
-17651
-3955
-17891
-3987
-18115
-3963
-18315
-3955
-18595
-3947
-18819
-4143
101
-4187
-123
-4171
-339
-4087
-503
-4155
-843
-4179
-1031
-4223
-1227
-4091
-1555
-4175
-1779
-4091
-2039
-4115
-2231
-4211
-2531
-4151
-2763
-4139
-2995
-4119
-3127
-4199
-3483
-4199
-3599
-4199
-3851
-4135
-4163
-4147
-4327
-4211
-4595
-4171
-4811
-4183
-5155
-4195
-5303
-4227
-5567
-4183
-5779
-4163
-6019
-4131
-6335
-4191
-6591
-4155
-6755
-4131
-7003
-4183
-7279
-4163
-7459
-4235
-7771
-4207
-8003
-4187
-8271
-4159
-8527
-4127
-8683
-4179
-8963
-4199
-9175
-4183
-9443
-4187
-9651
-4211
-9931
-4195
-10147
-4115
-10427
-4235
-10635
-4123
-10907
-4235
-11099
-4211
-11379
-4147
-11571
-4115
-11811
-4235
-12083
-4227
-12387
-4219
-12563
-4219
-12819
-4195
-13003
-4155
-13355
-4163
-13547
-4147
-13723
-4131
-14019
-4147
-14259
-4179
-14539
-4115
-14699
-4139
-14971
-4139
-15155
-4139
-15499
-4187
-15627
-4195
-15939
-4227
-16203
-4235
-16427
-4227
-16691
-4203
-16867
-4147
-17139
-4163
-17419
-4227
-17619
-4211
-17875
-4107
-18043
-4219
-18315
-4203
-18603
-4139
-18875
-4403
149
-4347
-59
-4447
-363
-4359
-599
-4375
-815
-4419
-1035
-4407
-1199
-4371
-1551
-4411
-1715
-4363
-1947
-4395
-2271
-4355
-2399
-4383
-2747
-4387
-3019
-4371
-3183
-4375
-3435
-4455
-3731
-4443
-3851
-4339
-4147
-4399
-4435
-4451
-4687
-4331
-4827
-4463
-5155
-4435
-5335
-4435
-5583
-4395
-5839
-4407
-6063
-4407
-6355
-4331
-6583
-4351
-6855
-4371
-7019
-4387
-7287
-4403
-7443
-4363
-7735
-4455
-7983
-4411
-8259
-4347
-8423
-4467
-8735
-4363
-8979
-4431
-9159
-4371
-9383
-4411
-9643
-4403
-9867
-4419
-10139
-4403
-10395
-4419
-10627
-4411
-10923
-4427
-11067
-4475
-11427
-4363
-11667
-4451
-11875
-4371
-12099
-4467
-12275
-4347
-12555
-4443
-12859
-4435
-12987
-4467
-13339
-4387
-13483
-4435
-13723
-4371
-13963
-4419
-14211
-4459
-14555
-4475
-14755
-4467
-15019
-4395
-15171
-4387
-15403
-4403
-15691
-4435
-15891
-4475
-16123
-4379
-16363
-4475
-16603
-4467
-16851
-4395
-17163
-4467
-17347
-4419
-17595
-4419
-17819
-4371
-18043
-4387
-18267
-4451
-18595
-4379
-18875
-4611
85
-4627
-43
-4647
-243
-4683
-487
-4695
-723
-4663
-975
-4695
-1259
-4667
-1519
-4611
-1731
-4643
-1967
-4639
-2247
-4703
-2503
-4651
-2683
-4631
-3011
-4667
-3195
-4639
-3383
-4619
-3659
-4667
-3883
-4691
-4183
-4623
-4383
-4627
-4579
-4707
-4799
-4655
-5115
-4583
-5375
-4679
-5591
-4659
-5779
-4615
-6067
-4603
-6367
-4591
-6571
-4623
-6779
-4567
-6987
-4675
-7215
-4655
-7483
-4667
-7807
-4631
-7951
-4699
-8235
-4651
-8499
-4695
-8715
-4615
-9003
-4687
-9243
-4715
-9375
-4667
-9651
-4675
-9907
-4715
-10227
-4627
-10371
-4651
-10603
-4611
-10955
-4651
-11107
-4667
-11435
-4715
-11571
-4651
-11915
-4683
-12107
-4587
-12291
-4715
-12571
-4651
-12787
-4715
-13067
-4675
-13331
-4675
-13515
-4659
-13787
-4683
-14067
-4651
-14195
-4675
-14523
-4595
-14699
-4667
-14995
-4651
-15163
-4691
-15467
-4603
-15627
-4643
-15979
-4667
-16187
-4715
-16355
-4587
-16603
-4651
-16947
-4675
-17139
-4635
-17355
-4675
-17667
-4675
-17883
-4675
-18027
-4659
-18347
-4715
-18555
-4691
-18859
-4911
117
-4895
-3
-4855
-287
-4927
-607
-4887
-787
-4867
-999
-4851
-1259
-4903
-1555
-4867
-1695
-4883
-1971
-4847
-2239
-4919
-2503
-4895
-2795
-4883
-3035
-4883
-3115
-4935
-3419
-4863
-3619
-4891
-3927
-4867
-4155
-4891
-4363
-4951
-4619
-4855
-4859
-4835
-5163
-4955
-5315
-4847
-5611
-4927
-5867
-4847
-6139
-4867
-6327
-4891
-6531
-4891
-6799
-4875
-7079
-4911
-7327
-4875
-7519
-4895
-7763
-4863
-8035
-4851
-8203
-4935
-8435
-4911
-8747
-4863
-8955
-4831
-9187
-4891
-9483
-4931
-9643
-4955
-9995
-4931
-10211
-4939
-10411
-4931
-10619
-4915
-10843
-4931
-11131
-4827
-11339
-4907
-11651
-4947
-11899
-4923
-12099
-4827
-12347
-4947
-12627
-4931
-12867
-4827
-13099
-4883
-13251
-4899
-13515
-4939
-13707
-4899
-14067
-4923
-14267
-4939
-14515
-4827
-14779
-4955
-15011
-4931
-15267
-4947
-15499
-4867
-15635
-4947
-15899
-4859
-16227
-4923
-16387
-4843
-16683
-4843
-16867
-4827
-17075
-4851
-17411
-4947
-17627
-4931
-17859
-4867
-18067
-4939
-18275
-4947
-18507
-4955
-18819
-5123
109
-5063
-119
-5075
-255
-5159
-595
-5183
-775
-5075
-1083
-5155
-1263
-5091
-1487
-5147
-1751
-5155
-2067
-5163
-2155
-5171
-2519
-5123
-2747
-5083
-2959
-5191
-3199
-5159
-3415
-5183
-3623
-5087
-3867
-5123
-4199
-5115
-4407
-5179
-4631
-5095
-4923
-5163
-5143
-5047
-5315
-5123
-5611
-5167
-5915
-5171
-6083
-5091
-6255
-5155
-6519
-5091
-6783
-5123
-7007
-5095
-7251
-5151
-7463
-5107
-7763
-5075
-8047
-5155
-8231
-5147
-8407
-5099
-8763
-5187
-8895
-5159
-9147
-5127
-9431
-5147
-9643
-5099
-9875
-5163
-10155
-5107
-10451
-5171
-10595
-5131
-10899
-5163
-11155
-5115
-11307
-5091
-11651
-5195
-11795
-5179
-12035
-5195
-12283
-5147
-12555
-5187
-12747
-5163
-13035
-5171
-13243
-5163
-13515
-5163
-13763
-5131
-13979
-5099
-14315
-5187
-14491
-5131
-14715
-5075
-14979
-5147
-15275
-5163
-15435
-5067
-15691
-5139
-15979
-5179
-16187
-5107
-16347
-5147
-16659
-5155
-16939
-5195
-17099
-5123
-17331
-5139
-17611
-5163
-17795
-5179
-18099
-5123
-18371
-5179
-18635
-5139
-18835
-5427
109
-5315
-31
-5363
-339
-5323
-547
-5355
-747
-5307
-1015
-5315
-1283
-5411
-1499
-5403
-1827
-5403
-1947
-5395
-2315
-5435
-2451
-5435
-2739
-5395
-2943
-5419
-3171
-5387
-3507
-5435
-3723
-5363
-3875
-5315
-4099
-5395
-4447
-5363
-4599
-5331
-4915
-5363
-5171
-5419
-5371
-5387
-5579
-5435
-5899
-5411
-6115
-5323
-6323
-5411
-6635
-5427
-6747
-5411
-7027
-5323
-7263
-5395
-7451
-5387
-7751
-5331
-7955
-5363
-8215
-5347
-8455
-5371
-8663
-5419
-8907
-5435
-9187
-5323
-9419
-5363
-9723
-5427
-9931
-5371
-10227
-5307
-10451
-5411
-10691
-5395
-10955
-5339
-11099
-5323
-11339
-5323
-11547
-5435
-11803
-5435
-12059
-5427
-12371
-5435
-12515
-5427
-12747
-5371
-13051
-5379
-13299
-5427
-13467
-5427
-13755
-5435
-14043
-5395
-14243
-5419
-14451
-5411
-14787
-5411
-14971
-5355
-15163
-5435
-15459
-5419
-15699
-5371
-15947
-5403
-16195
-5315
-16427
-5435
-16715
-5411
-16883
-5411
-17107
-5427
-17395
-5419
-17563
-5307
-17891
-5379
-18051
-5355
-18299
-5411
-18619
-5371
-18859
-5579
125
-5667
-99
-5635
-291
-5651
-587
-5667
-811
-5627
-1107
-5587
-1307
-5675
-1467
-5571
-1755
-5571
-2075
-5619
-2243
-5563
-2507
-5547
-2787
-5651
-2915
-5555
-3179
-5643
-3443
-5651
-3715
-5555
-3867
-5595
-4155
-5603
-4419
-5595
-4667
-5547
-4899
-5667
-5099
-5635
-5411
-5667
-5587
-5595
-5915
-5563
-6107
-5659
-6315
-5603
-6507
-5627
-6875
-5627
-7075
-5627
-7243
-5555
-7467
-5635
-7763
-5571
-8019
-5643
-8219
-5651
-8483
-5675
-8731
-5627
-9027
-5659
-9179
-5651
-9411
-5651
-9667
-5563
-9955
-5651
-10123
-5627
-10443
-5643
-10659
-5563
-10859
-5571
-11075
-5635
-11395
-5659
-11579
-5651
-11859
-5579
-12099
-5667
-12299
-5555
-12587
-5555
-12811
-5555
-13043
-5675
-13331
-5587
-13587
-5595
-13795
-5627
-13971
-5587
-14267
-5555
-14515
-5603
-14787
-5635
-15035
-5659
-15251
-5555
-15491
-5547
-15739
-5643
-15907
-5619
-16147
-5603
-16387
-5651
-16707
-5563
-16875
-5675
-17131
-5571
-17323
-5627
-17627
-5555
-17811
-5675
-18027
-5659
-18347
-5627
-18635
-5651
-18875
-5899
117
-5795
-147
-5827
-387
-5899
-515
-5843
-811
-5795
-1051
-5827
-1291
-5907
-1595
-5795
-1827
-5843
-2051
-5899
-2219
-5915
-2515
-5907
-2771
-5875
-3003
-5867
-3163
-5851
-3491
-5819
-3755
-5835
-3899
-5811
-4123
-5907
-4411
-5891
-4627
-5843
-4947
-5827
-5123
-5787
-5419
-5843
-5659
-5867
-5787
-5795
-6131
-5843
-6291
-5907
-6539
-5915
-6747
-5811
-7091
-5811
-7267
-5859
-7579
-5859
-7795
-5883
-7947
-5851
-8227
-5891
-8435
-5867
-8667
-5907
-8939
-5811
-9227
-5867
-9467
-5907
-9691
-5835
-9947
-5851
-10123
-5867
-10435
-5795
-10683
-5891
-10827
-5819
-11163
-5795
-11363
-5859
-11627
-5843
-11787
-5843
-12123
-5883
-12331
-5915
-12563
-5899
-12795
-5851
-13115
-5915
-13291
-5787
-13539
-5875
-13755
-5795
-14035
-5795
-14267
-5859
-14539
-5907
-14795
-5883
-15027
-5859
-15243
-5915
-15419
-5867
-15731
-5899
-15899
-5875
-16155
-5883
-16427
-5867
-16635
-5875
-16907
-5859
-17091
-5827
-17387
-5915
-17571
-5883
-17867
-5899
-18083
-5915
-18339
-5891
-18603
-5787
-18851
-6107
141
-6059
-83
-6051
-347
-6107
-547
-6115
-763
-6155
-1115
-6043
-1355
-6115
-1515
-6107
-1779
-6147
-1995
-6147
-2283
-6131
-2539
-6075
-2787
-6123
-2979
-6067
-3235
-6131
-3491
-6139
-3667
-6147
-3923
-6067
-4147
-6147
-4459
-6051
-4619
-6147
-4875
-6115
-5155
-6155
-5339
-6139
-5659
-6115
-5811
-6075
-6083
-6067
-6347
-6059
-6579
-6099
-6835
-6115
-7011
-6043
-7283
-6067
-7595
-6075
-7819
-6147
-7987
-6147
-8299
-6131
-8491
-6139
-8747
-6083
-8963
-6155
-9147
-6099
-9387
-6147
-9675
-6027
-9883
-6075
-10195
-6075
-10347
-6131
-10619
-6091
-10939
-6155
-11171
-6115
-11403
-6131
-11563
-6123
-11827
-6115
-12155
-6115
-12315
-6139
-12587
-6139
-12851
-6043
-13011
-6027
-13355
-6139
-13571
-6043
-13731
-6083
-14059
-6123
-14243
-6147
-14547
-6043
-14763
-6059
-14979
-6043
-15219
-6155
-15467
-6035
-15755
-6147
-15899
-6027
-16219
-6123
-16371
-6067
-16603
-6107
-16883
-6099
-17187
-6075
-17419
-6155
-17643
-6131
-17891
-6075
-18115
-6083
-18307
-6083
-18507
-6155
-18827
-6283
125
-6379
-99
-6339
-275
-6307
-627
-6323
-827
-6371
-1043
-6323
-1307
-6323
-1475
-6283
-1779
-6347
-1963
-6347
-2235
-6387
-2515
-6307
-2723
-6275
-2907
-6371
-3171
-6387
-3475
-6387
-3747
-6363
-3955
-6387
-4123
-6291
-4451
-6379
-4675
-6395
-4907
-6307
-5131
-6275
-5371
-6355
-5595
-6339
-5835
-6395
-6051
-6339
-6355
-6331
-6587
-6371
-6787
-6387
-6995
-6363
-7275
-6387
-7491
-6347
-7835
-6355
-7947
-6323
-8315
-6395
-8427
-6339
-8779
-6395
-8931
-6299
-9155
-6387
-9435
-6275
-9651
-6307
-9987
-6283
-10227
-6299
-10355
-6395
-10619
-6371
-10931
-6363
-11147
-6395
-11395
-6395
-11603
-6299
-11899
-6307
-12099
-6331
-12387
-6379
-12563
-6355
-12747
-6347
-13083
-6323
-13355
-6379
-13595
-6387
-13803
-6331
-13971
-6339
-14275
-6355
-14515
-6323
-14763
-6323
-14907
-6371
-15243
-6291
-15443
-6307
-15627
-6355
-15947
-6371
-16219
-6379
-16387
-6339
-16699
-6347
-16931
-6291
-17163
-6315
-17347
-6339
-17635
-6395
-17827
-6371
-18115
-6275
-18307
-6299
-18603
-6275
-18875
-6547
133
-6603
-139
-6539
-363
-6587
-571
-6515
-787
-6627
-1091
-6547
-1251
-6587
-1483
-6611
-1795
-6571
-1963
-6611
-2187
-6555
-2427
-6515
-2707
-6531
-3003
-6627
-3211
-6531
-3491
-6619
-3747
-6603
-3971
-6563
-4179
-6523
-4451
-6603
-4667
-6619
-4947
-6547
-5099
-6635
-5363
-6523
-5587
-6563
-5827
-6595
-6067
-6635
-6371
-6571
-6547
-6555
-6795
-6595
-7019
-6587
-7307
-6587
-7467
-6635
-7739
-6595
-7987
-6539
-8299
-6515
-8467
-6547
-8723
-6635
-9035
-6635
-9219
-6539
-9499
-6507
-9707
-6635
-9939
-6587
-10123
-6507
-10451
-6515
-10683
-6603
-10931
-6627
-11123
-6627
-11379
-6539
-11675
-6523
-11867
-6619
-12075
-6523
-12371
-6547
-12563
-6619
-12771
-6603
-13019
-6611
-13283
-6555
-13475
-6611
-13763
-6627
-14059
-6603
-14243
-6627
-14435
-6571
-14715
-6579
-14939
-6547
-15187
-6603
-15427
-6635
-15731
-6587
-15995
-6555
-16211
-6595
-16451
-6539
-16659
-6595
-16867
-6515
-17163
-6579
-17363
-6611
-17603
-6571
-17795
-6547
-18107
-6611
-18291
-6579
-18587
-6571
-18843
-6835
101
-6867
-35
-6811
-291
-6875
-555
-6851
-803
-6835
-1043
-6787
-1331
-6851
-1491
-6795
-1827
-6803
-1995
-6763
-2291
-6827
-2483
-6795
-2699
-6787
-2947
-6779
-3219
-6843
-3403
-6859
-3627
-6859
-3867
-6755
-4195
-6867
-4371
-6819
-4691
-6835
-4867
-6875
-5147
-6859
-5331
-6835
-5563
-6819
-5795
-6867
-6051
-6851
-6315
-6779
-6603
-6803
-6843
-6843
-7067
-6779
-7275
-6755
-7571
-6763
-7763
-6747
-7979
-6867
-8259
-6763
-8531
-6747
-8699
-6867
-8939
-6859
-9187
-6827
-9411
-6755
-9675
-6819
-9891
-6851
-10107
-6811
-10443
-6827
-10635
-6835
-10875
-6827
-11123
-6779
-11411
-6811
-11603
-6859
-11811
-6851
-12027
-6843
-12299
-6755
-12539
-6827
-12747
-6851
-13011
-6755
-13315
-6867
-13587
-6795
-13779
-6787
-13947
-6819
-14299
-6787
-14483
-6867
-14707
-6843
-15035
-6811
-15219
-6819
-15451
-6859
-15715
-6851
-15923
-6859
-16107
-6867
-16435
-6843
-16707
-6843
-16955
-6851
-17147
-6835
-17411
-6835
-17571
-6835
-17827
-6827
-18083
-6875
-18299
-6803
-18611
-6795
-18851
-7075
133
-7035
-99
-7091
-347
-7099
-587
-7059
-875
-7059
-995
-7091
-1355
-7099
-1475
-7067
-1739
-7107
-1947
-7083
-2267
-7043
-2507
-7099
-2787
-6987
-2939
-7043
-3147
-7027
-3411
-7091
-3635
-7075
-3931
-7027
-4139
-7067
-4371
-7067
-4675
-7027
-4923
-7099
-5099
-7043
-5355
-7099
-5603
-7091
-5803
-7011
-6091
-7091
-6387
-7099
-6507
-7035
-6843
-7099
-7035
-7067
-7355
-7107
-7475
-7107
-7787
-7003
-7971
-7019
-8291
-7067
-8427
-7091
-8723
-7083
-8915
-7035
-9227
-7091
-9459
-7067
-9667
-7035
-9979
-7035
-10195
-7019
-10427
-7011
-10659
-7043
-10859
-7067
-11179
-7075
-11435
-7115
-11651
-7067
-11795
-7107
-12155
-7051
-12339
-7091
-12563
-7099
-12779
-7075
-12995
-7003
-13275
-7067
-13507
-7107
-13771
-7091
-13947
-7067
-14243
-7107
-14475
-7107
-14739
-7035
-14939
-7019
-15227
-7059
-15451
-7035
-15675
-7035
-15931
-7083
-16211
-7011
-16379
-7011
-16707
-7067
-16835
-7083
-17187
-7107
-17419
-7059
-17635
-7075
-17875
-7107
-18067
-7027
-18387
-7035
-18563
-6987
-18843
-7315
117
-7355
-83
-7347
-291
-7339
-515
-7339
-763
-7299
-1099
-7243
-1331
-7339
-1531
-7291
-1731
-7235
-2019
-7355
-2227
-7291
-2451
-7283
-2683
-7299
-2947
-7291
-3211
-7235
-3507
-7299
-3747
-7347
-3971
-7283
-4171
-7347
-4435
-7235
-4651
-7315
-4907
-7267
-5171
-7243
-5395
-7283
-5635
-7331
-5803
-7275
-6099
-7227
-6339
-7275
-6539
-7355
-6771
-7347
-7011
-7339
-7339
-7243
-7523
-7307
-7747
-7315
-7963
-7339
-8195
-7299
-8451
-7355
-8667
-7355
-8915
-7323
-9267
-7227
-9499
-7331
-9659
-7291
-9963
-7307
-10131
-7315
-10451
-7315
-10707
-7355
-10931
-7267
-11131
-7355
-11307
-7315
-11651
-7315
-11811
-7275
-12155
-7227
-12291
-7355
-12523
-7251
-12779
-7291
-13051
-7315
-13291
-7307
-13491
-7307
-13795
-7307
-13995
-7291
-14291
-7307
-14435
-7339
-14699
-7315
-14907
-7259
-15171
-7347
-15443
-7339
-15635
-7307
-15883
-7283
-16187
-7235
-16403
-7347
-16675
-7307
-16827
-7347
-17091
-7299
-17347
-7283
-17603
-7347
-17851
-7315
-18099
-7267
-18363
-7339
-18523
-7331
-18811
-7531
93
-7499
-155
-7547
-387
-7523
-587
-7475
-771
-7555
-1011
-7579
-1291
-7595
-1571
-7595
-1747
-7491
-2035
-7571
-2211
-7539
-2427
-7579
-2771
-7507
-2971
-7579
-3187
-7547
-3443
-7499
-3659
-7523
-3955
-7475
-4155
-7515
-4363
-7555
-4635
-7499
-4835
-7475
-5163
-7579
-5435
-7595
-5643
-7571
-5875
-7491
-6067
-7571
-6347
-7483
-6635
-7555
-6835
-7475
-7075
-7595
-7347
-7523
-7579
-7523
-7795
-7563
-7971
-7547
-8235
-7515
-8483
-7563
-8691
-7579
-9003
-7547
-9267
-7523
-9419
-7507
-9627
-7515
-9899
-7499
-10211
-7491
-10459
-7467
-10691
-7563
-10843
-7499
-11187
-7515
-11323
-7587
-11611
-7483
-11811
-7595
-12083
-7507
-12283
-7515
-12603
-7595
-12779
-7531
-13075
-7579
-13243
-7595
-13539
-7507
-13707
-7475
-14059
-7547
-14219
-7531
-14499
-7515
-14723
-7595
-14979
-7587
-15211
-7579
-15515
-7587
-15715
-7595
-15875
-7555
-16147
-7571
-16395
-7587
-16667
-7547
-16859
-7587
-17083
-7563
-17371
-7539
-17651
-7555
-17811
-7483
-18123
-7587
-18379
-7555
-18579
-7539
-18835
-7795
125
-7723
-27
-7795
-291
-7827
-507
-7819
-787
-7827
-1115
-7723
-1307
-7819
-1563
-7771
-1771
-7835
-2075
-7747
-2227
-7779
-2483
-7795
-2699
-7715
-3027
-7827
-3155
-7787
-3499
-7779
-3667
-7803
-3875
-7827
-4187
-7731
-4387
-7803
-4675
-7731
-4915
-7811
-5091
-7723
-5339
-7827
-5635
-7779
-5867
-7835
-6083
-7787
-6275
-7755
-6507
-7819
-6819
-7779
-7027
-7763
-7355
-7819
-7491
-7827
-7731
-7739
-8075
-7779
-8187
-7819
-8459
-7755
-8675
-7707
-9011
-7811
-9275
-7787
-9419
-7835
-9675
-7803
-9979
-7747
-10163
-7827
-10371
-7707
-10651
-7803
-10843
-7715
-11131
-7803
-11411
-7779
-11651
-7827
-11803
-7787
-12035
-7819
-12323
-7835
-12563
-7803
-12795
-7811
-13115
-7819
-13331
-7819
-13507
-7819
-13787
-7835
-13979
-7747
-14211
-7731
-14515
-7819
-14771
-7731
-15019
-7787
-15259
-7771
-15427
-7771
-15667
-7715
-15923
-7739
-16139
-7755
-16363
-7771
-16675
-7747
-16851
-7819
-17083
-7763
-17395
-7723
-17571
-7811
-17851
-7731
-18155
-7763
-18323
-7811
-18547
-7795
-18819
-7987
85
-8067
-67
-8051
-323
-7987
-579
-8011
-763
-8051
-1011
-8067
-1243
-7987
-1499
-8075
-1787
-8067
-2043
-7963
-2219
-8067
-2523
-8067
-2795
-8011
-2923
-7955
-3187
-8051
-3507
-7995
-3739
-7963
-3947
-8019
-4219
-8059
-4443
-8067
-4683
-7955
-4835
-8035
-5067
-8075
-5387
-8075
-5643
-8075
-5843
-8067
-6043
-7995
-6347
-8003
-6603
-8051
-6771
-7947
-7075
-8019
-7251
-7955
-7507
-8075
-7739
-8067
-8059
-7987
-8243
-8075
-8539
-7987
-8747
-8035
-8987
-8075
-9187
-8075
-9443
-8051
-9643
-7987
-9939
-8003
-10155
-8075
-10371
-8075
-10587
-7947
-10955
-8027
-11115
-8027
-11315
-8059
-11659
-8075
-11795
-7987
-12155
-8059
-12323
-8067
-12547
-8067
-12811
-8003
-13019
-8043
-13267
-8067
-13587
-8003
-13755
-8059
-14027
-7971
-14211
-8019
-14507
-8043
-14763
-8043
-14995
-7995
-15147
-8043
-15387
-7995
-15635
-8043
-15939
-8011
-16227
-8011
-16379
-8003
-16587
-8043
-16867
-7987
-17123
-7963
-17323
-7979
-17587
-8051
-17827
-8067
-18059
-8059
-18395
-8027
-18531
-8043
-18875
-8315
117
-8315
-155
-8299
-267
-8211
-539
-8243
-795
-8259
-1059
-8235
-1283
-8283
-1579
-8315
-1811
-8203
-2043
-8259
-2195
-8291
-2555
-8267
-2787
-8227
-3019
-8299
-3195
-8307
-3387
-8219
-3651
-8315
-3955
-8299
-4195
-8243
-4395
-8251
-4611
-8315
-4867
-8275
-5099
-8283
-5411
-8275
-5563
-8259
-5843
-8299
-6147
-8267
-6387
-8275
-6507
-8291
-6859
-8195
-7115
-8267
-7347
-8275
-7515
-8203
-7811
-8251
-7979
-8315
-8299
-8211
-8547
-8307
-8771
-8251
-9035
-8299
-9267
-8259
-9499
-8243
-9659
-8283
-9891
-8219
-10155
-8211
-10403
-8315
-10691
-8307
-10931
-8219
-11139
-8299
-11419
-8211
-11603
-8267
-11883
-8219
-12139
-8235
-12371
-8299
-12619
-8275
-12787
-8315
-13043
-8315
-13251
-8251
-13523
-8259
-13811
-8315
-14003
-8243
-14195
-8267
-14483
-8243
-14779
-8315
-14979
-8315
-15187
-8227
-15435
-8299
-15715
-8283
-15899
-8307
-16235
-8291
-16355
-8307
-16619
-8299
-16875
-8315
-17147
-8315
-17347
-8291
-17635
-8267
-17875
-8315
-18043
-8227
-18331
-8235
-18611
-8291
-18867
-8523
141
-8499
-35
-8507
-363
-8443
-547
-8515
-747
-8515
-1003
-8483
-1235
-8547
-1563
-8547
-1811
-8499
-2035
-8499
-2243
-8555
-2555
-8467
-2763
-8547
-3003
-8531
-3179
-8515
-3411
-8435
-3643
-8507
-3907
-8443
-4235
-8531
-4355
-8459
-4635
-8547
-4931
-8451
-5163
-8531
-5355
-8555
-5579
-8507
-5883
-8491
-6027
-8523
-6395
-8531
-6595
-8547
-6859
-8507
-7035
-8523
-7267
-8443
-7515
-8459
-7755
-8475
-8075
-8531
-8275
-8539
-8427
-8459
-8675
-8515
-8963
-8531
-9251
-8523
-9411
-8531
-9675
-8539
-9883
-8539
-10139
-8499
-10459
-8459
-10667
-8523
-10907
-8547
-11163
-8523
-11379
-8523
-11635
-8483
-11907
-8515
-12147
-8539
-12379
-8435
-12611
-8475
-12803
-8435
-13115
-8547
-13315
-8523
-13491
-8547
-13827
-8531
-14043
-8499
-14211
-8467
-14515
-8467
-14683
-8499
-14995
-8483
-15275
-8547
-15387
-8499
-15747
-8459
-15955
-8435
-16203
-8491
-16411
-8515
-16715
-8443
-16955
-8483
-17131
-8443
-17323
-8539
-17635
-8547
-17883
-8507
-18123
-8475
-18371
-8427
-18531
-8523
-18827
-8779
141
-8755
-115
-8763
-331
-8795
-627
-8755
-835
-8763
-1091
-8771
-1283
-8755
-1499
-8771
-1715
-8723
-2035
-8763
-2187
-8771
-2467
-8723
-2691
-8763
-3027
-8779
-3235
-8683
-3499
-8755
-3723
-8771
-3867
-8787
-4219
-8779
-4371
-8731
-4691
-8795
-4899
-8779
-5179
-8763
-5323
-8731
-5667
-8771
-5867
-8739
-6091
-8715
-6315
-8787
-6547
-8787
-6875
-8723
-6987
-8739
-7259
-8755
-7571
-8795
-7803
-8731
-8027
-8675
-8243
-8675
-8427
-8763
-8731
-8763
-8963
-8771
-9195
-8739
-9475
-8731
-9675
-8739
-9947
-8771
-10155
-8675
-10355
-8795
-10699
-8707
-10939
-8787
-11155
-8787
-11331
-8755
-11611
-8779
-11803
-8787
-12083
-8667
-12283
-8779
-12571
-8667
-12835
-8795
-13051
-8763
-13331
-8763
-13515
-8731
-13803
-8755
-13955
-8747
-14195
-8755
-14467
-8715
-14771
-8795
-14963
-8747
-15227
-8667
-15427
-8715
-15635
-8771
-15915
-8779
-16131
-8691
-16443
-8787
-16611
-8747
-16867
-8771
-17107
-8771
-17363
-8707
-17651
-8747
-17843
-8739
-18067
-8763
-18395
-8739
-18515
-8755
-18811
-9019
125
-8995
-59
-9035
-307
-9035
-555
-8995
-755
-8931
-1115
-9027
-1355
-8995
-1515
-8971
-1795
-8995
-2027
-8979
-2259
-8987
-2507
-9003
-2675
-9035
-2947
-8931
-3195
-8963
-3491
-9035
-3747
-8931
-3891
-8995
-4235
-9035
-4355
-8979
-4603
-9027
-4955
-9011
-5115
-9011
-5411
-8931
-5675
-8987
-5867
-9027
-6131
-8947
-6283
-8955
-6571
-8907
-6755
-8947
-7011
-9035
-7323
-8947
-7531
-9027
-7707
-8971
-8003
-8971
-8219
-9003
-8515
-9003
-8675
-8987
-9019
-8971
-9219
-8963
-9475
-9035
-9755
-9019
-9875
-9011
-10163
-8979
-10475
-9027
-10667
-9027
-10875
-8987
-11187
-8947
-11339
-9019
-11603
-8923
-11875
-8939
-12067
-8979
-12395
-8987
-12627
-8931
-12843
-9003
-13115
-8987
-13251
-9027
-13595
-8963
-13787
-8995
-13995
-9027
-14299
-8923
-14435
-9035
-14795
-8979
-14995
-8963
-15147
-9027
-15467
-8971
-15707
-8971
-15971
-8963
-16123
-9019
-16371
-8915
-16675
-8947
-16899
-9019
-17083
-9035
-17419
-9019
-17579
-8915
-17787
-8947
-18035
-8995
-18291
-8939
-18523
-8907
-18835
-9179
109
-9267
-147
-9275
-363
-9227
-603
-9275
-851
-9187
-1003
-9227
-1267
-9163
-1539
-9171
-1803
-9243
-1987
-9259
-2275
-9227
-2491
-9267
-2795
-9267
-2907
-9259
-3219
-9235
-3435
-9235
-3651
-9243
-3995
-9251
-4139
-9195
-4387
-9259
-4587
-9227
-4827
-9187
-5099
-9203
-5315
-9251
-5587
-9203
-5827
-9275
-6091
-9275
-6355
-9251
-6619
-9163
-6819
-9267
-7083
-9251
-7347
-9243
-7539
-9171
-7827
-9251
-7947
-9267
-8195
-9163
-8451
-9267
-8715
-9171
-9003
-9235
-9267
-9187
-9491
-9259
-9747
-9155
-9931
-9251
-10139
-9203
-10443
-9251
-10587
-9195
-10915
-9195
-11195
-9187
-11395
-9187
-11651
-9195
-11867
-9171
-12027
-9251
-12355
-9195
-12595
-9243
-12755
-9203
-13067
-9211
-13275
-9267
-13467
-9187
-13795
-9259
-13947
-9267
-14227
-9195
-14507
-9275
-14731
-9275
-15035
-9251
-15203
-9251
-15411
-9227
-15731
-9155
-15923
-9155
-16203
-9259
-16371
-9259
-16603
-9259
-16907
-9275
-17171
-9275
-17347
-9227
-17595
-9155
-17811
-9243
-18075
-9179
-18331
-9227
-18635
-9259
-18811
-9483
149
-9411
-115
-9467
-323
-9491
-515
-9435
-763
-9467
-1051
-9459
-1355
-9475
-1579
-9499
-1795
-9507
-1987
-9387
-2291
-9499
-2483
-9459
-2715
-9491
-2971
-9507
-3227
-9403
-3435
-9451
-3691
-9475
-3979
-9395
-4115
-9507
-4355
-9419
-4651
-9507
-4947
-9483
-5147
-9483
-5387
-9475
-5675
-9427
-5803
-9475
-6091
-9515
-6315
-9475
-6603
-9451
-6787
-9403
-7091
-9515
-7331
-9403
-7555
-9475
-7827
-9427
-8067
-9395
-8291
-9483
-8555
-9499
-8795
-9451
-8939
-9387
-9267
-9451
-9435
-9403
-9755
-9507
-9891
-9483
-10115
-9403
-10395
-9443
-10699
-9459
-10947
-9499
-11107
-9459
-11371
-9403
-11611
-9451
-11835
-9475
-12099
-9435
-12379
-9451
-12587
-9491
-12811
-9459
-13099
-9507
-13315
-9491
-13491
-9451
-13835
-9411
-14059
-9427
-14195
-9419
-14555
-9515
-14731
-9435
-15035
-9483
-15179
-9483
-15443
-9491
-15691
-9459
-15971
-9459
-16139
-9427
-16419
-9467
-16675
-9499
-16875
-9507
-17163
-9491
-17395
-9491
-17651
-9499
-17883
-9475
-18075
-9515
-18339
-9411
-18635
-9499
-18859
-9755
149
-9691
-83
-9755
-363
-9699
-563
-9683
-795
-9707
-987
-9755
-1243
-9683
-1555
-9739
-1739
-9731
-2019
-9627
-2291
-9699
-2547
-9659
-2675
-9643
-3011
-9715
-3195
-9739
-3411
-9691
-3659
-9683
-3907
-9659
-4235
-9723
-4347
-9667
-4627
-9691
-4955
-9723
-5195
-9651
-5435
-9723
-5571
-9739
-5883
-9723
-6115
-9675
-6323
-9691
-6587
-9691
-6851
-9691
-7003
-9715
-7291
-9683
-7587
-9699
-7779
-9643
-7971
-9707
-8227
-9683
-8507
-9627
-8771
-9715
-8947
-9691
-9203
-9747
-9419
-9723
-9675
-9739
-9907
-9739
-10155
-9707
-10371
-9731
-10651
-9643
-10955
-9691
-11099
-9723
-11363
-9651
-11595
-9659
-11899
-9643
-12099
-9755
-12363
-9667
-12587
-9667
-12859
-9675
-13059
-9651
-13307
-9723
-13579
-9683
-13731
-9723
-13963
-9715
-14195
-9723
-14427
-9683
-14675
-9627
-14931
-9739
-15179
-9739
-15443
-9731
-15747
-9723
-15995
-9683
-16163
-9723
-16459
-9707
-16643
-9755
-16931
-9731
-17155
-9643
-17347
-9747
-17659
-9659
-17859
-9707
-18107
-9747
-18395
-9699
-18515
-9643
-18859
-9947
85
-9947
-67
-9987
-395
-9931
-531
-9971
-787
-9995
-1019
-9883
-1235
-9875
-1531
-9899
-1763
-9907
-2067
-9971
-2259
-9875
-2491
-9907
-2739
-9979
-3003
-9899
-3187
-9923
-3483
-9971
-3651
-9955
-3899
-9987
-4163
-9971
-4419
-9995
-4611
-9867
-4955
-9915
-5131
-9875
-5427
-9979
-5635
-9899
-5859
-9987
-6083
-9979
-6395
-9955
-6571
-9995
-6763
-9979
-7075
-9971
-7267
-9995
-7523
-9947
-7739
-9915
-7955
-9867
-8275
-9979
-8451
-9907
-8683
-9923
-8907
-9971
-9147
-9987
-9427
-9947
-9651
-9971
-9899
-9963
-10107
-9987
-10387
-9899
-10627
-9979
-10899
-9963
-11123
-9971
-11355
-9995
-11667
-9979
-11787
-9987
-12099
-9939
-12379
-9899
-12539
-9923
-12875
-9939
-13003
-9995
-13355
-9971
-13467
-9931
-13779
-9891
-14003
-9995
-14291
-9891
-14547
-9995
-14699
-9875
-14979
-9899
-15163
-9987
-15467
-9875
-15643
-9979
-15963
-9923
-16115
-9899
-16435
-9963
-16611
-9875
-16891
-9995
-17179
-9987
-17347
-9963
-17547
-9947
-17803
-9947
-18083
-9947
-18307
-9963
-18531
-9939
-18819
-10211
85
-10227
-115
-10235
-275
-10235
-515
-10211
-803
-10235
-1003
-10203
-1315
-10115
-1579
-10219
-1819
-10107
-2067
-10131
-2267
-10219
-2483
-10107
-2795
-10211
-2931
-10123
-3171
-10219
-3491
-10219
-3651
-10203
-3931
-10195
-4131
-10195
-4379
-10171
-4587
-10211
-4851
-10147
-5131
-10219
-5403
-10139
-5555
-10227
-5787
-10179
-6083
-10147
-6371
-10171
-6587
-10155
-6811
-10227
-7091
-10235
-7259
-10211
-7539
-10195
-7763
-10187
-8075
-10163
-8283
-10227
-8467
-10179
-8675
-10187
-9027
-10203
-9259
-10211
-9483
-10163
-9739
-10123
-9955
-10211
-10147
-10115
-10363
-10131
-10659
-10219
-10947
-10179
-11155
-10115
-11331
-10155
-11611
-10187
-11835
-10163
-12131
-10123
-12299
-10139
-12635
-10115
-12827
-10123
-13091
-10187
-13331
-10235
-13491
-10187
-13795
-10203
-14003
-10123
-14243
-10211
-14491
-10139
-14683
-10227
-15035
-10227
-15219
-10107
-15499
-10203
-15699
-10219
-15899
-10227
-16131
-10131
-16451
-10227
-16635
-10139
-16939
-10203
-17179
-10227
-17395
-10115
-17587
-10179
-17819
-10235
-18155
-10219
-18339
-10211
-18531
-10147
-18875
-10427
133
-10467
-51
-10419
-291
-10451
-555
-10411
-787
-10467
-1043
-10467
-1307
-10467
-1555
-10443
-1747
-10443
-2011
-10435
-2251
-10419
-2435
-10467
-2699
-10475
-2971
-10443
-3243
-10427
-3419
-10419
-3627
-10467
-3923
-10467
-4115
-10435
-4459
-10411
-4643
-10427
-4827
-10459
-5147
-10459
-5403
-10427
-5635
-10467
-5883
-10467
-6147
-10451
-6291
-10443
-6531
-10435
-6835
-10467
-7003
-10435
-7227
-10427
-7547
-10467
-7779
-10427
-7979
-10419
-8211
-10467
-8443
-10475
-8675
-10435
-9003
-10435
-9203
-10419
-9427
-10451
-9707
-10419
-9947
-10427
-10115
-10419
-10427
-10459
-10635
-10467
-10867
-10467
-11187
-10467
-11355
-10475
-11555
-10435
-11835
-10435
-12099
-10459
-12291
-10419
-12603
-10467
-12803
-10467
-13091
-10451
-13259
-10467
-13515
-10459
-13803
-10459
-14075
-10459
-14227
-10443
-14555
-10435
-14739
-10459
-15011
-10427
-15235
-10435
-15411
-10435
-15755
-10435
-15947
-10467
-16163
-10443
-16443
-10459
-16635
-10467
-16939
-10443
-17155
-10475
-17427
-10475
-17587
-10411
-17811
-10475
-18083
-10419
-18395
-10419
-18547
-10443
-18851
