93
388
433
-11
351
-283
164
-567
248
-866
122
-1065
380
-1205
116
-1530
278
-1783
606
-1937
188
-2244
199
-2483
165
-2779
163
-2973
145
-3167
101
-3457
275
-3691
117
-3915
355
-4119
327
-4381
227
-4595
117
-4819
141
-5075
109
-5355
93
-5591
117
-5899
93
-6043
149
-6343
109
-6539
133
-6727
85
-7067
101
-7315
93
-7563
117
-7803
125
-7931
125
-8211
141
-8483
117
-8759
149
-8991
101
-9243
85
-9507
133
-9635
93
-9955
101
-10123
133
-10475
109
-10587
101
-10939
85
-11075
101
-11355
149
-11619
125
-11835
149
-12067
85
-12355
109
-12571
117
-12859
93
-13059
109
-13323
101
-13547
101
-13755
109
-13955
141
-14227
93
-14507
149
-14715
85
-14907
133
-15251
149
-15499
133
-15667
133
-15963
125
-16235
101
-16395
125
-16619
109
-16907
93
-17195
109
-17347
141
-17651
93
-17851
141
-18155
149
-18323
149
-18587
149
-18859
-107
2104
-67
-128
-137
-322
-120
-587
-77
-861
-53
-1065
-82
-1217
-109
-1441
-63
-1765
-71
-1994
-97
-2273
-119
-2481
-45
-2647
-93
-2997
-65
-3127
-59
-3495
-61
-3593
-107
-3911
-117
-4179
-91
-4449
-83
-4619
-139
-4831
-79
-5079
-55
-5415
-139
-5639
-115
-5819
-135
-6099
-75
-6367
-31
-6555
-131
-6795
-139
-7091
-23
-7331
-91
-7515
-75
-7707
-75
-8051
-35
-8255
-115
-8503
-107
-8683
-39
-8915
-43
-9195
-83
-9515
-147
-9651
-139
-9947
-147
-10131
-59
-10443
-115
-10699
-59
-10915
-139
-11171
-115
-11395
-155
-11619
-139
-11875
-123
-12115
-27
-12339
-131
-12507
-147
-12843
-99
-13075
-83
-13331
-131
-13555
-131
-13755
-147
-13947
-115
-14187
-91
-14451
-107
-14779
-51
-15027
-131
-15251
-83
-15443
-131
-15643
-115
-15931
-99
-16131
-131
-16459
-147
-16683
-155
-16939
-139
-17067
-139
-17395
-123
-17659
-115
-17851
-115
-18051
-75
-18267
-99
-18555
-51
-18827
-371
1164
-321
-82
-375
-315
-282
-553
-346
-760
-269
-1057
-300
-1296
-327
-1502
-303
-1741
-361
-1960
-376
-2267
-387
-2515
-271
-2747
-361
-2991
-327
-3143
-313
-3415
-371
-3643
-371
-3883
-305
-4163
-341
-4347
-289
-4627
-307
-4939
-343
-5067
-295
-5323
-275
-5667
-371
-5859
-343
-6091
-259
-6299
-359
-6567
-243
-6715
-327
-7007
-331
-7235
-267
-7583
-363
-7679
-327
-7955
-307
-8235
-363
-8427
-351
-8767
-371
-8907
-347
-9243
-391
-9427
-347
-9715
-339
-9891
-275
-10235
-275
-10371
-291
-10691
-291
-10867
-291
-11163
-275
-11339
-355
-11675
-307
-11843
-299
-12083
-339
-12379
-339
-12531
-323
-12779
-291
-13059
-307
-13251
-379
-13563
-371
-13811
-307
-14019
-387
-14267
-267
-14515
-387
-14691
-371
-15027
-363
-15179
-331
-15451
-347
-15627
-355
-15899
-339
-16155
-395
-16427
-339
-16611
-267
-16827
-347
-17131
-347
-17339
-339
-17595
-395
-17803
-363
-18115
-331
-18387
-387
-18595
-355
-18875
-603
720
-561
-103
-607
-281
-568
-536
-576
-779
-612
-1080
-587
-1317
-605
-1481
-552
-1791
-619
-2023
-600
-2169
-585
-2451
-527
-2751
-575
-2879
-591
-3171
-585
-3429
-571
-3647
-517
-3971
-595
-4195
-591
-4399
-591
-4683
-563
-4815
-495
-5107
-523
-5347
-567
-5627
-635
-5775
-587
-6051
-551
-6259
-543
-6539
-591
-6747
-527
-7079
-603
-7315
-603
-7579
-535
-7767
-567
-8023
-579
-8183
-575
-8531
-607
-8751
-603
-8963
-523
-9163
-515
-9507
-611
-9747
-539
-9875
-555
-10115
-603
-10419
-611
-10603
-587
-10859
-539
-11131
-627
-11323
-531
-11619
-595
-11859
-531
-12043
-627
-12331
-531
-12515
-603
-12803
-595
-13075
-619
-13315
-563
-13523
-563
-13779
-587
-14067
-603
-14283
-555
-14451
-579
-14683
-579
-14915
-627
-15203
-603
-15403
-539
-15699
-611
-15931
-515
-16171
-611
-16379
-523
-16675
-515
-16859
-627
-17195
-587
-17427
-539
-17563
-635
-17899
-579
-18147
-635
-18331
-619
-18579
-563
-18867
-855
663
-714
5
-739
-320
-738
-517
-748
-822
-787
-1021
-858
-1309
-856
-1522
-834
-1774
-801
-1968
-819
-2201
-857
-2539
-861
-2659
-835
-2905
-793
-3213
-783
-3417
-807
-3707
-847
-3943
-783
-4087
-841
-4399
-825
-4609
-739
-4919
-843
-5175
-723
-5403
-847
-5635
-811
-5907
-827
-6123
-807
-6243
-795
-6539
-755
-6767
-815
-7019
-775
-7323
-719
-7547
-795
-7743
-855
-7987
-819
-8179
-851
-8495
-847
-8751
-771
-8943
-859
-9139
-827
-9391
-875
-9755
-851
-9979
-875
-10219
-803
-10403
-771
-10707
-819
-10883
-747
-11067
-859
-11315
-787
-11611
-859
-11883
-859
-12091
-835
-12355
-771
-12635
-755
-12779
-811
-13059
-795
-13299
-763
-13507
-787
-13779
-795
-14003
-763
-14251
-763
-14515
-755
-14779
-843
-14947
-787
-15259
-843
-15419
-803
-15643
-763
-15867
-859
-16211
-803
-16395
-835
-16683
-875
-16931
-875
-17139
-819
-17403
-763
-17563
-851
-17867
-875
-18099
-851
-18395
-875
-18595
-747
-18859
-1059
2094
-1066
-29
-1009
-283
-1006
-515
-1090
-807
-1082
-1034
-1007
-1255
-1057
-1521
-1019
-1795
-1080
-1933
-1075
-2247
-1083
-2469
-1031
-2673
-999
-2969
-1089
-3181
-1047
-3397
-1047
-3655
-1035
-3911
-1019
-4087
-985
-4385
-1083
-4675
-1071
-4819
-963
-5051
-1039
-5351
-979
-5635
-983
-5823
-1067
-6115
-1091
-6355
-1079
-6523
-1059
-6859
-1087
-6999
-1059
-7283
-1063
-7507
-1103
-7707
-1063
-8015
-1067
-8255
-1091
-8499
-1095
-8659
-1083
-8935
-1003
-9135
-1027
-9463
-1083
-9691
-1091
-9891
-1035
-10115
-1075
-10411
-1099
-10595
-1035
-10835
-1019
-11187
-1043
-11347
-1059
-11579
-1075
-11867
-1027
-12115
-1003
-12395
-1027
-12523
-1107
-12803
-1043
-13099
-1099
-13347
-1091
-13467
-1115
-13771
-1027
-14003
-1059
-14259
-995
-14459
-1115
-14763
-1107
-15035
-1099
-15251
-1091
-15475
-1107
-15675
-1059
-15867
-987
-16195
-1051
-16475
-1059
-16699
-1075
-16915
-1043
-17179
-1099
-17355
-1043
-17651
-1011
-17803
-1059
-18147
-1099
-18379
-995
-18587
-1067
-18859
-1331
1350
-1315
-129
-1232
-343
-1262
-591
-1327
-746
-1289
-1027
-1329
-1303
-1298
-1525
-1329
-1813
-1212
-2018
-1297
-2185
-1309
-2477
-1315
-2745
-1319
-2931
-1235
-3191
-1281
-3467
-1321
-3717
-1299
-3849
-1207
-4101
-1245
-4387
-1291
-4667
-1283
-4823
-1327
-5167
-1347
-5379
-1287
-5571
-1251
-5851
-1323
-6039
-1307
-6275
-1279
-6507
-1299
-6855
-1315
-6967
-1251
-7327
-1211
-7535
-1219
-7791
-1251
-8011
-1219
-8231
-1283
-8539
-1331
-8763
-1251
-8895
-1331
-9179
-1235
-9491
-1283
-9699
-1307
-9987
-1315
-10123
-1339
-10443
-1331
-10651
-1355
-10955
-1235
-11195
-1235
-11395
-1243
-11555
-1267
-11867
-1283
-12067
-1315
-12283
-1235
-12515
-1259
-12755
-1235
-12987
-1323
-13259
-1347
-13483
-1275
-13779
-1291
-14043
-1307
-14299
-1331
-14547
-1235
-14691
-1323
-15027
-1355
-15267
-1275
-15403
-1283
-15651
-1339
-15899
-1323
-16115
-1347
-16411
-1331
-16715
-1307
-16851
-1291
-17155
-1331
-17387
-1331
-17619
-1339
-17891
-1331
-18139
-1299
-18363
-1331
-18539
-1355
-18835
-1579
1609
-1469
-79
-1447
-301
-1467
-531
-1487
-731
-1481
-991
-1473
-1223
-1515
-1551
-1481
-1813
-1561
-1927
-1545
-2295
-1551
-2531
-1507
-2649
-1541
-2933
-1525
-3189
-1557
-3439
-1573
-3717
-1539
-3851
-1587
-4087
-1527
-4447
-1517
-4579
-1527
-4935
-1563
-5091
-1507
-5387
-1491
-5647
-1499
-5895
-1479
-6051
-1571
-6335
-1551
-6567
-1483
-6779
-1559
-6995
-1587
-7339
-1531
-7451
-1507
-7763
-1455
-7991
-1527
-8239
-1595
-8515
-1499
-8767
-1527
-8947
-1547
-9135
-1475
-9483
-1571
-9659
-1555
-9931
-1555
-10187
-1531
-10435
-1547
-10635
-1507
-10827
-1531
-11163
-1563
-11403
-1507
-11555
-1547
-11827
-1523
-12067
-1547
-12283
-1531
-12515
-1467
-12827
-1523
-13075
-1587
-13275
-1475
-13587
-1547
-13739
-1579
-14051
-1595
-14267
-1595
-14443
-1507
-14699
-1595
-14963
-1483
-15211
-1587
-15451
-1571
-15667
-1499
-15963
-1555
-16171
-1579
-16459
-1539
-16587
-1563
-16843
-1571
-17171
-1507
-17395
-1483
-17579
-1579
-17899
-1555
-18083
-1491
-18379
-1555
-18515
-1587
-18859
-1795
785
-1797
-91
-1747
-279
-1801
-517
-1799
-755
-1773
-1089
-1767
-1221
-1783
-1519
-1743
-1809
-1723
-2035
-1791
-2267
-1733
-2519
-1805
-2665
-1731
-2995
-1725
-3237
-1745
-3467
-1801
-3709
-1781
-3895
-1809
-4105
-1749
-4455
-1707
-4673
-1719
-4843
-1731
-5067
-1731
-5411
-1755
-5667
-1771
-5795
-1771
-6119
-1807
-6275
-1735
-6587
-1807
-6819
-1811
-6991
-1811
-7251
-1787
-7555
-1815
-7775
-1831
-7947
-1771
-8279
-1763
-8423
-1823
-8723
-1811
-8923
-1791
-9171
-1783
-9475
-1803
-9755
-1771
-9939
-1795
-10107
-1779
-10395
-1707
-10611
-1787
-10947
-1795
-11123
-1787
-11371
-1723
-11651
-1755
-11827
-1811
-12155
-1835
-12371
-1827
-12619
-1819
-12859
-1715
-13067
-1803
-13275
-1747
-13475
-1771
-13827
-1795
-13955
-1747
-14187
-1803
-14443
-1827
-14739
-1763
-14955
-1795
-15235
-1779
-15459
-1819
-15683
-1747
-15971
-1779
-16131
-1739
-16475
-1723
-16587
-1819
-16891
-1739
-17075
-1755
-17427
-1787
-17635
-1811
-17875
-1811
-18035
-1755
-18283
-1755
-18539
-1835
-18843
-2075
431
-1987
-117
-2043
-231
-2019
-585
-2067
-821
-2023
-975
-1963
-1343
-2045
-1571
-2015
-1747
-1919
-1967
-1983
-2259
-2055
-2517
-1973
-2687
-2043
-2919
-2027
-3177
-1987
-3357
-2031
-3703
-2045
-3893
-2055
-4085
-2033
-4423
-2053
-4669
-2027
-4883
-2047
-5063
-2035
-5371
-2015
-5611
-2043
-5771
-1975
-6079
-2035
-6319
-1995
-6603
-2059
-6791
-2027
-7087
-2007
-7251
-1999
-7563
-2019
-7811
-2047
-8003
-2051
-8195
-1919
-8451
-1967
-8767
-2043
-8959
-2031
-9131
-1991
-9515
-2051
-9651
-2035
-9971
-2019
-10219
-2043
-10411
-2075
-10659
-1955
-10931
-2011
-11195
-2027
-11411
-2059
-11627
-2019
-11891
-2059
-12027
-2035
-12363
-1971
-12547
-2067
-12859
-1979
-13083
-2075
-13355
-2051
-13539
-2051
-13731
-2059
-14003
-2043
-14251
-1955
-14459
-1963
-14739
-1955
-14947
-2051
-15235
-1947
-15435
-2035
-15651
-2067
-15883
-1947
-16131
-2035
-16475
-2019
-16603
-2019
-16875
-1963
-17155
-2003
-17307
-2019
-17611
-1987
-17787
-2043
-18107
-1979
-18387
-2075
-18627
-2051
-18859
-2275
1705
-2231
-111
-2235
-283
-2257
-551
-2219
-763
-2177
-1067
-2199
-1243
-2235
-1553
-2299
-1751
-2167
-1975
-2229
-2261
-2271
-2489
-2265
-2679
-2161
-2955
-2287
-3143
-2197
-3415
-2219
-3711
-2237
-3847
-2219
-4217
-2247
-4447
-2169
-4645
-2223
-4867
-2163
-5091
-2219
-5355
-2287
-5583
-2243
-5795
-2187
-6083
-2275
-6295
-2231
-6623
-2203
-6799
-2259
-7051
-2299
-7315
-2187
-7547
-2199
-7703
-2255
-8063
-2175
-8183
-2215
-8495
-2299
-8755
-2275
-8955
-2255
-9171
-2291
-9423
-2307
-9691
-2291
-9907
-2195
-10227
-2187
-10419
-2299
-10691
-2203
-10915
-2235
-11083
-2219
-11315
-2243
-11595
-2283
-11899
-2275
-12027
-2211
-12283
-2275
-12547
-2187
-12779
-2259
-13099
-2307
-13259
-2235
-13483
-2275
-13803
-2291
-14003
-2315
-14283
-2299
-14499
-2251
-14779
-2211
-14971
-2307
-15147
-2203
-15515
-2307
-15715
-2275
-15875
-2315
-16219
-2267
-16435
-2243
-16715
-2203
-16883
-2299
-17075
-2251
-17339
-2275
-17667
-2235
-17883
-2291
-18155
-2211
-18307
-2211
-18619
-2259
-18875
-2535
169
-2449
-23
-2495
-303
-2463
-523
-2505
-795
-2545
-1023
-2547
-1227
-2553
-1545
-2487
-1697
-2433
-1967
-2447
-2161
-2461
-2411
-2513
-2771
-2501
-2997
-2499
-3265
-2485
-3425
-2475
-3709
-2445
-3917
-2411
-4219
-2501
-4401
-2447
-4663
-2539
-4819
-2467
-5179
-2479
-5383
-2459
-5587
-2555
-5883
-2499
-6039
-2527
-6375
-2467
-6495
-2415
-6803
-2507
-7083
-2543
-7339
-2523
-7575
-2531
-7779
-2471
-8011
-2463
-8199
-2459
-8519
-2487
-8659
-2511
-8951
-2427
-9223
-2491
-9491
-2547
-9651
-2499
-9867
-2507
-10107
-2555
-10451
-2499
-10691
-2427
-10883
-2523
-11107
-2459
-11339
-2539
-11579
-2451
-11867
-2523
-12091
-2499
-12371
-2539
-12595
-2515
-12803
-2531
-13051
-2523
-13355
-2555
-13499
-2499
-13827
-2483
-14019
-2483
-14203
-2475
-14531
-2459
-14771
-2443
-14963
-2435
-15211
-2547
-15491
-2515
-15635
-2467
-15931
-2443
-16235
-2523
-16419
-2555
-16619
-2475
-16907
-2451
-17139
-2451
-17347
-2523
-17579
-2539
-17891
-2531
-18091
-2539
-18331
-2515
-18587
-2467
-18827
-2795
93
-2779
-135
-2727
-335
-2783
-579
-2723
-759
-2659
-1089
-2687
-1283
-2751
-1595
-2655
-1691
-2643
-1977
-2715
-2299
-2755
-2455
-2731
-2667
-2683
-2997
-2707
-3243
-2683
-3365
-2683
-3647
-2711
-3935
-2779
-4087
-2711
-4447
-2767
-4631
-2731
-4819
-2771
-5047
-2771
-5407
-2759
-5635
-2731
-5883
-2667
-6059
-2739
-6299
-2699
-6495
-2759
-6831
-2747
-7063
-2743
-7251
-2703
-7531
-2751
-7731
-2767
-8007
-2699
-8227
-2739
-8519
-2731
-8735
-2747
-8887
-2723
-9179
-2795
-9499
-2795
-9683
-2707
-9899
-2763
-10219
-2763
-10443
-2747
-10651
-2683
-10915
-2707
-11195
-2747
-11323
-2715
-11611
-2723
-11883
-2771
-12035
-2755
-12315
-2787
-12531
-2763
-12843
-2675
-13099
-2771
-13227
-2763
-13507
-2771
-13723
-2739
-14003
-2667
-14203
-2795
-14555
-2691
-14787
-2747
-15011
-2747
-15251
-2715
-15507
-2723
-15707
-2747
-15867
-2739
-16115
-2667
-16427
-2771
-16587
-2755
-16859
-2707
-17067
-2691
-17435
-2707
-17667
-2771
-17891
-2779
-18107
-2683
-18283
-2763
-18539
-2731
-18827
-2951
125
-2959
-59
-2911
-295
-2951
-543
-2947
-819
-2927
-1083
-3019
-1323
-2931
-1519
-2983
-1707
-2991
-1959
-2923
-2191
-2995
-2395
-3019
-2743
-2923
-2955
-3011
-3239
-3007
-3395
-2987
-3679
-2927
-3875
-2907
-4167
-2951
-4347
-2967
-4675
-2911
-4887
-2991
-5155
-2967
-5335
-3019
-5515
-2995
-5875
-2995
-5995
-3015
-6343
-2963
-6583
-2919
-6819
-2947
-7055
-2971
-7259
-2891
-7527
-3015
-7771
-2987
-7979
-3023
-8291
-2983
-8527
-2943
-8775
-2979
-8979
-2975
-9143
-2955
-9507
-2947
-9715
-3003
-9995
-3003
-10131
-2923
-10435
-3035
-10603
-2915
-10947
-3003
-11115
-2979
-11379
-2987
-11547
-3027
-11907
-2971
-12099
-2979
-12395
-2955
-12507
-3011
-12811
-3035
-12995
-2995
-13251
-2907
-13595
-2995
-13835
-2947
-14059
-3003
-14267
-3011
-14467
-2987
-14779
-2963
-14971
-3019
-15163
-2987
-15427
-2931
-15731
-3011
-15931
-2955
-16115
-3011
-16387
-2995
-16643
-3019
-16851
-3003
-17083
-2931
-17339
-2971
-17675
-2939
-17867
-2995
-18083
-3011
-18347
-2979
-18531
-2971
-18867
-3215
125
-3123
-99
-3247
-307
-3219
-595
-3227
-747
-3219
-987
-3187
-1327
-3179
-1571
-3215
-1731
-3267
-2043
-3159
-2175
-3251
-2415
-3199
-2739
-3263
-2903
-3263
-3155
-3255
-3447
-3227
-3635
-3263
-3915
-3247
-4167
-3235
-4391
-3239
-4635
-3259
-4935
-3227
-5159
-3227
-5427
-3215
-5627
-3159
-5875
-3143
-6035
-3207
-6319
-3175
-6579
-3175
-6827
-3123
-6975
-3231
-7291
-3239
-7571
-3187
-7707
-3131
-7939
-3211
-8187
-3231
-8447
-3227
-8675
-3251
-8975
-3235
-9239
-3199
-9439
-3275
-9635
-3171
-9891
-3259
-10115
-3235
-10379
-3235
-10683
-3147
-10907
-3155
-11131
-3187
-11419
-3251
-11603
-3203
-11875
-3187
-12107
-3171
-12267
-3243
-12619
-3187
-12851
-3179
-13083
-3227
-13299
-3211
-13563
-3179
-13827
-3147
-13955
-3243
-14187
-3227
-14523
-3275
-14715
-3243
-15035
-3243
-15163
-3267
-15499
-3155
-15747
-3251
-15971
-3219
-16155
-3211
-16347
-3187
-16603
-3219
-16899
-3251
-17099
-3267
-17419
-3267
-17579
-3267
-17827
-3243
-18043
-3259
-18267
-3211
-18515
-3235
-18875
-3443
125
-3507
-87
-3511
-299
-3379
-495
-3435
-755
-3419
-1051
-3443
-1267
-3495
-1535
-3475
-1699
-3487
-2027
-3479
-2283
-3411
-2555
-3503
-2731
-3459
-3003
-3467
-3235
-3443
-3507
-3487
-3683
-3463
-3963
-3507
-4219
-3459
-4475
-3459
-4595
-3423
-4891
-3451
-5187
-3379
-5367
-3455
-5599
-3459
-5831
-3495
-6015
-3495
-6247
-3439
-6539
-3479
-6723
-3435
-6983
-3431
-7315
-3471
-7579
-3479
-7779
-3503
-8055
-3451
-8291
-3499
-8475
-3395
-8723
-3391
-8999
-3483
-9219
-3443
-9403
-3507
-9707
-3443
-9891
-3459
-10219
-3443
-10403
-3507
-10659
-3483
-10835
-3451
-11195
-3475
-11419
-3403
-11651
-3443
-11827
-3483
-12147
-3515
-12275
-3403
-12579
-3483
-12835
-3467
-12995
-3499
-13251
-3451
-13507
-3515
-13803
-3475
-13971
-3475
-14227
-3483
-14547
-3387
-14787
-3459
-15035
-3507
-15267
-3459
-15427
-3491
-15755
-3499
-15955
-3467
-16235
-3475
-16427
-3475
-16651
-3483
-16835
-3459
-17171
-3411
-17339
-3475
-17619
-3499
-17907
-3443
-18147
-3467
-18267
-3395
-18523
-3403
-18875
-3627
141
-3731
-91
-3659
-359
-3699
-595
-3727
-847
-3711
-995
-3747
-1319
-3699
-1539
-3699
-1703
-3703
-1987
-3715
-2195
-3703
-2463
-3659
-2739
-3707
-3023
-3723
-3171
-3643
-3467
-3663
-3599
-3723
-3947
-3607
-4135
-3723
-4335
-3679
-4595
-3711
-4835
-3683
-5127
-3699
-5407
-3635
-5675
-3619
-5843
-3699
-6047
-3731
-6395
-3715
-6539
-3719
-6847
-3631
-7019
-3715
-7307
-3687
-7571
-3715
-7795
-3743
-7971
-3663
-8219
-3699
-8423
-3627
-8659
-3679
-8979
-3739
-9231
-3647
-9483
-3667
-9699
-3667
-9899
-3739
-10147
-3627
-10435
-3715
-10603
-3683
-10955
-3699
-11171
-3731
-11315
-3715
-11555
-3739
-11859
-3683
-12107
-3643
-12291
-3651
-12539
-3659
-12859
-3683
-13083
-3667
-13355
-3667
-13555
-3747
-13755
-3747
-14051
-3635
-14211
-3675
-14427
-3739
-14675
-3755
-14947
-3755
-15195
-3699
-15475
-3699
-15683
-3651
-15995
-3723
-16123
-3675
-16355
-3635
-16587
-3731
-16947
-3643
-17083
-3659
-17363
-3691
-17659
-3675
-17883
-3635
-18123
-3683
-18275
-3691
-18571
-3747
-18843
-3887
149
-3947
-135
-3895
-363
-3879
-599
-3951
-759
-3863
-1051
-3899
-1239
-3959
-1459
-3971
-1723
-3907
-2007
-3951
-2315
-3899
-2511
-3951
-2787
-3955
-2987
-3879
-3171
-3923
-3435
-3955
-3683
-3971
-3959
-3915
-4135
-3871
-4375
-3911
-4691
-3927
-4899
-3899
-5107
-3955
-5291
-3899
-5611
-3967
-5839
-3983
-6047
-3983
-6351
-3899
-6527
-3987
-6739
-3987
-7083
-3935
-7211
-3915
-7527
-3879
-7815
-3943
-8039
-3951
-8187
-3975
-8463
-3951
-8671
-3955
-9003
-3927
-9167
-3995
-9379
-3875
-9651
-3923
-9995
-3891
-10123
-3915
-10395
-3899
-10643
-3931
-10835
-3915
-11115
-3971
-11323
-3947
-11555
-3947
-11859
-3947
-12115
-3907
-12355
-3891
-12571
-3875
-12779
-3923
-12995
-3923
-13355
-3931
-13499
-3971
-13763
-3979
-13971
-3939
-14267
-3963
-14531
-3995
-14779
-3995
-15011
-3963
-15147
-3947
-15467
-3987
-15667
-3987
-15939
-3875
-16115
-3907
-16427
-3883
-16611
-3867
-16931
-3939
-17179
-3995
-17395
-3955
-17563
-3987
-17883
-3971
-18035
-3963
-18299
-3955
-18595
-3947
-18819
-4143
101
-4123
-59
-4171
-299
-4087
-503
-4183
-771
-4219
-1103
-4219
-1247
-4115
-1563
-4175
-1779
-4091
-2039
-4115
-2231
-4183
-2535
-4099
-2707
-4123
-3007
-4143
-3143
-4211
-3475
-4227
-3615
-4211
-3855
-4215
-4187
-4127
-4331
-4107
-4607
-4219
-4843
-4187
-5155
-4207
-5307
-4227
-5567
-4163
-5775
-4131
-5995
-4151
-6335
-4187
-6615
-4147
-6751
-4195
-7087
-4199
-7235
-4151
-7531
-4171
-7763
-4211
-8011
-4215
-8235
-4207
-8535
-4203
-8731
-4203
-8899
-4103
-9199
-4171
-9499
-4139
-9691
-4163
-9923
-4227
-10155
-4131
-10467
-4235
-10691
-4219
-10923
-4211
-11187
-4163
-11331
-4227
-11619
-4163
-11875
-4235
-12027
-4219
-12347
-4155
-12579
-4235
-12819
-4211
-13027
-4155
-13339
-4163
-13547
-4155
-13715
-4203
-13955
-4147
-14275
-4235
-14555
-4139
-14715
-4123
-15011
-4179
-15155
-4219
-15451
-4179
-15667
-4195
-15923
-4235
-16139
-4235
-16427
-4227
-16691
-4203
-16939
-4211
-17171
-4219
-17387
-4203
-17675
-4131
-17875
-4219
-18067
-4219
-18315
-4203
-18603
-4139
-18875
-4403
149
-4347
-67
-4463
-367
-4359
-599
-4435
-759
-4443
-1095
-4355
-1315
-4383
-1551
-4411
-1715
-4343
-1939
-4395
-2271
-4367
-2527
-4459
-2743
-4391
-3003
-4347
-3211
-4395
-3407
-4451
-3743
-4391
-3947
-4427
-4203
-4395
-4443
-4435
-4695
-4459
-4847
-4467
-5159
-4423
-5311
-4459
-5591
-4443
-5819
-4387
-6083
-4423
-6355
-4439
-6503
-4427
-6851
-4463
-7027
-4463
-7307
-4459
-7455
-4383
-7767
-4419
-8035
-4455
-8195
-4451
-8403
-4371
-8763
-4443
-8935
-4459
-9147
-4459
-9471
-4411
-9715
-4371
-9995
-4475
-10123
-4347
-10467
-4403
-10627
-4395
-10843
-4435
-11115
-4467
-11387
-4427
-11675
-4379
-11891
-4403
-12123
-4427
-12347
-4475
-12539
-4435
-12851
-4395
-13083
-4355
-13307
-4467
-13475
-4403
-13707
-4371
-13963
-4387
-14211
-4467
-14451
-4475
-14755
-4451
-14979
-4475
-15243
-4411
-15427
-4419
-15731
-4411
-15995
-4475
-16123
-4467
-16395
-4395
-16691
-4475
-16899
-4403
-17163
-4475
-17307
-4459
-17595
-4467
-17915
-4419
-18067
-4411
-18307
-4451
-18595
-4379
-18875
-4707
133
-4683
-79
-4639
-287
-4683
-487
-4679
-835
-4587
-1051
-4695
-1263
-4659
-1507
-4611
-1731
-4643
-1967
-4643
-2275
-4635
-2411
-4595
-2775
-4639
-2983
-4691
-3211
-4647
-3363
-4599
-3687
-4579
-3967
-4663
-4219
-4615
-4379
-4679
-4567
-4639
-4919
-4675
-5135
-4655
-5339
-4675
-5583
-4627
-5787
-4635
-6083
-4607
-6347
-4679
-6583
-4619
-6771
-4703
-7083
-4683
-7235
-4675
-7499
-4683
-7803
-4575
-8011
-4683
-8231
-4659
-8531
-4587
-8767
-4671
-8995
-4643
-9219
-4691
-9415
-4667
-9667
-4667
-9971
-4691
-10195
-4587
-10371
-4683
-10691
-4651
-10867
-4603
-11123
-4707
-11347
-4707
-11619
-4707
-11875
-4667
-12035
-4651
-12379
-4675
-12523
-4683
-12859
-4667
-13059
-4675
-13331
-4707
-13523
-4707
-13763
-4659
-13987
-4715
-14227
-4619
-14547
-4595
-14699
-4667
-14995
-4651
-15163
-4691
-15467
-4707
-15667
-4715
-15987
-4635
-16131
-4699
-16435
-4611
-16635
-4611
-16947
-4659
-17147
-4691
-17419
-4635
-17563
-4659
-17835
-4715
-18075
-4699
-18347
-4715
-18555
-4691
-18859
-4911
117
-4931
-127
-4867
-307
-4907
-531
-4919
-767
-4871
-991
-4839
-1267
-4899
-1567
-4867
-1695
-4883
-1971
-4831
-2219
-4923
-2491
-4951
-2763
-4903
-3023
-4871
-3147
-4875
-3495
-4947
-3603
-4903
-3927
-4847
-4179
-4879
-4435
-4955
-4595
-4919
-4831
-4823
-5171
-4851
-5387
-4867
-5587
-4931
-5891
-4847
-6127
-4891
-6335
-4811
-6575
-4919
-6831
-4899
-6983
-4859
-7355
-4899
-7571
-4943
-7703
-4899
-8059
-4911
-8295
-4911
-8519
-4927
-8715
-4907
-8939
-4923
-9235
-4911
-9447
-4867
-9731
-4947
-9963
-4859
-10155
-4939
-10443
-4843
-10627
-4955
-10955
-4899
-11139
-4835
-11339
-4955
-11651
-4867
-11819
-4915
-12067
-4947
-12291
-4827
-12587
-4867
-12827
-4875
-13051
-4923
-13235
-4843
-13547
-4915
-13795
-4867
-14059
-4915
-14243
-4939
-14515
-4851
-14747
-4955
-15011
-4931
-15267
-4955
-15467
-4907
-15635
-4843
-15979
-4931
-16115
-4891
-16379
-4931
-16611
-4899
-16843
-4939
-17107
-4939
-17419
-4947
-17667
-4843
-17811
-4875
-18147
-4875
-18315
-4835
-18619
-4955
-18819
-5123
125
-5139
-83
-5063
-251
-5143
-595
-5187
-747
-5087
-1051
-5155
-1271
-5107
-1451
-5151
-1743
-5155
-2067
-5171
-2179
-5119
-2463
-5095
-2643
-5107
-2975
-5183
-3191
-5187
-3419
-5167
-3615
-5111
-3851
-5179
-4099
-5099
-4399
-5167
-4591
-5131
-4923
-5175
-5147
-5183
-5299
-5063
-5647
-5175
-5903
-5171
-6083
-5087
-6255
-5143
-6563
-5159
-6771
-5127
-7043
-5115
-7299
-5183
-7559
-5143
-7691
-5083
-7999
-5079
-8267
-5147
-8479
-5187
-8783
-5131
-9011
-5143
-9183
-5175
-9499
-5147
-9739
-5171
-9939
-5155
-10163
-5067
-10427
-5155
-10707
-5179
-10931
-5163
-11115
-5195
-11339
-5107
-11667
-5179
-11819
-5171
-12035
-5131
-12347
-5155
-12555
-5195
-12859
-5155
-13027
-5171
-13243
-5163
-13515
-5171
-13835
-5171
-14051
-5147
-14275
-5187
-14491
-5075
-14739
-5155
-14963
-5107
-15251
-5163
-15435
-5195
-15675
-5171
-15939
-5195
-16115
-5091
-16387
-5123
-16675
-5179
-16859
-5171
-17171
-5115
-17323
-5147
-17571
-5195
-17835
-5155
-18067
-5147
-18331
-5155
-18611
-5171
-18851
-5339
141
-5419
-123
-5363
-339
-5323
-547
-5347
-787
-5307
-1015
-5315
-1291
-5331
-1479
-5339
-1763
-5403
-1947
-5395
-2291
-5403
-2427
-5435
-2739
-5395
-2939
-5379
-3235
-5427
-3403
-5435
-3723
-5419
-3875
-5315
-4123
-5395
-4467
-5323
-4627
-5323
-4823
-5363
-5159
-5379
-5395
-5387
-5559
-5435
-5899
-5411
-6115
-5315
-6283
-5363
-6627
-5339
-6859
-5355
-7019
-5347
-7331
-5387
-7539
-5411
-7795
-5379
-7995
-5307
-8247
-5387
-8427
-5315
-8643
-5323
-8995
-5403
-9155
-5371
-9443
-5427
-9651
-5347
-9875
-5331
-10115
-5331
-10371
-5363
-10603
-5435
-10955
-5403
-11123
-5403
-11435
-5427
-11603
-5427
-11867
-5427
-12067
-5403
-12331
-5403
-12635
-5363
-12779
-5355
-13083
-5379
-13299
-5427
-13467
-5403
-13787
-5403
-14051
-5355
-14315
-5363
-14427
-5395
-14707
-5307
-15011
-5339
-15251
-5347
-15507
-5323
-15683
-5411
-15931
-5307
-16203
-5411
-16355
-5395
-16675
-5339
-16875
-5371
-17099
-5355
-17307
-5347
-17587
-5387
-17899
-5395
-18035
-5339
-18371
-5371
-18595
-5435
-18811
-5579
125
-5667
-99
-5635
-291
-5651
-587
-5603
-779
-5627
-1107
-5587
-1307
-5587
-1483
-5643
-1835
-5571
-2075
-5667
-2307
-5635
-2539
-5603
-2739
-5651
-2915
-5667
-3251
-5595
-3507
-5651
-3715
-5635
-3939
-5595
-4155
-5603
-4419
-5611
-4603
-5555
-4915
-5667
-5099
-5667
-5355
-5667
-5587
-5595
-5915
-5563
-6107
-5667
-6331
-5643
-6563
-5675
-6819
-5659
-7099
-5651
-7347
-5619
-7555
-5611
-7755
-5643
-8059
-5659
-8187
-5643
-8427
-5635
-8787
-5603
-8963
-5603
-9147
-5635
-9467
-5595
-9675
-5643
-9947
-5555
-10155
-5667
-10403
-5651
-10619
-5627
-10907
-5571
-11099
-5643
-11435
-5659
-11643
-5619
-11899
-5667
-12115
-5603
-12363
-5675
-12507
-5667
-12787
-5611
-13067
-5579
-13331
-5587
-13587
-5595
-13795
-5627
-13971
-5627
-14211
-5651
-14547
-5579
-14779
-5635
-15035
-5643
-15259
-5675
-15467
-5555
-15731
-5587
-15923
-5555
-16139
-5603
-16435
-5595
-16691
-5675
-16867
-5587
-17171
-5675
-17363
-5587
-17571
-5547
-17819
-5675
-18131
-5675
-18267
-5643
-18587
-5675
-18827
-5899
117
-5835
-139
-5827
-387
-5915
-507
-5907
-859
-5795
-1051
-5827
-1291
-5907
-1595
-5811
-1819
-5843
-2051
-5835
-2235
-5787
-2499
-5907
-2771
-5875
-3003
-5867
-3163
-5851
-3491
-5803
-3731
-5811
-3939
-5843
-4219
-5907
-4411
-5883
-4595
-5891
-4931
-5827
-5123
-5787
-5419
-5843
-5659
-5867
-5787
-5875
-6131
-5899
-6355
-5843
-6619
-5867
-6779
-5835
-6987
-5907
-7251
-5883
-7507
-5899
-7763
-5883
-8051
-5835
-8227
-5819
-8483
-5891
-8667
-5915
-8923
-5875
-9155
-5875
-9467
-5835
-9731
-5891
-9883
-5875
-10163
-5899
-10459
-5883
-10683
-5859
-10907
-5867
-11195
-5915
-11347
-5803
-11595
-5835
-11827
-5843
-12059
-5907
-12355
-5867
-12571
-5843
-12851
-5859
-13011
-5915
-13267
-5891
-13515
-5875
-13755
-5795
-14035
-5795
-14267
-5827
-14555
-5907
-14787
-5915
-14947
-5875
-15163
-5827
-15435
-5915
-15707
-5891
-15907
-5819
-16123
-5827
-16347
-5899
-16587
-5907
-16899
-5875
-17067
-5803
-17435
-5899
-17643
-5803
-17835
-5859
-18131
-5859
-18379
-5835
-18579
-5803
-18827
-6091
149
-6035
-107
-6051
-347
-6107
-547
-6155
-811
-6155
-1115
-6043
-1355
-6035
-1515
-6099
-1819
-6147
-1995
-6147
-2283
-6155
-2483
-6131
-2731
-6123
-2979
-6091
-3227
-6107
-3491
-6147
-3715
-6123
-3867
-6067
-4147
-6147
-4459
-6051
-4619
-6147
-4875
-6115
-5155
-6155
-5339
-6139
-5659
-6115
-5811
-6075
-6083
-6067
-6347
-6083
-6555
-6099
-6835
-6099
-7019
-6091
-7347
-6107
-7547
-6147
-7795
-6059
-8027
-6123
-8259
-6027
-8443
-6123
-8755
-6147
-8979
-6123
-9227
-6083
-9451
-6027
-9659
-6155
-9875
-6155
-10219
-6147
-10435
-6147
-10651
-6035
-10891
-6083
-11075
-6139
-11427
-6115
-11587
-6155
-11819
-6131
-12051
-6107
-12299
-6107
-12635
-6099
-12819
-6099
-13091
-6091
-13355
-6139
-13547
-6131
-13747
-6083
-14059
-6123
-14243
-6147
-14547
-6155
-14699
-6107
-14963
-6123
-15227
-6083
-15499
-6035
-15635
-6139
-15963
-6123
-16211
-6115
-16419
-6139
-16635
-6139
-16859
-6051
-17187
-6147
-17331
-6155
-17675
-6091
-17899
-6139
-18043
-6099
-18395
-6131
-18587
-6059
-18811
-6307
101
-6267
-115
-6339
-275
-6339
-539
-6323
-787
-6371
-1043
-6323
-1307
-6323
-1475
-6363
-1819
-6347
-1963
-6291
-2195
-6339
-2507
-6307
-2723
-6379
-2939
-6267
-3179
-6315
-3515
-6387
-3739
-6355
-3915
-6387
-4123
-6291
-4451
-6379
-4675
-6395
-4907
-6307
-5131
-6275
-5371
-6355
-5595
-6339
-5835
-6395
-6051
-6339
-6355
-6355
-6571
-6395
-6771
-6379
-7091
-6267
-7339
-6339
-7539
-6299
-7723
-6267
-8003
-6387
-8251
-6355
-8427
-6339
-8707
-6331
-9019
-6323
-9187
-6371
-9475
-6395
-9627
-6363
-9931
-6387
-10227
-6395
-10403
-6339
-10627
-6387
-10859
-6371
-11107
-6347
-11347
-6363
-11579
-6355
-11875
-6379
-12107
-6371
-12395
-6371
-12563
-6307
-12851
-6339
-13115
-6363
-13291
-6339
-13579
-6387
-13803
-6331
-13971
-6355
-14187
-6355
-14515
-6363
-14715
-6371
-14939
-6371
-15187
-6355
-15403
-6379
-15643
-6379
-15875
-6363
-16235
-6363
-16435
-6267
-16715
-6323
-16947
-6331
-17083
-6283
-17395
-6395
-17635
-6355
-17907
-6371
-18115
-6275
-18315
-6379
-18547
-6331
-18811
-6603
109
-6611
-147
-6539
-363
-6507
-515
-6523
-843
-6627
-1091
-6595
-1267
-6547
-1571
-6611
-1707
-6595
-1955
-6603
-2251
-6507
-2515
-6515
-2707
-6635
-2907
-6579
-3187
-6531
-3491
-6619
-3747
-6603
-3971
-6563
-4179
-6523
-4451
-6603
-4667
-6619
-4947
-6547
-5099
-6635
-5363
-6523
-5587
-6563
-5827
-6563
-6091
-6635
-6371
-6571
-6547
-6611
-6819
-6603
-7091
-6523
-7267
-6587
-7547
-6563
-7827
-6619
-8051
-6571
-8315
-6603
-8523
-6595
-8771
-6571
-8907
-6587
-9203
-6531
-9443
-6635
-9691
-6627
-9987
-6587
-10219
-6563
-10475
-6547
-10675
-6595
-10947
-6555
-11075
-6563
-11419
-6563
-11579
-6619
-11899
-6563
-12083
-6507
-12379
-6603
-12611
-6595
-12851
-6563
-12995
-6611
-13283
-6555
-13475
-6611
-13763
-6627
-14059
-6635
-14283
-6611
-14539
-6595
-14771
-6547
-14923
-6547
-15187
-6579
-15395
-6563
-15659
-6603
-15883
-6635
-16107
-6595
-16451
-6635
-16595
-6515
-16883
-6563
-17099
-6507
-17395
-6547
-17611
-6635
-17827
-6611
-18027
-6611
-18323
-6579
-18619
-6531
-18843
-6835
101
-6867
-35
-6771
-379
-6811
-555
-6851
-803
-6835
-1043
-6787
-1331
-6795
-1555
-6779
-1731
-6763
-1955
-6771
-2243
-6811
-2443
-6795
-2699
-6787
-2947
-6763
-3195
-6843
-3403
-6859
-3627
-6859
-3867
-6755
-4195
-6867
-4371
-6819
-4691
-6835
-4867
-6875
-5147
-6859
-5331
-6835
-5563
-6819
-5795
-6867
-6051
-6851
-6315
-6859
-6539
-6803
-6843
-6867
-7091
-6827
-7339
-6843
-7531
-6747
-7787
-6771
-8067
-6843
-8211
-6835
-8475
-6779
-8723
-6835
-8947
-6835
-9147
-6875
-9411
-6771
-9723
-6851
-9971
-6819
-10179
-6811
-10395
-6875
-10691
-6843
-10875
-6763
-11155
-6827
-11411
-6835
-11643
-6827
-11891
-6851
-12115
-6819
-12355
-6867
-12515
-6843
-12755
-6819
-12995
-6755
-13315
-6867
-13587
-6795
-13771
-6787
-13971
-6779
-14243
-6787
-14483
-6875
-14691
-6747
-14955
-6811
-15219
-6747
-15419
-6771
-15731
-6843
-15995
-6859
-16107
-6867
-16435
-6859
-16667
-6851
-16947
-6867
-17163
-6835
-17411
-6835
-17571
-6835
-17827
-6835
-18091
-6875
-18363
-6779
-18571
-6795
-18827
-7075
133
-7035
-99
-7091
-347
-7115
-587
-7083
-875
-7059
-995
-7091
-1355
-7083
-1555
-7011
-1835
-7107
-1947
-6995
-2187
-7043
-2507
-7099
-2787
-7115
-2931
-7043
-3147
-7027
-3411
-7091
-3635
-7075
-3931
-7027
-4139
-7067
-4371
-7019
-4659
-7027
-4923
-7099
-5099
-7043
-5355
-7099
-5603
-7091
-5803
-7011
-6091
-7091
-6387
-6987
-6539
-7067
-6747
-7067
-6995
-7115
-7299
-7091
-7531
-7043
-7795
-7003
-8067
-7099
-8195
-7059
-8483
-7043
-8675
-7083
-8963
-7035
-9155
-6987
-9491
-7011
-9715
-7083
-9979
-7115
-10179
-7059
-10419
-7115
-10627
-6995
-10851
-7091
-11123
-7099
-11403
-6995
-11563
-7083
-11795
-7027
-12131
-7115
-12323
-7019
-12563
-7067
-12747
-7019
-13011
-7107
-13331
-7059
-13491
-7059
-13707
-7027
-14011
-7091
-14307
-7107
-14555
-7083
-14795
-6995
-15035
-7003
-15219
-7051
-15459
-7115
-15667
-7091
-15923
-7091
-16115
-7043
-16435
-7059
-16675
-6995
-16843
-6995
-17195
-7107
-17419
-7059
-17635
-7075
-17875
-7107
-18067
-7083
-18315
-7083
-18579
-6987
-18843
-7315
117
-7355
-83
-7347
-291
-7315
-627
-7339
-763
-7299
-1099
-7307
-1227
-7267
-1579
-7283
-1803
-7299
-2051
-7259
-2243
-7251
-2523
-7307
-2755
-7291
-2923
-7275
-3251
-7235
-3507
-7299
-3747
-7339
-3907
-7283
-4171
-7347
-4435
-7299
-4659
-7275
-4915
-7267
-5171
-7243
-5395
-7283
-5635
-7331
-5803
-7275
-6099
-7323
-6267
-7275
-6539
-7323
-6787
-7291
-7043
-7275
-7315
-7291
-7563
-7275
-7715
-7267
-8027
-7267
-8299
-7347
-8451
-7355
-8675
-7307
-8947
-7299
-9251
-7299
-9427
-7355
-9691
-7331
-9955
-7283
-10227
-7283
-10459
-7355
-10619
-7355
-10947
-7243
-11067
-7259
-11387
-7227
-11571
-7323
-11787
-7299
-12131
-7323
-12307
-7291
-12611
-7299
-12811
-7275
-13083
-7283
-13267
-7355
-13555
-7331
-13715
-7339
-14051
-7315
-14227
-7315
-14507
-7339
-14699
-7291
-14987
-7331
-15155
-7235
-15467
-7347
-15651
-7347
-15939
-7339
-16155
-7355
-16403
-7243
-16715
-7355
-16875
-7259
-17147
-7299
-17347
-7283
-17603
-7347
-17851
-7315
-18099
-7267
-18363
-7339
-18523
-7331
-18811
-7531
93
-7507
-67
-7547
-387
-7563
-611
-7475
-771
-7555
-1011
-7579
-1291
-7563
-1547
-7515
-1811
-7547
-1971
-7475
-2275
-7539
-2427
-7579
-2771
-7515
-2971
-7563
-3195
-7547
-3443
-7499
-3659
-7587
-3907
-7587
-4235
-7515
-4363
-7555
-4635
-7499
-4835
-7475
-5163
-7579
-5435
-7555
-5659
-7571
-5875
-7555
-6027
-7539
-6307
-7499
-6603
-7555
-6835
-7571
-7115
-7555
-7259
-7595
-7539
-7523
-7827
-7563
-8011
-7491
-8235
-7595
-8539
-7491
-8699
-7539
-8923
-7587
-9259
-7587
-9443
-7595
-9635
-7547
-9979
-7515
-10219
-7539
-10443
-7571
-10587
-7555
-10899
-7515
-11163
-7499
-11419
-7571
-11603
-7475
-11827
-7531
-12067
-7579
-12339
-7595
-12627
-7579
-12811
-7587
-12995
-7579
-13339
-7563
-13539
-7587
-13811
-7507
-13995
-7523
-14243
-7507
-14435
-7595
-14731
-7563
-14931
-7587
-15211
-7579
-15515
-7515
-15731
-7531
-15923
-7555
-16131
-7555
-16371
-7579
-16691
-7595
-16891
-7579
-17171
-7563
-17371
-7539
-17651
-7555
-17811
-7483
-18123
-7587
-18379
-7483
-18587
-7539
-18835
-7827
109
-7779
-59
-7795
-291
-7763
-507
-7819
-787
-7827
-1115
-7723
-1307
-7827
-1467
-7819
-1707
-7827
-2059
-7787
-2291
-7779
-2483
-7795
-2699
-7715
-3027
-7827
-3155
-7787
-3499
-7779
-3667
-7803
-3875
-7827
-4187
-7731
-4387
-7803
-4675
-7827
-4899
-7811
-5091
-7755
-5347
-7771
-5643
-7811
-5891
-7811
-6107
-7707
-6347
-7787
-6619
-7787
-6835
-7747
-7099
-7715
-7251
-7835
-7555
-7819
-7787
-7787
-7955
-7763
-8243
-7755
-8507
-7811
-8731
-7835
-8995
-7707
-9219
-7795
-9515
-7763
-9739
-7771
-9875
-7835
-10131
-7779
-10347
-7827
-10611
-7819
-10867
-7771
-11131
-7787
-11411
-7715
-11587
-7707
-11899
-7803
-12131
-7803
-12395
-7803
-12611
-7731
-12803
-7803
-13099
-7803
-13331
-7779
-13499
-7819
-13755
-7779
-14067
-7755
-14307
-7763
-14555
-7827
-14755
-7811
-15003
-7747
-15179
-7739
-15475
-7715
-15691
-7779
-15971
-7835
-16155
-7835
-16355
-7779
-16643
-7835
-16931
-7755
-17179
-7763
-17395
-7723
-17571
-7811
-17851
-7731
-18155
-7763
-18323
-7707
-18579
-7827
-18827
-8051
101
-7971
-139
-8051
-323
-8059
-579
-8011
-763
-8051
-1011
-8035
-1259
-8011
-1515
-8059
-1763
-8043
-2035
-8075
-2291
-8051
-2491
-8067
-2795
-8035
-2947
-7955
-3187
-8051
-3507
-8051
-3651
-7963
-3947
-8019
-4219
-8059
-4443
-8067
-4683
-7995
-4859
-8075
-5139
-8075
-5419
-7979
-5627
-8051
-5867
-7963
-6131
-8003
-6371
-8011
-6523
-8011
-6851
-7955
-7107
-8067
-7291
-8003
-7587
-8051
-7779
-7995
-7971
-8059
-8187
-7995
-8515
-7987
-8707
-8003
-9035
-8043
-9147
-7995
-9419
-7963
-9707
-8051
-9955
-7963
-10163
-7971
-10395
-7995
-10611
-8067
-10859
-8019
-11099
-8027
-11347
-8027
-11611
-8011
-11907
-8075
-12067
-8051
-12291
-7963
-12579
-8051
-12859
-8067
-13043
-8067
-13307
-8011
-13547
-8019
-13811
-8003
-13979
-8043
-14283
-8067
-14483
-8003
-14699
-8051
-14971
-8067
-15179
-8075
-15403
-8043
-15699
-7947
-15955
-7995
-16211
-7963
-16419
-8059
-16587
-8019
-16883
-7987
-17123
-8075
-17427
-7979
-17587
-8051
-17827
-8011
-18123
-8059
-18395
-8003
-18563
-7995
-18827
-8315
117
-8315
-155
-8307
-323
-8283
-627
-8243
-795
-8259
-1059
-8299
-1267
-8283
-1579
-8307
-1803
-8299
-2011
-8299
-2195
-8195
-2467
-8267
-2787
-8219
-3035
-8227
-3171
-8307
-3387
-8315
-3683
-8291
-3987
-8299
-4195
-8243
-4395
-8315
-4675
-8211
-4923
-8275
-5147
-8283
-5427
-8275
-5667
-8187
-5803
-8219
-6131
-8259
-6387
-8267
-6587
-8275
-6803
-8315
-7051
-8259
-7299
-8307
-7491
-8299
-7819
-8299
-7987
-8267
-8219
-8259
-8531
-8307
-8667
-8243
-9027
-8195
-9179
-8251
-9483
-8267
-9635
-8211
-9915
-8307
-10211
-8235
-10419
-8267
-10651
-8267
-10851
-8235
-11155
-8195
-11339
-8187
-11571
-8251
-11795
-8203
-12107
-8259
-12379
-8227
-12635
-8307
-12803
-8299
-13083
-8203
-13251
-8243
-13467
-8291
-13731
-8211
-14059
-8219
-14251
-8211
-14491
-8283
-14667
-8299
-14907
-8195
-15163
-8243
-15395
-8251
-15667
-8211
-15915
-8219
-16187
-8283
-16403
-8219
-16587
-8267
-16907
-8195
-17115
-8315
-17347
-8307
-17619
-8267
-17899
-8203
-18139
-8291
-18307
-8235
-18611
-8291
-18867
-8523
141
-8531
-75
-8547
-339
-8467
-635
-8459
-795
-8547
-1115
-8555
-1259
-8523
-1587
-8523
-1795
-8499
-1971
-8539
-2275
-8443
-2555
-8467
-2763
-8467
-2987
-8507
-3227
-8515
-3411
-8435
-3691
-8427
-3963
-8443
-4235
-8555
-4387
-8451
-4611
-8531
-4875
-8459
-5171
-8499
-5323
-8499
-5571
-8523
-5811
-8547
-6155
-8531
-6363
-8491
-6547
-8483
-6755
-8435
-7059
-8531
-7251
-8427
-7555
-8531
-7715
-8515
-8035
-8451
-8283
-8531
-8547
-8451
-8771
-8475
-8987
-8435
-9211
-8507
-9427
-8523
-9747
-8523
-9995
-8555
-10227
-8443
-10451
-8499
-10651
-8467
-10843
-8515
-11075
-8499
-11347
-8555
-11651
-8531
-11795
-8507
-12131
-8515
-12355
-8547
-12539
-8483
-12787
-8555
-12995
-8547
-13323
-8547
-13491
-8531
-13731
-8555
-14059
-8523
-14219
-8515
-14531
-8539
-14699
-8523
-14955
-8483
-15211
-8483
-15475
-8531
-15731
-8515
-15891
-8523
-16147
-8435
-16459
-8459
-16691
-8459
-16835
-8451
-17075
-8443
-17323
-8539
-17635
-8547
-17883
-8507
-18123
-8451
-18355
-8427
-18531
-8523
-18827
-8779
141
-8755
-115
-8691
-291
-8723
-507
-8755
-835
-8787
-1043
-8723
-1315
-8715
-1595
-8683
-1835
-8779
-1947
-8763
-2187
-8771
-2467
-8723
-2691
-8675
-2939
-8779
-3235
-8683
-3499
-8691
-3643
-8675
-3971
-8787
-4219
-8779
-4371
-8763
-4603
-8771
-4955
-8755
-5067
-8771
-5403
-8747
-5651
-8747
-5907
-8787
-6099
-8699
-6267
-8771
-6603
-8683
-6835
-8731
-7051
-8779
-7299
-8755
-7595
-8755
-7787
-8763
-7979
-8715
-8195
-8795
-8555
-8683
-8795
-8699
-9035
-8739
-9203
-8739
-9411
-8691
-9683
-8739
-9971
-8731
-10219
-8779
-10363
-8787
-10643
-8715
-10923
-8795
-11163
-8779
-11427
-8747
-11587
-8675
-11787
-8739
-12155
-8771
-12355
-8747
-12531
-8787
-12779
-8723
-13027
-8739
-13331
-8699
-13595
-8715
-13763
-8795
-14019
-8795
-14275
-8731
-14467
-8771
-14683
-8787
-15003
-8691
-15259
-8739
-15467
-8771
-15683
-8787
-15987
-8763
-16155
-8787
-16427
-8795
-16587
-8699
-16859
-8763
-17099
-8795
-17435
-8707
-17651
-8747
-17843
-8739
-18067
-8763
-18355
-8787
-18555
-8763
-18811
-9019
125
-8995
-59
-8947
-363
-8995
-635
-8995
-755
-8931
-1115
-8979
-1259
-8971
-1563
-8979
-1739
-9019
-2067
-8979
-2227
-8987
-2507
-9003
-2675
-9011
-2915
-8931
-3195
-8963
-3491
-8955
-3715
-8931
-3891
-8995
-4235
-9011
-4379
-9019
-4675
-8971
-4915
-9035
-5115
-8931
-5395
-8939
-5619
-8931
-5907
-9035
-6075
-8931
-6275
-9019
-6515
-8915
-6867
-9035
-7107
-9003
-7339
-8963
-7483
-8931
-7707
-9011
-8019
-8923
-8275
-9035
-8443
-9027
-8763
-9011
-9035
-9011
-9275
-8987
-9483
-9011
-9699
-8995
-9891
-9027
-10179
-9011
-10379
-8971
-10611
-8939
-10875
-8939
-11195
-9035
-11363
-9035
-11595
-8995
-11875
-8971
-12099
-8979
-12323
-8979
-12635
-8995
-12835
-9011
-13027
-9019
-13347
-9027
-13555
-8923
-13715
-8947
-13947
-9035
-14307
-9035
-14467
-9027
-14699
-8915
-14915
-8915
-15163
-9019
-15427
-8947
-15675
-8915
-15867
-9035
-16139
-8923
-16467
-9035
-16683
-9027
-16899
-9019
-17075
-8915
-17427
-8963
-17555
-8947
-17851
-8947
-18035
-8995
-18291
-8939
-18523
-8907
-18835
-9179
109
-9267
-147
-9243
-387
-9179
-587
-9275
-835
-9235
-1003
-9155
-1347
-9219
-1563
-9195
-1707
-9259
-1971
-9219
-2227
-9227
-2491
-9267
-2795
-9187
-2995
-9227
-3219
-9235
-3435
-9243
-3683
-9243
-3939
-9251
-4139
-9275
-4443
-9187
-4683
-9219
-4915
-9227
-5099
-9147
-5355
-9147
-5587
-9147
-5899
-9275
-6067
-9259
-6355
-9211
-6507
-9155
-6811
-9187
-7067
-9203
-7347
-9187
-7507
-9243
-7723
-9203
-8019
-9147
-8227
-9227
-8427
-9195
-8667
-9155
-9003
-9203
-9171
-9259
-9491
-9235
-9739
-9163
-9915
-9235
-10131
-9171
-10427
-9211
-10707
-9259
-10867
-9235
-11083
-9227
-11427
-9243
-11611
-9275
-11811
-9147
-12147
-9243
-12323
-9275
-12579
-9195
-12867
-9259
-13075
-9235
-13307
-9211
-13547
-9275
-13763
-9275
-14019
-9251
-14315
-9275
-14547
-9179
-14755
-9211
-15035
-9227
-15235
-9259
-15491
-9259
-15643
-9171
-15971
-9219
-16195
-9259
-16371
-9147
-16699
-9251
-16955
-9251
-17179
-9195
-17403
-9227
-17595
-9219
-17851
-9219
-18107
-9179
-18331
-9227
-18635
-9259
-18811
-9483
149
-9459
-51
-9451
-379
-9491
-555
-9435
-763
-9467
-1051
-9451
-1339
-9435
-1467
-9483
-1811
-9515
-1971
-9475
-2259
-9499
-2483
-9459
-2715
-9467
-2947
-9443
-3227
-9419
-3395
-9387
-3707
-9475
-3979
-9515
-4179
-9507
-4363
-9459
-4627
-9427
-4939
-9515
-5179
-9467
-5395
-9395
-5675
-9507
-5835
-9499
-6099
-9403
-6379
-9427
-6595
-9419
-6755
-9491
-6987
-9459
-7307
-9435
-7467
-9387
-7755
-9515
-7955
-9483
-8211
-9451
-8475
-9507
-8707
-9435
-8987
-9395
-9235
-9387
-9411
-9483
-9627
-9515
-9955
-9411
-10235
-9475
-10435
-9411
-10635
-9411
-10907
-9483
-11091
-9491
-11419
-9411
-11571
-9507
-11827
-9467
-12115
-9467
-12275
-9483
-12579
-9395
-12795
-9475
-13083
-9427
-13315
-9435
-13499
-9491
-13739
-9403
-14075
-9467
-14299
-9475
-14435
-9427
-14683
-9507
-14931
-9515
-15179
-9499
-15515
-9419
-15651
-9483
-15963
-9387
-16171
-9427
-16419
-9515
-16651
-9403
-16891
-9507
-17091
-9491
-17427
-9491
-17651
-9499
-17883
-9475
-18075
-9515
-18339
-9411
-18635
-9499
-18859
-9755
149
-9683
-155
-9699
-339
-9691
-507
-9723
-803
-9755
-1115
-9651
-1307
-9715
-1555
-9707
-1771
-9691
-2027
-9683
-2243
-9667
-2523
-9755
-2699
-9683
-3035
-9715
-3195
-9715
-3387
-9739
-3723
-9683
-3907
-9659
-4235
-9739
-4411
-9659
-4707
-9707
-4843
-9723
-5139
-9675
-5411
-9747
-5611
-9651
-5819
-9747
-6139
-9739
-6291
-9707
-6619
-9707
-6771
-9675
-7027
-9675
-7235
-9739
-7515
-9723
-7835
-9643
-8043
-9723
-8243
-9755
-8435
-9715
-8707
-9755
-8963
-9747
-9203
-9651
-9483
-9699
-9683
-9659
-9947
-9755
-10227
-9699
-10371
-9755
-10619
-9683
-10891
-9747
-11179
-9715
-11379
-9691
-11579
-9635
-11851
-9723
-12059
-9667
-12387
-9747
-12523
-9723
-12819
-9755
-13043
-9675
-13227
-9731
-13579
-9739
-13795
-9651
-13947
-9699
-14315
-9715
-14483
-9691
-14795
-9683
-14939
-9675
-15179
-9739
-15515
-9683
-15731
-9715
-15995
-9739
-16155
-9675
-16403
-9659
-16683
-9715
-16859
-9755
-17187
-9755
-17371
-9747
-17659
-9659
-17859
-9707
-18107
-9747
-18395
-9699
-18515
-9643
-18859
-9947
85
-9947
-67
-9939
-387
-9979
-627
-9971
-787
-9995
-1019
-9979
-1283
-9947
-1539
-9915
-1747
-9907
-2075
-9931
-2251
-9899
-2515
-9883
-2715
-9915
-3011
-9899
-3187
-9923
-3483
-9971
-3651
-9955
-3899
-9979
-4139
-9971
-4411
-9931
-4643
-9971
-4923
-9875
-5091
-9931
-5331
-9907
-5571
-9899
-5875
-9875
-6091
-9971
-6387
-9923
-6555
-9883
-6755
-9923
-7051
-9979
-7315
-9915
-7555
-9947
-7803
-9987
-7963
-9963
-8243
-9931
-8459
-9923
-8731
-9963
-8947
-9907
-9243
-9979
-9419
-9995
-9707
-9995
-9971
-9915
-10211
-9971
-10371
-9987
-10635
-9971
-10931
-9979
-11067
-9923
-11387
-9899
-11555
-9867
-11819
-9891
-12059
-9915
-12363
-9955
-12507
-9995
-12763
-9955
-13051
-9867
-13235
-9987
-13515
-9963
-13763
-9971
-13995
-9931
-14203
-9963
-14467
-9947
-14707
-9939
-15027
-9915
-15171
-9955
-15499
-9971
-15699
-9979
-15915
-9955
-16123
-9979
-16427
-9923
-16651
-9963
-16875
-9995
-17171
-9915
-17363
-9963
-17547
-9947
-17803
-9947
-18083
-9947
-18307
-9963
-18531
-9939
-18819
-10211
85
-10227
-115
-10203
-315
-10235
-515
-10211
-803
-10187
-1083
-10155
-1243
-10179
-1531
-10187
-1763
-10155
-1963
-10219
-2227
-10219
-2531
-10203
-2747
-10115
-2915
-10155
-3275
-10219
-3491
-10219
-3651
-10203
-3931
-10179
-4235
-10219
-4379
-10139
-4627
-10235
-4859
-10163
-5179
-10219
-5411
-10227
-5667
-10211
-5787
-10171
-6083
-10219
-6355
-10179
-6507
-10163
-6747
-10187
-7059
-10219
-7267
-10139
-7523
-10235
-7795
-10219
-7947
-10155
-8243
-10227
-8531
-10155
-8755
-10211
-8987
-10211
-9155
-10179
-9515
-10211
-9715
-10115
-9971
-10107
-10219
-10195
-10451
-10235
-10667
-10171
-10939
-10227
-11115
-10235
-11395
-10187
-11595
-10211
-11835
-10211
-12155
-10139
-12331
-10235
-12555
-10123
-12795
-10203
-13099
-10131
-13339
-10179
-13539
-10107
-13819
-10195
-13963
-10131
-14267
-10235
-14507
-10163
-14787
-10195
-14931
-10227
-15155
-10107
-15451
-10163
-15635
-10147
-15899
-10235
-16155
-10155
-16411
-10227
-16611
-10123
-16915
-10227
-17107
-10235
-17379
-10163
-17651
-10179
-17819
-10235
-18155
-10219
-18339
-10211
-18531
-10147
-18875
-10427
133
-10443
-107
-10467
-371
-10451
-555
-10411
-787
-10467
-1043
-10443
-1227
-10419
-1475
-10443
-1747
-10451
-1947
-10475
-2187
-10459
-2555
-10411
-2795
-10467
-2923
-10459
-3147
-10435
-3507
-10443
-3731
-10467
-3923
-10475
-4123
-10451
-4435
-10427
-4651
-10459
-4939
-10467
-5083
-10451
-5379
-10419
-5587
-10411
-5819
-10419
-6059
-10451
-6315
-10411
-6531
-10475
-6867
-10459
-7003
-10459
-7235
-10411
-7499
-10435
-7771
-10475
-8011
-10411
-8203
-10427
-8427
-10459
-8723
-10435
-8947
-10475
-9155
-10419
-9491
-10459
-9747
-10419
-9891
-10451
-10235
-10443
-10355
-10459
-10707
-10467
-10851
-10443
-11067
-10459
-11427
-10459
-11571
-10435
-11827
-10467
-12043
-10475
-12323
-10419
-12611
-10467
-12819
-10427
-13051
-10427
-13299
-10467
-13475
-10411
-13707
-10435
-14011
-10451
-14307
-10411
-14467
-10475
-14747
-10459
-14995
-10459
-15163
-10467
-15483
-10435
-15723
-10451
-15891
-10435
-16115
-10443
-16451
-10419
-16675
-10411
-16955
-10451
-17099
-10475
-17419
-10411
-17667
-10411
-17811
-10467
-18123
-10467
-18275
-10419
-18547
-10443
-18819
