93
388
433
-11
351
-283
164
-567
402
-867
142
-1065
211
-1205
184
-1530
869
-1781
684
-1939
140
-2245
371
-2481
269
-2779
155
-2975
169
-3167
101
-3461
243
-3671
271
-3919
191
-4127
247
-4357
287
-4595
117
-4815
141
-5063
109
-5351
93
-5571
117
-5899
93
-6059
149
-6339
149
-6571
133
-6819
93
-7011
109
-7339
117
-7503
101
-7767
93
-7959
125
-8275
125
-8435
101
-8663
149
-8999
101
-9219
85
-9507
117
-9731
133
-9907
117
-10115
109
-10347
85
-10627
85
-10955
101
-11115
149
-11427
93
-11571
133
-11795
149
-12139
85
-12291
85
-12515
101
-12875
109
-13107
85
-13315
85
-13499
109
-13755
93
-14035
149
-14251
117
-14491
133
-14675
149
-14979
85
-15179
93
-15467
141
-15691
117
-15931
117
-16163
133
-16387
149
-16627
133
-16891
125
-17155
133
-17419
109
-17675
141
-17851
109
-18043
141
-18323
93
-18507
93
-18859
-107
2058
-67
-128
-137
-322
-121
-544
-94
-852
-53
-1066
-14
-1273
-27
-1501
-93
-1774
-43
-1972
-95
-2275
-121
-2477
-47
-2645
-91
-3001
-79
-3117
-55
-3481
-105
-3673
-19
-3919
-105
-4167
-93
-4425
-81
-4603
-139
-4827
-79
-5075
-55
-5387
-135
-5643
-103
-5819
-107
-6099
-119
-6279
-147
-6523
-19
-6759
-63
-7035
-127
-7271
-91
-7463
-75
-7819
-91
-8047
-111
-8191
-119
-8499
-143
-8707
-95
-9023
-115
-9251
-27
-9507
-83
-9683
-155
-9995
-83
-10195
-91
-10459
-67
-10627
-27
-10851
-131
-11091
-139
-11347
-75
-11563
-155
-11787
-115
-12131
-147
-12371
-115
-12619
-139
-12787
-67
-13019
-59
-13307
-43
-13483
-107
-13827
-43
-14067
-107
-14291
-51
-14539
-67
-14787
-35
-14995
-131
-15275
-75
-15403
-147
-15627
-139
-15907
-107
-16147
-155
-16451
-43
-16603
-83
-16883
-67
-17163
-35
-17371
-83
-17563
-123
-17835
-43
-18155
-35
-18323
-131
-18587
-131
-18827
-371
930
-323
-81
-361
-291
-345
-609
-353
-765
-271
-1058
-300
-1293
-358
-1497
-305
-1747
-359
-1929
-380
-2271
-337
-2425
-363
-2775
-361
-2985
-339
-3143
-285
-3417
-311
-3665
-317
-3961
-315
-4175
-339
-4327
-259
-4611
-295
-4931
-347
-5067
-339
-5363
-287
-5571
-351
-5851
-359
-6095
-351
-6367
-347
-6539
-327
-6763
-255
-7015
-379
-7251
-271
-7551
-351
-7747
-299
-8043
-367
-8259
-371
-8499
-379
-8759
-371
-8903
-263
-9215
-299
-9459
-347
-9715
-347
-9891
-355
-10115
-371
-10355
-387
-10651
-323
-10867
-331
-11131
-387
-11355
-371
-11595
-387
-11899
-355
-12035
-339
-12379
-323
-12587
-363
-12771
-339
-12995
-275
-13323
-363
-13563
-291
-13779
-395
-14075
-347
-14211
-363
-14555
-307
-14787
-315
-14987
-379
-15235
-395
-15451
-371
-15707
-387
-15939
-347
-16123
-363
-16403
-283
-16659
-371
-16923
-363
-17075
-323
-17403
-347
-17595
-379
-17827
-291
-18083
-355
-18371
-387
-18595
-355
-18875
-603
523
-553
-130
-610
-265
-571
-611
-576
-779
-613
-1077
-583
-1322
-537
-1448
-484
-1809
-627
-2042
-591
-2245
-627
-2423
-527
-2749
-565
-2887
-599
-3185
-589
-3447
-585
-3695
-569
-3981
-585
-4197
-575
-4403
-621
-4675
-535
-4819
-515
-5107
-531
-5319
-567
-5603
-575
-5803
-591
-6107
-607
-6343
-607
-6547
-631
-6719
-599
-7083
-635
-7315
-531
-7559
-563
-7823
-527
-7971
-583
-8255
-579
-8535
-595
-8763
-619
-8987
-515
-9251
-539
-9403
-635
-9667
-587
-9955
-627
-10163
-595
-10371
-579
-10611
-611
-10875
-635
-11099
-619
-11331
-515
-11579
-531
-11827
-571
-12091
-571
-12379
-595
-12619
-507
-12859
-619
-13035
-563
-13243
-611
-13555
-603
-13811
-531
-13963
-627
-14251
-547
-14531
-547
-14683
-523
-15019
-619
-15235
-547
-15475
-515
-15635
-515
-15915
-619
-16107
-603
-16355
-515
-16595
-635
-16851
-539
-17091
-627
-17315
-579
-17571
-635
-17915
-587
-18147
-547
-18363
-539
-18523
-595
-18811
-855
617
-833
-3
-835
-285
-768
-507
-823
-705
-787
-1019
-859
-1308
-855
-1521
-825
-1766
-827
-1931
-821
-2187
-809
-2527
-861
-2663
-825
-2915
-807
-3267
-807
-3385
-839
-3695
-803
-3939
-859
-4211
-835
-4403
-825
-4619
-767
-4907
-839
-5183
-743
-5411
-847
-5611
-819
-5831
-835
-6147
-755
-6263
-875
-6607
-779
-6727
-827
-6979
-755
-7223
-747
-7471
-755
-7703
-851
-7979
-823
-8271
-771
-8403
-815
-8775
-855
-8931
-735
-9187
-855
-9491
-819
-9643
-827
-9963
-819
-10211
-827
-10355
-787
-10715
-771
-10875
-867
-11131
-867
-11315
-859
-11571
-763
-11875
-859
-12099
-851
-12331
-875
-12619
-875
-12779
-859
-13003
-867
-13323
-851
-13475
-819
-13723
-787
-13955
-771
-14195
-819
-14435
-875
-14731
-819
-15027
-835
-15171
-771
-15411
-859
-15691
-859
-15939
-859
-16171
-843
-16347
-771
-16635
-803
-16931
-843
-17107
-867
-17395
-819
-17611
-803
-17795
-803
-18067
-827
-18323
-875
-18507
-875
-18875
-1059
1908
-1051
-132
-1060
-308
-1079
-545
-1021
-845
-1089
-1006
-1009
-1244
-1058
-1519
-1005
-1784
-990
-2023
-1086
-2257
-1079
-2469
-1087
-2647
-1003
-2965
-1081
-3231
-1033
-3409
-991
-3731
-1075
-3903
-1043
-4103
-1063
-4385
-1007
-4615
-1059
-4823
-1067
-5115
-963
-5371
-1039
-5611
-1051
-5875
-1055
-6139
-983
-6367
-1079
-6583
-1051
-6783
-1039
-7019
-1087
-7347
-1043
-7535
-1091
-7723
-1075
-8019
-1035
-8219
-1047
-8463
-1031
-8655
-1099
-8887
-987
-9203
-1115
-9423
-1099
-9683
-1019
-9907
-1003
-10219
-1019
-10355
-1011
-10627
-1075
-10915
-1051
-11179
-1075
-11387
-1027
-11571
-1091
-11915
-1035
-12107
-1043
-12379
-1091
-12515
-1035
-12811
-1067
-13027
-995
-13227
-1075
-13587
-995
-13771
-1075
-14011
-1115
-14219
-1051
-14435
-1035
-14731
-1075
-15011
-1035
-15235
-1115
-15419
-1075
-15675
-1027
-15915
-1035
-16195
-1075
-16387
-1107
-16707
-995
-16931
-1059
-17163
-1099
-17411
-1027
-17571
-995
-17819
-1059
-18083
-1115
-18331
-1019
-18507
-1027
-18819
-1331
546
-1315
-112
-1339
-291
-1279
-606
-1327
-746
-1285
-1028
-1329
-1304
-1297
-1525
-1347
-1811
-1216
-2025
-1319
-2155
-1295
-2467
-1281
-2667
-1337
-3015
-1233
-3211
-1255
-3441
-1313
-3731
-1331
-3963
-1223
-4099
-1307
-4423
-1243
-4603
-1239
-4939
-1243
-5131
-1327
-5363
-1275
-5551
-1247
-5867
-1315
-6051
-1291
-6267
-1259
-6579
-1255
-6787
-1311
-6991
-1215
-7207
-1251
-7563
-1219
-7759
-1307
-7955
-1263
-8199
-1331
-8527
-1335
-8659
-1327
-8963
-1327
-9235
-1291
-9507
-1235
-9723
-1267
-9891
-1243
-10227
-1355
-10459
-1323
-10715
-1267
-10883
-1243
-11091
-1347
-11307
-1251
-11619
-1331
-11811
-1283
-12131
-1347
-12267
-1347
-12571
-1299
-12851
-1347
-13115
-1299
-13315
-1331
-13507
-1283
-13779
-1315
-13995
-1291
-14307
-1251
-14539
-1307
-14731
-1307
-14963
-1307
-15163
-1259
-15515
-1227
-15755
-1227
-15947
-1323
-16211
-1347
-16411
-1243
-16587
-1347
-16939
-1243
-17163
-1347
-17355
-1275
-17611
-1331
-17915
-1259
-18075
-1235
-18355
-1307
-18531
-1307
-18811
-1579
1357
-1453
-79
-1521
-295
-1555
-565
-1487
-731
-1477
-983
-1531
-1267
-1571
-1463
-1501
-1795
-1557
-1947
-1523
-2165
-1523
-2549
-1547
-2711
-1579
-2907
-1525
-3187
-1553
-3427
-1459
-3683
-1489
-3849
-1517
-4195
-1567
-4391
-1509
-4587
-1531
-4815
-1475
-5147
-1523
-5383
-1499
-5659
-1483
-5891
-1471
-6019
-1567
-6343
-1459
-6507
-1503
-6815
-1475
-7103
-1527
-7227
-1483
-7483
-1491
-7763
-1499
-7995
-1591
-8247
-1559
-8439
-1463
-8743
-1575
-8975
-1475
-9203
-1531
-9387
-1483
-9755
-1467
-9883
-1539
-10115
-1555
-10475
-1499
-10611
-1587
-10891
-1547
-11091
-1579
-11363
-1499
-11675
-1499
-11843
-1571
-12035
-1579
-12315
-1515
-12635
-1579
-12819
-1515
-13027
-1507
-13323
-1507
-13539
-1515
-13715
-1547
-13971
-1515
-14227
-1587
-14475
-1531
-14739
-1555
-14955
-1499
-15243
-1595
-15427
-1595
-15731
-1507
-15867
-1595
-16171
-1571
-16467
-1571
-16595
-1563
-16931
-1555
-17123
-1523
-17331
-1547
-17659
-1539
-17875
-1547
-18059
-1563
-18267
-1579
-18547
-1531
-18851
-1795
1123
-1789
-81
-1707
-259
-1783
-531
-1801
-755
-1773
-1089
-1721
-1221
-1813
-1495
-1737
-1815
-1707
-2051
-1789
-2225
-1759
-2523
-1817
-2651
-1729
-2989
-1813
-3209
-1741
-3509
-1795
-3715
-1741
-3895
-1739
-4145
-1813
-4459
-1815
-4695
-1715
-4819
-1727
-5075
-1775
-5395
-1763
-5655
-1767
-5779
-1775
-6103
-1811
-6339
-1711
-6539
-1819
-6743
-1739
-7023
-1771
-7299
-1787
-7495
-1755
-7743
-1731
-7971
-1739
-8211
-1707
-8539
-1735
-8659
-1791
-9007
-1775
-9227
-1811
-9403
-1835
-9691
-1747
-9875
-1835
-10139
-1803
-10411
-1731
-10587
-1763
-10843
-1747
-11155
-1771
-11315
-1835
-11579
-1827
-11803
-1803
-12035
-1771
-12291
-1763
-12547
-1763
-12875
-1819
-13107
-1755
-13315
-1755
-13563
-1763
-13747
-1795
-14011
-1795
-14243
-1755
-14531
-1779
-14739
-1795
-14923
-1763
-15275
-1771
-15403
-1827
-15651
-1779
-15915
-1763
-16123
-1763
-16467
-1827
-16635
-1747
-16827
-1763
-17075
-1771
-17339
-1763
-17555
-1715
-17899
-1723
-18091
-1819
-18283
-1827
-18539
-1747
-18819
-2075
167
-1961
-123
-2067
-343
-1963
-515
-2049
-819
-2057
-967
-1963
-1347
-2047
-1571
-2009
-1753
-1941
-2035
-2003
-2159
-2069
-2499
-1975
-2683
-2049
-2923
-1963
-3197
-2045
-3507
-1999
-3717
-2059
-3891
-1949
-4099
-1933
-4373
-2035
-4671
-2031
-4871
-1967
-5103
-1991
-5403
-2015
-5611
-2039
-5783
-2003
-6103
-2035
-6283
-1995
-6563
-2003
-6739
-1951
-7043
-2075
-7351
-1931
-7535
-2007
-7727
-1991
-8055
-1967
-8171
-2059
-8451
-2047
-8783
-1975
-8923
-2059
-9159
-1939
-9451
-2043
-9707
-2059
-9971
-1947
-10139
-2059
-10395
-2019
-10667
-2043
-10923
-2067
-11155
-1995
-11323
-2019
-11547
-2075
-11907
-2067
-12043
-1987
-12315
-2051
-12555
-2027
-12763
-2067
-13051
-2043
-13227
-2035
-13571
-2051
-13707
-2067
-14035
-2043
-14251
-1987
-14515
-1987
-14699
-2003
-14955
-1955
-15171
-2035
-15443
-2011
-15699
-1987
-15907
-1947
-16139
-2051
-16419
-1987
-16707
-1963
-16955
-1963
-17155
-2051
-17403
-1971
-17563
-2027
-17907
-2067
-18075
-2035
-18387
-2059
-18595
-2043
-18811
-2275
1575
-2203
-105
-2185
-385
-2299
-595
-2213
-763
-2291
-1039
-2215
-1243
-2243
-1553
-2301
-1747
-2247
-1937
-2259
-2275
-2291
-2551
-2261
-2677
-2167
-2955
-2289
-3149
-2183
-3403
-2275
-3609
-2251
-3883
-2267
-4107
-2229
-4415
-2215
-4695
-2215
-4871
-2215
-5135
-2215
-5363
-2299
-5611
-2271
-5807
-2171
-6111
-2215
-6279
-2251
-6519
-2247
-6767
-2231
-6979
-2299
-7255
-2271
-7459
-2275
-7727
-2183
-8015
-2283
-8271
-2315
-8523
-2227
-8639
-2275
-8963
-2263
-9243
-2227
-9499
-2283
-9739
-2219
-9883
-2315
-10195
-2315
-10459
-2203
-10659
-2211
-10867
-2307
-11115
-2315
-11395
-2299
-11555
-2275
-11867
-2211
-12155
-2235
-12379
-2291
-12611
-2243
-12771
-2211
-13059
-2299
-13227
-2195
-13579
-2275
-13747
-2275
-13971
-2291
-14211
-2307
-14467
-2259
-14699
-2235
-15003
-2235
-15163
-2307
-15435
-2243
-15659
-2307
-15891
-2259
-16227
-2299
-16475
-2267
-16691
-2235
-16899
-2299
-17163
-2243
-17419
-2299
-17643
-2291
-17907
-2203
-18131
-2315
-18307
-2259
-18555
-2259
-18811
-2547
513
-2443
-81
-2467
-327
-2479
-573
-2505
-793
-2427
-1069
-2529
-1243
-2547
-1545
-2481
-1729
-2427
-2029
-2523
-2265
-2435
-2427
-2519
-2755
-2499
-2999
-2489
-3247
-2539
-3449
-2551
-3675
-2437
-3935
-2489
-4087
-2479
-4395
-2439
-4619
-2467
-4851
-2487
-5147
-2523
-5335
-2483
-5647
-2483
-5835
-2483
-6039
-2519
-6347
-2471
-6595
-2419
-6779
-2523
-7083
-2515
-7211
-2535
-7523
-2483
-7795
-2523
-8023
-2507
-8163
-2523
-8495
-2427
-8727
-2435
-9019
-2547
-9139
-2495
-9435
-2555
-9683
-2443
-9915
-2475
-10179
-2523
-10419
-2507
-10691
-2547
-10947
-2555
-11107
-2451
-11363
-2523
-11651
-2483
-11803
-2483
-12059
-2483
-12267
-2531
-12531
-2515
-12851
-2507
-13059
-2555
-13339
-2531
-13539
-2523
-13835
-2483
-14011
-2515
-14195
-2555
-14451
-2539
-14747
-2555
-14995
-2459
-15203
-2507
-15467
-2507
-15731
-2475
-15963
-2435
-16171
-2467
-16395
-2499
-16627
-2539
-16939
-2547
-17187
-2507
-17387
-2547
-17595
-2427
-17787
-2515
-18083
-2539
-18275
-2539
-18627
-2491
-18835
-2795
93
-2767
-59
-2763
-255
-2743
-583
-2723
-759
-2747
-1019
-2715
-1271
-2751
-1595
-2727
-1723
-2703
-1915
-2783
-2187
-2743
-2455
-2731
-2667
-2683
-2999
-2723
-3267
-2679
-3389
-2775
-3691
-2735
-3867
-2715
-4107
-2667
-4377
-2759
-4651
-2755
-4831
-2783
-5091
-2687
-5331
-2735
-5639
-2763
-5795
-2691
-6115
-2715
-6319
-2691
-6491
-2671
-6831
-2699
-7075
-2707
-7323
-2751
-7547
-2711
-7715
-2675
-8015
-2699
-8191
-2723
-8427
-2787
-8675
-2723
-9003
-2715
-9211
-2775
-9447
-2731
-9723
-2779
-9875
-2723
-10107
-2683
-10451
-2795
-10659
-2731
-10867
-2779
-11091
-2771
-11387
-2771
-11627
-2787
-11819
-2739
-12107
-2699
-12331
-2779
-12531
-2771
-12755
-2755
-13075
-2675
-13347
-2715
-13499
-2699
-13747
-2667
-14067
-2723
-14235
-2675
-14451
-2667
-14779
-2683
-15019
-2755
-15147
-2747
-15515
-2683
-15755
-2795
-15875
-2779
-16195
-2779
-16475
-2747
-16707
-2675
-16867
-2771
-17139
-2779
-17323
-2747
-17587
-2723
-17835
-2691
-18131
-2795
-18291
-2715
-18555
-2763
-18851
-2951
125
-2931
-67
-3015
-255
-2971
-555
-2939
-831
-2975
-991
-2991
-1323
-2931
-1519
-2975
-1707
-2927
-1947
-2915
-2259
-2979
-2407
-3019
-2743
-2923
-2955
-3011
-3239
-3007
-3379
-3007
-3611
-2999
-3935
-2907
-4155
-2991
-4455
-3019
-4663
-2935
-4863
-2979
-5095
-2955
-5423
-3019
-5543
-2983
-5851
-2931
-6039
-2987
-6247
-2995
-6531
-2979
-6783
-2999
-7023
-2971
-7219
-3027
-7583
-3007
-7759
-2947
-7991
-3003
-8291
-3007
-8543
-2907
-8715
-2923
-8923
-2951
-9135
-2995
-9499
-2995
-9683
-2963
-9995
-2907
-10163
-2915
-10387
-3035
-10627
-2995
-10867
-2907
-11155
-2923
-11331
-2971
-11555
-3003
-11907
-3027
-12107
-2971
-12379
-2987
-12555
-3019
-12771
-2923
-13035
-2987
-13259
-2987
-13475
-2955
-13763
-2987
-14043
-2907
-14283
-2987
-14531
-3035
-14787
-2947
-15003
-3011
-15163
-2995
-15403
-3011
-15699
-2979
-15963
-2963
-16211
-3027
-16347
-2931
-16619
-2923
-16923
-2971
-17139
-3011
-17379
-3003
-17659
-2987
-17835
-2971
-18123
-2907
-18339
-3003
-18539
-2939
-18843
-3215
125
-3147
-51
-3171
-291
-3247
-539
-3227
-715
-3191
-991
-3163
-1319
-3175
-1579
-3263
-1715
-3155
-2027
-3167
-2203
-3231
-2431
-3195
-2735
-3147
-2947
-3235
-3183
-3191
-3383
-3247
-3671
-3247
-3895
-3191
-4115
-3235
-4463
-3243
-4639
-3255
-4827
-3115
-5099
-3219
-5423
-3231
-5627
-3147
-5843
-3219
-6015
-3167
-6379
-3247
-6607
-3203
-6835
-3143
-7095
-3167
-7203
-3231
-7459
-3163
-7803
-3179
-8071
-3247
-8271
-3235
-8431
-3187
-8731
-3175
-8903
-3259
-9223
-3159
-9475
-3155
-9683
-3171
-9915
-3179
-10131
-3259
-10435
-3211
-10635
-3243
-10867
-3163
-11187
-3179
-11363
-3227
-11579
-3187
-11875
-3219
-12107
-3163
-12331
-3275
-12627
-3211
-12827
-3243
-13107
-3219
-13267
-3227
-13507
-3171
-13731
-3275
-14003
-3235
-14267
-3211
-14507
-3275
-14667
-3251
-15003
-3251
-15235
-3243
-15459
-3259
-15635
-3267
-15899
-3275
-16187
-3275
-16451
-3203
-16587
-3195
-16947
-3195
-17195
-3227
-17411
-3227
-17587
-3251
-17827
-3267
-18099
-3243
-18315
-3251
-18571
-3227
-18859
-3507
93
-3447
-39
-3511
-371
-3411
-579
-3395
-727
-3451
-1035
-3471
-1267
-3495
-1531
-3467
-1711
-3487
-2027
-3495
-2235
-3491
-2535
-3395
-2715
-3391
-2955
-3467
-3235
-3507
-3451
-3419
-3663
-3491
-3991
-3403
-4183
-3467
-4451
-3415
-4667
-3507
-4867
-3467
-5171
-3391
-5347
-3471
-5607
-3431
-5819
-3439
-6131
-3443
-6359
-3371
-6539
-3435
-6843
-3491
-6975
-3447
-7279
-3487
-7475
-3427
-7743
-3403
-7995
-3495
-8207
-3487
-8431
-3499
-8763
-3391
-8963
-3427
-9127
-3475
-9455
-3403
-9723
-3507
-9907
-3403
-10211
-3427
-10419
-3499
-10635
-3515
-10875
-3475
-11139
-3451
-11435
-3515
-11643
-3467
-11787
-3467
-12147
-3507
-12347
-3507
-12571
-3515
-12787
-3419
-13115
-3507
-13355
-3459
-13523
-3491
-13811
-3515
-14019
-3475
-14211
-3459
-14539
-3507
-14755
-3395
-15035
-3475
-15243
-3459
-15411
-3467
-15747
-3491
-15939
-3491
-16227
-3515
-16443
-3499
-16667
-3443
-16915
-3395
-17195
-3491
-17339
-3395
-17675
-3435
-17867
-3491
-18075
-3443
-18299
-3451
-18539
-3499
-18843
-3703
149
-3695
-91
-3707
-271
-3707
-507
-3715
-863
-3675
-1007
-3679
-1243
-3699
-1535
-3667
-1783
-3707
-1975
-3715
-2195
-3703
-2463
-3659
-2739
-3647
-2975
-3727
-3167
-3651
-3467
-3631
-3719
-3627
-3983
-3659
-4171
-3715
-4383
-3687
-4707
-3703
-4867
-3707
-5091
-3699
-5391
-3647
-5675
-3635
-5839
-3739
-6003
-3723
-6339
-3627
-6567
-3659
-6739
-3695
-7071
-3715
-7227
-3699
-7467
-3743
-7699
-3735
-8043
-3727
-8243
-3715
-8403
-3639
-8791
-3727
-8975
-3691
-9127
-3751
-9459
-3747
-9723
-3755
-9947
-3723
-10171
-3675
-10403
-3731
-10675
-3651
-10867
-3715
-11131
-3691
-11347
-3747
-11651
-3707
-11867
-3747
-12107
-3755
-12387
-3747
-12611
-3667
-12819
-3691
-13099
-3747
-13339
-3667
-13555
-3755
-13715
-3667
-13963
-3651
-14307
-3683
-14443
-3691
-14675
-3723
-15019
-3747
-15203
-3731
-15475
-3747
-15667
-3707
-15963
-3683
-16155
-3699
-16403
-3699
-16683
-3675
-16955
-3747
-17083
-3699
-17371
-3699
-17595
-3675
-17891
-3707
-18035
-3739
-18307
-3707
-18571
-3707
-18819
-3971
133
-3963
-51
-3939
-267
-3951
-627
-3903
-751
-3923
-983
-3955
-1287
-3963
-1487
-3975
-1687
-3967
-1971
-3951
-2315
-3899
-2511
-3951
-2775
-3979
-2979
-3851
-3147
-3923
-3391
-3955
-3695
-3931
-3995
-3875
-4147
-3887
-4347
-3967
-4703
-3971
-4931
-3907
-5123
-3971
-5307
-3911
-5607
-3947
-5831
-3967
-6039
-3971
-6255
-3943
-6519
-3871
-6807
-3879
-7019
-3871
-7343
-3875
-7483
-3935
-7723
-3963
-8035
-3939
-8203
-3883
-8527
-3923
-8763
-3991
-8955
-3963
-9235
-3943
-9375
-3923
-9683
-3899
-9915
-3947
-10131
-3955
-10435
-3931
-10587
-3979
-10883
-3979
-11179
-3971
-11331
-3995
-11555
-3915
-11811
-3971
-12155
-3971
-12315
-3971
-12627
-3939
-12835
-3939
-12987
-3923
-13227
-3883
-13571
-3971
-13755
-3979
-14027
-3899
-14235
-3891
-14507
-3963
-14667
-3979
-14995
-3979
-15275
-3971
-15427
-3995
-15651
-3995
-15915
-3875
-16235
-3995
-16371
-3931
-16595
-3955
-16851
-3979
-17115
-3891
-17371
-3899
-17675
-3939
-17859
-3899
-18107
-3963
-18363
-3867
-18587
-3939
-18851
-4211
149
-4167
-31
-4191
-335
-4127
-603
-4135
-731
-4187
-987
-4203
-1311
-4083
-1559
-4147
-1787
-4099
-2059
-4115
-2231
-4191
-2531
-4131
-2735
-4147
-2971
-4139
-3147
-4203
-3479
-4211
-3611
-4107
-3867
-4227
-4099
-4219
-4427
-4127
-4711
-4147
-4875
-4147
-5159
-4219
-5323
-4223
-5579
-4195
-5803
-4135
-6119
-4215
-6247
-4163
-6519
-4183
-6827
-4179
-6995
-4215
-7327
-4211
-7555
-4195
-7743
-4191
-8031
-4179
-8219
-4215
-8491
-4227
-8715
-4207
-8963
-4207
-9123
-4131
-9515
-4155
-9667
-4187
-9923
-4219
-10123
-4227
-10379
-4163
-10635
-4211
-10907
-4235
-11155
-4195
-11379
-4139
-11643
-4227
-11875
-4203
-12043
-4211
-12339
-4219
-12635
-4179
-12803
-4203
-13115
-4187
-13243
-4171
-13483
-4163
-13707
-4235
-13963
-4115
-14259
-4235
-14483
-4179
-14667
-4227
-14915
-4219
-15259
-4139
-15387
-4187
-15651
-4115
-15931
-4203
-16227
-4115
-16347
-4131
-16603
-4211
-16835
-4115
-17179
-4107
-17363
-4219
-17627
-4227
-17803
-4195
-18155
-4235
-18339
-4131
-18507
-4179
-18851
-4403
149
-4435
-123
-4435
-315
-4367
-603
-4415
-743
-4419
-983
-4427
-1327
-4371
-1547
-4411
-1719
-4367
-1943
-4395
-2271
-4347
-2455
-4351
-2783
-4419
-3011
-4367
-3203
-4391
-3427
-4459
-3743
-4411
-3847
-4427
-4179
-4471
-4423
-4435
-4563
-4431
-4899
-4443
-5099
-4355
-5347
-4431
-5571
-4447
-5807
-4427
-6027
-4391
-6351
-4387
-6607
-4427
-6759
-4435
-7059
-4439
-7295
-4435
-7455
-4419
-7795
-4471
-8051
-4431
-8235
-4463
-8511
-4403
-8731
-4459
-8935
-4391
-9171
-4435
-9415
-4443
-9739
-4363
-9923
-4443
-10227
-4411
-10459
-4459
-10707
-4467
-10827
-4411
-11139
-4451
-11411
-4363
-11659
-4467
-11867
-4379
-12091
-4475
-12291
-4411
-12539
-4419
-12843
-4403
-13003
-4403
-13339
-4475
-13507
-4427
-13731
-4435
-13995
-4451
-14259
-4435
-14523
-4387
-14691
-4459
-14995
-4387
-15155
-4435
-15451
-4451
-15739
-4379
-15963
-4379
-16179
-4427
-16459
-4347
-16635
-4467
-16859
-4475
-17131
-4395
-17403
-4435
-17651
-4467
-17907
-4443
-18107
-4467
-18379
-4411
-18579
-4451
-18843
-4707
133
-4687
-83
-4707
-307
-4675
-615
-4619
-823
-4691
-1099
-4695
-1255
-4667
-1515
-4619
-1715
-4631
-1979
-4659
-2263
-4607
-2431
-4651
-2715
-4675
-2995
-4695
-3207
-4635
-3387
-4615
-3659
-4647
-3871
-4671
-4091
-4623
-4447
-4639
-4567
-4575
-4891
-4675
-5139
-4663
-5339
-4667
-5607
-4715
-5851
-4627
-6079
-4655
-6255
-4571
-6499
-4647
-6795
-4707
-7043
-4679
-7231
-4659
-7499
-4619
-7747
-4587
-8007
-4699
-8279
-4631
-8411
-4691
-8683
-4607
-8911
-4619
-9227
-4699
-9371
-4715
-9699
-4691
-9979
-4667
-10179
-4715
-10411
-4675
-10675
-4683
-10955
-4675
-11099
-4715
-11395
-4715
-11643
-4675
-11907
-4667
-12091
-4691
-12355
-4627
-12579
-4715
-12763
-4715
-13051
-4667
-13323
-4619
-13507
-4699
-13827
-4683
-14011
-4635
-14267
-4707
-14515
-4667
-14739
-4659
-14995
-4659
-15147
-4635
-15387
-4619
-15643
-4707
-15891
-4595
-16211
-4611
-16387
-4667
-16707
-4635
-16875
-4683
-17171
-4635
-17363
-4707
-17587
-4699
-17899
-4715
-18035
-4611
-18267
-4715
-18571
-4643
-18859
-4923
133
-4867
-135
-4851
-287
-4931
-599
-4883
-747
-4831
-1063
-4923
-1307
-4891
-1555
-4855
-1707
-4871
-1991
-4835
-2183
-4875
-2495
-4927
-2735
-4907
-2963
-4883
-3167
-4843
-3387
-4931
-3727
-4903
-3939
-4871
-4187
-4915
-4371
-4935
-4619
-4923
-4815
-4895
-5087
-4883
-5375
-4939
-5639
-4927
-5823
-4863
-6135
-4915
-6359
-4871
-6491
-4939
-6727
-4915
-7059
-4907
-7259
-4803
-7471
-4907
-7783
-4879
-7979
-4915
-8267
-4851
-8447
-4891
-8699
-4883
-8939
-4863
-9231
-4891
-9455
-4851
-9755
-4851
-9923
-4851
-10131
-4875
-10427
-4923
-10683
-4907
-10891
-4931
-11179
-4915
-11371
-4843
-11611
-4891
-11859
-4851
-12099
-4955
-12379
-4931
-12523
-4859
-12859
-4915
-13115
-4947
-13251
-4955
-13571
-4923
-13787
-4883
-13971
-4843
-14259
-4939
-14483
-4907
-14731
-4907
-14907
-4899
-15275
-4899
-15427
-4939
-15707
-4883
-15971
-4931
-16195
-4915
-16379
-4923
-16699
-4931
-16947
-4947
-17195
-4923
-17427
-4939
-17563
-4947
-17795
-4843
-18059
-4835
-18371
-4947
-18555
-4955
-18835
-5123
133
-5091
-11
-5083
-283
-5163
-603
-5175
-843
-5143
-1031
-5131
-1275
-5123
-1587
-5163
-1823
-5175
-2039
-5163
-2183
-5139
-2479
-5123
-2683
-5091
-2959
-5183
-3187
-5175
-3479
-5143
-3663
-5175
-3907
-5059
-4147
-5155
-4379
-5103
-4571
-5155
-4799
-5143
-5147
-5043
-5295
-5111
-5651
-5155
-5891
-5151
-6075
-5087
-6255
-5151
-6487
-5119
-6743
-5155
-6995
-5099
-7283
-5067
-7475
-5139
-7775
-5083
-8047
-5151
-8231
-5087
-8487
-5159
-8635
-5151
-9003
-5143
-9175
-5079
-9455
-5187
-9627
-5171
-9987
-5091
-10139
-5195
-10355
-5187
-10603
-5083
-10955
-5195
-11067
-5123
-11347
-5155
-11619
-5195
-11843
-5195
-12043
-5163
-12323
-5123
-12579
-5171
-12795
-5139
-13107
-5147
-13299
-5163
-13475
-5083
-13755
-5083
-14067
-5139
-14219
-5107
-14459
-5195
-14675
-5115
-14963
-5131
-15267
-5179
-15515
-5099
-15659
-5155
-15915
-5171
-16163
-5195
-16395
-5155
-16627
-5139
-16859
-5195
-17195
-5115
-17331
-5115
-17659
-5107
-17803
-5163
-18059
-5155
-18339
-5179
-18595
-5115
-18875
-5379
141
-5315
-31
-5363
-367
-5323
-551
-5331
-811
-5371
-1023
-5315
-1295
-5371
-1459
-5307
-1775
-5323
-2039
-5395
-2315
-5411
-2523
-5411
-2787
-5395
-2963
-5331
-3235
-5427
-3515
-5323
-3655
-5387
-3879
-5379
-4211
-5363
-4415
-5363
-4583
-5323
-4863
-5379
-5075
-5387
-5355
-5387
-5555
-5435
-5899
-5411
-6115
-5323
-6315
-5403
-6587
-5419
-6819
-5355
-7075
-5427
-7259
-5411
-7563
-5427
-7731
-5427
-7987
-5411
-8243
-5339
-8475
-5427
-8731
-5323
-8995
-5403
-9235
-5387
-9387
-5387
-9651
-5339
-9947
-5307
-10219
-5427
-10379
-5435
-10611
-5395
-10867
-5427
-11155
-5339
-11387
-5379
-11563
-5315
-11835
-5419
-12155
-5411
-12379
-5435
-12531
-5411
-12795
-5427
-12987
-5363
-13267
-5363
-13571
-5395
-13811
-5331
-14067
-5387
-14211
-5403
-14491
-5315
-14699
-5427
-15027
-5315
-15147
-5419
-15499
-5419
-15643
-5427
-15867
-5387
-16163
-5379
-16467
-5379
-16587
-5411
-16899
-5371
-17075
-5419
-17371
-5419
-17643
-5411
-17875
-5435
-18043
-5387
-18323
-5427
-18587
-5435
-18811
-5579
125
-5667
-99
-5635
-291
-5651
-587
-5675
-851
-5659
-1019
-5587
-1307
-5603
-1531
-5659
-1747
-5571
-2067
-5667
-2219
-5579
-2475
-5635
-2787
-5651
-2915
-5627
-3227
-5659
-3491
-5595
-3755
-5651
-3931
-5587
-4171
-5651
-4403
-5587
-4691
-5619
-4915
-5603
-5179
-5611
-5427
-5643
-5651
-5595
-5915
-5563
-6107
-5659
-6315
-5619
-6563
-5675
-6779
-5675
-7099
-5595
-7267
-5603
-7563
-5651
-7795
-5675
-8035
-5643
-8315
-5619
-8491
-5635
-8675
-5587
-8915
-5659
-9235
-5635
-9475
-5675
-9731
-5603
-9899
-5619
-10107
-5579
-10371
-5619
-10651
-5635
-10875
-5587
-11083
-5555
-11347
-5547
-11547
-5635
-11811
-5659
-12091
-5627
-12395
-5547
-12627
-5651
-12851
-5667
-13011
-5675
-13259
-5603
-13555
-5635
-13763
-5651
-14003
-5595
-14227
-5667
-14547
-5563
-14747
-5555
-14907
-5619
-15259
-5611
-15507
-5675
-15675
-5619
-15915
-5555
-16211
-5659
-16475
-5675
-16683
-5571
-16859
-5659
-17139
-5675
-17363
-5643
-17547
-5651
-17915
-5651
-18075
-5659
-18331
-5563
-18547
-5595
-18827
-5899
117
-5891
-75
-5827
-387
-5907
-563
-5867
-763
-5787
-1067
-5899
-1355
-5843
-1523
-5859
-1827
-5851
-2011
-5835
-2187
-5803
-2499
-5907
-2691
-5875
-3003
-5867
-3163
-5899
-3459
-5803
-3723
-5891
-3939
-5795
-4115
-5851
-4347
-5867
-4691
-5899
-4843
-5899
-5171
-5787
-5419
-5843
-5659
-5867
-5787
-5875
-6131
-5899
-6355
-5859
-6571
-5827
-6859
-5851
-7075
-5875
-7291
-5915
-7507
-5915
-7827
-5787
-8011
-5891
-8291
-5915
-8491
-5859
-8707
-5803
-8971
-5827
-9235
-5843
-9515
-5899
-9627
-5787
-9947
-5875
-10187
-5899
-10451
-5883
-10643
-5867
-10931
-5915
-11171
-5875
-11419
-5851
-11635
-5867
-11875
-5867
-12123
-5875
-12347
-5891
-12547
-5907
-12859
-5803
-13075
-5843
-13315
-5915
-13539
-5891
-13811
-5915
-14059
-5843
-14299
-5787
-14531
-5835
-14795
-5875
-14939
-5891
-15179
-5875
-15403
-5851
-15667
-5867
-15907
-5875
-16211
-5883
-16387
-5891
-16707
-5859
-16835
-5875
-17083
-5899
-17419
-5819
-17563
-5899
-17867
-5875
-18091
-5803
-18339
-5867
-18571
-5883
-18867
-6051
125
-6131
-83
-6051
-347
-6115
-555
-6123
-827
-6083
-1035
-6131
-1331
-6115
-1467
-6083
-1763
-6147
-1987
-6115
-2267
-6059
-2531
-6067
-2699
-6059
-2939
-6147
-3155
-6147
-3435
-6099
-3643
-6139
-3979
-6099
-4155
-6131
-4363
-6059
-4691
-6123
-4939
-6099
-5115
-6155
-5339
-6083
-5555
-6075
-5907
-6155
-6091
-6067
-6347
-6035
-6523
-6043
-6827
-6067
-7099
-6147
-7307
-6147
-7531
-6051
-7715
-6035
-7947
-6083
-8307
-6035
-8467
-6107
-8723
-6107
-8971
-6091
-9267
-6091
-9451
-6139
-9723
-6147
-9899
-6075
-10219
-6123
-10395
-6107
-10651
-6027
-10931
-6091
-11067
-6051
-11339
-6107
-11627
-6155
-11835
-6075
-12155
-6139
-12331
-6147
-12603
-6139
-12843
-6115
-13091
-6035
-13235
-6131
-13595
-6115
-13779
-6051
-14075
-6091
-14195
-6107
-14555
-6147
-14683
-6139
-14915
-6147
-15227
-6123
-15507
-6027
-15667
-6131
-15875
-6131
-16227
-6139
-16451
-6131
-16595
-6075
-16939
-6043
-17139
-6043
-17395
-6155
-17667
-6075
-17891
-6035
-18091
-6155
-18379
-6035
-18539
-6107
-18811
-6395
93
-6395
-115
-6339
-275
-6387
-611
-6339
-851
-6275
-1075
-6323
-1307
-6307
-1571
-6363
-1803
-6331
-1955
-6379
-2243
-6363
-2459
-6347
-2787
-6379
-2907
-6339
-3219
-6363
-3419
-6387
-3691
-6371
-3883
-6355
-4219
-6291
-4451
-6379
-4675
-6395
-4891
-6315
-5163
-6275
-5371
-6299
-5659
-6395
-5795
-6331
-6075
-6307
-6379
-6355
-6571
-6355
-6819
-6395
-7075
-6339
-7283
-6363
-7563
-6355
-7779
-6299
-8019
-6355
-8307
-6299
-8443
-6355
-8763
-6363
-8931
-6363
-9219
-6379
-9419
-6347
-9699
-6307
-9939
-6371
-10163
-6355
-10475
-6379
-10635
-6339
-10931
-6371
-11147
-6323
-11435
-6395
-11675
-6299
-11883
-6387
-12139
-6347
-12371
-6379
-12611
-6291
-12787
-6379
-12995
-6339
-13323
-6371
-13499
-6379
-13715
-6379
-14035
-6363
-14299
-6307
-14531
-6379
-14691
-6339
-14915
-6315
-15235
-6371
-15499
-6355
-15731
-6379
-15939
-6363
-16163
-6267
-16363
-6387
-16659
-6283
-16891
-6371
-17163
-6379
-17371
-6395
-17635
-6299
-17891
-6315
-18075
-6339
-18299
-6371
-18555
-6315
-18851
-6579
93
-6587
-51
-6539
-363
-6635
-515
-6515
-819
-6555
-1011
-6595
-1267
-6507
-1499
-6555
-1827
-6587
-2059
-6611
-2267
-6571
-2443
-6563
-2723
-6563
-2923
-6571
-3219
-6507
-3475
-6619
-3747
-6603
-3971
-6563
-4179
-6523
-4451
-6603
-4667
-6627
-4883
-6547
-5099
-6619
-5339
-6611
-5651
-6611
-5907
-6587
-6147
-6579
-6291
-6571
-6547
-6587
-6787
-6555
-6995
-6603
-7243
-6611
-7491
-6611
-7771
-6515
-7971
-6531
-8283
-6579
-8547
-6523
-8699
-6603
-8923
-6627
-9219
-6619
-9427
-6523
-9707
-6627
-9915
-6563
-10163
-6531
-10435
-6507
-10675
-6555
-10923
-6587
-11107
-6635
-11355
-6523
-11587
-6635
-11811
-6571
-12147
-6571
-12387
-6587
-12611
-6595
-12811
-6603
-13099
-6595
-13227
-6627
-13483
-6595
-13827
-6627
-14059
-6587
-14243
-6579
-14459
-6611
-14707
-6595
-15011
-6563
-15267
-6555
-15443
-6619
-15707
-6595
-15995
-6595
-16139
-6619
-16387
-6507
-16675
-6635
-16835
-6627
-17091
-6587
-17419
-6579
-17675
-6635
-17915
-6587
-18067
-6619
-18371
-6579
-18507
-6523
-18851
-6835
101
-6867
-35
-6771
-379
-6867
-611
-6755
-827
-6851
-1043
-6803
-1347
-6819
-1483
-6843
-1795
-6827
-2059
-6755
-2243
-6763
-2467
-6851
-2763
-6875
-2915
-6843
-3179
-6843
-3411
-6859
-3627
-6859
-3867
-6755
-4195
-6867
-4371
-6819
-4691
-6747
-4843
-6867
-5163
-6859
-5331
-6835
-5563
-6819
-5795
-6867
-6051
-6851
-6315
-6835
-6587
-6795
-6755
-6819
-7083
-6779
-7339
-6763
-7555
-6835
-7819
-6827
-7995
-6843
-8307
-6867
-8435
-6867
-8739
-6803
-8963
-6803
-9171
-6851
-9419
-6843
-9675
-6795
-9987
-6771
-10147
-6763
-10427
-6875
-10611
-6755
-10875
-6835
-11195
-6835
-11347
-6859
-11643
-6795
-11803
-6763
-12067
-6803
-12387
-6771
-12563
-6811
-12795
-6835
-13019
-6867
-13355
-6835
-13523
-6819
-13755
-6771
-14067
-6779
-14195
-6875
-14547
-6859
-14715
-6803
-15027
-6755
-15267
-6819
-15459
-6803
-15691
-6811
-15971
-6763
-16107
-6843
-16419
-6875
-16667
-6875
-16867
-6835
-17163
-6835
-17403
-6819
-17603
-6779
-17859
-6803
-18115
-6827
-18291
-6779
-18523
-6843
-18827
-7075
133
-7035
-99
-7091
-347
-7067
-579
-7075
-787
-7099
-1003
-7083
-1339
-7083
-1523
-7083
-1835
-7115
-1947
-7115
-2203
-7091
-2467
-7003
-2779
-6987
-2931
-7099
-3275
-7043
-3403
-7091
-3635
-7091
-3891
-7027
-4139
-7107
-4363
-7091
-4667
-7115
-4899
-7099
-5099
-7043
-5355
-7099
-5603
-7091
-5803
-7011
-6091
-7091
-6387
-6987
-6539
-7099
-6835
-7083
-7043
-7115
-7315
-7027
-7515
-7115
-7819
-7051
-8027
-7099
-8187
-7011
-8451
-7099
-8771
-7011
-9027
-7011
-9147
-7107
-9419
-7075
-9667
-7083
-9915
-7099
-10107
-7075
-10403
-7091
-10691
-7099
-10939
-7027
-11075
-7115
-11371
-7043
-11603
-7083
-11795
-7067
-12083
-7083
-12379
-7059
-12507
-7051
-12819
-7107
-13083
-7003
-13267
-7091
-13507
-7115
-13835
-7059
-13947
-7067
-14267
-7003
-14547
-7083
-14715
-7027
-15011
-7091
-15187
-7099
-15403
-7107
-15707
-7019
-15867
-7011
-16163
-7027
-16395
-7059
-16715
-7011
-16907
-7099
-17155
-7075
-17427
-7075
-17675
-7075
-17867
-7107
-18059
-7107
-18355
-7107
-18547
-7043
-18819
-7315
117
-7355
-83
-7299
-363
-7299
-635
-7251
-811
-7283
-1051
-7243
-1331
-7307
-1547
-7331
-1747
-7339
-1979
-7315
-2243
-7331
-2427
-7347
-2667
-7355
-2931
-7331
-3187
-7299
-3491
-7299
-3747
-7283
-3955
-7283
-4171
-7347
-4435
-7315
-4707
-7299
-4931
-7355
-5195
-7243
-5395
-7283
-5635
-7331
-5803
-7299
-6051
-7323
-6267
-7275
-6539
-7331
-6819
-7331
-7035
-7243
-7283
-7267
-7595
-7339
-7787
-7347
-8003
-7307
-8219
-7235
-8435
-7331
-8699
-7283
-9011
-7355
-9267
-7355
-9483
-7307
-9747
-7235
-9907
-7259
-10139
-7315
-10411
-7339
-10611
-7235
-10851
-7283
-11083
-7299
-11339
-7347
-11563
-7299
-11819
-7331
-12099
-7355
-12387
-7331
-12603
-7339
-12875
-7331
-12987
-7227
-13347
-7291
-13587
-7259
-13787
-7355
-14075
-7227
-14211
-7355
-14435
-7259
-14739
-7307
-15011
-7323
-15211
-7355
-15395
-7259
-15643
-7347
-15899
-7355
-16219
-7347
-16355
-7259
-16683
-7347
-16835
-7323
-17179
-7315
-17419
-7283
-17595
-7251
-17915
-7315
-18099
-7267
-18363
-7347
-18507
-7235
-18867
-7531
93
-7507
-67
-7547
-387
-7595
-587
-7531
-787
-7523
-1091
-7563
-1259
-7531
-1491
-7491
-1787
-7531
-1947
-7571
-2283
-7539
-2427
-7579
-2763
-7555
-2963
-7563
-3163
-7555
-3443
-7483
-3667
-7507
-3907
-7587
-4235
-7515
-4363
-7555
-4635
-7499
-4835
-7475
-5163
-7579
-5435
-7475
-5547
-7571
-5875
-7555
-6155
-7579
-6267
-7587
-6571
-7539
-6795
-7587
-7099
-7595
-7243
-7587
-7547
-7475
-7715
-7539
-7987
-7579
-8219
-7483
-8475
-7491
-8707
-7579
-8907
-7507
-9267
-7547
-9435
-7515
-9747
-7587
-9915
-7547
-10219
-7523
-10451
-7587
-10643
-7491
-10899
-7587
-11147
-7555
-11411
-7539
-11643
-7571
-11891
-7547
-12147
-7587
-12323
-7491
-12515
-7579
-12811
-7539
-12987
-7587
-13355
-7563
-13555
-7515
-13787
-7571
-14027
-7563
-14219
-7571
-14523
-7587
-14739
-7571
-15003
-7571
-15163
-7491
-15507
-7555
-15739
-7475
-15899
-7523
-16211
-7547
-16443
-7555
-16643
-7579
-16923
-7555
-17179
-7571
-17307
-7523
-17643
-7555
-17899
-7563
-18051
-7587
-18379
-7483
-18587
-7539
-18835
-7827
109
-7779
-115
-7723
-283
-7795
-539
-7819
-747
-7795
-1075
-7723
-1315
-7763
-1539
-7795
-1763
-7723
-1979
-7827
-2203
-7731
-2427
-7795
-2691
-7787
-2923
-7747
-3235
-7835
-3475
-7715
-3659
-7835
-3923
-7795
-4235
-7731
-4387
-7803
-4675
-7755
-4859
-7811
-5091
-7795
-5355
-7819
-5595
-7835
-5915
-7763
-6051
-7827
-6331
-7739
-6555
-7827
-6795
-7771
-7027
-7819
-7259
-7747
-7579
-7835
-7795
-7771
-8067
-7771
-8227
-7715
-8539
-7755
-8723
-7731
-8987
-7787
-9275
-7779
-9507
-7827
-9643
-7755
-9947
-7835
-10163
-7819
-10475
-7787
-10675
-7827
-10859
-7779
-11115
-7771
-11355
-7779
-11643
-7739
-11811
-7779
-12131
-7803
-12379
-7811
-12523
-7827
-12827
-7835
-13059
-7835
-13315
-7739
-13571
-7819
-13787
-7731
-14043
-7811
-14307
-7819
-14507
-7835
-14699
-7803
-15027
-7835
-15251
-7811
-15515
-7795
-15755
-7811
-15955
-7755
-16131
-7747
-16395
-7827
-16667
-7787
-16923
-7755
-17123
-7707
-17323
-7827
-17675
-7739
-17843
-7827
-18099
-7763
-18323
-7707
-18579
-7819
-18819
-8051
101
-7979
-139
-8051
-323
-8075
-587
-8003
-859
-8051
-1011
-8051
-1299
-8075
-1563
-8051
-1747
-8059
-2027
-7971
-2187
-8051
-2459
-8051
-2771
-8043
-2907
-7987
-3211
-7971
-3387
-7971
-3683
-8019
-3899
-8067
-4235
-8059
-4443
-8067
-4683
-8019
-4907
-8035
-5099
-8027
-5379
-8019
-5555
-7963
-5819
-7963
-6059
-7987
-6299
-8075
-6579
-8011
-6867
-8059
-6987
-8059
-7331
-7979
-7475
-8035
-7731
-8059
-7995
-8043
-8195
-8051
-8507
-7955
-8723
-8019
-9027
-8011
-9155
-8035
-9499
-8059
-9739
-8075
-9891
-7995
-10227
-7947
-10411
-7963
-10683
-8051
-10875
-8067
-11067
-7963
-11347
-7979
-11595
-8067
-11835
-8027
-12147
-8035
-12267
-8059
-12603
-8059
-12843
-8019
-13067
-8059
-13291
-8043
-13531
-7987
-13811
-7987
-13955
-8075
-14267
-7979
-14443
-8067
-14691
-8075
-15003
-8075
-15267
-8035
-15499
-7963
-15683
-8075
-15939
-8051
-16227
-8051
-16451
-8051
-16627
-8027
-16899
-8067
-17123
-7987
-17331
-8019
-17603
-8075
-17867
-8035
-18035
-7979
-18291
-7971
-18539
-8059
-18819
-8315
117
-8315
-99
-8283
-307
-8251
-635
-8203
-763
-8259
-1059
-8203
-1299
-8283
-1467
-8315
-1707
-8307
-2011
-8283
-2187
-8307
-2467
-8299
-2787
-8299
-2915
-8195
-3235
-8235
-3491
-8187
-3635
-8203
-3971
-8299
-4195
-8243
-4395
-8251
-4699
-8227
-4851
-8243
-5067
-8275
-5307
-8211
-5619
-8299
-5891
-8299
-6115
-8275
-6283
-8283
-6595
-8195
-6747
-8251
-7035
-8275
-7243
-8315
-7571
-8259
-7715
-8219
-7995
-8235
-8243
-8275
-8435
-8283
-8707
-8187
-8923
-8195
-9275
-8291
-9403
-8307
-9643
-8315
-9891
-8251
-10139
-8299
-10435
-8195
-10675
-8283
-10883
-8315
-11187
-8291
-11387
-8299
-11635
-8219
-11811
-8195
-12067
-8195
-12379
-8299
-12611
-8259
-12747
-8259
-13075
-8283
-13323
-8251
-13523
-8251
-13755
-8235
-13987
-8267
-14227
-8235
-14451
-8267
-14731
-8283
-14987
-8267
-15235
-8243
-15443
-8219
-15691
-8235
-15931
-8243
-16227
-8227
-16443
-8283
-16667
-8283
-16939
-8307
-17187
-8259
-17411
-8187
-17603
-8267
-17899
-8307
-18155
-8291
-18307
-8235
-18611
-8243
-18867
-8523
141
-8531
-75
-8467
-299
-8539
-579
-8499
-811
-8427
-1099
-8427
-1331
-8547
-1595
-8467
-1835
-8531
-2027
-8443
-2187
-8531
-2515
-8443
-2675
-8507
-3011
-8483
-3219
-8499
-3507
-8483
-3675
-8547
-3971
-8443
-4235
-8475
-4371
-8539
-4603
-8427
-4939
-8435
-5091
-8547
-5395
-8499
-5675
-8555
-5819
-8555
-6115
-8467
-6299
-8459
-6627
-8443
-6867
-8539
-7107
-8483
-7299
-8443
-7595
-8555
-7811
-8523
-7979
-8539
-8259
-8507
-8555
-8467
-8715
-8507
-8955
-8467
-9187
-8547
-9411
-8443
-9675
-8451
-9923
-8451
-10107
-8499
-10459
-8555
-10699
-8443
-10835
-8507
-11099
-8523
-11339
-8435
-11675
-8499
-11835
-8507
-12147
-8555
-12395
-8523
-12603
-8539
-12771
-8531
-13027
-8491
-13251
-8459
-13547
-8515
-13827
-8555
-14035
-8531
-14195
-8435
-14523
-8531
-14763
-8515
-14923
-8547
-15267
-8523
-15387
-8491
-15683
-8547
-15987
-8531
-16147
-8539
-16411
-8547
-16603
-8459
-16875
-8451
-17091
-8531
-17331
-8435
-17627
-8555
-17907
-8531
-18139
-8547
-18331
-8459
-18627
-8531
-18843
-8779
141
-8755
-115
-8715
-339
-8795
-555
-8707
-755
-8763
-1011
-8691
-1307
-8675
-1523
-8667
-1731
-8787
-2059
-8747
-2235
-8795
-2555
-8771
-2739
-8747
-3003
-8707
-3211
-8739
-3507
-8691
-3651
-8795
-3979
-8787
-4219
-8787
-4347
-8723
-4619
-8675
-4939
-8699
-5083
-8779
-5403
-8779
-5611
-8771
-5907
-8787
-6155
-8675
-6275
-8747
-6619
-8747
-6811
-8747
-7043
-8787
-7267
-8755
-7499
-8763
-7779
-8779
-8003
-8723
-8211
-8787
-8499
-8795
-8771
-8707
-9003
-8771
-9147
-8771
-9403
-8795
-9731
-8699
-9963
-8723
-10115
-8739
-10403
-8715
-10595
-8699
-10859
-8715
-11123
-8683
-11419
-8787
-11603
-8699
-11907
-8707
-12051
-8723
-12387
-8667
-12635
-8739
-12819
-8723
-13051
-8787
-13323
-8787
-13531
-8715
-13827
-8731
-13955
-8723
-14267
-8771
-14507
-8795
-14771
-8795
-15011
-8699
-15203
-8747
-15387
-8779
-15731
-8771
-15955
-8795
-16107
-8723
-16371
-8755
-16635
-8755
-16835
-8771
-17123
-8707
-17355
-8763
-17595
-8763
-17787
-8691
-18051
-8795
-18371
-8667
-18611
-8763
-18851
-9019
125
-8955
-83
-9035
-339
-8971
-611
-9019
-875
-8931
-1115
-8915
-1331
-8971
-1587
-8995
-1747
-9019
-2019
-9003
-2211
-9027
-2547
-9003
-2667
-8979
-2915
-8971
-3243
-8987
-3475
-9011
-3627
-8931
-3891
-8995
-4235
-8947
-4427
-8987
-4595
-9011
-4875
-8923
-5187
-9035
-5331
-8955
-5667
-8915
-5795
-8907
-6115
-8939
-6283
-8971
-6531
-8987
-6787
-8995
-7035
-9003
-7283
-8995
-7523
-8963
-7787
-8979
-8043
-9027
-8227
-9019
-8483
-9019
-8699
-8947
-8987
-8931
-9243
-8963
-9451
-8923
-9739
-9019
-9971
-8939
-10115
-9019
-10347
-8971
-10603
-8955
-10915
-8979
-11155
-9019
-11323
-9019
-11579
-8955
-11803
-8939
-12155
-8963
-12371
-8963
-12507
-9035
-12851
-8979
-12987
-9035
-13347
-8955
-13555
-8907
-13779
-9019
-14027
-9027
-14299
-9035
-14491
-8987
-14715
-9019
-15019
-8907
-15227
-9027
-15387
-9035
-15651
-9003
-15987
-9019
-16235
-8987
-16459
-8907
-16651
-9019
-16859
-9019
-17163
-8939
-17427
-8923
-17563
-8939
-17883
-9019
-18043
-8995
-18291
-8939
-18523
-8907
-18835
-9179
109
-9267
-147
-9235
-379
-9163
-539
-9155
-851
-9147
-1075
-9155
-1275
-9259
-1483
-9147
-1827
-9227
-2059
-9203
-2315
-9251
-2547
-9235
-2699
-9211
-2907
-9275
-3219
-9235
-3387
-9227
-3627
-9235
-3987
-9187
-4227
-9243
-4403
-9163
-4603
-9235
-4875
-9195
-5171
-9267
-5387
-9155
-5635
-9235
-5803
-9163
-6139
-9267
-6315
-9243
-6531
-9251
-6827
-9163
-7107
-9259
-7299
-9235
-7587
-9219
-7827
-9227
-8019
-9267
-8267
-9259
-8523
-9235
-8731
-9243
-8963
-9179
-9187
-9235
-9419
-9219
-9635
-9179
-9867
-9179
-10179
-9187
-10451
-9147
-10587
-9179
-10907
-9267
-11067
-9147
-11387
-9219
-11563
-9243
-11835
-9219
-12043
-9243
-12267
-9203
-12611
-9267
-12771
-9259
-13019
-9243
-13339
-9219
-13515
-9155
-13827
-9195
-13947
-9251
-14203
-9171
-14531
-9243
-14715
-9163
-14971
-9243
-15267
-9155
-15419
-9203
-15627
-9267
-15971
-9259
-16179
-9187
-16371
-9267
-16699
-9203
-16859
-9267
-17099
-9275
-17427
-9227
-17547
-9155
-17811
-9179
-18123
-9179
-18331
-9227
-18635
-9259
-18811
-9483
149
-9419
-75
-9451
-275
-9435
-635
-9483
-771
-9467
-1051
-9499
-1307
-9499
-1499
-9427
-1747
-9499
-1995
-9499
-2307
-9507
-2555
-9419
-2707
-9475
-2907
-9491
-3267
-9435
-3403
-9427
-3699
-9459
-3923
-9467
-4187
-9419
-4387
-9395
-4619
-9387
-4835
-9411
-5147
-9467
-5347
-9507
-5667
-9451
-5803
-9419
-6027
-9515
-6267
-9435
-6555
-9507
-6771
-9467
-7091
-9387
-7291
-9507
-7531
-9459
-7771
-9515
-7947
-9475
-8291
-9459
-8467
-9491
-8723
-9515
-9011
-9451
-9259
-9507
-9459
-9467
-9747
-9459
-9947
-9459
-10155
-9427
-10347
-9427
-10627
-9403
-10931
-9443
-11195
-9491
-11315
-9459
-11603
-9459
-11899
-9435
-12107
-9451
-12347
-9451
-12603
-9419
-12795
-9475
-13075
-9483
-13243
-9459
-13467
-9435
-13739
-9427
-14035
-9499
-14291
-9515
-14555
-9483
-14771
-9451
-15019
-9459
-15179
-9491
-15435
-9443
-15683
-9459
-15955
-9483
-16163
-9427
-16419
-9483
-16643
-9515
-16851
-9403
-17171
-9403
-17307
-9491
-17651
-9499
-17883
-9475
-18075
-9515
-18339
-9411
-18635
-9499
-18859
-9755
149
-9683
-155
-9731
-323
-9667
-627
-9699
-859
-9707
-1099
-9651
-1339
-9747
-1483
-9707
-1747
-9755
-1963
-9723
-2259
-9723
-2467
-9731
-2747
-9699
-2987
-9635
-3211
-9643
-3403
-9699
-3699
-9643
-3987
-9659
-4235
-9723
-4363
-9747
-4603
-9699
-4843
-9731
-5091
-9723
-5395
-9675
-5563
-9691
-5803
-9683
-6107
-9651
-6275
-9731
-6619
-9747
-6747
-9747
-7035
-9675
-7235
-9755
-7515
-9691
-7779
-9755
-8035
-9755
-8195
-9691
-8547
-9747
-8667
-9715
-8907
-9675
-9219
-9675
-9475
-9739
-9723
-9659
-9995
-9651
-10131
-9747
-10379
-9651
-10699
-9755
-10891
-9667
-11115
-9691
-11347
-9723
-11579
-9635
-11867
-9723
-12155
-9667
-12387
-9643
-12515
-9659
-12811
-9667
-13011
-9747
-13267
-9651
-13499
-9731
-13787
-9739
-13947
-9747
-14275
-9643
-14523
-9739
-14675
-9731
-14987
-9651
-15275
-9755
-15403
-9747
-15667
-9731
-15939
-9747
-16235
-9635
-16379
-9747
-16699
-9659
-16907
-9739
-17091
-9731
-17387
-9747
-17659
-9659
-17859
-9707
-18107
-9747
-18395
-9699
-18515
-9643
-18859
-9947
85
-9979
-75
-9987
-379
-9963
-603
-9995
-875
-9963
-1043
-9939
-1315
-9875
-1571
-9995
-1771
-9947
-2003
-9963
-2211
-9955
-2555
-9875
-2755
-9979
-3035
-9987
-3219
-9995
-3451
-9899
-3683
-9899
-3995
-9947
-4171
-9883
-4443
-9947
-4651
-9963
-4947
-9939
-5131
-9931
-5347
-9987
-5563
-9955
-5827
-9955
-6099
-9963
-6395
-9955
-6587
-9939
-6779
-9915
-7091
-9987
-7251
-9979
-7539
-9939
-7771
-9971
-8003
-9955
-8243
-9939
-8539
-9883
-8675
-9939
-8955
-9979
-9171
-9987
-9387
-9995
-9635
-9971
-9979
-9947
-10203
-9995
-10443
-9963
-10595
-9987
-10931
-9899
-11163
-9955
-11339
-9891
-11563
-9939
-11811
-9963
-12091
-9995
-12371
-9995
-12603
-9963
-12747
-9899
-13099
-9947
-13339
-9995
-13555
-9947
-13723
-9963
-14075
-9995
-14235
-9979
-14467
-9891
-14715
-9947
-15019
-9931
-15259
-9923
-15451
-9923
-15691
-9995
-15947
-9971
-16227
-9891
-16427
-9979
-16699
-9963
-16907
-9979
-17123
-9939
-17355
-9963
-17547
-9947
-17803
-9947
-18083
-9947
-18307
-9963
-18531
-9939
-18819
-10211
85
-10235
-59
-10203
-339
-10171
-515
-10147
-779
-10187
-1051
-10179
-1331
-10227
-1499
-10107
-1739
-10147
-2067
-10219
-2235
-10147
-2531
-10139
-2787
-10171
-2971
-10195
-3243
-10179
-3387
-10195
-3699
-10211
-3867
-10227
-4195
-10211
-4467
-10139
-4643
-10131
-4891
-10171
-5179
-10187
-5427
-10219
-5619
-10203
-5867
-10155
-6059
-10171
-6347
-10227
-6635
-10227
-6851
-10203
-7115
-10203
-7347
-10139
-7595
-10219
-7811
-10107
-8067
-10203
-8299
-10227
-8507
-10147
-8699
-10227
-8979
-10203
-9267
-10123
-9483
-10139
-9683
-10203
-9923
-10227
-10147
-10139
-10467
-10155
-10683
-10179
-10875
-10171
-11099
-10227
-11387
-10155
-11547
-10227
-11867
-10211
-12091
-10195
-12339
-10163
-12531
-10227
-12843
-10147
-13011
-10171
-13235
-10115
-13515
-10171
-13747
-10171
-14075
-10203
-14235
-10179
-14443
-10219
-14675
-10187
-14931
-10187
-15251
-10139
-15387
-10131
-15707
-10163
-15971
-10155
-16107
-10187
-16347
-10155
-16707
-10155
-16867
-10211
-17195
-10123
-17339
-10219
-17643
-10179
-17819
-10235
-18155
-10219
-18339
-10211
-18531
-10147
-18875
-10427
133
-10435
-59
-10451
-355
-10443
-587
-10475
-827
-10427
-1107
-10443
-1275
-10419
-1499
-10451
-1787
-10443
-2075
-10467
-2219
-10427
-2547
-10475
-2747
-10435
-3035
-10459
-3211
-10435
-3499
-10451
-3643
-10459
-3995
-10459
-4171
-10419
-4371
-10459
-4683
-10459
-4891
-10475
-5147
-10419
-5387
-10435
-5643
-10435
-5867
-10427
-6043
-10443
-6387
-10427
-6563
-10443
-6747
-10443
-7067
-10475
-7275
-10443
-7555
-10427
-7819
-10467
-8067
-10443
-8275
-10427
-8491
-10443
-8699
-10475
-8987
-10467
-9259
-10443
-9507
-10451
-9707
-10427
-9963
-10451
-10107
-10459
-10411
-10475
-10707
-10427
-10891
-10427
-11091
-10459
-11411
-10435
-11563
-10475
-11803
-10411
-12067
-10419
-12315
-10451
-12619
-10475
-12803
-10435
-13115
-10411
-13315
-10459
-13475
-10435
-13755
-10435
-14003
-10435
-14243
-10475
-14443
-10451
-14747
-10459
-14987
-10475
-15163
-10467
-15419
-10475
-15691
-10459
-15995
-10467
-16131
-10419
-16467
-10411
-16683
-10467
-16875
-10411
-17155
-10475
-17403
-10411
-17563
-10467
-17851
-10475
-18051
-10475
-18363
-10427
-18635
-10443
-18819
