93
388
730
-10
255
-361
345
-529
306
-793
229
-1070
217
-1217
480
-1527
566
-1781
169
-1949
269
-2232
163
-2461
479
-2671
151
-2913
331
-3171
327
-3435
373
-3655
147
-3907
139
-4099
233
-4429
245
-4605
117
-4827
101
-5091
101
-5355
133
-5627
101
-5775
93
-6031
109
-6387
133
-6515
93
-6759
93
-7055
117
-7263
93
-7487
149
-7799
125
-8003
93
-8251
117
-8443
109
-8707
109
-8939
149
-9215
85
-9499
117
-9643
93
-9971
93
-10235
117
-10459
141
-10627
93
-10907
93
-11123
125
-11395
93
-11571
133
-11795
117
-12051
101
-12355
141
-12579
141
-12779
117
-13011
149
-13235
85
-13499
101
-13787
93
-14035
149
-14251
109
-14555
133
-14675
149
-14979
85
-15179
93
-15467
125
-15659
125
-15971
101
-16235
117
-16443
109
-16619
133
-16867
101
-17131
125
-17339
93
-17651
117
-17891
125
-18099
101
-18363
117
-18507
149
-18835
-107
1590
-64
-131
-114
-323
-94
-626
-16
-763
-51
-1065
-43
-1212
-55
-1578
-74
-1769
-42
-1975
-137
-2182
-131
-2417
-67
-2711
-107
-2917
-11
-3177
-55
-3473
-99
-3637
-137
-3907
-79
-4223
-111
-4379
-147
-4579
-123
-4807
-91
-5127
-11
-5403
-31
-5651
-119
-5907
-75
-6055
-115
-6343
-147
-6499
-123
-6803
-99
-7043
-27
-7319
-79
-7547
1
-7703
-135
-7931
-123
-8187
-43
-8467
-39
-8719
-99
-8895
-147
-9267
-51
-9475
-75
-9627
-123
-9867
-123
-10139
-155
-10451
-131
-10675
-139
-10875
-155
-11139
-35
-11395
-43
-11635
-131
-11875
-59
-12067
-51
-12299
-43
-12595
-59
-12859
-99
-13115
-131
-13227
-131
-13523
-51
-13731
-155
-13971
-99
-14291
-51
-14539
-67
-14787
-35
-14995
-131
-15275
-91
-15387
-67
-15683
-91
-15883
-67
-16235
-75
-16403
-99
-16595
-99
-16923
-123
-17155
-147
-17419
-59
-17627
-35
-17867
-155
-18091
-107
-18283
-123
-18563
-75
-18859
-371
707
-303
-39
-319
-294
-299
-554
-369
-769
-259
-947
-249
-1263
-360
-1558
-302
-1734
-346
-1931
-387
-2188
-307
-2431
-309
-2727
-325
-2985
-323
-3139
-281
-3415
-339
-3747
-303
-3857
-287
-4183
-257
-4327
-253
-4699
-295
-4899
-359
-5135
-323
-5311
-327
-5523
-359
-5883
-371
-6043
-307
-6371
-363
-6539
-395
-6815
-371
-7031
-251
-7331
-327
-7539
-323
-7723
-311
-8023
-371
-8287
-363
-8519
-331
-8743
-283
-8963
-327
-9223
-359
-9507
-347
-9643
-339
-9947
-395
-10139
-363
-10347
-275
-10603
-267
-10843
-395
-11067
-371
-11315
-379
-11587
-275
-11843
-355
-12107
-395
-12267
-339
-12515
-363
-12771
-339
-13003
-267
-13227
-323
-13475
-371
-13755
-363
-13995
-275
-14275
-363
-14555
-307
-14787
-331
-14923
-283
-15219
-395
-15451
-379
-15747
-323
-15875
-291
-16235
-339
-16347
-371
-16635
-355
-16851
-299
-17099
-379
-17403
-331
-17651
-379
-17891
-339
-18067
-395
-18299
-299
-18627
-347
-18867
-523
652
-547
-138
-568
-347
-519
-595
-578
-772
-615
-1097
-512
-1318
-505
-1484
-635
-1794
-591
-2026
-578
-2211
-621
-2417
-527
-2745
-579
-2903
-547
-3123
-515
-3453
-497
-3701
-603
-3879
-559
-4223
-505
-4441
-563
-4549
-587
-4943
-503
-5159
-619
-5399
-575
-5591
-611
-5871
-587
-6087
-511
-6291
-619
-6607
-611
-6791
-595
-7051
-635
-7279
-547
-7483
-575
-7695
-603
-7971
-547
-8299
-579
-8495
-487
-8763
-603
-9023
-583
-9259
-547
-9411
-619
-9747
-563
-9883
-619
-10139
-523
-10411
-611
-10587
-595
-10891
-619
-11147
-515
-11315
-595
-11603
-523
-11827
-555
-12091
-635
-12267
-611
-12531
-555
-12747
-555
-13027
-611
-13291
-555
-13515
-555
-13763
-555
-14067
-627
-14251
-547
-14531
-531
-14691
-635
-14931
-531
-15227
-547
-15403
-515
-15635
-515
-15915
-563
-16115
-603
-16419
-587
-16611
-611
-16859
-619
-17155
-579
-17371
-579
-17635
-611
-17851
-595
-18083
-619
-18339
-555
-18619
-523
-18867
-855
246
-846
-61
-740
-345
-831
-618
-871
-805
-785
-1015
-808
-1317
-799
-1506
-821
-1807
-771
-1989
-839
-2264
-749
-2539
-773
-2655
-799
-2955
-843
-3215
-851
-3449
-827
-3749
-817
-3869
-785
-4083
-847
-4363
-787
-4671
-767
-4839
-799
-5047
-859
-5363
-859
-5575
-811
-5883
-787
-6095
-727
-6331
-843
-6507
-771
-6743
-795
-7003
-783
-7295
-843
-7443
-763
-7691
-835
-7983
-795
-8219
-787
-8463
-771
-8691
-839
-8911
-811
-9251
-823
-9407
-843
-9739
-755
-9931
-819
-10195
-843
-10435
-787
-10715
-779
-10875
-851
-11091
-763
-11435
-835
-11603
-835
-11891
-779
-12099
-819
-12371
-779
-12571
-827
-12747
-787
-13083
-835
-13307
-819
-13531
-811
-13715
-787
-13955
-771
-14195
-819
-14435
-875
-14731
-827
-15019
-835
-15171
-803
-15419
-859
-15691
-859
-15939
-859
-16171
-803
-16419
-787
-16595
-755
-16875
-843
-17171
-859
-17331
-859
-17563
-875
-17867
-771
-18051
-859
-18379
-835
-18523
-859
-18819
-1059
1244
-1069
-69
-1091
-389
-981
-557
-971
-743
-1105
-994
-1067
-1241
-1055
-1565
-1001
-1783
-1048
-1973
-1001
-2154
-1071
-2463
-1053
-2627
-989
-2931
-1069
-3179
-1011
-3451
-1031
-3693
-1093
-3869
-1059
-4109
-995
-4463
-1051
-4669
-1039
-4911
-999
-5175
-1103
-5427
-1023
-5583
-1043
-5859
-971
-6107
-1027
-6287
-1095
-6515
-1051
-6807
-1059
-6995
-1015
-7311
-979
-7523
-1087
-7771
-1075
-8003
-979
-8263
-1087
-8431
-1091
-8751
-1083
-8987
-1035
-9155
-979
-9491
-1099
-9723
-1099
-9915
-1107
-10147
-1091
-10371
-1099
-10691
-1075
-10859
-1011
-11099
-1099
-11411
-1083
-11675
-1083
-11867
-1075
-12083
-1107
-12379
-1091
-12515
-1107
-12851
-1091
-12995
-1043
-13251
-995
-13571
-995
-13731
-1003
-14043
-1083
-14211
-1051
-14459
-1107
-14787
-1003
-14971
-1011
-15203
-1115
-15483
-1075
-15675
-1027
-15915
-1099
-16147
-1027
-16411
-1099
-16715
-1043
-16883
-1067
-17115
-1003
-17331
-1027
-17571
-1107
-17827
-1067
-18027
-1051
-18371
-1115
-18547
-1059
-18859
-1331
1636
-1310
-98
-1315
-332
-1263
-531
-1331
-768
-1293
-1030
-1266
-1287
-1291
-1459
-1331
-1803
-1253
-1937
-1319
-2231
-1293
-2477
-1303
-2727
-1325
-2899
-1229
-3203
-1331
-3451
-1337
-3701
-1331
-3959
-1323
-4111
-1229
-4359
-1215
-4559
-1315
-4895
-1279
-5063
-1303
-5339
-1319
-5579
-1339
-5843
-1335
-6027
-1327
-6251
-1279
-6591
-1255
-6807
-1307
-6995
-1255
-7331
-1255
-7483
-1207
-7763
-1227
-8059
-1343
-8247
-1231
-8427
-1267
-8707
-1347
-8983
-1355
-9187
-1315
-9447
-1315
-9635
-1347
-9883
-1227
-10123
-1275
-10355
-1235
-10715
-1275
-10851
-1315
-11099
-1323
-11395
-1331
-11555
-1227
-11819
-1291
-12059
-1355
-12307
-1347
-12571
-1227
-12763
-1331
-13099
-1331
-13235
-1315
-13491
-1251
-13835
-1323
-14019
-1251
-14243
-1315
-14515
-1275
-14779
-1331
-14907
-1339
-15219
-1251
-15475
-1355
-15667
-1275
-15979
-1355
-16115
-1347
-16451
-1323
-16627
-1267
-16955
-1347
-17091
-1347
-17323
-1275
-17587
-1355
-17803
-1355
-18091
-1235
-18291
-1283
-18579
-1291
-18835
-1579
1211
-1453
-75
-1501
-299
-1553
-581
-1507
-819
-1555
-987
-1429
-1219
-1501
-1491
-1523
-1781
-1537
-1925
-1499
-2243
-1523
-2407
-1467
-2681
-1567
-2971
-1577
-3257
-1553
-3385
-1497
-3689
-1585
-3943
-1533
-4133
-1547
-4407
-1561
-4575
-1551
-4811
-1535
-5107
-1543
-5411
-1547
-5631
-1531
-5899
-1571
-6007
-1491
-6327
-1535
-6599
-1491
-6803
-1591
-7011
-1547
-7315
-1563
-7523
-1563
-7707
-1483
-7967
-1567
-8231
-1583
-8495
-1455
-8683
-1515
-8951
-1483
-9175
-1491
-9467
-1531
-9707
-1475
-9915
-1523
-10179
-1523
-10459
-1523
-10707
-1539
-10883
-1563
-11115
-1563
-11331
-1555
-11643
-1507
-11907
-1475
-12147
-1579
-12315
-1467
-12571
-1595
-12843
-1595
-13067
-1587
-13315
-1579
-13523
-1579
-13787
-1595
-13979
-1579
-14211
-1555
-14555
-1563
-14691
-1555
-14931
-1571
-15227
-1595
-15491
-1531
-15635
-1507
-15867
-1595
-16171
-1467
-16419
-1523
-16667
-1579
-16843
-1595
-17099
-1483
-17371
-1579
-17595
-1571
-17883
-1539
-18027
-1491
-18387
-1547
-18611
-1539
-18811
-1795
1441
-1799
-87
-1695
-317
-1735
-611
-1803
-759
-1773
-989
-1723
-1319
-1707
-1577
-1735
-1807
-1743
-1969
-1751
-2201
-1761
-2517
-1781
-2775
-1781
-2911
-1799
-3201
-1721
-3391
-1797
-3735
-1751
-3909
-1791
-4075
-1807
-4333
-1799
-4701
-1739
-4907
-1779
-5159
-1771
-5399
-1779
-5567
-1807
-5755
-1755
-6083
-1799
-6363
-1747
-6535
-1787
-6843
-1807
-7083
-1795
-7235
-1819
-7559
-1715
-7795
-1791
-7999
-1699
-8179
-1811
-8527
-1799
-8723
-1723
-8971
-1783
-9199
-1783
-9359
-1755
-9731
-1811
-9923
-1827
-10147
-1787
-10379
-1723
-10659
-1763
-10923
-1755
-11099
-1787
-11371
-1723
-11675
-1779
-11835
-1835
-12139
-1811
-12379
-1835
-12547
-1835
-12803
-1747
-13003
-1835
-13347
-1811
-13579
-1819
-13763
-1795
-14011
-1835
-14211
-1755
-14531
-1723
-14723
-1723
-14987
-1835
-15155
-1787
-15499
-1827
-15635
-1779
-15915
-1803
-16163
-1835
-16403
-1747
-16691
-1763
-16907
-1827
-17187
-1723
-17363
-1763
-17555
-1715
-17899
-1715
-18155
-1771
-18323
-1827
-18539
-1747
-18819
-2075
167
-1943
-15
-2045
-383
-2011
-591
-2059
-819
-2023
-1095
-2041
-1291
-1983
-1589
-2015
-1733
-2063
-1999
-2019
-2251
-2037
-2477
-2005
-2659
-2033
-2943
-2009
-3217
-2047
-3373
-2027
-3739
-2041
-3971
-1989
-4129
-1981
-4473
-1927
-4655
-1995
-4875
-1927
-5051
-2051
-5339
-1963
-5631
-2051
-5819
-1987
-6099
-1991
-6351
-2063
-6551
-2031
-6843
-2003
-7039
-2027
-7307
-1951
-7547
-2019
-7779
-2063
-8023
-2043
-8307
-2035
-8539
-1999
-8667
-1947
-8943
-2055
-9255
-2063
-9395
-2051
-9675
-1971
-9875
-2027
-10115
-1971
-10363
-1979
-10683
-1979
-10915
-2035
-11163
-2059
-11379
-2043
-11627
-1987
-11819
-2075
-12035
-1947
-12275
-1979
-12579
-2019
-12771
-2051
-13035
-1979
-13291
-1987
-13483
-2051
-13755
-2067
-14035
-2043
-14251
-1987
-14515
-1963
-14739
-1979
-15003
-1971
-15251
-1995
-15451
-2011
-15699
-2075
-15875
-2059
-16171
-2075
-16459
-2051
-16643
-2051
-16851
-2067
-17115
-2051
-17355
-1971
-17563
-1987
-17827
-2067
-18075
-2035
-18387
-2059
-18595
-2043
-18811
-2275
2051
-2271
-27
-2263
-263
-2191
-545
-2303
-797
-2203
-1047
-2285
-1257
-2147
-1561
-2297
-1725
-2237
-2061
-2269
-2229
-2305
-2461
-2165
-2683
-2247
-2919
-2265
-3151
-2295
-3399
-2259
-3593
-2287
-3971
-2271
-4127
-2269
-4387
-2197
-4655
-2199
-4903
-2283
-5183
-2259
-5407
-2187
-5579
-2283
-5791
-2239
-6067
-2255
-6363
-2267
-6571
-2283
-6807
-2251
-7027
-2187
-7291
-2267
-7559
-2211
-7735
-2211
-7947
-2271
-8219
-2283
-8523
-2211
-8735
-2259
-8903
-2275
-9211
-2247
-9415
-2283
-9683
-2195
-9867
-2251
-10195
-2299
-10379
-2291
-10627
-2267
-10955
-2315
-11083
-2315
-11315
-2283
-11555
-2203
-11811
-2227
-12115
-2299
-12355
-2315
-12563
-2315
-12747
-2219
-13035
-2251
-13307
-2259
-13483
-2291
-13819
-2275
-13971
-2315
-14219
-2275
-14467
-2291
-14787
-2227
-14947
-2235
-15163
-2307
-15411
-2267
-15739
-2291
-15883
-2315
-16219
-2299
-16475
-2283
-16675
-2259
-16883
-2291
-17155
-2219
-17419
-2299
-17643
-2299
-17891
-2235
-18123
-2251
-18347
-2259
-18555
-2259
-18811
-2547
1119
-2455
-91
-2481
-359
-2545
-607
-2493
-743
-2485
-1021
-2459
-1207
-2495
-1487
-2471
-1701
-2443
-1989
-2495
-2215
-2435
-2395
-2499
-2711
-2519
-2993
-2491
-3247
-2457
-3423
-2537
-3671
-2495
-3839
-2427
-4193
-2517
-4343
-2469
-4561
-2419
-4931
-2499
-5147
-2495
-5387
-2551
-5631
-2519
-5875
-2459
-6151
-2555
-6383
-2543
-6627
-2495
-6855
-2415
-7003
-2507
-7355
-2491
-7483
-2423
-7751
-2527
-7955
-2507
-8247
-2471
-8495
-2415
-8739
-2431
-8955
-2511
-9115
-2475
-9431
-2475
-9715
-2555
-9915
-2539
-10115
-2435
-10363
-2555
-10651
-2555
-10915
-2531
-11163
-2427
-11395
-2547
-11547
-2531
-11875
-2507
-12155
-2547
-12355
-2531
-12531
-2507
-12755
-2547
-13075
-2443
-13323
-2443
-13499
-2459
-13763
-2507
-13979
-2427
-14187
-2499
-14435
-2499
-14747
-2523
-15027
-2523
-15195
-2539
-15419
-2475
-15699
-2475
-15963
-2539
-16211
-2427
-16419
-2547
-16587
-2483
-16899
-2499
-17115
-2435
-17427
-2499
-17611
-2507
-17819
-2443
-18131
-2539
-18331
-2539
-18627
-2491
-18835
-2771
93
-2767
-43
-2779
-291
-2771
-591
-2747
-731
-2759
-1051
-2791
-1259
-2755
-1587
-2739
-1727
-2759
-1975
-2667
-2307
-2747
-2463
-2795
-2699
-2639
-2895
-2739
-3243
-2707
-3491
-2711
-3739
-2763
-3871
-2651
-4165
-2759
-4379
-2691
-4583
-2687
-4915
-2703
-5127
-2639
-5427
-2755
-5571
-2675
-5847
-2699
-6123
-2671
-6307
-2727
-6615
-2735
-6819
-2783
-7079
-2691
-7231
-2759
-7527
-2731
-7755
-2735
-8071
-2707
-8207
-2743
-8403
-2775
-8679
-2767
-8935
-2731
-9231
-2755
-9379
-2731
-9675
-2787
-9971
-2795
-10107
-2795
-10403
-2779
-10635
-2731
-10843
-2755
-11131
-2771
-11403
-2747
-11595
-2755
-11819
-2763
-12099
-2739
-12299
-2731
-12603
-2707
-12811
-2755
-13019
-2691
-13299
-2715
-13491
-2771
-13723
-2667
-14067
-2771
-14227
-2747
-14515
-2747
-14691
-2771
-15035
-2683
-15195
-2723
-15467
-2779
-15723
-2795
-15875
-2779
-16195
-2779
-16475
-2755
-16603
-2739
-16843
-2787
-17187
-2795
-17387
-2747
-17619
-2667
-17803
-2739
-18083
-2795
-18291
-2715
-18555
-2763
-18851
-2939
125
-2899
-31
-2991
-331
-2947
-547
-2963
-783
-2887
-995
-2999
-1327
-2983
-1563
-3011
-1831
-2991
-1991
-2903
-2271
-2911
-2399
-3007
-2671
-2899
-2971
-2995
-3207
-2979
-3387
-2995
-3675
-2999
-3919
-2907
-4215
-2955
-4459
-2943
-4683
-2983
-4863
-3007
-5143
-2971
-5383
-3011
-5559
-2991
-5779
-3015
-6059
-2931
-6291
-2911
-6507
-2959
-6771
-2971
-7051
-2895
-7315
-2951
-7567
-2971
-7787
-2947
-7975
-2983
-8175
-2927
-8507
-2891
-8715
-2915
-8983
-2939
-9239
-2927
-9491
-2987
-9691
-3003
-9987
-2979
-10203
-3003
-10419
-3027
-10611
-2907
-10947
-2955
-11179
-2979
-11323
-3027
-11675
-2931
-11811
-3035
-12051
-2907
-12355
-3011
-12627
-2963
-12843
-3003
-13099
-2987
-13307
-3035
-13531
-3027
-13739
-2971
-13947
-2971
-14299
-3035
-14507
-2971
-14699
-2947
-15003
-2979
-15267
-3011
-15403
-3003
-15683
-3003
-15987
-2939
-16203
-2995
-16371
-2963
-16587
-2923
-16923
-2995
-17195
-2947
-17363
-3003
-17659
-3019
-17787
-2971
-18035
-2931
-18315
-2979
-18587
-2939
-18843
-3215
125
-3219
-91
-3163
-383
-3267
-535
-3187
-823
-3203
-1003
-3163
-1303
-3175
-1563
-3211
-1699
-3263
-2031
-3167
-2171
-3235
-2551
-3247
-2735
-3147
-2931
-3235
-3167
-3271
-3363
-3235
-3659
-3263
-3915
-3203
-4167
-3139
-4419
-3235
-4635
-3143
-4855
-3239
-5071
-3243
-5407
-3151
-5587
-3223
-5763
-3239
-6039
-3167
-6339
-3171
-6527
-3235
-6847
-3207
-6955
-3239
-7243
-3255
-7539
-3235
-7779
-3171
-7995
-3187
-8167
-3187
-8463
-3175
-8755
-3247
-8919
-3211
-9123
-3203
-9515
-3259
-9675
-3195
-9867
-3211
-10235
-3259
-10475
-3251
-10667
-3163
-10939
-3219
-11067
-3235
-11363
-3243
-11555
-3267
-11795
-3275
-12155
-3243
-12307
-3243
-12627
-3243
-12843
-3259
-13067
-3163
-13339
-3235
-13555
-3259
-13771
-3195
-14019
-3155
-14235
-3275
-14459
-3267
-14731
-3251
-14955
-3251
-15235
-3243
-15459
-3259
-15731
-3267
-15899
-3275
-16187
-3227
-16395
-3243
-16627
-3227
-16843
-3267
-17083
-3227
-17331
-3251
-17563
-3251
-17827
-3267
-18099
-3203
-18315
-3251
-18571
-3227
-18859
-3375
141
-3435
-35
-3403
-243
-3391
-499
-3431
-735
-3467
-1035
-3383
-1291
-3491
-1515
-3475
-1783
-3443
-1971
-3495
-2227
-3491
-2519
-3423
-2715
-3399
-2927
-3467
-3219
-3443
-3407
-3431
-3679
-3499
-3967
-3383
-4135
-3423
-4419
-3399
-4643
-3487
-4891
-3383
-5155
-3431
-5375
-3515
-5611
-3379
-5827
-3495
-6047
-3487
-6367
-3399
-6583
-3419
-6851
-3375
-7075
-3495
-7287
-3459
-7455
-3491
-7767
-3483
-7923
-3383
-8171
-3399
-8475
-3399
-8723
-3511
-8971
-3435
-9163
-3479
-9491
-3435
-9699
-3475
-9955
-3475
-10163
-3515
-10403
-3499
-10659
-3483
-10939
-3459
-11163
-3507
-11387
-3475
-11675
-3467
-11867
-3459
-12147
-3467
-12339
-3395
-12603
-3507
-12771
-3403
-13027
-3435
-13307
-3387
-13555
-3395
-13723
-3411
-14043
-3475
-14211
-3475
-14499
-3483
-14699
-3443
-14995
-3491
-15155
-3507
-15507
-3467
-15747
-3491
-15939
-3491
-16227
-3515
-16459
-3499
-16715
-3411
-16867
-3451
-17187
-3443
-17379
-3491
-17651
-3499
-17843
-3459
-18051
-3443
-18299
-3491
-18595
-3499
-18843
-3639
133
-3723
-103
-3683
-279
-3679
-599
-3715
-859
-3739
-1011
-3619
-1267
-3683
-1511
-3667
-1799
-3739
-2043
-3715
-2191
-3699
-2475
-3687
-2763
-3655
-2979
-3731
-3159
-3707
-3379
-3747
-3687
-3723
-3979
-3707
-4139
-3715
-4439
-3631
-4615
-3619
-4827
-3675
-5091
-3707
-5383
-3639
-5655
-3639
-5819
-3739
-6123
-3671
-6395
-3723
-6563
-3679
-6759
-3719
-7007
-3683
-7283
-3755
-7539
-3723
-7791
-3667
-8039
-3691
-8175
-3715
-8439
-3667
-8727
-3711
-8931
-3687
-9171
-3695
-9399
-3691
-9707
-3707
-9947
-3675
-10155
-3691
-10459
-3739
-10699
-3747
-10835
-3683
-11067
-3739
-11363
-3699
-11619
-3731
-11859
-3675
-12075
-3683
-12267
-3739
-12523
-3667
-12803
-3755
-13067
-3659
-13251
-3747
-13555
-3731
-13827
-3691
-14035
-3739
-14227
-3683
-14443
-3747
-14763
-3755
-14955
-3723
-15251
-3691
-15459
-3747
-15675
-3707
-15963
-3683
-16155
-3699
-16403
-3739
-16595
-3683
-16923
-3747
-17123
-3667
-17355
-3707
-17563
-3643
-17811
-3683
-18107
-3731
-18387
-3707
-18571
-3707
-18819
-3979
133
-3907
-59
-3907
-259
-3951
-623
-3951
-771
-3935
-987
-3967
-1199
-3963
-1471
-3943
-1719
-3995
-2003
-3899
-2251
-3947
-2535
-3891
-2791
-3939
-2979
-3867
-3131
-3871
-3459
-3915
-3707
-3939
-3979
-3967
-4179
-3899
-4427
-3931
-4683
-3919
-4867
-3983
-5115
-3915
-5343
-3939
-5555
-3887
-5807
-3899
-6155
-3927
-6275
-3923
-6507
-3963
-6851
-3939
-7087
-3875
-7259
-3947
-7471
-3895
-7711
-3971
-7963
-3883
-8247
-3843
-8451
-3979
-8731
-3943
-8899
-3891
-9135
-3895
-9515
-3907
-9699
-3867
-9987
-3971
-10155
-3971
-10475
-3931
-10675
-3963
-10955
-3971
-11099
-3875
-11411
-3955
-11675
-3955
-11883
-3947
-12099
-3931
-12395
-3971
-12627
-3971
-12747
-3899
-12995
-3963
-13315
-3915
-13483
-3963
-13835
-3979
-14027
-3995
-14187
-3995
-14467
-3955
-14699
-3963
-15011
-3987
-15219
-3947
-15499
-3995
-15643
-3915
-15907
-3995
-16147
-3883
-16403
-3899
-16707
-3923
-16931
-3963
-17099
-3931
-17355
-3899
-17675
-3939
-17819
-3891
-18115
-3963
-18363
-3963
-18571
-3939
-18851
-4095
101
-4199
-87
-4207
-351
-4131
-631
-4183
-811
-4119
-1011
-4203
-1235
-4083
-1563
-4187
-1747
-4135
-1947
-4103
-2311
-4207
-2495
-4219
-2727
-4171
-2995
-4123
-3215
-4091
-3495
-4199
-3735
-4123
-3851
-4187
-4207
-4183
-4395
-4111
-4587
-4147
-4827
-4187
-5091
-4203
-5283
-4215
-5591
-4183
-5883
-4199
-6047
-4191
-6267
-4195
-6631
-4215
-6803
-4203
-7011
-4163
-7231
-4091
-7503
-4171
-7791
-4219
-7939
-4199
-8295
-4159
-8535
-4179
-8679
-4163
-8927
-4223
-9243
-4175
-9399
-4187
-9755
-4211
-9875
-4147
-10163
-4235
-10379
-4139
-10651
-4139
-10835
-4107
-11067
-4155
-11371
-4235
-11571
-4179
-11843
-4171
-12139
-4219
-12315
-4227
-12611
-4155
-12787
-4139
-13059
-4227
-13307
-4235
-13499
-4147
-13723
-4227
-14075
-4211
-14259
-4235
-14483
-4195
-14707
-4195
-14955
-4187
-15203
-4211
-15419
-4219
-15715
-4131
-15875
-4171
-16179
-4219
-16347
-4115
-16675
-4219
-16955
-4227
-17107
-4107
-17363
-4219
-17627
-4227
-17811
-4235
-18035
-4155
-18283
-4235
-18563
-4211
-18835
-4423
109
-4467
-47
-4443
-275
-4367
-575
-4419
-755
-4331
-991
-4411
-1323
-4359
-1547
-4367
-1763
-4367
-1927
-4383
-2247
-4395
-2523
-4395
-2687
-4435
-3003
-4407
-3203
-4423
-3463
-4463
-3711
-4447
-3991
-4443
-4195
-4391
-4407
-4415
-4587
-4467
-4847
-4451
-5091
-4359
-5391
-4439
-5559
-4415
-5895
-4463
-6031
-4355
-6311
-4343
-6527
-4403
-6755
-4463
-7083
-4423
-7211
-4423
-7455
-4399
-7795
-4419
-7935
-4399
-8235
-4423
-8443
-4427
-8779
-4351
-8911
-4447
-9235
-4455
-9515
-4443
-9707
-4427
-9875
-4419
-10211
-4467
-10387
-4427
-10651
-4371
-10931
-4443
-11131
-4475
-11347
-4451
-11547
-4467
-11795
-4467
-12091
-4411
-12339
-4467
-12515
-4451
-12827
-4363
-13115
-4443
-13331
-4475
-13595
-4451
-13715
-4403
-14043
-4459
-14195
-4435
-14523
-4467
-14699
-4475
-15035
-4451
-15195
-4371
-15403
-4459
-15651
-4451
-15955
-4443
-16147
-4451
-16435
-4475
-16683
-4427
-16867
-4347
-17091
-4451
-17323
-4435
-17651
-4451
-17819
-4371
-18075
-4475
-18371
-4403
-18627
-4379
-18835
-4587
149
-4583
-131
-4611
-387
-4659
-619
-4687
-819
-4667
-1051
-4671
-1351
-4667
-1499
-4595
-1771
-4631
-1963
-4643
-2255
-4655
-2511
-4643
-2667
-4635
-3023
-4655
-3215
-4607
-3435
-4611
-3655
-4671
-3863
-4655
-4207
-4615
-4423
-4675
-4587
-4651
-4935
-4555
-5131
-4663
-5335
-4683
-5647
-4711
-5827
-4627
-6095
-4659
-6299
-4623
-6627
-4635
-6823
-4631
-7035
-4623
-7243
-4651
-7455
-4699
-7747
-4607
-8027
-4703
-8267
-4599
-8475
-4595
-8739
-4635
-8947
-4667
-9203
-4611
-9403
-4627
-9755
-4691
-9939
-4611
-10179
-4651
-10403
-4619
-10619
-4683
-10923
-4619
-11195
-4675
-11419
-4699
-11603
-4635
-11795
-4715
-12099
-4691
-12283
-4699
-12635
-4683
-12859
-4651
-13011
-4715
-13315
-4675
-13539
-4643
-13755
-4667
-13955
-4627
-14227
-4707
-14515
-4667
-14739
-4659
-14995
-4659
-15147
-4619
-15483
-4587
-15643
-4643
-15899
-4595
-16219
-4611
-16443
-4675
-16675
-4603
-16947
-4707
-17115
-4611
-17403
-4587
-17675
-4651
-17803
-4595
-18147
-4611
-18267
-4691
-18523
-4643
-18859
-4871
141
-4923
-95
-4911
-327
-4855
-503
-4883
-811
-4895
-1067
-4883
-1311
-4839
-1479
-4955
-1727
-4871
-1975
-4899
-2295
-4943
-2467
-4879
-2755
-4915
-2955
-4947
-3199
-4867
-3387
-4907
-3671
-4887
-3915
-4899
-4095
-4907
-4403
-4927
-4615
-4819
-4911
-4875
-5195
-4859
-5423
-4911
-5575
-4931
-5911
-4891
-6063
-4879
-6259
-4907
-6583
-4855
-6835
-4811
-7099
-4847
-7319
-4895
-7451
-4931
-7799
-4935
-7951
-4911
-8287
-4923
-8459
-4915
-8663
-4911
-8939
-4883
-9163
-4899
-9411
-4827
-9667
-4931
-9867
-4843
-10195
-4939
-10443
-4915
-10619
-4891
-10923
-4867
-11107
-4931
-11307
-4939
-11611
-4867
-11907
-4859
-12091
-4851
-12355
-4947
-12555
-4907
-12787
-4835
-13075
-4947
-13323
-4923
-13555
-4915
-13795
-4947
-14011
-4875
-14243
-4939
-14483
-4907
-14731
-4907
-14907
-4899
-15275
-4907
-15435
-4875
-15739
-4947
-15947
-4947
-16155
-4915
-16403
-4883
-16659
-4907
-16899
-4939
-17163
-4899
-17435
-4923
-17667
-4891
-17875
-4947
-18083
-4899
-18371
-4947
-18555
-4955
-18835
-5171
141
-5035
-139
-5079
-355
-5119
-547
-5123
-771
-5123
-983
-5143
-1219
-5139
-1555
-5107
-1763
-5151
-2051
-5155
-2175
-5127
-2435
-5159
-2755
-5059
-2903
-5115
-3143
-5143
-3435
-5095
-3747
-5107
-3959
-5135
-4115
-5155
-4371
-5103
-4611
-5155
-4799
-5055
-5059
-5155
-5407
-5143
-5571
-5135
-5867
-5167
-6099
-5167
-6283
-5135
-6511
-5155
-6775
-5111
-7003
-5131
-7239
-5127
-7479
-5095
-7735
-5187
-7967
-5059
-8199
-5067
-8403
-5147
-8655
-5151
-8995
-5127
-9235
-5143
-9447
-5083
-9683
-5147
-9891
-5131
-10203
-5163
-10411
-5155
-10635
-5195
-10915
-5139
-11075
-5155
-11323
-5107
-11643
-5107
-11843
-5091
-12067
-5171
-12387
-5195
-12523
-5139
-12795
-5147
-13099
-5187
-13251
-5107
-13515
-5067
-13811
-5195
-14075
-5163
-14315
-5107
-14459
-5091
-14723
-5195
-14907
-5131
-15267
-5091
-15467
-5163
-15651
-5195
-15867
-5123
-16203
-5083
-16459
-5163
-16683
-5123
-16931
-5187
-17171
-5171
-17339
-5083
-17563
-5155
-17803
-5179
-18139
-5155
-18339
-5179
-18595
-5115
-18875
-5363
133
-5427
-147
-5419
-267
-5323
-563
-5427
-811
-5363
-1059
-5387
-1323
-5331
-1479
-5339
-1715
-5323
-2031
-5395
-2275
-5379
-2475
-5403
-2667
-5307
-3003
-5419
-3195
-5403
-3491
-5315
-3703
-5371
-3935
-5411
-4147
-5363
-4423
-5411
-4635
-5387
-4883
-5355
-5131
-5387
-5383
-5387
-5639
-5435
-5867
-5331
-6007
-5411
-6371
-5323
-6623
-5315
-6795
-5395
-7035
-5427
-7331
-5427
-7507
-5363
-7691
-5387
-7987
-5395
-8267
-5363
-8483
-5355
-8699
-5339
-8931
-5371
-9139
-5379
-9427
-5371
-9699
-5435
-9875
-5347
-10131
-5363
-10411
-5363
-10683
-5411
-10867
-5363
-11099
-5403
-11363
-5339
-11651
-5395
-11875
-5419
-12139
-5427
-12323
-5315
-12579
-5339
-12835
-5323
-12995
-5379
-13299
-5427
-13587
-5427
-13723
-5403
-14043
-5347
-14195
-5403
-14491
-5419
-14667
-5427
-15027
-5395
-15163
-5403
-15435
-5323
-15731
-5387
-15987
-5355
-16235
-5379
-16467
-5395
-16715
-5379
-16923
-5427
-17195
-5411
-17395
-5403
-17555
-5419
-17851
-5355
-18067
-5427
-18307
-5427
-18587
-5435
-18811
-5651
117
-5635
-51
-5635
-291
-5651
-587
-5651
-787
-5587
-1035
-5587
-1299
-5603
-1523
-5635
-1747
-5571
-2059
-5667
-2211
-5643
-2523
-5635
-2795
-5651
-2907
-5651
-3195
-5555
-3515
-5627
-3747
-5627
-3899
-5571
-4115
-5627
-4419
-5547
-4627
-5603
-4835
-5659
-5139
-5611
-5411
-5643
-5651
-5651
-5795
-5667
-6035
-5547
-6275
-5651
-6627
-5563
-6771
-5619
-7003
-5595
-7323
-5587
-7491
-5675
-7819
-5643
-8051
-5635
-8211
-5611
-8515
-5579
-8747
-5667
-8931
-5643
-9147
-5651
-9459
-5587
-9747
-5667
-9899
-5619
-10211
-5587
-10387
-5611
-10651
-5643
-10931
-5675
-11083
-5675
-11331
-5659
-11659
-5619
-11851
-5571
-12035
-5579
-12371
-5659
-12563
-5547
-12747
-5603
-13091
-5675
-13243
-5627
-13555
-5619
-13827
-5675
-13947
-5651
-14227
-5667
-14547
-5595
-14771
-5627
-14907
-5603
-15203
-5635
-15475
-5579
-15699
-5643
-15923
-5595
-16123
-5643
-16427
-5643
-16707
-5675
-16947
-5619
-17115
-5611
-17387
-5635
-17627
-5595
-17819
-5667
-18139
-5619
-18283
-5595
-18523
-5555
-18867
-5843
141
-5795
-67
-5843
-395
-5907
-563
-5883
-827
-5867
-987
-5843
-1347
-5915
-1595
-5883
-1731
-5795
-2019
-5891
-2187
-5883
-2459
-5859
-2731
-5875
-2995
-5891
-3147
-5851
-3483
-5795
-3723
-5867
-3867
-5883
-4235
-5867
-4475
-5875
-4603
-5795
-4915
-5891
-5163
-5819
-5419
-5843
-5651
-5827
-5795
-5795
-6035
-5915
-6323
-5819
-6539
-5907
-6819
-5891
-7059
-5883
-7307
-5915
-7507
-5867
-7707
-5859
-7963
-5803
-8187
-5859
-8499
-5835
-8763
-5891
-8979
-5867
-9227
-5875
-9387
-5827
-9715
-5883
-9875
-5915
-10131
-5899
-10403
-5851
-10643
-5827
-10851
-5907
-11195
-5819
-11403
-5883
-11595
-5899
-11875
-5891
-12075
-5907
-12395
-5827
-12635
-5883
-12859
-5827
-13027
-5891
-13339
-5827
-13499
-5795
-13835
-5803
-14051
-5883
-14195
-5811
-14555
-5835
-14723
-5811
-14939
-5907
-15235
-5803
-15403
-5867
-15691
-5803
-15875
-5859
-16155
-5907
-16395
-5819
-16611
-5899
-16835
-5851
-17091
-5883
-17371
-5899
-17643
-5875
-17875
-5867
-18131
-5859
-18275
-5795
-18555
-5915
-18851
-6035
93
-6107
-115
-6067
-363
-6107
-515
-6115
-843
-6035
-1043
-6131
-1323
-6099
-1531
-6155
-1803
-6147
-2027
-6115
-2259
-6147
-2547
-6051
-2739
-6059
-2931
-6139
-3195
-6155
-3467
-6035
-3667
-6107
-3875
-6043
-4211
-6083
-4387
-6051
-4603
-6067
-4931
-6147
-5195
-6139
-5331
-6067
-5651
-6147
-5787
-6139
-6123
-6051
-6291
-6139
-6531
-6075
-6843
-6115
-7019
-6043
-7283
-6147
-7491
-6131
-7731
-6107
-7947
-6115
-8283
-6155
-8555
-6067
-8699
-6083
-8923
-6099
-9179
-6099
-9451
-6115
-9675
-6123
-9971
-6091
-10211
-6107
-10411
-6083
-10611
-6131
-10931
-6051
-11171
-6083
-11347
-6123
-11571
-6091
-11795
-6131
-12107
-6051
-12355
-6107
-12579
-6091
-12803
-6147
-13019
-6131
-13227
-6131
-13547
-6115
-13835
-6043
-13963
-6131
-14307
-6139
-14555
-6115
-14715
-6083
-14987
-6147
-15187
-6147
-15427
-6107
-15659
-6131
-15915
-6091
-16219
-6059
-16459
-6027
-16659
-6043
-16827
-6043
-17131
-6115
-17403
-6115
-17555
-6139
-17803
-6083
-18123
-6131
-18379
-6131
-18579
-6067
-18835
-6355
109
-6299
-59
-6307
-379
-6387
-611
-6347
-827
-6299
-1035
-6323
-1299
-6307
-1563
-6395
-1819
-6275
-1963
-6379
-2235
-6299
-2435
-6347
-2779
-6395
-2915
-6339
-3195
-6347
-3451
-6395
-3747
-6355
-3947
-6379
-4203
-6291
-4451
-6395
-4611
-6395
-4883
-6371
-5067
-6387
-5331
-6299
-5651
-6395
-5787
-6339
-6067
-6307
-6371
-6315
-6531
-6291
-6819
-6371
-7051
-6331
-7347
-6379
-7467
-6267
-7787
-6291
-8075
-6379
-8299
-6363
-8507
-6291
-8755
-6307
-8963
-6387
-9171
-6379
-9459
-6331
-9699
-6355
-9955
-6315
-10163
-6387
-10451
-6291
-10691
-6371
-10859
-6395
-11099
-6291
-11355
-6347
-11675
-6299
-11891
-6323
-12059
-6395
-12299
-6395
-12579
-6347
-12803
-6323
-13059
-6339
-13259
-6323
-13523
-6355
-13779
-6283
-13971
-6315
-14243
-6275
-14499
-6387
-14675
-6395
-14947
-6291
-15251
-6379
-15515
-6347
-15731
-6363
-15939
-6267
-16195
-6307
-16363
-6395
-16675
-6347
-16939
-6331
-17091
-6387
-17379
-6339
-17659
-6387
-17795
-6291
-18099
-6371
-18323
-6355
-18603
-6339
-18827
-6539
141
-6595
-51
-6539
-363
-6611
-563
-6619
-851
-6595
-1011
-6563
-1339
-6619
-1515
-6555
-1779
-6563
-1971
-6635
-2275
-6555
-2483
-6627
-2779
-6563
-2915
-6619
-3243
-6507
-3515
-6619
-3739
-6595
-3915
-6579
-4227
-6571
-4411
-6611
-4683
-6579
-4859
-6547
-5091
-6627
-5363
-6563
-5667
-6611
-5899
-6523
-6147
-6611
-6355
-6587
-6619
-6611
-6875
-6635
-7019
-6635
-7307
-6619
-7571
-6595
-7819
-6627
-8035
-6555
-8187
-6635
-8475
-6595
-8763
-6603
-9003
-6587
-9147
-6571
-9403
-6579
-9739
-6531
-9947
-6579
-10139
-6539
-10347
-6611
-10683
-6635
-10899
-6635
-11099
-6571
-11395
-6547
-11547
-6595
-11875
-6627
-12131
-6611
-12275
-6595
-12547
-6563
-12859
-6531
-13107
-6515
-13299
-6619
-13563
-6635
-13739
-6619
-14051
-6627
-14315
-6603
-14547
-6635
-14755
-6611
-14955
-6523
-15195
-6619
-15451
-6539
-15635
-6619
-15923
-6619
-16227
-6635
-16419
-6555
-16643
-6531
-16875
-6635
-17067
-6595
-17403
-6579
-17587
-6539
-17787
-6547
-18075
-6571
-18355
-6523
-18627
-6571
-18811
-6851
149
-6795
-83
-6803
-355
-6867
-611
-6867
-835
-6787
-1067
-6803
-1331
-6843
-1547
-6755
-1787
-6835
-2051
-6811
-2259
-6811
-2547
-6763
-2795
-6875
-2907
-6851
-3267
-6875
-3451
-6851
-3755
-6755
-3891
-6851
-4171
-6867
-4363
-6859
-4659
-6779
-4883
-6771
-5115
-6771
-5347
-6875
-5675
-6819
-5787
-6779
-6075
-6763
-6355
-6835
-6579
-6795
-6851
-6835
-7043
-6843
-7275
-6851
-7491
-6755
-7819
-6763
-8043
-6851
-8259
-6787
-8539
-6835
-8683
-6819
-8987
-6851
-9235
-6843
-9475
-6763
-9715
-6771
-9979
-6787
-10187
-6867
-10371
-6867
-10667
-6867
-10923
-6787
-11107
-6867
-11355
-6771
-11635
-6851
-11875
-6835
-12059
-6787
-12379
-6875
-12547
-6835
-12811
-6827
-13035
-6747
-13323
-6859
-13483
-6795
-13755
-6859
-14027
-6763
-14195
-6859
-14555
-6867
-14747
-6859
-15035
-6867
-15155
-6819
-15411
-6811
-15731
-6827
-15899
-6867
-16219
-6851
-16371
-6763
-16715
-6875
-16899
-6811
-17139
-6819
-17379
-6867
-17667
-6875
-17891
-6827
-18051
-6859
-18299
-6875
-18531
-6755
-18859
-7099
133
-6995
-91
-7099
-395
-7059
-635
-7083
-811
-7019
-1003
-7059
-1267
-7099
-1515
-7115
-1803
-7099
-1987
-7019
-2275
-7099
-2523
-7067
-2755
-6987
-2923
-7091
-3147
-7019
-3427
-7091
-3627
-7027
-3891
-7027
-4203
-7107
-4355
-7091
-4667
-7115
-4891
-7099
-5091
-6987
-5371
-7067
-5659
-7091
-5795
-7067
-6083
-6987
-6363
-7011
-6619
-7107
-6867
-7115
-7019
-7099
-7275
-6987
-7467
-7091
-7723
-7027
-8019
-6995
-8187
-7067
-8459
-7019
-8699
-7099
-8947
-7067
-9243
-7003
-9467
-7067
-9747
-7067
-9867
-7075
-10107
-7003
-10411
-7067
-10651
-7099
-10867
-7107
-11155
-7107
-11339
-7091
-11603
-7003
-11859
-7019
-12035
-7107
-12307
-7115
-12611
-7115
-12835
-7075
-13115
-7051
-13299
-7075
-13523
-7115
-13795
-7035
-14019
-7091
-14299
-7099
-14427
-7091
-14715
-7067
-15019
-7115
-15259
-7083
-15467
-7075
-15667
-7011
-15995
-7099
-16211
-7003
-16363
-7099
-16627
-7099
-16875
-7083
-17171
-7091
-17403
-7075
-17635
-7075
-17859
-7027
-18099
-6995
-18379
-7019
-18611
-7091
-18867
-7299
85
-7227
-155
-7307
-291
-7323
-547
-7355
-851
-7331
-1019
-7331
-1347
-7331
-1571
-7235
-1835
-7267
-2027
-7267
-2219
-7291
-2523
-7347
-2795
-7355
-2923
-7339
-3243
-7331
-3491
-7299
-3739
-7267
-3987
-7307
-4203
-7347
-4435
-7291
-4675
-7307
-4835
-7315
-5187
-7275
-5315
-7339
-5667
-7267
-5915
-7339
-6139
-7259
-6355
-7307
-6531
-7227
-6803
-7307
-7075
-7331
-7331
-7347
-7595
-7251
-7707
-7323
-8003
-7339
-8227
-7315
-8499
-7323
-8675
-7355
-9019
-7307
-9219
-7267
-9387
-7259
-9651
-7347
-9995
-7283
-10171
-7347
-10363
-7355
-10667
-7355
-10947
-7339
-11083
-7283
-11355
-7251
-11547
-7355
-11907
-7347
-12139
-7355
-12291
-7347
-12587
-7315
-12771
-7331
-13035
-7235
-13323
-7243
-13499
-7315
-13771
-7339
-13979
-7283
-14243
-7347
-14515
-7315
-14731
-7299
-14931
-7331
-15179
-7275
-15467
-7291
-15755
-7291
-15883
-7251
-16163
-7323
-16403
-7355
-16659
-7291
-16875
-7275
-17163
-7243
-17427
-7347
-17675
-7339
-17867
-7339
-18131
-7315
-18339
-7275
-18531
-7243
-18827
-7571
85
-7595
-155
-7547
-387
-7587
-539
-7539
-811
-7587
-1051
-7555
-1355
-7563
-1499
-7523
-1755
-7555
-1955
-7547
-2291
-7579
-2451
-7579
-2739
-7515
-3027
-7563
-3251
-7555
-3491
-7483
-3659
-7595
-3955
-7523
-4219
-7499
-4387
-7571
-4603
-7499
-4827
-7539
-5075
-7483
-5387
-7571
-5643
-7595
-5891
-7491
-6139
-7571
-6275
-7587
-6547
-7579
-6835
-7467
-6987
-7475
-7235
-7475
-7579
-7563
-7787
-7507
-7963
-7587
-8251
-7523
-8555
-7587
-8707
-7539
-9019
-7547
-9259
-7563
-9491
-7579
-9635
-7595
-9923
-7531
-10195
-7515
-10387
-7579
-10587
-7587
-10891
-7547
-11075
-7523
-11307
-7555
-11619
-7571
-11843
-7547
-12123
-7571
-12347
-7499
-12555
-7491
-12747
-7475
-13019
-7547
-13323
-7507
-13499
-7531
-13803
-7523
-13955
-7491
-14235
-7523
-14507
-7587
-14763
-7523
-15027
-7595
-15203
-7555
-15435
-7491
-15683
-7531
-15995
-7523
-16115
-7515
-16451
-7547
-16683
-7587
-16883
-7467
-17075
-7587
-17363
-7555
-17595
-7523
-17899
-7579
-18091
-7507
-18275
-7579
-18627
-7571
-18843
-7827
125
-7795
-115
-7723
-283
-7835
-523
-7755
-779
-7795
-1067
-7715
-1251
-7827
-1515
-7715
-1803
-7795
-2059
-7811
-2251
-7835
-2499
-7795
-2683
-7811
-3019
-7747
-3155
-7835
-3507
-7715
-3651
-7795
-3915
-7811
-4163
-7795
-4403
-7763
-4643
-7755
-4851
-7723
-5107
-7707
-5315
-7827
-5651
-7811
-5803
-7763
-6083
-7739
-6339
-7795
-6507
-7731
-6747
-7811
-7099
-7827
-7235
-7811
-7579
-7779
-7707
-7723
-7947
-7795
-8259
-7715
-8483
-7827
-8707
-7819
-8931
-7747
-9171
-7827
-9387
-7731
-9651
-7819
-9939
-7771
-10227
-7739
-10475
-7835
-10707
-7835
-10891
-7803
-11195
-7763
-11323
-7779
-11547
-7747
-11907
-7811
-12099
-7787
-12371
-7763
-12595
-7755
-12867
-7739
-12987
-7707
-13235
-7779
-13595
-7715
-13739
-7779
-13979
-7715
-14243
-7723
-14459
-7771
-14739
-7811
-14923
-7747
-15147
-7779
-15419
-7819
-15699
-7835
-15971
-7747
-16171
-7819
-16363
-7803
-16643
-7819
-16835
-7827
-17131
-7811
-17331
-7827
-17651
-7803
-17811
-7827
-18099
-7755
-18283
-7715
-18539
-7827
-18851
-8027
109
-7971
-35
-8051
-323
-8067
-571
-8059
-875
-8051
-1003
-8035
-1283
-8051
-1555
-7979
-1731
-7979
-2035
-8011
-2219
-8067
-2427
-8051
-2763
-7995
-3035
-7987
-3163
-7987
-3483
-8059
-3651
-7963
-3875
-8075
-4227
-8059
-4443
-8059
-4587
-8019
-4915
-7987
-5099
-8051
-5411
-8011
-5547
-8027
-5851
-7947
-6147
-8003
-6275
-8051
-6531
-8019
-6827
-7979
-7099
-8011
-7331
-8035
-7547
-8035
-7827
-8043
-7979
-7971
-8243
-8075
-8427
-8019
-8707
-8035
-8915
-8051
-9163
-8003
-9507
-7947
-9747
-8035
-9955
-8027
-10195
-8011
-10395
-7963
-10699
-7979
-10931
-8011
-11171
-7947
-11379
-7947
-11651
-8027
-11811
-8011
-12075
-8051
-12371
-8019
-12603
-8035
-12755
-8027
-13083
-7963
-13259
-8027
-13523
-7971
-13739
-8019
-13971
-8059
-14227
-8067
-14435
-8059
-14771
-8035
-14907
-8027
-15267
-8051
-15459
-8011
-15731
-7955
-15947
-7971
-16187
-7971
-16403
-8035
-16595
-8059
-16867
-7987
-17075
-8027
-17419
-8003
-17547
-8035
-17843
-7947
-18155
-8003
-18275
-8051
-18539
-8075
-18851
-8243
141
-8243
-59
-8283
-307
-8315
-595
-8243
-755
-8259
-1051
-8227
-1267
-8283
-1571
-8299
-1739
-8203
-1995
-8291
-2235
-8307
-2459
-8299
-2779
-8307
-2955
-8211
-3235
-8203
-3515
-8291
-3699
-8299
-3891
-8315
-4219
-8275
-4355
-8227
-4595
-8283
-4907
-8275
-5171
-8235
-5419
-8315
-5643
-8227
-5819
-8275
-6051
-8259
-6347
-8227
-6611
-8291
-6755
-8187
-6995
-8315
-7275
-8267
-7579
-8235
-7803
-8227
-8011
-8243
-8243
-8315
-8515
-8291
-8795
-8235
-8979
-8235
-9243
-8283
-9435
-8307
-9659
-8211
-9987
-8219
-10219
-8291
-10387
-8275
-10651
-8243
-10891
-8275
-11123
-8243
-11331
-8235
-11643
-8227
-11803
-8275
-12027
-8307
-12283
-8291
-12635
-8219
-12747
-8227
-13011
-8275
-13355
-8267
-13515
-8283
-13747
-8291
-13979
-8299
-14235
-8259
-14467
-8315
-14739
-8291
-15019
-8283
-15243
-8195
-15451
-8227
-15699
-8291
-15955
-8307
-16187
-8307
-16403
-8211
-16643
-8259
-16827
-8187
-17107
-8299
-17339
-8251
-17659
-8275
-17899
-8315
-18083
-8195
-18275
-8291
-18635
-8307
-18843
-8483
93
-8523
-155
-8499
-379
-8539
-611
-8491
-803
-8483
-1107
-8523
-1243
-8515
-1491
-8467
-1771
-8499
-1947
-8467
-2299
-8523
-2451
-8547
-2715
-8539
-2995
-8547
-3155
-8555
-3451
-8483
-3643
-8555
-3995
-8443
-4227
-8523
-4435
-8555
-4627
-8451
-4851
-8435
-5195
-8515
-5403
-8459
-5587
-8451
-5835
-8499
-6067
-8547
-6315
-8507
-6547
-8515
-6779
-8507
-7067
-8443
-7307
-8523
-7587
-8547
-7787
-8435
-7963
-8467
-8267
-8451
-8491
-8475
-8739
-8539
-8947
-8523
-9155
-8515
-9467
-8491
-9707
-8555
-9867
-8427
-10107
-8443
-10363
-8459
-10667
-8547
-10883
-8555
-11139
-8491
-11307
-8539
-11587
-8547
-11867
-8523
-12155
-8467
-12339
-8555
-12563
-8427
-12811
-8515
-13083
-8459
-13339
-8499
-13515
-8539
-13819
-8491
-14019
-8539
-14251
-8515
-14459
-8555
-14739
-8467
-14915
-8435
-15179
-8531
-15395
-8539
-15627
-8475
-15899
-8547
-16139
-8523
-16443
-8483
-16587
-8427
-16827
-8547
-17067
-8531
-17331
-8451
-17603
-8555
-17907
-8467
-18123
-8507
-18371
-8443
-18595
-8555
-18835
-8779
141
-8771
-75
-8691
-355
-8771
-619
-8787
-827
-8787
-1019
-8787
-1259
-8763
-1475
-8707
-1715
-8691
-2051
-8795
-2259
-8795
-2547
-8771
-2731
-8763
-2931
-8771
-3259
-8699
-3419
-8691
-3683
-8795
-3971
-8787
-4211
-8723
-4475
-8715
-4707
-8755
-4899
-8755
-5075
-8795
-5331
-8763
-5643
-8787
-5891
-8763
-6155
-8763
-6379
-8707
-6579
-8675
-6851
-8747
-7027
-8755
-7251
-8787
-7491
-8747
-7715
-8723
-8019
-8715
-8227
-8723
-8435
-8779
-8723
-8755
-8907
-8779
-9267
-8739
-9419
-8763
-9627
-8779
-9923
-8755
-10139
-8763
-10459
-8755
-10619
-8715
-10947
-8739
-11091
-8795
-11307
-8675
-11603
-8675
-11875
-8771
-12147
-8739
-12339
-8795
-12603
-8763
-12875
-8763
-13003
-8779
-13307
-8739
-13587
-8779
-13771
-8771
-14067
-8739
-14235
-8683
-14483
-8763
-14691
-8691
-14947
-8667
-15187
-8795
-15459
-8667
-15707
-8739
-15875
-8787
-16195
-8723
-16347
-8699
-16643
-8795
-16891
-8755
-17091
-8723
-17427
-8731
-17595
-8699
-17859
-8715
-18059
-8763
-18299
-8715
-18595
-8771
-18859
-9019
125
-8931
-51
-8971
-299
-8987
-603
-9003
-875
-8995
-1115
-8995
-1323
-8979
-1595
-8923
-1755
-9003
-2035
-8987
-2243
-9027
-2539
-8915
-2779
-8987
-2939
-9011
-3195
-8987
-3467
-8963
-3651
-8923
-3915
-8995
-4227
-9027
-4347
-9019
-4699
-8923
-4931
-9003
-5163
-8979
-5411
-9035
-5659
-8995
-5803
-9003
-6067
-9019
-6363
-8995
-6555
-9027
-6795
-9019
-7035
-9027
-7259
-9035
-7531
-8915
-7739
-8923
-8075
-8939
-8203
-8947
-8515
-8939
-8747
-8987
-8955
-8963
-9187
-9019
-9411
-8947
-9723
-9011
-9995
-8963
-10203
-9019
-10467
-8931
-10611
-9011
-10907
-8979
-11067
-8931
-11419
-9019
-11659
-8963
-11875
-9019
-12107
-8971
-12363
-9019
-12555
-8907
-12795
-8907
-13011
-9035
-13275
-8995
-13475
-8955
-13723
-9019
-13995
-8987
-14211
-9003
-14459
-8939
-14699
-8939
-14971
-8955
-15235
-9027
-15483
-9035
-15635
-8923
-15963
-8987
-16211
-9035
-16347
-8915
-16635
-9003
-16883
-9019
-17179
-9019
-17427
-8947
-17627
-9003
-17891
-8947
-18083
-9011
-18275
-8995
-18547
-9003
-18867
-9211
125
-9211
-43
-9243
-331
-9179
-587
-9203
-875
-9275
-1035
-9235
-1227
-9195
-1563
-9211
-1803
-9227
-2035
-9251
-2203
-9251
-2539
-9235
-2691
-9251
-2971
-9275
-3219
-9259
-3411
-9275
-3667
-9235
-3979
-9187
-4235
-9275
-4395
-9219
-4691
-9275
-4923
-9187
-5195
-9275
-5411
-9179
-5675
-9251
-5859
-9227
-6091
-9259
-6291
-9179
-6571
-9243
-6859
-9275
-7003
-9267
-7307
-9251
-7515
-9219
-7795
-9187
-8051
-9179
-8267
-9251
-8459
-9195
-8747
-9195
-9019
-9235
-9195
-9219
-9467
-9227
-9683
-9195
-9915
-9155
-10139
-9227
-10427
-9275
-10635
-9187
-10843
-9267
-11083
-9203
-11355
-9179
-11675
-9195
-11851
-9259
-12139
-9163
-12275
-9219
-12603
-9259
-12827
-9259
-13003
-9147
-13235
-9187
-13539
-9251
-13795
-9155
-14059
-9267
-14267
-9243
-14475
-9275
-14755
-9251
-15035
-9275
-15251
-9227
-15491
-9179
-15723
-9219
-15931
-9203
-16219
-9211
-16395
-9211
-16611
-9211
-16867
-9163
-17115
-9275
-17315
-9227
-17547
-9155
-17811
-9171
-18099
-9251
-18395
-9243
-18603
-9259
-18827
-9427
149
-9499
-107
-9507
-339
-9483
-635
-9427
-771
-9467
-1051
-9451
-1331
-9459
-1579
-9483
-1835
-9491
-2019
-9507
-2315
-9395
-2507
-9499
-2691
-9411
-2931
-9435
-3235
-9435
-3395
-9483
-3683
-9483
-3971
-9467
-4179
-9443
-4467
-9395
-4603
-9491
-4915
-9451
-5195
-9507
-5427
-9499
-5659
-9467
-5795
-9491
-6043
-9491
-6387
-9483
-6627
-9467
-6755
-9411
-7107
-9515
-7299
-9467
-7595
-9451
-7755
-9395
-7947
-9427
-8291
-9387
-8427
-9419
-8763
-9499
-8979
-9387
-9219
-9515
-9451
-9419
-9635
-9419
-9867
-9411
-10163
-9507
-10387
-9427
-10595
-9483
-10891
-9475
-11131
-9515
-11395
-9387
-11587
-9507
-11915
-9427
-12123
-9515
-12283
-9459
-12595
-9483
-12779
-9499
-12995
-9435
-13299
-9451
-13595
-9515
-13803
-9459
-13947
-9387
-14259
-9499
-14531
-9515
-14723
-9459
-15035
-9483
-15155
-9411
-15475
-9491
-15731
-9475
-15867
-9491
-16227
-9427
-16419
-9483
-16651
-9443
-16875
-9499
-17195
-9467
-17387
-9491
-17651
-9499
-17883
-9475
-18075
-9515
-18339
-9411
-18635
-9499
-18859
-9739
133
-9683
-27
-9747
-387
-9747
-611
-9715
-795
-9755
-1035
-9643
-1347
-9707
-1491
-9627
-1755
-9651
-1955
-9707
-2235
-9643
-2427
-9699
-2691
-9667
-2995
-9747
-3243
-9643
-3395
-9675
-3643
-9667
-3867
-9739
-4131
-9651
-4443
-9739
-4699
-9739
-4827
-9707
-5131
-9731
-5403
-9755
-5595
-9667
-5883
-9651
-6139
-9739
-6323
-9739
-6611
-9699
-6851
-9739
-7075
-9691
-7227
-9691
-7467
-9715
-7723
-9675
-8019
-9651
-8211
-9731
-8507
-9675
-8675
-9723
-8995
-9675
-9275
-9739
-9387
-9699
-9723
-9723
-9931
-9659
-10195
-9731
-10347
-9755
-10651
-9667
-10915
-9739
-11099
-9731
-11371
-9683
-11611
-9755
-11891
-9691
-12139
-9667
-12275
-9651
-12619
-9691
-12787
-9675
-13011
-9659
-13235
-9755
-13507
-9643
-13771
-9691
-13955
-9747
-14259
-9731
-14547
-9739
-14771
-9659
-14907
-9755
-15147
-9651
-15419
-9635
-15691
-9723
-15995
-9715
-16155
-9731
-16347
-9755
-16627
-9715
-16875
-9715
-17179
-9691
-17307
-9699
-17579
-9755
-17795
-9707
-18107
-9747
-18395
-9699
-18515
-9643
-18859
-9947
85
-9955
-115
-9971
-291
-9907
-507
-9987
-779
-9907
-1083
-9987
-1235
-9995
-1499
-9971
-1731
-9987
-2043
-9987
-2283
-9899
-2499
-9923
-2731
-9947
-2939
-9963
-3235
-9883
-3395
-9867
-3667
-9955
-3867
-9963
-4171
-9979
-4451
-9931
-4707
-9979
-4931
-9899
-5163
-9947
-5379
-9955
-5571
-9947
-5787
-9931
-6107
-9947
-6371
-9971
-6539
-9899
-6843
-9947
-7115
-9883
-7347
-9899
-7571
-9979
-7723
-9955
-8019
-9875
-8211
-9883
-8443
-9995
-8763
-9987
-8971
-9923
-9275
-9971
-9435
-9995
-9643
-9995
-9979
-9955
-10203
-9987
-10403
-9955
-10691
-9907
-10883
-9987
-11147
-9987
-11419
-9987
-11555
-9987
-11883
-9955
-12035
-9955
-12363
-9947
-12547
-9987
-12867
-9971
-13075
-9931
-13275
-9971
-13467
-9923
-13707
-9931
-14075
-9867
-14259
-9923
-14435
-9931
-14675
-9987
-14915
-9923
-15163
-9963
-15411
-9971
-15747
-9899
-15907
-9875
-16171
-9971
-16355
-9923
-16587
-9971
-16915
-9979
-17091
-9939
-17339
-9915
-17667
-9891
-17803
-9947
-18083
-9947
-18307
-9963
-18531
-9939
-18819
-10203
149
-10235
-83
-10115
-347
-10155
-627
-10187
-755
-10195
-1019
-10219
-1259
-10179
-1579
-10195
-1715
-10195
-2027
-10195
-2195
-10107
-2531
-10187
-2795
-10219
-3019
-10179
-3235
-10131
-3483
-10163
-3691
-10123
-3979
-10187
-4235
-10123
-4411
-10147
-4643
-10171
-4947
-10115
-5195
-10195
-5307
-10115
-5611
-10163
-5795
-10179
-6123
-10123
-6267
-10147
-6547
-10227
-6763
-10219
-7115
-10227
-7283
-10147
-7571
-10107
-7747
-10163
-7987
-10235
-8275
-10227
-8499
-10179
-8667
-10219
-8947
-10163
-9163
-10219
-9507
-10219
-9627
-10179
-9915
-10227
-10107
-10235
-10435
-10155
-10635
-10107
-10867
-10219
-11123
-10187
-11331
-10211
-11579
-10131
-11899
-10195
-12107
-10171
-12355
-10131
-12595
-10179
-12827
-10211
-13027
-10163
-13355
-10227
-13571
-10147
-13827
-10171
-14011
-10219
-14243
-10179
-14531
-10179
-14667
-10203
-15011
-10187
-15251
-10171
-15491
-10179
-15643
-10123
-15891
-10171
-16155
-10147
-16387
-10123
-16707
-10219
-16867
-10139
-17099
-10155
-17315
-10147
-17635
-10187
-17819
-10195
-18107
-10219
-18339
-10211
-18531
-10147
-18875
-10443
125
-10459
-107
-10451
-267
-10451
-555
-10411
-875
-10467
-1027
-10475
-1291
-10443
-1539
-10467
-1779
-10427
-1987
-10435
-2275
-10451
-2443
-10467
-2683
-10459
-2947
-10419
-3251
-10443
-3395
-10451
-3675
-10467
-3907
-10467
-4171
-10467
-4459
-10427
-4667
-10459
-4859
-10435
-5147
-10411
-5419
-10475
-5643
-10451
-5851
-10435
-6131
-10467
-6363
-10459
-6603
-10467
-6827
-10459
-7011
-10419
-7259
-10475
-7563
-10475
-7723
-10419
-7995
-10443
-8227
-10459
-8547
-10475
-8675
-10475
-9003
-10475
-9251
-10443
-9515
-10443
-9627
-10427
-9883
-10459
-10115
-10443
-10411
-10475
-10635
-10467
-10835
-10459
-11171
-10467
-11395
-10435
-11627
-10451
-11795
-10475
-12139
-10475
-12395
-10459
-12531
-10427
-12843
-10459
-13011
-10419
-13235
-10475
-13523
-10411
-13731
-10467
-14051
-10427
-14283
-10435
-14531
-10443
-14795
-10467
-15011
-10411
-15219
-10443
-15459
-10427
-15707
-10467
-15923
-10419
-16187
-10467
-16347
-10435
-16707
-10451
-16859
-10451
-17123
-10459
-17331
-10459
-17587
-10467
-17795
-10451
-18155
-10475
-18283
-10475
-18619
-10443
-18819
