141
448
442
-9
197
-358
443
-562
397
-808
208
-1069
217
-1279
434
-1546
731
-1725
273
-1946
210
-2212
155
-2455
471
-2671
193
-3003
263
-3189
129
-3421
159
-3659
257
-3845
111
-4185
313
-4433
421
-4599
101
-4939
133
-5147
133
-5395
149
-5655
85
-5807
149
-6043
109
-6395
117
-6527
93
-6731
133
-6995
125
-7287
93
-7531
101
-7739
125
-8067
117
-8247
93
-8459
149
-8659
125
-8895
149
-9175
109
-9443
117
-9651
149
-9867
93
-10227
85
-10347
101
-10643
141
-10907
93
-11075
93
-11379
85
-11659
133
-11811
101
-12155
109
-12323
85
-12587
149
-12795
125
-12995
149
-13235
85
-13499
101
-13787
125
-14067
101
-14227
125
-14531
149
-14667
125
-14915
85
-15179
93
-15467
125
-15651
141
-15875
109
-16163
117
-16355
109
-16675
93
-16891
133
-17195
133
-17315
85
-17603
133
-17819
125
-18099
133
-18379
85
-18571
109
-18843
-51
2058
-63
-133
-130
-295
-21
-510
-99
-810
-51
-1065
-125
-1329
-77
-1511
-123
-1783
-37
-1975
-94
-2265
-141
-2459
-77
-2703
-35
-2873
-71
-3175
-75
-3391
-87
-3643
-133
-3875
-75
-4089
-129
-4319
-141
-4583
-123
-4807
-107
-5107
-71
-5391
-31
-5651
-19
-5815
-99
-6055
-47
-6275
-23
-6499
-103
-6783
-83
-7031
-119
-7195
-135
-7543
-95
-7835
-47
-7991
-143
-8207
-91
-8479
-79
-8739
-19
-8915
-83
-9175
-47
-9403
-115
-9699
-75
-9995
-155
-10219
-67
-10427
-115
-10651
-67
-10947
-155
-11139
-139
-11331
-99
-11571
-139
-11787
-155
-12051
-147
-12275
-147
-12531
-155
-12763
-115
-13051
-147
-13331
-147
-13499
-75
-13731
-59
-13955
-147
-14219
-43
-14499
-59
-14715
-99
-14995
-131
-15275
-91
-15387
-67
-15691
-147
-15955
-83
-16107
-83
-16395
-107
-16587
-67
-16835
-83
-17099
-35
-17355
-99
-17643
-115
-17827
-43
-18115
-123
-18267
-123
-18627
-131
-18827
-327
318
-302
-41
-297
-305
-335
-469
-355
-736
-371
-971
-338
-1283
-337
-1459
-336
-1734
-343
-1934
-271
-2196
-259
-2441
-351
-2635
-251
-2933
-331
-3199
-359
-3463
-359
-3691
-369
-3875
-307
-4183
-333
-4405
-341
-4629
-295
-4907
-383
-5159
-331
-5319
-347
-5607
-371
-5835
-259
-6067
-299
-6375
-391
-6551
-275
-6847
-335
-7031
-279
-7323
-391
-7567
-367
-7763
-339
-7987
-347
-8311
-247
-8519
-375
-8695
-319
-8963
-287
-9195
-295
-9411
-347
-9643
-379
-9979
-347
-10163
-347
-10363
-387
-10587
-291
-10915
-379
-11155
-355
-11395
-371
-11635
-275
-11819
-275
-12067
-371
-12371
-275
-12563
-395
-12811
-379
-13011
-371
-13275
-363
-13587
-339
-13731
-371
-14043
-339
-14187
-299
-14491
-379
-14715
-323
-14987
-379
-15235
-323
-15483
-379
-15699
-395
-15923
-315
-16211
-387
-16387
-395
-16651
-267
-16883
-387
-17091
-395
-17323
-275
-17571
-387
-17875
-323
-18099
-387
-18363
-275
-18587
-387
-18819
-591
1010
-589
-70
-611
-349
-509
-599
-575
-766
-623
-1103
-609
-1309
-489
-1441
-513
-1803
-589
-2031
-579
-2238
-619
-2415
-607
-2735
-573
-2943
-565
-3217
-481
-3453
-627
-3731
-583
-3901
-567
-4203
-499
-4331
-563
-4563
-579
-4915
-531
-5043
-515
-5327
-511
-5583
-611
-5871
-555
-6051
-607
-6247
-623
-6595
-555
-6775
-567
-7099
-615
-7299
-515
-7547
-515
-7691
-507
-7967
-591
-8275
-583
-8515
-619
-8699
-555
-8887
-631
-9151
-603
-9463
-579
-9699
-635
-9907
-635
-10115
-523
-10411
-635
-10587
-563
-10915
-539
-11131
-595
-11323
-595
-11603
-563
-11819
-635
-12059
-635
-12267
-587
-12635
-563
-12867
-523
-13003
-635
-13291
-619
-13547
-515
-13811
-555
-13987
-595
-14227
-579
-14555
-579
-14707
-627
-14931
-507
-15275
-555
-15467
-547
-15635
-515
-15915
-563
-16115
-547
-16363
-595
-16595
-563
-16859
-627
-17131
-603
-17427
-611
-17659
-563
-17883
-579
-18067
-571
-18331
-515
-18523
-539
-18875
-799
496
-736
-108
-839
-295
-786
-623
-843
-760
-810
-1079
-750
-1305
-839
-1533
-856
-1723
-834
-2054
-815
-2239
-797
-2527
-863
-2693
-837
-2915
-725
-3193
-837
-3413
-721
-3623
-735
-3893
-795
-4097
-779
-4381
-773
-4587
-835
-4839
-843
-5091
-855
-5387
-815
-5603
-867
-5883
-787
-6095
-795
-6315
-859
-6635
-791
-6783
-787
-6971
-827
-7307
-847
-7483
-835
-7787
-839
-8039
-835
-8203
-847
-8527
-755
-8691
-803
-8955
-775
-9183
-815
-9427
-851
-9731
-875
-9907
-851
-10219
-787
-10387
-819
-10691
-859
-10931
-771
-11067
-851
-11403
-819
-11555
-763
-11907
-811
-12091
-819
-12371
-859
-12587
-787
-12819
-771
-13003
-827
-13243
-747
-13547
-851
-13819
-875
-14027
-795
-14251
-779
-14491
-875
-14667
-859
-15003
-787
-15219
-867
-15403
-851
-15659
-859
-15939
-859
-16171
-875
-16379
-787
-16675
-811
-16883
-843
-17171
-803
-17419
-867
-17627
-835
-17899
-851
-18147
-843
-18387
-843
-18587
-851
-18859
-1075
1034
-1074
-77
-1045
-286
-1013
-493
-1063
-720
-998
-1029
-1091
-1238
-1090
-1435
-982
-1808
-1007
-1953
-1001
-2267
-1081
-2441
-1043
-2677
-1103
-2939
-1057
-3215
-995
-3491
-1089
-3713
-1059
-3877
-1071
-4111
-1013
-4347
-999
-4579
-1039
-4903
-1031
-5155
-1099
-5395
-1011
-5655
-1079
-5851
-1015
-6131
-1039
-6247
-999
-6551
-1039
-6799
-1011
-7035
-1047
-7339
-1027
-7559
-1095
-7755
-1071
-7963
-1091
-8187
-1063
-8423
-999
-8771
-1107
-8983
-1011
-9179
-1003
-9507
-1075
-9755
-1107
-9963
-1075
-10155
-1091
-10379
-1099
-10651
-1091
-10923
-1075
-11115
-1059
-11339
-1099
-11619
-1091
-11907
-1115
-12027
-1075
-12339
-1027
-12603
-1075
-12755
-1091
-13107
-1059
-13227
-1059
-13523
-1091
-13755
-1099
-14027
-1067
-14227
-1115
-14451
-1027
-14739
-995
-14923
-1075
-15267
-1099
-15459
-1059
-15715
-1059
-15931
-1115
-16123
-1115
-16419
-1107
-16619
-1027
-16891
-1075
-17139
-1051
-17435
-1051
-17571
-1075
-17843
-1067
-18059
-1107
-18371
-1019
-18587
-1051
-18835
-1331
1303
-1327
-130
-1329
-260
-1261
-581
-1290
-751
-1267
-1070
-1317
-1211
-1335
-1535
-1307
-1817
-1286
-2009
-1294
-2171
-1303
-2469
-1301
-2719
-1251
-2979
-1285
-3219
-1255
-3413
-1239
-3699
-1317
-3925
-1289
-4089
-1349
-4419
-1311
-4599
-1263
-4835
-1259
-5139
-1287
-5371
-1347
-5639
-1295
-5879
-1339
-6115
-1291
-6259
-1291
-6595
-1247
-6751
-1267
-7075
-1299
-7203
-1315
-7467
-1315
-7739
-1247
-7983
-1211
-8259
-1347
-8507
-1223
-8683
-1267
-8983
-1335
-9243
-1355
-9371
-1323
-9651
-1283
-9963
-1323
-10187
-1315
-10427
-1331
-10651
-1275
-10947
-1347
-11099
-1243
-11403
-1283
-11611
-1283
-11827
-1291
-12059
-1355
-12307
-1307
-12547
-1299
-12843
-1227
-12995
-1315
-13331
-1299
-13523
-1315
-13707
-1355
-14019
-1307
-14259
-1283
-14435
-1267
-14763
-1299
-15003
-1299
-15243
-1347
-15459
-1251
-15739
-1275
-15979
-1323
-16203
-1331
-16395
-1283
-16699
-1227
-16891
-1339
-17131
-1347
-17323
-1315
-17635
-1323
-17883
-1251
-18027
-1339
-18323
-1315
-18619
-1283
-18843
-1579
1515
-1481
-83
-1465
-337
-1513
-563
-1519
-835
-1493
-1003
-1579
-1291
-1553
-1447
-1507
-1831
-1531
-2047
-1539
-2289
-1519
-2409
-1515
-2651
-1521
-3001
-1479
-3197
-1467
-3399
-1583
-3639
-1547
-3903
-1483
-4069
-1547
-4443
-1567
-4581
-1515
-4843
-1547
-5139
-1571
-5391
-1535
-5555
-1455
-5823
-1547
-6099
-1539
-6331
-1495
-6515
-1527
-6775
-1575
-7039
-1535
-7223
-1567
-7499
-1531
-7683
-1475
-7967
-1495
-8279
-1459
-8427
-1579
-8699
-1547
-9003
-1543
-9159
-1551
-9403
-1587
-9699
-1523
-9915
-1531
-10171
-1563
-10403
-1563
-10643
-1571
-10851
-1531
-11075
-1515
-11395
-1563
-11563
-1507
-11915
-1587
-12083
-1579
-12315
-1467
-12571
-1515
-12779
-1571
-13019
-1587
-13315
-1571
-13587
-1523
-13715
-1595
-13979
-1547
-14299
-1595
-14499
-1523
-14683
-1555
-14939
-1467
-15275
-1539
-15419
-1571
-15651
-1507
-15867
-1475
-16211
-1539
-16403
-1579
-16667
-1579
-16843
-1595
-17099
-1595
-17355
-1579
-17595
-1571
-17883
-1539
-18155
-1547
-18355
-1579
-18563
-1595
-18851
-1795
475
-1803
-67
-1755
-377
-1807
-495
-1791
-795
-1711
-1073
-1739
-1301
-1801
-1511
-1809
-1783
-1701
-1959
-1739
-2289
-1821
-2481
-1753
-2683
-1739
-2951
-1809
-3221
-1767
-3399
-1731
-3699
-1759
-3979
-1689
-4109
-1819
-4363
-1777
-4683
-1727
-4891
-1715
-5175
-1699
-5387
-1795
-5635
-1699
-5791
-1707
-6139
-1719
-6327
-1787
-6595
-1755
-6859
-1799
-7043
-1759
-7307
-1771
-7559
-1763
-7823
-1707
-8043
-1827
-8259
-1771
-8443
-1807
-8715
-1739
-8975
-1763
-9187
-1783
-9403
-1731
-9627
-1803
-9867
-1771
-10203
-1835
-10347
-1739
-10715
-1747
-10891
-1827
-11147
-1715
-11427
-1779
-11595
-1787
-11875
-1811
-12091
-1811
-12379
-1835
-12547
-1835
-12803
-1819
-13043
-1835
-13283
-1835
-13499
-1779
-13835
-1795
-14011
-1763
-14227
-1835
-14475
-1827
-14763
-1811
-14979
-1795
-15243
-1747
-15387
-1835
-15723
-1779
-15915
-1715
-16235
-1835
-16363
-1803
-16675
-1795
-16859
-1811
-17187
-1803
-17419
-1763
-17563
-1763
-17883
-1739
-18091
-1819
-18339
-1827
-18539
-1747
-18819
-2075
1075
-1947
-29
-1949
-327
-1933
-513
-2073
-779
-1971
-1049
-2043
-1331
-2067
-1431
-2027
-1763
-2031
-2003
-2039
-2261
-2035
-2501
-1963
-2657
-2027
-2923
-1947
-3259
-2047
-3427
-2037
-3725
-1937
-3983
-1933
-4099
-1991
-4359
-2025
-4687
-1971
-4807
-2059
-5091
-2019
-5363
-2019
-5547
-2039
-5835
-2047
-6087
-1919
-6243
-2075
-6583
-1991
-6807
-1991
-7055
-1995
-7199
-1987
-7547
-1983
-7755
-2011
-7939
-1979
-8203
-2035
-8415
-2039
-8759
-1951
-8899
-1943
-9179
-1931
-9483
-2027
-9643
-1947
-9915
-2003
-10235
-2035
-10379
-2027
-10675
-2051
-10939
-2003
-11091
-2027
-11395
-1979
-11603
-2043
-11835
-2059
-12043
-1947
-12323
-2059
-12563
-1971
-12875
-1995
-13011
-2043
-13347
-1987
-13483
-2051
-13779
-2075
-14035
-2043
-14243
-2035
-14475
-2035
-14691
-2059
-14971
-2067
-15203
-2019
-15419
-1987
-15651
-2075
-15875
-2051
-16235
-1979
-16395
-2019
-16611
-2067
-16875
-2035
-17099
-2019
-17371
-2019
-17547
-2067
-17827
-2035
-18059
-2035
-18387
-2059
-18595
-2043
-18811
-2275
961
-2205
-135
-2287
-331
-2235
-585
-2229
-843
-2213
-1045
-2177
-1251
-2287
-1549
-2217
-1805
-2219
-2019
-2283
-2151
-2279
-2503
-2301
-2707
-2209
-2931
-2267
-3145
-2277
-3385
-2219
-3711
-2195
-3913
-2263
-4133
-2231
-4389
-2287
-4697
-2227
-4875
-2239
-5119
-2223
-5423
-2295
-5643
-2195
-5863
-2219
-6067
-2283
-6303
-2219
-6611
-2187
-6847
-2267
-7043
-2259
-7219
-2247
-7579
-2279
-7731
-2283
-7967
-2303
-8283
-2223
-8523
-2315
-8747
-2263
-8991
-2299
-9179
-2183
-9411
-2211
-9707
-2267
-9899
-2195
-10139
-2267
-10459
-2259
-10659
-2251
-10955
-2291
-11179
-2315
-11387
-2315
-11627
-2251
-11795
-2299
-12051
-2275
-12283
-2259
-12523
-2275
-12771
-2283
-13067
-2283
-13299
-2187
-13467
-2275
-13747
-2299
-14035
-2283
-14211
-2291
-14547
-2275
-14691
-2211
-15011
-2187
-15147
-2307
-15411
-2227
-15723
-2227
-15915
-2283
-16107
-2275
-16379
-2291
-16603
-2307
-16947
-2275
-17131
-2219
-17419
-2315
-17547
-2251
-17827
-2275
-18099
-2259
-18379
-2259
-18555
-2243
-18819
-2547
671
-2465
-65
-2515
-247
-2479
-547
-2491
-745
-2509
-977
-2401
-1227
-2493
-1539
-2459
-1693
-2553
-2063
-2443
-2277
-2443
-2487
-2493
-2787
-2451
-2897
-2511
-3219
-2473
-3465
-2517
-3645
-2495
-3843
-2519
-4185
-2507
-4435
-2423
-4663
-2479
-4795
-2507
-5155
-2519
-5415
-2527
-5527
-2463
-5871
-2547
-6131
-2455
-6315
-2527
-6491
-2551
-6783
-2503
-7007
-2463
-7255
-2451
-7551
-2519
-7787
-2463
-8011
-2431
-8259
-2499
-8439
-2487
-8727
-2451
-9015
-2523
-9247
-2499
-9367
-2547
-9739
-2531
-9971
-2555
-10147
-2459
-10419
-2547
-10587
-2547
-10923
-2443
-11187
-2515
-11371
-2555
-11579
-2515
-11787
-2515
-12043
-2443
-12291
-2499
-12571
-2499
-12827
-2427
-13075
-2435
-13299
-2443
-13571
-2523
-13739
-2515
-13979
-2427
-14187
-2483
-14451
-2555
-14739
-2451
-15027
-2523
-15227
-2523
-15499
-2507
-15715
-2451
-15939
-2523
-16219
-2483
-16355
-2475
-16691
-2539
-16939
-2459
-17099
-2499
-17315
-2499
-17611
-2539
-17803
-2539
-18155
-2499
-18355
-2539
-18627
-2459
-18859
-2795
93
-2783
-127
-2747
-331
-2707
-563
-2747
-731
-2707
-987
-2735
-1235
-2707
-1543
-2707
-1795
-2779
-2027
-2739
-2239
-2723
-2511
-2695
-2727
-2723
-2963
-2703
-3115
-2663
-3469
-2767
-3595
-2767
-3859
-2763
-4139
-2779
-4391
-2695
-4555
-2791
-4943
-2755
-5143
-2655
-5291
-2755
-5583
-2671
-5787
-2675
-6083
-2647
-6263
-2723
-6515
-2771
-6763
-2699
-7083
-2743
-7283
-2743
-7539
-2647
-7695
-2743
-7955
-2671
-8199
-2759
-8495
-2723
-8703
-2703
-9011
-2703
-9151
-2739
-9383
-2771
-9715
-2771
-9987
-2771
-10179
-2771
-10435
-2787
-10651
-2787
-10915
-2691
-11123
-2747
-11315
-2731
-11555
-2691
-11859
-2675
-12131
-2675
-12291
-2771
-12507
-2675
-12803
-2715
-13035
-2707
-13227
-2771
-13595
-2707
-13763
-2763
-14027
-2675
-14299
-2771
-14547
-2739
-14683
-2771
-15003
-2755
-15235
-2795
-15411
-2795
-15643
-2731
-15939
-2691
-16171
-2779
-16475
-2763
-16643
-2715
-16867
-2787
-17123
-2795
-17395
-2707
-17651
-2723
-17867
-2771
-18043
-2795
-18291
-2675
-18523
-2755
-18835
-2939
125
-2963
-71
-2947
-339
-2963
-551
-2919
-835
-2991
-963
-2999
-1223
-2999
-1559
-2891
-1703
-2959
-2007
-2959
-2295
-2975
-2427
-2923
-2739
-2971
-3003
-2999
-3223
-2947
-3471
-2991
-3635
-3007
-3967
-2919
-4155
-2991
-4447
-2975
-4703
-2915
-4919
-2975
-5107
-3035
-5391
-3003
-5543
-2979
-5807
-2979
-6155
-3003
-6311
-2967
-6551
-2923
-6795
-2923
-7083
-2999
-7335
-2967
-7495
-2955
-7771
-2991
-8023
-3027
-8287
-2951
-8427
-2919
-8739
-2915
-8915
-2947
-9215
-3015
-9423
-2947
-9627
-2907
-9931
-2947
-10179
-2931
-10395
-3019
-10611
-3011
-10835
-2971
-11067
-3003
-11323
-3035
-11635
-3035
-11803
-3003
-12107
-3011
-12387
-3011
-12603
-3011
-12795
-2915
-13011
-2987
-13243
-3019
-13595
-3011
-13827
-3035
-13995
-2979
-14203
-2907
-14515
-3003
-14787
-2995
-15035
-3027
-15163
-2915
-15435
-3003
-15683
-3003
-15875
-3019
-16139
-3011
-16443
-2947
-16643
-2923
-16923
-2947
-17083
-2979
-17347
-3027
-17571
-2923
-17859
-2971
-18035
-2931
-18315
-2979
-18587
-2995
-18835
-3215
125
-3131
-111
-3147
-279
-3223
-551
-3171
-787
-3223
-987
-3211
-1251
-3227
-1507
-3231
-1791
-3211
-2031
-3183
-2199
-3259
-2555
-3211
-2671
-3203
-2983
-3155
-3139
-3259
-3427
-3199
-3671
-3235
-3895
-3251
-4187
-3239
-4359
-3251
-4659
-3275
-4939
-3199
-5107
-3239
-5303
-3171
-5627
-3267
-5815
-3223
-6071
-3151
-6299
-3187
-6499
-3199
-6799
-3195
-7067
-3179
-7215
-3147
-7515
-3207
-7811
-3275
-7927
-3251
-8231
-3243
-8451
-3235
-8763
-3223
-8935
-3243
-9175
-3239
-9463
-3155
-9675
-3163
-9955
-3259
-10227
-3275
-10347
-3195
-10619
-3235
-10915
-3195
-11123
-3163
-11379
-3147
-11659
-3163
-11859
-3267
-12059
-3275
-12355
-3275
-12555
-3275
-12843
-3259
-13003
-3195
-13243
-3211
-13547
-3187
-13787
-3203
-13955
-3171
-14315
-3275
-14435
-3187
-14787
-3187
-15019
-3227
-15259
-3203
-15507
-3259
-15731
-3171
-15939
-3187
-16219
-3251
-16419
-3179
-16683
-3195
-16947
-3235
-17123
-3259
-17379
-3275
-17555
-3235
-17915
-3267
-18099
-3155
-18283
-3163
-18515
-3163
-18867
-3375
141
-3403
-123
-3403
-363
-3475
-543
-3495
-731
-3499
-1071
-3395
-1339
-3383
-1499
-3471
-1735
-3463
-1975
-3491
-2231
-3451
-2491
-3515
-2759
-3379
-2995
-3475
-3235
-3503
-3479
-3507
-3675
-3423
-3963
-3443
-4207
-3443
-4347
-3407
-4591
-3515
-4923
-3415
-5131
-3483
-5319
-3407
-5603
-3463
-5811
-3443
-6015
-3415
-6331
-3491
-6611
-3471
-6771
-3495
-7015
-3419
-7247
-3435
-7475
-3463
-7807
-3463
-7983
-3475
-8259
-3471
-8451
-3475
-8719
-3471
-8947
-3467
-9167
-3375
-9515
-3395
-9643
-3387
-9971
-3507
-10123
-3483
-10371
-3419
-10659
-3411
-10859
-3515
-11163
-3475
-11355
-3483
-11659
-3515
-11891
-3491
-12059
-3515
-12371
-3499
-12515
-3467
-12819
-3411
-12987
-3427
-13331
-3467
-13507
-3491
-13803
-3507
-14019
-3395
-14227
-3515
-14515
-3427
-14715
-3427
-15011
-3451
-15219
-3507
-15419
-3491
-15643
-3443
-15947
-3491
-16227
-3515
-16459
-3499
-16659
-3411
-16867
-3443
-17179
-3443
-17411
-3419
-17555
-3491
-17787
-3459
-18051
-3443
-18283
-3499
-18515
-3387
-18851
-3639
133
-3727
-91
-3711
-267
-3739
-587
-3751
-763
-3699
-1067
-3731
-1271
-3627
-1483
-3691
-1771
-3683
-2003
-3715
-2191
-3715
-2479
-3739
-2655
-3639
-2947
-3731
-3159
-3683
-3475
-3659
-3683
-3659
-3951
-3699
-4171
-3659
-4435
-3719
-4567
-3595
-4915
-3703
-5087
-3667
-5403
-3731
-5571
-3683
-5831
-3703
-6027
-3643
-6351
-3719
-6567
-3723
-6763
-3675
-7043
-3715
-7291
-3655
-7559
-3651
-7759
-3723
-8035
-3631
-8223
-3711
-8467
-3719
-8671
-3639
-8903
-3695
-9187
-3651
-9515
-3659
-9683
-3707
-9979
-3707
-10147
-3667
-10347
-3707
-10699
-3707
-10955
-3755
-11083
-3739
-11435
-3747
-11579
-3715
-11867
-3707
-12051
-3755
-12355
-3723
-12587
-3747
-12851
-3699
-13019
-3715
-13291
-3635
-13587
-3707
-13835
-3643
-13995
-3683
-14187
-3739
-14475
-3715
-14763
-3691
-14955
-3707
-15267
-3699
-15515
-3667
-15755
-3643
-15875
-3715
-16115
-3699
-16403
-3635
-16691
-3683
-16923
-3683
-17171
-3739
-17363
-3747
-17659
-3635
-17867
-3683
-18051
-3755
-18299
-3723
-18555
-3635
-18811
-3979
133
-3883
-19
-3955
-379
-3927
-583
-3919
-763
-3951
-1007
-3959
-1235
-3987
-1567
-3955
-1827
-3939
-2035
-3907
-2275
-3943
-2531
-3903
-2679
-3919
-2983
-3895
-3131
-3971
-3415
-3843
-3715
-3955
-3975
-3851
-4119
-3895
-4407
-3947
-4691
-3911
-4939
-3951
-5067
-3967
-5387
-3971
-5671
-3971
-5803
-3963
-6023
-3951
-6263
-3847
-6511
-3987
-6835
-3955
-7011
-3955
-7303
-3959
-7555
-3867
-7815
-3947
-7967
-3963
-8235
-3975
-8483
-3907
-8723
-3899
-8883
-3903
-9187
-3851
-9459
-3867
-9755
-3979
-9979
-3987
-10187
-3915
-10363
-3995
-10643
-3971
-10907
-3899
-11115
-3971
-11355
-3915
-11571
-3955
-11907
-3987
-12043
-3875
-12275
-3963
-12515
-3963
-12851
-3915
-13019
-3963
-13347
-3979
-13579
-3963
-13707
-3899
-14019
-3915
-14219
-3891
-14515
-3907
-14779
-3987
-14963
-3995
-15267
-3995
-15395
-3955
-15707
-3979
-15867
-3995
-16139
-3915
-16355
-3915
-16691
-3963
-16939
-3995
-17123
-3963
-17307
-3923
-17579
-3939
-17851
-3987
-18067
-3987
-18291
-3979
-18571
-3995
-18867
-4095
101
-4179
-55
-4187
-255
-4131
-631
-4139
-855
-4139
-999
-4083
-1307
-4107
-1511
-4107
-1791
-4167
-1959
-4171
-2195
-4155
-2407
-4175
-2663
-4139
-2967
-4151
-3179
-4115
-3463
-4199
-3719
-4219
-3843
-4199
-4147
-4159
-4395
-4107
-4595
-4163
-4855
-4103
-5079
-4131
-5331
-4107
-5647
-4151
-5799
-4199
-6015
-4135
-6291
-4159
-6539
-4155
-6847
-4119
-6967
-4187
-7315
-4139
-7535
-4203
-7779
-4195
-7971
-4139
-8227
-4147
-8447
-4231
-8723
-4191
-9003
-4219
-9163
-4195
-9499
-4211
-9731
-4195
-9971
-4171
-10107
-4163
-10435
-4155
-10651
-4235
-10931
-4203
-11179
-4195
-11363
-4187
-11651
-4131
-11819
-4203
-12067
-4179
-12363
-4107
-12523
-4195
-12803
-4123
-13043
-4219
-13355
-4195
-13491
-4227
-13731
-4195
-14027
-4131
-14219
-4227
-14475
-4203
-14723
-4187
-14947
-4147
-15203
-4155
-15443
-4235
-15691
-4155
-15875
-4179
-16235
-4211
-16427
-4187
-16675
-4123
-16867
-4227
-17091
-4203
-17403
-4171
-17635
-4171
-17867
-4123
-18131
-4179
-18355
-4203
-18547
-4219
-18819
-4423
109
-4427
-103
-4431
-347
-4367
-575
-4447
-803
-4459
-1007
-4355
-1319
-4451
-1483
-4367
-1791
-4427
-1923
-4343
-2275
-4451
-2491
-4383
-2743
-4367
-2987
-4403
-3227
-4427
-3491
-4423
-3691
-4343
-3871
-4463
-4099
-4375
-4427
-4359
-4579
-4343
-4835
-4355
-5179
-4467
-5411
-4379
-5631
-4411
-5895
-4443
-6075
-4451
-6331
-4335
-6603
-4427
-6723
-4467
-6959
-4343
-7323
-4431
-7539
-4395
-7775
-4431
-7983
-4427
-8171
-4351
-8427
-4411
-8663
-4431
-8887
-4367
-9155
-4467
-9515
-4427
-9683
-4355
-9939
-4451
-10179
-4459
-10363
-4451
-10587
-4363
-10891
-4403
-11107
-4403
-11355
-4371
-11603
-4395
-11819
-4467
-12059
-4435
-12347
-4395
-12619
-4451
-12819
-4363
-13043
-4419
-13339
-4379
-13515
-4435
-13787
-4419
-13955
-4451
-14227
-4435
-14523
-4467
-14763
-4451
-14939
-4459
-15179
-4419
-15411
-4403
-15643
-4363
-15899
-4467
-16227
-4387
-16411
-4451
-16595
-4467
-16939
-4443
-17123
-4371
-17387
-4459
-17587
-4411
-17883
-4355
-18139
-4427
-18371
-4435
-18507
-4379
-18835
-4615
109
-4611
-47
-4595
-323
-4647
-619
-4651
-759
-4643
-1039
-4607
-1219
-4659
-1539
-4647
-1707
-4659
-1979
-4563
-2299
-4635
-2435
-4667
-2675
-4703
-3003
-4655
-3203
-4663
-3459
-4603
-3607
-4691
-3863
-4663
-4187
-4587
-4431
-4659
-4563
-4683
-4863
-4683
-5131
-4619
-5351
-4659
-5611
-4691
-5891
-4659
-6027
-4647
-6267
-4695
-6623
-4615
-6771
-4687
-6983
-4707
-7307
-4643
-7539
-4635
-7723
-4675
-7999
-4575
-8227
-4691
-8467
-4647
-8703
-4667
-8907
-4611
-9203
-4679
-9379
-4651
-9715
-4715
-9867
-4603
-10115
-4619
-10427
-4643
-10683
-4603
-10875
-4643
-11187
-4675
-11427
-4635
-11603
-4603
-11843
-4627
-12091
-4683
-12283
-4651
-12619
-4683
-12811
-4667
-13091
-4715
-13235
-4691
-13531
-4643
-13827
-4659
-13979
-4691
-14291
-4707
-14515
-4667
-14739
-4659
-14995
-4675
-15187
-4715
-15411
-4667
-15723
-4715
-15955
-4715
-16147
-4699
-16459
-4675
-16691
-4643
-16931
-4627
-17139
-4627
-17339
-4707
-17563
-4707
-17811
-4595
-18147
-4659
-18267
-4691
-18595
-4643
-18859
-4907
149
-4879
-127
-4899
-339
-4903
-531
-4863
-827
-4859
-999
-4875
-1251
-4875
-1455
-4887
-1823
-4883
-2019
-4847
-2187
-4891
-2467
-4927
-2791
-4919
-3003
-4943
-3203
-4919
-3467
-4911
-3711
-4899
-3879
-4827
-4207
-4919
-4439
-4931
-4643
-4839
-4891
-4879
-5187
-4839
-5423
-4855
-5567
-4947
-5851
-4827
-6011
-4919
-6367
-4795
-6507
-4927
-6763
-4955
-7003
-4863
-7267
-4907
-7503
-4895
-7783
-4899
-7995
-4799
-8275
-4927
-8523
-4923
-8739
-4907
-8959
-4875
-9159
-4867
-9515
-4955
-9747
-4931
-9891
-4883
-10219
-4859
-10467
-4923
-10707
-4899
-10827
-4955
-11171
-4899
-11347
-4875
-11651
-4931
-11899
-4827
-12139
-4907
-12387
-4931
-12539
-4947
-12811
-4899
-13115
-4939
-13259
-4835
-13523
-4891
-13707
-4907
-14075
-4835
-14219
-4939
-14475
-4875
-14755
-4851
-14963
-4899
-15187
-4923
-15387
-4883
-15659
-4915
-15939
-4891
-16123
-4883
-16435
-4947
-16691
-4907
-16843
-4939
-17067
-4891
-17387
-4875
-17659
-4923
-17915
-4947
-18059
-4851
-18331
-4947
-18555
-4955
-18835
-5071
149
-5147
-119
-5183
-335
-5143
-511
-5163
-767
-5175
-1075
-5051
-1219
-5091
-1491
-5127
-1799
-5135
-2043
-5155
-2187
-5071
-2427
-5087
-2703
-5083
-2915
-5115
-3131
-5159
-3483
-5135
-3743
-5067
-3907
-5187
-4219
-5183
-4459
-5171
-4595
-5111
-4803
-5155
-5171
-5099
-5435
-5127
-5603
-5111
-5831
-5143
-6111
-5059
-6339
-5123
-6551
-5175
-6747
-5179
-6995
-5163
-7291
-5079
-7539
-5059
-7707
-5051
-7991
-5175
-8207
-5155
-8415
-5107
-8651
-5095
-8967
-5151
-9231
-5155
-9483
-5195
-9739
-5139
-9891
-5067
-10235
-5195
-10411
-5187
-10603
-5147
-10915
-5195
-11195
-5147
-11371
-5115
-11667
-5171
-11891
-5083
-12059
-5115
-12371
-5179
-12547
-5155
-12827
-5187
-13115
-5187
-13251
-5155
-13547
-5155
-13803
-5155
-13995
-5123
-14219
-5107
-14459
-5123
-14763
-5179
-14963
-5195
-15259
-5155
-15411
-5195
-15659
-5179
-15963
-5147
-16131
-5147
-16347
-5139
-16619
-5179
-16859
-5067
-17163
-5171
-17387
-5163
-17651
-5187
-17811
-5163
-18067
-5163
-18387
-5179
-18595
-5115
-18875
-5355
109
-5435
-107
-5419
-267
-5307
-479
-5371
-835
-5315
-1051
-5347
-1231
-5387
-1511
-5371
-1815
-5411
-1947
-5379
-2251
-5403
-2515
-5379
-2751
-5331
-3019
-5435
-3155
-5379
-3375
-5347
-3707
-5427
-3971
-5363
-4103
-5411
-4475
-5331
-4623
-5403
-4835
-5411
-5123
-5387
-5391
-5403
-5627
-5419
-5891
-5307
-6035
-5419
-6371
-5419
-6579
-5307
-6755
-5339
-7099
-5435
-7347
-5411
-7555
-5435
-7819
-5419
-7995
-5403
-8315
-5315
-8423
-5427
-8747
-5427
-9019
-5395
-9127
-5331
-9471
-5427
-9739
-5395
-9971
-5315
-10131
-5395
-10379
-5331
-10651
-5395
-10875
-5371
-11187
-5363
-11339
-5315
-11651
-5435
-11899
-5435
-12147
-5379
-12363
-5379
-12547
-5411
-12747
-5323
-13043
-5379
-13355
-5427
-13579
-5355
-13811
-5411
-13995
-5419
-14235
-5331
-14515
-5419
-14691
-5427
-15027
-5347
-15155
-5339
-15427
-5435
-15691
-5403
-15979
-5427
-16163
-5403
-16387
-5363
-16587
-5427
-16875
-5331
-17155
-5347
-17371
-5419
-17547
-5419
-17843
-5411
-18067
-5339
-18315
-5347
-18587
-5323
-18835
-5603
101
-5555
-27
-5675
-395
-5651
-587
-5675
-779
-5651
-1107
-5587
-1299
-5667
-1475
-5635
-1795
-5587
-2035
-5563
-2243
-5603
-2555
-5555
-2771
-5651
-3035
-5651
-3195
-5659
-3491
-5627
-3643
-5627
-3939
-5563
-4179
-5627
-4419
-5651
-4603
-5667
-4947
-5675
-5179
-5627
-5371
-5587
-5643
-5563
-5915
-5627
-6107
-5595
-6283
-5651
-6523
-5643
-6835
-5611
-7027
-5675
-7299
-5579
-7547
-5579
-7779
-5579
-8051
-5627
-8315
-5611
-8507
-5675
-8699
-5547
-8907
-5659
-9179
-5555
-9499
-5627
-9643
-5627
-9923
-5571
-10123
-5659
-10475
-5659
-10651
-5627
-10899
-5619
-11083
-5579
-11339
-5603
-11571
-5555
-11859
-5611
-12131
-5611
-12283
-5643
-12555
-5563
-12763
-5579
-13011
-5675
-13243
-5675
-13531
-5675
-13731
-5603
-14067
-5651
-14211
-5571
-14507
-5587
-14771
-5651
-15003
-5603
-15203
-5651
-15507
-5675
-15683
-5611
-15931
-5627
-16107
-5619
-16387
-5675
-16595
-5675
-16843
-5627
-17171
-5619
-17395
-5659
-17667
-5587
-17827
-5659
-18075
-5659
-18339
-5619
-18531
-5579
-18859
-5891
109
-5843
-59
-5843
-395
-5907
-563
-5907
-763
-5907
-1059
-5899
-1267
-5907
-1523
-5915
-1835
-5891
-1947
-5835
-2219
-5907
-2515
-5867
-2675
-5875
-2995
-5907
-3171
-5851
-3475
-5795
-3723
-5859
-3891
-5899
-4115
-5859
-4451
-5811
-4683
-5899
-4843
-5891
-5163
-5859
-5307
-5859
-5659
-5819
-5787
-5843
-6075
-5827
-6347
-5907
-6587
-5811
-6827
-5795
-7115
-5795
-7275
-5851
-7587
-5883
-7747
-5803
-8075
-5819
-8211
-5883
-8515
-5867
-8691
-5819
-8979
-5827
-9179
-5915
-9403
-5867
-9707
-5811
-9955
-5851
-10123
-5787
-10347
-5811
-10603
-5827
-10947
-5915
-11083
-5891
-11363
-5907
-11619
-5843
-11787
-5891
-12075
-5851
-12339
-5875
-12523
-5843
-12843
-5827
-13115
-5851
-13291
-5859
-13547
-5843
-13819
-5835
-14051
-5819
-14227
-5803
-14547
-5787
-14787
-5915
-15011
-5915
-15155
-5811
-15475
-5915
-15659
-5843
-15891
-5867
-16115
-5891
-16419
-5859
-16603
-5875
-16899
-5835
-17171
-5883
-17387
-5891
-17587
-5915
-17795
-5795
-18107
-5811
-18395
-5891
-18515
-5827
-18811
-6147
125
-6107
-115
-6067
-363
-6107
-515
-6067
-787
-6155
-1099
-6099
-1339
-6099
-1507
-6083
-1779
-6147
-2027
-6115
-2187
-6115
-2459
-6107
-2787
-6139
-3011
-6067
-3147
-6147
-3435
-6035
-3667
-6099
-3947
-6147
-4219
-6147
-4411
-6067
-4651
-6115
-4931
-6123
-5179
-6147
-5315
-6043
-5627
-6115
-5843
-6147
-6091
-6099
-6387
-6155
-6587
-6075
-6771
-6115
-7075
-6155
-7315
-6131
-7595
-6043
-7707
-6083
-7979
-6035
-8275
-6147
-8491
-6083
-8683
-6131
-9019
-6115
-9155
-6147
-9515
-6091
-9747
-6147
-9987
-6115
-10115
-6139
-10475
-6099
-10699
-6131
-10827
-6027
-11187
-6067
-11363
-6131
-11627
-6123
-11875
-6091
-12027
-6147
-12363
-6091
-12595
-6147
-12851
-6051
-13099
-6131
-13339
-6139
-13467
-6099
-13819
-6139
-14019
-6107
-14211
-6131
-14451
-6131
-14683
-6107
-14987
-6139
-15211
-6107
-15459
-6147
-15675
-6091
-15931
-6051
-16179
-6091
-16451
-6099
-16659
-6123
-16939
-6051
-17171
-6123
-17403
-6139
-17547
-6115
-17907
-6027
-18147
-6091
-18299
-6139
-18531
-6099
-18875
-6307
149
-6395
-51
-6307
-379
-6267
-523
-6299
-827
-6395
-1059
-6307
-1355
-6339
-1595
-6299
-1723
-6267
-1955
-6267
-2267
-6315
-2507
-6355
-2667
-6395
-2915
-6331
-3187
-6291
-3387
-6387
-3659
-6323
-3923
-6387
-4155
-6291
-4451
-6363
-4667
-6323
-4947
-6315
-5155
-6347
-5435
-6307
-5587
-6371
-5787
-6371
-6147
-6387
-6323
-6379
-6571
-6307
-6843
-6371
-7107
-6355
-7299
-6299
-7475
-6371
-7707
-6331
-7971
-6323
-8283
-6379
-8475
-6355
-8763
-6371
-8955
-6363
-9147
-6307
-9499
-6387
-9675
-6339
-9867
-6387
-10131
-6387
-10435
-6275
-10707
-6395
-10939
-6275
-11147
-6371
-11379
-6387
-11595
-6323
-11787
-6355
-12027
-6395
-12307
-6379
-12523
-6395
-12803
-6291
-13035
-6323
-13251
-6307
-13531
-6339
-13787
-6395
-14011
-6331
-14195
-6283
-14555
-6355
-14707
-6371
-14963
-6315
-15155
-6307
-15403
-6379
-15747
-6339
-15955
-6363
-16203
-6267
-16467
-6395
-16635
-6363
-16827
-6299
-17107
-6331
-17419
-6291
-17611
-6395
-17819
-6331
-18155
-6315
-18323
-6395
-18603
-6267
-18843
-6531
101
-6627
-107
-6539
-363
-6531
-603
-6611
-755
-6619
-1027
-6523
-1299
-6627
-1507
-6507
-1723
-6563
-1955
-6579
-2291
-6587
-2467
-6523
-2723
-6627
-3011
-6579
-3251
-6587
-3507
-6547
-3627
-6563
-3891
-6595
-4155
-6531
-4411
-6539
-4707
-6539
-4827
-6547
-5179
-6635
-5315
-6547
-5667
-6635
-5811
-6603
-6155
-6523
-6323
-6507
-6603
-6571
-6763
-6635
-7107
-6587
-7227
-6619
-7587
-6587
-7755
-6531
-8067
-6611
-8243
-6555
-8467
-6627
-8723
-6579
-8955
-6571
-9147
-6507
-9475
-6547
-9635
-6515
-9987
-6627
-10123
-6579
-10459
-6547
-10683
-6571
-10931
-6603
-11163
-6523
-11331
-6563
-11667
-6627
-11891
-6531
-12147
-6539
-12323
-6539
-12515
-6619
-12827
-6555
-13115
-6611
-13331
-6587
-13563
-6579
-13779
-6587
-14011
-6603
-14235
-6507
-14523
-6547
-14755
-6595
-15019
-6627
-15195
-6587
-15395
-6563
-15731
-6595
-15931
-6531
-16219
-6555
-16379
-6547
-16659
-6611
-16851
-6611
-17187
-6635
-17355
-6635
-17571
-6547
-17787
-6595
-18155
-6547
-18307
-6635
-18563
-6571
-18827
-6875
141
-6867
-91
-6803
-355
-6851
-507
-6771
-763
-6787
-1003
-6787
-1283
-6859
-1579
-6867
-1755
-6859
-2051
-6843
-2275
-6819
-2507
-6803
-2667
-6795
-2979
-6819
-3163
-6851
-3403
-6859
-3627
-6803
-3875
-6851
-4147
-6867
-4363
-6771
-4683
-6867
-4939
-6795
-5155
-6763
-5435
-6771
-5675
-6859
-5835
-6875
-6051
-6819
-6267
-6827
-6563
-6867
-6851
-6835
-7051
-6851
-7259
-6867
-7595
-6859
-7779
-6843
-7971
-6811
-8267
-6859
-8427
-6875
-8755
-6779
-8995
-6835
-9211
-6779
-9491
-6795
-9739
-6755
-9899
-6771
-10235
-6771
-10403
-6803
-10635
-6851
-10907
-6819
-11075
-6763
-11435
-6867
-11547
-6771
-11811
-6827
-12147
-6875
-12395
-6867
-12595
-6851
-12803
-6835
-13075
-6867
-13323
-6827
-13595
-6867
-13827
-6859
-14027
-6787
-14315
-6787
-14491
-6779
-14739
-6819
-14963
-6867
-15195
-6755
-15419
-6819
-15731
-6875
-15963
-6795
-16107
-6843
-16459
-6795
-16619
-6835
-16923
-6803
-17187
-6851
-17419
-6867
-17667
-6859
-17883
-6843
-18035
-6819
-18371
-6851
-18603
-6859
-18835
-7043
149
-7107
-83
-7099
-395
-7099
-595
-7011
-843
-7107
-1091
-7059
-1267
-7059
-1507
-7067
-1763
-7059
-2067
-7043
-2235
-7059
-2427
-7091
-2755
-7075
-3035
-6995
-3251
-7035
-3411
-7027
-3635
-7011
-3987
-7067
-4131
-7107
-4355
-7051
-4587
-7083
-4955
-7051
-5179
-7051
-5435
-7027
-5555
-7011
-5819
-7067
-6043
-7091
-6291
-7107
-6635
-7091
-6787
-7027
-7043
-7035
-7235
-7019
-7507
-7115
-7779
-7091
-8051
-7115
-8275
-7067
-8459
-7011
-8747
-7003
-8931
-7067
-9155
-7107
-9411
-7107
-9683
-7035
-9891
-7051
-10235
-7003
-10451
-7059
-10627
-7099
-10939
-7003
-11139
-7107
-11419
-7059
-11667
-7059
-11851
-7075
-12059
-6987
-12291
-7011
-12531
-7115
-12755
-7027
-12995
-7107
-13355
-7115
-13539
-7083
-13827
-7059
-14027
-7067
-14307
-7107
-14539
-7107
-14739
-7115
-14931
-7043
-15259
-7099
-15411
-7107
-15715
-7091
-15963
-7099
-16235
-7115
-16347
-7075
-16651
-7035
-16843
-6987
-17139
-7091
-17403
-7075
-17635
-7075
-17859
-7027
-18099
-6995
-18379
-7059
-18515
-7107
-18835
-7315
93
-7227
-155
-7307
-291
-7339
-611
-7299
-875
-7339
-1091
-7355
-1235
-7355
-1539
-7235
-1819
-7339
-2043
-7251
-2267
-7307
-2451
-7251
-2739
-7267
-2931
-7339
-3219
-7347
-3483
-7267
-3747
-7307
-3979
-7243
-4195
-7347
-4435
-7307
-4699
-7323
-4875
-7275
-5155
-7347
-5379
-7251
-5547
-7251
-5803
-7259
-6035
-7227
-6371
-7315
-6627
-7331
-6787
-7355
-7035
-7323
-7291
-7251
-7595
-7347
-7835
-7243
-8051
-7227
-8259
-7235
-8523
-7275
-8795
-7243
-9019
-7323
-9179
-7243
-9435
-7355
-9659
-7355
-9955
-7339
-10107
-7307
-10451
-7291
-10683
-7323
-10859
-7299
-11091
-7331
-11371
-7323
-11547
-7323
-11915
-7347
-12051
-7235
-12323
-7299
-12587
-7283
-12747
-7235
-13099
-7323
-13307
-7323
-13523
-7275
-13835
-7259
-14051
-7259
-14211
-7355
-14523
-7259
-14707
-7331
-15003
-7283
-15211
-7283
-15507
-7235
-15747
-7355
-15867
-7267
-16219
-7283
-16387
-7339
-16603
-7275
-16867
-7339
-17179
-7251
-17387
-7259
-17619
-7339
-17867
-7299
-18067
-7283
-18331
-7347
-18539
-7315
-18875
-7539
109
-7595
-155
-7547
-387
-7467
-563
-7579
-843
-7539
-995
-7547
-1251
-7579
-1547
-7507
-1811
-7475
-2035
-7555
-2307
-7563
-2427
-7579
-2739
-7555
-2947
-7475
-3203
-7491
-3419
-7523
-3635
-7579
-3883
-7483
-4187
-7579
-4363
-7579
-4699
-7515
-4907
-7491
-5067
-7595
-5323
-7515
-5603
-7475
-5915
-7579
-6083
-7539
-6299
-7571
-6571
-7467
-6867
-7563
-7107
-7571
-7275
-7491
-7467
-7555
-7755
-7587
-7947
-7547
-8275
-7523
-8491
-7507
-8723
-7467
-8955
-7587
-9275
-7595
-9451
-7523
-9699
-7483
-9875
-7579
-10171
-7595
-10371
-7555
-10691
-7579
-10827
-7515
-11107
-7547
-11331
-7555
-11587
-7555
-11803
-7595
-12035
-7571
-12267
-7539
-12571
-7531
-12851
-7595
-13003
-7563
-13299
-7587
-13595
-7467
-13819
-7515
-14035
-7571
-14307
-7539
-14539
-7483
-14699
-7531
-14939
-7579
-15203
-7563
-15443
-7595
-15699
-7523
-15867
-7515
-16123
-7515
-16403
-7499
-16715
-7507
-16875
-7587
-17195
-7579
-17371
-7595
-17611
-7571
-17867
-7475
-18099
-7579
-18291
-7499
-18531
-7523
-18859
-7763
93
-7795
-115
-7811
-347
-7827
-635
-7739
-787
-7747
-1091
-7811
-1315
-7763
-1555
-7819
-1779
-7739
-2003
-7715
-2243
-7803
-2515
-7795
-2763
-7747
-2931
-7731
-3219
-7779
-3499
-7731
-3627
-7771
-3939
-7731
-4203
-7731
-4427
-7803
-4587
-7715
-4907
-7795
-5171
-7835
-5411
-7835
-5595
-7739
-5787
-7827
-6059
-7795
-6339
-7715
-6539
-7795
-6867
-7787
-7027
-7795
-7267
-7827
-7523
-7731
-7779
-7827
-7947
-7723
-8235
-7819
-8467
-7827
-8779
-7771
-9035
-7755
-9203
-7787
-9467
-7811
-9723
-7731
-9971
-7819
-10107
-7787
-10347
-7835
-10659
-7787
-10867
-7827
-11099
-7819
-11315
-7835
-11675
-7803
-11867
-7795
-12067
-7835
-12307
-7795
-12619
-7723
-12875
-7827
-13107
-7811
-13291
-7827
-13523
-7779
-13795
-7779
-14035
-7715
-14243
-7835
-14499
-7835
-14763
-7803
-14963
-7827
-15251
-7739
-15515
-7795
-15723
-7739
-15891
-7827
-16195
-7811
-16371
-7795
-16675
-7779
-16939
-7731
-17131
-7795
-17379
-7827
-17651
-7803
-17811
-7827
-18099
-7755
-18283
-7707
-18595
-7739
-18827
-8051
109
-7971
-35
-8051
-323
-7947
-603
-8011
-747
-8067
-1051
-8075
-1299
-8043
-1499
-8011
-1827
-7947
-2043
-8075
-2259
-7995
-2539
-8059
-2763
-8051
-2955
-8027
-3259
-8075
-3491
-7987
-3731
-8059
-3979
-8011
-4227
-8019
-4363
-8035
-4643
-7947
-4939
-8075
-5099
-7955
-5395
-8075
-5675
-8067
-5875
-8059
-6115
-8051
-6267
-8059
-6515
-8027
-6827
-8059
-7099
-8051
-7347
-8067
-7483
-8027
-7779
-7995
-7963
-8051
-8267
-7995
-8427
-8059
-8675
-8003
-8955
-7947
-9163
-8027
-9419
-7963
-9691
-8067
-9971
-8011
-10187
-8027
-10451
-8051
-10619
-8075
-10851
-8019
-11067
-8067
-11395
-8011
-11619
-8019
-11915
-8019
-12067
-8075
-12395
-8043
-12595
-8075
-12795
-8003
-13107
-7955
-13307
-8067
-13515
-8051
-13819
-8067
-14011
-8035
-14251
-7995
-14499
-7971
-14787
-8051
-14987
-8019
-15227
-8019
-15419
-8067
-15715
-8075
-15979
-8059
-16123
-8051
-16435
-8043
-16587
-8027
-16955
-8051
-17195
-8019
-17435
-8003
-17547
-8003
-17795
-8043
-18043
-7955
-18323
-8051
-18539
-8043
-18835
-8259
101
-8243
-59
-8219
-379
-8315
-619
-8315
-819
-8259
-1043
-8235
-1339
-8195
-1531
-8243
-1715
-8307
-2027
-8315
-2243
-8251
-2515
-8291
-2715
-8307
-2947
-8219
-3211
-8235
-3483
-8219
-3715
-8187
-3891
-8251
-4195
-8259
-4467
-8211
-4595
-8315
-4923
-8187
-5107
-8275
-5315
-8267
-5635
-8283
-5915
-8259
-6035
-8259
-6347
-8299
-6603
-8307
-6867
-8187
-7107
-8267
-7251
-8195
-7555
-8219
-7803
-8307
-7979
-8299
-8267
-8275
-8451
-8307
-8771
-8211
-8939
-8291
-9187
-8291
-9403
-8251
-9691
-8315
-9907
-8299
-10139
-8259
-10387
-8211
-10651
-8259
-10931
-8283
-11083
-8203
-11307
-8307
-11643
-8291
-11883
-8259
-12147
-8283
-12379
-8219
-12547
-8315
-12787
-8267
-13091
-8235
-13307
-8283
-13539
-8259
-13827
-8219
-14075
-8291
-14251
-8307
-14427
-8251
-14755
-8315
-14947
-8267
-15259
-8259
-15451
-8243
-15739
-8259
-15923
-8251
-16123
-8283
-16395
-8219
-16683
-8315
-16907
-8315
-17115
-8283
-17355
-8251
-17659
-8227
-17843
-8267
-18099
-8307
-18299
-8187
-18531
-8283
-18851
-8475
141
-8523
-155
-8555
-379
-8515
-611
-8555
-835
-8475
-1083
-8555
-1323
-8555
-1587
-8459
-1811
-8427
-2043
-8507
-2227
-8451
-2451
-8491
-2699
-8515
-3011
-8547
-3243
-8539
-3387
-8459
-3707
-8531
-3987
-8507
-4187
-8435
-4475
-8523
-4643
-8531
-4835
-8547
-5187
-8499
-5307
-8475
-5587
-8547
-5907
-8555
-6027
-8459
-6331
-8467
-6523
-8467
-6755
-8531
-7027
-8443
-7339
-8443
-7579
-8475
-7787
-8547
-8011
-8547
-8267
-8555
-8531
-8475
-8731
-8467
-8939
-8523
-9179
-8555
-9491
-8459
-9643
-8507
-9907
-8491
-10115
-8475
-10443
-8467
-10659
-8499
-10867
-8539
-11099
-8459
-11331
-8539
-11659
-8491
-11875
-8539
-12083
-8451
-12363
-8507
-12619
-8555
-12811
-8515
-13035
-8507
-13315
-8507
-13523
-8539
-13787
-8427
-14043
-8547
-14211
-8483
-14523
-8515
-14787
-8531
-14923
-8427
-15251
-8491
-15467
-8547
-15731
-8443
-15915
-8539
-16187
-8547
-16387
-8515
-16603
-8483
-16955
-8499
-17147
-8491
-17339
-8451
-17603
-8555
-17907
-8531
-18147
-8539
-18283
-8443
-18595
-8483
-18851
-8779
141
-8771
-75
-8675
-363
-8787
-563
-8747
-835
-8779
-1091
-8747
-1331
-8707
-1555
-8763
-1739
-8715
-2067
-8787
-2211
-8795
-2459
-8779
-2691
-8723
-2995
-8763
-3275
-8739
-3403
-8723
-3667
-8771
-3955
-8771
-4123
-8739
-4347
-8707
-4587
-8779
-4835
-8787
-5083
-8747
-5435
-8667
-5587
-8771
-5787
-8755
-6139
-8723
-6355
-8787
-6531
-8675
-6755
-8795
-7067
-8723
-7283
-8779
-7595
-8715
-7795
-8739
-8019
-8667
-8299
-8715
-8515
-8779
-8739
-8683
-9019
-8787
-9163
-8699
-9435
-8795
-9691
-8739
-9987
-8763
-10155
-8691
-10387
-8763
-10643
-8747
-10931
-8691
-11187
-8763
-11363
-8771
-11571
-8675
-11891
-8731
-12099
-8731
-12387
-8771
-12523
-8795
-12835
-8787
-13083
-8739
-13243
-8723
-13523
-8763
-13795
-8763
-13947
-8795
-14315
-8715
-14467
-8739
-14795
-8779
-14939
-8667
-15195
-8691
-15475
-8699
-15651
-8779
-15891
-8755
-16155
-8779
-16363
-8787
-16587
-8739
-16931
-8779
-17171
-8723
-17363
-8731
-17595
-8691
-17819
-8731
-18043
-8763
-18299
-8779
-18515
-8771
-18859
-9019
125
-8931
-51
-8907
-371
-8931
-635
-8995
-859
-8995
-1115
-8987
-1243
-8931
-1595
-8987
-1731
-8907
-2051
-8987
-2203
-8995
-2475
-8915
-2779
-9011
-2963
-8955
-3171
-8907
-3387
-8987
-3739
-9027
-3939
-8995
-4227
-8907
-4427
-8939
-4715
-8907
-4843
-9019
-5099
-9027
-5427
-8995
-5675
-8979
-5891
-8995
-6131
-9027
-6387
-8963
-6587
-9019
-6843
-9011
-7099
-9027
-7243
-8987
-7499
-8939
-7803
-8995
-7947
-8987
-8299
-8963
-8539
-8987
-8755
-8987
-8923
-8963
-9219
-8971
-9467
-9011
-9643
-8987
-9915
-9019
-10163
-9035
-10379
-8995
-10587
-8995
-10843
-9027
-11171
-8947
-11355
-8939
-11667
-8955
-11899
-8979
-12067
-9011
-12379
-8955
-12555
-9035
-12843
-9035
-12987
-8923
-13323
-9027
-13579
-9003
-13731
-8931
-14043
-8995
-14227
-8963
-14507
-9027
-14683
-9011
-15003
-8987
-15171
-8979
-15419
-9027
-15739
-9035
-15883
-8971
-16163
-8955
-16475
-9027
-16659
-9003
-16923
-8963
-17075
-8979
-17403
-8947
-17627
-9035
-17819
-8979
-18107
-9011
-18275
-8995
-18627
-9003
-18867
-9211
125
-9195
-155
-9235
-347
-9235
-523
-9155
-755
-9275
-1035
-9179
-1355
-9147
-1547
-9179
-1779
-9251
-1979
-9211
-2195
-9259
-2451
-9235
-2739
-9211
-2963
-9171
-3171
-9259
-3411
-9219
-3667
-9243
-3963
-9155
-4179
-9211
-4451
-9163
-4715
-9251
-4891
-9219
-5067
-9163
-5427
-9211
-5627
-9147
-5915
-9275
-6147
-9147
-6355
-9179
-6539
-9275
-6747
-9163
-6995
-9195
-7227
-9227
-7515
-9187
-7763
-9211
-8043
-9227
-8259
-9267
-8459
-9275
-8747
-9163
-8939
-9267
-9227
-9227
-9403
-9163
-9667
-9147
-9987
-9171
-10171
-9267
-10427
-9187
-10659
-9219
-10955
-9275
-11083
-9187
-11323
-9251
-11595
-9179
-11899
-9259
-12099
-9147
-12275
-9251
-12547
-9251
-12819
-9267
-12995
-9187
-13355
-9235
-13499
-9251
-13715
-9227
-13987
-9267
-14235
-9235
-14499
-9155
-14691
-9187
-14931
-9235
-15163
-9211
-15387
-9187
-15699
-9203
-15923
-9203
-16219
-9267
-16467
-9251
-16715
-9275
-16939
-9147
-17091
-9211
-17395
-9227
-17587
-9155
-17811
-9259
-18155
-9251
-18395
-9187
-18531
-9259
-18827
-9491
109
-9403
-99
-9467
-283
-9467
-587
-9491
-819
-9467
-1051
-9435
-1299
-9499
-1563
-9387
-1771
-9507
-2059
-9451
-2299
-9419
-2459
-9387
-2699
-9411
-2907
-9427
-3219
-9435
-3395
-9499
-3723
-9467
-3995
-9475
-4203
-9515
-4411
-9435
-4627
-9507
-4931
-9411
-5179
-9459
-5315
-9507
-5555
-9451
-5915
-9483
-6027
-9443
-6267
-9515
-6603
-9499
-6819
-9491
-7051
-9419
-7339
-9403
-7587
-9395
-7819
-9443
-8003
-9515
-8211
-9395
-8499
-9499
-8707
-9475
-8979
-9459
-9203
-9507
-9467
-9499
-9627
-9507
-9979
-9515
-10187
-9507
-10395
-9507
-10619
-9419
-10843
-9427
-11179
-9507
-11363
-9451
-11547
-9483
-11899
-9451
-12115
-9435
-12395
-9515
-12531
-9419
-12835
-9507
-13083
-9395
-13259
-9491
-13539
-9475
-13803
-9515
-14059
-9419
-14267
-9435
-14451
-9515
-14699
-9467
-14931
-9475
-15259
-9451
-15411
-9443
-15675
-9491
-15899
-9507
-16203
-9387
-16403
-9515
-16619
-9427
-16899
-9515
-17083
-9403
-17363
-9491
-17651
-9499
-17883
-9475
-18075
-9515
-18339
-9411
-18635
-9395
-18819
-9739
133
-9723
-91
-9747
-323
-9739
-515
-9627
-827
-9667
-1019
-9659
-1331
-9651
-1467
-9691
-1723
-9731
-2011
-9739
-2259
-9747
-2547
-9667
-2795
-9675
-3003
-9747
-3259
-9747
-3507
-9699
-3731
-9683
-3899
-9683
-4131
-9731
-4435
-9715
-4699
-9707
-4915
-9643
-5091
-9731
-5363
-9739
-5643
-9667
-5867
-9675
-6123
-9627
-6355
-9747
-6611
-9715
-6843
-9723
-7099
-9699
-7307
-9659
-7531
-9715
-7819
-9755
-8011
-9739
-8203
-9715
-8443
-9675
-8707
-9723
-8931
-9667
-9227
-9691
-9443
-9731
-9683
-9731
-9979
-9627
-10227
-9715
-10459
-9723
-10707
-9643
-10843
-9683
-11187
-9715
-11315
-9739
-11547
-9739
-11875
-9667
-12155
-9755
-12379
-9699
-12587
-9683
-12795
-9723
-13091
-9747
-13299
-9747
-13499
-9755
-13795
-9707
-13971
-9659
-14187
-9715
-14451
-9739
-14683
-9699
-14923
-9731
-15275
-9739
-15467
-9747
-15715
-9723
-15995
-9691
-16195
-9731
-16347
-9715
-16715
-9731
-16939
-9715
-17155
-9651
-17395
-9699
-17579
-9755
-17795
-9707
-18107
-9747
-18395
-9731
-18531
-9691
-18867
-9947
85
-9995
-155
-9867
-371
-9979
-627
-9963
-867
-9987
-1051
-9979
-1315
-9995
-1491
-9995
-1827
-9955
-2051
-9963
-2299
-9939
-2539
-9987
-2723
-9899
-3019
-9899
-3267
-9971
-3395
-9891
-3635
-9995
-3971
-9987
-4139
-9955
-4387
-9987
-4659
-9995
-4955
-9899
-5083
-9915
-5331
-9995
-5603
-9947
-5811
-9979
-6043
-9987
-6387
-9955
-6547
-9963
-6779
-9931
-7107
-9979
-7339
-9971
-7475
-9899
-7723
-9995
-7995
-9915
-8227
-9947
-8435
-9995
-8691
-9987
-9027
-9899
-9259
-9987
-9499
-9971
-9659
-9891
-9995
-9987
-10147
-9979
-10419
-9955
-10619
-9875
-10891
-9907
-11067
-9963
-11323
-9907
-11547
-9891
-11891
-9915
-12123
-9955
-12283
-9907
-12635
-9995
-12859
-9947
-13035
-9963
-13323
-9963
-13467
-9899
-13747
-9907
-13979
-9987
-14259
-9907
-14507
-9995
-14683
-9875
-14955
-9891
-15187
-9939
-15451
-9955
-15659
-9979
-15883
-9923
-16155
-9955
-16419
-9971
-16619
-9883
-16843
-9995
-17099
-9939
-17355
-9955
-17587
-9891
-17803
-9947
-18083
-9947
-18307
-9963
-18531
-9923
-18827
-10195
141
-10235
-75
-10219
-291
-10139
-515
-10107
-843
-10163
-1107
-10147
-1355
-10123
-1571
-10147
-1731
-10227
-2027
-10147
-2251
-10195
-2523
-10203
-2707
-10219
-3011
-10131
-3219
-10211
-3507
-10147
-3627
-10139
-3955
-10147
-4179
-10187
-4347
-10235
-4587
-10187
-4883
-10203
-5091
-10139
-5323
-10195
-5555
-10187
-5819
-10203
-6075
-10211
-6363
-10211
-6603
-10155
-6819
-10219
-7099
-10211
-7355
-10107
-7483
-10179
-7819
-10219
-7995
-10179
-8251
-10211
-8451
-10131
-8731
-10227
-8955
-10147
-9267
-10171
-9419
-10179
-9731
-10179
-9955
-10131
-10179
-10235
-10435
-10195
-10635
-10131
-10867
-10235
-11163
-10219
-11411
-10155
-11595
-10203
-11811
-10147
-12091
-10155
-12323
-10195
-12563
-10235
-12835
-10187
-12995
-10163
-13315
-10227
-13555
-10187
-13755
-10171
-13987
-10235
-14267
-10171
-14507
-10195
-14667
-10211
-14987
-10195
-15171
-10147
-15443
-10235
-15643
-10179
-15883
-10123
-16107
-10235
-16379
-10227
-16699
-10211
-16883
-10147
-17179
-10227
-17339
-10147
-17659
-10163
-17803
-10155
-18043
-10219
-18339
-10155
-18555
-10139
-18851
-10443
125
-10427
-155
-10411
-315
-10427
-595
-10467
-843
-10475
-1027
-10443
-1259
-10427
-1507
-10419
-1771
-10467
-1987
-10443
-2235
-10419
-2427
-10443
-2699
-10467
-2971
-10451
-3219
-10427
-3451
-10435
-3635
-10411
-3923
-10427
-4139
-10451
-4395
-10475
-4603
-10411
-4827
-10427
-5067
-10419
-5403
-10443
-5635
-10411
-5891
-10467
-6059
-10467
-6267
-10467
-6515
-10443
-6827
-10475
-7003
-10411
-7283
-10419
-7531
-10427
-7731
-10411
-8043
-10475
-8259
-10459
-8435
-10411
-8747
-10411
-8995
-10427
-9195
-10435
-9419
-10427
-9683
-10443
-9899
-10475
-10219
-10467
-10475
-10451
-10587
-10475
-10939
-10467
-11115
-10427
-11355
-10435
-11675
-10411
-11867
-10427
-12107
-10459
-12395
-10443
-12571
-10427
-12843
-10427
-13115
-10435
-13251
-10475
-13563
-10467
-13731
-10443
-14035
-10435
-14267
-10427
-14507
-10443
-14779
-10427
-14931
-10467
-15187
-10411
-15395
-10411
-15667
-10475
-15883
-10419
-16107
-10411
-16411
-10459
-16683
-10475
-16843
-10419
-17091
-10467
-17339
-10467
-17675
-10459
-17811
-10411
-18099
-10411
-18395
-10475
-18619
-10467
-18867
