117
311
452
-10
241
-280
245
-537
311
-723
185
-1050
210
-1274
407
-1539
249
-1721
151
-1915
259
-2210
87
-2447
243
-2687
471
-2929
127
-3255
147
-3369
169
-3603
135
-3915
351
-4101
155
-4401
181
-4567
117
-4823
141
-5115
85
-5331
117
-5623
117
-5851
133
-6023
109
-6371
117
-6571
101
-6755
85
-7051
85
-7235
149
-7519
101
-7707
149
-8067
85
-8187
149
-8431
141
-8687
125
-8875
149
-9163
93
-9375
149
-9667
133
-9979
93
-10219
93
-10387
141
-10643
85
-10923
93
-11099
125
-11331
85
-11603
141
-11811
85
-12043
133
-12387
85
-12571
93
-12851
125
-13043
141
-13283
85
-13483
117
-13755
141
-14059
117
-14195
141
-14491
149
-14739
109
-14947
141
-15195
85
-15499
125
-15643
85
-15899
93
-16179
101
-16451
85
-16603
149
-16923
85
-17155
125
-17355
125
-17667
117
-17803
141
-18083
101
-18323
85
-18571
109
-18843
-139
533
-27
-116
-121
-295
-116
-494
-23
-835
-97
-1100
-45
-1287
-130
-1500
-114
-1762
-81
-2010
-87
-2237
-79
-2495
-85
-2699
-91
-2979
-127
-3173
-55
-3471
-127
-3647
-131
-3895
-65
-4097
-95
-4333
-107
-4693
-27
-4935
-99
-5075
-115
-5319
-143
-5615
-139
-5851
-67
-6135
-43
-6275
-91
-6547
-55
-6839
-115
-7043
-119
-7255
-91
-7463
-99
-7791
-123
-8015
-59
-8227
-131
-8427
-23
-8671
-103
-8943
-91
-9215
-11
-9483
-107
-9635
-27
-9931
-155
-10211
-27
-10443
-51
-10707
-99
-10891
-155
-11123
-59
-11307
-75
-11555
-99
-11907
-107
-12083
-59
-12323
-155
-12619
-131
-12875
-99
-13067
-147
-13267
-91
-13475
-115
-13755
-35
-14019
-99
-14219
-43
-14523
-123
-14715
-35
-14979
-131
-15259
-147
-15499
-75
-15659
-59
-15963
-139
-16179
-75
-16427
-99
-16635
-75
-16955
-67
-17131
-59
-17379
-43
-17555
-123
-17859
-59
-18043
-123
-18267
-115
-18619
-131
-18827
-307
1314
-297
-47
-375
-333
-377
-607
-317
-721
-301
-1057
-256
-1245
-304
-1471
-363
-1803
-329
-1981
-319
-2269
-259
-2427
-297
-2721
-255
-2977
-317
-3229
-345
-3375
-339
-3709
-359
-3887
-259
-4183
-379
-4359
-251
-4649
-347
-4899
-243
-5083
-375
-5351
-255
-5619
-319
-5819
-335
-6063
-343
-6363
-355
-6583
-395
-6747
-311
-7027
-339
-7247
-319
-7459
-299
-7699
-351
-8043
-375
-8203
-319
-8471
-287
-8759
-343
-8907
-367
-9231
-347
-9467
-347
-9651
-323
-9987
-275
-10107
-371
-10379
-387
-10587
-323
-10907
-379
-11147
-355
-11387
-371
-11627
-307
-11795
-307
-12091
-387
-12323
-355
-12611
-371
-12763
-363
-13035
-315
-13283
-355
-13563
-363
-13739
-331
-14027
-347
-14259
-363
-14539
-387
-14795
-299
-14955
-371
-15171
-323
-15483
-275
-15707
-347
-15955
-339
-16219
-275
-16395
-275
-16611
-339
-16835
-323
-17099
-363
-17387
-307
-17659
-387
-17811
-371
-18027
-395
-18355
-283
-18531
-387
-18819
-586
1931
-514
-15
-586
-324
-601
-531
-569
-802
-605
-1035
-527
-1225
-628
-1472
-499
-1705
-591
-2025
-579
-2182
-623
-2423
-511
-2745
-621
-2987
-551
-3159
-497
-3477
-549
-3733
-617
-3939
-585
-4099
-611
-4447
-531
-4587
-539
-4831
-507
-5111
-531
-5339
-535
-5627
-527
-5907
-627
-6011
-607
-6315
-575
-6571
-559
-6783
-515
-6991
-575
-7287
-611
-7523
-499
-7727
-567
-7971
-619
-8255
-523
-8483
-623
-8775
-591
-8907
-607
-9127
-515
-9463
-579
-9691
-611
-9883
-627
-10155
-507
-10355
-555
-10627
-595
-10867
-611
-11147
-627
-11371
-595
-11595
-539
-11787
-563
-12027
-531
-12387
-579
-12571
-579
-12851
-635
-12987
-619
-13315
-547
-13555
-635
-13747
-579
-14075
-563
-14291
-587
-14547
-635
-14723
-547
-15011
-563
-15227
-595
-15419
-547
-15659
-547
-15867
-579
-16179
-523
-16355
-579
-16707
-571
-16915
-571
-17163
-579
-17331
-619
-17603
-531
-17795
-595
-18107
-587
-18363
-579
-18571
-603
-18867
-799
805
-837
-37
-827
-329
-818
-549
-741
-838
-827
-1079
-799
-1219
-851
-1458
-802
-1702
-757
-1998
-839
-2284
-735
-2499
-847
-2755
-835
-2915
-839
-3137
-809
-3403
-795
-3711
-807
-3947
-811
-4081
-761
-4367
-809
-4695
-783
-4843
-839
-5083
-831
-5283
-835
-5551
-747
-5787
-787
-6103
-835
-6335
-795
-6579
-759
-6771
-735
-7027
-831
-7219
-871
-7491
-843
-7767
-831
-7995
-819
-8247
-799
-8435
-763
-8747
-799
-8951
-775
-9219
-731
-9515
-819
-9643
-795
-9875
-875
-10203
-835
-10395
-859
-10699
-755
-10915
-835
-11195
-859
-11323
-787
-11643
-835
-11875
-867
-12139
-819
-12363
-835
-12547
-859
-12755
-795
-13067
-867
-13347
-835
-13515
-819
-13803
-819
-14051
-835
-14307
-771
-14427
-875
-14715
-843
-15019
-851
-15211
-867
-15435
-787
-15755
-827
-15939
-851
-16107
-843
-16459
-835
-16707
-835
-16883
-851
-17163
-787
-17387
-827
-17611
-851
-17819
-787
-18059
-859
-18299
-835
-18555
-803
-18827
-1075
2002
-987
-114
-1055
-386
-957
-523
-1005
-798
-1027
-1022
-1047
-1238
-997
-1541
-1006
-1785
-1041
-1969
-1068
-2207
-1055
-2541
-1035
-2655
-1087
-2903
-971
-3139
-1021
-3475
-1089
-3657
-1049
-3977
-1083
-4115
-1107
-4367
-1031
-4601
-1075
-4931
-1103
-5171
-1039
-5355
-995
-5623
-1087
-5855
-1075
-6135
-1059
-6327
-1055
-6599
-1059
-6827
-1083
-7055
-1091
-7211
-1047
-7515
-1027
-7691
-1095
-8035
-1063
-8235
-1099
-8499
-1051
-8751
-1075
-8935
-979
-9199
-1111
-9515
-995
-9723
-1059
-9963
-1059
-10187
-1003
-10411
-1107
-10619
-1083
-10907
-1115
-11067
-1091
-11339
-1091
-11651
-1099
-11803
-1107
-12139
-1067
-12331
-1027
-12531
-1043
-12763
-1091
-13075
-995
-13331
-1027
-13507
-1115
-13731
-1115
-14019
-1067
-14227
-1091
-14491
-1099
-14707
-1075
-14963
-995
-15243
-1115
-15451
-1059
-15731
-1027
-15987
-1043
-16163
-1043
-16443
-1011
-16651
-1075
-16859
-1107
-17179
-1099
-17355
-1091
-17579
-1043
-17835
-1011
-18027
-1075
-18331
-1107
-18523
-1019
-18811
-1331
784
-1327
-102
-1271
-301
-1319
-482
-1296
-777
-1281
-1078
-1203
-1209
-1311
-1555
-1290
-1817
-1289
-1993
-1256
-2263
-1277
-2477
-1263
-2651
-1323
-2955
-1203
-3253
-1239
-3385
-1315
-3703
-1297
-3941
-1233
-4089
-1227
-4321
-1283
-4653
-1271
-4835
-1271
-5083
-1347
-5291
-1223
-5599
-1295
-5811
-1299
-6135
-1231
-6243
-1255
-6615
-1211
-6815
-1219
-7083
-1343
-7247
-1323
-7471
-1211
-7751
-1287
-7927
-1291
-8179
-1287
-8503
-1283
-8735
-1303
-8939
-1247
-9171
-1283
-9507
-1347
-9715
-1315
-9931
-1243
-10139
-1323
-10411
-1235
-10603
-1259
-10915
-1227
-11067
-1267
-11379
-1283
-11603
-1347
-11843
-1291
-12051
-1355
-12299
-1307
-12539
-1259
-12795
-1323
-12987
-1235
-13315
-1347
-13587
-1323
-13747
-1315
-13987
-1243
-14259
-1331
-14539
-1235
-14715
-1275
-14907
-1331
-15235
-1355
-15499
-1331
-15683
-1339
-15867
-1291
-16155
-1299
-16435
-1331
-16627
-1283
-16947
-1331
-17091
-1267
-17339
-1307
-17619
-1299
-17859
-1243
-18083
-1339
-18307
-1331
-18555
-1299
-18819
-1579
1249
-1471
-107
-1553
-339
-1541
-555
-1515
-713
-1595
-1015
-1523
-1311
-1475
-1449
-1577
-1797
-1447
-1977
-1535
-2259
-1553
-2527
-1471
-2687
-1523
-2999
-1561
-3227
-1547
-3357
-1521
-3691
-1543
-3917
-1455
-4123
-1531
-4433
-1539
-4607
-1471
-4811
-1563
-5115
-1559
-5375
-1543
-5579
-1515
-5839
-1499
-6131
-1559
-6375
-1539
-6571
-1583
-6811
-1483
-7027
-1499
-7327
-1491
-7451
-1571
-7779
-1527
-8051
-1531
-8291
-1527
-8459
-1563
-8739
-1523
-8919
-1559
-9143
-1507
-9431
-1475
-9699
-1555
-9915
-1595
-10131
-1547
-10419
-1483
-10619
-1587
-10851
-1571
-11075
-1531
-11331
-1571
-11547
-1547
-11811
-1475
-12139
-1571
-12347
-1555
-12523
-1571
-12747
-1555
-13027
-1499
-13243
-1579
-13563
-1507
-13827
-1547
-14019
-1555
-14187
-1531
-14451
-1491
-14699
-1547
-14931
-1571
-15227
-1563
-15491
-1515
-15699
-1587
-15867
-1571
-16187
-1531
-16411
-1555
-16699
-1523
-16867
-1491
-17115
-1563
-17331
-1539
-17651
-1483
-17867
-1531
-18139
-1483
-18347
-1587
-18555
-1475
-18859
-1795
2271
-1791
-67
-1795
-309
-1815
-501
-1787
-797
-1713
-1095
-1705
-1235
-1753
-1489
-1755
-1803
-1831
-1973
-1809
-2283
-1727
-2489
-1787
-2709
-1699
-2901
-1797
-3191
-1719
-3447
-1723
-3615
-1731
-3931
-1723
-4085
-1737
-4323
-1785
-4679
-1719
-4883
-1815
-5087
-1827
-5391
-1771
-5531
-1775
-5887
-1779
-6027
-1771
-6295
-1735
-6547
-1791
-6755
-1683
-7107
-1791
-7275
-1823
-7451
-1707
-7787
-1743
-8047
-1803
-8171
-1739
-8411
-1787
-8675
-1743
-8931
-1775
-9163
-1819
-9459
-1747
-9699
-1731
-9915
-1755
-10187
-1835
-10363
-1835
-10603
-1707
-10923
-1819
-11131
-1835
-11427
-1803
-11659
-1811
-11803
-1787
-12115
-1827
-12339
-1715
-12595
-1819
-12747
-1771
-13083
-1723
-13291
-1811
-13467
-1787
-13755
-1763
-14051
-1811
-14243
-1763
-14531
-1795
-14691
-1795
-14947
-1755
-15147
-1771
-15483
-1827
-15659
-1715
-15875
-1795
-16235
-1723
-16435
-1715
-16707
-1795
-16955
-1835
-17195
-1803
-17331
-1795
-17659
-1787
-17891
-1763
-18115
-1811
-18363
-1819
-18619
-1835
-18819
-2075
621
-1943
-41
-2039
-235
-1991
-561
-2075
-775
-1965
-983
-1975
-1287
-1967
-1507
-2007
-1769
-2069
-2017
-1939
-2161
-1995
-2489
-2017
-2689
-1999
-3015
-1997
-3239
-2035
-3427
-2071
-3635
-2015
-3961
-1991
-4123
-1991
-4463
-1949
-4685
-1991
-4835
-2043
-5135
-2067
-5371
-2027
-5619
-2015
-5795
-2035
-6083
-2043
-6283
-2059
-6519
-2039
-6843
-2023
-7047
-2043
-7275
-1983
-7451
-1927
-7755
-2007
-7967
-2023
-8203
-2067
-8415
-2043
-8739
-1987
-9003
-2035
-9191
-1987
-9483
-2067
-9643
-2075
-9867
-2051
-10219
-2075
-10475
-2059
-10619
-1947
-10843
-1995
-11155
-1995
-11355
-2027
-11675
-1979
-11899
-1947
-12075
-2043
-12355
-1963
-12611
-2027
-12827
-2051
-13043
-2051
-13251
-2043
-13539
-2051
-13739
-2075
-14003
-2019
-14291
-1987
-14515
-1995
-14787
-2051
-14955
-2075
-15155
-2011
-15507
-2011
-15683
-1963
-15883
-2075
-16171
-2027
-16411
-1979
-16651
-2067
-16875
-1963
-17187
-2035
-17363
-2059
-17603
-2003
-17795
-1971
-18139
-2075
-18275
-2067
-18547
-2011
-18859
-2275
2087
-2213
-115
-2229
-295
-2277
-521
-2299
-775
-2233
-983
-2263
-1271
-2299
-1559
-2285
-1735
-2295
-1943
-2187
-2247
-2179
-2521
-2219
-2653
-2187
-2999
-2283
-3243
-2289
-3433
-2261
-3629
-2207
-3935
-2179
-4103
-2247
-4429
-2217
-4667
-2283
-4855
-2239
-5123
-2195
-5419
-2187
-5515
-2295
-5883
-2287
-6003
-2215
-6371
-2227
-6547
-2231
-6775
-2275
-7003
-2227
-7239
-2311
-7467
-2247
-7691
-2291
-7991
-2243
-8283
-2303
-8435
-2235
-8707
-2283
-9011
-2315
-9135
-2235
-9367
-2211
-9659
-2299
-9955
-2259
-10179
-2307
-10467
-2211
-10635
-2259
-10947
-2307
-11171
-2203
-11315
-2267
-11627
-2275
-11819
-2299
-12139
-2307
-12299
-2243
-12563
-2315
-12747
-2291
-13083
-2267
-13251
-2243
-13467
-2275
-13747
-2299
-14051
-2267
-14259
-2299
-14499
-2299
-14739
-2291
-15035
-2243
-15227
-2243
-15467
-2243
-15691
-2187
-15907
-2259
-16115
-2203
-16379
-2275
-16675
-2227
-16867
-2275
-17131
-2219
-17419
-2307
-17555
-2275
-17891
-2283
-18147
-2195
-18379
-2283
-18603
-2219
-18851
-2547
533
-2427
-35
-2547
-363
-2483
-597
-2519
-767
-2523
-979
-2435
-1229
-2497
-1553
-2429
-1781
-2527
-1991
-2455
-2223
-2463
-2455
-2415
-2687
-2497
-2995
-2529
-3235
-2415
-3475
-2479
-3701
-2507
-3939
-2473
-4115
-2459
-4363
-2459
-4635
-2435
-4919
-2531
-5135
-2459
-5331
-2527
-5635
-2507
-5907
-2431
-6111
-2555
-6279
-2491
-6543
-2487
-6731
-2479
-7019
-2439
-7347
-2443
-7483
-2475
-7743
-2399
-7967
-2523
-8175
-2467
-8467
-2475
-8691
-2539
-8935
-2447
-9143
-2507
-9411
-2475
-9723
-2475
-9923
-2555
-10219
-2539
-10435
-2547
-10659
-2427
-10883
-2539
-11131
-2547
-11307
-2523
-11595
-2483
-11859
-2507
-12139
-2547
-12371
-2547
-12635
-2539
-12811
-2483
-13043
-2547
-13243
-2547
-13531
-2483
-13787
-2459
-13995
-2547
-14235
-2515
-14531
-2427
-14691
-2451
-15011
-2475
-15163
-2467
-15419
-2555
-15651
-2555
-15939
-2451
-16227
-2499
-16403
-2539
-16659
-2491
-16955
-2507
-17115
-2515
-17331
-2539
-17667
-2499
-17795
-2451
-18123
-2467
-18267
-2443
-18611
-2499
-18827
-2667
425
-2783
-123
-2747
-283
-2763
-567
-2711
-779
-2731
-1043
-2739
-1299
-2783
-1519
-2687
-1751
-2731
-2023
-2727
-2227
-2771
-2459
-2763
-2675
-2783
-2911
-2739
-3123
-2771
-3443
-2739
-3711
-2775
-3919
-2695
-4147
-2763
-4439
-2731
-4643
-2707
-4935
-2747
-5127
-2755
-5379
-2703
-5579
-2747
-5815
-2755
-6111
-2755
-6251
-2731
-6535
-2655
-6807
-2671
-7035
-2775
-7259
-2735
-7487
-2715
-7819
-2707
-7971
-2763
-8199
-2739
-8423
-2715
-8655
-2739
-8931
-2707
-9131
-2751
-9363
-2683
-9731
-2763
-9883
-2739
-10211
-2699
-10459
-2787
-10611
-2707
-10955
-2787
-11107
-2715
-11403
-2699
-11555
-2707
-11907
-2763
-12067
-2699
-12347
-2795
-12619
-2755
-12747
-2787
-13043
-2763
-13259
-2691
-13491
-2795
-13763
-2715
-14011
-2771
-14235
-2795
-14483
-2699
-14787
-2707
-14947
-2691
-15171
-2755
-15411
-2691
-15683
-2723
-15995
-2691
-16115
-2771
-16419
-2691
-16667
-2707
-16947
-2795
-17123
-2795
-17395
-2771
-17563
-2787
-17803
-2763
-18099
-2779
-18267
-2683
-18627
-2723
-18875
-3007
109
-2903
-115
-3035
-295
-2943
-559
-2915
-807
-2963
-1055
-2971
-1315
-2963
-1563
-2931
-1763
-2959
-2035
-2987
-2223
-2927
-2531
-2971
-2699
-2983
-2971
-2991
-3179
-2971
-3463
-2959
-3687
-2967
-3995
-2939
-4179
-2983
-4459
-2995
-4651
-3007
-4819
-2983
-5123
-2959
-5307
-2959
-5587
-2915
-5847
-2955
-6027
-2939
-6243
-2967
-6499
-2971
-6851
-3007
-7023
-2911
-7315
-2931
-7527
-2955
-7803
-3007
-8027
-2995
-8255
-2979
-8511
-2899
-8651
-2959
-8963
-2903
-9275
-3003
-9491
-2955
-9747
-3019
-9867
-2955
-10171
-2979
-10475
-2947
-10627
-2963
-10827
-3003
-11163
-2947
-11355
-3011
-11667
-2915
-11891
-3011
-12147
-3019
-12267
-2939
-12579
-3003
-12755
-2995
-13043
-2987
-13267
-2947
-13571
-2963
-13755
-2915
-14011
-2955
-14219
-3035
-14435
-2963
-14683
-2947
-14907
-2987
-15267
-2979
-15459
-2947
-15643
-2979
-15979
-2907
-16115
-2971
-16411
-2987
-16603
-2955
-16827
-3027
-17139
-3003
-17307
-2963
-17603
-2971
-17875
-2979
-18067
-2931
-18299
-2971
-18603
-2979
-18875
-3243
141
-3231
-59
-3215
-263
-3243
-587
-3195
-763
-3251
-1043
-3215
-1319
-3231
-1499
-3235
-1759
-3251
-1995
-3203
-2259
-3259
-2523
-3219
-2687
-3263
-2955
-3155
-3131
-3247
-3471
-3203
-3695
-3239
-3895
-3243
-4127
-3159
-4359
-3219
-4695
-3231
-4827
-3259
-5115
-3147
-5371
-3263
-5663
-3191
-5851
-3175
-6047
-3227
-6367
-3231
-6507
-3239
-6823
-3215
-7063
-3223
-7299
-3167
-7587
-3215
-7707
-3191
-7987
-3239
-8235
-3239
-8503
-3183
-8747
-3151
-8979
-3255
-9263
-3243
-9387
-3267
-9635
-3275
-9971
-3147
-10163
-3171
-10419
-3235
-10691
-3259
-10915
-3259
-11067
-3203
-11435
-3243
-11611
-3227
-11899
-3235
-12043
-3259
-12371
-3203
-12539
-3147
-12827
-3147
-13091
-3155
-13283
-3219
-13467
-3267
-13747
-3195
-14003
-3267
-14315
-3203
-14483
-3259
-14747
-3155
-15035
-3147
-15267
-3219
-15467
-3219
-15659
-3195
-15891
-3195
-16235
-3267
-16435
-3227
-16707
-3171
-16899
-3171
-17123
-3219
-17387
-3243
-17571
-3155
-17907
-3267
-18075
-3219
-18339
-3211
-18619
-3235
-18827
-3511
93
-3439
-139
-3431
-307
-3439
-595
-3455
-747
-3415
-1071
-3451
-1235
-3403
-1551
-3379
-1767
-3491
-1967
-3491
-2223
-3475
-2515
-3479
-2691
-3375
-3003
-3467
-3227
-3499
-3403
-3419
-3639
-3423
-3919
-3487
-4111
-3391
-4379
-3443
-4623
-3451
-4887
-3455
-5063
-3459
-5299
-3407
-5651
-3443
-5783
-3499
-6099
-3455
-6359
-3439
-6523
-3427
-6735
-3399
-7091
-3443
-7303
-3367
-7579
-3391
-7731
-3483
-8027
-3483
-8291
-3411
-8503
-3499
-8683
-3411
-8983
-3399
-9143
-3455
-9455
-3515
-9643
-3483
-9963
-3491
-10147
-3491
-10347
-3491
-10675
-3451
-10851
-3403
-11187
-3491
-11379
-3403
-11571
-3515
-11867
-3491
-12107
-3491
-12363
-3459
-12635
-3459
-12787
-3507
-13075
-3395
-13323
-3475
-13587
-3515
-13835
-3483
-14011
-3403
-14307
-3467
-14547
-3499
-14795
-3515
-14995
-3387
-15243
-3451
-15419
-3491
-15643
-3427
-15955
-3451
-16139
-3427
-16459
-3515
-16619
-3475
-16891
-3507
-17107
-3443
-17387
-3427
-17675
-3395
-17859
-3459
-18035
-3395
-18395
-3499
-18635
-3419
-18875
-3639
133
-3667
-19
-3703
-319
-3619
-531
-3739
-755
-3723
-1071
-3647
-1255
-3675
-1491
-3719
-1747
-3735
-1983
-3631
-2259
-3715
-2475
-3735
-2679
-3747
-2943
-3703
-3139
-3659
-3467
-3707
-3667
-3739
-3939
-3651
-4191
-3659
-4391
-3631
-4679
-3691
-4867
-3719
-5079
-3667
-5343
-3647
-5619
-3667
-5799
-3715
-6091
-3723
-6339
-3691
-6595
-3699
-6835
-3731
-7059
-3623
-7323
-3735
-7479
-3611
-7803
-3675
-7951
-3735
-8247
-3683
-8427
-3731
-8763
-3735
-8995
-3715
-9179
-3711
-9363
-3643
-9699
-3691
-9907
-3683
-10211
-3675
-10451
-3755
-10707
-3731
-10875
-3731
-11131
-3723
-11387
-3707
-11587
-3691
-11787
-3699
-12131
-3651
-12331
-3755
-12587
-3731
-12795
-3755
-13035
-3699
-13315
-3635
-13491
-3699
-13787
-3707
-13947
-3731
-14203
-3707
-14507
-3739
-14779
-3699
-14955
-3691
-15203
-3723
-15387
-3675
-15723
-3643
-15891
-3691
-16203
-3699
-16371
-3747
-16667
-3739
-16859
-3739
-17195
-3715
-17435
-3635
-17547
-3659
-17883
-3707
-18155
-3651
-18315
-3731
-18579
-3731
-18811
-3979
133
-3919
-99
-3859
-359
-3963
-611
-3979
-863
-3923
-971
-3903
-1235
-3939
-1511
-3931
-1779
-3967
-1975
-3935
-2215
-3955
-2503
-3975
-2743
-3887
-2939
-3927
-3147
-3951
-3483
-3943
-3707
-3927
-3963
-3907
-4143
-3943
-4435
-3983
-4683
-3967
-4887
-3967
-5115
-3995
-5403
-3931
-5583
-3899
-5803
-3947
-6043
-3983
-6263
-3927
-6555
-3967
-6835
-3995
-7007
-3979
-7259
-3959
-7535
-3947
-7719
-3955
-7971
-3859
-8295
-3895
-8419
-3987
-8715
-3871
-8947
-3935
-9131
-3891
-9467
-3963
-9755
-3987
-9955
-3875
-10179
-3995
-10435
-3915
-10643
-3931
-10947
-3987
-11171
-3987
-11323
-3947
-11555
-3891
-11811
-3963
-12075
-3963
-12379
-3987
-12571
-3899
-12771
-3987
-13003
-3987
-13235
-3939
-13571
-3971
-13819
-3995
-13947
-3979
-14211
-3899
-14515
-3923
-14683
-3963
-15011
-3947
-15203
-3971
-15451
-3899
-15691
-3963
-15995
-3923
-16123
-3955
-16371
-3995
-16667
-3907
-16947
-3931
-17123
-3907
-17339
-3931
-17547
-3899
-17843
-3995
-18059
-3955
-18379
-3995
-18563
-3939
-18827
-4107
133
-4183
-75
-4183
-367
-4139
-615
-4187
-863
-4179
-1083
-4143
-1323
-4123
-1499
-4115
-1811
-4195
-2011
-4175
-2171
-4163
-2487
-4167
-2719
-4155
-2947
-4155
-3171
-4167
-3399
-4099
-3651
-4139
-3855
-4199
-4151
-4187
-4319
-4111
-4583
-4107
-4955
-4083
-5087
-4171
-5315
-4171
-5595
-4151
-5771
-4179
-6103
-4159
-6355
-4183
-6503
-4115
-6819
-4211
-7111
-4175
-7339
-4211
-7463
-4223
-7815
-4179
-8027
-4127
-8187
-4199
-8507
-4187
-8663
-4155
-8947
-4103
-9171
-4099
-9483
-4235
-9747
-4179
-9907
-4123
-10203
-4155
-10395
-4203
-10603
-4219
-10875
-4227
-11163
-4139
-11427
-4187
-11659
-4147
-11899
-4139
-12059
-4171
-12275
-4171
-12515
-4203
-12875
-4147
-13003
-4219
-13275
-4219
-13475
-4155
-13811
-4187
-13947
-4131
-14187
-4163
-14467
-4187
-14683
-4211
-14955
-4219
-15275
-4211
-15507
-4171
-15651
-4195
-15931
-4123
-16107
-4227
-16371
-4235
-16643
-4187
-16843
-4203
-17067
-4171
-17387
-4171
-17635
-4115
-17851
-4163
-18059
-4187
-18347
-4195
-18579
-4131
-18843
-4359
125
-4383
-43
-4395
-355
-4359
-603
-4435
-743
-4467
-1023
-4459
-1347
-4451
-1463
-4343
-1719
-4351
-2015
-4435
-2195
-4443
-2499
-4383
-2731
-4415
-2999
-4407
-3191
-4399
-3395
-4363
-3715
-4347
-3863
-4451
-4187
-4443
-4387
-4395
-4715
-4355
-4879
-4343
-5175
-4367
-5335
-4443
-5599
-4419
-5875
-4467
-6015
-4347
-6351
-4467
-6615
-4355
-6743
-4439
-6979
-4435
-7319
-4463
-7571
-4387
-7779
-4427
-7959
-4447
-8299
-4407
-8475
-4439
-8779
-4315
-8907
-4387
-9203
-4407
-9359
-4419
-9675
-4419
-9891
-4459
-10211
-4403
-10443
-4355
-10619
-4467
-10915
-4451
-11075
-4403
-11315
-4467
-11643
-4459
-11851
-4467
-12027
-4403
-12291
-4467
-12579
-4459
-12803
-4435
-13107
-4427
-13227
-4475
-13531
-4427
-13779
-4435
-13971
-4395
-14227
-4435
-14507
-4387
-14755
-4443
-15035
-4371
-15163
-4371
-15475
-4475
-15739
-4419
-15947
-4443
-16235
-4475
-16363
-4451
-16627
-4419
-16827
-4475
-17075
-4411
-17419
-4379
-17563
-4427
-17875
-4395
-18099
-4467
-18355
-4403
-18619
-4459
-18851
-4659
85
-4655
-123
-4663
-311
-4647
-627
-4691
-759
-4651
-1067
-4655
-1315
-4647
-1503
-4707
-1719
-4647
-1947
-4627
-2259
-4631
-2415
-4559
-2735
-4647
-3003
-4651
-3195
-4695
-3447
-4707
-3739
-4683
-3867
-4607
-4127
-4563
-4423
-4667
-4663
-4643
-4875
-4687
-5127
-4691
-5403
-4695
-5635
-4627
-5855
-4655
-6071
-4587
-6323
-4663
-6499
-4635
-6739
-4583
-7023
-4651
-7251
-4663
-7543
-4611
-7767
-4711
-8039
-4623
-8291
-4699
-8475
-4639
-8739
-4635
-8963
-4599
-9143
-4571
-9451
-4651
-9731
-4635
-9899
-4715
-10227
-4699
-10371
-4707
-10675
-4635
-10907
-4715
-11123
-4651
-11379
-4683
-11667
-4643
-11819
-4627
-12075
-4707
-12299
-4691
-12627
-4699
-12771
-4707
-13075
-4635
-13323
-4659
-13539
-4659
-13747
-4691
-14027
-4683
-14315
-4659
-14499
-4659
-14763
-4659
-14979
-4675
-15147
-4619
-15459
-4691
-15667
-4595
-15947
-4595
-16139
-4683
-16411
-4667
-16587
-4667
-16931
-4683
-17075
-4643
-17411
-4707
-17611
-4627
-17851
-4675
-18147
-4667
-18395
-4699
-18571
-4611
-18867
-4859
101
-4899
-59
-4895
-259
-4919
-507
-4891
-743
-4923
-1035
-4907
-1235
-4923
-1531
-4951
-1799
-4883
-1995
-4851
-2175
-4943
-2431
-4831
-2779
-4911
-3011
-4843
-3155
-4939
-3475
-4931
-3631
-4903
-3919
-4899
-4207
-4891
-4355
-4915
-4607
-4883
-4855
-4875
-5163
-4895
-5355
-4919
-5543
-4935
-5851
-4851
-6027
-4839
-6339
-4923
-6483
-4911
-6787
-4919
-7023
-4915
-7267
-4947
-7567
-4867
-7771
-4919
-7947
-4891
-8223
-4955
-8483
-4919
-8683
-4827
-8931
-4927
-9219
-4843
-9483
-4867
-9739
-4859
-9867
-4947
-10163
-4907
-10459
-4843
-10611
-4883
-10891
-4923
-11091
-4899
-11339
-4955
-11667
-4947
-11787
-4955
-12147
-4907
-12347
-4947
-12619
-4875
-12859
-4875
-13099
-4907
-13235
-4955
-13571
-4939
-13755
-4915
-13947
-4883
-14291
-4931
-14531
-4883
-14747
-4947
-14939
-4947
-15211
-4931
-15419
-4875
-15683
-4835
-15987
-4955
-16227
-4875
-16451
-4891
-16715
-4851
-16955
-4947
-17083
-4939
-17435
-4883
-17579
-4827
-17867
-4851
-18067
-4915
-18355
-4947
-18555
-4955
-18835
-5103
125
-5131
-107
-5135
-371
-5183
-559
-5107
-811
-5059
-1015
-5183
-1315
-5135
-1555
-5075
-1811
-5155
-1943
-5079
-2211
-5127
-2515
-5063
-2687
-5107
-3003
-5155
-3207
-5107
-3431
-5183
-3719
-5091
-3883
-5171
-4111
-5123
-4427
-5151
-4563
-5115
-4871
-5107
-5147
-5155
-5411
-5087
-5611
-5187
-5851
-5147
-6063
-5183
-6367
-5123
-6567
-5063
-6731
-5147
-7047
-5159
-7347
-5103
-7519
-5083
-7803
-5123
-7979
-5131
-8187
-5151
-8407
-5063
-8739
-5111
-8911
-5067
-9243
-5123
-9367
-5147
-9699
-5083
-9891
-5083
-10131
-5099
-10435
-5147
-10595
-5123
-10867
-5139
-11147
-5179
-11331
-5123
-11611
-5147
-11891
-5107
-12075
-5091
-12307
-5171
-12507
-5099
-12875
-5115
-12995
-5187
-13323
-5139
-13531
-5155
-13779
-5123
-13971
-5163
-14275
-5123
-14483
-5171
-14771
-5163
-14907
-5187
-15243
-5147
-15507
-5147
-15675
-5147
-15883
-5195
-16155
-5091
-16387
-5139
-16683
-5179
-16843
-5123
-17147
-5179
-17371
-5147
-17667
-5147
-17803
-5139
-18099
-5107
-18339
-5099
-18539
-5131
-18835
-5379
101
-5371
-67
-5379
-371
-5339
-595
-5379
-731
-5371
-1075
-5427
-1323
-5427
-1579
-5379
-1707
-5339
-2047
-5403
-2187
-5371
-2495
-5387
-2679
-5307
-3031
-5347
-3139
-5411
-3451
-5419
-3731
-5427
-3963
-5323
-4123
-5331
-4427
-5387
-4635
-5419
-4939
-5419
-5155
-5387
-5395
-5419
-5659
-5427
-5915
-5323
-6043
-5387
-6299
-5371
-6615
-5363
-6875
-5427
-7051
-5323
-7259
-5427
-7539
-5315
-7735
-5419
-8027
-5419
-8299
-5331
-8487
-5403
-8739
-5347
-8987
-5347
-9147
-5379
-9483
-5331
-9675
-5347
-9947
-5411
-10131
-5419
-10459
-5403
-10691
-5435
-10883
-5307
-11147
-5403
-11347
-5307
-11587
-5411
-11803
-5323
-12091
-5419
-12291
-5379
-12571
-5323
-12747
-5387
-13059
-5435
-13243
-5411
-13531
-5347
-13747
-5435
-13987
-5395
-14187
-5363
-14443
-5403
-14795
-5427
-15011
-5435
-15243
-5387
-15419
-5355
-15635
-5307
-15867
-5427
-16195
-5403
-16451
-5435
-16699
-5435
-16899
-5419
-17163
-5347
-17419
-5427
-17635
-5403
-17915
-5387
-18115
-5379
-18315
-5435
-18579
-5435
-18835
-5643
133
-5635
-91
-5635
-283
-5667
-563
-5595
-795
-5651
-995
-5587
-1291
-5627
-1467
-5675
-1819
-5667
-2067
-5675
-2251
-5563
-2443
-5667
-2683
-5651
-3003
-5651
-3203
-5635
-3403
-5587
-3643
-5627
-3883
-5555
-4163
-5571
-4443
-5635
-4627
-5667
-4883
-5611
-5155
-5667
-5363
-5619
-5627
-5587
-5907
-5547
-6099
-5635
-6315
-5675
-6523
-5627
-6763
-5667
-7051
-5667
-7259
-5587
-7555
-5611
-7707
-5675
-8067
-5627
-8299
-5643
-8427
-5651
-8755
-5643
-8987
-5635
-9259
-5643
-9483
-5667
-9715
-5651
-9875
-5659
-10227
-5643
-10395
-5555
-10707
-5659
-10891
-5667
-11139
-5675
-11315
-5651
-11555
-5587
-11907
-5627
-12027
-5547
-12339
-5563
-12579
-5627
-12811
-5587
-13091
-5659
-13251
-5587
-13523
-5595
-13715
-5667
-13955
-5675
-14315
-5635
-14467
-5579
-14715
-5627
-15035
-5667
-15163
-5587
-15459
-5659
-15667
-5587
-15947
-5587
-16195
-5651
-16427
-5651
-16659
-5675
-16843
-5579
-17091
-5595
-17387
-5627
-17659
-5627
-17883
-5563
-18059
-5667
-18291
-5587
-18547
-5627
-18843
-5875
149
-5859
-107
-5883
-395
-5907
-555
-5827
-755
-5843
-1035
-5899
-1259
-5795
-1467
-5859
-1739
-5883
-1979
-5835
-2235
-5787
-2459
-5915
-2787
-5875
-2987
-5915
-3259
-5819
-3411
-5811
-3723
-5891
-3923
-5875
-4131
-5875
-4451
-5835
-4715
-5867
-4939
-5827
-5123
-5883
-5339
-5835
-5571
-5827
-5907
-5867
-6123
-5883
-6291
-5795
-6563
-5883
-6787
-5883
-7067
-5891
-7339
-5843
-7531
-5859
-7763
-5811
-7955
-5843
-8219
-5891
-8467
-5915
-8667
-5891
-9003
-5899
-9171
-5819
-9411
-5843
-9731
-5907
-9923
-5883
-10115
-5843
-10443
-5915
-10587
-5891
-10931
-5811
-11171
-5899
-11435
-5827
-11571
-5915
-11899
-5835
-12139
-5907
-12395
-5915
-12571
-5827
-12859
-5915
-13003
-5899
-13251
-5827
-13499
-5915
-13827
-5899
-14035
-5835
-14227
-5891
-14451
-5835
-14787
-5811
-15035
-5899
-15163
-5859
-15459
-5915
-15675
-5907
-15995
-5907
-16147
-5859
-16443
-5899
-16699
-5811
-16891
-5915
-17091
-5875
-17379
-5867
-17611
-5859
-17843
-5819
-18067
-5875
-18323
-5795
-18531
-5867
-18875
-6147
101
-6083
-83
-6139
-395
-6139
-515
-6155
-819
-6147
-1035
-6083
-1259
-6099
-1483
-6131
-1787
-6147
-2019
-6147
-2283
-6035
-2427
-6027
-2691
-6139
-3003
-6099
-3147
-6131
-3515
-6051
-3667
-6123
-3963
-6147
-4115
-6147
-4403
-6139
-4635
-6091
-4907
-6123
-5163
-6147
-5315
-6147
-5675
-6115
-5827
-6155
-6043
-6155
-6395
-6059
-6579
-6067
-6851
-6147
-7115
-6131
-7307
-6123
-7475
-6115
-7787
-6155
-7995
-6075
-8187
-6083
-8499
-6139
-8683
-6155
-8923
-6091
-9203
-6107
-9459
-6091
-9659
-6123
-9939
-6059
-10211
-6067
-10427
-6155
-10715
-6147
-10947
-6123
-11195
-6147
-11435
-6123
-11603
-6075
-11803
-6139
-12155
-6147
-12291
-6043
-12627
-6123
-12867
-6131
-13027
-6131
-13291
-6155
-13515
-6099
-13771
-6067
-13971
-6043
-14275
-6067
-14499
-6139
-14723
-6107
-14947
-6067
-15259
-6155
-15467
-6075
-15723
-6059
-15963
-6155
-16235
-6099
-16459
-6075
-16619
-6035
-16867
-6051
-17187
-6099
-17379
-6027
-17595
-6115
-17907
-6131
-18115
-6115
-18291
-6107
-18563
-6067
-18859
-6275
93
-6371
-75
-6307
-395
-6299
-539
-6395
-763
-6331
-1107
-6363
-1331
-6355
-1507
-6275
-1803
-6331
-1963
-6355
-2187
-6283
-2515
-6339
-2763
-6339
-2923
-6387
-3163
-6299
-3427
-6395
-3747
-6387
-3971
-6323
-4155
-6371
-4395
-6315
-4643
-6307
-4915
-6331
-5171
-6315
-5435
-6379
-5555
-6323
-5859
-6267
-6139
-6291
-6323
-6371
-6595
-6291
-6779
-6355
-7011
-6307
-7267
-6387
-7547
-6291
-7827
-6387
-7987
-6275
-8267
-6395
-8515
-6371
-8707
-6379
-8915
-6339
-9243
-6395
-9475
-6371
-9739
-6387
-9939
-6379
-10227
-6339
-10347
-6355
-10691
-6347
-10835
-6299
-11171
-6371
-11395
-6339
-11675
-6379
-11891
-6291
-12059
-6339
-12315
-6299
-12627
-6371
-12819
-6395
-13083
-6315
-13235
-6347
-13507
-6363
-13787
-6395
-14003
-6363
-14251
-6355
-14515
-6387
-14715
-6371
-15019
-6355
-15235
-6355
-15411
-6323
-15723
-6355
-15875
-6331
-16195
-6291
-16467
-6355
-16691
-6363
-16867
-6395
-17147
-6371
-17363
-6347
-17547
-6299
-17795
-6395
-18035
-6371
-18291
-6315
-18619
-6291
-18843
-6531
93
-6611
-75
-6619
-331
-6611
-555
-6627
-859
-6627
-1019
-6531
-1267
-6635
-1499
-6627
-1771
-6563
-1947
-6547
-2291
-6539
-2491
-6627
-2795
-6627
-3019
-6635
-3195
-6627
-3499
-6587
-3691
-6515
-3899
-6563
-4171
-6603
-4443
-6555
-4627
-6507
-4827
-6595
-5123
-6507
-5435
-6547
-5579
-6619
-5875
-6635
-6035
-6579
-6323
-6523
-6563
-6555
-6859
-6571
-7107
-6579
-7315
-6587
-7467
-6619
-7771
-6619
-8043
-6555
-8315
-6611
-8539
-6619
-8715
-6571
-9027
-6523
-9227
-6563
-9443
-6635
-9683
-6595
-9955
-6539
-10203
-6523
-10395
-6627
-10715
-6539
-10907
-6515
-11131
-6547
-11427
-6627
-11667
-6531
-11843
-6627
-12043
-6587
-12323
-6539
-12539
-6571
-12779
-6611
-13075
-6627
-13291
-6539
-13499
-6571
-13795
-6579
-14011
-6547
-14203
-6579
-14539
-6611
-14755
-6587
-14963
-6611
-15267
-6587
-15451
-6563
-15755
-6611
-15915
-6619
-16115
-6571
-16387
-6531
-16635
-6611
-16907
-6563
-17195
-6619
-17323
-6619
-17651
-6555
-17891
-6611
-18051
-6635
-18267
-6571
-18563
-6635
-18811
-6819
85
-6827
-147
-6803
-347
-6811
-547
-6843
-803
-6851
-1083
-6787
-1275
-6787
-1523
-6795
-1747
-6867
-2027
-6851
-2211
-6859
-2531
-6859
-2739
-6827
-2907
-6827
-3195
-6867
-3507
-6827
-3683
-6747
-3955
-6851
-4107
-6859
-4355
-6867
-4643
-6771
-4843
-6795
-5147
-6795
-5403
-6747
-5611
-6819
-5883
-6875
-6059
-6811
-6331
-6747
-6539
-6795
-6787
-6827
-6987
-6875
-7251
-6811
-7507
-6875
-7819
-6795
-7987
-6859
-8219
-6779
-8467
-6851
-8739
-6827
-8995
-6779
-9195
-6787
-9411
-6859
-9691
-6875
-9995
-6755
-10163
-6851
-10451
-6811
-10627
-6843
-10867
-6827
-11091
-6835
-11355
-6763
-11603
-6835
-11811
-6843
-12155
-6859
-12323
-6859
-12507
-6771
-12755
-6843
-12987
-6803
-13347
-6835
-13475
-6795
-13731
-6875
-14075
-6835
-14187
-6819
-14515
-6859
-14699
-6851
-14907
-6867
-15171
-6867
-15403
-6859
-15739
-6843
-15995
-6851
-16123
-6803
-16459
-6827
-16667
-6771
-16875
-6859
-17115
-6819
-17363
-6867
-17667
-6859
-17867
-6755
-18075
-6763
-18331
-6851
-18579
-6795
-18819
-7075
109
-7011
-155
-7027
-371
-7027
-523
-7091
-867
-7051
-1115
-7075
-1315
-7083
-1547
-7003
-1795
-7083
-2059
-7075
-2235
-7115
-2483
-7091
-2683
-7011
-2907
-7027
-3275
-7027
-3491
-7091
-3627
-7091
-3939
-7091
-4179
-7115
-4363
-7027
-4715
-7003
-4907
-7107
-5163
-6995
-5331
-7099
-5667
-7051
-5811
-7107
-6155
-7059
-6379
-7003
-6619
-7075
-6859
-7059
-7091
-7075
-7275
-7091
-7587
-7067
-7723
-7115
-8003
-7051
-8307
-7035
-8539
-7075
-8771
-7035
-8915
-7075
-9243
-7075
-9427
-7099
-9699
-7107
-9867
-7099
-10163
-7115
-10475
-7059
-10635
-7091
-10923
-7019
-11075
-7083
-11403
-7059
-11555
-7027
-11787
-7011
-12027
-7115
-12283
-7075
-12571
-7099
-12795
-7091
-13011
-7059
-13235
-7019
-13515
-7043
-13707
-7035
-14011
-7027
-14227
-7091
-14523
-7115
-14755
-7115
-15035
-7115
-15187
-7091
-15507
-7115
-15731
-6995
-15979
-7075
-16123
-7043
-16475
-7075
-16715
-7083
-16899
-7019
-17123
-7107
-17371
-7059
-17619
-7043
-17891
-7003
-18107
-7067
-18267
-7075
-18587
-6987
-18835
-7347
125
-7331
-91
-7331
-283
-7267
-531
-7251
-787
-7275
-1115
-7275
-1227
-7299
-1563
-7307
-1763
-7299
-2059
-7291
-2267
-7347
-2443
-7331
-2675
-7283
-2923
-7315
-3203
-7355
-3427
-7267
-3747
-7323
-3891
-7275
-4115
-7347
-4427
-7283
-4675
-7227
-4947
-7347
-5131
-7355
-5323
-7307
-5659
-7275
-5907
-7331
-6035
-7347
-6307
-7315
-6531
-7355
-6843
-7355
-7075
-7315
-7339
-7315
-7547
-7347
-7771
-7323
-8043
-7251
-8211
-7331
-8515
-7339
-8755
-7259
-9019
-7355
-9211
-7275
-9459
-7227
-9667
-7323
-9995
-7275
-10227
-7355
-10443
-7339
-10611
-7299
-10835
-7323
-11083
-7307
-11395
-7347
-11675
-7307
-11795
-7291
-12139
-7331
-12339
-7291
-12547
-7243
-12867
-7355
-13003
-7355
-13323
-7331
-13523
-7315
-13707
-7347
-14003
-7355
-14259
-7299
-14539
-7235
-14779
-7339
-14987
-7355
-15227
-7227
-15483
-7275
-15747
-7307
-15891
-7339
-16227
-7347
-16363
-7307
-16707
-7347
-16931
-7267
-17083
-7299
-17435
-7283
-17659
-7251
-17803
-7299
-18035
-7299
-18387
-7347
-18531
-7259
-18811
-7539
109
-7595
-155
-7531
-267
-7483
-587
-7587
-811
-7523
-1107
-7499
-1291
-7547
-1499
-7467
-1771
-7571
-2003
-7531
-2195
-7515
-2459
-7579
-2755
-7555
-2915
-7555
-3211
-7507
-3483
-7547
-3643
-7507
-3891
-7539
-4171
-7595
-4435
-7491
-4595
-7539
-4923
-7539
-5067
-7507
-5331
-7587
-5571
-7555
-5915
-7483
-6051
-7587
-6371
-7555
-6619
-7531
-6867
-7539
-7059
-7595
-7307
-7539
-7491
-7467
-7779
-7563
-7987
-7571
-8195
-7547
-8475
-7499
-8731
-7531
-8915
-7539
-9235
-7563
-9419
-7579
-9651
-7571
-9875
-7571
-10131
-7547
-10459
-7587
-10683
-7475
-10947
-7587
-11099
-7483
-11331
-7483
-11611
-7539
-11835
-7595
-12139
-7531
-12339
-7507
-12523
-7579
-12851
-7595
-13003
-7547
-13235
-7539
-13555
-7571
-13723
-7547
-14051
-7547
-14187
-7531
-14451
-7523
-14723
-7555
-14971
-7491
-15235
-7587
-15419
-7507
-15699
-7539
-15995
-7555
-16115
-7507
-16459
-7515
-16627
-7571
-16835
-7579
-17147
-7595
-17339
-7555
-17547
-7555
-17851
-7555
-18027
-7547
-18363
-7531
-18635
-7475
-18867
-7763
93
-7795
-115
-7763
-275
-7755
-603
-7755
-763
-7803
-987
-7747
-1267
-7803
-1587
-7715
-1747
-7819
-1963
-7787
-2291
-7819
-2475
-7803
-2763
-7835
-3003
-7755
-3211
-7819
-3491
-7715
-3635
-7795
-3955
-7771
-4171
-7731
-4419
-7803
-4627
-7779
-4939
-7819
-5107
-7835
-5347
-7787
-5643
-7715
-5891
-7803
-6139
-7771
-6379
-7811
-6619
-7811
-6843
-7819
-7043
-7723
-7259
-7803
-7571
-7731
-7763
-7723
-7971
-7811
-8219
-7787
-8435
-7739
-8683
-7819
-8979
-7827
-9163
-7835
-9475
-7747
-9659
-7715
-9963
-7731
-10163
-7779
-10459
-7835
-10619
-7803
-10827
-7747
-11075
-7803
-11355
-7747
-11595
-7763
-11907
-7811
-12027
-7747
-12363
-7819
-12595
-7803
-12827
-7827
-13051
-7731
-13227
-7723
-13587
-7787
-13819
-7739
-14019
-7723
-14203
-7835
-14555
-7707
-14691
-7835
-14971
-7835
-15243
-7763
-15427
-7747
-15667
-7835
-15875
-7779
-16131
-7811
-16347
-7787
-16619
-7827
-16827
-7715
-17187
-7739
-17307
-7715
-17627
-7811
-17811
-7827
-18099
-7763
-18323
-7715
-18635
-7747
-18851
-8051
109
-7971
-35
-8051
-323
-7979
-587
-8067
-771
-8035
-1003
-7979
-1235
-8059
-1499
-7995
-1795
-7971
-2019
-8011
-2315
-8067
-2451
-7987
-2795
-8027
-2971
-8067
-3155
-7955
-3491
-8027
-3627
-8075
-3931
-7955
-4203
-8051
-4411
-8067
-4659
-8019
-4827
-7963
-5131
-7995
-5395
-8043
-5619
-8027
-5795
-7987
-6123
-7955
-6355
-8027
-6523
-8059
-6859
-7979
-7091
-7971
-7235
-8067
-7579
-8067
-7747
-7995
-8043
-8035
-8283
-8075
-8515
-7947
-8747
-8027
-9027
-8035
-9219
-8011
-9403
-8067
-9739
-8067
-9883
-8067
-10115
-8051
-10427
-7979
-10643
-8051
-10947
-7963
-11171
-8059
-11347
-8011
-11611
-8075
-11859
-8075
-12051
-7963
-12371
-7971
-12563
-7979
-12843
-8011
-12995
-8019
-13307
-7987
-13587
-7955
-13715
-7987
-14067
-7987
-14251
-7995
-14435
-7955
-14683
-7955
-14939
-8035
-15147
-7963
-15483
-8075
-15723
-8067
-15939
-8051
-16179
-8051
-16467
-7955
-16611
-8075
-16915
-8043
-17115
-7995
-17403
-8011
-17675
-8035
-17811
-7947
-18051
-8067
-18355
-7987
-18571
-8011
-18875
-8259
101
-8243
-59
-8219
-379
-8227
-531
-8299
-851
-8275
-1043
-8235
-1331
-8203
-1563
-8195
-1723
-8259
-2035
-8251
-2219
-8307
-2555
-8235
-2787
-8283
-3027
-8307
-3187
-8219
-3443
-8283
-3747
-8211
-3971
-8187
-4171
-8283
-4387
-8291
-4619
-8299
-4835
-8219
-5139
-8267
-5347
-8291
-5643
-8307
-5875
-8219
-6043
-8283
-6315
-8195
-6587
-8307
-6755
-8219
-7075
-8307
-7251
-8243
-7499
-8219
-7707
-8283
-8051
-8291
-8307
-8259
-8539
-8235
-8707
-8211
-8979
-8283
-9243
-8299
-9435
-8251
-9747
-8299
-9971
-8315
-10179
-8299
-10379
-8299
-10627
-8219
-10923
-8291
-11179
-8235
-11339
-8275
-11603
-8275
-11883
-8315
-12123
-8283
-12363
-8227
-12587
-8315
-12747
-8283
-13075
-8187
-13339
-8235
-13595
-8195
-13779
-8187
-14043
-8307
-14187
-8275
-14531
-8315
-14739
-8299
-14963
-8235
-15251
-8211
-15499
-8299
-15683
-8267
-15971
-8211
-16155
-8283
-16379
-8219
-16643
-8251
-16867
-8315
-17107
-8267
-17307
-8299
-17619
-8275
-17867
-8299
-18051
-8227
-18371
-8275
-18595
-8307
-18843
-8475
141
-8523
-155
-8555
-379
-8547
-571
-8507
-827
-8459
-1027
-8515
-1235
-8427
-1547
-8475
-1819
-8467
-2003
-8507
-2195
-8491
-2531
-8539
-2731
-8507
-2915
-8555
-3267
-8515
-3403
-8491
-3675
-8499
-3875
-8467
-4163
-8451
-4379
-8491
-4699
-8483
-4931
-8475
-5179
-8547
-5371
-8515
-5611
-8547
-5811
-8435
-6051
-8507
-6371
-8515
-6579
-8547
-6787
-8483
-6987
-8475
-7259
-8539
-7531
-8547
-7811
-8499
-8067
-8539
-8259
-8467
-8507
-8555
-8795
-8507
-8939
-8539
-9235
-8443
-9395
-8515
-9683
-8523
-9907
-8531
-10107
-8435
-10403
-8539
-10627
-8483
-10835
-8523
-11187
-8539
-11435
-8435
-11547
-8459
-11883
-8507
-12099
-8451
-12331
-8507
-12515
-8547
-12787
-8475
-13075
-8539
-13323
-8547
-13491
-8483
-13755
-8491
-14067
-8539
-14291
-8459
-14523
-8459
-14691
-8539
-14955
-8475
-15211
-8555
-15467
-8547
-15643
-8539
-15923
-8507
-16131
-8467
-16435
-8523
-16651
-8539
-16891
-8459
-17083
-8539
-17347
-8547
-17595
-8555
-17899
-8539
-18155
-8555
-18379
-8491
-18507
-8483
-18851
-8779
141
-8755
-115
-8795
-363
-8787
-523
-8771
-859
-8723
-1011
-8707
-1275
-8763
-1499
-8787
-1819
-8779
-2043
-8787
-2243
-8707
-2555
-8739
-2755
-8723
-2995
-8699
-3227
-8763
-3427
-8691
-3755
-8699
-3939
-8739
-4235
-8739
-4427
-8795
-4635
-8739
-4947
-8755
-5155
-8707
-5363
-8755
-5571
-8779
-5883
-8723
-6091
-8667
-6395
-8755
-6587
-8707
-6803
-8787
-7091
-8715
-7355
-8747
-7595
-8779
-7771
-8771
-8075
-8747
-8211
-8795
-8459
-8787
-8707
-8787
-8907
-8763
-9203
-8779
-9387
-8747
-9723
-8771
-9867
-8691
-10147
-8699
-10411
-8675
-10715
-8747
-10923
-8691
-11075
-8731
-11395
-8755
-11667
-8747
-11883
-8795
-12043
-8699
-12395
-8763
-12515
-8787
-12811
-8699
-13067
-8699
-13307
-8787
-13515
-8787
-13707
-8747
-14067
-8755
-14227
-8675
-14539
-8715
-14779
-8795
-14923
-8715
-15195
-8763
-15387
-8747
-15699
-8739
-15915
-8699
-16219
-8699
-16475
-8787
-16667
-8763
-16915
-8691
-17179
-8795
-17387
-8731
-17579
-8787
-17787
-8787
-18075
-8731
-18371
-8731
-18571
-8771
-18859
-9019
125
-8931
-75
-9035
-339
-9035
-571
-8907
-851
-9011
-1115
-8923
-1235
-9035
-1579
-8979
-1763
-8915
-2003
-9019
-2299
-8979
-2427
-8915
-2771
-8963
-2971
-9027
-3219
-9019
-3395
-8963
-3699
-8979
-3915
-9011
-4123
-9019
-4387
-8987
-4699
-9003
-4835
-9027
-5179
-8995
-5331
-8987
-5627
-9027
-5859
-8979
-6043
-9027
-6387
-9019
-6523
-8971
-6811
-9019
-7043
-8963
-7339
-8995
-7523
-9035
-7827
-8939
-8019
-8955
-8195
-9035
-8499
-9035
-8755
-8987
-8939
-9019
-9227
-9027
-9427
-8931
-9739
-8907
-9963
-8955
-10195
-8979
-10355
-8915
-10619
-8987
-10915
-8987
-11147
-8979
-11315
-9011
-11619
-8915
-11875
-9027
-12139
-8979
-12275
-9027
-12523
-8987
-12803
-8955
-13011
-9019
-13243
-8995
-13587
-8915
-13747
-9019
-13955
-9019
-14235
-9027
-14467
-8931
-14763
-8979
-14955
-9003
-15163
-9019
-15427
-9011
-15635
-8963
-15923
-9019
-16195
-8987
-16451
-8987
-16643
-8947
-16955
-9027
-17195
-9035
-17339
-8995
-17611
-8995
-17835
-8979
-18115
-8923
-18299
-8955
-18619
-8995
-18819
-9211
125
-9203
-27
-9259
-283
-9203
-555
-9155
-747
-9275
-1027
-9171
-1275
-9259
-1467
-9171
-1779
-9203
-2075
-9227
-2203
-9235
-2539
-9235
-2731
-9251
-2907
-9227
-3275
-9259
-3403
-9155
-3747
-9251
-3915
-9203
-4147
-9227
-4355
-9203
-4627
-9275
-4931
-9251
-5163
-9267
-5347
-9267
-5587
-9251
-5795
-9243
-6043
-9243
-6371
-9179
-6611
-9275
-6779
-9243
-7107
-9227
-7347
-9155
-7491
-9219
-7811
-9219
-8003
-9171
-8227
-9243
-8443
-9211
-8683
-9171
-8995
-9251
-9155
-9147
-9427
-9227
-9683
-9155
-9907
-9235
-10115
-9219
-10419
-9155
-10619
-9147
-10899
-9211
-11091
-9235
-11355
-9155
-11675
-9275
-11891
-9243
-12067
-9275
-12371
-9251
-12547
-9163
-12811
-9227
-13091
-9251
-13291
-9235
-13555
-9163
-13779
-9147
-14035
-9275
-14243
-9179
-14491
-9147
-14723
-9171
-14963
-9171
-15163
-9267
-15483
-9227
-15723
-9267
-15955
-9187
-16187
-9259
-16427
-9203
-16683
-9155
-16835
-9267
-17099
-9251
-17395
-9267
-17635
-9203
-17843
-9243
-18035
-9275
-18275
-9275
-18507
-9179
-18859
-9491
109
-9427
-91
-9451
-323
-9403
-531
-9419
-811
-9467
-1043
-9443
-1339
-9403
-1555
-9419
-1747
-9491
-2059
-9483
-2219
-9499
-2499
-9411
-2771
-9483
-3003
-9427
-3267
-9435
-3387
-9499
-3659
-9475
-3987
-9475
-4187
-9435
-4443
-9483
-4635
-9435
-4947
-9427
-5115
-9507
-5371
-9443
-5595
-9467
-5883
-9395
-6067
-9499
-6331
-9451
-6523
-9395
-6747
-9475
-6987
-9515
-7331
-9483
-7547
-9507
-7803
-9419
-7955
-9451
-8307
-9427
-8443
-9507
-8675
-9427
-8995
-9475
-9187
-9387
-9459
-9507
-9683
-9419
-9867
-9459
-10123
-9507
-10395
-9483
-10611
-9515
-10827
-9419
-11195
-9499
-11347
-9507
-11611
-9459
-11867
-9443
-12155
-9435
-12347
-9491
-12595
-9443
-12827
-9451
-13019
-9467
-13243
-9435
-13539
-9459
-13795
-9419
-13971
-9451
-14187
-9419
-14427
-9499
-14731
-9507
-14955
-9443
-15195
-9515
-15507
-9491
-15675
-9491
-15995
-9483
-16179
-9515
-16435
-9467
-16651
-9491
-16883
-9515
-17083
-9483
-17403
-9443
-17587
-9411
-17787
-9475
-18075
-9515
-18339
-9411
-18635
-9411
-18819
-9739
133
-9731
-59
-9723
-355
-9635
-619
-9675
-787
-9707
-1003
-9723
-1243
-9651
-1467
-9691
-1747
-9627
-2051
-9627
-2187
-9627
-2491
-9699
-2675
-9675
-3019
-9643
-3275
-9747
-3499
-9659
-3667
-9691
-3899
-9683
-4131
-9715
-4403
-9715
-4643
-9667
-4947
-9635
-5171
-9691
-5331
-9643
-5579
-9675
-5907
-9659
-6075
-9715
-6395
-9707
-6523
-9739
-6755
-9739
-7035
-9667
-7315
-9643
-7531
-9755
-7819
-9643
-8059
-9683
-8259
-9699
-8507
-9675
-8723
-9643
-8907
-9747
-9171
-9699
-9443
-9715
-9691
-9627
-9931
-9755
-10227
-9731
-10387
-9755
-10699
-9755
-10947
-9739
-11075
-9739
-11379
-9755
-11627
-9755
-11867
-9731
-12131
-9723
-12331
-9707
-12619
-9723
-12803
-9715
-13035
-9627
-13251
-9739
-13595
-9731
-13795
-9747
-14043
-9635
-14187
-9675
-14507
-9667
-14731
-9707
-14939
-9755
-15235
-9651
-15387
-9691
-15683
-9707
-15867
-9643
-16211
-9691
-16435
-9651
-16667
-9651
-16883
-9755
-17075
-9699
-17435
-9699
-17579
-9755
-17795
-9707
-18107
-9747
-18395
-9683
-18547
-9651
-18867
-9947
85
-9995
-155
-9955
-267
-9891
-563
-9987
-819
-9923
-1091
-9979
-1283
-9979
-1523
-9867
-1811
-9923
-2027
-9947
-2211
-9963
-2491
-9971
-2723
-9891
-2963
-9867
-3211
-9955
-3403
-9899
-3715
-9987
-3899
-9875
-4115
-9971
-4363
-9947
-4603
-9971
-4875
-9955
-5163
-9931
-5427
-9867
-5579
-9875
-5859
-9883
-6027
-9891
-6275
-9955
-6563
-9907
-6755
-9987
-7011
-9963
-7347
-9987
-7563
-9971
-7723
-9971
-8067
-9915
-8315
-9947
-8427
-9891
-8691
-9891
-8971
-9915
-9259
-9955
-9499
-9955
-9699
-9915
-9891
-9899
-10139
-9995
-10371
-9931
-10627
-9891
-10891
-9899
-11179
-9907
-11347
-9971
-11635
-9875
-11843
-9907
-12059
-9987
-12363
-9955
-12603
-9883
-12755
-9955
-13035
-9875
-13251
-9939
-13563
-9987
-13715
-9971
-13963
-9995
-14227
-9979
-14435
-9963
-14795
-9939
-14963
-9987
-15275
-9947
-15475
-9867
-15739
-9995
-15867
-9923
-16163
-9867
-16459
-9971
-16667
-9963
-16955
-9995
-17067
-9987
-17403
-9955
-17587
-9891
-17803
-9947
-18083
-9947
-18307
-9963
-18531
-9899
-18867
-10195
141
-10147
-43
-10179
-323
-10139
-571
-10219
-779
-10235
-1003
-10139
-1283
-10179
-1539
-10211
-1707
-10107
-2011
-10195
-2187
-10139
-2523
-10203
-2747
-10227
-2931
-10211
-3195
-10171
-3395
-10131
-3747
-10147
-3979
-10227
-4171
-10219
-4467
-10107
-4667
-10163
-4899
-10115
-5067
-10155
-5395
-10235
-5651
-10195
-5867
-10139
-6067
-10187
-6363
-10219
-6563
-10195
-6803
-10115
-7115
-10163
-7283
-10235
-7523
-10179
-7723
-10115
-8027
-10163
-8275
-10171
-8443
-10211
-8755
-10115
-9027
-10211
-9275
-10203
-9395
-10147
-9627
-10227
-9955
-10211
-10147
-10115
-10387
-10203
-10595
-10179
-10931
-10147
-11083
-10179
-11371
-10219
-11651
-10235
-11899
-10203
-12043
-10171
-12315
-10211
-12611
-10203
-12795
-10123
-13099
-10115
-13299
-10171
-13499
-10227
-13795
-10115
-14059
-10179
-14267
-10163
-14459
-10187
-14779
-10219
-14947
-10235
-15171
-10219
-15395
-10123
-15739
-10115
-15979
-10155
-16139
-10163
-16451
-10219
-16587
-10155
-16891
-10155
-17187
-10195
-17411
-10227
-17667
-10203
-17899
-10123
-18123
-10219
-18339
-10147
-18547
-10187
-18867
-10443
149
-10475
-67
-10475
-323
-10459
-579
-10459
-835
-10475
-1043
-10419
-1259
-10427
-1547
-10419
-1771
-10475
-2003
-10411
-2267
-10467
-2475
-10427
-2787
-10419
-2907
-10475
-3275
-10451
-3483
-10451
-3723
-10427
-3907
-10443
-4179
-10411
-4411
-10443
-4691
-10419
-4851
-10459
-5195
-10467
-5419
-10411
-5675
-10467
-5795
-10411
-6027
-10443
-6355
-10435
-6619
-10443
-6875
-10419
-6987
-10451
-7227
-10435
-7515
-10443
-7795
-10443
-8027
-10475
-8307
-10459
-8443
-10451
-8675
-10467
-8971
-10411
-9275
-10427
-9403
-10475
-9731
-10427
-9899
-10435
-10147
-10467
-10363
-10451
-10715
-10451
-10923
-10419
-11083
-10427
-11395
-10451
-11619
-10451
-11867
-10435
-12059
-10451
-12307
-10427
-12611
-10475
-12835
-10475
-13019
-10459
-13299
-10467
-13491
-10467
-13835
-10411
-14051
-10475
-14203
-10475
-14483
-10459
-14787
-10459
-14971
-10475
-15275
-10411
-15515
-10411
-15755
-10451
-15899
-10475
-16163
-10475
-16379
-10435
-16643
-10475
-16891
-10435
-17187
-10459
-17355
-10459
-17571
-10435
-17819
-10459
-18147
-10435
-18355
-10459
-18555
-10419
-18843
