101
345
452
-10
351
-327
216
-507
192
-745
227
-1033
163
-1294
281
-1582
340
-1802
349
-1947
428
-2187
95
-2513
145
-2761
181
-2949
269
-3225
93
-3447
159
-3695
105
-3889
235
-4115
297
-4411
107
-4629
149
-4927
109
-5163
117
-5295
117
-5563
117
-5851
93
-6027
109
-6307
149
-6535
93
-6747
85
-7075
109
-7251
85
-7467
109
-7739
93
-8019
141
-8251
141
-8431
133
-8655
125
-9015
101
-9167
133
-9447
93
-9723
85
-9875
93
-10147
141
-10419
125
-10715
85
-10843
117
-11171
109
-11347
85
-11627
141
-11819
101
-12123
109
-12299
149
-12603
141
-12779
85
-13083
117
-13227
101
-13467
141
-13803
85
-14059
133
-14211
133
-14507
125
-14787
93
-14915
141
-15227
109
-15491
93
-15715
93
-15923
117
-16107
109
-16387
117
-16643
93
-16883
93
-17107
117
-17435
109
-17611
101
-17827
125
-18059
101
-18323
85
-18571
109
-18843
-71
296
-31
-109
-101
-313
-82
-529
-71
-855
-75
-1091
-33
-1295
-41
-1485
-120
-1805
-42
-1946
-31
-2227
-115
-2401
-55
-2767
-123
-2903
-135
-3199
-47
-3409
-25
-3679
-95
-3951
-85
-4177
-87
-4307
-49
-4595
-27
-4923
-119
-5055
-79
-5295
-75
-5563
-135
-5875
-95
-6059
-35
-6259
1
-6491
-103
-6755
-39
-7019
-131
-7331
-127
-7459
-27
-7739
-139
-8059
-123
-8175
-107
-8463
-87
-8759
-79
-8975
-83
-9199
-91
-9471
-107
-9675
-67
-9883
-139
-10211
-115
-10379
-99
-10643
-83
-10947
-155
-11171
-147
-11379
-67
-11611
-115
-11883
-123
-12139
-107
-12315
-147
-12579
-147
-12811
-147
-13067
-67
-13331
-139
-13515
-75
-13819
-155
-13963
-51
-14235
-75
-14467
-83
-14763
-131
-15027
-83
-15163
-147
-15467
-123
-15699
-147
-15867
-147
-16155
-107
-16427
-147
-16667
-115
-16867
-75
-17123
-67
-17403
-91
-17675
-147
-17907
-107
-18115
-75
-18291
-115
-18619
-131
-18827
-346
941
-271
-19
-260
-369
-372
-584
-353
-769
-369
-1060
-342
-1308
-349
-1461
-297
-1822
-318
-1973
-314
-2241
-311
-2523
-359
-2751
-339
-2983
-325
-3207
-373
-3429
-363
-3639
-367
-3893
-301
-4181
-315
-4405
-365
-4569
-371
-4911
-315
-5059
-355
-5351
-363
-5643
-275
-5811
-267
-6155
-295
-6303
-307
-6503
-335
-6727
-311
-6999
-395
-7263
-367
-7463
-367
-7827
-355
-7919
-379
-8187
-359
-8543
-387
-8787
-355
-8979
-343
-9251
-307
-9367
-371
-9675
-395
-9963
-307
-10155
-379
-10347
-387
-10691
-379
-10843
-323
-11115
-347
-11403
-291
-11635
-307
-11851
-379
-12043
-387
-12307
-275
-12627
-331
-12787
-379
-13051
-395
-13315
-331
-13555
-347
-13811
-379
-14059
-395
-14187
-371
-14483
-339
-14739
-331
-14963
-347
-15227
-283
-15491
-395
-15691
-363
-15995
-379
-16203
-323
-16355
-379
-16691
-307
-16875
-363
-17067
-363
-17339
-395
-17611
-315
-17843
-387
-18107
-387
-18331
-283
-18531
-387
-18819
-615
765
-557
-1
-619
-297
-581
-499
-609
-865
-608
-1043
-507
-1265
-606
-1469
-627
-1687
-621
-1990
-541
-2197
-555
-2457
-525
-2747
-563
-2971
-551
-3163
-585
-3409
-545
-3645
-543
-3969
-569
-4129
-495
-4347
-531
-4597
-535
-4907
-555
-5163
-615
-5339
-563
-5555
-499
-5907
-619
-6115
-547
-6283
-535
-6619
-571
-6803
-607
-7003
-607
-7235
-575
-7455
-575
-7799
-519
-7987
-563
-8179
-515
-8423
-523
-8731
-587
-8923
-587
-9247
-595
-9491
-547
-9731
-619
-9875
-579
-10147
-635
-10475
-547
-10587
-619
-10883
-515
-11123
-619
-11427
-555
-11659
-595
-11843
-587
-12075
-619
-12323
-563
-12619
-539
-12827
-627
-13035
-627
-13299
-627
-13499
-579
-13779
-603
-13947
-587
-14227
-619
-14555
-619
-14747
-595
-14907
-563
-15211
-555
-15507
-635
-15715
-595
-15939
-523
-16163
-555
-16363
-611
-16691
-635
-16883
-571
-17115
-563
-17395
-635
-17643
-579
-17851
-611
-18059
-555
-18363
-515
-18539
-563
-18827
-799
497
-769
-67
-843
-246
-837
-602
-803
-744
-825
-1077
-795
-1215
-864
-1473
-803
-1705
-739
-2015
-745
-2253
-755
-2499
-825
-2755
-789
-2927
-821
-3193
-821
-3415
-855
-3631
-805
-3869
-743
-4101
-831
-4453
-775
-4659
-847
-4911
-815
-5071
-835
-5299
-839
-5595
-867
-5827
-847
-6067
-739
-6299
-859
-6503
-779
-6815
-751
-6991
-771
-7303
-775
-7567
-855
-7707
-739
-8075
-823
-8191
-803
-8443
-835
-8695
-823
-8919
-847
-9243
-723
-9483
-843
-9691
-779
-9971
-835
-10155
-827
-10395
-875
-10659
-803
-10923
-843
-11115
-851
-11427
-859
-11587
-835
-11875
-843
-12099
-875
-12355
-851
-12563
-755
-12843
-787
-13067
-851
-13315
-819
-13547
-763
-13715
-763
-14051
-771
-14299
-827
-14483
-843
-14691
-827
-14931
-795
-15179
-763
-15507
-795
-15723
-867
-15915
-787
-16123
-875
-16467
-843
-16635
-835
-16931
-747
-17091
-851
-17379
-835
-17547
-747
-17803
-843
-18123
-875
-18363
-859
-18531
-875
-18875
-1074
2272
-971
-117
-1075
-281
-1047
-567
-1097
-747
-1026
-1021
-999
-1211
-1020
-1469
-997
-1821
-994
-1930
-967
-2248
-1093
-2471
-1047
-2659
-1087
-2959
-977
-3203
-1071
-3419
-1095
-3637
-1095
-3935
-1065
-4099
-997
-4359
-1019
-4613
-1019
-4899
-991
-5195
-1067
-5399
-1019
-5587
-1039
-5771
-971
-6131
-979
-6295
-1079
-6503
-1039
-6875
-1091
-7087
-1063
-7223
-1075
-7563
-1027
-7791
-1063
-7967
-1039
-8219
-975
-8499
-1051
-8663
-1099
-8947
-1047
-9219
-1003
-9439
-1067
-9731
-987
-9939
-1099
-10187
-1115
-10427
-1075
-10611
-1083
-10835
-1027
-11067
-1051
-11395
-1107
-11595
-1107
-11819
-1091
-12155
-1107
-12291
-1075
-12635
-1107
-12787
-1091
-13011
-1043
-13235
-1059
-13539
-1115
-13795
-1091
-13995
-1051
-14211
-1083
-14539
-1115
-14731
-995
-14979
-1075
-15203
-1115
-15395
-1083
-15675
-1107
-15939
-1083
-16227
-1099
-16403
-1011
-16627
-1091
-16891
-1083
-17107
-1115
-17371
-1035
-17571
-987
-17819
-1027
-18099
-1115
-18339
-1091
-18611
-1043
-18835
-1331
538
-1339
-96
-1240
-272
-1227
-517
-1275
-735
-1278
-1058
-1205
-1239
-1279
-1452
-1317
-1819
-1307
-1981
-1319
-2190
-1291
-2511
-1299
-2747
-1253
-3003
-1281
-3127
-1331
-3377
-1275
-3703
-1343
-3857
-1315
-4181
-1251
-4363
-1239
-4593
-1339
-4863
-1295
-5103
-1235
-5419
-1299
-5547
-1243
-5891
-1247
-6067
-1219
-6291
-1287
-6587
-1331
-6763
-1275
-6987
-1323
-7335
-1315
-7547
-1311
-7827
-1267
-7935
-1299
-8183
-1235
-8491
-1215
-8747
-1275
-8983
-1255
-9219
-1243
-9415
-1347
-9747
-1347
-9899
-1299
-10139
-1331
-10475
-1331
-10667
-1267
-10875
-1331
-11083
-1259
-11435
-1267
-11667
-1347
-11883
-1291
-12059
-1331
-12387
-1235
-12571
-1283
-12819
-1227
-13107
-1347
-13251
-1235
-13523
-1331
-13771
-1355
-14035
-1235
-14275
-1315
-14427
-1347
-14739
-1307
-14931
-1283
-15163
-1275
-15387
-1259
-15635
-1347
-15867
-1347
-16107
-1347
-16347
-1275
-16651
-1267
-16851
-1307
-17179
-1347
-17307
-1331
-17611
-1259
-17803
-1275
-18155
-1339
-18347
-1355
-18563
-1315
-18875
-1579
1903
-1471
-107
-1459
-347
-1459
-537
-1523
-739
-1589
-1007
-1483
-1291
-1439
-1501
-1527
-1805
-1573
-2021
-1527
-2183
-1539
-2423
-1545
-2747
-1525
-2997
-1515
-3173
-1571
-3387
-1471
-3703
-1529
-3851
-1487
-4079
-1541
-4347
-1485
-4623
-1591
-4859
-1595
-5119
-1567
-5339
-1547
-5619
-1459
-5895
-1499
-6019
-1527
-6311
-1471
-6515
-1495
-6755
-1555
-7011
-1483
-7215
-1567
-7551
-1499
-7747
-1579
-7995
-1507
-8235
-1551
-8539
-1459
-8691
-1555
-8963
-1571
-9155
-1535
-9419
-1483
-9635
-1563
-9939
-1547
-10235
-1587
-10419
-1555
-10659
-1483
-10851
-1467
-11075
-1571
-11419
-1507
-11643
-1571
-11899
-1571
-12155
-1483
-12331
-1595
-12555
-1563
-12771
-1595
-13051
-1555
-13227
-1579
-13499
-1587
-13811
-1483
-14011
-1523
-14203
-1571
-14467
-1475
-14699
-1523
-14955
-1475
-15251
-1531
-15395
-1515
-15755
-1467
-15907
-1595
-16147
-1475
-16379
-1523
-16651
-1483
-16907
-1539
-17083
-1467
-17355
-1587
-17595
-1539
-17859
-1507
-18043
-1547
-18299
-1555
-18611
-1547
-18811
-1795
673
-1825
-75
-1809
-345
-1799
-523
-1745
-801
-1711
-1091
-1797
-1317
-1791
-1513
-1773
-1805
-1793
-2005
-1781
-2231
-1735
-2475
-1731
-2715
-1743
-2905
-1697
-3163
-1723
-3459
-1819
-3615
-1759
-3909
-1815
-4119
-1801
-4391
-1787
-4571
-1743
-4915
-1795
-5055
-1763
-5339
-1807
-5611
-1751
-5807
-1799
-6143
-1831
-6303
-1815
-6511
-1755
-6847
-1803
-7035
-1791
-7219
-1691
-7487
-1703
-7755
-1723
-8031
-1799
-8291
-1747
-8459
-1715
-8731
-1831
-8975
-1807
-9247
-1723
-9443
-1715
-9635
-1731
-9899
-1811
-10171
-1739
-10467
-1771
-10691
-1787
-10915
-1739
-11075
-1771
-11355
-1795
-11619
-1763
-11787
-1803
-12043
-1795
-12339
-1763
-12571
-1739
-12827
-1723
-12987
-1747
-13251
-1811
-13547
-1811
-13731
-1811
-14067
-1803
-14267
-1755
-14451
-1795
-14691
-1827
-14955
-1795
-15219
-1763
-15475
-1819
-15723
-1827
-15923
-1747
-16123
-1835
-16443
-1747
-16619
-1747
-16843
-1811
-17163
-1715
-17435
-1819
-17587
-1723
-17843
-1827
-18147
-1795
-18283
-1811
-18635
-1835
-18811
-2075
1329
-2013
11
-1999
-355
-1993
-613
-2067
-775
-2051
-1009
-1955
-1301
-1969
-1463
-1979
-1771
-1981
-1993
-1969
-2251
-1971
-2481
-2061
-2699
-2051
-2929
-1915
-3225
-2053
-3435
-2005
-3715
-1967
-3921
-1947
-4091
-1981
-4429
-1915
-4637
-1947
-4851
-2055
-5147
-2043
-5363
-2015
-5515
-2027
-5839
-1987
-6059
-2059
-6243
-2043
-6563
-2059
-6799
-1963
-7011
-2043
-7247
-2067
-7571
-2051
-7791
-2027
-8027
-1947
-8247
-2043
-8423
-2043
-8727
-2071
-8987
-2051
-9187
-2031
-9431
-2051
-9739
-2027
-9963
-1963
-10187
-1963
-10387
-1955
-10643
-2067
-10955
-1995
-11147
-2075
-11419
-2019
-11571
-2019
-11843
-1971
-12123
-1971
-12363
-2003
-12523
-2067
-12787
-2035
-13075
-2059
-13259
-2067
-13523
-2051
-13787
-2027
-13971
-1955
-14243
-1987
-14515
-1979
-14675
-2035
-14931
-1971
-15235
-2027
-15515
-1987
-15731
-1995
-15987
-2075
-16131
-2027
-16451
-2051
-16699
-2019
-16955
-2035
-17083
-2075
-17395
-2059
-17595
-2019
-17835
-2067
-18043
-2067
-18323
-2075
-18611
-1971
-18811
-2275
1429
-2219
-133
-2181
-259
-2227
-571
-2299
-775
-2195
-1007
-2275
-1277
-2243
-1553
-2283
-1733
-2257
-2047
-2199
-2207
-2279
-2545
-2187
-2739
-2231
-2951
-2299
-3203
-2285
-3415
-2235
-3631
-2299
-3873
-2237
-4099
-2315
-4419
-2247
-4595
-2259
-4851
-2259
-5059
-2275
-5431
-2303
-5619
-2303
-5803
-2207
-6071
-2251
-6331
-2227
-6603
-2251
-6847
-2171
-7059
-2163
-7227
-2267
-7527
-2311
-7747
-2259
-7943
-2263
-8275
-2167
-8507
-2295
-8747
-2203
-8963
-2299
-9239
-2275
-9419
-2251
-9755
-2187
-9867
-2219
-10139
-2243
-10419
-2291
-10675
-2243
-10835
-2259
-11107
-2315
-11387
-2235
-11587
-2299
-11875
-2259
-12091
-2211
-12355
-2307
-12595
-2307
-12803
-2203
-13067
-2291
-13323
-2275
-13555
-2259
-13755
-2195
-14019
-2315
-14203
-2291
-14523
-2219
-14715
-2259
-14987
-2307
-15235
-2187
-15499
-2211
-15627
-2267
-15867
-2315
-16203
-2283
-16403
-2227
-16619
-2187
-16915
-2307
-17187
-2243
-17419
-2267
-17555
-2275
-17907
-2211
-18043
-2315
-18339
-2259
-18611
-2307
-18843
-2547
231
-2447
-95
-2467
-275
-2455
-549
-2483
-763
-2471
-969
-2455
-1299
-2521
-1565
-2537
-1731
-2521
-1997
-2519
-2297
-2459
-2457
-2457
-2737
-2511
-2991
-2537
-3207
-2491
-3407
-2505
-3683
-2445
-3947
-2463
-4131
-2485
-4333
-2429
-4699
-2519
-4863
-2479
-5083
-2451
-5363
-2531
-5579
-2419
-5811
-2515
-6067
-2423
-6287
-2519
-6611
-2535
-6827
-2427
-7075
-2455
-7211
-2519
-7507
-2503
-7711
-2439
-7979
-2527
-8279
-2507
-8491
-2495
-8775
-2451
-8947
-2479
-9207
-2523
-9499
-2531
-9723
-2523
-9875
-2515
-10139
-2507
-10371
-2499
-10627
-2523
-10915
-2483
-11131
-2483
-11331
-2547
-11603
-2499
-11787
-2443
-12075
-2555
-12379
-2435
-12627
-2555
-12811
-2499
-13099
-2531
-13267
-2539
-13467
-2491
-13795
-2451
-14011
-2547
-14211
-2539
-14467
-2531
-14715
-2539
-14947
-2435
-15203
-2507
-15507
-2499
-15755
-2467
-15923
-2435
-16163
-2443
-16395
-2499
-16619
-2523
-16955
-2539
-17179
-2491
-17379
-2459
-17579
-2531
-17859
-2539
-18115
-2555
-18387
-2539
-18563
-2499
-18827
-2667
393
-2655
-33
-2755
-279
-2667
-629
-2759
-783
-2695
-1063
-2663
-1259
-2663
-1449
-2699
-1747
-2675
-2051
-2707
-2271
-2739
-2467
-2683
-2763
-2655
-2997
-2751
-3163
-2743
-3455
-2747
-3671
-2763
-3867
-2715
-4139
-2743
-4443
-2719
-4571
-2643
-4811
-2711
-5119
-2763
-5347
-2763
-5647
-2679
-5775
-2755
-5999
-2655
-6371
-2779
-6551
-2683
-6811
-2651
-7007
-2667
-7319
-2687
-7475
-2767
-7687
-2635
-7927
-2691
-8259
-2715
-8527
-2739
-8679
-2683
-8911
-2683
-9135
-2747
-9499
-2675
-9747
-2787
-9875
-2731
-10195
-2747
-10387
-2723
-10707
-2763
-10891
-2795
-11075
-2747
-11315
-2667
-11547
-2707
-11819
-2779
-12035
-2723
-12379
-2731
-12523
-2731
-12867
-2755
-13027
-2795
-13307
-2747
-13475
-2747
-13795
-2715
-14043
-2787
-14219
-2755
-14427
-2771
-14691
-2787
-14963
-2787
-15275
-2787
-15427
-2715
-15659
-2707
-15923
-2771
-16179
-2675
-16395
-2723
-16619
-2699
-16939
-2747
-17131
-2667
-17371
-2723
-17563
-2739
-17867
-2747
-18091
-2691
-18387
-2755
-18587
-2731
-18875
-3007
109
-2951
-15
-3003
-391
-2995
-623
-2999
-779
-2955
-1015
-2979
-1315
-2939
-1575
-2911
-1707
-2915
-2027
-3003
-2251
-3019
-2551
-2943
-2699
-2983
-2951
-2995
-3171
-3031
-3435
-2999
-3695
-2919
-3963
-2891
-4179
-2923
-4383
-2931
-4683
-3031
-4855
-3019
-5051
-2967
-5327
-2955
-5531
-2963
-5855
-2891
-6063
-2939
-6379
-2959
-6535
-3023
-6735
-2991
-7067
-3019
-7315
-2983
-7535
-3007
-7799
-3015
-8043
-2971
-8255
-2983
-8459
-2999
-8691
-2971
-8903
-3019
-9215
-3015
-9411
-2971
-9715
-3027
-9915
-3027
-10107
-2931
-10411
-2963
-10683
-2947
-10923
-2955
-11147
-2963
-11307
-2915
-11547
-3035
-11787
-2995
-12107
-2915
-12395
-2931
-12579
-2979
-12803
-2939
-13035
-2947
-13315
-2995
-13587
-2915
-13731
-2931
-13955
-3035
-14291
-3011
-14435
-2979
-14699
-3011
-14923
-2939
-15267
-3035
-15435
-2971
-15699
-3027
-15931
-2915
-16163
-3027
-16355
-2971
-16587
-2979
-16955
-3003
-17099
-3003
-17411
-2995
-17571
-2955
-17827
-2979
-18083
-3035
-18347
-3027
-18627
-2939
-18827
-3243
141
-3203
-103
-3215
-383
-3191
-591
-3187
-779
-3207
-995
-3159
-1267
-3139
-1567
-3163
-1731
-3239
-1947
-3199
-2195
-3267
-2555
-3243
-2767
-3239
-2967
-3267
-3199
-3235
-3451
-3235
-3679
-3247
-3899
-3235
-4083
-3243
-4415
-3219
-4671
-3263
-4851
-3255
-5091
-3199
-5347
-3211
-5567
-3127
-5795
-3219
-6031
-3219
-6367
-3243
-6563
-3227
-6827
-3195
-7007
-3207
-7235
-3171
-7503
-3171
-7795
-3155
-7971
-3163
-8175
-3167
-8539
-3167
-8699
-3179
-8955
-3251
-9199
-3235
-9375
-3235
-9731
-3259
-9979
-3219
-10115
-3275
-10347
-3267
-10683
-3267
-10955
-3235
-11187
-3243
-11315
-3235
-11555
-3147
-11891
-3267
-12155
-3275
-12379
-3179
-12571
-3211
-12875
-3211
-13043
-3195
-13259
-3259
-13483
-3219
-13731
-3211
-13987
-3235
-14243
-3203
-14459
-3219
-14723
-3187
-14915
-3155
-15235
-3259
-15459
-3203
-15699
-3203
-15963
-3259
-16235
-3203
-16475
-3155
-16595
-3267
-16827
-3235
-17123
-3251
-17387
-3251
-17659
-3171
-17803
-3267
-18107
-3163
-18299
-3267
-18563
-3147
-18819
-3511
93
-3391
-123
-3439
-291
-3447
-575
-3483
-783
-3403
-1019
-3455
-1323
-3471
-1531
-3443
-1711
-3423
-2007
-3415
-2279
-3451
-2499
-3483
-2667
-3419
-2971
-3463
-3211
-3439
-3439
-3491
-3675
-3439
-3927
-3443
-4139
-3491
-4363
-3475
-4595
-3483
-4823
-3459
-5063
-3459
-5407
-3423
-5591
-3507
-5899
-3491
-6011
-3443
-6303
-3411
-6495
-3375
-6763
-3503
-7059
-3463
-7291
-3427
-7503
-3375
-7771
-3423
-8051
-3403
-8259
-3379
-8431
-3379
-8735
-3467
-8891
-3503
-9135
-3379
-9415
-3395
-9675
-3483
-9939
-3499
-10123
-3411
-10419
-3467
-10707
-3395
-10875
-3395
-11091
-3499
-11387
-3387
-11675
-3467
-11819
-3411
-12091
-3403
-12379
-3467
-12627
-3451
-12835
-3475
-13051
-3459
-13291
-3459
-13499
-3499
-13771
-3475
-13947
-3507
-14307
-3443
-14451
-3499
-14707
-3451
-15019
-3467
-15251
-3403
-15467
-3395
-15715
-3427
-15939
-3403
-16147
-3515
-16475
-3427
-16675
-3507
-16851
-3475
-17155
-3435
-17371
-3491
-17595
-3411
-17899
-3507
-18091
-3491
-18291
-3467
-18523
-3507
-18859
-3639
133
-3687
-127
-3643
-319
-3723
-591
-3695
-791
-3635
-1003
-3707
-1215
-3635
-1559
-3735
-1739
-3715
-2059
-3643
-2215
-3731
-2403
-3651
-2767
-3735
-2919
-3703
-3139
-3651
-3491
-3667
-3643
-3711
-3939
-3687
-4175
-3619
-4327
-3699
-4715
-3723
-4899
-3699
-5155
-3683
-5363
-3711
-5615
-3651
-5815
-3747
-6139
-3735
-6247
-3735
-6527
-3715
-6815
-3707
-6979
-3647
-7299
-3735
-7555
-3647
-7747
-3683
-7999
-3655
-8171
-3691
-8491
-3675
-8739
-3699
-8959
-3755
-9235
-3739
-9499
-3715
-9699
-3739
-9955
-3699
-10171
-3715
-10467
-3755
-10699
-3691
-10915
-3707
-11171
-3707
-11427
-3643
-11571
-3627
-11915
-3675
-12147
-3675
-12283
-3659
-12539
-3675
-12811
-3683
-13019
-3731
-13283
-3699
-13523
-3747
-13835
-3715
-13963
-3715
-14251
-3731
-14491
-3747
-14691
-3731
-14931
-3747
-15187
-3699
-15387
-3675
-15707
-3643
-15875
-3699
-16171
-3635
-16411
-3659
-16595
-3755
-16843
-3747
-17091
-3739
-17323
-3651
-17611
-3667
-17875
-3683
-18099
-3731
-18299
-3699
-18635
-3667
-18859
-3979
133
-3883
-27
-3907
-247
-3975
-507
-3867
-759
-3867
-1043
-3955
-1259
-3967
-1491
-3947
-1803
-3979
-1963
-3935
-2215
-3955
-2503
-3951
-2683
-3979
-3011
-3935
-3167
-3883
-3503
-3879
-3715
-3939
-3963
-3923
-4099
-3963
-4411
-3915
-4683
-3851
-4919
-3939
-5115
-3979
-5399
-3991
-5591
-3967
-5819
-3939
-6107
-3895
-6335
-3931
-6551
-3915
-6823
-3939
-7091
-3863
-7319
-3919
-7499
-3887
-7763
-3951
-7971
-3927
-8267
-3935
-8527
-3923
-8707
-3879
-8987
-3911
-9187
-3939
-9403
-3987
-9755
-3931
-9979
-3963
-10179
-3867
-10355
-3947
-10667
-3931
-10835
-3987
-11163
-3899
-11427
-3947
-11595
-3891
-11891
-3867
-12035
-3883
-12347
-3987
-12539
-3955
-12819
-3979
-13067
-3995
-13259
-3867
-13547
-3883
-13731
-3971
-13963
-3963
-14315
-3875
-14483
-3891
-14707
-3995
-14971
-3891
-15251
-3995
-15451
-3971
-15715
-3947
-15899
-3955
-16155
-3947
-16387
-3987
-16643
-3979
-16851
-3931
-17131
-3963
-17435
-3939
-17563
-3939
-17851
-3987
-18115
-3987
-18363
-3931
-18579
-3939
-18827
-4107
133
-4219
-95
-4119
-383
-4187
-599
-4151
-795
-4215
-987
-4155
-1303
-4111
-1559
-4095
-1747
-4087
-1959
-4175
-2171
-4111
-2439
-4163
-2659
-4187
-2927
-4107
-3227
-4127
-3387
-4159
-3683
-4119
-3839
-4219
-4107
-4143
-4359
-4187
-4703
-4179
-4859
-4195
-5071
-4155
-5311
-4163
-5547
-4227
-5839
-4171
-6083
-4091
-6299
-4115
-6487
-4159
-6823
-4147
-7067
-4195
-7235
-4179
-7479
-4171
-7695
-4211
-8055
-4207
-8215
-4159
-8495
-4187
-8647
-4159
-8983
-4187
-9167
-4191
-9379
-4107
-9627
-4163
-9915
-4115
-10219
-4227
-10427
-4203
-10699
-4219
-10875
-4115
-11139
-4115
-11331
-4211
-11571
-4131
-11883
-4227
-12147
-4171
-12299
-4131
-12547
-4171
-12875
-4211
-13043
-4139
-13355
-4179
-13523
-4123
-13827
-4211
-14027
-4115
-14275
-4211
-14475
-4131
-14755
-4219
-15011
-4195
-15195
-4219
-15387
-4211
-15723
-4147
-15915
-4211
-16219
-4147
-16411
-4195
-16627
-4235
-16883
-4227
-17179
-4123
-17331
-4171
-17659
-4187
-17819
-4179
-18075
-4139
-18323
-4147
-18539
-4107
-18843
-4427
149
-4451
-139
-4451
-347
-4359
-603
-4439
-723
-4431
-1007
-4359
-1283
-4391
-1531
-4451
-1719
-4415
-1927
-4435
-2195
-4451
-2507
-4343
-2667
-4383
-2963
-4395
-3143
-4343
-3427
-4415
-3727
-4383
-3983
-4455
-4175
-4383
-4455
-4391
-4575
-4375
-4891
-4439
-5115
-4339
-5383
-4351
-5587
-4439
-5883
-4463
-6035
-4367
-6279
-4435
-6603
-4419
-6803
-4451
-7051
-4371
-7279
-4387
-7439
-4419
-7731
-4335
-8039
-4443
-8303
-4471
-8499
-4443
-8687
-4407
-8999
-4419
-9155
-4435
-9391
-4435
-9691
-4459
-9867
-4347
-10139
-4371
-10347
-4467
-10707
-4459
-10923
-4467
-11163
-4427
-11411
-4475
-11667
-4411
-11795
-4459
-12147
-4427
-12323
-4403
-12635
-4403
-12859
-4403
-13099
-4475
-13299
-4475
-13595
-4387
-13787
-4435
-13955
-4363
-14219
-4355
-14491
-4451
-14771
-4427
-14939
-4443
-15179
-4475
-15419
-4443
-15715
-4427
-15979
-4387
-16219
-4435
-16459
-4459
-16659
-4403
-16859
-4475
-17083
-4411
-17387
-4459
-17675
-4475
-17875
-4411
-18059
-4451
-18387
-4435
-18555
-4475
-18859
-4587
149
-4707
-123
-4687
-347
-4587
-551
-4643
-795
-4647
-983
-4695
-1255
-4611
-1475
-4655
-1803
-4647
-2027
-4615
-2255
-4663
-2451
-4631
-2671
-4627
-2995
-4571
-3151
-4667
-3483
-4663
-3691
-4651
-3963
-4567
-4151
-4571
-4431
-4671
-4647
-4675
-4827
-4595
-5167
-4639
-5307
-4571
-5571
-4691
-5835
-4679
-6079
-4607
-6275
-4583
-6615
-4603
-6839
-4691
-6983
-4603
-7311
-4579
-7519
-4627
-7739
-4659
-8023
-4691
-8255
-4631
-8399
-4639
-8719
-4555
-8951
-4603
-9239
-4671
-9515
-4675
-9707
-4659
-9883
-4715
-10131
-4667
-10443
-4691
-10643
-4595
-10923
-4691
-11091
-4651
-11419
-4699
-11603
-4611
-11795
-4715
-12115
-4603
-12379
-4683
-12635
-4643
-12827
-4715
-13115
-4635
-13347
-4611
-13531
-4659
-13747
-4611
-14051
-4715
-14243
-4707
-14499
-4635
-14723
-4675
-15035
-4667
-15219
-4659
-15491
-4659
-15667
-4699
-15907
-4715
-16235
-4651
-16435
-4691
-16659
-4683
-16947
-4587
-17155
-4619
-17323
-4619
-17651
-4707
-17899
-4595
-18099
-4619
-18331
-4707
-18531
-4611
-18867
-4859
93
-4939
-135
-4855
-279
-4931
-491
-4915
-723
-4923
-1063
-4907
-1239
-4835
-1499
-4939
-1803
-4923
-2047
-4859
-2159
-4835
-2519
-4859
-2731
-4935
-3019
-4831
-3183
-4815
-3455
-4931
-3703
-4835
-3871
-4907
-4179
-4907
-4431
-4943
-4623
-4923
-4851
-4867
-5079
-4867
-5339
-4907
-5627
-4939
-5879
-4927
-6043
-4887
-6295
-4919
-6491
-4895
-6831
-4811
-7019
-4867
-7323
-4887
-7571
-4835
-7755
-4927
-7971
-4883
-8219
-4891
-8547
-4891
-8723
-4843
-8979
-4939
-9223
-4923
-9463
-4955
-9739
-4947
-9955
-4859
-10115
-4827
-10443
-4939
-10715
-4915
-10923
-4939
-11067
-4843
-11395
-4931
-11595
-4947
-11915
-4955
-12147
-4899
-12379
-4955
-12587
-4931
-12819
-4827
-13051
-4915
-13355
-4955
-13499
-4915
-13779
-4835
-14059
-4859
-14227
-4931
-14467
-4915
-14707
-4835
-15035
-4835
-15227
-4931
-15467
-4835
-15627
-4931
-15971
-4883
-16115
-4931
-16387
-4899
-16659
-4835
-16891
-4891
-17171
-4875
-17307
-4939
-17563
-4923
-17875
-4915
-18035
-4827
-18315
-4835
-18635
-4955
-18835
-5067
133
-5067
-83
-5147
-299
-5191
-543
-5167
-811
-5159
-991
-5115
-1231
-5127
-1527
-5139
-1731
-5123
-2043
-5071
-2203
-5191
-2495
-5187
-2783
-5063
-3007
-5067
-3155
-5159
-3467
-5183
-3747
-5155
-3891
-5099
-4151
-5139
-4403
-5075
-4611
-5195
-4831
-5135
-5039
-5171
-5387
-5107
-5591
-5143
-5887
-5179
-6007
-5071
-6323
-5107
-6595
-5111
-6799
-5159
-7027
-5139
-7303
-5191
-7471
-5119
-7727
-5163
-7931
-5175
-8267
-5067
-8483
-5063
-8731
-5043
-8995
-5187
-9155
-5167
-9423
-5171
-9651
-5123
-9915
-5099
-10211
-5123
-10443
-5171
-10683
-5099
-10931
-5195
-11187
-5195
-11307
-5155
-11643
-5139
-11859
-5091
-12131
-5187
-12315
-5171
-12523
-5179
-12835
-5107
-13011
-5107
-13235
-5155
-13547
-5187
-13707
-5131
-13963
-5187
-14243
-5187
-14547
-5147
-14739
-5195
-14995
-5083
-15275
-5195
-15459
-5099
-15675
-5131
-15899
-5123
-16179
-5195
-16451
-5139
-16675
-5083
-16931
-5195
-17091
-5107
-17355
-5115
-17555
-5163
-17835
-5171
-18083
-5091
-18283
-5163
-18635
-5163
-18851
-5347
109
-5395
-83
-5315
-331
-5419
-523
-5339
-819
-5411
-1035
-5395
-1231
-5419
-1539
-5323
-1823
-5395
-2035
-5403
-2187
-5395
-2415
-5371
-2751
-5331
-2955
-5379
-3151
-5403
-3475
-5347
-3743
-5363
-3943
-5419
-4179
-5395
-4427
-5427
-4603
-5331
-4879
-5403
-5195
-5403
-5331
-5427
-5611
-5315
-5827
-5411
-6099
-5435
-6267
-5403
-6619
-5411
-6835
-5403
-7027
-5411
-7347
-5419
-7523
-5411
-7723
-5355
-7979
-5403
-8235
-5403
-8443
-5435
-8731
-5307
-8891
-5315
-9239
-5347
-9391
-5355
-9683
-5403
-9875
-5411
-10235
-5427
-10467
-5403
-10619
-5427
-10915
-5371
-11067
-5411
-11331
-5403
-11587
-5315
-11899
-5403
-12099
-5419
-12307
-5419
-12555
-5395
-12835
-5403
-13019
-5315
-13299
-5379
-13531
-5395
-13755
-5403
-14059
-5395
-14283
-5347
-14499
-5419
-14731
-5419
-14963
-5363
-15171
-5427
-15387
-5403
-15635
-5323
-15987
-5387
-16155
-5387
-16411
-5387
-16699
-5315
-16907
-5403
-17139
-5331
-17435
-5363
-17675
-5427
-17835
-5419
-18027
-5387
-18291
-5427
-18563
-5347
-18843
-5603
117
-5659
-83
-5635
-283
-5675
-587
-5579
-819
-5651
-1075
-5587
-1291
-5563
-1531
-5675
-1835
-5587
-2059
-5675
-2251
-5603
-2427
-5603
-2795
-5619
-3035
-5675
-3195
-5667
-3427
-5635
-3755
-5547
-3939
-5651
-4147
-5635
-4419
-5635
-4587
-5675
-4923
-5635
-5163
-5619
-5323
-5547
-5675
-5571
-5891
-5571
-6027
-5635
-6347
-5675
-6523
-5579
-6763
-5571
-6995
-5595
-7283
-5643
-7555
-5675
-7827
-5563
-8051
-5643
-8307
-5635
-8459
-5667
-8787
-5611
-9003
-5659
-9211
-5547
-9491
-5619
-9627
-5651
-9875
-5675
-10147
-5619
-10475
-5659
-10699
-5563
-10835
-5627
-11139
-5587
-11379
-5635
-11667
-5651
-11795
-5667
-12107
-5587
-12307
-5619
-12563
-5635
-12763
-5579
-13067
-5635
-13227
-5587
-13531
-5595
-13715
-5603
-13971
-5675
-14291
-5635
-14555
-5659
-14675
-5563
-14931
-5627
-15219
-5555
-15395
-5667
-15715
-5595
-15947
-5659
-16123
-5619
-16347
-5627
-16707
-5643
-16955
-5635
-17107
-5675
-17387
-5635
-17547
-5675
-17835
-5611
-18091
-5595
-18307
-5667
-18547
-5563
-18859
-5819
117
-5891
-43
-5907
-283
-5827
-595
-5883
-835
-5851
-1075
-5907
-1355
-5811
-1467
-5819
-1771
-5891
-2059
-5787
-2203
-5835
-2427
-5827
-2667
-5875
-3027
-5915
-3259
-5883
-3515
-5811
-3747
-5811
-3899
-5875
-4131
-5891
-4355
-5883
-4715
-5859
-4915
-5867
-5195
-5915
-5315
-5907
-5643
-5827
-5907
-5907
-6059
-5811
-6387
-5907
-6563
-5891
-6875
-5899
-6987
-5835
-7323
-5907
-7547
-5883
-7755
-5851
-8019
-5907
-8299
-5867
-8483
-5899
-8779
-5907
-8995
-5883
-9163
-5851
-9387
-5883
-9723
-5835
-9963
-5819
-10147
-5851
-10411
-5891
-10587
-5899
-10915
-5843
-11075
-5851
-11427
-5891
-11547
-5819
-11875
-5883
-12043
-5883
-12267
-5803
-12547
-5915
-12779
-5891
-13091
-5907
-13299
-5843
-13475
-5811
-13835
-5915
-14003
-5867
-14283
-5835
-14531
-5915
-14683
-5851
-14939
-5875
-15203
-5891
-15451
-5843
-15651
-5859
-15939
-5899
-16155
-5859
-16387
-5859
-16715
-5915
-16835
-5867
-17115
-5907
-17411
-5907
-17651
-5907
-17891
-5899
-18027
-5787
-18355
-5899
-18587
-5851
-18843
-6155
141
-6155
-59
-6051
-363
-6123
-523
-6155
-835
-6147
-1091
-6083
-1275
-6131
-1539
-6099
-1715
-6147
-2019
-6147
-2283
-6083
-2435
-6107
-2675
-6075
-2923
-6091
-3227
-6051
-3419
-6083
-3747
-6155
-3899
-6131
-4171
-6147
-4403
-6147
-4659
-6147
-4891
-6155
-5099
-6099
-5355
-6147
-5667
-6115
-5827
-6051
-6043
-6115
-6275
-6107
-6531
-6139
-6875
-6091
-7003
-6099
-7259
-6155
-7523
-6107
-7739
-6107
-7947
-6059
-8243
-6155
-8555
-6107
-8731
-6131
-8979
-6147
-9179
-6155
-9443
-6155
-9747
-6131
-9995
-6083
-10219
-6147
-10419
-6147
-10611
-6059
-10875
-6075
-11139
-6083
-11411
-6155
-11627
-6059
-11787
-6083
-12027
-6123
-12339
-6027
-12515
-6139
-12843
-6107
-12995
-6147
-13275
-6099
-13595
-6131
-13827
-6139
-13955
-6147
-14211
-6147
-14523
-6123
-14771
-6147
-14995
-6027
-15251
-6059
-15475
-6035
-15635
-6131
-15891
-6099
-16163
-6099
-16371
-6115
-16683
-6123
-16891
-6083
-17171
-6139
-17435
-6123
-17619
-6139
-17859
-6139
-18067
-6115
-18371
-6099
-18627
-6059
-18851
-6275
93
-6323
-107
-6307
-395
-6371
-635
-6387
-771
-6331
-1099
-6275
-1243
-6355
-1531
-6315
-1811
-6363
-2059
-6363
-2251
-6291
-2539
-6387
-2707
-6339
-2923
-6379
-3275
-6355
-3435
-6387
-3747
-6307
-3875
-6371
-4115
-6371
-4395
-6307
-4611
-6379
-4907
-6307
-5163
-6291
-5427
-6387
-5579
-6371
-5891
-6355
-6123
-6291
-6275
-6363
-6523
-6379
-6859
-6379
-7091
-6347
-7315
-6371
-7467
-6355
-7811
-6315
-7971
-6339
-8259
-6355
-8435
-6283
-8723
-6291
-8979
-6395
-9155
-6339
-9443
-6283
-9715
-6371
-9915
-6275
-10115
-6323
-10427
-6275
-10683
-6363
-10899
-6371
-11179
-6315
-11403
-6347
-11579
-6347
-11795
-6315
-12059
-6267
-12323
-6299
-12531
-6347
-12835
-6339
-13019
-6355
-13331
-6363
-13491
-6363
-13755
-6275
-13995
-6307
-14267
-6379
-14523
-6283
-14683
-6323
-14971
-6363
-15227
-6395
-15451
-6291
-15731
-6347
-15931
-6339
-16131
-6315
-16467
-6387
-16587
-6387
-16827
-6339
-17083
-6323
-17387
-6355
-17563
-6347
-17899
-6347
-18067
-6323
-18355
-6307
-18587
-6387
-18811
-6611
93
-6571
-83
-6563
-267
-6563
-531
-6563
-819
-6555
-1035
-6627
-1323
-6627
-1507
-6619
-1787
-6579
-2027
-6563
-2267
-6627
-2467
-6547
-2771
-6523
-2987
-6587
-3171
-6579
-3387
-6627
-3731
-6531
-3995
-6555
-4203
-6587
-4387
-6619
-4715
-6619
-4891
-6611
-5107
-6547
-5395
-6563
-5547
-6579
-5859
-6547
-6155
-6603
-6395
-6547
-6603
-6627
-6747
-6619
-7051
-6595
-7315
-6571
-7515
-6603
-7739
-6571
-8051
-6627
-8299
-6555
-8499
-6627
-8675
-6531
-8907
-6579
-9267
-6627
-9395
-6587
-9723
-6635
-9875
-6579
-10107
-6539
-10419
-6627
-10643
-6603
-10931
-6635
-11147
-6635
-11355
-6587
-11643
-6579
-11795
-6579
-12123
-6603
-12395
-6555
-12515
-6635
-12803
-6627
-13035
-6563
-13267
-6563
-13547
-6563
-13811
-6603
-14027
-6619
-14195
-6587
-14491
-6603
-14667
-6587
-15011
-6563
-15267
-6635
-15483
-6515
-15715
-6635
-15883
-6579
-16163
-6531
-16403
-6627
-16667
-6555
-16915
-6539
-17067
-6635
-17307
-6619
-17587
-6539
-17907
-6547
-18139
-6611
-18331
-6603
-18611
-6547
-18859
-6795
109
-6875
-35
-6771
-331
-6755
-563
-6819
-795
-6875
-995
-6787
-1251
-6835
-1483
-6851
-1739
-6747
-2027
-6851
-2235
-6835
-2467
-6859
-2787
-6835
-2947
-6795
-3171
-6875
-3443
-6827
-3683
-6843
-3923
-6835
-4187
-6859
-4355
-6747
-4707
-6763
-4891
-6771
-5075
-6843
-5379
-6843
-5595
-6827
-5907
-6819
-6131
-6835
-6331
-6851
-6595
-6851
-6763
-6795
-7003
-6859
-7283
-6859
-7571
-6835
-7803
-6771
-8059
-6811
-8267
-6875
-8427
-6811
-8771
-6875
-9011
-6867
-9179
-6859
-9395
-6811
-9667
-6763
-9987
-6835
-10179
-6827
-10403
-6875
-10715
-6795
-10939
-6827
-11107
-6867
-11411
-6795
-11603
-6811
-11891
-6827
-12139
-6819
-12315
-6851
-12555
-6835
-12867
-6835
-13011
-6867
-13323
-6867
-13523
-6851
-13787
-6755
-13987
-6827
-14235
-6835
-14523
-6771
-14707
-6851
-15035
-6867
-15187
-6819
-15435
-6827
-15683
-6787
-15899
-6875
-16235
-6811
-16451
-6811
-16699
-6875
-16939
-6859
-17171
-6795
-17387
-6867
-17667
-6803
-17915
-6843
-18147
-6835
-18323
-6827
-18547
-6851
-18811
-7091
141
-7075
-115
-7059
-371
-7027
-587
-7051
-819
-7075
-987
-7035
-1283
-7011
-1499
-7107
-1827
-7051
-2027
-7115
-2259
-7107
-2467
-6995
-2683
-6987
-2915
-6987
-3211
-7115
-3395
-7011
-3627
-7067
-3987
-7059
-4235
-7115
-4363
-7083
-4643
-6987
-4835
-7043
-5123
-7051
-5315
-7051
-5611
-7075
-5843
-7091
-6155
-7083
-6339
-7099
-6611
-7099
-6875
-7067
-6987
-7091
-7251
-7035
-7563
-7067
-7723
-7107
-7987
-7019
-8307
-7083
-8427
-7115
-8691
-7099
-9035
-7099
-9235
-7099
-9427
-7091
-9731
-7099
-9891
-7075
-10155
-7115
-10411
-7115
-10707
-7115
-10939
-7035
-11075
-7027
-11435
-6987
-11667
-7075
-11819
-7059
-12075
-7115
-12355
-7107
-12547
-7083
-12875
-7091
-13059
-7027
-13347
-7043
-13539
-7003
-13723
-7083
-13979
-7051
-14267
-7011
-14547
-7099
-14747
-7043
-14963
-7067
-15275
-7019
-15451
-7011
-15731
-7115
-15995
-7075
-16203
-7115
-16427
-7067
-16587
-7107
-16947
-7107
-17155
-7115
-17419
-7091
-17603
-7043
-17891
-7035
-18099
-7075
-18275
-6987
-18595
-7075
-18811
-7347
125
-7331
-91
-7323
-355
-7243
-603
-7275
-787
-7259
-987
-7355
-1355
-7331
-1579
-7259
-1763
-7355
-1995
-7235
-2211
-7331
-2451
-7315
-2707
-7355
-2915
-7291
-3195
-7347
-3419
-7267
-3747
-7267
-3955
-7355
-4219
-7307
-4443
-7355
-4587
-7339
-4891
-7251
-5123
-7259
-5419
-7307
-5603
-7283
-5883
-7339
-6067
-7235
-6275
-7251
-6579
-7323
-6811
-7275
-7027
-7323
-7291
-7243
-7595
-7331
-7747
-7267
-8059
-7323
-8219
-7235
-8475
-7251
-8675
-7323
-8931
-7315
-9155
-7243
-9475
-7355
-9739
-7267
-9979
-7283
-10227
-7355
-10363
-7243
-10707
-7267
-10939
-7267
-11115
-7299
-11403
-7315
-11667
-7227
-11795
-7307
-12075
-7315
-12347
-7355
-12603
-7275
-12787
-7259
-12995
-7323
-13347
-7307
-13515
-7307
-13707
-7331
-14075
-7235
-14275
-7315
-14443
-7251
-14795
-7235
-14915
-7299
-15187
-7307
-15411
-7299
-15675
-7331
-15891
-7299
-16139
-7267
-16467
-7227
-16715
-7243
-16931
-7315
-17131
-7331
-17411
-7283
-17659
-7251
-17803
-7315
-18131
-7267
-18275
-7227
-18627
-7291
-18819
-7539
109
-7595
-155
-7531
-267
-7595
-587
-7467
-851
-7507
-1043
-7587
-1307
-7547
-1499
-7483
-1731
-7507
-1979
-7475
-2211
-7483
-2515
-7571
-2747
-7571
-2931
-7579
-3259
-7475
-3451
-7483
-3643
-7539
-3907
-7515
-4219
-7531
-4355
-7475
-4691
-7555
-4875
-7523
-5067
-7571
-5379
-7491
-5563
-7579
-5819
-7475
-6027
-7587
-6307
-7555
-6603
-7491
-6779
-7555
-7107
-7587
-7227
-7563
-7467
-7515
-7803
-7587
-8059
-7563
-8203
-7587
-8475
-7595
-8739
-7587
-9035
-7475
-9235
-7467
-9491
-7531
-9659
-7571
-9979
-7579
-10155
-7571
-10379
-7579
-10587
-7491
-10835
-7515
-11067
-7547
-11387
-7571
-11627
-7547
-11819
-7563
-12043
-7595
-12331
-7539
-12587
-7515
-12819
-7547
-13115
-7515
-13323
-7595
-13539
-7563
-13795
-7555
-14035
-7467
-14267
-7523
-14547
-7595
-14699
-7531
-14947
-7563
-15235
-7491
-15403
-7555
-15651
-7515
-15923
-7579
-16163
-7491
-16403
-7547
-16667
-7491
-16851
-7523
-17139
-7467
-17371
-7555
-17659
-7587
-17875
-7555
-18027
-7547
-18363
-7523
-18611
-7571
-18819
-7763
93
-7795
-115
-7779
-275
-7763
-619
-7819
-811
-7835
-1027
-7787
-1275
-7803
-1515
-7779
-1739
-7819
-1955
-7771
-2195
-7795
-2427
-7739
-2771
-7835
-2987
-7819
-3227
-7787
-3451
-7707
-3659
-7803
-3963
-7803
-4131
-7819
-4363
-7803
-4699
-7803
-4955
-7779
-5187
-7795
-5403
-7779
-5675
-7763
-5907
-7819
-6091
-7723
-6395
-7723
-6523
-7731
-6867
-7779
-7075
-7811
-7227
-7763
-7499
-7827
-7819
-7747
-7947
-7819
-8251
-7835
-8459
-7819
-8771
-7787
-9011
-7835
-9243
-7763
-9507
-7819
-9643
-7827
-9907
-7811
-10179
-7779
-10387
-7715
-10635
-7835
-10827
-7819
-11091
-7811
-11403
-7835
-11579
-7747
-11883
-7771
-12059
-7827
-12387
-7835
-12531
-7771
-12795
-7835
-13107
-7811
-13355
-7787
-13555
-7755
-13723
-7803
-13979
-7835
-14267
-7763
-14427
-7771
-14723
-7779
-14923
-7811
-15171
-7771
-15419
-7819
-15715
-7803
-15987
-7819
-16187
-7731
-16347
-7787
-16715
-7819
-16955
-7835
-17091
-7707
-17355
-7771
-17579
-7771
-17875
-7827
-18099
-7763
-18323
-7819
-18603
-7763
-18875
-8051
109
-7971
-35
-8051
-323
-8035
-635
-8075
-803
-8035
-1027
-8059
-1331
-8035
-1507
-7979
-1819
-8043
-2011
-7995
-2291
-8035
-2491
-8035
-2763
-8019
-2979
-8051
-3243
-7955
-3491
-8075
-3659
-8027
-3955
-8003
-4195
-7987
-4347
-7987
-4587
-8027
-4907
-8075
-5123
-8011
-5419
-7995
-5659
-8067
-5859
-8011
-6067
-8075
-6339
-8051
-6635
-7947
-6867
-8075
-7099
-7971
-7291
-8035
-7491
-8043
-7827
-7963
-8011
-8067
-8275
-8035
-8515
-8043
-8699
-8075
-9027
-8059
-9259
-8011
-9499
-8051
-9675
-8067
-9899
-8011
-10211
-8019
-10363
-8035
-10595
-8019
-10947
-7979
-11139
-8027
-11435
-8011
-11547
-7995
-11875
-7987
-12043
-8075
-12355
-8027
-12635
-7963
-12867
-8067
-13107
-8059
-13235
-8075
-13499
-8027
-13771
-7987
-14067
-7947
-14307
-7963
-14531
-8019
-14747
-8067
-14971
-8051
-15227
-7955
-15467
-8011
-15683
-8003
-15875
-8075
-16131
-8067
-16451
-8003
-16651
-7995
-16931
-7963
-17179
-8019
-17363
-8027
-17579
-8011
-17795
-7979
-18147
-8043
-18371
-7987
-18571
-7947
-18827
-8259
101
-8243
-59
-8219
-379
-8275
-523
-8299
-803
-8275
-1043
-8243
-1235
-8299
-1523
-8195
-1787
-8291
-1987
-8307
-2283
-8307
-2427
-8235
-2707
-8227
-2939
-8307
-3163
-8275
-3475
-8307
-3723
-8307
-3947
-8235
-4211
-8219
-4379
-8227
-4699
-8243
-4859
-8283
-5107
-8267
-5331
-8291
-5587
-8299
-5859
-8219
-6099
-8315
-6283
-8259
-6515
-8203
-6795
-8211
-7083
-8243
-7259
-8219
-7467
-8259
-7707
-8259
-8075
-8227
-8219
-8283
-8515
-8251
-8763
-8283
-8995
-8315
-9219
-8235
-9483
-8267
-9699
-8187
-9979
-8235
-10235
-8187
-10435
-8275
-10635
-8187
-10867
-8211
-11091
-8203
-11379
-8243
-11651
-8299
-11907
-8267
-12115
-8267
-12363
-8259
-12539
-8243
-12859
-8267
-13075
-8307
-13355
-8203
-13515
-8243
-13771
-8259
-14059
-8291
-14203
-8283
-14483
-8187
-14683
-8259
-14995
-8299
-15259
-8211
-15483
-8243
-15675
-8235
-15979
-8307
-16203
-8267
-16363
-8267
-16627
-8275
-16931
-8243
-17171
-8211
-17403
-8299
-17595
-8275
-17875
-8299
-18155
-8187
-18315
-8227
-18563
-8187
-18835
-8475
141
-8523
-155
-8499
-363
-8515
-563
-8547
-787
-8555
-1043
-8435
-1275
-8491
-1539
-8499
-1723
-8515
-1979
-8507
-2227
-8539
-2539
-8443
-2715
-8459
-3019
-8547
-3227
-8507
-3451
-8547
-3699
-8499
-3931
-8515
-4187
-8491
-4355
-8547
-4651
-8531
-4843
-8499
-5163
-8483
-5427
-8499
-5587
-8531
-5795
-8451
-6131
-8435
-6291
-8475
-6571
-8555
-6787
-8531
-6995
-8555
-7331
-8491
-7555
-8555
-7771
-8515
-7955
-8467
-8275
-8547
-8555
-8467
-8771
-8443
-8907
-8435
-9195
-8539
-9491
-8547
-9731
-8475
-9891
-8531
-10211
-8555
-10387
-8547
-10659
-8475
-10923
-8459
-11195
-8555
-11323
-8507
-11627
-8547
-11811
-8555
-12131
-8451
-12387
-8515
-12627
-8555
-12763
-8467
-13091
-8459
-13315
-8459
-13595
-8427
-13723
-8507
-13947
-8491
-14187
-8491
-14435
-8515
-14795
-8531
-15035
-8467
-15219
-8451
-15499
-8451
-15747
-8499
-15939
-8547
-16147
-8475
-16347
-8499
-16635
-8539
-16843
-8443
-17179
-8523
-17371
-8491
-17627
-8515
-17819
-8523
-18099
-8483
-18267
-8491
-18507
-8483
-18851
-8779
141
-8739
-107
-8715
-387
-8779
-587
-8675
-819
-8747
-1043
-8747
-1323
-8779
-1499
-8763
-1731
-8763
-2003
-8779
-2275
-8795
-2555
-8723
-2787
-8763
-3035
-8747
-3235
-8763
-3395
-8763
-3643
-8787
-3931
-8755
-4235
-8731
-4387
-8747
-4667
-8779
-4931
-8731
-5107
-8763
-5419
-8787
-5675
-8795
-5819
-8699
-6067
-8771
-6299
-8771
-6539
-8739
-6851
-8779
-7115
-8771
-7347
-8787
-7587
-8715
-7707
-8707
-8067
-8755
-8299
-8715
-8515
-8707
-8691
-8755
-8971
-8715
-9219
-8699
-9411
-8779
-9627
-8787
-9915
-8787
-10171
-8795
-10427
-8667
-10651
-8787
-10923
-8779
-11107
-8739
-11347
-8755
-11555
-8771
-11883
-8723
-12083
-8795
-12323
-8795
-12523
-8747
-12875
-8723
-13043
-8795
-13275
-8691
-13515
-8763
-13811
-8763
-14067
-8747
-14307
-8771
-14427
-8691
-14723
-8779
-14947
-8779
-15155
-8675
-15515
-8763
-15699
-8723
-15867
-8739
-16227
-8755
-16395
-8787
-16691
-8755
-16827
-8739
-17147
-8731
-17347
-8795
-17627
-8723
-17819
-8779
-18099
-8795
-18371
-8779
-18523
-8771
-18859
-9019
125
-8931
-75
-8923
-267
-9035
-579
-8971
-835
-8923
-1075
-9003
-1307
-8971
-1531
-8995
-1811
-8987
-1995
-9027
-2195
-8963
-2539
-8915
-2771
-8963
-2955
-8963
-3147
-9035
-3451
-8939
-3723
-9019
-3883
-9011
-4123
-8939
-4355
-9019
-4635
-9003
-4955
-8931
-5163
-9003
-5427
-9027
-5667
-8987
-5907
-8915
-6139
-8979
-6275
-8995
-6507
-9011
-6835
-8931
-7075
-9011
-7299
-8971
-7531
-9027
-7771
-8923
-7947
-8923
-8299
-9027
-8507
-8963
-8675
-8987
-8995
-9035
-9251
-8947
-9427
-8987
-9659
-9019
-9923
-9027
-10171
-8955
-10435
-8963
-10651
-8915
-10907
-9027
-11147
-8987
-11427
-8987
-11555
-8955
-11811
-8923
-12083
-8987
-12323
-8955
-12611
-8963
-12835
-8915
-13107
-8923
-13283
-8987
-13587
-9003
-13771
-8979
-13987
-9003
-14203
-9011
-14547
-8931
-14683
-8939
-14915
-9003
-15203
-8987
-15387
-8939
-15643
-8995
-15883
-9019
-16123
-9011
-16363
-8915
-16715
-9035
-16899
-8907
-17195
-8987
-17419
-8995
-17579
-9003
-17835
-9027
-18027
-9035
-18267
-8923
-18611
-8995
-18819
-9211
125
-9203
-27
-9147
-315
-9163
-523
-9243
-835
-9275
-1043
-9163
-1339
-9251
-1539
-9171
-1747
-9251
-1979
-9275
-2227
-9275
-2451
-9219
-2683
-9243
-2979
-9251
-3187
-9227
-3443
-9267
-3731
-9267
-3987
-9203
-4147
-9163
-4427
-9243
-4667
-9251
-4955
-9235
-5139
-9251
-5307
-9259
-5547
-9235
-5803
-9243
-6107
-9259
-6363
-9267
-6523
-9259
-6859
-9155
-6987
-9275
-7267
-9155
-7523
-9275
-7811
-9211
-7963
-9171
-8211
-9163
-8515
-9235
-8747
-9211
-8987
-9147
-9259
-9211
-9507
-9203
-9651
-9163
-9883
-9235
-10163
-9275
-10387
-9267
-10715
-9203
-10827
-9219
-11075
-9235
-11347
-9251
-11555
-9195
-11827
-9203
-12099
-9259
-12395
-9267
-12555
-9275
-12875
-9155
-12987
-9227
-13355
-9251
-13563
-9211
-13827
-9171
-14035
-9179
-14291
-9171
-14507
-9227
-14795
-9243
-14931
-9211
-15211
-9243
-15491
-9155
-15747
-9147
-15963
-9251
-16131
-9267
-16435
-9203
-16659
-9243
-16931
-9259
-17171
-9211
-17355
-9179
-17627
-9235
-17827
-9259
-18043
-9275
-18275
-9275
-18507
-9179
-18819
-9491
109
-9419
-147
-9395
-315
-9459
-635
-9427
-827
-9507
-1051
-9507
-1267
-9499
-1491
-9411
-1819
-9507
-2027
-9459
-2283
-9411
-2499
-9403
-2779
-9475
-2907
-9451
-3243
-9419
-3395
-9467
-3667
-9499
-3963
-9491
-4211
-9499
-4371
-9491
-4675
-9427
-4835
-9491
-5155
-9411
-5307
-9475
-5667
-9411
-5811
-9483
-6123
-9435
-6355
-9515
-6579
-9467
-6851
-9395
-6987
-9395
-7267
-9507
-7539
-9419
-7763
-9475
-7979
-9491
-8291
-9419
-8483
-9499
-8739
-9491
-8923
-9387
-9195
-9387
-9387
-9515
-9707
-9419
-9955
-9475
-10107
-9507
-10379
-9443
-10683
-9435
-10947
-9475
-11083
-9443
-11435
-9395
-11675
-9483
-11851
-9403
-12147
-9451
-12395
-9491
-12571
-9387
-12867
-9459
-12987
-9459
-13267
-9387
-13531
-9491
-13723
-9491
-13955
-9499
-14203
-9419
-14435
-9419
-14747
-9435
-15011
-9491
-15211
-9411
-15435
-9475
-15707
-9499
-15963
-9491
-16163
-9475
-16363
-9515
-16635
-9427
-16867
-9483
-17091
-9483
-17427
-9451
-17635
-9411
-17787
-9475
-18075
-9515
-18339
-9411
-18635
-9459
-18819
-9739
133
-9731
-131
-9747
-291
-9683
-523
-9723
-763
-9683
-1107
-9635
-1339
-9675
-1531
-9731
-1707
-9667
-2043
-9643
-2243
-9731
-2531
-9627
-2707
-9723
-2971
-9683
-3219
-9675
-3427
-9723
-3667
-9675
-3931
-9691
-4227
-9731
-4379
-9659
-4587
-9723
-4899
-9659
-5195
-9659
-5387
-9667
-5571
-9715
-5787
-9755
-6051
-9699
-6355
-9675
-6627
-9747
-6795
-9747
-7083
-9707
-7299
-9739
-7467
-9651
-7803
-9651
-7955
-9747
-8187
-9683
-8451
-9707
-8691
-9707
-8987
-9715
-9227
-9675
-9507
-9715
-9723
-9635
-9971
-9659
-10235
-9747
-10347
-9643
-10595
-9715
-10827
-9707
-11091
-9723
-11435
-9659
-11547
-9675
-11803
-9715
-12051
-9755
-12347
-9651
-12547
-9691
-12875
-9723
-13027
-9699
-13251
-9683
-13579
-9755
-13731
-9755
-13971
-9755
-14211
-9675
-14467
-9699
-14771
-9739
-14939
-9643
-15147
-9635
-15475
-9715
-15627
-9739
-15907
-9715
-16235
-9667
-16419
-9755
-16691
-9643
-16859
-9667
-17187
-9739
-17411
-9699
-17579
-9755
-17795
-9707
-18107
-9747
-18395
-9683
-18547
-9627
-18835
-9947
85
-9995
-155
-9963
-307
-9907
-539
-9995
-851
-9923
-1035
-9931
-1307
-9931
-1507
-9995
-1803
-9987
-1971
-9979
-2195
-9867
-2507
-9987
-2683
-9979
-2907
-9963
-3195
-9947
-3387
-9963
-3643
-9955
-3947
-9891
-4179
-9971
-4355
-9963
-4707
-9971
-4915
-9875
-5067
-9931
-5323
-9995
-5627
-9987
-5907
-9899
-6027
-9891
-6371
-9963
-6619
-9979
-6771
-9915
-7027
-9971
-7339
-9987
-7467
-9971
-7787
-9891
-7963
-9971
-8211
-9891
-8547
-9955
-8779
-9955
-9027
-9883
-9147
-9907
-9451
-9963
-9707
-9947
-9915
-9923
-10107
-9979
-10379
-9955
-10611
-9867
-10891
-9883
-11099
-9939
-11339
-9979
-11563
-9907
-11859
-9899
-12051
-9995
-12299
-9955
-12563
-9995
-12755
-9955
-13059
-9915
-13307
-9947
-13587
-9963
-13739
-9955
-14051
-9947
-14307
-9915
-14555
-9947
-14779
-9971
-14907
-9987
-15147
-9923
-15483
-9963
-15707
-9939
-15963
-9963
-16219
-9899
-16371
-9995
-16635
-9963
-16947
-9987
-17131
-9987
-17403
-9979
-17627
-9891
-17803
-9947
-18083
-9947
-18307
-9963
-18531
-9891
-18827
-10195
141
-10139
-131
-10115
-315
-10235
-563
-10227
-851
-10147
-1091
-10227
-1291
-10203
-1491
-10235
-1795
-10115
-2067
-10227
-2275
-10187
-2483
-10123
-2723
-10211
-2931
-10219
-3171
-10155
-3467
-10155
-3675
-10211
-3891
-10131
-4203
-10155
-4347
-10235
-4667
-10179
-4851
-10203
-5107
-10219
-5355
-10147
-5563
-10227
-5811
-10195
-6115
-10155
-6387
-10219
-6619
-10179
-6843
-10131
-7115
-10187
-7307
-10123
-7483
-10211
-7835
-10203
-8059
-10211
-8259
-10203
-8491
-10179
-8699
-10211
-9027
-10163
-9163
-10235
-9459
-10179
-9651
-10195
-9907
-10227
-10123
-10123
-10395
-10147
-10707
-10139
-10851
-10155
-11139
-10163
-11403
-10163
-11603
-10171
-11827
-10219
-12059
-10203
-12387
-10187
-12603
-10179
-12835
-10163
-13059
-10203
-13323
-10155
-13483
-10195
-13795
-10227
-14051
-10171
-14203
-10211
-14507
-10219
-14795
-10139
-15027
-10211
-15187
-10107
-15499
-10187
-15683
-10227
-15947
-10211
-16227
-10219
-16419
-10155
-16587
-10139
-16947
-10147
-17171
-10147
-17387
-10139
-17563
-10211
-17883
-10107
-18067
-10219
-18339
-10123
-18627
-10235
-18867
-10451
133
-10459
-131
-10451
-355
-10459
-515
-10427
-859
-10435
-1107
-10459
-1251
-10443
-1499
-10419
-1747
-10459
-1947
-10451
-2187
-10451
-2435
-10435
-2699
-10451
-3011
-10451
-3251
-10475
-3387
-10427
-3635
-10419
-3979
-10475
-4123
-10475
-4459
-10451
-4619
-10419
-4867
-10459
-5155
-10419
-5435
-10443
-5675
-10443
-5795
-10467
-6155
-10459
-6395
-10435
-6507
-10419
-6875
-10459
-6995
-10451
-7315
-10443
-7483
-10435
-7723
-10427
-7979
-10443
-8219
-10419
-8483
-10475
-8747
-10467
-9027
-10419
-9163
-10411
-9403
-10459
-9659
-10467
-9995
-10467
-10219
-10419
-10459
-10459
-10595
-10475
-10867
-10419
-11155
-10451
-11323
-10427
-11555
-10451
-11827
-10475
-12123
-10459
-12323
-10419
-12563
-10435
-12859
-10451
-13027
-10435
-13331
-10459
-13531
-10459
-13723
-10459
-14067
-10443
-14275
-10459
-14467
-10451
-14763
-10451
-15019
-10459
-15243
-10419
-15475
-10427
-15699
-10427
-15915
-10451
-16203
-10435
-16427
-10467
-16683
-10435
-16931
-10475
-17195
-10435
-17363
-10467
-17603
-10459
-17851
-10411
-18043
-10411
-18315
-10459
-18595
-10467
-18827
