109
499
207
-9
312
-301
185
-509
281
-843
286
-1041
260
-1246
298
-1508
300
-1759
414
-1913
312
-2256
199
-2435
303
-2665
165
-2909
181
-3239
247
-3477
473
-3725
107
-3849
125
-4183
131
-4437
209
-4699
149
-4927
109
-5163
117
-5295
141
-5579
109
-5899
93
-6027
85
-6291
101
-6559
109
-6779
85
-7087
93
-7227
125
-7571
125
-7739
149
-8023
125
-8251
101
-8459
117
-8775
101
-9027
117
-9171
117
-9427
93
-9739
85
-9875
141
-10147
85
-10411
149
-10683
149
-10931
149
-11099
101
-11307
133
-11643
149
-11835
117
-12147
93
-12291
141
-12611
125
-12819
85
-12995
85
-13331
133
-13539
85
-13715
109
-13979
117
-14235
101
-14507
101
-14747
85
-14979
93
-15155
125
-15403
93
-15667
141
-15875
125
-16227
93
-16419
85
-16635
109
-16851
125
-17091
141
-17435
93
-17635
125
-17795
149
-18083
117
-18363
141
-18539
141
-18819
-31
563
-43
-126
-107
-257
-127
-545
-47
-837
-65
-978
7
-1287
-91
-1434
-115
-1730
-15
-1912
-27
-2237
-71
-2429
-91
-2689
-109
-2909
-133
-3211
-53
-3399
-27
-3661
-21
-3887
-113
-4207
-53
-4383
-85
-4641
-43
-4919
-55
-5071
-63
-5423
-47
-5627
-115
-5795
-71
-6107
-115
-6339
-135
-6567
-119
-6779
-135
-7011
-19
-7263
-131
-7491
-51
-7723
-67
-8075
-3
-8231
-39
-8447
-99
-8771
-107
-8939
-19
-9247
-103
-9499
-115
-9667
-75
-9931
-75
-10203
-59
-10363
-107
-10707
-99
-10955
-123
-11147
-99
-11403
-99
-11643
-91
-11803
-43
-12083
-123
-12371
-131
-12611
-139
-12819
-67
-13075
-131
-13291
-27
-13483
-115
-13715
-131
-14067
-83
-14315
-115
-14547
-131
-14763
-115
-14947
-123
-15163
-147
-15419
-83
-15635
-123
-15923
-91
-16211
-83
-16403
-83
-16691
-147
-16875
-67
-17155
-27
-17411
-75
-17587
-91
-17859
-131
-18147
-75
-18379
-99
-18579
-51
-18827
-339
578
-319
-139
-343
-366
-347
-543
-313
-761
-365
-1024
-349
-1217
-353
-1556
-339
-1789
-319
-1976
-349
-2231
-315
-2451
-301
-2707
-281
-2915
-335
-3187
-269
-3475
-291
-3645
-255
-3959
-285
-4191
-269
-4423
-295
-4579
-347
-4903
-299
-5083
-367
-5391
-363
-5595
-363
-5803
-383
-6143
-367
-6267
-331
-6515
-287
-6823
-335
-7031
-363
-7343
-347
-7527
-327
-7795
-359
-7963
-327
-8195
-355
-8403
-267
-8671
-299
-9027
-331
-9211
-387
-9435
-315
-9627
-379
-9867
-307
-10155
-347
-10451
-355
-10595
-315
-10859
-371
-11107
-283
-11395
-275
-11627
-323
-11875
-331
-12035
-387
-12387
-339
-12515
-379
-12843
-267
-12987
-275
-13283
-395
-13483
-307
-13827
-387
-14067
-371
-14315
-395
-14435
-395
-14795
-363
-14987
-395
-15155
-339
-15475
-339
-15747
-275
-15939
-323
-16147
-291
-16427
-339
-16707
-363
-16867
-371
-17107
-387
-17379
-379
-17587
-395
-17835
-299
-18043
-355
-18299
-355
-18635
-387
-18819
-523
1814
-583
-87
-610
-363
-533
-491
-583
-810
-631
-1092
-561
-1315
-569
-1478
-615
-1773
-587
-1967
-577
-2258
-537
-2481
-589
-2761
-517
-2929
-575
-3189
-575
-3445
-551
-3623
-561
-3937
-625
-4211
-595
-4391
-595
-4659
-559
-4931
-483
-5067
-579
-5423
-539
-5539
-551
-5823
-599
-6115
-515
-6291
-583
-6487
-563
-6771
-615
-6971
-615
-7219
-635
-7523
-515
-7815
-547
-8023
-623
-8235
-571
-8443
-511
-8723
-539
-8987
-595
-9219
-579
-9475
-619
-9707
-555
-9907
-627
-10163
-627
-10411
-547
-10667
-587
-10923
-603
-11147
-619
-11363
-627
-11579
-515
-11795
-627
-12083
-563
-12363
-531
-12627
-571
-12811
-611
-13043
-611
-13315
-579
-13515
-531
-13747
-595
-14003
-619
-14187
-523
-14427
-531
-14739
-611
-14947
-515
-15275
-587
-15515
-635
-15635
-619
-15963
-627
-16227
-563
-16379
-611
-16635
-547
-16891
-587
-17179
-635
-17355
-627
-17643
-627
-17787
-611
-18107
-635
-18275
-571
-18635
-539
-18835
-843
1220
-762
-23
-759
-287
-820
-495
-841
-843
-813
-1087
-831
-1270
-749
-1538
-833
-1780
-737
-1955
-845
-2193
-853
-2431
-765
-2635
-765
-3017
-791
-3171
-815
-3493
-757
-3743
-815
-3911
-849
-4181
-823
-4351
-861
-4621
-823
-4855
-819
-5051
-763
-5423
-823
-5655
-815
-5883
-855
-6103
-851
-6271
-771
-6607
-795
-6815
-791
-7091
-751
-7283
-867
-7559
-819
-7815
-791
-8019
-831
-8207
-867
-8507
-723
-8667
-871
-9011
-855
-9235
-835
-9367
-803
-9659
-867
-9883
-867
-10115
-859
-10403
-859
-10603
-859
-10835
-819
-11067
-771
-11315
-835
-11611
-835
-11827
-803
-12035
-835
-12299
-843
-12555
-867
-12795
-835
-13091
-843
-13315
-803
-13579
-803
-13795
-859
-13963
-771
-14267
-819
-14427
-787
-14787
-771
-14939
-851
-15179
-843
-15387
-859
-15691
-835
-15939
-787
-16219
-763
-16459
-875
-16651
-747
-16827
-875
-17075
-787
-17307
-859
-17659
-763
-17859
-851
-18027
-811
-18339
-867
-18531
-819
-18835
-1075
1222
-1081
-65
-1021
-267
-1059
-511
-1043
-823
-1098
-1023
-1057
-1217
-1006
-1575
-1042
-1781
-1091
-1934
-1041
-2174
-1087
-2519
-1007
-2681
-1103
-2941
-1093
-3199
-1089
-3417
-997
-3615
-1015
-3939
-1051
-4089
-1083
-4465
-1101
-4611
-1007
-4807
-1027
-5135
-1079
-5359
-1059
-5543
-1007
-5887
-1015
-6071
-1055
-6367
-1039
-6619
-1083
-6831
-1047
-6995
-1031
-7243
-967
-7467
-1107
-7803
-1015
-7971
-1007
-8231
-1067
-8415
-1035
-8715
-1039
-8923
-1083
-9151
-1007
-9371
-1043
-9731
-1043
-9963
-995
-10187
-1083
-10395
-1059
-10635
-1043
-10947
-1107
-11163
-1027
-11403
-1067
-11563
-1059
-11859
-1003
-12147
-995
-12331
-995
-12563
-1003
-12755
-1091
-13043
-995
-13299
-1043
-13475
-1083
-13819
-1075
-14043
-1019
-14203
-1043
-14467
-1099
-14667
-1003
-14995
-995
-15219
-1115
-15451
-1107
-15691
-1091
-15947
-1099
-16147
-1051
-16379
-1075
-16707
-1059
-16867
-1075
-17091
-1043
-17307
-1091
-17595
-1051
-17867
-1051
-18099
-1099
-18387
-1003
-18547
-1027
-18811
-1331
490
-1315
-107
-1293
-299
-1307
-537
-1285
-811
-1247
-1050
-1315
-1309
-1290
-1482
-1307
-1791
-1273
-2034
-1221
-2298
-1325
-2423
-1327
-2693
-1245
-2927
-1301
-3143
-1281
-3403
-1235
-3701
-1299
-3919
-1215
-4225
-1283
-4355
-1335
-4691
-1327
-4887
-1335
-5091
-1319
-5415
-1243
-5563
-1303
-5771
-1299
-6083
-1267
-6343
-1347
-6587
-1211
-6819
-1283
-7043
-1291
-7311
-1347
-7495
-1351
-7699
-1251
-7991
-1335
-8227
-1319
-8515
-1319
-8767
-1295
-9015
-1323
-9127
-1355
-9383
-1251
-9651
-1347
-9955
-1251
-10235
-1275
-10427
-1259
-10627
-1315
-10867
-1355
-11099
-1307
-11339
-1283
-11627
-1283
-11891
-1331
-12099
-1291
-12371
-1315
-12635
-1307
-12795
-1267
-12995
-1347
-13339
-1331
-13507
-1235
-13739
-1291
-14027
-1283
-14259
-1291
-14515
-1323
-14667
-1275
-14963
-1259
-15171
-1235
-15507
-1275
-15643
-1315
-15915
-1307
-16147
-1355
-16475
-1339
-16587
-1323
-16939
-1347
-17067
-1347
-17403
-1339
-17651
-1243
-17907
-1243
-18139
-1355
-18331
-1331
-18587
-1347
-18851
-1579
1831
-1483
-73
-1535
-347
-1479
-519
-1523
-727
-1559
-1101
-1459
-1287
-1531
-1483
-1549
-1693
-1529
-1981
-1499
-2255
-1583
-2535
-1569
-2775
-1499
-2909
-1563
-3265
-1555
-3475
-1459
-3649
-1527
-3883
-1539
-4159
-1485
-4355
-1495
-4595
-1551
-4811
-1571
-5055
-1531
-5335
-1507
-5547
-1583
-5867
-1487
-6071
-1515
-6331
-1455
-6479
-1563
-6811
-1519
-7071
-1515
-7315
-1511
-7459
-1531
-7703
-1507
-8003
-1563
-8311
-1491
-8411
-1567
-8723
-1567
-9027
-1527
-9259
-1591
-9403
-1491
-9715
-1563
-9923
-1507
-10195
-1555
-10411
-1547
-10603
-1531
-10843
-1587
-11107
-1491
-11307
-1555
-11675
-1547
-11795
-1595
-12155
-1571
-12363
-1467
-12523
-1563
-12875
-1571
-13099
-1539
-13243
-1539
-13571
-1507
-13763
-1555
-13987
-1587
-14203
-1539
-14547
-1587
-14691
-1587
-14955
-1491
-15267
-1547
-15443
-1563
-15739
-1571
-15979
-1547
-16227
-1563
-16403
-1491
-16619
-1563
-16899
-1507
-17163
-1555
-17339
-1523
-17555
-1555
-17795
-1595
-18051
-1579
-18267
-1579
-18531
-1507
-18859
-1795
1163
-1805
-81
-1787
-301
-1819
-595
-1781
-839
-1703
-991
-1723
-1327
-1779
-1463
-1797
-1791
-1707
-2013
-1805
-2223
-1781
-2535
-1783
-2719
-1803
-2957
-1811
-3215
-1725
-3369
-1717
-3707
-1763
-3879
-1795
-4099
-1797
-4449
-1715
-4595
-1831
-4855
-1731
-5107
-1719
-5371
-1827
-5615
-1699
-5883
-1755
-6091
-1767
-6259
-1791
-6555
-1715
-6831
-1799
-7011
-1683
-7307
-1719
-7595
-1807
-7827
-1807
-8027
-1799
-8223
-1795
-8451
-1743
-8687
-1823
-9019
-1799
-9179
-1731
-9467
-1819
-9707
-1771
-9883
-1707
-10187
-1771
-10395
-1787
-10715
-1707
-10899
-1827
-11107
-1811
-11331
-1819
-11603
-1715
-11915
-1803
-12091
-1827
-12283
-1771
-12571
-1771
-12835
-1787
-13107
-1835
-13243
-1771
-13499
-1795
-13763
-1731
-14035
-1835
-14299
-1811
-14475
-1731
-14739
-1795
-15011
-1755
-15235
-1795
-15483
-1811
-15659
-1779
-15907
-1795
-16171
-1763
-16371
-1747
-16707
-1827
-16931
-1787
-17067
-1811
-17363
-1763
-17603
-1787
-17875
-1811
-18115
-1811
-18379
-1827
-18595
-1779
-18819
-2075
913
-1981
-135
-1991
-275
-1927
-569
-2055
-849
-1999
-1027
-2049
-1301
-2033
-1559
-2033
-1777
-2047
-1939
-2033
-2193
-2041
-2493
-1981
-2715
-2049
-2999
-1991
-3243
-2043
-3423
-1945
-3631
-2043
-3949
-1981
-4085
-1967
-4333
-2035
-4673
-2011
-4831
-2047
-5091
-1995
-5411
-1951
-5575
-2019
-5851
-1979
-6099
-2059
-6339
-2015
-6579
-2039
-6843
-2047
-7087
-2047
-7259
-1971
-7527
-1999
-7731
-2007
-8007
-2047
-8263
-2047
-8423
-2039
-8743
-1979
-8971
-1987
-9179
-2027
-9415
-1947
-9699
-2011
-9915
-2067
-10107
-2075
-10411
-1987
-10643
-2011
-10851
-2075
-11147
-2051
-11347
-2043
-11675
-1971
-11891
-2075
-12123
-1987
-12395
-2075
-12507
-1971
-12795
-2067
-13027
-2003
-13251
-2035
-13491
-2051
-13795
-2067
-13955
-2035
-14259
-1987
-14515
-2043
-14747
-1955
-14979
-1955
-15227
-2075
-15419
-1947
-15659
-2003
-15923
-1955
-16171
-1971
-16451
-2067
-16675
-2059
-16923
-2075
-17163
-2043
-17419
-1963
-17563
-2019
-17843
-2003
-18155
-2059
-18363
-1971
-18555
-2075
-18875
-2275
2423
-2229
-123
-2213
-261
-2195
-507
-2307
-771
-2211
-1057
-2195
-1245
-2189
-1493
-2273
-1717
-2261
-2009
-2277
-2169
-2313
-2537
-2217
-2767
-2289
-2971
-2197
-3237
-2293
-3381
-2191
-3619
-2287
-3915
-2199
-4179
-2231
-4389
-2187
-4651
-2307
-4907
-2191
-5155
-2203
-5403
-2275
-5623
-2275
-5871
-2311
-6135
-2219
-6267
-2303
-6603
-2179
-6811
-2219
-7011
-2259
-7219
-2299
-7551
-2215
-7795
-2315
-7939
-2191
-8275
-2219
-8459
-2203
-8755
-2279
-8891
-2243
-9131
-2195
-9471
-2315
-9667
-2315
-9931
-2307
-10211
-2219
-10363
-2315
-10683
-2267
-10947
-2315
-11131
-2251
-11419
-2235
-11587
-2299
-11843
-2275
-12099
-2219
-12371
-2315
-12587
-2275
-12803
-2251
-13091
-2243
-13291
-2187
-13499
-2227
-13827
-2299
-14067
-2203
-14275
-2187
-14499
-2291
-14731
-2195
-15035
-2251
-15171
-2251
-15403
-2291
-15651
-2275
-15939
-2187
-16235
-2251
-16459
-2283
-16675
-2283
-16931
-2291
-17083
-2259
-17411
-2291
-17595
-2307
-17803
-2315
-18051
-2235
-18371
-2267
-18619
-2275
-18843
-2547
343
-2447
-65
-2419
-253
-2507
-531
-2505
-775
-2471
-1089
-2483
-1225
-2549
-1587
-2515
-1741
-2471
-1965
-2483
-2271
-2453
-2467
-2527
-2675
-2415
-2923
-2523
-3191
-2475
-3373
-2493
-3679
-2485
-3887
-2481
-4149
-2451
-4423
-2469
-4605
-2431
-4939
-2427
-5059
-2483
-5355
-2475
-5547
-2523
-5907
-2519
-6051
-2467
-6331
-2483
-6595
-2487
-6811
-2539
-7035
-2523
-7199
-2503
-7503
-2483
-7699
-2471
-8059
-2455
-8235
-2503
-8539
-2467
-8715
-2527
-8899
-2439
-9143
-2443
-9491
-2539
-9731
-2459
-9923
-2539
-10147
-2499
-10467
-2547
-10619
-2467
-10867
-2523
-11075
-2443
-11403
-2491
-11627
-2555
-11851
-2555
-12115
-2547
-12307
-2491
-12523
-2515
-12859
-2555
-13075
-2547
-13235
-2467
-13523
-2507
-13747
-2539
-14075
-2499
-14259
-2515
-14523
-2523
-14739
-2435
-14995
-2531
-15227
-2539
-15435
-2515
-15627
-2531
-15883
-2523
-16219
-2531
-16419
-2531
-16627
-2467
-16931
-2547
-17139
-2491
-17363
-2475
-17659
-2443
-17875
-2523
-18115
-2507
-18395
-2483
-18635
-2499
-18827
-2667
1503
-2779
-19
-2679
-295
-2747
-547
-2759
-783
-2667
-1031
-2787
-1271
-2707
-1543
-2687
-1745
-2683
-1983
-2747
-2199
-2747
-2475
-2779
-2675
-2759
-2927
-2715
-3183
-2791
-3455
-2663
-3623
-2783
-3891
-2723
-4103
-2683
-4367
-2699
-4555
-2759
-4915
-2763
-5127
-2763
-5343
-2775
-5599
-2663
-5867
-2779
-6083
-2727
-6243
-2763
-6487
-2727
-6795
-2691
-6999
-2707
-7295
-2719
-7491
-2695
-7703
-2739
-8051
-2795
-8255
-2727
-8415
-2643
-8663
-2747
-8879
-2683
-9207
-2775
-9483
-2739
-9691
-2691
-9955
-2675
-10211
-2787
-10475
-2731
-10619
-2715
-10843
-2739
-11155
-2731
-11435
-2763
-11579
-2763
-11843
-2787
-12107
-2747
-12387
-2715
-12579
-2683
-12811
-2787
-13083
-2747
-13355
-2723
-13587
-2755
-13755
-2691
-14011
-2715
-14267
-2771
-14451
-2755
-14723
-2755
-14931
-2747
-15243
-2715
-15483
-2795
-15627
-2691
-15899
-2771
-16219
-2731
-16347
-2787
-16595
-2747
-16939
-2795
-17115
-2731
-17363
-2755
-17651
-2691
-17803
-2723
-18043
-2763
-18395
-2763
-18579
-2771
-18811
-3003
109
-3031
-3
-2931
-243
-2899
-523
-2975
-799
-2915
-987
-2979
-1231
-3011
-1535
-2987
-1723
-2999
-1947
-2943
-2307
-3015
-2531
-2991
-2699
-3011
-2963
-3027
-3235
-2915
-3459
-2979
-3663
-2979
-3939
-2963
-4111
-3011
-4427
-3011
-4659
-2947
-4807
-2991
-5099
-2891
-5331
-2999
-5615
-3007
-5839
-2955
-6075
-2955
-6239
-2975
-6623
-2935
-6775
-2931
-6983
-3011
-7307
-2991
-7447
-3019
-7751
-2979
-8067
-3003
-8239
-3027
-8423
-2959
-8679
-2983
-8963
-3023
-9179
-2943
-9455
-3019
-9715
-2971
-9899
-3011
-10187
-3003
-10427
-2939
-10651
-2923
-10915
-2971
-11067
-3035
-11307
-3003
-11651
-2947
-11907
-2939
-12147
-3003
-12355
-2931
-12563
-2971
-12875
-3019
-13059
-2963
-13259
-2971
-13523
-2979
-13715
-2939
-14051
-2979
-14243
-2915
-14491
-2947
-14675
-2995
-14971
-2995
-15243
-2971
-15483
-2971
-15635
-2995
-15915
-3019
-16155
-2971
-16467
-2963
-16587
-3019
-16939
-2947
-17163
-2995
-17363
-2915
-17643
-2915
-17899
-2947
-18131
-2947
-18371
-3027
-18627
-3027
-18827
-3247
141
-3223
-35
-3223
-291
-3255
-535
-3187
-779
-3231
-1087
-3199
-1211
-3203
-1543
-3263
-1703
-3203
-2047
-3139
-2243
-3267
-2535
-3163
-2723
-3219
-2891
-3151
-3167
-3203
-3467
-3223
-3683
-3251
-3887
-3255
-4171
-3211
-4355
-3219
-4635
-3267
-4855
-3263
-5179
-3155
-5395
-3167
-5591
-3255
-5831
-3219
-6135
-3219
-6271
-3175
-6487
-3191
-6767
-3215
-7071
-3251
-7215
-3251
-7495
-3203
-7755
-3159
-7999
-3267
-8223
-3195
-8447
-3163
-8671
-3235
-8943
-3191
-9243
-3147
-9371
-3251
-9667
-3155
-9875
-3163
-10179
-3203
-10411
-3275
-10627
-3187
-10867
-3259
-11147
-3235
-11315
-3179
-11603
-3243
-11803
-3259
-12051
-3195
-12315
-3243
-12515
-3171
-12835
-3155
-12995
-3259
-13291
-3251
-13507
-3227
-13739
-3147
-14027
-3163
-14275
-3235
-14435
-3267
-14723
-3203
-14931
-3171
-15163
-3275
-15475
-3187
-15651
-3219
-15939
-3251
-16163
-3227
-16467
-3243
-16699
-3155
-16931
-3171
-17155
-3195
-17339
-3235
-17675
-3147
-17859
-3227
-18147
-3179
-18291
-3267
-18563
-3251
-18843
-3511
93
-3503
-31
-3455
-291
-3403
-603
-3479
-799
-3451
-1079
-3403
-1315
-3495
-1491
-3467
-1731
-3483
-2063
-3439
-2291
-3491
-2507
-3399
-2651
-3439
-2939
-3491
-3267
-3415
-3383
-3427
-3615
-3379
-3935
-3483
-4171
-3427
-4415
-3495
-4567
-3479
-4871
-3503
-5083
-3439
-5375
-3411
-5583
-3487
-5811
-3475
-6071
-3387
-6355
-3483
-6563
-3427
-6803
-3475
-7083
-3447
-7215
-3475
-7463
-3379
-7723
-3495
-7955
-3487
-8275
-3479
-8451
-3491
-8691
-3383
-8975
-3435
-9191
-3467
-9407
-3475
-9667
-3387
-9923
-3499
-10131
-3443
-10451
-3475
-10707
-3459
-10875
-3443
-11091
-3483
-11435
-3411
-11675
-3467
-11907
-3515
-12043
-3419
-12355
-3435
-12539
-3435
-12811
-3483
-13027
-3499
-13331
-3443
-13499
-3507
-13731
-3507
-14035
-3491
-14275
-3491
-14427
-3403
-14771
-3491
-14979
-3507
-15251
-3491
-15427
-3427
-15723
-3491
-15891
-3419
-16227
-3411
-16459
-3427
-16651
-3507
-16875
-3411
-17195
-3411
-17323
-3411
-17603
-3507
-17803
-3507
-18027
-3491
-18283
-3459
-18635
-3435
-18811
-3711
133
-3667
-95
-3699
-243
-3643
-555
-3667
-831
-3715
-1031
-3631
-1199
-3699
-1563
-3703
-1791
-3651
-1991
-3663
-2283
-3631
-2519
-3719
-2787
-3735
-2931
-3683
-3151
-3599
-3415
-3739
-3615
-3711
-3943
-3683
-4155
-3699
-4387
-3659
-4671
-3719
-4879
-3611
-5175
-3747
-5351
-3635
-5647
-3715
-5835
-3715
-6011
-3635
-6255
-3703
-6563
-3699
-6807
-3643
-6983
-3739
-7331
-3683
-7503
-3687
-7731
-3711
-7967
-3679
-8207
-3679
-8475
-3651
-8667
-3731
-8967
-3727
-9215
-3699
-9499
-3651
-9715
-3731
-9915
-3659
-10171
-3691
-10395
-3707
-10691
-3659
-10891
-3731
-11147
-3659
-11411
-3755
-11579
-3643
-11827
-3627
-12155
-3707
-12283
-3731
-12515
-3755
-12771
-3739
-13059
-3747
-13275
-3715
-13515
-3715
-13835
-3691
-14003
-3755
-14243
-3739
-14483
-3691
-14755
-3715
-14955
-3715
-15203
-3755
-15515
-3627
-15643
-3731
-15979
-3715
-16211
-3747
-16355
-3635
-16643
-3723
-16851
-3739
-17099
-3675
-17435
-3707
-17627
-3739
-17875
-3699
-18075
-3683
-18323
-3691
-18563
-3747
-18843
-3979
133
-3855
-123
-3927
-375
-3963
-483
-3883
-847
-3943
-1007
-3971
-1303
-3971
-1555
-3991
-1691
-3983
-2035
-3919
-2279
-3899
-2435
-3927
-2687
-3947
-2915
-3923
-3171
-3935
-3443
-3975
-3715
-3955
-3939
-3835
-4195
-3867
-4363
-3955
-4695
-3859
-4823
-3863
-5163
-3887
-5395
-3967
-5643
-3923
-5879
-3859
-6035
-3859
-6363
-3859
-6571
-3967
-6843
-3923
-6987
-3951
-7243
-3919
-7531
-3871
-7767
-3939
-8019
-3923
-8255
-3895
-8527
-3899
-8763
-3883
-9027
-3959
-9135
-3927
-9463
-3899
-9675
-3971
-9931
-3939
-10155
-3931
-10459
-3995
-10619
-3971
-10891
-3971
-11171
-3915
-11331
-3899
-11675
-3971
-11907
-3947
-12147
-3971
-12371
-3891
-12603
-3963
-12875
-3955
-13019
-3995
-13259
-3923
-13587
-3907
-13747
-3915
-13963
-3923
-14299
-3931
-14499
-3915
-14795
-3883
-14995
-3923
-15155
-3931
-15483
-3947
-15667
-3987
-15971
-3963
-16107
-3931
-16403
-3947
-16611
-3971
-16955
-3955
-17123
-3971
-17387
-3971
-17675
-3875
-17859
-3915
-18043
-3955
-18339
-3971
-18571
-3987
-18875
-4107
133
-4203
-43
-4203
-259
-4151
-507
-4219
-743
-4123
-1095
-4183
-1275
-4099
-1527
-4155
-1731
-4147
-2015
-4115
-2287
-4187
-2471
-4147
-2743
-4215
-2935
-4091
-3191
-4179
-3443
-4159
-3735
-4211
-3963
-4175
-4115
-4187
-4379
-4099
-4571
-4227
-4815
-4163
-5091
-4115
-5431
-4099
-5615
-4119
-5891
-4139
-6127
-4215
-6355
-4191
-6611
-4219
-6747
-4151
-7067
-4163
-7247
-4187
-7547
-4171
-7711
-4171
-8027
-4139
-8195
-4115
-8431
-4147
-8651
-4195
-8999
-4179
-9195
-4203
-9375
-4219
-9667
-4123
-9891
-4195
-10139
-4107
-10443
-4163
-10667
-4139
-10891
-4235
-11115
-4219
-11403
-4163
-11579
-4219
-11843
-4211
-12131
-4219
-12395
-4123
-12627
-4235
-12747
-4235
-12987
-4235
-13227
-4235
-13499
-4107
-13771
-4171
-14027
-4195
-14195
-4179
-14483
-4195
-14763
-4123
-14979
-4211
-15259
-4179
-15483
-4235
-15723
-4211
-15891
-4131
-16123
-4171
-16459
-4203
-16603
-4211
-16939
-4203
-17139
-4139
-17355
-4235
-17547
-4123
-17875
-4147
-18099
-4107
-18331
-4163
-18619
-4187
-18859
-4347
125
-4387
-103
-4451
-315
-4363
-603
-4463
-859
-4383
-1027
-4431
-1283
-4439
-1487
-4387
-1687
-4375
-1939
-4355
-2195
-4327
-2443
-4395
-2751
-4411
-2939
-4347
-3223
-4355
-3415
-4371
-3635
-4343
-3979
-4347
-4131
-4355
-4347
-4411
-4703
-4427
-4935
-4403
-5047
-4459
-5295
-4439
-5575
-4403
-5839
-4395
-6147
-4379
-6255
-4399
-6491
-4451
-6771
-4339
-6963
-4387
-7323
-4443
-7555
-4435
-7739
-4475
-7999
-4463
-8191
-4451
-8511
-4467
-8699
-4339
-9007
-4419
-9203
-4403
-9507
-4459
-9635
-4435
-9971
-4475
-10187
-4467
-10475
-4451
-10651
-4451
-10867
-4443
-11179
-4419
-11411
-4451
-11563
-4435
-11907
-4355
-12091
-4395
-12283
-4475
-12635
-4411
-12747
-4355
-13027
-4363
-13331
-4459
-13579
-4403
-13803
-4451
-14011
-4355
-14299
-4467
-14507
-4443
-14707
-4379
-15027
-4403
-15195
-4411
-15459
-4395
-15747
-4475
-15979
-4355
-16227
-4395
-16411
-4451
-16651
-4475
-16907
-4459
-17155
-4459
-17427
-4403
-17627
-4387
-17787
-4371
-18131
-4419
-18339
-4363
-18523
-4371
-18835
-4563
101
-4675
-95
-4643
-279
-4635
-603
-4699
-835
-4643
-975
-4651
-1331
-4695
-1479
-4603
-1759
-4615
-1939
-4603
-2227
-4667
-2483
-4651
-2663
-4703
-2983
-4675
-3207
-4651
-3403
-4703
-3751
-4715
-3835
-4711
-4087
-4655
-4451
-4675
-4647
-4683
-4899
-4643
-5143
-4699
-5363
-4671
-5603
-4671
-5827
-4647
-6015
-4651
-6347
-4579
-6623
-4587
-6747
-4703
-7039
-4643
-7247
-4695
-7467
-4643
-7783
-4635
-8011
-4607
-8207
-4619
-8479
-4623
-8771
-4563
-8971
-4643
-9191
-4671
-9443
-4715
-9651
-4707
-9971
-4683
-10211
-4587
-10451
-4611
-10691
-4619
-10923
-4603
-11099
-4603
-11403
-4707
-11619
-4627
-11819
-4691
-12131
-4595
-12291
-4715
-12539
-4643
-12771
-4595
-13019
-4683
-13243
-4707
-13491
-4611
-13715
-4707
-14075
-4611
-14243
-4667
-14443
-4683
-14755
-4675
-14987
-4627
-15219
-4667
-15515
-4587
-15739
-4715
-15883
-4683
-16171
-4675
-16451
-4707
-16659
-4659
-16843
-4683
-17067
-4675
-17411
-4643
-17635
-4627
-17875
-4659
-18123
-4707
-18363
-4667
-18555
-4595
-18859
-4803
141
-4899
-139
-4923
-347
-4887
-563
-4919
-807
-4911
-1047
-4907
-1219
-4919
-1443
-4907
-1691
-4923
-1955
-4939
-2191
-4931
-2483
-4859
-2711
-4931
-2963
-4803
-3155
-4951
-3427
-4863
-3735
-4839
-3987
-4927
-4119
-4915
-4451
-4919
-4615
-4847
-4867
-4903
-5127
-4851
-5375
-4927
-5519
-4827
-5887
-4903
-6019
-4923
-6343
-4899
-6483
-4871
-6847
-4927
-7103
-4867
-7279
-4903
-7539
-4943
-7795
-4855
-7991
-4943
-8187
-4935
-8439
-4931
-8711
-4923
-8979
-4871
-9263
-4899
-9403
-4915
-9691
-4923
-9955
-4867
-10195
-4907
-10363
-4907
-10587
-4827
-10923
-4907
-11147
-4891
-11427
-4883
-11563
-4939
-11867
-4851
-12155
-4899
-12267
-4827
-12587
-4931
-12787
-4891
-12987
-4923
-13259
-4899
-13467
-4923
-13771
-4931
-14003
-4947
-14291
-4947
-14531
-4859
-14723
-4851
-14963
-4899
-15163
-4923
-15483
-4947
-15627
-4923
-15867
-4939
-16115
-4875
-16467
-4955
-16699
-4923
-16947
-4931
-17147
-4955
-17411
-4923
-17547
-4947
-17787
-4955
-18067
-4899
-18355
-4883
-18635
-4915
-18843
-5103
117
-5063
-63
-5147
-283
-5163
-503
-5147
-863
-5131
-1083
-5131
-1243
-5067
-1483
-5095
-1795
-5147
-2027
-5055
-2187
-5143
-2527
-5187
-2787
-5131
-3011
-5163
-3247
-5143
-3419
-5075
-3723
-5147
-3867
-5115
-4139
-5135
-4455
-5043
-4619
-5119
-4887
-5147
-5135
-5175
-5311
-5071
-5603
-5179
-5811
-5127
-6051
-5035
-6267
-5151
-6583
-5123
-6807
-5163
-7087
-5119
-7255
-5135
-7539
-5175
-7727
-5159
-7979
-5159
-8287
-5123
-8435
-5139
-8675
-5159
-8931
-5159
-9259
-5107
-9507
-5147
-9707
-5131
-9995
-5131
-10139
-5107
-10475
-5115
-10603
-5179
-10859
-5195
-11091
-5067
-11307
-5091
-11635
-5099
-11915
-5083
-12115
-5195
-12339
-5163
-12635
-5099
-12843
-5187
-13067
-5155
-13243
-5099
-13515
-5107
-13835
-5139
-14035
-5075
-14315
-5075
-14483
-5163
-14683
-5187
-14907
-5171
-15155
-5123
-15483
-5155
-15667
-5179
-15955
-5179
-16227
-5179
-16419
-5195
-16587
-5147
-16915
-5147
-17195
-5147
-17355
-5131
-17563
-5155
-17835
-5083
-18123
-5163
-18387
-5163
-18611
-5187
-18819
-5411
109
-5411
-27
-5395
-295
-5379
-523
-5403
-787
-5331
-1067
-5395
-1295
-5323
-1591
-5387
-1763
-5379
-2007
-5347
-2235
-5395
-2427
-5435
-2763
-5347
-2991
-5347
-3123
-5331
-3483
-5403
-3715
-5363
-3867
-5307
-4235
-5419
-4459
-5371
-4607
-5395
-4851
-5411
-5147
-5411
-5331
-5331
-5563
-5403
-5891
-5427
-6107
-5427
-6283
-5435
-6619
-5403
-6843
-5347
-7079
-5403
-7259
-5427
-7547
-5427
-7747
-5355
-7935
-5403
-8187
-5323
-8403
-5387
-8751
-5347
-9003
-5395
-9203
-5419
-9467
-5331
-9699
-5427
-9971
-5395
-10155
-5347
-10467
-5435
-10707
-5419
-10899
-5371
-11179
-5347
-11419
-5403
-11619
-5403
-11819
-5427
-12107
-5435
-12387
-5307
-12555
-5307
-12859
-5339
-13075
-5419
-13267
-5419
-13515
-5355
-13715
-5339
-14035
-5315
-14267
-5379
-14435
-5403
-14723
-5419
-14963
-5363
-15227
-5419
-15451
-5411
-15739
-5419
-15867
-5411
-16123
-5427
-16443
-5387
-16707
-5363
-16947
-5347
-17123
-5419
-17323
-5379
-17603
-5435
-17867
-5419
-18147
-5331
-18275
-5435
-18563
-5403
-18827
-5627
125
-5571
-107
-5603
-355
-5643
-587
-5667
-875
-5619
-1067
-5587
-1347
-5571
-1499
-5667
-1795
-5571
-1971
-5611
-2259
-5571
-2539
-5635
-2667
-5667
-3003
-5651
-3267
-5667
-3475
-5643
-3723
-5595
-3995
-5675
-4163
-5659
-4467
-5675
-4635
-5635
-4939
-5643
-5171
-5595
-5339
-5611
-5563
-5587
-5891
-5547
-6107
-5643
-6323
-5603
-6579
-5667
-6747
-5635
-6995
-5635
-7267
-5547
-7507
-5555
-7779
-5611
-8051
-5619
-8243
-5587
-8483
-5595
-8731
-5675
-8907
-5675
-9267
-5571
-9395
-5587
-9715
-5603
-9899
-5659
-10115
-5627
-10459
-5547
-10595
-5603
-10891
-5579
-11115
-5675
-11363
-5619
-11611
-5675
-11811
-5651
-12091
-5643
-12371
-5571
-12619
-5643
-12811
-5563
-13067
-5587
-13315
-5611
-13571
-5635
-13747
-5619
-13955
-5667
-14307
-5675
-14531
-5635
-14771
-5651
-15027
-5619
-15243
-5619
-15491
-5555
-15723
-5635
-15891
-5587
-16219
-5635
-16371
-5611
-16707
-5627
-16851
-5675
-17123
-5675
-17355
-5555
-17563
-5627
-17851
-5635
-18107
-5643
-18291
-5627
-18595
-5627
-18843
-5851
125
-5875
-123
-5907
-275
-5795
-523
-5875
-771
-5907
-1091
-5859
-1307
-5899
-1507
-5891
-1755
-5915
-1947
-5907
-2299
-5899
-2427
-5907
-2747
-5907
-2995
-5899
-3171
-5867
-3499
-5811
-3755
-5787
-3979
-5891
-4187
-5899
-4347
-5915
-4619
-5867
-4955
-5907
-5075
-5835
-5435
-5859
-5571
-5899
-5859
-5907
-6083
-5875
-6355
-5915
-6539
-5843
-6811
-5811
-7075
-5875
-7259
-5819
-7475
-5819
-7715
-5907
-8003
-5835
-8259
-5915
-8555
-5875
-8667
-5875
-8987
-5883
-9219
-5891
-9419
-5851
-9659
-5891
-9891
-5891
-10187
-5803
-10451
-5851
-10683
-5907
-10883
-5891
-11107
-5883
-11363
-5859
-11659
-5835
-11827
-5851
-12155
-5795
-12355
-5875
-12539
-5859
-12819
-5899
-13091
-5867
-13323
-5891
-13547
-5899
-13731
-5803
-13987
-5811
-14219
-5907
-14555
-5915
-14675
-5827
-15019
-5827
-15155
-5851
-15459
-5803
-15667
-5859
-15995
-5915
-16171
-5795
-16395
-5851
-16635
-5867
-16859
-5859
-17083
-5883
-17323
-5875
-17611
-5867
-17899
-5827
-18051
-5907
-18371
-5875
-18555
-5875
-18867
-6139
141
-6115
-147
-6139
-267
-6131
-587
-6059
-827
-6147
-1043
-6115
-1251
-6051
-1531
-6107
-1755
-6147
-2011
-6051
-2259
-6051
-2523
-6155
-2739
-6147
-2955
-6123
-3147
-6147
-3499
-6091
-3715
-6155
-3987
-6083
-4107
-6115
-4459
-6083
-4683
-6099
-4843
-6051
-5155
-6099
-5315
-6107
-5555
-6139
-5867
-6099
-6147
-6059
-6299
-6131
-6579
-6091
-6835
-6139
-7075
-6027
-7235
-6139
-7595
-6123
-7747
-6155
-7955
-6051
-8219
-6035
-8475
-6027
-8707
-6043
-8939
-6131
-9195
-6083
-9499
-6059
-9627
-6155
-9891
-6067
-10203
-6083
-10475
-6091
-10667
-6051
-10939
-6075
-11155
-6027
-11331
-6155
-11587
-6051
-11891
-6099
-12155
-6091
-12363
-6147
-12579
-6075
-12835
-6067
-13075
-6083
-13227
-6083
-13475
-6115
-13771
-6059
-14019
-6147
-14243
-6027
-14499
-6067
-14707
-6099
-15035
-6147
-15275
-6147
-15515
-6107
-15715
-6051
-15899
-6107
-16195
-6131
-16395
-6035
-16683
-6099
-16923
-6115
-17179
-6043
-17347
-6115
-17571
-6059
-17851
-6035
-18059
-6155
-18291
-6131
-18531
-6035
-18859
-6323
125
-6395
-139
-6339
-323
-6355
-627
-6363
-787
-6299
-1019
-6387
-1243
-6307
-1475
-6355
-1763
-6371
-1971
-6363
-2187
-6355
-2507
-6379
-2731
-6347
-3035
-6331
-3267
-6315
-3387
-6371
-3755
-6379
-3915
-6283
-4195
-6347
-4443
-6387
-4675
-6371
-4923
-6291
-5147
-6339
-5347
-6395
-5563
-6339
-5891
-6323
-6123
-6347
-6355
-6347
-6611
-6387
-6867
-6307
-7043
-6323
-7299
-6379
-7483
-6323
-7779
-6299
-8011
-6363
-8243
-6291
-8467
-6315
-8723
-6323
-8987
-6371
-9251
-6395
-9515
-6307
-9635
-6291
-9883
-6379
-10195
-6395
-10355
-6339
-10587
-6363
-10867
-6371
-11115
-6339
-11347
-6315
-11587
-6355
-11835
-6363
-12051
-6323
-12315
-6323
-12507
-6339
-12787
-6379
-12987
-6291
-13339
-6275
-13539
-6291
-13763
-6339
-14035
-6395
-14243
-6283
-14531
-6379
-14731
-6291
-14947
-6307
-15203
-6395
-15395
-6323
-15755
-6299
-15979
-6379
-16219
-6387
-16371
-6267
-16707
-6355
-16883
-6355
-17075
-6371
-17403
-6363
-17619
-6347
-17899
-6291
-18147
-6331
-18355
-6307
-18627
-6379
-18875
-6563
125
-6563
-131
-6587
-299
-6563
-563
-6507
-803
-6531
-1011
-6595
-1299
-6539
-1483
-6635
-1707
-6595
-1979
-6619
-2275
-6563
-2467
-6587
-2739
-6627
-3011
-6587
-3275
-6619
-3451
-6579
-3675
-6587
-3915
-6507
-4107
-6587
-4379
-6595
-4611
-6531
-4899
-6531
-5155
-6507
-5315
-6619
-5667
-6595
-5867
-6539
-6131
-6627
-6363
-6531
-6595
-6563
-6811
-6515
-7083
-6523
-7331
-6515
-7523
-6635
-7747
-6563
-8075
-6571
-8267
-6619
-8555
-6539
-8667
-6619
-8923
-6531
-9195
-6523
-9395
-6523
-9675
-6635
-9867
-6619
-10179
-6587
-10411
-6563
-10635
-6539
-10923
-6611
-11107
-6579
-11315
-6555
-11547
-6627
-11819
-6547
-12059
-6515
-12275
-6635
-12571
-6627
-12803
-6611
-13091
-6531
-13275
-6555
-13491
-6611
-13803
-6579
-14051
-6531
-14267
-6619
-14427
-6603
-14731
-6603
-15027
-6595
-15171
-6611
-15435
-6635
-15651
-6595
-15955
-6523
-16107
-6595
-16411
-6571
-16715
-6595
-16827
-6563
-17123
-6595
-17387
-6619
-17659
-6635
-17875
-6619
-18083
-6627
-18371
-6627
-18635
-6627
-18819
-6835
109
-6875
-27
-6819
-395
-6835
-611
-6867
-811
-6755
-1115
-6803
-1323
-6867
-1579
-6811
-1811
-6755
-2011
-6755
-2291
-6843
-2515
-6851
-2683
-6787
-2947
-6867
-3259
-6787
-3507
-6859
-3739
-6867
-3899
-6843
-4147
-6859
-4355
-6763
-4715
-6843
-4899
-6851
-5187
-6795
-5371
-6819
-5635
-6771
-5867
-6859
-6059
-6875
-6315
-6867
-6555
-6827
-6827
-6771
-7035
-6867
-7227
-6811
-7579
-6875
-7787
-6867
-8043
-6747
-8307
-6867
-8547
-6843
-8747
-6859
-9027
-6843
-9155
-6835
-9443
-6859
-9635
-6859
-9939
-6843
-10115
-6859
-10451
-6851
-10635
-6787
-10851
-6787
-11195
-6851
-11323
-6851
-11635
-6819
-11787
-6851
-12123
-6747
-12275
-6867
-12587
-6867
-12867
-6795
-12987
-6763
-13227
-6819
-13555
-6827
-13811
-6755
-13987
-6843
-14219
-6811
-14427
-6851
-14675
-6867
-14907
-6771
-15267
-6867
-15411
-6843
-15755
-6803
-15867
-6779
-16115
-6771
-16427
-6835
-16707
-6859
-16859
-6859
-17099
-6851
-17363
-6851
-17619
-6851
-17891
-6851
-18051
-6835
-18363
-6811
-18515
-6771
-18867
-7043
125
-7107
-115
-7003
-339
-7019
-531
-7067
-867
-7115
-1067
-7035
-1283
-7091
-1563
-7115
-1803
-7107
-2011
-7107
-2195
-7019
-2539
-7011
-2755
-7099
-3035
-7107
-3235
-7003
-3507
-7019
-3731
-7059
-3939
-7075
-4203
-7115
-4363
-6995
-4635
-7099
-4931
-7027
-5139
-7035
-5323
-7059
-5563
-7075
-5819
-7043
-6147
-7091
-6331
-7099
-6619
-7043
-6843
-7027
-7091
-7099
-7347
-7035
-7563
-7019
-7819
-7019
-8059
-6987
-8219
-7035
-8483
-7027
-8731
-7027
-9011
-7075
-9243
-7083
-9387
-7035
-9731
-7107
-9979
-7083
-10131
-7099
-10443
-7083
-10635
-7059
-10947
-7075
-11187
-7099
-11363
-7083
-11587
-7083
-11915
-7107
-12091
-7003
-12347
-7051
-12563
-7107
-12779
-7035
-12995
-7099
-13347
-7051
-13595
-7107
-13803
-7075
-13995
-7091
-14187
-7059
-14515
-7091
-14691
-7011
-14995
-7099
-15147
-7059
-15395
-7083
-15739
-7115
-15875
-7115
-16131
-7043
-16475
-7019
-16611
-6987
-16867
-7059
-17099
-7067
-17387
-7019
-17667
-7091
-17827
-7091
-18115
-7059
-18379
-7035
-18619
-7051
-18851
-7283
149
-7323
-115
-7307
-387
-7291
-619
-7355
-771
-7259
-1003
-7339
-1235
-7275
-1475
-7299
-1715
-7291
-1947
-7323
-2195
-7299
-2507
-7347
-2739
-7315
-2907
-7227
-3235
-7307
-3475
-7331
-3747
-7347
-3891
-7267
-4211
-7347
-4435
-7243
-4603
-7275
-4923
-7323
-5067
-7339
-5339
-7267
-5667
-7251
-5843
-7275
-6083
-7235
-6371
-7331
-6571
-7283
-6867
-7307
-6987
-7267
-7291
-7339
-7595
-7267
-7779
-7331
-7955
-7323
-8291
-7339
-8547
-7259
-8795
-7259
-8963
-7243
-9243
-7315
-9419
-7283
-9675
-7355
-9907
-7347
-10179
-7307
-10451
-7275
-10619
-7283
-10867
-7291
-11083
-7275
-11371
-7307
-11619
-7267
-11899
-7347
-12107
-7251
-12395
-7347
-12555
-7275
-12875
-7299
-13075
-7331
-13331
-7227
-13531
-7243
-13771
-7315
-13995
-7355
-14307
-7291
-14483
-7267
-14787
-7283
-15003
-7291
-15171
-7235
-15491
-7323
-15643
-7275
-15939
-7331
-16171
-7235
-16459
-7315
-16619
-7275
-16875
-7299
-17139
-7251
-17403
-7283
-17659
-7259
-17843
-7347
-18131
-7283
-18299
-7347
-18515
-7267
-18859
-7523
125
-7587
-83
-7491
-347
-7515
-619
-7483
-859
-7491
-1019
-7587
-1243
-7587
-1547
-7547
-1811
-7587
-1955
-7539
-2219
-7555
-2451
-7475
-2795
-7547
-2955
-7571
-3251
-7571
-3435
-7507
-3635
-7515
-3979
-7523
-4147
-7507
-4387
-7587
-4699
-7587
-4939
-7539
-5139
-7523
-5379
-7579
-5595
-7587
-5787
-7595
-6107
-7515
-6387
-7571
-6587
-7579
-6867
-7523
-7059
-7467
-7323
-7587
-7483
-7555
-7739
-7539
-7955
-7547
-8283
-7507
-8555
-7547
-8731
-7499
-9035
-7563
-9195
-7539
-9451
-7483
-9683
-7555
-9971
-7539
-10195
-7563
-10371
-7523
-10707
-7515
-10915
-7563
-11067
-7475
-11371
-7547
-11603
-7531
-11843
-7579
-12043
-7523
-12323
-7515
-12507
-7579
-12787
-7547
-13027
-7555
-13307
-7547
-13563
-7555
-13731
-7483
-14067
-7475
-14315
-7515
-14547
-7515
-14707
-7515
-14963
-7555
-15227
-7587
-15411
-7579
-15683
-7595
-15987
-7467
-16163
-7523
-16467
-7595
-16667
-7587
-16947
-7467
-17139
-7483
-17403
-7555
-17659
-7467
-17803
-7563
-18107
-7475
-18291
-7507
-18627
-7587
-18867
-7763
93
-7731
-59
-7795
-387
-7827
-507
-7731
-851
-7731
-1043
-7811
-1251
-7787
-1523
-7739
-1803
-7819
-1963
-7827
-2291
-7771
-2467
-7795
-2795
-7819
-2987
-7795
-3227
-7827
-3483
-7707
-3651
-7739
-3891
-7747
-4139
-7731
-4411
-7779
-4587
-7795
-4867
-7811
-5195
-7787
-5379
-7739
-5627
-7819
-5859
-7771
-6035
-7787
-6275
-7731
-6595
-7811
-6803
-7715
-7091
-7819
-7267
-7739
-7571
-7755
-7755
-7803
-8059
-7763
-8291
-7811
-8507
-7739
-8779
-7827
-8923
-7771
-9235
-7803
-9491
-7779
-9667
-7819
-9979
-7811
-10227
-7779
-10435
-7835
-10715
-7795
-10923
-7827
-11099
-7763
-11355
-7715
-11571
-7811
-11883
-7819
-12059
-7819
-12299
-7755
-12555
-7739
-12875
-7835
-13011
-7827
-13299
-7803
-13491
-7771
-13779
-7787
-14059
-7827
-14275
-7835
-14459
-7827
-14675
-7763
-14971
-7811
-15171
-7731
-15419
-7835
-15667
-7771
-15947
-7803
-16139
-7779
-16451
-7731
-16643
-7835
-16867
-7763
-17155
-7835
-17435
-7755
-17659
-7819
-17883
-7763
-18123
-7715
-18395
-7779
-18579
-7747
-18851
-8051
109
-8043
-51
-8059
-355
-7995
-627
-7979
-851
-8067
-1083
-7979
-1227
-8003
-1467
-8011
-1779
-8075
-2003
-8035
-2267
-8043
-2483
-8027
-2675
-8043
-2979
-8011
-3171
-7963
-3451
-8075
-3651
-8027
-3915
-8011
-4179
-8051
-4435
-7947
-4651
-8051
-4947
-8035
-5123
-7955
-5371
-8051
-5571
-8043
-5819
-8003
-6027
-8067
-6283
-8043
-6619
-7979
-6803
-7971
-7059
-7955
-7283
-7987
-7563
-8003
-7739
-7987
-8051
-8075
-8195
-8011
-8515
-8011
-8739
-7971
-8995
-8043
-9275
-8051
-9475
-7963
-9635
-8035
-9955
-8075
-10139
-8059
-10379
-8051
-10691
-8067
-10851
-8011
-11163
-8051
-11307
-8051
-11627
-8067
-11795
-8043
-12035
-8043
-12347
-8043
-12595
-7979
-12811
-8075
-13035
-8051
-13227
-8003
-13555
-7947
-13779
-7955
-13979
-8011
-14291
-7979
-14555
-7995
-14683
-8075
-14947
-7987
-15267
-8067
-15467
-8003
-15643
-7987
-15987
-8067
-16139
-7995
-16355
-7971
-16715
-7971
-16843
-8011
-17171
-8011
-17339
-8011
-17547
-7963
-17891
-7963
-18091
-8051
-18283
-7987
-18571
-8027
-18827
-8259
101
-8315
-51
-8291
-339
-8283
-595
-8283
-835
-8243
-1043
-8275
-1339
-8211
-1595
-8315
-1803
-8307
-1979
-8243
-2267
-8307
-2491
-8187
-2675
-8243
-2939
-8275
-3147
-8275
-3467
-8267
-3675
-8315
-3995
-8251
-4187
-8211
-4435
-8219
-4699
-8299
-4875
-8283
-5139
-8283
-5315
-8291
-5579
-8227
-5851
-8227
-6035
-8307
-6379
-8211
-6627
-8275
-6851
-8195
-7083
-8299
-7323
-8291
-7515
-8243
-7827
-8259
-7979
-8219
-8259
-8187
-8475
-8243
-8763
-8203
-8915
-8243
-9259
-8299
-9491
-8259
-9659
-8283
-9891
-8243
-10203
-8227
-10419
-8283
-10675
-8283
-10955
-8291
-11187
-8315
-11435
-8315
-11555
-8299
-11851
-8251
-12075
-8211
-12395
-8251
-12507
-8195
-12787
-8227
-13115
-8275
-13339
-8299
-13531
-8227
-13835
-8187
-14003
-8203
-14203
-8299
-14451
-8219
-14771
-8195
-15027
-8187
-15275
-8315
-15435
-8315
-15739
-8235
-15939
-8259
-16131
-8315
-16443
-8243
-16651
-8291
-16955
-8251
-17067
-8283
-17363
-8211
-17587
-8315
-17795
-8243
-18155
-8251
-18283
-8227
-18563
-8187
-18835
-8475
141
-8523
-155
-8555
-387
-8467
-507
-8523
-875
-8539
-1035
-8515
-1339
-8555
-1539
-8523
-1731
-8491
-2067
-8531
-2315
-8491
-2475
-8475
-2723
-8523
-2995
-8491
-3243
-8491
-3499
-8467
-3627
-8547
-3915
-8547
-4179
-8515
-4403
-8499
-4643
-8515
-4875
-8435
-5155
-8523
-5347
-8531
-5571
-8555
-5883
-8507
-6099
-8547
-6355
-8491
-6523
-8459
-6867
-8459
-7059
-8467
-7283
-8539
-7547
-8547
-7763
-8515
-7995
-8483
-8195
-8491
-8539
-8427
-8763
-8499
-8947
-8467
-9195
-8523
-9395
-8507
-9667
-8491
-9979
-8539
-10235
-8467
-10443
-8547
-10651
-8507
-10899
-8523
-11083
-8467
-11355
-8459
-11579
-8531
-11867
-8515
-12059
-8523
-12363
-8491
-12515
-8443
-12843
-8515
-13035
-8531
-13347
-8507
-13547
-8475
-13755
-8547
-14059
-8451
-14235
-8499
-14435
-8507
-14779
-8467
-14931
-8523
-15235
-8451
-15491
-8531
-15627
-8467
-15907
-8539
-16203
-8539
-16467
-8515
-16643
-8515
-16907
-8459
-17075
-8523
-17339
-8435
-17563
-8539
-17851
-8547
-18155
-8459
-18267
-8491
-18507
-8443
-18811
-8779
141
-8683
-67
-8795
-275
-8787
-539
-8763
-851
-8787
-1059
-8779
-1227
-8731
-1491
-8755
-1795
-8707
-2075
-8779
-2283
-8691
-2499
-8755
-2707
-8691
-2971
-8723
-3267
-8755
-3387
-8755
-3667
-8699
-3995
-8739
-4235
-8795
-4363
-8715
-4691
-8779
-4891
-8715
-5067
-8715
-5323
-8739
-5619
-8787
-5787
-8667
-6147
-8739
-6347
-8723
-6555
-8683
-6827
-8723
-6987
-8763
-7347
-8763
-7539
-8699
-7707
-8771
-7979
-8787
-8251
-8787
-8539
-8723
-8739
-8771
-8923
-8715
-9195
-8691
-9427
-8707
-9651
-8747
-9907
-8667
-10139
-8779
-10355
-8779
-10675
-8691
-10955
-8715
-11131
-8723
-11307
-8747
-11571
-8755
-11843
-8699
-12067
-8779
-12275
-8755
-12579
-8755
-12787
-8707
-13059
-8755
-13259
-8755
-13515
-8715
-13835
-8795
-14043
-8707
-14227
-8771
-14459
-8699
-14739
-8779
-15003
-8691
-15259
-8683
-15475
-8715
-15691
-8731
-15931
-8723
-16235
-8691
-16379
-8755
-16643
-8731
-16915
-8771
-17155
-8779
-17347
-8699
-17619
-8771
-17795
-8755
-18059
-8779
-18387
-8723
-18587
-8739
-18843
-9019
125
-9027
-147
-9027
-387
-8995
-515
-8931
-771
-9019
-1075
-9027
-1299
-9027
-1539
-9019
-1787
-9003
-2019
-8995
-2235
-8907
-2499
-9035
-2675
-8939
-2931
-8963
-3179
-9019
-3427
-9011
-3739
-8923
-3915
-9011
-4123
-8931
-4475
-8987
-4611
-9035
-4827
-9035
-5075
-8995
-5323
-9003
-5611
-8923
-5883
-9019
-6099
-8979
-6347
-8971
-6579
-8987
-6771
-8923
-7107
-8939
-7323
-9003
-7555
-9019
-7787
-8939
-7995
-8923
-8227
-8947
-8483
-9019
-8763
-8955
-8907
-9003
-9187
-9003
-9467
-9003
-9651
-9027
-9995
-9027
-10219
-9035
-10459
-9035
-10587
-8979
-10939
-8955
-11123
-8995
-11411
-8955
-11627
-8955
-11859
-8987
-12083
-9035
-12275
-9003
-12595
-8971
-12811
-8987
-13035
-8915
-13275
-8955
-13491
-9011
-13827
-9027
-14051
-8923
-14195
-8995
-14515
-8907
-14723
-8923
-14987
-9035
-15251
-8987
-15467
-9035
-15667
-9035
-15971
-9019
-16139
-9035
-16435
-8915
-16643
-8987
-16827
-9011
-17163
-9035
-17331
-9011
-17547
-8995
-17867
-8971
-18051
-9035
-18267
-8939
-18507
-8907
-18875
-9275
101
-9219
-67
-9259
-323
-9251
-531
-9219
-779
-9187
-995
-9219
-1315
-9219
-1483
-9259
-1827
-9235
-1987
-9211
-2235
-9219
-2483
-9203
-2731
-9259
-3003
-9251
-3235
-9203
-3443
-9219
-3683
-9219
-3947
-9171
-4171
-9147
-4355
-9227
-4635
-9267
-4843
-9267
-5075
-9195
-5387
-9219
-5579
-9243
-5795
-9275
-6131
-9267
-6323
-9275
-6507
-9275
-6851
-9275
-7035
-9187
-7227
-9259
-7547
-9251
-7747
-9243
-7995
-9195
-8283
-9227
-8451
-9163
-8731
-9251
-9019
-9147
-9267
-9195
-9427
-9195
-9723
-9219
-9971
-9251
-10155
-9219
-10451
-9147
-10643
-9243
-10947
-9179
-11131
-9243
-11379
-9235
-11651
-9195
-11907
-9259
-12083
-9235
-12315
-9275
-12563
-9179
-12803
-9259
-13091
-9275
-13275
-9251
-13579
-9259
-13787
-9275
-13963
-9235
-14291
-9267
-14435
-9243
-14723
-9171
-15019
-9187
-15219
-9147
-15515
-9195
-15691
-9171
-15891
-9243
-16163
-9251
-16355
-9251
-16699
-9219
-16955
-9275
-17083
-9251
-17427
-9267
-17619
-9251
-17795
-9259
-18043
-9275
-18275
-9259
-18595
-9171
-18851
-9467
117
-9451
-115
-9443
-395
-9515
-547
-9483
-803
-9451
-1115
-9451
-1259
-9499
-1507
-9467
-1723
-9419
-2003
-9467
-2187
-9499
-2443
-9443
-2675
-9507
-2923
-9443
-3275
-9499
-3427
-9459
-3667
-9403
-3987
-9491
-4147
-9451
-4403
-9395
-4587
-9451
-4923
-9499
-5083
-9515
-5307
-9395
-5571
-9451
-5915
-9515
-6027
-9491
-6331
-9451
-6603
-9419
-6875
-9467
-7107
-9451
-7331
-9483
-7499
-9483
-7739
-9419
-7963
-9507
-8259
-9491
-8467
-9483
-8691
-9435
-8907
-9427
-9187
-9491
-9435
-9507
-9659
-9435
-9883
-9451
-10139
-9515
-10435
-9467
-10587
-9515
-10939
-9491
-11083
-9499
-11427
-9459
-11579
-9507
-11851
-9467
-12115
-9427
-12307
-9499
-12603
-9475
-12867
-9515
-13067
-9475
-13235
-9499
-13515
-9411
-13747
-9483
-13987
-9451
-14227
-9483
-14555
-9387
-14771
-9515
-15011
-9491
-15155
-9515
-15475
-9467
-15659
-9475
-15947
-9467
-16107
-9475
-16427
-9459
-16683
-9427
-16907
-9507
-17163
-9515
-17419
-9467
-17547
-9411
-17787
-9475
-18075
-9515
-18339
-9411
-18635
-9467
-18867
-9723
133
-9683
-35
-9707
-379
-9627
-635
-9723
-859
-9659
-1035
-9747
-1323
-9651
-1587
-9731
-1819
-9747
-1963
-9683
-2227
-9739
-2467
-9691
-2731
-9627
-2963
-9683
-3219
-9715
-3507
-9707
-3739
-9747
-3915
-9707
-4195
-9699
-4347
-9667
-4643
-9675
-4907
-9707
-5075
-9739
-5411
-9755
-5555
-9755
-5811
-9739
-6051
-9707
-6291
-9731
-6627
-9739
-6771
-9747
-7035
-9747
-7227
-9667
-7531
-9739
-7771
-9715
-8075
-9707
-8299
-9755
-8491
-9715
-8739
-9755
-8971
-9683
-9203
-9723
-9467
-9667
-9699
-9723
-9963
-9659
-10187
-9715
-10363
-9747
-10603
-9643
-10947
-9627
-11171
-9691
-11323
-9691
-11635
-9699
-11891
-9643
-12051
-9675
-12395
-9739
-12611
-9715
-12867
-9723
-13027
-9747
-13235
-9627
-13547
-9699
-13787
-9707
-14043
-9699
-14275
-9651
-14555
-9755
-14723
-9699
-14923
-9675
-15163
-9659
-15403
-9755
-15755
-9755
-15867
-9747
-16139
-9739
-16363
-9651
-16635
-9715
-16947
-9651
-17171
-9731
-17315
-9699
-17579
-9755
-17795
-9707
-18107
-9627
-18283
-9651
-18603
-9731
-18819
-9891
117
-9971
-67
-9939
-339
-9963
-571
-9939
-755
-9883
-1107
-9947
-1243
-9995
-1467
-9955
-1707
-9883
-1987
-9915
-2251
-9947
-2483
-9899
-2763
-9907
-2987
-9875
-3219
-9963
-3411
-9955
-3651
-9875
-3979
-9875
-4235
-9915
-4451
-9987
-4587
-9899
-4883
-9875
-5067
-9915
-5307
-9947
-5651
-9867
-5843
-9995
-6131
-9891
-6355
-9891
-6619
-9995
-6787
-9907
-7003
-9987
-7291
-9971
-7531
-9907
-7723
-9987
-8059
-9923
-8235
-9987
-8427
-9979
-8755
-9883
-8947
-9979
-9179
-9987
-9515
-9995
-9627
-9907
-9955
-9899
-10227
-9891
-10379
-9923
-10587
-9987
-10843
-9987
-11171
-9907
-11403
-9971
-11651
-9939
-11915
-9963
-12131
-9907
-12355
-9995
-12603
-9875
-12843
-9915
-13027
-9979
-13291
-9947
-13467
-9979
-13723
-9987
-13971
-9987
-14203
-9971
-14435
-9931
-14715
-9979
-14995
-9947
-15147
-9979
-15467
-9899
-15691
-9987
-15915
-9939
-16107
-9931
-16387
-9939
-16675
-9963
-16923
-9971
-17187
-9883
-17347
-9891
-17579
-9891
-17803
-9947
-18083
-9971
-18323
-9979
-18515
-9963
-18859
-10131
85
-10123
-27
-10155
-363
-10235
-611
-10155
-763
-10195
-1115
-10155
-1323
-10235
-1563
-10219
-1787
-10123
-2043
-10123
-2315
-10179
-2515
-10227
-2731
-10203
-2939
-10171
-3179
-10115
-3451
-10211
-3699
-10171
-3963
-10227
-4163
-10187
-4387
-10219
-4635
-10115
-4955
-10179
-5179
-10139
-5323
-10219
-5595
-10235
-5827
-10131
-6083
-10227
-6291
-10195
-6555
-10123
-6827
-10107
-7099
-10139
-7235
-10163
-7523
-10107
-7779
-10155
-7995
-10139
-8251
-10163
-8459
-10163
-8747
-10107
-8963
-10235
-9171
-10211
-9491
-10211
-9691
-10155
-9883
-10235
-10211
-10131
-10427
-10235
-10587
-10187
-10931
-10139
-11187
-10211
-11371
-10227
-11611
-10179
-11803
-10107
-12035
-10155
-12315
-10163
-12523
-10155
-12779
-10179
-13035
-10227
-13347
-10107
-13491
-10179
-13787
-10235
-13955
-10211
-14211
-10115
-14467
-10107
-14763
-10187
-15019
-10155
-15275
-10195
-15419
-10211
-15691
-10219
-15947
-10171
-16147
-10219
-16451
-10235
-16587
-10179
-16827
-10211
-17163
-10211
-17411
-10163
-17547
-10211
-17891
-10131
-18147
-10187
-18347
-10203
-18619
-10179
-18875
-10475
93
-10475
-123
-10443
-267
-10427
-547
-10475
-835
-10451
-1019
-10467
-1355
-10459
-1483
-10467
-1771
-10435
-2075
-10435
-2275
-10427
-2483
-10459
-2667
-10451
-2915
-10451
-3171
-10475
-3435
-10411
-3747
-10451
-3891
-10419
-4163
-10467
-4467
-10451
-4699
-10475
-4931
-10475
-5195
-10451
-5323
-10443
-5595
-10459
-5835
-10411
-6091
-10459
-6395
-10435
-6547
-10443
-6827
-10419
-7011
-10411
-7235
-10443
-7531
-10467
-7739
-10443
-8059
-10451
-8235
-10435
-8491
-10475
-8779
-10459
-8907
-10427
-9211
-10467
-9411
-10475
-9747
-10459
-9947
-10475
-10219
-10411
-10459
-10475
-10659
-10411
-10939
-10419
-11163
-10475
-11307
-10435
-11555
-10459
-11835
-10443
-12139
-10451
-12363
-10443
-12555
-10427
-12875
-10427
-12995
-10467
-13275
-10475
-13555
-10443
-13715
-10419
-14043
-10427
-14243
-10427
-14507
-10475
-14779
-10411
-14923
-10427
-15195
-10419
-15483
-10419
-15667
-10451
-15947
-10427
-16131
-10451
-16371
-10435
-16643
-10443
-16899
-10427
-17163
-10435
-17387
-10467
-17659
-10427
-17803
-10443
-18043
-10411
-18355
-10475
-18603
-10427
-18851
