149
962
298
-14
452
-328
273
-492
203
-728
217
-1045
319
-1295
387
-1490
765
-1738
748
-2061
179
-2238
193
-2549
127
-2719
221
-2969
195
-3243
121
-3375
147
-3731
95
-3895
269
-4179
163
-4417
153
-4659
125
-4947
101
-5043
101
-5299
85
-5651
133
-5843
93
-6019
101
-6287
141
-6491
101
-6755
125
-7075
133
-7235
109
-7487
149
-7739
109
-7995
109
-8263
101
-8531
85
-8703
125
-8983
85
-9227
149
-9507
133
-9683
109
-9987
101
-10227
93
-10395
133
-10683
125
-10875
149
-11163
141
-11419
125
-11563
149
-11907
85
-12043
149
-12339
93
-12571
133
-12779
141
-13027
149
-13235
125
-13539
149
-13715
93
-14027
101
-14211
149
-14507
125
-14699
85
-15027
109
-15275
85
-15491
85
-15659
101
-15867
109
-16203
93
-16451
93
-16683
85
-16867
141
-17139
101
-17371
85
-17659
85
-17843
125
-18027
117
-18331
85
-18555
85
-18875
-103
1233
-21
-49
-43
-303
-63
-526
-111
-739
-53
-1051
-91
-1258
-149
-1482
-91
-1733
-55
-2037
-9
-2224
-19
-2499
-39
-2775
-99
-2921
-105
-3169
-113
-3509
-59
-3715
-63
-3867
-97
-4103
-29
-4371
-47
-4603
-131
-4811
-19
-5115
-131
-5315
-91
-5591
-99
-5767
-123
-6123
-127
-6247
-19
-6563
-115
-6855
-83
-7023
-47
-7331
-127
-7543
-107
-7715
-107
-8075
-111
-8267
-127
-8423
-63
-8667
-111
-8879
-35
-9183
-107
-9391
-67
-9715
-131
-9883
-107
-10227
-99
-10427
-107
-10603
-123
-10923
-35
-11155
-75
-11355
-99
-11547
-115
-11907
-139
-12123
-67
-12307
-115
-12619
-83
-12787
-99
-13059
-75
-13259
-155
-13531
-91
-13731
-123
-13963
-51
-14187
-67
-14515
-99
-14715
-115
-14907
-147
-15251
-99
-15491
-83
-15715
-123
-15875
-123
-16235
-91
-16387
-91
-16667
-131
-16923
-83
-17075
-107
-17411
-155
-17595
-123
-17883
-99
-18059
-27
-18315
-139
-18523
-51
-18827
-287
198
-287
-17
-341
-374
-270
-485
-261
-721
-271
-1016
-240
-1279
-278
-1545
-283
-1750
-304
-2029
-325
-2212
-347
-2511
-329
-2721
-363
-2999
-271
-3235
-343
-3397
-341
-3665
-365
-3871
-339
-4197
-321
-4437
-329
-4635
-343
-4927
-299
-5087
-267
-5387
-355
-5647
-367
-5783
-355
-6047
-375
-6259
-263
-6499
-347
-6735
-267
-7035
-359
-7227
-319
-7471
-379
-7795
-291
-7959
-375
-8227
-331
-8503
-339
-8739
-239
-8987
-371
-9239
-359
-9507
-339
-9651
-379
-9995
-323
-10115
-387
-10371
-307
-10651
-323
-10875
-347
-11123
-387
-11411
-339
-11579
-291
-11859
-387
-12083
-291
-12315
-291
-12579
-299
-12811
-339
-13019
-355
-13291
-363
-13539
-299
-13731
-387
-14059
-355
-14307
-387
-14523
-387
-14691
-323
-14955
-387
-15187
-379
-15443
-387
-15723
-339
-15995
-339
-16195
-355
-16395
-339
-16627
-275
-16923
-267
-17091
-283
-17403
-283
-17619
-395
-17859
-323
-18099
-307
-18315
-347
-18635
-387
-18819
-507
891
-573
-61
-613
-312
-611
-499
-605
-714
-619
-1079
-577
-1283
-561
-1513
-574
-1702
-519
-1941
-613
-2157
-601
-2435
-507
-2675
-615
-2899
-617
-3167
-589
-3441
-599
-3671
-557
-3847
-611
-4213
-543
-4337
-553
-4639
-627
-4911
-611
-5099
-571
-5311
-595
-5603
-527
-5827
-531
-6119
-539
-6355
-543
-6483
-499
-6779
-491
-7087
-603
-7339
-487
-7471
-595
-7731
-583
-7955
-511
-8207
-571
-8451
-591
-8683
-555
-8991
-615
-9119
-579
-9423
-587
-9747
-611
-9891
-627
-10163
-627
-10467
-603
-10643
-515
-10947
-579
-11067
-611
-11411
-515
-11627
-595
-11851
-611
-12027
-627
-12315
-595
-12531
-619
-12851
-603
-13019
-531
-13339
-539
-13483
-627
-13723
-515
-13995
-563
-14267
-619
-14451
-507
-14795
-563
-14963
-627
-15187
-627
-15459
-555
-15659
-627
-15923
-515
-16107
-563
-16363
-635
-16675
-579
-16907
-523
-17179
-523
-17315
-635
-17659
-611
-17827
-611
-18035
-611
-18267
-635
-18563
-619
-18835
-799
651
-827
-151
-773
-309
-745
-593
-852
-861
-811
-1044
-834
-1291
-780
-1451
-829
-1779
-858
-1925
-751
-2245
-779
-2425
-771
-2705
-843
-2973
-837
-3183
-783
-3443
-783
-3603
-821
-3903
-823
-4205
-737
-4347
-765
-4651
-847
-4807
-815
-5047
-783
-5411
-811
-5631
-767
-5883
-819
-6087
-759
-6291
-831
-6599
-763
-6783
-815
-6999
-835
-7299
-799
-7579
-755
-7787
-779
-8059
-743
-8291
-847
-8519
-859
-8787
-871
-8923
-751
-9191
-763
-9439
-843
-9675
-867
-9883
-755
-10163
-803
-10443
-835
-10691
-787
-10915
-843
-11099
-755
-11419
-819
-11587
-771
-11795
-803
-12083
-843
-12307
-835
-12563
-771
-12771
-771
-13107
-827
-13299
-859
-13571
-795
-13715
-859
-13947
-803
-14235
-819
-14547
-747
-14771
-835
-14987
-843
-15259
-763
-15451
-859
-15675
-851
-15963
-835
-16115
-811
-16371
-859
-16643
-819
-16923
-827
-17179
-859
-17403
-843
-17555
-787
-17827
-763
-18091
-851
-18291
-795
-18539
-811
-18843
-1067
216
-1077
-65
-990
-308
-1027
-559
-1033
-767
-1069
-1071
-1076
-1227
-1097
-1504
-1101
-1784
-1001
-1942
-982
-2259
-1023
-2531
-1015
-2691
-1087
-2945
-1053
-3163
-981
-3393
-1027
-3687
-1017
-3921
-1009
-4213
-1085
-4381
-1083
-4589
-987
-4819
-1067
-5179
-999
-5335
-1091
-5539
-1091
-5779
-1091
-6059
-995
-6303
-971
-6619
-1059
-6843
-1087
-7043
-1019
-7211
-1107
-7499
-1087
-7787
-1031
-7999
-1019
-8275
-1023
-8423
-1043
-8723
-1011
-9023
-1079
-9211
-1067
-9399
-1011
-9643
-1011
-9971
-987
-10187
-1099
-10419
-1027
-10659
-1043
-10875
-1019
-11123
-1027
-11363
-1075
-11579
-1099
-11811
-1099
-12075
-1067
-12339
-1027
-12587
-1035
-12875
-1083
-13099
-1011
-13355
-1115
-13523
-1099
-13755
-1067
-14011
-1019
-14251
-1067
-14427
-1003
-14779
-1115
-14987
-1075
-15219
-1067
-15395
-1115
-15659
-1099
-15979
-1091
-16147
-1019
-16467
-1091
-16707
-1099
-16939
-1091
-17075
-1051
-17355
-1107
-17587
-1051
-17891
-987
-18123
-1051
-18331
-1051
-18627
-1107
-18835
-1331
368
-1315
-115
-1301
-255
-1275
-497
-1323
-811
-1303
-1015
-1333
-1233
-1297
-1559
-1223
-1821
-1220
-2023
-1204
-2241
-1307
-2435
-1351
-2637
-1333
-2895
-1263
-3195
-1269
-3471
-1271
-3689
-1339
-3869
-1257
-4109
-1219
-4327
-1295
-4687
-1307
-4879
-1235
-5099
-1267
-5323
-1203
-5567
-1327
-5859
-1327
-6119
-1323
-6303
-1315
-6491
-1299
-6815
-1315
-7019
-1243
-7259
-1231
-7543
-1339
-7755
-1339
-7931
-1263
-8163
-1323
-8519
-1303
-8727
-1355
-8947
-1339
-9263
-1243
-9443
-1299
-9699
-1331
-9883
-1259
-10107
-1283
-10459
-1315
-10635
-1339
-10867
-1267
-11091
-1235
-11331
-1243
-11571
-1339
-11867
-1331
-12107
-1283
-12347
-1275
-12595
-1323
-12875
-1299
-13059
-1323
-13323
-1347
-13587
-1251
-13763
-1235
-14067
-1235
-14243
-1355
-14539
-1243
-14731
-1259
-15027
-1339
-15155
-1283
-15419
-1227
-15651
-1243
-15939
-1347
-16227
-1331
-16371
-1315
-16715
-1331
-16835
-1299
-17171
-1315
-17395
-1283
-17579
-1355
-17859
-1339
-18059
-1259
-18291
-1275
-18611
-1275
-18827
-1579
2207
-1471
-103
-1525
-387
-1571
-607
-1459
-795
-1581
-967
-1493
-1231
-1519
-1531
-1487
-1831
-1467
-1943
-1583
-2217
-1539
-2439
-1595
-2663
-1507
-2981
-1581
-3163
-1545
-3431
-1593
-3715
-1569
-3855
-1535
-4231
-1541
-4319
-1587
-4683
-1523
-4847
-1579
-5107
-1527
-5327
-1539
-5627
-1491
-5839
-1487
-6139
-1543
-6339
-1483
-6575
-1479
-6871
-1503
-7103
-1519
-7227
-1475
-7531
-1467
-7695
-1539
-8019
-1571
-8167
-1515
-8539
-1539
-8679
-1475
-8951
-1575
-9263
-1539
-9499
-1563
-9723
-1587
-9923
-1563
-10115
-1531
-10411
-1587
-10699
-1579
-10859
-1507
-11075
-1571
-11403
-1531
-11627
-1539
-11795
-1523
-12123
-1579
-12331
-1531
-12635
-1571
-12859
-1595
-13019
-1547
-13307
-1475
-13491
-1571
-13755
-1587
-13987
-1555
-14291
-1523
-14467
-1491
-14675
-1563
-15027
-1579
-15211
-1587
-15491
-1547
-15675
-1523
-15947
-1563
-16115
-1523
-16475
-1539
-16619
-1555
-16851
-1539
-17171
-1587
-17347
-1539
-17627
-1531
-17899
-1587
-18075
-1515
-18267
-1491
-18619
-1571
-18819
-1795
679
-1791
-71
-1761
-301
-1803
-589
-1755
-821
-1771
-1029
-1761
-1267
-1797
-1517
-1767
-1811
-1795
-1967
-1753
-2305
-1755
-2467
-1805
-2715
-1777
-2941
-1793
-3213
-1723
-3409
-1793
-3607
-1725
-3923
-1787
-4107
-1683
-4339
-1819
-4615
-1735
-4859
-1815
-5183
-1727
-5303
-1799
-5571
-1803
-5907
-1791
-6115
-1787
-6319
-1807
-6555
-1791
-6723
-1711
-6959
-1755
-7291
-1767
-7555
-1807
-7723
-1707
-7931
-1811
-8263
-1759
-8455
-1723
-8703
-1715
-9003
-1751
-9135
-1735
-9491
-1747
-9755
-1795
-9979
-1731
-10187
-1835
-10371
-1811
-10603
-1747
-10899
-1811
-11091
-1755
-11411
-1771
-11579
-1755
-11811
-1787
-12059
-1819
-12315
-1803
-12523
-1771
-12779
-1835
-13051
-1819
-13243
-1715
-13563
-1819
-13803
-1819
-14011
-1827
-14291
-1779
-14547
-1715
-14779
-1819
-14907
-1827
-15203
-1827
-15435
-1835
-15659
-1715
-15987
-1747
-16195
-1835
-16467
-1731
-16651
-1819
-16939
-1787
-17083
-1707
-17371
-1811
-17643
-1739
-17899
-1835
-18107
-1803
-18299
-1771
-18563
-1779
-18859
-2075
869
-1987
-123
-1965
-251
-2039
-521
-1987
-863
-2027
-1009
-1949
-1285
-2027
-1499
-2021
-1731
-1959
-1955
-2067
-2251
-2055
-2419
-1965
-2723
-1935
-3001
-2053
-3183
-1991
-3509
-1983
-3737
-2041
-3847
-2019
-4221
-2035
-4441
-1961
-4667
-2027
-4831
-1983
-5087
-1991
-5311
-2023
-5555
-2015
-5819
-2015
-6035
-2047
-6311
-2011
-6591
-2007
-6731
-2003
-7083
-2031
-7243
-2063
-7483
-1995
-7795
-2055
-8015
-2023
-8259
-1991
-8447
-1943
-8659
-2067
-8955
-1999
-9171
-2007
-9515
-2075
-9627
-2051
-9883
-2027
-10211
-2019
-10395
-2059
-10627
-2003
-10923
-2019
-11115
-1971
-11435
-1947
-11651
-1979
-11875
-2043
-12043
-2019
-12355
-2059
-12515
-2075
-12843
-2067
-12987
-1979
-13291
-2067
-13507
-1987
-13739
-2075
-14019
-2019
-14243
-1987
-14515
-1963
-14699
-2051
-14955
-2051
-15155
-2075
-15387
-1971
-15683
-1995
-15995
-2027
-16187
-2027
-16419
-1955
-16667
-2059
-16923
-2035
-17099
-1987
-17435
-2003
-17667
-2019
-17827
-1963
-18051
-2043
-18331
-2067
-18547
-2067
-18811
-2275
1215
-2211
-113
-2279
-291
-2243
-531
-2271
-837
-2211
-1067
-2247
-1291
-2245
-1519
-2235
-1689
-2255
-2045
-2239
-2179
-2307
-2459
-2297
-2723
-2257
-2891
-2257
-3255
-2281
-3355
-2279
-3643
-2217
-3835
-2219
-4201
-2255
-4343
-2199
-4595
-2307
-4931
-2227
-5143
-2191
-5347
-2295
-5527
-2287
-5823
-2275
-6099
-2247
-6347
-2219
-6523
-2263
-6763
-2271
-7087
-2287
-7243
-2263
-7539
-2187
-7711
-2287
-8059
-2247
-8291
-2227
-8519
-2247
-8727
-2287
-8907
-2251
-9159
-2215
-9491
-2211
-9675
-2195
-9931
-2219
-10131
-2211
-10467
-2299
-10587
-2299
-10907
-2235
-11171
-2243
-11315
-2251
-11587
-2275
-11851
-2299
-12051
-2259
-12291
-2315
-12603
-2243
-12811
-2307
-13067
-2195
-13291
-2283
-13579
-2227
-13811
-2275
-13963
-2251
-14195
-2243
-14427
-2299
-14795
-2275
-14955
-2227
-15259
-2283
-15435
-2235
-15747
-2259
-15971
-2267
-16115
-2251
-16475
-2195
-16643
-2307
-16947
-2227
-17115
-2315
-17395
-2307
-17555
-2307
-17915
-2195
-18083
-2275
-18307
-2275
-18571
-2267
-18811
-2547
643
-2451
-9
-2551
-331
-2497
-623
-2545
-841
-2469
-1043
-2519
-1247
-2467
-1435
-2503
-1751
-2487
-1943
-2407
-2153
-2475
-2441
-2529
-2693
-2451
-3011
-2523
-3241
-2523
-3391
-2409
-3753
-2449
-3891
-2435
-4193
-2523
-4371
-2415
-4625
-2499
-4847
-2555
-5103
-2511
-5311
-2475
-5531
-2531
-5839
-2471
-6079
-2547
-6363
-2471
-6503
-2523
-6811
-2511
-7015
-2535
-7231
-2459
-7579
-2435
-7775
-2491
-7971
-2399
-8283
-2411
-8427
-2467
-8679
-2487
-8923
-2443
-9199
-2467
-9507
-2523
-9755
-2523
-9931
-2515
-10179
-2507
-10451
-2507
-10699
-2467
-10923
-2547
-11115
-2491
-11435
-2547
-11587
-2499
-11851
-2555
-12139
-2491
-12339
-2451
-12611
-2547
-12851
-2515
-12987
-2539
-13275
-2499
-13515
-2547
-13779
-2539
-14059
-2467
-14259
-2547
-14507
-2555
-14715
-2531
-15003
-2547
-15227
-2515
-15507
-2483
-15747
-2475
-15923
-2507
-16227
-2547
-16363
-2539
-16651
-2435
-16931
-2555
-17115
-2443
-17435
-2539
-17547
-2467
-17803
-2459
-18067
-2499
-18299
-2491
-18603
-2539
-18867
-2667
605
-2647
-7
-2771
-307
-2711
-547
-2775
-747
-2727
-1003
-2775
-1219
-2679
-1461
-2783
-1811
-2779
-1959
-2771
-2311
-2723
-2463
-2727
-2711
-2787
-2899
-2735
-3187
-2747
-3471
-2755
-3723
-2711
-3895
-2751
-4171
-2719
-4439
-2691
-4691
-2731
-4855
-2663
-5067
-2723
-5315
-2735
-5619
-2655
-5903
-2755
-6115
-2767
-6303
-2763
-6591
-2719
-6831
-2771
-6955
-2783
-7259
-2763
-7495
-2663
-7723
-2711
-8011
-2731
-8199
-2695
-8487
-2671
-8703
-2747
-8923
-2703
-9223
-2683
-9459
-2763
-9627
-2747
-9899
-2747
-10227
-2779
-10419
-2779
-10659
-2707
-10883
-2691
-11187
-2731
-11435
-2763
-11659
-2747
-11867
-2707
-12043
-2779
-12291
-2795
-12579
-2779
-12851
-2795
-13091
-2707
-13307
-2771
-13515
-2699
-13771
-2771
-14051
-2755
-14259
-2731
-14435
-2771
-14715
-2779
-14931
-2755
-15259
-2707
-15475
-2787
-15699
-2755
-15915
-2683
-16179
-2739
-16371
-2755
-16651
-2715
-16907
-2755
-17155
-2723
-17371
-2779
-17675
-2763
-17883
-2763
-18131
-2723
-18291
-2691
-18619
-2771
-18851
-3003
109
-3015
-95
-2979
-355
-2883
-535
-2959
-783
-3011
-1007
-2947
-1323
-2955
-1491
-2987
-1731
-2967
-1999
-2963
-2243
-2983
-2547
-3019
-2723
-2931
-2923
-2963
-3171
-2907
-3463
-2975
-3643
-3015
-3991
-3003
-4151
-2911
-4431
-2987
-4703
-3011
-4851
-2915
-5155
-2923
-5319
-2935
-5551
-2967
-5755
-2943
-6091
-2891
-6331
-2911
-6551
-2947
-6827
-2987
-7023
-2979
-7295
-2919
-7487
-3007
-7755
-2955
-7963
-3003
-8175
-2999
-8543
-3011
-8715
-2895
-8979
-2971
-9175
-3023
-9379
-3011
-9691
-2995
-9891
-2979
-10139
-2939
-10435
-2995
-10595
-2955
-10915
-3035
-11195
-3011
-11339
-2931
-11659
-3011
-11907
-3035
-12043
-2987
-12363
-2915
-12619
-2939
-12779
-2979
-13043
-2955
-13235
-2915
-13587
-2963
-13811
-3035
-14011
-2923
-14315
-3019
-14491
-2987
-14683
-2955
-14995
-2979
-15211
-2947
-15435
-3003
-15699
-2971
-15931
-2987
-16235
-2915
-16371
-3035
-16715
-2955
-16835
-2995
-17163
-3011
-17403
-3011
-17635
-3003
-17819
-2979
-18107
-2947
-18267
-3027
-18595
-2987
-18859
-3247
141
-3255
-67
-3163
-327
-3175
-531
-3215
-791
-3259
-1035
-3171
-1343
-3207
-1463
-3227
-1715
-3199
-2059
-3143
-2175
-3259
-2507
-3183
-2723
-3211
-2919
-3247
-3163
-3247
-3443
-3139
-3675
-3259
-3875
-3207
-4155
-3231
-4383
-3155
-4611
-3215
-4819
-3179
-5115
-3195
-5323
-3243
-5595
-3227
-5775
-3199
-6051
-3207
-6319
-3175
-6503
-3263
-6791
-3195
-7099
-3151
-7235
-3231
-7595
-3251
-7791
-3231
-8059
-3179
-8283
-3251
-8515
-3191
-8663
-3187
-8899
-3135
-9211
-3223
-9515
-3275
-9691
-3251
-9875
-3163
-10187
-3275
-10395
-3195
-10659
-3275
-10827
-3259
-11115
-3187
-11435
-3187
-11635
-3155
-11907
-3243
-12027
-3267
-12275
-3275
-12539
-3259
-12787
-3227
-13035
-3259
-13275
-3251
-13563
-3243
-13771
-3275
-13979
-3235
-14203
-3275
-14539
-3251
-14667
-3219
-14907
-3267
-15235
-3155
-15483
-3251
-15667
-3163
-15915
-3243
-16107
-3211
-16451
-3187
-16587
-3259
-16883
-3259
-17195
-3163
-17411
-3211
-17635
-3171
-17787
-3235
-18131
-3227
-18371
-3219
-18539
-3203
-18819
-3415
141
-3387
-51
-3507
-363
-3475
-603
-3467
-783
-3483
-995
-3475
-1315
-3379
-1451
-3423
-1691
-3475
-2011
-3491
-2251
-3467
-2467
-3383
-2687
-3419
-2955
-3511
-3247
-3487
-3459
-3467
-3667
-3419
-3939
-3403
-4151
-3403
-4399
-3455
-4663
-3411
-4883
-3463
-5135
-3439
-5339
-3495
-5571
-3471
-5767
-3483
-6047
-3495
-6259
-3491
-6535
-3419
-6839
-3471
-7015
-3403
-7219
-3395
-7595
-3479
-7763
-3403
-7983
-3471
-8207
-3447
-8515
-3419
-8743
-3495
-8947
-3407
-9191
-3463
-9391
-3435
-9747
-3475
-9915
-3467
-10107
-3467
-10379
-3403
-10699
-3387
-10859
-3499
-11171
-3475
-11387
-3491
-11547
-3419
-11875
-3419
-12107
-3411
-12363
-3459
-12507
-3491
-12779
-3507
-13099
-3515
-13299
-3467
-13467
-3443
-13763
-3411
-14067
-3451
-14187
-3507
-14459
-3475
-14787
-3451
-14995
-3515
-15211
-3419
-15515
-3411
-15643
-3475
-15899
-3411
-16155
-3451
-16467
-3467
-16651
-3443
-16851
-3451
-17147
-3491
-17395
-3427
-17675
-3411
-17875
-3427
-18139
-3499
-18339
-3451
-18515
-3491
-18819
-3619
125
-3687
-103
-3663
-323
-3727
-587
-3655
-867
-3723
-983
-3683
-1227
-3687
-1495
-3739
-1779
-3659
-1951
-3667
-2231
-3659
-2547
-3743
-2763
-3631
-2879
-3691
-3255
-3667
-3383
-3611
-3727
-3719
-3943
-3731
-4159
-3687
-4447
-3727
-4687
-3751
-4927
-3667
-5143
-3751
-5351
-3703
-5635
-3607
-5911
-3715
-6075
-3727
-6251
-3723
-6575
-3715
-6819
-3663
-7031
-3623
-7303
-3731
-7483
-3667
-7755
-3723
-7951
-3683
-8287
-3623
-8527
-3651
-8699
-3659
-9027
-3723
-9167
-3655
-9507
-3707
-9707
-3699
-9875
-3739
-10203
-3747
-10395
-3635
-10675
-3731
-10835
-3683
-11115
-3715
-11403
-3731
-11603
-3747
-11907
-3755
-12091
-3707
-12315
-3755
-12603
-3675
-12867
-3755
-13051
-3739
-13331
-3659
-13523
-3747
-13763
-3715
-13995
-3755
-14219
-3643
-14443
-3707
-14771
-3699
-14963
-3627
-15267
-3643
-15491
-3651
-15635
-3651
-15891
-3723
-16187
-3675
-16403
-3659
-16683
-3651
-16939
-3731
-17163
-3715
-17307
-3715
-17555
-3707
-17795
-3667
-18067
-3747
-18283
-3739
-18507
-3731
-18811
-3979
125
-3963
-135
-3951
-299
-3963
-543
-3887
-855
-3867
-1079
-3927
-1287
-3967
-1463
-3863
-1819
-3979
-1947
-3923
-2255
-3879
-2491
-3863
-2747
-3967
-2907
-3967
-3167
-3875
-3455
-3867
-3711
-3959
-3971
-3983
-4195
-3915
-4367
-3935
-4679
-3883
-4827
-3967
-5103
-3955
-5315
-3939
-5659
-3955
-5843
-3903
-6039
-3943
-6311
-3955
-6563
-3939
-6783
-3871
-7051
-3951
-7243
-3883
-7539
-3967
-7795
-3963
-7959
-3979
-8195
-3883
-8527
-3975
-8763
-3991
-8879
-3847
-9163
-3959
-9411
-3995
-9651
-3939
-9963
-3899
-10235
-3947
-10411
-3875
-10699
-3883
-10931
-3907
-11171
-3995
-11315
-3955
-11587
-3891
-11835
-3963
-12147
-3971
-12395
-3955
-12579
-3971
-12811
-3963
-13051
-3971
-13355
-3915
-13491
-3947
-13715
-3979
-13947
-3915
-14291
-3955
-14427
-3891
-14747
-3979
-15019
-3955
-15147
-3971
-15427
-3867
-15659
-3995
-15899
-3923
-16179
-3979
-16355
-3875
-16699
-3907
-16907
-3987
-17147
-3883
-17427
-3987
-17579
-3907
-17795
-3867
-18035
-3867
-18283
-3987
-18531
-3891
-18819
-4219
141
-4143
-75
-4211
-279
-4091
-615
-4231
-723
-4143
-1039
-4231
-1331
-4103
-1527
-4179
-1803
-4203
-2031
-4219
-2219
-4091
-2419
-4083
-2647
-4155
-2995
-4163
-3187
-4091
-3451
-4175
-3735
-4103
-3971
-4207
-4171
-4187
-4351
-4195
-4687
-4151
-4847
-4123
-5051
-4203
-5299
-4231
-5567
-4175
-5867
-4091
-6099
-4179
-6359
-4079
-6571
-4219
-6835
-4199
-6975
-4139
-7335
-4183
-7531
-4199
-7707
-4163
-8047
-4203
-8175
-4191
-8439
-4179
-8755
-4215
-8987
-4219
-9223
-4103
-9499
-4235
-9651
-4211
-9947
-4227
-10131
-4195
-10419
-4139
-10643
-4195
-10907
-4107
-11179
-4187
-11363
-4179
-11611
-4219
-11827
-4235
-12043
-4227
-12371
-4171
-12547
-4219
-12795
-4235
-13003
-4123
-13347
-4131
-13555
-4203
-13715
-4235
-14003
-4227
-14211
-4219
-14467
-4171
-14731
-4163
-14963
-4235
-15195
-4227
-15435
-4235
-15715
-4211
-15883
-4107
-16155
-4203
-16475
-4163
-16707
-4131
-16915
-4179
-17179
-4203
-17363
-4235
-17635
-4147
-17859
-4235
-18123
-4227
-18331
-4131
-18547
-4203
-18867
-4399
101
-4379
-59
-4455
-303
-4363
-539
-4375
-839
-4459
-1019
-4391
-1331
-4403
-1551
-4371
-1735
-4431
-1991
-4367
-2235
-4347
-2419
-4415
-2719
-4423
-2951
-4363
-3131
-4383
-3427
-4439
-3747
-4403
-3975
-4443
-4191
-4371
-4407
-4355
-4683
-4451
-4859
-4455
-5055
-4459
-5395
-4419
-5607
-4451
-5891
-4331
-6003
-4415
-6395
-4447
-6587
-4351
-6795
-4363
-6999
-4451
-7303
-4411
-7531
-4403
-7699
-4447
-7975
-4475
-8239
-4407
-8459
-4439
-8763
-4451
-8891
-4347
-9219
-4343
-9459
-4451
-9659
-4451
-9987
-4459
-10131
-4419
-10363
-4443
-10603
-4467
-10835
-4355
-11083
-4435
-11387
-4419
-11555
-4403
-11907
-4411
-12083
-4427
-12387
-4387
-12555
-4395
-12787
-4475
-13075
-4355
-13299
-4363
-13547
-4467
-13811
-4459
-13995
-4379
-14219
-4467
-14443
-4443
-14675
-4451
-15027
-4467
-15155
-4443
-15387
-4475
-15691
-4387
-15995
-4467
-16171
-4347
-16379
-4459
-16611
-4467
-16827
-4411
-17195
-4443
-17363
-4475
-17571
-4371
-17843
-4411
-18155
-4363
-18331
-4363
-18587
-4419
-18867
-4599
101
-4607
-99
-4671
-363
-4647
-515
-4675
-815
-4651
-1043
-4643
-1303
-4667
-1515
-4623
-1791
-4691
-2075
-4647
-2191
-4691
-2495
-4627
-2703
-4695
-2955
-4595
-3231
-4675
-3447
-4643
-3707
-4667
-3947
-4667
-4207
-4671
-4351
-4679
-4583
-4627
-4907
-4599
-5071
-4675
-5415
-4703
-5603
-4687
-5827
-4651
-6111
-4567
-6299
-4627
-6559
-4659
-6759
-4671
-7023
-4599
-7275
-4667
-7567
-4631
-7747
-4687
-7987
-4631
-8263
-4571
-8491
-4611
-8731
-4667
-8979
-4707
-9223
-4603
-9395
-4699
-9755
-4627
-9979
-4675
-10195
-4675
-10419
-4691
-10675
-4715
-10923
-4635
-11179
-4675
-11371
-4715
-11651
-4635
-11787
-4715
-12051
-4675
-12363
-4603
-12611
-4587
-12851
-4667
-13003
-4675
-13355
-4643
-13499
-4691
-13755
-4627
-14019
-4651
-14227
-4603
-14499
-4675
-14723
-4595
-14971
-4699
-15163
-4611
-15427
-4667
-15667
-4643
-15955
-4643
-16179
-4603
-16443
-4667
-16627
-4715
-16891
-4683
-17195
-4595
-17347
-4699
-17563
-4691
-17859
-4595
-18155
-4707
-18371
-4627
-18571
-4691
-18859
-4799
93
-4859
-87
-4883
-315
-4903
-563
-4951
-847
-4851
-1047
-4879
-1275
-4827
-1551
-4879
-1743
-4875
-2059
-4923
-2179
-4939
-2427
-4859
-2731
-4939
-2927
-4879
-3211
-4863
-3479
-4879
-3671
-4843
-3859
-4891
-4131
-4843
-4419
-4927
-4595
-4943
-4867
-4923
-5111
-4903
-5331
-4807
-5559
-4891
-5895
-4911
-6071
-4943
-6359
-4931
-6575
-4899
-6859
-4855
-7095
-4947
-7303
-4931
-7539
-4823
-7803
-4879
-7923
-4895
-8255
-4907
-8503
-4815
-8679
-4931
-8899
-4863
-9183
-4955
-9483
-4931
-9635
-4851
-9931
-4835
-10107
-4875
-10403
-4931
-10627
-4859
-10915
-4851
-11163
-4915
-11395
-4899
-11659
-4931
-11803
-4939
-12147
-4915
-12355
-4827
-12563
-4827
-12843
-4947
-13019
-4931
-13315
-4875
-13539
-4955
-13827
-4947
-14067
-4955
-14195
-4867
-14491
-4915
-14787
-4907
-14979
-4835
-15171
-4875
-15491
-4947
-15723
-4859
-15867
-4947
-16171
-4851
-16475
-4939
-16699
-4947
-16955
-4875
-17179
-4867
-17379
-4835
-17667
-4923
-17875
-4947
-18123
-4827
-18275
-4827
-18523
-4899
-18867
-5067
93
-5159
-43
-5083
-283
-5119
-547
-5143
-847
-5147
-1051
-5171
-1315
-5111
-1555
-5099
-1759
-5051
-1995
-5063
-2171
-5143
-2467
-5067
-2647
-5155
-2979
-5155
-3199
-5107
-3435
-5187
-3679
-5167
-3919
-5091
-4095
-5059
-4435
-5095
-4591
-5067
-4819
-5151
-5159
-5147
-5395
-5123
-5615
-5087
-5891
-5163
-6067
-5159
-6291
-5139
-6539
-5087
-6819
-5103
-6987
-5167
-7227
-5091
-7491
-5183
-7795
-5135
-7979
-5127
-8243
-5055
-8519
-5075
-8771
-5107
-8923
-5115
-9187
-5179
-9507
-5195
-9747
-5123
-9907
-5155
-10123
-5171
-10363
-5131
-10587
-5131
-10947
-5115
-11107
-5155
-11403
-5163
-11579
-5171
-11899
-5195
-12155
-5187
-12395
-5099
-12523
-5091
-12851
-5099
-13083
-5195
-13323
-5171
-13579
-5155
-13795
-5187
-14059
-5147
-14299
-5139
-14539
-5171
-14723
-5107
-14995
-5091
-15155
-5155
-15499
-5155
-15715
-5187
-15939
-5147
-16235
-5171
-16395
-5147
-16715
-5123
-16923
-5147
-17187
-5075
-17339
-5091
-17619
-5115
-17907
-5171
-18123
-5195
-18387
-5107
-18635
-5099
-18827
-5339
149
-5427
-123
-5371
-319
-5355
-595
-5411
-795
-5307
-1003
-5435
-1235
-5427
-1491
-5395
-1763
-5315
-1955
-5419
-2187
-5419
-2427
-5323
-2751
-5355
-2903
-5427
-3259
-5355
-3379
-5411
-3699
-5315
-3867
-5411
-4163
-5347
-4455
-5371
-4595
-5395
-4843
-5435
-5083
-5363
-5403
-5427
-5659
-5387
-5871
-5395
-6051
-5419
-6307
-5371
-6507
-5419
-6835
-5323
-7019
-5379
-7331
-5395
-7559
-5371
-7735
-5363
-8023
-5379
-8259
-5347
-8523
-5363
-8775
-5323
-8927
-5347
-9143
-5339
-9383
-5371
-9755
-5403
-9883
-5427
-10219
-5387
-10435
-5339
-10707
-5339
-10843
-5339
-11139
-5371
-11363
-5371
-11611
-5347
-11867
-5331
-12075
-5427
-12267
-5347
-12619
-5379
-12819
-5395
-13059
-5427
-13339
-5395
-13467
-5347
-13771
-5435
-13971
-5411
-14291
-5347
-14475
-5387
-14715
-5427
-15011
-5395
-15235
-5363
-15467
-5331
-15651
-5379
-15947
-5347
-16139
-5371
-16435
-5427
-16651
-5419
-16915
-5331
-17171
-5315
-17403
-5395
-17603
-5435
-17787
-5315
-18043
-5307
-18331
-5347
-18579
-5331
-18875
-5619
141
-5547
-115
-5603
-355
-5587
-619
-5555
-867
-5595
-1083
-5587
-1323
-5595
-1483
-5619
-1819
-5659
-2067
-5611
-2251
-5611
-2483
-5571
-2675
-5627
-3019
-5667
-3147
-5547
-3459
-5651
-3747
-5635
-3939
-5611
-4131
-5667
-4443
-5555
-4603
-5635
-4947
-5587
-5139
-5579
-5379
-5603
-5627
-5555
-5811
-5627
-6099
-5571
-6379
-5651
-6619
-5667
-6747
-5659
-7115
-5635
-7347
-5603
-7547
-5627
-7787
-5595
-8011
-5659
-8187
-5675
-8427
-5675
-8771
-5603
-9003
-5595
-9227
-5603
-9435
-5659
-9731
-5579
-9987
-5667
-10203
-5595
-10459
-5619
-10691
-5675
-10923
-5643
-11115
-5595
-11403
-5635
-11579
-5667
-11867
-5659
-12067
-5635
-12363
-5595
-12531
-5667
-12787
-5579
-13059
-5651
-13283
-5675
-13507
-5667
-13715
-5563
-13995
-5611
-14219
-5643
-14467
-5603
-14795
-5571
-15035
-5619
-15155
-5579
-15427
-5651
-15707
-5547
-15867
-5651
-16123
-5595
-16395
-5635
-16587
-5619
-16899
-5587
-17155
-5643
-17379
-5651
-17611
-5627
-17907
-5547
-18091
-5667
-18315
-5667
-18555
-5547
-18835
-5851
93
-5907
-139
-5819
-371
-5915
-611
-5915
-811
-5851
-1043
-5875
-1251
-5875
-1491
-5827
-1787
-5811
-1995
-5915
-2251
-5843
-2475
-5859
-2707
-5915
-3003
-5859
-3219
-5859
-3499
-5835
-3683
-5915
-3891
-5835
-4115
-5891
-4363
-5907
-4715
-5811
-4891
-5811
-5123
-5875
-5387
-5899
-5611
-5859
-5899
-5907
-6155
-5883
-6395
-5907
-6531
-5875
-6787
-5819
-7035
-5875
-7275
-5867
-7531
-5843
-7811
-5907
-8019
-5803
-8195
-5819
-8467
-5915
-8683
-5867
-9011
-5803
-9163
-5907
-9475
-5883
-9755
-5883
-9947
-5867
-10115
-5891
-10379
-5795
-10683
-5915
-10835
-5915
-11131
-5827
-11355
-5891
-11667
-5875
-11835
-5915
-12059
-5899
-12347
-5907
-12563
-5883
-12795
-5819
-13059
-5907
-13235
-5915
-13467
-5827
-13779
-5915
-14067
-5835
-14235
-5787
-14555
-5819
-14667
-5811
-15019
-5851
-15195
-5867
-15435
-5883
-15755
-5851
-15987
-5899
-16171
-5811
-16347
-5867
-16675
-5867
-16875
-5907
-17115
-5907
-17395
-5915
-17547
-5843
-17819
-5875
-18075
-5819
-18339
-5819
-18635
-5843
-18875
-6123
93
-6107
-155
-6083
-355
-6043
-523
-6147
-803
-6027
-1091
-6107
-1267
-6131
-1531
-6147
-1715
-6075
-2035
-6083
-2203
-6147
-2435
-6131
-2675
-6083
-3011
-6139
-3163
-6131
-3403
-6131
-3707
-6099
-3979
-6091
-4187
-6147
-4419
-6139
-4659
-6155
-4915
-6099
-5115
-6075
-5371
-6035
-5651
-6147
-5899
-6091
-6051
-6099
-6315
-6147
-6523
-6107
-6803
-6107
-7059
-6123
-7331
-6099
-7507
-6083
-7707
-6131
-8003
-6043
-8203
-6083
-8507
-6131
-8739
-6115
-9027
-6139
-9147
-6027
-9451
-6059
-9699
-6115
-9875
-6139
-10115
-6131
-10451
-6091
-10619
-6139
-10931
-6147
-11179
-6139
-11411
-6155
-11635
-6155
-11811
-6051
-12123
-6147
-12347
-6107
-12603
-6155
-12755
-6115
-13019
-6155
-13323
-6035
-13595
-6147
-13795
-6099
-14027
-6147
-14267
-6027
-14531
-6051
-14779
-6131
-14995
-6155
-15211
-6147
-15443
-6123
-15683
-6131
-15963
-6139
-16115
-6099
-16411
-6131
-16699
-6147
-16875
-6139
-17091
-6107
-17411
-6059
-17595
-6147
-17795
-6115
-18115
-6043
-18387
-6075
-18531
-6083
-18867
-6283
117
-6315
-43
-6339
-323
-6291
-563
-6283
-827
-6387
-1003
-6387
-1275
-6379
-1531
-6371
-1747
-6347
-1979
-6379
-2259
-6395
-2427
-6363
-2771
-6355
-3027
-6387
-3179
-6363
-3459
-6395
-3731
-6339
-3987
-6299
-4195
-6347
-4427
-6275
-4699
-6363
-4827
-6339
-5123
-6395
-5419
-6323
-5595
-6387
-5787
-6291
-6115
-6363
-6363
-6275
-6531
-6395
-6795
-6339
-7115
-6379
-7251
-6283
-7531
-6379
-7835
-6339
-7971
-6371
-8291
-6387
-8531
-6363
-8667
-6339
-9019
-6291
-9267
-6283
-9475
-6379
-9675
-6387
-9915
-6291
-10235
-6315
-10427
-6323
-10699
-6323
-10851
-6323
-11163
-6347
-11395
-6299
-11667
-6283
-11795
-6355
-12043
-6331
-12363
-6307
-12579
-6267
-12763
-6371
-13003
-6395
-13299
-6363
-13499
-6323
-13819
-6395
-14043
-6267
-14291
-6283
-14555
-6379
-14787
-6355
-14915
-6331
-15275
-6371
-15419
-6283
-15627
-6339
-15955
-6395
-16163
-6371
-16411
-6267
-16691
-6387
-16835
-6331
-17155
-6379
-17411
-6395
-17579
-6307
-17891
-6299
-18139
-6371
-18275
-6315
-18611
-6275
-18819
-6523
109
-6635
-43
-6587
-379
-6603
-571
-6555
-771
-6635
-1027
-6595
-1291
-6523
-1483
-6627
-1739
-6619
-2011
-6603
-2251
-6595
-2443
-6555
-2787
-6579
-2987
-6531
-3155
-6555
-3451
-6603
-3731
-6619
-3987
-6515
-4203
-6619
-4387
-6579
-4603
-6563
-4883
-6619
-5123
-6571
-5355
-6523
-5659
-6555
-5843
-6595
-6091
-6579
-6395
-6555
-6571
-6515
-6851
-6579
-7115
-6595
-7339
-6635
-7467
-6515
-7811
-6579
-7995
-6603
-8315
-6619
-8539
-6555
-8699
-6611
-8987
-6531
-9155
-6571
-9419
-6595
-9707
-6619
-9899
-6627
-10171
-6523
-10443
-6595
-10707
-6619
-10835
-6603
-11139
-6619
-11331
-6539
-11587
-6547
-11859
-6555
-12131
-6635
-12267
-6587
-12555
-6627
-12811
-6507
-13035
-6515
-13323
-6627
-13547
-6555
-13763
-6539
-13971
-6555
-14291
-6555
-14483
-6611
-14739
-6587
-14931
-6611
-15187
-6547
-15467
-6587
-15699
-6531
-15955
-6587
-16155
-6587
-16435
-6523
-16643
-6571
-16827
-6635
-17091
-6603
-17403
-6635
-17563
-6547
-17915
-6635
-18147
-6635
-18331
-6627
-18571
-6507
-18811
-6851
93
-6875
-123
-6859
-315
-6867
-595
-6859
-771
-6851
-1115
-6851
-1307
-6819
-1531
-6843
-1763
-6867
-2067
-6835
-2299
-6835
-2523
-6771
-2707
-6787
-2947
-6843
-3243
-6851
-3507
-6843
-3715
-6843
-3867
-6803
-4235
-6811
-4347
-6843
-4675
-6819
-4867
-6771
-5075
-6819
-5435
-6835
-5635
-6763
-5803
-6755
-6115
-6875
-6291
-6795
-6555
-6771
-6851
-6819
-7035
-6787
-7243
-6819
-7483
-6859
-7771
-6851
-8027
-6787
-8187
-6859
-8467
-6859
-8683
-6787
-8915
-6771
-9259
-6787
-9387
-6851
-9643
-6859
-9899
-6795
-10187
-6859
-10387
-6867
-10667
-6859
-10827
-6779
-11083
-6803
-11427
-6795
-11587
-6755
-11875
-6747
-12107
-6763
-12355
-6859
-12587
-6827
-12763
-6803
-13051
-6875
-13339
-6859
-13483
-6755
-13771
-6747
-14043
-6827
-14283
-6787
-14515
-6867
-14755
-6875
-14915
-6851
-15187
-6795
-15411
-6875
-15675
-6851
-15875
-6795
-16179
-6875
-16435
-6819
-16611
-6811
-16859
-6835
-17123
-6819
-17371
-6867
-17675
-6787
-17867
-6787
-18107
-6875
-18387
-6779
-18507
-6755
-18835
-7115
85
-7051
-75
-7107
-371
-7075
-595
-7051
-851
-6987
-1099
-7099
-1267
-7107
-1587
-7091
-1811
-7091
-2067
-7011
-2275
-7099
-2435
-7035
-2795
-7099
-3035
-7083
-3187
-7019
-3459
-7019
-3715
-7011
-3907
-7115
-4219
-7115
-4347
-7067
-4595
-7059
-4835
-7027
-5139
-7043
-5347
-7091
-5555
-7099
-5787
-7051
-6083
-7091
-6323
-7059
-6531
-7027
-6779
-7099
-7019
-7107
-7251
-6995
-7571
-7083
-7755
-7019
-8067
-7115
-8299
-7099
-8531
-7099
-8739
-7003
-8963
-7043
-9195
-7091
-9443
-7067
-9659
-7011
-9931
-7083
-10115
-7107
-10443
-7027
-10683
-7011
-10955
-7099
-11155
-7067
-11435
-7107
-11643
-7067
-11867
-7035
-12043
-7051
-12379
-7107
-12531
-7107
-12747
-7091
-13067
-7107
-13307
-7091
-13483
-7067
-13779
-7035
-13995
-7043
-14251
-7051
-14499
-7011
-14723
-7115
-14987
-7083
-15179
-7107
-15419
-7075
-15739
-7115
-15971
-7083
-16203
-7051
-16451
-7043
-16587
-7043
-16939
-7099
-17179
-7059
-17403
-7075
-17667
-7075
-17907
-7115
-18027
-6995
-18379
-7115
-18523
-7027
-18875
-7323
93
-7275
-75
-7283
-291
-7251
-619
-7275
-803
-7275
-1083
-7275
-1259
-7323
-1515
-7315
-1811
-7323
-2019
-7355
-2299
-7291
-2539
-7315
-2771
-7259
-2907
-7339
-3187
-7299
-3443
-7347
-3699
-7355
-3867
-7323
-4211
-7323
-4443
-7331
-4643
-7235
-4955
-7347
-5195
-7283
-5347
-7283
-5571
-7299
-5859
-7347
-6075
-7339
-6299
-7355
-6539
-7315
-6787
-7267
-7075
-7347
-7347
-7275
-7571
-7275
-7795
-7299
-8011
-7291
-8243
-7307
-8443
-7347
-8787
-7307
-9019
-7331
-9219
-7347
-9435
-7315
-9723
-7291
-9979
-7291
-10163
-7331
-10371
-7283
-10635
-7339
-10923
-7355
-11163
-7243
-11419
-7299
-11579
-7243
-11843
-7355
-12043
-7267
-12339
-7307
-12555
-7243
-12755
-7339
-13027
-7291
-13235
-7307
-13555
-7251
-13787
-7243
-14035
-7291
-14275
-7307
-14467
-7315
-14699
-7307
-15011
-7339
-15187
-7307
-15475
-7235
-15651
-7291
-15963
-7355
-16203
-7267
-16427
-7259
-16683
-7259
-16923
-7323
-17099
-7331
-17331
-7347
-17571
-7267
-17851
-7307
-18123
-7283
-18299
-7355
-18579
-7339
-18835
-7523
125
-7571
-83
-7491
-347
-7515
-523
-7579
-859
-7467
-1003
-7507
-1259
-7483
-1571
-7579
-1795
-7515
-2075
-7579
-2275
-7555
-2451
-7555
-2787
-7467
-2939
-7595
-3171
-7547
-3515
-7587
-3627
-7467
-3939
-7579
-4235
-7507
-4379
-7555
-4683
-7483
-4915
-7507
-5091
-7483
-5379
-7475
-5635
-7595
-5803
-7523
-6075
-7563
-6267
-7523
-6547
-7539
-6787
-7531
-7035
-7563
-7355
-7499
-7547
-7475
-7739
-7507
-7971
-7539
-8243
-7587
-8547
-7595
-8779
-7555
-8907
-7555
-9227
-7587
-9507
-7579
-9675
-7491
-9971
-7507
-10203
-7555
-10403
-7499
-10619
-7587
-10891
-7563
-11187
-7587
-11435
-7579
-11563
-7507
-11819
-7587
-12139
-7499
-12355
-7491
-12523
-7571
-12779
-7579
-13059
-7507
-13331
-7595
-13491
-7515
-13755
-7571
-13979
-7547
-14227
-7499
-14459
-7579
-14747
-7587
-15003
-7547
-15219
-7587
-15459
-7539
-15643
-7483
-15963
-7515
-16227
-7587
-16451
-7555
-16635
-7587
-16915
-7483
-17171
-7475
-17395
-7475
-17619
-7571
-17795
-7563
-18107
-7475
-18291
-7507
-18627
-7507
-18875
-7763
93
-7731
-59
-7795
-387
-7731
-515
-7827
-779
-7715
-1043
-7787
-1243
-7747
-1475
-7715
-1747
-7803
-1955
-7779
-2259
-7787
-2539
-7811
-2779
-7787
-2939
-7795
-3243
-7739
-3435
-7707
-3635
-7731
-3939
-7739
-4131
-7827
-4355
-7795
-4651
-7715
-4947
-7835
-5187
-7787
-5387
-7787
-5555
-7755
-5827
-7739
-6083
-7803
-6299
-7747
-6555
-7835
-6835
-7803
-7091
-7763
-7315
-7811
-7531
-7787
-7763
-7803
-7987
-7819
-8291
-7763
-8523
-7771
-8691
-7835
-8955
-7803
-9267
-7819
-9475
-7771
-9635
-7731
-9899
-7811
-10179
-7795
-10475
-7835
-10715
-7771
-10955
-7771
-11147
-7835
-11371
-7715
-11627
-7811
-11803
-7707
-12131
-7819
-12395
-7787
-12595
-7819
-12819
-7787
-13099
-7707
-13339
-7787
-13547
-7795
-13715
-7827
-14059
-7747
-14219
-7787
-14459
-7771
-14763
-7723
-15019
-7811
-15211
-7835
-15419
-7795
-15691
-7771
-15947
-7803
-16211
-7763
-16347
-7803
-16691
-7787
-16867
-7739
-17083
-7731
-17339
-7835
-17643
-7723
-17843
-7763
-18123
-7715
-18395
-7779
-18579
-7771
-18835
-8051
109
-8043
-51
-8059
-355
-8043
-563
-8059
-763
-8067
-1051
-8075
-1251
-8027
-1587
-7963
-1795
-8027
-1963
-7971
-2227
-8051
-2459
-8067
-2771
-8043
-2987
-8067
-3275
-8067
-3419
-8075
-3635
-8027
-3987
-8011
-4147
-8051
-4371
-7955
-4587
-8027
-4923
-8035
-5187
-8003
-5315
-7947
-5595
-8035
-5883
-7979
-6035
-8019
-6347
-7995
-6587
-8075
-6827
-8019
-6995
-8059
-7347
-8011
-7539
-8043
-7827
-8043
-7995
-8067
-8275
-8011
-8507
-7955
-8699
-7995
-8915
-8075
-9163
-8067
-9459
-8019
-9755
-8067
-9899
-7963
-10235
-7995
-10395
-7963
-10715
-7971
-10835
-8003
-11075
-8003
-11307
-7971
-11563
-8027
-11819
-7955
-12107
-7995
-12387
-8035
-12555
-7971
-12755
-8019
-13059
-8027
-13259
-8019
-13507
-8043
-13811
-8051
-13979
-8051
-14299
-8075
-14547
-7955
-14755
-7963
-14971
-8019
-15147
-7963
-15395
-7963
-15747
-7995
-15883
-8059
-16195
-7971
-16443
-7987
-16715
-8027
-16883
-7995
-17123
-7987
-17395
-7971
-17611
-8075
-17827
-7963
-18091
-8051
-18283
-7963
-18611
-7971
-18827
-8275
133
-8315
-51
-8291
-339
-8259
-611
-8267
-867
-8267
-1067
-8251
-1227
-8259
-1539
-8299
-1779
-8267
-1947
-8315
-2187
-8243
-2475
-8243
-2795
-8299
-3027
-8315
-3147
-8307
-3459
-8275
-3715
-8275
-3987
-8307
-4107
-8275
-4475
-8275
-4635
-8291
-4907
-8283
-5083
-8251
-5307
-8291
-5675
-8195
-5795
-8243
-6147
-8307
-6275
-8283
-6571
-8291
-6795
-8219
-7003
-8251
-7275
-8195
-7475
-8275
-7739
-8275
-8051
-8307
-8283
-8291
-8427
-8299
-8739
-8259
-8907
-8243
-9267
-8227
-9395
-8235
-9707
-8275
-9883
-8291
-10123
-8187
-10387
-8307
-10659
-8235
-10955
-8291
-11099
-8291
-11355
-8219
-11667
-8283
-11795
-8307
-12051
-8315
-12283
-8315
-12571
-8259
-12763
-8299
-13043
-8267
-13315
-8211
-13547
-8307
-13835
-8259
-14019
-8283
-14267
-8211
-14475
-8211
-14731
-8315
-14923
-8299
-15195
-8235
-15443
-8259
-15651
-8211
-15939
-8291
-16179
-8235
-16475
-8259
-16643
-8291
-16835
-8243
-17075
-8307
-17371
-8211
-17595
-8315
-17795
-8243
-18155
-8251
-18379
-8251
-18635
-8187
-18867
-8515
93
-8531
-27
-8555
-387
-8475
-531
-8491
-779
-8483
-1003
-8547
-1259
-8507
-1587
-8483
-1827
-8475
-1987
-8555
-2251
-8507
-2427
-8515
-2691
-8515
-3035
-8491
-3227
-8483
-3507
-8507
-3635
-8515
-3899
-8555
-4171
-8515
-4387
-8547
-4715
-8507
-4907
-8515
-5107
-8459
-5371
-8555
-5651
-8467
-5787
-8491
-6035
-8555
-6283
-8475
-6563
-8499
-6811
-8531
-7011
-8555
-7283
-8547
-7467
-8531
-7771
-8555
-7979
-8507
-8187
-8547
-8443
-8539
-8691
-8523
-8923
-8547
-9195
-8435
-9467
-8507
-9627
-8435
-9915
-8555
-10195
-8475
-10427
-8515
-10635
-8531
-10939
-8467
-11099
-8523
-11395
-8435
-11587
-8467
-11795
-8539
-12075
-8491
-12371
-8555
-12563
-8555
-12835
-8467
-13099
-8531
-13275
-8555
-13475
-8435
-13763
-8547
-14035
-8491
-14259
-8467
-14467
-8507
-14739
-8467
-14955
-8507
-15275
-8515
-15411
-8451
-15643
-8427
-15883
-8507
-16211
-8467
-16427
-8515
-16667
-8507
-16899
-8539
-17091
-8531
-17435
-8483
-17675
-8539
-17851
-8539
-18059
-8467
-18379
-8491
-18515
-8555
-18867
-8771
109
-8707
-67
-8795
-379
-8675
-547
-8763
-827
-8707
-987
-8787
-1259
-8779
-1595
-8787
-1835
-8795
-2035
-8723
-2235
-8787
-2435
-8739
-2683
-8675
-2963
-8755
-3203
-8771
-3515
-8667
-3659
-8747
-3883
-8771
-4195
-8723
-4395
-8675
-4715
-8779
-4899
-8707
-5075
-8795
-5387
-8787
-5651
-8795
-5859
-8779
-6131
-8795
-6299
-8787
-6627
-8795
-6859
-8747
-7059
-8667
-7331
-8771
-7587
-8707
-7747
-8707
-7947
-8779
-8243
-8779
-8499
-8731
-8747
-8747
-8939
-8731
-9187
-8755
-9419
-8715
-9755
-8691
-9907
-8755
-10107
-8715
-10419
-8707
-10691
-8787
-10867
-8723
-11123
-8731
-11315
-8723
-11555
-8795
-11819
-8755
-12147
-8715
-12299
-8723
-12523
-8795
-12787
-8731
-13115
-8699
-13259
-8755
-13595
-8691
-13739
-8675
-14067
-8763
-14307
-8787
-14483
-8763
-14763
-8739
-15019
-8667
-15163
-8755
-15387
-8731
-15627
-8787
-15907
-8715
-16227
-8747
-16411
-8779
-16659
-8731
-16835
-8667
-17123
-8747
-17323
-8747
-17627
-8771
-17795
-8739
-18035
-8787
-18379
-8723
-18587
-8771
-18835
-9019
125
-9027
-147
-8987
-315
-8907
-635
-8955
-827
-8963
-1067
-9019
-1299
-8987
-1531
-8995
-1803
-8963
-1955
-9003
-2227
-8907
-2531
-8947
-2755
-9003
-2931
-8955
-3203
-9003
-3451
-8955
-3627
-8955
-3875
-9011
-4107
-8947
-4427
-8939
-4627
-8939
-4947
-8955
-5091
-9027
-5323
-8963
-5643
-8995
-5835
-9027
-6123
-9003
-6291
-9035
-6603
-8955
-6787
-8987
-7115
-9003
-7267
-8971
-7571
-8963
-7779
-9035
-8027
-8947
-8219
-8915
-8435
-8987
-8755
-8955
-8915
-9011
-9227
-9003
-9387
-8955
-9667
-9035
-9963
-9027
-10227
-8931
-10355
-9003
-10659
-8963
-10851
-8995
-11123
-8987
-11355
-8971
-11579
-9035
-11851
-9003
-12091
-8971
-12315
-9011
-12531
-8939
-12875
-9011
-13019
-9003
-13235
-9019
-13491
-9011
-13723
-8971
-13979
-8971
-14211
-8995
-14531
-9027
-14715
-9011
-14963
-9003
-15275
-8947
-15427
-8939
-15667
-8955
-15883
-8955
-16187
-8963
-16459
-8995
-16691
-8915
-16867
-8955
-17195
-8931
-17435
-9019
-17579
-8995
-17883
-8971
-18051
-9035
-18267
-8923
-18611
-8987
-18851
-9275
101
-9187
-83
-9179
-323
-9235
-531
-9243
-779
-9267
-1075
-9259
-1355
-9259
-1547
-9259
-1731
-9235
-2019
-9203
-2195
-9171
-2459
-9251
-2787
-9243
-2947
-9243
-3227
-9227
-3435
-9275
-3699
-9267
-3987
-9155
-4155
-9147
-4403
-9267
-4707
-9163
-4843
-9203
-5179
-9267
-5323
-9267
-5611
-9243
-5907
-9219
-6067
-9195
-6355
-9235
-6619
-9195
-6827
-9275
-7019
-9203
-7299
-9267
-7507
-9267
-7715
-9203
-8019
-9227
-8267
-9275
-8507
-9235
-8763
-9155
-8963
-9243
-9195
-9259
-9499
-9259
-9675
-9203
-9931
-9275
-10203
-9267
-10419
-9251
-10603
-9243
-10947
-9267
-11123
-9243
-11331
-9251
-11595
-9251
-11819
-9155
-12139
-9267
-12323
-9275
-12571
-9211
-12795
-9259
-13099
-9203
-13291
-9243
-13491
-9219
-13723
-9147
-14067
-9219
-14211
-9275
-14475
-9251
-14763
-9243
-15019
-9195
-15267
-9259
-15395
-9155
-15683
-9171
-15987
-9171
-16139
-9267
-16435
-9203
-16635
-9195
-16939
-9259
-17083
-9267
-17355
-9211
-17579
-9251
-17795
-9259
-18043
-9219
-18339
-9259
-18595
-9243
-18867
-9467
117
-9491
-131
-9507
-379
-9475
-531
-9467
-843
-9459
-1051
-9507
-1355
-9395
-1587
-9483
-1723
-9419
-2067
-9411
-2259
-9483
-2451
-9475
-2747
-9459
-3011
-9507
-3235
-9467
-3515
-9411
-3643
-9491
-3923
-9491
-4131
-9395
-4451
-9515
-4659
-9483
-4931
-9499
-5171
-9387
-5363
-9443
-5667
-9395
-5859
-9515
-6043
-9475
-6315
-9515
-6531
-9411
-6851
-9411
-7091
-9515
-7355
-9515
-7515
-9459
-7803
-9395
-8035
-9507
-8187
-9387
-8515
-9515
-8739
-9499
-8979
-9475
-9243
-9387
-9435
-9491
-9747
-9459
-9915
-9475
-10219
-9475
-10475
-9451
-10667
-9467
-10859
-9467
-11131
-9451
-11379
-9427
-11651
-9435
-11899
-9475
-12147
-9443
-12347
-9499
-12587
-9459
-12771
-9491
-13003
-9483
-13251
-9459
-13523
-9411
-13755
-9507
-13955
-9499
-14235
-9475
-14459
-9443
-14739
-9491
-15035
-9475
-15243
-9403
-15451
-9507
-15747
-9419
-15979
-9395
-16147
-9467
-16435
-9491
-16611
-9395
-16851
-9443
-17147
-9507
-17331
-9467
-17547
-9411
-17787
-9419
-18131
-9499
-18339
-9515
-18627
-9515
-18851
-9739
149
-9731
-107
-9731
-323
-9739
-531
-9739
-763
-9627
-1083
-9659
-1307
-9683
-1491
-9651
-1723
-9723
-2075
-9667
-2235
-9643
-2467
-9667
-2787
-9739
-2987
-9715
-3267
-9747
-3507
-9691
-3731
-9699
-3955
-9755
-4203
-9731
-4363
-9667
-4675
-9651
-4875
-9715
-5139
-9707
-5363
-9699
-5659
-9707
-5835
-9659
-6075
-9747
-6331
-9715
-6507
-9707
-6843
-9683
-7059
-9747
-7259
-9755
-7571
-9643
-7763
-9627
-7987
-9731
-8235
-9707
-8531
-9755
-8707
-9723
-8931
-9675
-9155
-9739
-9443
-9675
-9667
-9747
-9875
-9667
-10139
-9755
-10459
-9707
-10707
-9635
-10899
-9747
-11139
-9667
-11307
-9747
-11667
-9739
-11803
-9651
-12131
-9707
-12339
-9667
-12627
-9707
-12827
-9683
-13083
-9699
-13267
-9643
-13515
-9715
-13771
-9747
-14035
-9667
-14251
-9659
-14459
-9723
-14675
-9731
-14947
-9715
-15155
-9747
-15411
-9659
-15723
-9755
-15963
-9755
-16179
-9651
-16387
-9699
-16587
-9651
-16907
-9675
-17067
-9755
-17323
-9699
-17579
-9755
-17795
-9755
-18035
-9707
-18355
-9691
-18587
-9691
-18811
-9907
117
-9939
-147
-9939
-379
-9939
-603
-9947
-827
-9971
-1083
-9955
-1355
-9979
-1595
-9883
-1811
-9907
-2043
-9947
-2251
-9963
-2547
-9947
-2739
-9939
-3019
-9987
-3155
-9923
-3515
-9899
-3643
-9923
-3939
-9971
-4187
-9923
-4347
-9883
-4715
-9923
-4915
-9867
-5083
-9931
-5403
-9915
-5587
-9875
-5875
-9987
-6067
-9971
-6339
-9931
-6627
-9987
-6771
-9939
-7107
-9899
-7299
-9971
-7571
-9891
-7771
-9939
-8019
-9955
-8315
-9979
-8491
-9947
-8755
-9987
-8987
-9971
-9203
-9931
-9491
-9971
-9707
-9939
-9995
-9915
-10227
-9995
-10419
-9963
-10595
-9987
-10827
-9971
-11147
-9923
-11307
-9995
-11627
-9931
-11907
-9899
-12035
-9963
-12307
-9939
-12611
-9971
-12755
-9947
-13067
-9947
-13275
-9939
-13539
-9955
-13819
-9875
-13955
-9987
-14203
-9915
-14427
-9931
-14723
-9979
-14931
-9947
-15195
-9875
-15443
-9963
-15723
-9987
-15891
-9971
-16219
-9979
-16363
-9923
-16587
-9947
-16883
-9995
-17083
-9979
-17395
-9971
-17547
-9883
-17875
-9995
-18139
-9939
-18363
-9979
-18515
-9931
-18875
-10203
93
-10163
-139
-10155
-307
-10235
-595
-10227
-811
-10179
-987
-10227
-1315
-10235
-1467
-10139
-1787
-10219
-1995
-10235
-2283
-10179
-2515
-10155
-2755
-10203
-2907
-10195
-3187
-10131
-3475
-10123
-3659
-10131
-3875
-10235
-4115
-10115
-4363
-10187
-4635
-10179
-4931
-10171
-5099
-10131
-5403
-10219
-5667
-10131
-5827
-10203
-6027
-10203
-6323
-10227
-6515
-10219
-6875
-10235
-7019
-10211
-7299
-10203
-7491
-10211
-7795
-10123
-7979
-10179
-8219
-10203
-8475
-10219
-8691
-10171
-9011
-10195
-9211
-10235
-9499
-10187
-9675
-10211
-9907
-10203
-10115
-10163
-10427
-10235
-10715
-10147
-10891
-10179
-11187
-10235
-11427
-10187
-11547
-10195
-11803
-10115
-12075
-10203
-12339
-10187
-12515
-10123
-12771
-10171
-13059
-10163
-13331
-10147
-13539
-10179
-13779
-10211
-13979
-10203
-14187
-10235
-14483
-10235
-14747
-10123
-14939
-10235
-15187
-10235
-15515
-10171
-15707
-10195
-15923
-10219
-16123
-10179
-16355
-10203
-16619
-10147
-16955
-10227
-17187
-10107
-17411
-10211
-17579
-10203
-17827
-10195
-18059
-10235
-18395
-10171
-18635
-10131
-18835
-10475
93
-10419
-123
-10467
-387
-10475
-531
-10435
-827
-10475
-1059
-10467
-1339
-10459
-1571
-10459
-1715
-10411
-2051
-10451
-2203
-10411
-2491
-10419
-2691
-10467
-2907
-10411
-3251
-10467
-3483
-10411
-3715
-10451
-3883
-10435
-4171
-10467
-4419
-10451
-4587
-10419
-4923
-10411
-5155
-10467
-5355
-10435
-5635
-10467
-5819
-10419
-6091
-10451
-6267
-10411
-6619
-10467
-6859
-10459
-7115
-10435
-7259
-10451
-7483
-10459
-7707
-10467
-7971
-10435
-8299
-10451
-8515
-10411
-8731
-10459
-8955
-10467
-9259
-10475
-9387
-10467
-9659
-10459
-9939
-10411
-10107
-10475
-10475
-10451
-10619
-10451
-10843
-10475
-11155
-10427
-11427
-10435
-11587
-10427
-11867
-10435
-12083
-10435
-12275
-10475
-12563
-10459
-12755
-10467
-13059
-10411
-13251
-10435
-13547
-10467
-13835
-10435
-13979
-10459
-14259
-10459
-14443
-10459
-14755
-10443
-14939
-10451
-15163
-10467
-15451
-10459
-15659
-10467
-15995
-10451
-16163
-10459
-16435
-10451
-16691
-10443
-16843
-10467
-17187
-10411
-17339
-10459
-17643
-10411
-17787
-10475
-18051
-10419
-18363
-10467
-18531
-10411
-18867
