109
480
145
-119
128
-319
233
-605
124
-767
195
-1018
173
-1215
241
-1529
606
-1749
522
-1969
220
-2171
139
-2489
269
-2739
315
-2955
579
-3161
227
-3433
327
-3647
143
-3959
221
-4227
145
-4401
137
-4683
109
-4871
117
-5175
85
-5423
101
-5571
85
-5819
149
-6103
85
-6307
85
-6547
85
-6751
117
-7083
109
-7323
141
-7507
117
-7735
93
-8035
117
-8179
133
-8475
125
-8683
109
-8947
93
-9143
117
-9411
149
-9707
109
-9939
125
-10171
101
-10459
101
-10691
85
-10915
117
-11171
93
-11387
125
-11563
141
-11899
93
-12107
141
-12379
109
-12611
133
-12771
125
-12995
133
-13347
85
-13491
125
-13771
133
-14075
93
-14235
117
-14539
85
-14675
85
-14963
133
-15211
117
-15387
85
-15667
141
-15923
101
-16203
93
-16411
93
-16643
141
-16859
117
-17139
125
-17371
117
-17611
85
-17867
85
-18083
125
-18323
141
-18603
141
-18819
-115
997
-126
-109
-111
-357
-71
-585
-90
-817
-112
-989
-97
-1276
-65
-1463
-25
-1822
-53
-1960
-118
-2254
-137
-2451
-67
-2671
-9
-3007
-27
-3213
-101
-3447
-147
-3683
-83
-3947
-67
-4149
-135
-4375
-111
-4673
-111
-4859
-79
-5123
-7
-5319
-135
-5651
-139
-5835
-15
-6095
-23
-6395
-55
-6599
-51
-6819
-47
-7039
-123
-7331
-87
-7447
-131
-7731
-27
-7927
-79
-8255
-135
-8415
-135
-8715
-119
-8991
-79
-9131
-47
-9439
-35
-9667
-75
-9923
-147
-10115
-123
-10451
-51
-10627
-123
-10955
-99
-11139
-139
-11427
-131
-11603
-35
-11843
-83
-12147
-147
-12387
-59
-12555
-139
-12771
-115
-13099
-115
-13347
-139
-13579
-107
-13803
-67
-14035
-123
-14283
-139
-14523
-99
-14795
-51
-14955
-83
-15203
-59
-15475
-131
-15651
-99
-15987
-123
-16187
-75
-16395
-155
-16619
-51
-16955
-67
-17147
-131
-17307
-139
-17595
-147
-17795
-131
-18099
-139
-18331
-139
-18563
-51
-18827
-367
1124
-360
-111
-301
-271
-345
-497
-262
-850
-299
-1049
-331
-1287
-371
-1474
-265
-1723
-374
-1930
-273
-2309
-319
-2451
-313
-2767
-343
-2923
-289
-3173
-293
-3459
-351
-3649
-355
-3857
-313
-4099
-363
-4309
-377
-4593
-379
-4851
-355
-5087
-371
-5435
-359
-5567
-375
-5855
-307
-6127
-359
-6343
-323
-6583
-267
-6799
-299
-6987
-331
-7323
-299
-7479
-347
-7751
-331
-7987
-375
-8299
-323
-8447
-387
-8755
-271
-8907
-363
-9159
-343
-9387
-291
-9731
-347
-9923
-355
-10107
-291
-10395
-395
-10707
-299
-10947
-315
-11195
-275
-11331
-291
-11587
-371
-11867
-339
-12099
-339
-12395
-275
-12579
-323
-12819
-347
-13067
-267
-13299
-323
-13587
-379
-13763
-387
-13987
-355
-14243
-395
-14555
-331
-14787
-355
-15003
-307
-15203
-331
-15451
-275
-15707
-275
-15931
-379
-16187
-283
-16371
-331
-16667
-315
-16867
-347
-17131
-395
-17331
-355
-17587
-307
-17827
-379
-18075
-307
-18331
-355
-18531
-355
-18875
-519
1139
-575
-78
-596
-365
-539
-531
-501
-845
-585
-1074
-607
-1232
-517
-1566
-588
-1791
-573
-2054
-559
-2184
-537
-2533
-531
-2687
-499
-2887
-551
-3213
-541
-3431
-619
-3707
-551
-3941
-487
-4121
-587
-4409
-591
-4623
-611
-4831
-591
-5095
-539
-5411
-591
-5543
-567
-5839
-611
-6135
-623
-6291
-591
-6495
-579
-6739
-547
-7039
-595
-7311
-539
-7475
-527
-7727
-619
-8047
-615
-8299
-559
-8487
-591
-8687
-599
-8891
-599
-9175
-535
-9419
-627
-9747
-587
-9979
-611
-10203
-547
-10459
-547
-10691
-611
-10891
-635
-11123
-579
-11419
-627
-11563
-611
-11907
-627
-12059
-627
-12395
-579
-12595
-515
-12779
-523
-13059
-603
-13355
-611
-13475
-627
-13827
-531
-14051
-627
-14315
-547
-14451
-531
-14739
-579
-14915
-579
-15195
-531
-15443
-579
-15723
-595
-15971
-507
-16235
-587
-16395
-595
-16603
-531
-16851
-539
-17179
-619
-17315
-619
-17555
-539
-17811
-619
-18139
-619
-18379
-611
-18595
-603
-18859
-855
577
-832
-65
-840
-337
-761
-574
-831
-726
-829
-980
-742
-1252
-844
-1579
-822
-1797
-737
-1922
-830
-2190
-827
-2421
-813
-2739
-851
-2925
-791
-3215
-835
-3385
-751
-3617
-831
-3963
-855
-4111
-869
-4431
-755
-4619
-767
-4899
-859
-5119
-863
-5299
-775
-5631
-783
-5815
-767
-6079
-851
-6307
-867
-6515
-787
-6799
-763
-7063
-807
-7235
-755
-7587
-819
-7783
-755
-7995
-871
-8195
-819
-8475
-827
-8695
-811
-8991
-843
-9143
-823
-9467
-779
-9723
-875
-9939
-755
-10115
-851
-10459
-803
-10699
-787
-10859
-819
-11139
-803
-11387
-867
-11619
-851
-11859
-851
-12027
-851
-12387
-827
-12627
-803
-12787
-835
-13051
-811
-13227
-755
-13539
-851
-13803
-771
-14043
-811
-14315
-803
-14499
-835
-14747
-787
-14907
-859
-15243
-771
-15467
-851
-15659
-835
-15955
-859
-16155
-755
-16419
-835
-16651
-819
-16931
-875
-17083
-827
-17379
-827
-17611
-835
-17827
-867
-18027
-819
-18331
-859
-18563
-843
-18827
-1059
2182
-974
-115
-1030
-334
-1092
-490
-1055
-793
-1107
-1021
-1045
-1223
-1034
-1477
-1093
-1773
-1100
-1925
-995
-2168
-1075
-2529
-1013
-2749
-987
-2955
-1069
-3239
-1083
-3451
-1043
-3737
-983
-3963
-1089
-4163
-1019
-4397
-1107
-4689
-967
-4939
-1039
-5067
-1083
-5399
-1015
-5571
-1011
-5831
-1027
-6079
-1039
-6307
-1075
-6559
-1011
-6851
-1059
-7051
-1099
-7315
-991
-7515
-1063
-7751
-991
-7979
-1063
-8271
-1003
-8455
-1055
-8675
-1043
-8939
-1059
-9143
-999
-9411
-1003
-9707
-1011
-9931
-1051
-10227
-1027
-10443
-1091
-10715
-1051
-10883
-1043
-11115
-1043
-11387
-1003
-11547
-1075
-11795
-1011
-12131
-1099
-12371
-1027
-12523
-995
-12771
-995
-13019
-1075
-13307
-1107
-13499
-1027
-13723
-1059
-14027
-1075
-14187
-1107
-14547
-1035
-14787
-987
-14987
-1051
-15163
-1011
-15475
-1011
-15739
-1091
-15931
-1075
-16227
-1011
-16355
-1107
-16699
-1107
-16891
-987
-17091
-1051
-17339
-1011
-17635
-1051
-17899
-1075
-18147
-1091
-18275
-1059
-18635
-1003
-18875
-1331
1189
-1247
-43
-1265
-349
-1218
-577
-1238
-766
-1237
-1035
-1245
-1337
-1339
-1481
-1333
-1791
-1280
-2027
-1319
-2267
-1263
-2509
-1223
-2689
-1239
-3007
-1309
-3123
-1337
-3487
-1291
-3697
-1343
-3951
-1343
-4123
-1239
-4403
-1303
-4631
-1267
-4843
-1311
-5123
-1251
-5415
-1299
-5651
-1223
-5875
-1351
-6087
-1251
-6271
-1267
-6575
-1255
-6799
-1323
-6995
-1331
-7267
-1207
-7471
-1259
-7811
-1239
-7943
-1327
-8235
-1279
-8459
-1251
-8715
-1335
-8963
-1235
-9135
-1335
-9395
-1299
-9659
-1299
-9995
-1339
-10171
-1339
-10427
-1331
-10603
-1355
-10939
-1243
-11099
-1315
-11371
-1283
-11635
-1299
-11811
-1235
-12035
-1283
-12307
-1307
-12571
-1259
-12875
-1315
-12995
-1315
-13331
-1355
-13555
-1315
-13795
-1283
-13987
-1339
-14283
-1315
-14539
-1267
-14747
-1267
-15027
-1235
-15179
-1251
-15387
-1355
-15683
-1283
-15931
-1283
-16115
-1347
-16443
-1339
-16683
-1235
-16875
-1315
-17075
-1235
-17363
-1259
-17603
-1347
-17899
-1251
-18147
-1267
-18371
-1355
-18539
-1243
-18843
-1579
275
-1491
-25
-1455
-307
-1569
-541
-1547
-827
-1583
-1083
-1479
-1221
-1537
-1551
-1447
-1695
-1491
-2025
-1493
-2259
-1565
-2447
-1501
-2751
-1569
-2931
-1555
-3231
-1585
-3421
-1433
-3617
-1527
-3875
-1563
-4091
-1545
-4339
-1553
-4673
-1563
-4907
-1587
-5123
-1587
-5303
-1571
-5559
-1519
-5875
-1563
-6043
-1451
-6299
-1543
-6627
-1563
-6787
-1447
-7071
-1503
-7227
-1515
-7551
-1511
-7791
-1567
-7939
-1555
-8163
-1539
-8503
-1467
-8771
-1579
-8903
-1523
-9235
-1571
-9475
-1475
-9683
-1579
-9875
-1563
-10171
-1467
-10371
-1531
-10587
-1531
-10955
-1491
-11163
-1595
-11403
-1475
-11659
-1467
-11907
-1475
-12107
-1539
-12371
-1539
-12547
-1507
-12747
-1539
-13107
-1523
-13267
-1555
-13499
-1571
-13723
-1587
-14027
-1571
-14251
-1587
-14491
-1555
-14723
-1563
-15027
-1547
-15243
-1563
-15403
-1523
-15683
-1563
-15923
-1515
-16211
-1579
-16475
-1491
-16603
-1579
-16875
-1595
-17195
-1587
-17395
-1523
-17587
-1571
-17803
-1499
-18059
-1595
-18323
-1563
-18571
-1475
-18835
-1795
1179
-1815
-41
-1765
-385
-1743
-571
-1793
-751
-1795
-1027
-1677
-1197
-1717
-1565
-1779
-1697
-1699
-1923
-1773
-2221
-1705
-2525
-1693
-2697
-1727
-2947
-1781
-3143
-1737
-3355
-1707
-3659
-1755
-3941
-1733
-4103
-1811
-4337
-1811
-4693
-1819
-4907
-1791
-5115
-1755
-5299
-1771
-5623
-1763
-5911
-1739
-6023
-1771
-6347
-1823
-6499
-1751
-6731
-1819
-7079
-1743
-7331
-1791
-7519
-1747
-7779
-1803
-7963
-1771
-8219
-1811
-8495
-1739
-8659
-1795
-9007
-1715
-9207
-1771
-9463
-1819
-9731
-1795
-9883
-1819
-10187
-1803
-10467
-1763
-10683
-1835
-10875
-1835
-11131
-1779
-11435
-1747
-11651
-1803
-11835
-1755
-12115
-1811
-12299
-1795
-12515
-1835
-12819
-1835
-13115
-1827
-13355
-1827
-13571
-1755
-13715
-1723
-13971
-1763
-14243
-1827
-14523
-1731
-14787
-1779
-15011
-1707
-15243
-1715
-15483
-1707
-15723
-1763
-15867
-1787
-16147
-1755
-16347
-1755
-16595
-1819
-16851
-1763
-17067
-1787
-17435
-1731
-17619
-1819
-17835
-1827
-18155
-1779
-18299
-1779
-18539
-1707
-18827
-1991
1061
-1999
-15
-1981
-273
-1991
-585
-2061
-787
-1967
-975
-2055
-1299
-2011
-1551
-1963
-1697
-1931
-2041
-2043
-2281
-2031
-2469
-2043
-2637
-1967
-2989
-2043
-3237
-2021
-3391
-2011
-3659
-1995
-3989
-2063
-4107
-2015
-4463
-1995
-4659
-1995
-4843
-1959
-5163
-1999
-5303
-1999
-5607
-2067
-5855
-2015
-6007
-2019
-6347
-1987
-6563
-2039
-6831
-1947
-6959
-1967
-7331
-1999
-7503
-1999
-7723
-1963
-7931
-2071
-8251
-2027
-8539
-1943
-8675
-2015
-8923
-2075
-9247
-2063
-9407
-1963
-9739
-1987
-9939
-1987
-10155
-2027
-10419
-2003
-10659
-2027
-10923
-2003
-11155
-2043
-11339
-2035
-11627
-2035
-11867
-2059
-12099
-2043
-12339
-2059
-12507
-2027
-12835
-1955
-13107
-1955
-13235
-1987
-13539
-2051
-13747
-2051
-14003
-2059
-14219
-2019
-14491
-2035
-14795
-2059
-14971
-2027
-15267
-1971
-15499
-2011
-15715
-1963
-15963
-2035
-16163
-2075
-16443
-2003
-16707
-2003
-16955
-2067
-17123
-1971
-17411
-2059
-17571
-2059
-17875
-1971
-18131
-1971
-18339
-2019
-18555
-2003
-18859
-2251
143
-2289
-19
-2291
-283
-2183
-579
-2303
-729
-2295
-1045
-2207
-1275
-2289
-1559
-2235
-1691
-2163
-2053
-2269
-2189
-2267
-2477
-2249
-2763
-2229
-2875
-2267
-3195
-2247
-3475
-2305
-3675
-2203
-3927
-2235
-4151
-2223
-4447
-2221
-4595
-2215
-4899
-2263
-5123
-2223
-5363
-2267
-5611
-2263
-5823
-2267
-6031
-2283
-6355
-2267
-6499
-2219
-6843
-2287
-7003
-2235
-7215
-2179
-7499
-2167
-7743
-2255
-7955
-2291
-8283
-2263
-8419
-2211
-8659
-2263
-8891
-2159
-9239
-2187
-9463
-2259
-9747
-2251
-9947
-2203
-10139
-2251
-10387
-2275
-10699
-2291
-10907
-2243
-11179
-2243
-11323
-2315
-11651
-2259
-11907
-2219
-12091
-2219
-12371
-2187
-12531
-2219
-12803
-2315
-13107
-2283
-13259
-2291
-13587
-2211
-13787
-2291
-13963
-2227
-14299
-2251
-14523
-2259
-14763
-2195
-15027
-2227
-15155
-2267
-15395
-2275
-15699
-2267
-15979
-2227
-16203
-2211
-16355
-2275
-16635
-2259
-16843
-2299
-17115
-2291
-17347
-2307
-17547
-2275
-17819
-2291
-18107
-2243
-18355
-2219
-18515
-2219
-18867
-2551
165
-2523
-113
-2499
-283
-2505
-573
-2511
-749
-2527
-961
-2535
-1251
-2529
-1497
-2471
-1775
-2525
-1955
-2551
-2199
-2435
-2463
-2527
-2693
-2547
-2965
-2539
-3203
-2431
-3459
-2503
-3707
-2459
-3945
-2541
-4129
-2449
-4393
-2445
-4627
-2503
-4883
-2435
-5143
-2431
-5351
-2471
-5647
-2527
-5895
-2463
-6115
-2531
-6363
-2443
-6579
-2547
-6803
-2519
-6999
-2555
-7323
-2531
-7567
-2459
-7755
-2551
-7939
-2527
-8251
-2535
-8547
-2507
-8707
-2407
-8991
-2499
-9239
-2399
-9399
-2499
-9715
-2443
-9939
-2507
-10211
-2523
-10459
-2499
-10699
-2539
-10883
-2547
-11171
-2547
-11363
-2531
-11619
-2483
-11835
-2555
-12139
-2435
-12331
-2427
-12563
-2523
-12851
-2499
-13003
-2531
-13291
-2459
-13563
-2539
-13723
-2523
-14003
-2515
-14227
-2539
-14475
-2459
-14723
-2515
-15003
-2499
-15155
-2443
-15483
-2539
-15651
-2523
-15979
-2539
-16139
-2483
-16363
-2483
-16707
-2499
-16843
-2491
-17195
-2499
-17403
-2515
-17603
-2507
-17787
-2483
-18115
-2483
-18307
-2555
-18571
-2555
-18827
-2687
421
-2691
-83
-2687
-299
-2643
-515
-2723
-787
-2779
-1031
-2739
-1279
-2691
-1451
-2787
-1683
-2659
-1949
-2691
-2279
-2779
-2515
-2679
-2629
-2707
-2963
-2699
-3251
-2743
-3415
-2779
-3659
-2787
-3951
-2683
-4127
-2659
-4441
-2791
-4591
-2763
-4827
-2763
-5155
-2771
-5355
-2795
-5615
-2771
-5867
-2771
-6115
-2767
-6291
-2687
-6611
-2759
-6811
-2667
-7067
-2683
-7287
-2667
-7555
-2739
-7683
-2759
-8011
-2755
-8235
-2755
-8423
-2711
-8699
-2751
-8983
-2731
-9199
-2755
-9391
-2739
-9675
-2771
-9955
-2795
-10107
-2795
-10363
-2707
-10667
-2795
-10891
-2699
-11099
-2739
-11419
-2683
-11651
-2755
-11787
-2787
-12139
-2691
-12395
-2771
-12563
-2723
-12843
-2763
-13043
-2723
-13227
-2715
-13563
-2755
-13795
-2763
-14003
-2699
-14243
-2715
-14531
-2787
-14683
-2779
-14907
-2763
-15235
-2795
-15387
-2771
-15635
-2779
-15963
-2739
-16131
-2787
-16411
-2723
-16627
-2715
-16875
-2691
-17091
-2779
-17427
-2683
-17611
-2779
-17915
-2763
-18035
-2723
-18347
-2771
-18635
-2691
-18843
-2975
125
-2995
-91
-3007
-375
-2943
-575
-2939
-779
-2987
-971
-2971
-1239
-3011
-1483
-3027
-1803
-2903
-2059
-2967
-2251
-2923
-2439
-2927
-2759
-2939
-3011
-2943
-3151
-2947
-3411
-2983
-3719
-2943
-3991
-2903
-4171
-2879
-4355
-3003
-4671
-2895
-4887
-2939
-5043
-2963
-5303
-3011
-5555
-3003
-5815
-2991
-6139
-2923
-6387
-2979
-6503
-3023
-6831
-2979
-6975
-2963
-7255
-2967
-7551
-2995
-7775
-2991
-7975
-2947
-8179
-2895
-8419
-2987
-8751
-2991
-9031
-3003
-9251
-2907
-9459
-2995
-9747
-2963
-9955
-2995
-10115
-2907
-10419
-3027
-10635
-3019
-10891
-2931
-11171
-3027
-11379
-2915
-11547
-2995
-11795
-2955
-12155
-2939
-12307
-2987
-12587
-2923
-12803
-2979
-13075
-2995
-13291
-2979
-13483
-3035
-13787
-2955
-13963
-2995
-14251
-3019
-14555
-2963
-14755
-2947
-14923
-2947
-15203
-3027
-15507
-3035
-15627
-2931
-15939
-3011
-16203
-2907
-16347
-2947
-16659
-3027
-16931
-2979
-17115
-3027
-17435
-2979
-17643
-3011
-17795
-3011
-18131
-2963
-18315
-3019
-18515
-3027
-18867
-3239
109
-3171
-99
-3255
-335
-3219
-595
-3207
-715
-3139
-1043
-3235
-1231
-3155
-1523
-3203
-1775
-3163
-2007
-3155
-2187
-3163
-2547
-3227
-2775
-3187
-2975
-3275
-3235
-3239
-3455
-3215
-3723
-3243
-3891
-3207
-4123
-3247
-4323
-3155
-4627
-3259
-4847
-3251
-5063
-3175
-5311
-3215
-5551
-3179
-5915
-3151
-6019
-3195
-6235
-3195
-6511
-3127
-6775
-3243
-6955
-3231
-7319
-3231
-7547
-3251
-7807
-3147
-7963
-3211
-8263
-3255
-8515
-3227
-8715
-3223
-8891
-3263
-9179
-3259
-9439
-3235
-9739
-3275
-9867
-3267
-10123
-3267
-10467
-3259
-10611
-3195
-10851
-3251
-11075
-3219
-11419
-3147
-11651
-3155
-11891
-3251
-12051
-3235
-12315
-3211
-12547
-3187
-12811
-3275
-13035
-3227
-13299
-3251
-13571
-3227
-13715
-3171
-14011
-3147
-14299
-3227
-14435
-3259
-14755
-3163
-15035
-3155
-15251
-3179
-15475
-3203
-15635
-3235
-15987
-3235
-16195
-3203
-16403
-3147
-16627
-3195
-16907
-3219
-17067
-3163
-17315
-3195
-17635
-3235
-17827
-3251
-18155
-3219
-18363
-3227
-18515
-3259
-18819
-3475
149
-3499
-51
-3507
-315
-3471
-607
-3459
-727
-3427
-1075
-3491
-1319
-3423
-1595
-3387
-1799
-3375
-2071
-3487
-2243
-3403
-2415
-3495
-2695
-3423
-2987
-3479
-3171
-3503
-3483
-3403
-3679
-3399
-3871
-3435
-4179
-3491
-4367
-3459
-4707
-3459
-4935
-3491
-5067
-3427
-5275
-3415
-5599
-3499
-5871
-3383
-6083
-3399
-6363
-3491
-6603
-3459
-6859
-3427
-7027
-3387
-7255
-3363
-7555
-3447
-7759
-3495
-7931
-3439
-8255
-3395
-8527
-3475
-8667
-3499
-8975
-3439
-9207
-3435
-9387
-3451
-9643
-3459
-9875
-3387
-10147
-3491
-10363
-3443
-10603
-3419
-10915
-3483
-11075
-3499
-11315
-3515
-11579
-3427
-11835
-3395
-12075
-3411
-12307
-3411
-12627
-3499
-12811
-3419
-12987
-3435
-13355
-3499
-13467
-3475
-13835
-3403
-13971
-3515
-14203
-3491
-14451
-3467
-14715
-3483
-14931
-3499
-15243
-3475
-15491
-3491
-15755
-3475
-15963
-3483
-16115
-3491
-16347
-3483
-16627
-3451
-16955
-3491
-17083
-3411
-17347
-3475
-17659
-3459
-17803
-3443
-18027
-3435
-18347
-3499
-18523
-3395
-18835
-3647
133
-3655
-23
-3643
-291
-3679
-547
-3607
-839
-3731
-991
-3723
-1259
-3719
-1547
-3735
-1803
-3683
-2011
-3707
-2219
-3683
-2459
-3655
-2727
-3679
-3035
-3747
-3179
-3711
-3471
-3655
-3651
-3723
-3843
-3731
-4191
-3739
-4395
-3635
-4583
-3755
-4803
-3743
-5151
-3623
-5367
-3715
-5623
-3731
-5859
-3727
-6107
-3751
-6339
-3703
-6619
-3667
-6763
-3683
-6987
-3723
-7263
-3715
-7519
-3723
-7715
-3739
-7975
-3691
-8171
-3743
-8503
-3667
-8723
-3655
-8891
-3731
-9211
-3611
-9507
-3627
-9691
-3651
-9971
-3675
-10211
-3699
-10371
-3755
-10707
-3715
-10899
-3723
-11187
-3667
-11411
-3699
-11571
-3755
-11819
-3635
-12115
-3723
-12307
-3643
-12587
-3723
-12803
-3691
-13107
-3651
-13291
-3675
-13523
-3747
-13731
-3635
-14051
-3723
-14211
-3651
-14555
-3739
-14731
-3659
-14971
-3635
-15211
-3731
-15475
-3747
-15675
-3675
-15923
-3667
-16227
-3747
-16355
-3723
-16699
-3747
-16835
-3747
-17099
-3707
-17371
-3643
-17675
-3651
-17899
-3651
-18027
-3699
-18355
-3667
-18635
-3715
-18827
-3923
125
-3991
-7
-3971
-339
-3907
-551
-3947
-795
-3875
-955
-3907
-1275
-3967
-1555
-3967
-1767
-3983
-2059
-3959
-2155
-3923
-2507
-3971
-2771
-3975
-2995
-3983
-3179
-3963
-3447
-3867
-3679
-3979
-3863
-3955
-4195
-3935
-4383
-3959
-4559
-3935
-4935
-3975
-5163
-3943
-5395
-3859
-5639
-3879
-5863
-3939
-6027
-3867
-6311
-3951
-6523
-3915
-6787
-3907
-7019
-3939
-7263
-3955
-7519
-3891
-7815
-3915
-7991
-3935
-8223
-3875
-8415
-3947
-8747
-3959
-8979
-3915
-9263
-3939
-9391
-3907
-9659
-3883
-9987
-3979
-10115
-3987
-10379
-3923
-10659
-3955
-10875
-3867
-11195
-3987
-11427
-3867
-11603
-3947
-11851
-3963
-12147
-3947
-12387
-3987
-12523
-3875
-12843
-3995
-13099
-3947
-13307
-3971
-13467
-3963
-13763
-3971
-14027
-3923
-14219
-3923
-14523
-3979
-14723
-3955
-14987
-3955
-15275
-3947
-15403
-3899
-15627
-3963
-15979
-3923
-16179
-3947
-16411
-3923
-16699
-3867
-16915
-3907
-17131
-3987
-17379
-3947
-17667
-3987
-17883
-3955
-18147
-3955
-18355
-3979
-18635
-3907
-18819
-4143
101
-4219
-59
-4099
-367
-4139
-595
-4167
-723
-4195
-1055
-4223
-1255
-4139
-1519
-4091
-1751
-4179
-1983
-4183
-2291
-4127
-2415
-4199
-2695
-4123
-2915
-4207
-3203
-4223
-3495
-4195
-3655
-4183
-3867
-4171
-4103
-4179
-4447
-4103
-4603
-4203
-4831
-4155
-5135
-4207
-5395
-4187
-5547
-4207
-5839
-4179
-6139
-4131
-6351
-4203
-6483
-4207
-6831
-4187
-7075
-4139
-7283
-4151
-7507
-4123
-7779
-4167
-8023
-4175
-8215
-4099
-8451
-4203
-8639
-4167
-8947
-4203
-9183
-4171
-9415
-4115
-9683
-4139
-9963
-4171
-10107
-4227
-10411
-4131
-10611
-4171
-10899
-4235
-11179
-4115
-11411
-4139
-11547
-4227
-11899
-4235
-12107
-4107
-12395
-4179
-12627
-4187
-12827
-4195
-13027
-4179
-13355
-4195
-13563
-4187
-13795
-4115
-14075
-4227
-14235
-4235
-14531
-4235
-14763
-4227
-14979
-4171
-15259
-4211
-15387
-4235
-15699
-4211
-15923
-4179
-16179
-4219
-16395
-4211
-16619
-4147
-16851
-4123
-17187
-4179
-17411
-4115
-17563
-4155
-17915
-4211
-18107
-4115
-18283
-4211
-18579
-4115
-18811
-4339
93
-4395
-123
-4383
-359
-4447
-587
-4403
-851
-4463
-1091
-4423
-1335
-4395
-1507
-4371
-1747
-4459
-2035
-4347
-2255
-4339
-2527
-4363
-2763
-4371
-2959
-4443
-3191
-4463
-3415
-4455
-3739
-4387
-3967
-4439
-4091
-4367
-4427
-4383
-4563
-4463
-4823
-4459
-5071
-4371
-5371
-4431
-5547
-4435
-5815
-4459
-6119
-4355
-6339
-4463
-6503
-4403
-6863
-4463
-6979
-4451
-7271
-4447
-7551
-4447
-7679
-4443
-8015
-4423
-8211
-4419
-8483
-4319
-8683
-4427
-8951
-4351
-9175
-4423
-9415
-4411
-9755
-4475
-9891
-4363
-10147
-4403
-10387
-4451
-10643
-4459
-10915
-4411
-11155
-4435
-11315
-4475
-11675
-4419
-11811
-4427
-12107
-4435
-12395
-4411
-12587
-4459
-12851
-4459
-13075
-4459
-13251
-4395
-13579
-4347
-13707
-4363
-14027
-4467
-14307
-4451
-14523
-4475
-14707
-4363
-14963
-4443
-15147
-4475
-15467
-4435
-15627
-4475
-15939
-4459
-16187
-4451
-16371
-4427
-16691
-4371
-16891
-4395
-17139
-4411
-17427
-4387
-17571
-4435
-17819
-4347
-18147
-4387
-18363
-4387
-18635
-4403
-18827
-4611
117
-4699
-75
-4579
-391
-4667
-551
-4703
-719
-4647
-1019
-4687
-1263
-4607
-1487
-4651
-1711
-4663
-1999
-4643
-2251
-4715
-2415
-4647
-2739
-4675
-2975
-4559
-3191
-4655
-3499
-4659
-3703
-4703
-3899
-4623
-4139
-4615
-4387
-4655
-4587
-4595
-4939
-4667
-5055
-4571
-5315
-4631
-5579
-4627
-5847
-4623
-6143
-4627
-6363
-4571
-6599
-4623
-6819
-4643
-7079
-4623
-7299
-4631
-7527
-4679
-7715
-4579
-7951
-4647
-8179
-4631
-8511
-4659
-8779
-4683
-8987
-4655
-9187
-4643
-9399
-4675
-9723
-4707
-9875
-4707
-10123
-4675
-10379
-4675
-10619
-4659
-10883
-4659
-11107
-4683
-11315
-4611
-11635
-4691
-11811
-4691
-12051
-4635
-12283
-4715
-12587
-4707
-12851
-4683
-13051
-4675
-13355
-4651
-13515
-4659
-13747
-4715
-14019
-4699
-14235
-4627
-14555
-4715
-14747
-4619
-14955
-4595
-15195
-4707
-15387
-4715
-15635
-4691
-15995
-4683
-16203
-4659
-16459
-4619
-16675
-4619
-16947
-4691
-17131
-4707
-17403
-4707
-17627
-4699
-17875
-4715
-18147
-4683
-18275
-4675
-18627
-4683
-18843
-4891
109
-4867
-43
-4843
-343
-4899
-559
-4839
-783
-4907
-1039
-4879
-1259
-4835
-1463
-4915
-1719
-4919
-2047
-4947
-2187
-4831
-2479
-4863
-2707
-4927
-3019
-4891
-3175
-4911
-3455
-4847
-3655
-4899
-3863
-4887
-4167
-4939
-4419
-4955
-4559
-4851
-4935
-4883
-5187
-4939
-5331
-4943
-5555
-4939
-5771
-4935
-6095
-4847
-6327
-4839
-6571
-4859
-6803
-4803
-7003
-4943
-7299
-4939
-7523
-4923
-7763
-4895
-8039
-4923
-8239
-4891
-8499
-4879
-8679
-4943
-8959
-4911
-9191
-4855
-9471
-4891
-9699
-4875
-9939
-4939
-10195
-4947
-10355
-4939
-10675
-4859
-10867
-4955
-11195
-4827
-11323
-4907
-11611
-4955
-11867
-4827
-12059
-4835
-12323
-4843
-12627
-4939
-12835
-4883
-13059
-4947
-13299
-4955
-13563
-4939
-13771
-4859
-14035
-4883
-14267
-4851
-14459
-4827
-14763
-4915
-14955
-4939
-15163
-4931
-15475
-4859
-15635
-4843
-15987
-4867
-16115
-4955
-16347
-4891
-16659
-4851
-16835
-4923
-17155
-4835
-17435
-4955
-17571
-4883
-17859
-4915
-18067
-4827
-18355
-4931
-18619
-4843
-18819
-5059
109
-5079
-127
-5051
-291
-5151
-499
-5123
-783
-5139
-1055
-5055
-1231
-5167
-1483
-5167
-1699
-5123
-2027
-5039
-2223
-5183
-2531
-5107
-2723
-5183
-2971
-5123
-3251
-5103
-3391
-5115
-3727
-5147
-3899
-5059
-4215
-5175
-4419
-5179
-4623
-5067
-4895
-5107
-5163
-5091
-5391
-5127
-5603
-5187
-5887
-5163
-6107
-5163
-6335
-5135
-6559
-5075
-6831
-5063
-7031
-5175
-7255
-5171
-7515
-5139
-7735
-5095
-8051
-5123
-8183
-5159
-8423
-5135
-8703
-5139
-8967
-5115
-9231
-5071
-9411
-5163
-9707
-5155
-9955
-5099
-10219
-5139
-10451
-5083
-10667
-5083
-10907
-5187
-11067
-5195
-11411
-5083
-11587
-5131
-11819
-5187
-12107
-5131
-12323
-5107
-12603
-5131
-12843
-5115
-13027
-5075
-13331
-5123
-13491
-5139
-13827
-5091
-13955
-5187
-14299
-5187
-14547
-5099
-14779
-5187
-14947
-5179
-15259
-5123
-15419
-5155
-15747
-5067
-15875
-5107
-16163
-5187
-16443
-5083
-16715
-5179
-16907
-5187
-17195
-5123
-17307
-5139
-17603
-5099
-17875
-5195
-18075
-5091
-18275
-5155
-18507
-5123
-18811
-5371
133
-5307
-99
-5411
-371
-5363
-583
-5331
-791
-5371
-1091
-5395
-1283
-5395
-1467
-5427
-1763
-5331
-2047
-5331
-2259
-5387
-2431
-5419
-2795
-5395
-2947
-5331
-3175
-5331
-3391
-5363
-3683
-5435
-3979
-5355
-4219
-5427
-4475
-5331
-4683
-5411
-4851
-5323
-5051
-5403
-5411
-5347
-5611
-5355
-5795
-5323
-6091
-5427
-6307
-5379
-6523
-5387
-6771
-5435
-7083
-5435
-7355
-5435
-7587
-5427
-7795
-5331
-7963
-5339
-8255
-5419
-8475
-5307
-8695
-5379
-8967
-5323
-9199
-5387
-9463
-5435
-9659
-5419
-9891
-5315
-10203
-5411
-10459
-5427
-10659
-5435
-10875
-5427
-11131
-5387
-11395
-5387
-11643
-5363
-11795
-5363
-12027
-5379
-12283
-5387
-12547
-5315
-12787
-5315
-13011
-5323
-13299
-5411
-13483
-5307
-13747
-5379
-14003
-5347
-14235
-5395
-14547
-5371
-14667
-5371
-14907
-5427
-15147
-5371
-15515
-5387
-15747
-5419
-15947
-5387
-16179
-5419
-16379
-5355
-16619
-5435
-16859
-5395
-17187
-5403
-17363
-5427
-17619
-5331
-17843
-5371
-18059
-5379
-18395
-5427
-18539
-5355
-18827
-5635
133
-5675
-99
-5635
-379
-5603
-563
-5611
-787
-5675
-1107
-5667
-1339
-5643
-1499
-5587
-1771
-5675
-2027
-5675
-2203
-5675
-2499
-5563
-2683
-5571
-2963
-5643
-3163
-5667
-3395
-5619
-3731
-5675
-3955
-5571
-4163
-5667
-4443
-5619
-4651
-5651
-4947
-5571
-5083
-5643
-5331
-5555
-5659
-5667
-5827
-5571
-6099
-5595
-6331
-5603
-6587
-5635
-6819
-5651
-7091
-5651
-7267
-5627
-7499
-5659
-7739
-5651
-8075
-5611
-8267
-5643
-8547
-5635
-8699
-5579
-8939
-5571
-9251
-5667
-9411
-5627
-9739
-5675
-9883
-5603
-10139
-5603
-10451
-5603
-10587
-5651
-10867
-5579
-11139
-5619
-11379
-5659
-11643
-5667
-11811
-5651
-12123
-5651
-12283
-5651
-12635
-5587
-12835
-5603
-13011
-5619
-13267
-5675
-13571
-5659
-13747
-5563
-14067
-5659
-14227
-5667
-14459
-5595
-14787
-5547
-14947
-5619
-15251
-5667
-15451
-5667
-15707
-5675
-15875
-5595
-16195
-5595
-16435
-5619
-16675
-5555
-16955
-5571
-17083
-5579
-17419
-5547
-17643
-5659
-17803
-5675
-18091
-5595
-18387
-5555
-18531
-5555
-18827
-5867
133
-5867
-139
-5811
-387
-5859
-539
-5891
-843
-5851
-1059
-5907
-1347
-5915
-1507
-5795
-1835
-5795
-2051
-5899
-2187
-5907
-2451
-5803
-2731
-5875
-3027
-5803
-3275
-5795
-3507
-5795
-3635
-5915
-3891
-5851
-4203
-5827
-4347
-5875
-4667
-5883
-4947
-5907
-5171
-5819
-5379
-5859
-5659
-5907
-5827
-5867
-6131
-5859
-6363
-5883
-6619
-5811
-6763
-5827
-7027
-5883
-7347
-5867
-7587
-5883
-7731
-5859
-8051
-5907
-8315
-5843
-8451
-5859
-8779
-5875
-8979
-5851
-9211
-5907
-9395
-5915
-9747
-5883
-9971
-5891
-10123
-5859
-10427
-5867
-10635
-5843
-10955
-5915
-11187
-5899
-11403
-5827
-11579
-5899
-11803
-5875
-12123
-5891
-12323
-5883
-12579
-5915
-12779
-5803
-13051
-5787
-13347
-5875
-13515
-5795
-13779
-5875
-13963
-5883
-14315
-5915
-14467
-5899
-14739
-5907
-14995
-5819
-15227
-5827
-15443
-5851
-15699
-5915
-15915
-5883
-16147
-5819
-16435
-5859
-16659
-5899
-16843
-5907
-17147
-5851
-17315
-5795
-17579
-5811
-17915
-5859
-18083
-5883
-18275
-5875
-18635
-5915
-18819
-6123
149
-6155
-59
-6051
-331
-6139
-587
-6099
-755
-6051
-1099
-6043
-1251
-6155
-1587
-6115
-1707
-6051
-1971
-6083
-2235
-6051
-2451
-6027
-2667
-6067
-2939
-6099
-3179
-6131
-3499
-6139
-3643
-6067
-3947
-6107
-4187
-6083
-4419
-6115
-4707
-6107
-4899
-6083
-5115
-6035
-5363
-6075
-5651
-6051
-5859
-6147
-6147
-6099
-6355
-6131
-6579
-6027
-6795
-6131
-7107
-6107
-7315
-6067
-7555
-6043
-7795
-6131
-8043
-6051
-8251
-6091
-8459
-6059
-8763
-6059
-9019
-6147
-9251
-6083
-9387
-6083
-9691
-6075
-9915
-6067
-10115
-6131
-10387
-6155
-10627
-6155
-10947
-6139
-11083
-6123
-11379
-6075
-11555
-6147
-11859
-6067
-12107
-6139
-12315
-6131
-12563
-6123
-12747
-6107
-13107
-6051
-13323
-6115
-13507
-6123
-13803
-6155
-14059
-6091
-14267
-6083
-14459
-6147
-14755
-6059
-14947
-6051
-15147
-6139
-15499
-6083
-15667
-6107
-15891
-6107
-16115
-6155
-16371
-6139
-16675
-6099
-16883
-6115
-17075
-6083
-17363
-6139
-17627
-6107
-17827
-6083
-18035
-6107
-18339
-6147
-18563
-6027
-18819
-6387
125
-6315
-155
-6355
-307
-6371
-627
-6339
-819
-6387
-1059
-6283
-1347
-6275
-1563
-6299
-1835
-6363
-2011
-6339
-2227
-6347
-2507
-6307
-2779
-6307
-2915
-6371
-3171
-6283
-3475
-6387
-3755
-6363
-3907
-6291
-4107
-6387
-4379
-6283
-4611
-6291
-4883
-6347
-5091
-6387
-5387
-6371
-5635
-6299
-5835
-6395
-6107
-6363
-6363
-6283
-6563
-6315
-6867
-6339
-7067
-6395
-7283
-6331
-7595
-6299
-7723
-6275
-7979
-6387
-8251
-6283
-8459
-6379
-8667
-6395
-9035
-6299
-9147
-6291
-9451
-6275
-9707
-6355
-9947
-6395
-10211
-6339
-10379
-6355
-10715
-6283
-10883
-6283
-11171
-6267
-11411
-6371
-11579
-6267
-11843
-6339
-12059
-6339
-12387
-6291
-12507
-6275
-12875
-6339
-13075
-6379
-13307
-6283
-13507
-6387
-13811
-6283
-14043
-6275
-14283
-6275
-14467
-6371
-14739
-6387
-14931
-6395
-15163
-6355
-15467
-6299
-15691
-6331
-15923
-6283
-16211
-6363
-16355
-6347
-16619
-6267
-16827
-6347
-17187
-6395
-17323
-6347
-17555
-6347
-17819
-6387
-18155
-6371
-18275
-6395
-18547
-6331
-18811
-6611
85
-6619
-35
-6587
-339
-6587
-627
-6635
-851
-6579
-1003
-6571
-1227
-6635
-1467
-6571
-1819
-6587
-2043
-6595
-2275
-6595
-2555
-6595
-2691
-6507
-2923
-6555
-3259
-6531
-3515
-6579
-3627
-6595
-3923
-6627
-4147
-6515
-4347
-6531
-4691
-6523
-4851
-6587
-5075
-6627
-5347
-6563
-5571
-6571
-5827
-6611
-6139
-6611
-6307
-6515
-6603
-6595
-6875
-6531
-7091
-6635
-7299
-6611
-7507
-6635
-7787
-6571
-8035
-6611
-8275
-6555
-8539
-6635
-8787
-6635
-8971
-6555
-9267
-6531
-9491
-6563
-9755
-6619
-9907
-6515
-10179
-6619
-10467
-6563
-10715
-6563
-10859
-6515
-11171
-6555
-11363
-6555
-11651
-6635
-11819
-6603
-12051
-6587
-12395
-6603
-12587
-6619
-12859
-6507
-13027
-6563
-13235
-6627
-13595
-6619
-13723
-6555
-14035
-6531
-14187
-6595
-14507
-6555
-14691
-6587
-14987
-6547
-15195
-6531
-15467
-6619
-15755
-6523
-15899
-6523
-16163
-6603
-16419
-6587
-16595
-6531
-16923
-6579
-17123
-6571
-17331
-6539
-17627
-6507
-17827
-6579
-18043
-6627
-18267
-6579
-18627
-6611
-18867
-6827
125
-6859
-35
-6835
-315
-6795
-571
-6819
-819
-6835
-1059
-6867
-1299
-6787
-1531
-6819
-1771
-6859
-1947
-6771
-2315
-6819
-2531
-6843
-2795
-6811
-2979
-6835
-3219
-6859
-3467
-6867
-3707
-6779
-3875
-6875
-4107
-6835
-4387
-6787
-4635
-6755
-4923
-6835
-5163
-6867
-5363
-6755
-5587
-6779
-5891
-6755
-6083
-6843
-6395
-6843
-6595
-6763
-6819
-6787
-7027
-6811
-7235
-6795
-7531
-6859
-7723
-6811
-7987
-6843
-8251
-6859
-8499
-6795
-8715
-6875
-8979
-6819
-9179
-6755
-9491
-6867
-9715
-6835
-9995
-6867
-10163
-6851
-10419
-6787
-10619
-6867
-10883
-6811
-11107
-6787
-11339
-6875
-11571
-6795
-11907
-6827
-12083
-6827
-12355
-6875
-12603
-6819
-12771
-6875
-13051
-6875
-13283
-6811
-13579
-6755
-13747
-6835
-14067
-6859
-14291
-6875
-14475
-6859
-14739
-6779
-14923
-6859
-15171
-6763
-15403
-6859
-15627
-6867
-15995
-6835
-16235
-6819
-16475
-6795
-16651
-6795
-16899
-6787
-17123
-6851
-17355
-6875
-17587
-6867
-17787
-6859
-18059
-6875
-18371
-6819
-18547
-6867
-18811
-6987
125
-7011
-67
-7115
-267
-7067
-555
-7035
-803
-7075
-1059
-7035
-1243
-7083
-1507
-7099
-1747
-7083
-1995
-7067
-2251
-7115
-2515
-7099
-2715
-7043
-2979
-7107
-3243
-7019
-3411
-7099
-3643
-7107
-3979
-7075
-4147
-7059
-4387
-7091
-4643
-7067
-4947
-7011
-5075
-7083
-5395
-7011
-5667
-7115
-5867
-7083
-6139
-7059
-6379
-7067
-6595
-7091
-6787
-7067
-7051
-7043
-7235
-7003
-7571
-6987
-7811
-7067
-7979
-7083
-8195
-7051
-8443
-7035
-8787
-7107
-8923
-7099
-9235
-7035
-9419
-7067
-9627
-7019
-9867
-7075
-10115
-7059
-10451
-7107
-10627
-7051
-10875
-7019
-11067
-7075
-11307
-7027
-11547
-7107
-11835
-7107
-12043
-7011
-12371
-7059
-12595
-7115
-12835
-7035
-13091
-6995
-13299
-7091
-13563
-7091
-13763
-7059
-14067
-7107
-14203
-7115
-14547
-7067
-14739
-7115
-14931
-6995
-15211
-7059
-15459
-7107
-15755
-6995
-15947
-7051
-16203
-7043
-16411
-7075
-16635
-7035
-16939
-7035
-17131
-7107
-17363
-7043
-17651
-7107
-17811
-7115
-18131
-7083
-18395
-7075
-18635
-7011
-18843
-7235
133
-7275
-75
-7251
-315
-7347
-619
-7299
-779
-7283
-1003
-7251
-1243
-7291
-1491
-7251
-1787
-7339
-2035
-7291
-2251
-7251
-2515
-7339
-2691
-7275
-2907
-7283
-3171
-7307
-3507
-7347
-3683
-7283
-3971
-7283
-4179
-7355
-4387
-7235
-4715
-7235
-4899
-7243
-5139
-7267
-5435
-7235
-5651
-7315
-5875
-7251
-6051
-7227
-6395
-7355
-6595
-7355
-6819
-7339
-7035
-7275
-7347
-7355
-7467
-7315
-7779
-7235
-8067
-7355
-8315
-7291
-8491
-7259
-8675
-7275
-8987
-7331
-9163
-7323
-9387
-7323
-9691
-7291
-9867
-7323
-10179
-7347
-10467
-7299
-10683
-7331
-10899
-7315
-11107
-7331
-11395
-7323
-11547
-7339
-11811
-7323
-12115
-7259
-12347
-7307
-12515
-7283
-12851
-7299
-13011
-7291
-13267
-7339
-13523
-7291
-13723
-7315
-14075
-7267
-14195
-7355
-14467
-7275
-14667
-7323
-14979
-7291
-15259
-7291
-15515
-7323
-15643
-7355
-15963
-7315
-16195
-7299
-16379
-7355
-16699
-7251
-16827
-7315
-17163
-7347
-17347
-7315
-17571
-7331
-17875
-7315
-18067
-7283
-18347
-7347
-18547
-7315
-18835
-7523
125
-7555
-83
-7539
-387
-7571
-627
-7491
-819
-7507
-987
-7563
-1307
-7515
-1579
-7483
-1811
-7555
-2035
-7467
-2291
-7547
-2499
-7587
-2675
-7595
-2947
-7571
-3163
-7571
-3515
-7587
-3715
-7587
-3963
-7587
-4147
-7515
-4411
-7579
-4643
-7563
-4947
-7483
-5123
-7547
-5395
-7491
-5547
-7507
-5907
-7595
-6067
-7571
-6323
-7587
-6619
-7563
-6819
-7563
-7091
-7547
-7315
-7507
-7467
-7579
-7707
-7475
-8075
-7475
-8227
-7595
-8435
-7539
-8715
-7595
-8939
-7467
-9259
-7515
-9451
-7547
-9691
-7571
-9899
-7491
-10187
-7571
-10347
-7563
-10603
-7507
-10955
-7555
-11075
-7563
-11363
-7467
-11595
-7595
-11859
-7483
-12123
-7595
-12339
-7595
-12579
-7595
-12819
-7571
-13059
-7475
-13251
-7563
-13499
-7587
-13795
-7571
-14003
-7595
-14203
-7539
-14483
-7595
-14707
-7515
-15011
-7563
-15227
-7531
-15499
-7555
-15683
-7563
-15931
-7491
-16195
-7523
-16379
-7595
-16619
-7563
-16939
-7515
-17179
-7555
-17307
-7515
-17643
-7523
-17843
-7483
-18115
-7539
-18307
-7507
-18563
-7483
-18827
-7795
133
-7763
-115
-7803
-283
-7835
-627
-7819
-843
-7795
-1019
-7819
-1315
-7819
-1555
-7795
-1747
-7803
-1955
-7739
-2275
-7811
-2515
-7763
-2707
-7827
-3003
-7795
-3275
-7723
-3483
-7707
-3691
-7755
-3955
-7739
-4179
-7731
-4459
-7763
-4643
-7819
-4915
-7731
-5091
-7795
-5419
-7811
-5555
-7779
-5851
-7755
-6043
-7787
-6267
-7795
-6579
-7835
-6787
-7827
-7035
-7795
-7307
-7763
-7547
-7827
-7707
-7787
-8067
-7779
-8211
-7779
-8531
-7827
-8739
-7803
-9035
-7747
-9171
-7779
-9515
-7787
-9635
-7835
-9987
-7723
-10219
-7827
-10387
-7811
-10675
-7779
-10931
-7835
-11123
-7835
-11411
-7739
-11635
-7707
-11907
-7819
-12091
-7771
-12347
-7731
-12619
-7787
-12755
-7835
-13091
-7787
-13267
-7723
-13467
-7715
-13819
-7819
-14051
-7731
-14243
-7811
-14515
-7827
-14731
-7723
-14931
-7723
-15203
-7771
-15411
-7835
-15675
-7811
-15915
-7787
-16171
-7811
-16395
-7747
-16595
-7835
-16827
-7707
-17155
-7779
-17419
-7835
-17627
-7779
-17827
-7763
-18123
-7763
-18371
-7739
-18531
-7779
-18811
-8075
133
-8059
-67
-8075
-283
-8027
-531
-7987
-811
-8051
-1075
-7947
-1235
-8067
-1547
-8075
-1811
-8035
-1955
-8011
-2291
-8019
-2555
-8059
-2707
-8051
-3003
-8019
-3235
-7971
-3411
-7995
-3683
-7987
-3939
-8035
-4203
-8019
-4419
-8019
-4659
-8027
-4867
-8043
-5107
-7995
-5419
-7971
-5547
-8011
-5803
-8035
-6147
-8035
-6291
-8059
-6627
-7955
-6835
-8019
-7019
-8027
-7291
-8059
-7491
-8075
-7787
-7995
-7955
-8019
-8251
-8043
-8475
-8051
-8747
-8019
-8979
-8067
-9155
-8051
-9491
-7971
-9683
-7995
-9955
-8051
-10107
-7979
-10395
-7987
-10715
-7963
-10883
-7955
-11123
-7987
-11331
-7979
-11675
-8059
-11787
-8067
-12091
-8011
-12371
-8043
-12635
-8051
-12851
-8043
-13091
-7963
-13275
-8051
-13531
-8043
-13707
-8075
-13987
-8003
-14243
-8051
-14539
-8003
-14755
-7947
-14971
-8075
-15203
-8075
-15427
-8067
-15755
-8011
-15955
-7987
-16139
-7979
-16427
-8067
-16691
-8059
-16843
-8075
-17187
-8051
-17347
-7971
-17619
-8011
-17827
-8051
-18043
-8067
-18347
-8035
-18603
-8027
-18843
-8235
125
-8251
-83
-8291
-363
-8299
-603
-8267
-747
-8259
-1051
-8267
-1275
-8307
-1571
-8267
-1803
-8235
-2043
-8267
-2259
-8211
-2555
-8235
-2787
-8235
-3035
-8195
-3195
-8259
-3507
-8307
-3643
-8275
-3915
-8243
-4227
-8195
-4379
-8203
-4667
-8307
-4875
-8291
-5123
-8235
-5363
-8299
-5651
-8195
-5859
-8195
-6131
-8307
-6339
-8275
-6531
-8251
-6787
-8227
-7099
-8219
-7331
-8195
-7539
-8203
-7723
-8227
-8019
-8283
-8251
-8283
-8459
-8251
-8699
-8219
-8955
-8275
-9219
-8283
-9475
-8267
-9659
-8211
-9955
-8307
-10131
-8187
-10475
-8203
-10667
-8251
-10907
-8315
-11067
-8267
-11339
-8307
-11603
-8187
-11851
-8267
-12027
-8315
-12283
-8315
-12595
-8235
-12755
-8203
-13075
-8315
-13235
-8315
-13595
-8291
-13747
-8275
-14051
-8195
-14259
-8291
-14555
-8251
-14707
-8283
-15011
-8307
-15211
-8291
-15459
-8259
-15691
-8243
-15875
-8275
-16179
-8251
-16347
-8227
-16643
-8259
-16899
-8211
-17163
-8259
-17315
-8203
-17619
-8259
-17899
-8275
-18075
-8307
-18363
-8243
-18579
-8251
-18843
-8483
117
-8507
-147
-8491
-331
-8499
-523
-8467
-875
-8515
-1107
-8523
-1331
-8547
-1499
-8539
-1787
-8507
-2019
-8499
-2235
-8499
-2427
-8539
-2667
-8427
-2915
-8491
-3275
-8555
-3507
-8531
-3723
-8507
-3963
-8515
-4131
-8539
-4411
-8491
-4707
-8531
-4955
-8507
-5067
-8499
-5419
-8515
-5619
-8507
-5883
-8483
-6043
-8547
-6291
-8507
-6611
-8515
-6835
-8539
-7067
-8547
-7347
-8523
-7483
-8507
-7723
-8555
-8051
-8523
-8227
-8499
-8555
-8531
-8691
-8443
-8939
-8459
-9227
-8467
-9483
-8539
-9667
-8547
-9979
-8467
-10163
-8539
-10451
-8475
-10715
-8467
-10899
-8475
-11163
-8507
-11323
-8547
-11651
-8483
-11819
-8483
-12099
-8523
-12379
-8467
-12547
-8435
-12755
-8523
-13067
-8539
-13235
-8547
-13499
-8483
-13803
-8499
-14019
-8507
-14251
-8435
-14443
-8427
-14731
-8443
-15019
-8539
-15163
-8547
-15491
-8491
-15747
-8523
-15995
-8515
-16131
-8539
-16419
-8451
-16691
-8491
-16891
-8555
-17163
-8539
-17315
-8475
-17555
-8531
-17827
-8475
-18083
-8499
-18347
-8507
-18547
-8435
-18859
-8771
109
-8731
-147
-8787
-387
-8795
-611
-8763
-779
-8747
-1075
-8795
-1307
-8771
-1555
-8723
-1811
-8795
-1995
-8739
-2203
-8739
-2547
-8739
-2707
-8683
-2971
-8747
-3267
-8699
-3395
-8755
-3715
-8755
-3947
-8787
-4123
-8755
-4403
-8715
-4611
-8771
-4955
-8787
-5115
-8755
-5379
-8771
-5635
-8699
-5899
-8691
-6131
-8739
-6291
-8763
-6515
-8787
-6747
-8787
-7091
-8747
-7299
-8731
-7475
-8787
-7731
-8779
-8019
-8699
-8283
-8771
-8427
-8691
-8787
-8755
-8971
-8795
-9147
-8755
-9467
-8771
-9675
-8667
-9987
-8779
-10155
-8787
-10379
-8723
-10667
-8771
-10867
-8755
-11115
-8739
-11355
-8699
-11651
-8795
-11883
-8667
-12059
-8699
-12347
-8715
-12635
-8795
-12787
-8667
-12995
-8699
-13259
-8707
-13491
-8755
-13739
-8699
-13947
-8771
-14203
-8707
-14491
-8675
-14715
-8795
-15003
-8763
-15219
-8699
-15515
-8731
-15731
-8763
-15883
-8699
-16235
-8683
-16379
-8787
-16707
-8731
-16939
-8747
-17075
-8707
-17379
-8675
-17627
-8715
-17835
-8739
-18051
-8747
-18355
-8739
-18635
-8675
-18859
-9019
125
-9019
-147
-8979
-347
-9035
-507
-8947
-819
-8947
-1035
-8923
-1291
-8963
-1523
-8939
-1811
-9035
-1995
-8947
-2259
-8915
-2451
-8995
-2683
-9019
-2963
-8915
-3163
-8923
-3427
-9035
-3731
-8987
-3947
-8923
-4115
-8979
-4467
-8915
-4699
-8955
-4827
-8987
-5187
-8939
-5387
-9019
-5627
-8915
-5851
-8963
-6139
-9019
-6387
-9035
-6531
-9027
-6747
-8987
-7067
-8907
-7267
-9035
-7571
-9003
-7747
-8971
-8035
-8963
-8227
-9027
-8547
-9027
-8707
-9019
-9019
-8907
-9275
-9011
-9459
-9035
-9691
-8931
-9987
-8987
-10131
-9035
-10347
-9035
-10595
-9019
-10883
-9027
-11091
-9003
-11403
-8939
-11643
-8987
-11907
-9019
-12083
-8931
-12371
-8923
-12571
-8939
-12859
-9027
-13035
-8963
-13315
-8979
-13515
-8915
-13763
-8971
-14027
-8947
-14315
-9035
-14451
-8907
-14715
-9003
-14907
-9019
-15171
-9011
-15459
-8995
-15675
-9035
-15979
-8971
-16211
-9011
-16459
-9035
-16659
-8939
-16851
-8955
-17195
-8995
-17363
-8939
-17635
-8915
-17875
-9035
-18067
-9027
-18307
-8923
-18515
-9011
-18867
-9179
109
-9267
-147
-9235
-275
-9275
-619
-9163
-835
-9275
-1099
-9147
-1307
-9227
-1563
-9163
-1795
-9227
-1987
-9251
-2235
-9219
-2515
-9203
-2763
-9235
-2915
-9195
-3267
-9227
-3443
-9211
-3651
-9243
-3979
-9267
-4235
-9195
-4347
-9187
-4643
-9251
-4843
-9259
-5091
-9259
-5427
-9259
-5651
-9203
-5899
-9243
-6147
-9259
-6379
-9251
-6547
-9187
-6819
-9243
-7035
-9235
-7267
-9275
-7579
-9171
-7731
-9235
-8059
-9275
-8251
-9187
-8483
-9243
-8667
-9211
-8995
-9187
-9259
-9179
-9443
-9171
-9651
-9171
-9963
-9243
-10115
-9275
-10395
-9275
-10683
-9171
-10915
-9203
-11147
-9179
-11315
-9235
-11563
-9227
-11843
-9171
-12051
-9147
-12323
-9187
-12587
-9251
-12779
-9251
-13107
-9163
-13331
-9251
-13523
-9243
-13787
-9179
-14035
-9251
-14259
-9243
-14451
-9259
-14739
-9227
-15003
-9187
-15171
-9195
-15403
-9267
-15739
-9203
-15979
-9203
-16131
-9155
-16363
-9259
-16707
-9203
-16827
-9251
-17147
-9187
-17411
-9195
-17579
-9155
-17811
-9243
-18115
-9235
-18315
-9243
-18627
-9243
-18851
-9491
149
-9499
-83
-9443
-291
-9403
-627
-9467
-803
-9499
-1091
-9491
-1267
-9491
-1547
-9499
-1747
-9475
-2051
-9435
-2235
-9507
-2451
-9403
-2747
-9411
-2995
-9507
-3243
-9419
-3395
-9467
-3723
-9459
-3971
-9491
-4235
-9491
-4435
-9451
-4635
-9395
-4915
-9403
-5171
-9499
-5355
-9459
-5571
-9475
-5859
-9387
-6059
-9403
-6331
-9451
-6587
-9483
-6819
-9435
-7019
-9443
-7259
-9507
-7475
-9515
-7787
-9459
-7979
-9499
-8187
-9467
-8483
-9467
-8763
-9451
-8915
-9459
-9211
-9459
-9515
-9483
-9667
-9435
-9867
-9507
-10139
-9403
-10467
-9475
-10587
-9491
-10843
-9435
-11115
-9483
-11355
-9507
-11651
-9427
-11875
-9483
-12139
-9451
-12307
-9459
-12571
-9443
-12763
-9459
-13067
-9411
-13267
-9451
-13491
-9443
-13827
-9419
-14003
-9467
-14275
-9435
-14491
-9499
-14691
-9491
-14979
-9419
-15155
-9515
-15443
-9483
-15651
-9507
-15907
-9507
-16211
-9483
-16371
-9403
-16707
-9427
-16907
-9515
-17195
-9507
-17411
-9491
-17651
-9499
-17883
-9507
-18131
-9507
-18363
-9443
-18555
-9403
-18875
-9707
141
-9707
-139
-9723
-299
-9747
-627
-9747
-851
-9667
-987
-9723
-1251
-9643
-1547
-9683
-1771
-9755
-2067
-9707
-2243
-9707
-2523
-9715
-2715
-9715
-2939
-9683
-3219
-9747
-3395
-9715
-3731
-9699
-3899
-9643
-4219
-9731
-4427
-9723
-4659
-9747
-4867
-9715
-5139
-9707
-5339
-9739
-5627
-9667
-5819
-9723
-6043
-9739
-6371
-9707
-6515
-9731
-6795
-9643
-7011
-9643
-7243
-9675
-7579
-9643
-7811
-9731
-7947
-9643
-8275
-9755
-8459
-9747
-8683
-9683
-8939
-9731
-9275
-9739
-9507
-9739
-9635
-9707
-9899
-9755
-10171
-9707
-10475
-9643
-10659
-9723
-10915
-9659
-11187
-9627
-11379
-9651
-11555
-9739
-11811
-9667
-12099
-9699
-12387
-9739
-12555
-9683
-12827
-9755
-12987
-9627
-13315
-9739
-13475
-9731
-13755
-9723
-13979
-9635
-14195
-9635
-14515
-9667
-14699
-9707
-14971
-9723
-15259
-9643
-15419
-9723
-15683
-9731
-15923
-9699
-16171
-9707
-16371
-9715
-16611
-9715
-16931
-9691
-17067
-9643
-17411
-9747
-17659
-9659
-17859
-9707
-18107
-9747
-18315
-9683
-18507
-9667
-18827
-9907
125
-9915
-27
-9955
-395
-9955
-635
-9963
-867
-9923
-1059
-9979
-1299
-9931
-1507
-9875
-1707
-9891
-2059
-9979
-2299
-9939
-2515
-9867
-2683
-9995
-2923
-9899
-3187
-9907
-3387
-9979
-3699
-9979
-3987
-9955
-4139
-9947
-4403
-9987
-4675
-9875
-4891
-9875
-5139
-9963
-5323
-9995
-5643
-9883
-5899
-9955
-6027
-9995
-6275
-9939
-6563
-9931
-6851
-9883
-7035
-9963
-7355
-9971
-7579
-9891
-7739
-9915
-8051
-9995
-8187
-9963
-8451
-9947
-8699
-9939
-8971
-9987
-9211
-9971
-9507
-9899
-9675
-9907
-9907
-9979
-10123
-9971
-10475
-9979
-10611
-9979
-10851
-9915
-11163
-9899
-11403
-9931
-11563
-9995
-11819
-9939
-12067
-9915
-12339
-9979
-12595
-9867
-12835
-9907
-13035
-9995
-13315
-9939
-13531
-9963
-13787
-9923
-13971
-9915
-14307
-9955
-14515
-9979
-14763
-9955
-14987
-9987
-15251
-9867
-15395
-9987
-15643
-9987
-15987
-9979
-16131
-9915
-16451
-9947
-16595
-9971
-16955
-9875
-17083
-9963
-17315
-9971
-17611
-9979
-17907
-9947
-18083
-9947
-18307
-9987
-18507
-9963
-18819
-10219
149
-10123
-99
-10195
-323
-10163
-531
-10155
-851
-10179
-1099
-10171
-1251
-10219
-1595
-10155
-1819
-10107
-1963
-10163
-2259
-10163
-2459
-10219
-2787
-10171
-2907
-10179
-3251
-10195
-3443
-10147
-3643
-10131
-3971
-10171
-4107
-10203
-4403
-10235
-4667
-10123
-4899
-10179
-5131
-10195
-5331
-10227
-5547
-10123
-5915
-10131
-6115
-10123
-6307
-10235
-6611
-10123
-6787
-10115
-7075
-10219
-7323
-10227
-7515
-10123
-7835
-10179
-8027
-10179
-8187
-10227
-8491
-10219
-8707
-10235
-8939
-10227
-9163
-10227
-9435
-10147
-9643
-10171
-9907
-10163
-10227
-10139
-10347
-10131
-10611
-10195
-10923
-10187
-11075
-10195
-11307
-10211
-11579
-10203
-11795
-10131
-12091
-10107
-12331
-10123
-12547
-10235
-12795
-10147
-13107
-10195
-13355
-10123
-13483
-10147
-13819
-10147
-13963
-10211
-14243
-10227
-14531
-10107
-14683
-10211
-15019
-10155
-15259
-10179
-15387
-10131
-15635
-10211
-15971
-10179
-16171
-10131
-16459
-10131
-16667
-10219
-16835
-10123
-17091
-10219
-17435
-10203
-17571
-10171
-17827
-10195
-18051
-10147
-18339
-10139
-18611
-10115
-18859
-10451
109
-10427
-67
-10435
-347
-10443
-547
-10475
-811
-10467
-1107
-10451
-1355
-10475
-1563
-10467
-1819
-10467
-2003
-10459
-2267
-10459
-2555
-10467
-2787
-10475
-2915
-10459
-3179
-10451
-3467
-10419
-3667
-10475
-3923
-10427
-4139
-10467
-4395
-10427
-4611
-10427
-4923
-10467
-5067
-10475
-5371
-10411
-5675
-10435
-5883
-10475
-6107
-10475
-6347
-10443
-6563
-10419
-6811
-10435
-7043
-10475
-7235
-10427
-7507
-10475
-7835
-10459
-8043
-10435
-8243
-10427
-8443
-10435
-8771
-10411
-8907
-10475
-9187
-10427
-9467
-10451
-9747
-10467
-9995
-10459
-10235
-10451
-10379
-10459
-10675
-10451
-10883
-10467
-11075
-10467
-11435
-10451
-11619
-10419
-11827
-10475
-12099
-10459
-12387
-10427
-12539
-10435
-12843
-10451
-13099
-10459
-13235
-10459
-13499
-10435
-13707
-10475
-14075
-10427
-14251
-10419
-14475
-10475
-14787
-10435
-14987
-10411
-15155
-10467
-15475
-10443
-15755
-10411
-15931
-10459
-16115
-10467
-16475
-10467
-16691
-10475
-16899
-10435
-17163
-10475
-17379
-10467
-17555
-10459
-17867
-10467
-18115
-10411
-18371
-10443
-18531
-10459
-18827
