141
149
291
-87
410
-334
636
-505
162
-853
385
-1035
647
-1225
113
-1480
457
-1794
354
-2041
169
-2209
429
-2481
209
-2635
127
-2915
95
-3203
659
-3409
139
-3721
337
-3881
115
-4107
279
-4367
85
-4619
93
-4863
141
-5147
109
-5339
125
-5571
125
-5811
85
-6059
109
-6383
125
-6591
109
-6747
101
-6995
93
-7295
125
-7511
149
-7739
93
-7975
101
-8171
141
-8515
141
-8779
101
-8983
149
-9147
149
-9407
133
-9675
125
-9939
133
-10163
141
-10435
93
-10595
85
-10947
101
-11155
101
-11331
117
-11555
149
-11883
133
-12091
149
-12387
125
-12579
141
-12843
117
-13051
141
-13259
125
-13539
149
-13715
93
-14027
101
-14211
149
-14507
125
-14699
85
-15027
109
-15275
85
-15491
125
-15667
93
-15875
93
-16147
133
-16443
149
-16651
149
-16907
93
-17131
109
-17339
109
-17675
117
-17843
125
-18027
117
-18331
149
-18611
85
-18875
-47
1193
3
-27
-70
-289
-127
-535
-113
-745
-135
-994
-132
-1292
-89
-1497
-128
-1798
-35
-1957
-73
-2229
-53
-2459
-123
-2673
-55
-2927
-91
-3209
-11
-3397
-103
-3699
-95
-3923
-123
-4193
-75
-4405
-63
-4651
-127
-4803
-43
-5159
-131
-5395
-71
-5603
-135
-5851
-71
-6091
-71
-6331
-75
-6563
-115
-6867
-115
-7007
-3
-7343
-91
-7447
-135
-7747
-95
-7971
-95
-8191
-79
-8475
-75
-8743
-23
-8903
-39
-9259
-139
-9423
-123
-9699
-147
-9899
-107
-10139
-123
-10347
-27
-10611
-123
-10915
-91
-11171
-139
-11419
-27
-11571
-67
-11843
-67
-12147
-67
-12275
-155
-12627
-83
-12827
-91
-13115
-75
-13283
-91
-13539
-67
-13739
-155
-13955
-99
-14211
-51
-14491
-35
-14771
-115
-14907
-147
-15251
-75
-15435
-83
-15715
-107
-15875
-51
-16203
-59
-16419
-155
-16683
-147
-16947
-35
-17083
-139
-17307
-155
-17635
-147
-17883
-155
-18107
-27
-18315
-139
-18523
-51
-18827
-343
1361
-278
-21
-341
-369
-380
-547
-265
-811
-340
-1021
-258
-1221
-302
-1549
-379
-1672
-356
-1988
-307
-2273
-351
-2441
-281
-2739
-303
-2921
-361
-3217
-259
-3467
-287
-3639
-325
-3895
-267
-4119
-299
-4435
-339
-4591
-323
-4935
-263
-5131
-307
-5343
-307
-5611
-355
-5891
-311
-6043
-331
-6367
-319
-6559
-347
-6815
-363
-7083
-331
-7299
-267
-7547
-375
-7687
-271
-7995
-311
-8267
-303
-8475
-367
-8659
-315
-9015
-287
-9219
-315
-9483
-379
-9667
-275
-9891
-323
-10107
-267
-10443
-267
-10699
-371
-10891
-347
-11115
-323
-11427
-339
-11611
-307
-11915
-387
-12059
-315
-12331
-395
-12611
-379
-12867
-347
-13059
-323
-13315
-355
-13523
-379
-13811
-283
-14003
-355
-14251
-323
-14555
-371
-14747
-331
-14931
-299
-15179
-379
-15443
-387
-15723
-323
-15939
-371
-16155
-323
-16403
-339
-16587
-379
-16899
-291
-17115
-323
-17419
-331
-17619
-299
-17883
-291
-18123
-363
-18339
-267
-18523
-387
-18819
-595
610
-595
-69
-517
-275
-517
-499
-588
-844
-587
-1085
-585
-1251
-587
-1569
-616
-1710
-519
-1941
-511
-2271
-595
-2431
-525
-2741
-541
-2987
-589
-3227
-553
-3413
-567
-3681
-585
-3945
-619
-4185
-579
-4471
-583
-4603
-547
-4915
-579
-5119
-547
-5395
-531
-5655
-563
-5839
-615
-6075
-607
-6359
-611
-6575
-515
-6735
-583
-7071
-559
-7299
-607
-7495
-607
-7827
-515
-8051
-603
-8251
-583
-8539
-555
-8755
-599
-8959
-631
-9243
-615
-9427
-619
-9667
-635
-9979
-627
-10155
-627
-10355
-531
-10603
-611
-10827
-611
-11195
-531
-11339
-619
-11675
-579
-11803
-555
-12035
-515
-12339
-563
-12603
-627
-12747
-611
-13059
-531
-13339
-587
-13579
-611
-13747
-587
-13987
-515
-14251
-539
-14443
-579
-14699
-587
-14931
-571
-15251
-587
-15395
-555
-15659
-619
-15891
-627
-16171
-595
-16363
-627
-16595
-635
-16915
-563
-17163
-555
-17427
-635
-17667
-587
-17875
-547
-18107
-507
-18291
-531
-18627
-523
-18827
-731
1015
-834
-154
-827
-265
-781
-589
-839
-743
-831
-1071
-834
-1315
-764
-1503
-866
-1791
-855
-1919
-757
-2178
-791
-2471
-779
-2671
-755
-2891
-729
-3189
-813
-3415
-747
-3719
-721
-3879
-859
-4205
-737
-4385
-777
-4699
-731
-4875
-815
-5131
-795
-5331
-859
-5587
-823
-5835
-751
-6027
-811
-6367
-851
-6539
-855
-6843
-835
-6991
-827
-7323
-863
-7483
-803
-7743
-747
-7931
-811
-8163
-783
-8443
-819
-8739
-795
-8943
-855
-9195
-795
-9515
-851
-9643
-787
-9891
-843
-10179
-835
-10451
-771
-10699
-827
-10891
-867
-11155
-867
-11371
-875
-11587
-787
-11883
-835
-12083
-819
-12331
-819
-12587
-859
-12875
-795
-13027
-827
-13299
-835
-13563
-819
-13803
-827
-13955
-819
-14251
-835
-14531
-835
-14683
-867
-15027
-843
-15259
-851
-15483
-859
-15675
-851
-15963
-835
-16107
-843
-16459
-763
-16595
-875
-16827
-795
-17083
-827
-17355
-763
-17603
-851
-17875
-811
-18043
-819
-18355
-843
-18611
-771
-18827
-1099
1557
-1077
-60
-989
-251
-1086
-586
-1042
-751
-1083
-1076
-1051
-1216
-962
-1443
-977
-1760
-970
-1937
-1081
-2215
-999
-2487
-1015
-2689
-999
-2997
-1099
-3177
-1093
-3441
-1085
-3711
-1043
-3907
-991
-4171
-1079
-4403
-1029
-4669
-1075
-4839
-1003
-5159
-1083
-5295
-1087
-5555
-1063
-5847
-1023
-6107
-1007
-6291
-1067
-6603
-1011
-6751
-975
-6999
-1087
-7271
-987
-7507
-991
-7735
-971
-8043
-1031
-8203
-1055
-8431
-1083
-8771
-1075
-8975
-1111
-9151
-971
-9483
-1043
-9739
-1019
-9995
-1059
-10107
-1043
-10411
-1051
-10651
-1075
-10827
-1019
-11115
-1115
-11363
-1019
-11643
-1035
-11795
-1107
-12155
-1075
-12323
-1075
-12579
-1107
-12835
-1067
-13099
-1083
-13347
-1027
-13507
-1027
-13747
-1107
-14003
-995
-14195
-1099
-14467
-1083
-14731
-1019
-14979
-1075
-15219
-1051
-15483
-1011
-15683
-1099
-15875
-1107
-16115
-1059
-16435
-1083
-16611
-1107
-16851
-1027
-17067
-1107
-17307
-1099
-17571
-1027
-17803
-1075
-18035
-1107
-18339
-1059
-18563
-1091
-18867
-1347
229
-1251
-13
-1337
-245
-1325
-557
-1282
-798
-1315
-1006
-1226
-1263
-1235
-1458
-1321
-1690
-1225
-2029
-1329
-2293
-1207
-2457
-1227
-2647
-1345
-3015
-1317
-3137
-1305
-3367
-1245
-3675
-1273
-3947
-1329
-4115
-1255
-4425
-1291
-4593
-1323
-4875
-1243
-5139
-1299
-5415
-1339
-5523
-1343
-5839
-1247
-6107
-1283
-6327
-1347
-6587
-1319
-6751
-1311
-7083
-1299
-7283
-1351
-7475
-1247
-7807
-1235
-8003
-1339
-8243
-1287
-8527
-1299
-8667
-1343
-8951
-1299
-9199
-1335
-9435
-1315
-9683
-1323
-9891
-1347
-10179
-1235
-10395
-1259
-10691
-1243
-10875
-1307
-11171
-1227
-11307
-1347
-11603
-1355
-11915
-1267
-12107
-1227
-12299
-1339
-12595
-1315
-12819
-1331
-13115
-1299
-13323
-1331
-13563
-1339
-13827
-1339
-14003
-1267
-14219
-1227
-14547
-1299
-14707
-1347
-14995
-1331
-15227
-1315
-15395
-1275
-15635
-1267
-15899
-1275
-16227
-1291
-16467
-1251
-16595
-1267
-16859
-1355
-17131
-1251
-17355
-1251
-17675
-1259
-17907
-1299
-18099
-1315
-18315
-1347
-18587
-1315
-18835
-1579
631
-1555
-47
-1439
-339
-1567
-549
-1471
-763
-1555
-1083
-1541
-1331
-1505
-1445
-1475
-1827
-1541
-1935
-1579
-2241
-1563
-2425
-1543
-2695
-1549
-2907
-1561
-3191
-1541
-3379
-1539
-3719
-1497
-3895
-1575
-4199
-1529
-4399
-1517
-4711
-1467
-4927
-1583
-5135
-1523
-5351
-1571
-5643
-1511
-5871
-1539
-6091
-1527
-6339
-1555
-6491
-1531
-6811
-1555
-7015
-1499
-7227
-1523
-7567
-1591
-7807
-1523
-8051
-1539
-8239
-1499
-8427
-1591
-8787
-1535
-9011
-1459
-9207
-1455
-9483
-1563
-9683
-1595
-9875
-1475
-10115
-1563
-10403
-1515
-10619
-1595
-10899
-1595
-11155
-1595
-11419
-1547
-11555
-1571
-11803
-1483
-12155
-1587
-12323
-1523
-12555
-1483
-12875
-1579
-13067
-1587
-13251
-1491
-13491
-1523
-13787
-1595
-13979
-1523
-14299
-1539
-14451
-1499
-14691
-1587
-14995
-1563
-15179
-1475
-15411
-1491
-15627
-1515
-15963
-1499
-16195
-1539
-16347
-1539
-16611
-1563
-16843
-1595
-17067
-1595
-17323
-1507
-17675
-1523
-17859
-1587
-18107
-1571
-18371
-1587
-18611
-1587
-18859
-1795
1525
-1805
-73
-1765
-323
-1785
-525
-1801
-713
-1737
-1005
-1799
-1287
-1773
-1443
-1759
-1803
-1791
-1947
-1797
-2171
-1705
-2443
-1777
-2695
-1819
-2909
-1757
-3223
-1803
-3361
-1755
-3649
-1811
-3943
-1809
-4119
-1783
-4327
-1775
-4559
-1799
-4823
-1695
-5095
-1731
-5383
-1807
-5599
-1763
-5867
-1799
-6131
-1707
-6307
-1775
-6531
-1831
-6799
-1743
-6987
-1787
-7215
-1783
-7455
-1815
-7779
-1731
-7987
-1731
-8251
-1819
-8479
-1799
-8711
-1779
-8951
-1795
-9147
-1811
-9491
-1803
-9723
-1835
-9923
-1827
-10195
-1795
-10379
-1707
-10667
-1795
-10835
-1803
-11171
-1827
-11435
-1715
-11667
-1787
-11875
-1723
-12059
-1819
-12363
-1803
-12579
-1795
-12803
-1715
-13059
-1707
-13235
-1723
-13547
-1795
-13811
-1827
-13987
-1787
-14267
-1763
-14459
-1827
-14691
-1747
-14979
-1755
-15163
-1779
-15491
-1835
-15707
-1715
-15979
-1827
-16131
-1795
-16475
-1827
-16635
-1779
-16915
-1827
-17187
-1803
-17307
-1787
-17651
-1811
-17891
-1835
-18083
-1747
-18387
-1779
-18619
-1715
-18867
-2075
393
-1991
-141
-2025
-307
-2023
-609
-2055
-843
-1997
-1019
-2023
-1279
-2045
-1553
-2033
-1723
-2065
-2029
-2075
-2187
-2009
-2531
-1963
-2725
-1961
-2931
-2011
-3173
-2023
-3491
-2047
-3627
-2019
-3937
-1981
-4109
-1975
-4455
-1951
-4665
-1983
-4843
-1999
-5055
-2023
-5375
-2007
-5595
-2019
-5863
-2035
-6115
-2051
-6311
-2015
-6563
-1939
-6787
-1999
-7055
-1999
-7287
-2027
-7583
-1947
-7791
-1971
-7971
-1971
-8175
-2007
-8515
-2027
-8743
-2011
-9003
-1987
-9211
-2039
-9363
-1963
-9699
-2059
-9963
-2011
-10211
-2059
-10379
-1947
-10683
-2035
-10867
-1963
-11099
-2035
-11347
-2027
-11611
-2051
-11803
-2059
-12139
-2035
-12395
-1947
-12595
-1995
-12835
-2003
-13035
-2059
-13259
-2067
-13595
-2051
-13779
-2075
-14011
-2011
-14291
-1987
-14515
-1987
-14763
-2067
-14923
-2075
-15155
-2011
-15387
-2035
-15635
-2059
-15891
-2011
-16155
-2027
-16427
-2011
-16715
-2051
-16955
-2019
-17075
-2075
-17371
-2067
-17643
-2059
-17915
-2011
-18155
-2051
-18395
-2059
-18515
-2011
-18875
-2275
1545
-2211
-127
-2287
-375
-2297
-511
-2285
-829
-2269
-1051
-2209
-1245
-2179
-1577
-2235
-1709
-2227
-2047
-2261
-2191
-2281
-2499
-2151
-2675
-2275
-2963
-2279
-3155
-2295
-3425
-2301
-3677
-2247
-3919
-2221
-4217
-2193
-4425
-2219
-4681
-2307
-4915
-2279
-5139
-2183
-5331
-2271
-5651
-2259
-5807
-2275
-6135
-2223
-6343
-2255
-6611
-2211
-6811
-2187
-6987
-2255
-7315
-2243
-7511
-2223
-7783
-2203
-8059
-2215
-8255
-2187
-8463
-2299
-8659
-2235
-8967
-2287
-9255
-2275
-9491
-2259
-9707
-2307
-9891
-2291
-10211
-2315
-10347
-2275
-10635
-2243
-10851
-2235
-11123
-2291
-11387
-2203
-11627
-2299
-11859
-2267
-12067
-2259
-12323
-2291
-12555
-2307
-12859
-2291
-13003
-2187
-13243
-2203
-13587
-2243
-13819
-2227
-14027
-2315
-14307
-2211
-14547
-2275
-14747
-2259
-14939
-2203
-15147
-2195
-15403
-2283
-15723
-2315
-15947
-2299
-16163
-2251
-16459
-2267
-16715
-2307
-16915
-2243
-17107
-2203
-17347
-2307
-17659
-2299
-17851
-2243
-18027
-2275
-18395
-2187
-18603
-2307
-18843
-2547
643
-2463
-67
-2517
-259
-2493
-517
-2503
-847
-2431
-1103
-2537
-1227
-2465
-1581
-2529
-1767
-2499
-2007
-2439
-2223
-2443
-2527
-2509
-2683
-2465
-3005
-2513
-3239
-2519
-3375
-2515
-3677
-2473
-3919
-2437
-4107
-2525
-4431
-2467
-4569
-2471
-4823
-2523
-5175
-2543
-5383
-2523
-5599
-2483
-5819
-2471
-6087
-2403
-6327
-2427
-6531
-2475
-6763
-2515
-7079
-2447
-7303
-2507
-7507
-2415
-7727
-2455
-8023
-2507
-8267
-2487
-8411
-2531
-8743
-2523
-8931
-2459
-9215
-2435
-9507
-2491
-9739
-2459
-9947
-2451
-10195
-2531
-10371
-2459
-10707
-2475
-10915
-2427
-11115
-2547
-11435
-2435
-11651
-2531
-11843
-2483
-12155
-2539
-12307
-2443
-12539
-2435
-12875
-2475
-13003
-2555
-13275
-2547
-13547
-2539
-13803
-2507
-13971
-2499
-14195
-2475
-14443
-2435
-14787
-2483
-14987
-2451
-15259
-2435
-15403
-2515
-15667
-2435
-15915
-2475
-16179
-2531
-16427
-2539
-16651
-2507
-16835
-2547
-17163
-2531
-17419
-2499
-17587
-2475
-17811
-2531
-18027
-2515
-18323
-2507
-18563
-2475
-18859
-2667
589
-2751
-15
-2775
-275
-2727
-499
-2715
-763
-2755
-1023
-2783
-1291
-2711
-1547
-2743
-1811
-2675
-1995
-2763
-2243
-2747
-2463
-2747
-2771
-2683
-2927
-2763
-3259
-2747
-3499
-2683
-3665
-2763
-3899
-2735
-4135
-2727
-4343
-2703
-4683
-2707
-4939
-2711
-5099
-2699
-5303
-2735
-5631
-2667
-5835
-2747
-6111
-2659
-6251
-2755
-6507
-2759
-6767
-2723
-7067
-2783
-7251
-2759
-7555
-2703
-7711
-2743
-8055
-2779
-8183
-2691
-8471
-2715
-8779
-2699
-8883
-2743
-9147
-2679
-9475
-2739
-9699
-2723
-9923
-2739
-10187
-2675
-10419
-2731
-10707
-2731
-10851
-2715
-11107
-2787
-11411
-2755
-11555
-2683
-11891
-2691
-12059
-2739
-12275
-2707
-12531
-2795
-12851
-2747
-13035
-2739
-13315
-2731
-13587
-2771
-13739
-2779
-14019
-2787
-14259
-2771
-14435
-2779
-14763
-2771
-14963
-2787
-15259
-2675
-15451
-2707
-15691
-2739
-15947
-2739
-16187
-2795
-16403
-2795
-16643
-2787
-16875
-2683
-17171
-2787
-17363
-2755
-17555
-2723
-17843
-2755
-18155
-2771
-18355
-2795
-18531
-2763
-18867
-3003
109
-2923
-7
-2919
-303
-2963
-531
-3015
-835
-2963
-1011
-3003
-1275
-2971
-1483
-2987
-1731
-3027
-2043
-2995
-2291
-2979
-2543
-2939
-2683
-2911
-3007
-2943
-3267
-3011
-3391
-3019
-3647
-2947
-3899
-2899
-4111
-2987
-4439
-3007
-4671
-3031
-4859
-2987
-5147
-2947
-5323
-2939
-5551
-3003
-5823
-3011
-6067
-3011
-6331
-2967
-6551
-2999
-6819
-2951
-7083
-2987
-7343
-2883
-7515
-2975
-7791
-2951
-7975
-2987
-8231
-3003
-8523
-2983
-8667
-2979
-8963
-2999
-9239
-2991
-9483
-2995
-9707
-2979
-9883
-3027
-10163
-2915
-10411
-2971
-10635
-2931
-10891
-3027
-11179
-2987
-11323
-2907
-11579
-2987
-11915
-2971
-12123
-2939
-12355
-2963
-12595
-2939
-12819
-3035
-13003
-2963
-13259
-2923
-13475
-3011
-13795
-2995
-14043
-2931
-14251
-3011
-14427
-2923
-14731
-2947
-14995
-2923
-15163
-2995
-15491
-3027
-15643
-2995
-15987
-3019
-16203
-2963
-16371
-3027
-16651
-2987
-16947
-2955
-17139
-3035
-17427
-2979
-17635
-2947
-17891
-2915
-18091
-2995
-18395
-2979
-18579
-2939
-18851
-3247
141
-3195
-43
-3151
-331
-3183
-599
-3271
-831
-3235
-1047
-3179
-1251
-3207
-1463
-3227
-1731
-3223
-2031
-3211
-2279
-3239
-2523
-3247
-2635
-3231
-2967
-3155
-3163
-3223
-3463
-3227
-3691
-3215
-3879
-3151
-4099
-3191
-4379
-3239
-4643
-3255
-4863
-3259
-5115
-3195
-5343
-3171
-5539
-3219
-5831
-3175
-6047
-3151
-6355
-3179
-6487
-3171
-6787
-3215
-7063
-3155
-7275
-3215
-7487
-3231
-7691
-3251
-8047
-3223
-8267
-3191
-8499
-3127
-8659
-3127
-8967
-3239
-9239
-3219
-9459
-3171
-9667
-3251
-9867
-3275
-10147
-3251
-10435
-3235
-10611
-3179
-10955
-3195
-11155
-3163
-11427
-3275
-11547
-3211
-11899
-3219
-12043
-3147
-12299
-3259
-12523
-3243
-12827
-3155
-13043
-3259
-13355
-3211
-13531
-3203
-13755
-3227
-14027
-3171
-14307
-3227
-14507
-3147
-14723
-3187
-15035
-3163
-15243
-3147
-15467
-3259
-15707
-3203
-15907
-3235
-16163
-3227
-16443
-3147
-16635
-3211
-16907
-3163
-17163
-3171
-17395
-3275
-17563
-3267
-17803
-3171
-18051
-3267
-18379
-3275
-18627
-3179
-18835
-3427
141
-3467
-51
-3471
-307
-3507
-575
-3483
-847
-3499
-1047
-3475
-1239
-3435
-1587
-3423
-1815
-3435
-1983
-3399
-2183
-3455
-2487
-3507
-2715
-3435
-2923
-3483
-3223
-3411
-3431
-3483
-3727
-3391
-3975
-3435
-4123
-3515
-4351
-3427
-4643
-3479
-4867
-3419
-5147
-3447
-5359
-3415
-5583
-3471
-5887
-3447
-6083
-3395
-6303
-3479
-6507
-3431
-6843
-3447
-6975
-3427
-7335
-3411
-7527
-3491
-7807
-3499
-8043
-3403
-8163
-3463
-8451
-3455
-8719
-3495
-8875
-3455
-9199
-3403
-9491
-3443
-9707
-3483
-9891
-3515
-10179
-3475
-10467
-3427
-10619
-3435
-10867
-3467
-11131
-3491
-11347
-3491
-11667
-3491
-11819
-3499
-12035
-3387
-12323
-3491
-12635
-3467
-12787
-3515
-13019
-3427
-13291
-3467
-13491
-3499
-13771
-3419
-14059
-3515
-14259
-3499
-14443
-3499
-14747
-3427
-14979
-3499
-15195
-3395
-15499
-3499
-15747
-3475
-15971
-3491
-16227
-3459
-16387
-3507
-16691
-3403
-16867
-3467
-17131
-3491
-17371
-3467
-17619
-3435
-17907
-3475
-18091
-3411
-18331
-3451
-18595
-3491
-18819
-3611
125
-3707
-135
-3727
-247
-3647
-503
-3627
-855
-3683
-1051
-3671
-1283
-3635
-1547
-3739
-1719
-3711
-2035
-3695
-2279
-3735
-2503
-3691
-2771
-3735
-2995
-3683
-3251
-3691
-3427
-3711
-3663
-3663
-3943
-3599
-4099
-3687
-4331
-3699
-4651
-3751
-4883
-3659
-5091
-3755
-5343
-3659
-5559
-3679
-5887
-3707
-6071
-3679
-6271
-3659
-6551
-3691
-6747
-3715
-7055
-3723
-7267
-3655
-7563
-3655
-7715
-3735
-7991
-3683
-8199
-3739
-8503
-3707
-8723
-3667
-8875
-3675
-9179
-3747
-9483
-3707
-9683
-3691
-9947
-3723
-10203
-3731
-10459
-3731
-10635
-3635
-10859
-3747
-11171
-3691
-11355
-3635
-11651
-3683
-11851
-3643
-12075
-3739
-12363
-3739
-12555
-3731
-12755
-3755
-13035
-3683
-13307
-3747
-13539
-3667
-13787
-3651
-14035
-3755
-14315
-3651
-14523
-3659
-14747
-3627
-14931
-3643
-15235
-3739
-15435
-3715
-15691
-3643
-15955
-3651
-16227
-3643
-16435
-3715
-16603
-3755
-16907
-3651
-17155
-3675
-17387
-3747
-17643
-3675
-17875
-3683
-18075
-3643
-18387
-3667
-18619
-3731
-18811
-3947
125
-3907
-67
-3971
-267
-3867
-563
-3955
-799
-3895
-995
-3859
-1343
-3947
-1547
-3863
-1819
-3943
-2043
-3907
-2279
-3971
-2463
-3907
-2727
-3991
-2939
-3963
-3195
-3971
-3459
-3979
-3723
-3911
-3939
-3931
-4163
-3875
-4319
-3943
-4703
-3979
-4879
-3967
-5107
-3955
-5307
-3959
-5631
-3943
-5859
-3847
-6027
-3939
-6275
-3907
-6543
-3891
-6755
-3987
-6983
-3883
-7343
-3959
-7467
-3899
-7727
-3947
-8051
-3955
-8207
-3915
-8499
-3971
-8763
-3915
-8947
-3867
-9143
-3963
-9399
-3971
-9683
-3963
-9947
-3987
-10179
-3963
-10475
-3947
-10715
-3979
-10939
-3971
-11163
-3963
-11315
-3939
-11555
-3883
-11819
-3987
-12115
-3955
-12363
-3931
-12531
-3891
-12795
-3995
-13107
-3939
-13339
-3907
-13531
-3939
-13715
-3979
-13963
-3987
-14251
-3891
-14531
-3947
-14771
-3907
-14995
-3931
-15163
-3971
-15475
-3867
-15667
-3979
-15923
-3891
-16179
-3915
-16411
-3955
-16619
-3987
-16955
-3963
-17155
-3915
-17315
-3955
-17563
-3867
-17851
-3931
-18027
-3987
-18395
-3963
-18587
-3883
-18867
-4219
141
-4231
-71
-4163
-323
-4207
-607
-4151
-795
-4147
-999
-4199
-1251
-4119
-1535
-4179
-1751
-4083
-2011
-4219
-2219
-4111
-2463
-4123
-2671
-4119
-2959
-4159
-3187
-4179
-3395
-4159
-3619
-4095
-3975
-4191
-4171
-4135
-4427
-4215
-4691
-4203
-4799
-4167
-5095
-4087
-5311
-4115
-5619
-4127
-5815
-4219
-6015
-4103
-6291
-4199
-6551
-4135
-6831
-4167
-7095
-4171
-7307
-4099
-7507
-4107
-7803
-4183
-8035
-4175
-8227
-4155
-8403
-4219
-8695
-4219
-8939
-4171
-9167
-4127
-9427
-4107
-9643
-4219
-9867
-4131
-10203
-4219
-10395
-4219
-10587
-4203
-10891
-4187
-11107
-4163
-11347
-4227
-11619
-4163
-11899
-4203
-12139
-4155
-12379
-4139
-12603
-4171
-12867
-4155
-13083
-4155
-13227
-4227
-13507
-4235
-13835
-4211
-14019
-4195
-14211
-4219
-14555
-4179
-14739
-4203
-14907
-4211
-15195
-4179
-15419
-4147
-15707
-4211
-15947
-4211
-16155
-4171
-16411
-4219
-16683
-4235
-16899
-4171
-17155
-4235
-17307
-4139
-17643
-4171
-17819
-4211
-18091
-4131
-18315
-4219
-18627
-4147
-18851
-4399
101
-4339
-63
-4435
-263
-4407
-503
-4375
-855
-4439
-983
-4423
-1227
-4423
-1539
-4455
-1707
-4339
-2019
-4427
-2287
-4367
-2439
-4411
-2715
-4375
-2991
-4363
-3143
-4363
-3447
-4367
-3715
-4411
-3975
-4383
-4095
-4439
-4339
-4423
-4691
-4403
-4807
-4451
-5091
-4427
-5379
-4431
-5631
-4443
-5851
-4459
-6027
-4451
-6299
-4395
-6619
-4467
-6739
-4451
-7019
-4435
-7323
-4431
-7483
-4347
-7743
-4347
-7975
-4331
-8279
-4343
-8475
-4399
-8783
-4435
-8919
-4391
-9235
-4451
-9483
-4379
-9691
-4427
-9963
-4443
-10219
-4419
-10419
-4347
-10595
-4395
-10883
-4475
-11147
-4403
-11427
-4419
-11635
-4467
-11811
-4475
-12115
-4427
-12291
-4371
-12523
-4387
-12771
-4467
-13051
-4451
-13347
-4435
-13467
-4363
-13739
-4403
-14019
-4467
-14291
-4387
-14539
-4451
-14707
-4427
-14963
-4403
-15195
-4371
-15427
-4363
-15707
-4427
-15979
-4411
-16235
-4435
-16355
-4387
-16659
-4467
-16835
-4347
-17171
-4467
-17307
-4403
-17619
-4475
-17835
-4451
-18131
-4403
-18347
-4419
-18619
-4451
-18859
-4603
141
-4675
-3
-4683
-291
-4679
-559
-4675
-819
-4655
-983
-4687
-1295
-4655
-1435
-4671
-1743
-4607
-2011
-4671
-2299
-4667
-2507
-4715
-2767
-4651
-3007
-4595
-3207
-4675
-3379
-4699
-3707
-4663
-3931
-4639
-4163
-4667
-4359
-4651
-4699
-4655
-4823
-4691
-5055
-4667
-5415
-4627
-5643
-4663
-5827
-4631
-6023
-4615
-6283
-4679
-6483
-4667
-6839
-4599
-7051
-4639
-7235
-4695
-7499
-4683
-7703
-4691
-7979
-4675
-8247
-4683
-8531
-4683
-8695
-4599
-8959
-4611
-9211
-4563
-9435
-4715
-9675
-4627
-9883
-4707
-10107
-4619
-10379
-4699
-10643
-4643
-10899
-4699
-11123
-4699
-11427
-4619
-11571
-4683
-11883
-4707
-12147
-4699
-12379
-4715
-12603
-4667
-12827
-4715
-13043
-4651
-13331
-4611
-13563
-4691
-13715
-4699
-13947
-4699
-14243
-4611
-14539
-4675
-14723
-4691
-14931
-4643
-15147
-4667
-15435
-4587
-15731
-4651
-15939
-4699
-16187
-4619
-16371
-4707
-16627
-4651
-16867
-4627
-17091
-4699
-17435
-4667
-17547
-4675
-17883
-4667
-18067
-4707
-18267
-4699
-18539
-4699
-18851
-4899
93
-4811
-107
-4827
-307
-4919
-591
-4899
-731
-4855
-1035
-4911
-1239
-4851
-1483
-4903
-1815
-4875
-1923
-4923
-2179
-4931
-2455
-4939
-2727
-4883
-3019
-4875
-3219
-4923
-3395
-4867
-3623
-4883
-3943
-4887
-4143
-4903
-4383
-4947
-4595
-4907
-4883
-4899
-5123
-4955
-5367
-4899
-5587
-4899
-5807
-4875
-6091
-4923
-6307
-4839
-6599
-4903
-6855
-4891
-6987
-4827
-7267
-4947
-7471
-4903
-7711
-4923
-7919
-4847
-8203
-4899
-8435
-4883
-8699
-4863
-8907
-4915
-9151
-4831
-9515
-4947
-9643
-4835
-9963
-4851
-10195
-4891
-10363
-4931
-10683
-4867
-10851
-4867
-11083
-4827
-11435
-4955
-11675
-4955
-11811
-4867
-12075
-4931
-12387
-4939
-12579
-4907
-12819
-4883
-13027
-4947
-13243
-4851
-13523
-4907
-13819
-4875
-13979
-4915
-14219
-4867
-14459
-4843
-14723
-4907
-14979
-4915
-15251
-4843
-15491
-4899
-15627
-4891
-15907
-4939
-16123
-4939
-16371
-4931
-16707
-4835
-16955
-4867
-17131
-4875
-17419
-4955
-17667
-4867
-17875
-4867
-18107
-4947
-18275
-4867
-18611
-4947
-18859
-5119
149
-5103
-35
-5123
-339
-5063
-559
-5059
-779
-5187
-1055
-5147
-1207
-5083
-1531
-5091
-1803
-5171
-1955
-5063
-2179
-5163
-2535
-5167
-2751
-5123
-3011
-5119
-3187
-5155
-3423
-5155
-3647
-5143
-3899
-5151
-4131
-5171
-4391
-5079
-4607
-5131
-4919
-5135
-5095
-5143
-5387
-5155
-5603
-5091
-5799
-5099
-6083
-5051
-6287
-5055
-6515
-5163
-6755
-5123
-7075
-5131
-7239
-5147
-7479
-5143
-7707
-5051
-8011
-5143
-8263
-5155
-8499
-5135
-8755
-5147
-8899
-5107
-9235
-5115
-9467
-5155
-9651
-5187
-9875
-5091
-10171
-5075
-10371
-5115
-10595
-5123
-10891
-5147
-11147
-5187
-11411
-5179
-11643
-5179
-11875
-5195
-12123
-5131
-12299
-5187
-12571
-5107
-12779
-5187
-13115
-5187
-13291
-5075
-13507
-5187
-13803
-5179
-14003
-5147
-14267
-5131
-14427
-5195
-14683
-5155
-15027
-5163
-15179
-5083
-15483
-5171
-15627
-5067
-15899
-5099
-16211
-5171
-16419
-5171
-16627
-5123
-16939
-5195
-17083
-5075
-17315
-5107
-17555
-5163
-17835
-5195
-18131
-5179
-18379
-5099
-18571
-5163
-18835
-5323
101
-5395
-131
-5307
-383
-5355
-615
-5307
-839
-5347
-1043
-5339
-1239
-5427
-1499
-5323
-1819
-5355
-2035
-5419
-2187
-5419
-2467
-5371
-2667
-5363
-2907
-5435
-3155
-5355
-3367
-5395
-3731
-5403
-3875
-5427
-4235
-5379
-4399
-5371
-4607
-5331
-4883
-5435
-5083
-5355
-5355
-5435
-5675
-5387
-5867
-5395
-6071
-5347
-6363
-5339
-6527
-5435
-6755
-5371
-7059
-5347
-7239
-5363
-7507
-5395
-7775
-5419
-8059
-5379
-8195
-5323
-8435
-5355
-8687
-5371
-8971
-5427
-9179
-5379
-9367
-5355
-9643
-5347
-9899
-5339
-10227
-5323
-10355
-5395
-10587
-5379
-10851
-5403
-11067
-5355
-11323
-5419
-11547
-5411
-11915
-5347
-12139
-5395
-12371
-5355
-12571
-5379
-12843
-5371
-13035
-5435
-13283
-5395
-13531
-5419
-13707
-5363
-14011
-5395
-14203
-5347
-14467
-5307
-14715
-5379
-15035
-5395
-15267
-5435
-15443
-5323
-15627
-5435
-15899
-5411
-16227
-5315
-16355
-5395
-16627
-5435
-16947
-5427
-17155
-5371
-17371
-5331
-17563
-5403
-17835
-5411
-18123
-5387
-18331
-5427
-18547
-5419
-18819
-5595
109
-5627
-59
-5563
-379
-5627
-523
-5659
-795
-5675
-987
-5603
-1331
-5595
-1483
-5643
-1763
-5579
-2059
-5611
-2251
-5603
-2539
-5643
-2683
-5667
-2947
-5627
-3227
-5675
-3467
-5651
-3747
-5643
-3899
-5667
-4203
-5667
-4475
-5579
-4603
-5555
-4875
-5547
-5083
-5667
-5323
-5651
-5619
-5635
-5811
-5635
-6067
-5635
-6291
-5619
-6547
-5635
-6851
-5659
-7011
-5643
-7291
-5619
-7579
-5651
-7811
-5579
-8067
-5603
-8219
-5563
-8499
-5579
-8795
-5635
-8963
-5635
-9147
-5659
-9475
-5579
-9699
-5675
-9971
-5571
-10187
-5651
-10459
-5643
-10635
-5651
-10875
-5627
-11131
-5667
-11355
-5651
-11603
-5627
-11867
-5643
-12139
-5635
-12275
-5555
-12619
-5635
-12787
-5587
-13083
-5659
-13275
-5667
-13507
-5579
-13771
-5635
-13979
-5563
-14275
-5651
-14459
-5675
-14691
-5659
-14907
-5555
-15163
-5635
-15427
-5675
-15707
-5659
-15891
-5571
-16115
-5651
-16435
-5667
-16683
-5643
-16915
-5675
-17131
-5627
-17323
-5619
-17563
-5595
-17803
-5587
-18059
-5571
-18363
-5555
-18507
-5611
-18875
-5835
149
-5835
-99
-5819
-371
-5907
-547
-5907
-755
-5787
-1075
-5875
-1251
-5811
-1571
-5907
-1707
-5891
-2075
-5835
-2259
-5811
-2467
-5851
-2691
-5915
-3003
-5795
-3163
-5843
-3491
-5819
-3683
-5787
-3875
-5827
-4219
-5899
-4395
-5915
-4707
-5867
-4867
-5835
-5107
-5835
-5323
-5851
-5675
-5891
-5875
-5907
-6107
-5811
-6283
-5915
-6603
-5859
-6843
-5891
-7075
-5875
-7339
-5819
-7483
-5891
-7715
-5875
-7971
-5875
-8275
-5827
-8539
-5915
-8787
-5819
-8971
-5875
-9203
-5915
-9419
-5859
-9635
-5835
-9971
-5859
-10123
-5907
-10355
-5883
-10595
-5827
-10883
-5899
-11187
-5915
-11331
-5859
-11619
-5827
-11891
-5851
-12155
-5883
-12355
-5859
-12595
-5851
-12819
-5907
-13019
-5803
-13315
-5851
-13531
-5827
-13779
-5803
-13955
-5875
-14195
-5811
-14507
-5827
-14691
-5907
-14987
-5803
-15219
-5819
-15419
-5867
-15747
-5867
-15939
-5867
-16115
-5851
-16379
-5795
-16659
-5891
-16923
-5899
-17179
-5891
-17379
-5867
-17603
-5787
-17827
-5867
-18123
-5803
-18307
-5907
-18555
-5835
-18875
-6115
109
-6155
-83
-6115
-395
-6107
-635
-6131
-795
-6091
-1099
-6099
-1275
-6083
-1571
-6035
-1763
-6051
-2011
-6083
-2203
-6155
-2523
-6155
-2739
-6083
-3011
-6059
-3235
-6155
-3515
-6099
-3667
-6155
-3947
-6131
-4235
-6051
-4387
-6147
-4643
-6083
-4851
-6091
-5147
-6099
-5315
-6059
-5555
-6147
-5899
-6083
-6099
-6099
-6331
-6155
-6627
-6027
-6779
-6083
-7059
-6043
-7347
-6123
-7523
-6131
-7803
-6147
-8067
-6147
-8203
-6123
-8443
-6067
-8675
-6155
-9035
-6107
-9203
-6083
-9467
-6099
-9659
-6155
-9875
-6091
-10179
-6099
-10403
-6035
-10611
-6147
-10843
-6131
-11155
-6115
-11307
-6147
-11643
-6051
-11899
-6043
-12067
-6075
-12283
-6107
-12507
-6099
-12835
-6051
-13115
-6035
-13323
-6067
-13467
-6059
-13811
-6155
-14043
-6075
-14227
-6083
-14427
-6139
-14699
-6131
-14939
-6035
-15179
-6139
-15483
-6107
-15715
-6099
-15907
-6099
-16155
-6115
-16411
-6131
-16651
-6139
-16851
-6083
-17171
-6067
-17363
-6107
-17563
-6091
-17835
-6139
-18027
-6147
-18379
-6123
-18563
-6147
-18875
-6283
117
-6315
-155
-6339
-323
-6291
-563
-6379
-755
-6267
-1091
-6275
-1299
-6379
-1507
-6331
-1795
-6283
-2027
-6379
-2259
-6275
-2427
-6331
-2787
-6355
-3027
-6395
-3219
-6299
-3451
-6371
-3683
-6315
-3915
-6323
-4211
-6371
-4475
-6347
-4683
-6363
-4827
-6323
-5107
-6355
-5307
-6371
-5571
-6331
-5859
-6387
-6051
-6339
-6379
-6355
-6547
-6355
-6811
-6339
-7083
-6395
-7339
-6267
-7483
-6371
-7747
-6363
-7995
-6299
-8251
-6371
-8475
-6395
-8771
-6323
-9027
-6395
-9243
-6355
-9515
-6347
-9715
-6275
-9947
-6395
-10203
-6315
-10347
-6347
-10651
-6363
-10835
-6291
-11187
-6331
-11411
-6363
-11595
-6379
-11795
-6323
-12099
-6323
-12275
-6363
-12611
-6347
-12771
-6291
-13099
-6355
-13299
-6291
-13555
-6283
-13707
-6315
-13987
-6387
-14187
-6355
-14507
-6307
-14675
-6347
-14907
-6387
-15275
-6387
-15451
-6363
-15683
-6267
-15931
-6331
-16115
-6355
-16467
-6291
-16715
-6323
-16835
-6315
-17163
-6395
-17323
-6307
-17547
-6331
-17899
-6307
-18075
-6323
-18331
-6339
-18563
-6299
-18859
-6571
133
-6627
-75
-6587
-379
-6563
-523
-6619
-819
-6595
-1003
-6587
-1347
-6627
-1515
-6539
-1803
-6523
-2027
-6595
-2203
-6611
-2427
-6611
-2763
-6627
-2979
-6603
-3155
-6595
-3475
-6523
-3683
-6611
-3979
-6595
-4211
-6611
-4459
-6635
-4587
-6539
-4835
-6563
-5091
-6571
-5323
-6563
-5611
-6619
-5803
-6563
-6147
-6587
-6299
-6611
-6563
-6619
-6787
-6515
-7003
-6579
-7307
-6627
-7579
-6539
-7707
-6531
-7995
-6563
-8211
-6595
-8467
-6595
-8787
-6611
-8923
-6523
-9259
-6611
-9395
-6515
-9715
-6523
-9923
-6595
-10147
-6563
-10355
-6595
-10595
-6587
-10827
-6563
-11091
-6539
-11427
-6595
-11555
-6619
-11867
-6507
-12091
-6603
-12355
-6587
-12587
-6635
-12747
-6523
-13115
-6635
-13251
-6547
-13475
-6563
-13803
-6595
-13947
-6619
-14307
-6587
-14531
-6587
-14779
-6595
-14907
-6531
-15147
-6531
-15483
-6531
-15627
-6555
-15883
-6587
-16115
-6579
-16355
-6595
-16659
-6539
-16891
-6635
-17107
-6603
-17395
-6635
-17571
-6563
-17891
-6635
-18059
-6579
-18315
-6523
-18555
-6587
-18827
-6771
109
-6851
-123
-6835
-331
-6771
-547
-6755
-827
-6795
-1035
-6763
-1283
-6875
-1491
-6835
-1811
-6795
-2035
-6851
-2259
-6835
-2531
-6795
-2787
-6819
-2979
-6867
-3147
-6851
-3475
-6787
-3755
-6827
-3915
-6819
-4227
-6811
-4347
-6835
-4707
-6875
-4931
-6835
-5171
-6819
-5331
-6787
-5651
-6763
-5803
-6747
-6051
-6819
-6363
-6803
-6611
-6771
-6795
-6811
-7035
-6803
-7259
-6779
-7587
-6851
-7739
-6851
-7947
-6771
-8307
-6803
-8523
-6851
-8787
-6843
-9019
-6803
-9251
-6851
-9419
-6859
-9667
-6859
-9899
-6843
-10235
-6795
-10363
-6867
-10667
-6843
-10923
-6803
-11179
-6819
-11339
-6859
-11595
-6787
-11891
-6827
-12115
-6843
-12331
-6811
-12571
-6787
-12755
-6867
-13099
-6795
-13323
-6763
-13579
-6819
-13835
-6875
-13971
-6875
-14267
-6803
-14443
-6843
-14699
-6747
-14923
-6795
-15187
-6859
-15395
-6779
-15683
-6859
-15867
-6763
-16235
-6779
-16355
-6859
-16611
-6819
-16931
-6867
-17115
-6867
-17331
-6875
-17675
-6787
-17867
-6787
-18067
-6787
-18315
-6819
-18587
-6755
-18835
-7091
117
-7027
-83
-7107
-371
-7027
-523
-7115
-795
-7067
-1075
-7091
-1291
-7011
-1539
-7115
-1803
-7099
-1963
-7019
-2283
-7027
-2451
-7107
-2707
-7099
-3035
-7059
-3211
-7059
-3491
-7019
-3715
-7059
-3907
-7115
-4187
-7115
-4347
-7043
-4611
-7099
-4883
-7003
-5179
-6995
-5355
-7051
-5619
-7011
-5787
-7107
-6115
-7003
-6379
-7067
-6563
-7107
-6771
-7011
-7019
-6995
-7291
-7043
-7515
-7035
-7731
-7035
-7995
-7083
-8195
-7011
-8547
-7051
-8667
-7115
-9027
-7059
-9147
-7107
-9451
-7107
-9659
-7051
-9875
-7027
-10107
-7051
-10395
-7083
-10619
-7003
-10923
-7059
-11131
-7091
-11403
-7099
-11579
-7067
-11891
-7027
-12067
-7067
-12307
-7083
-12507
-7003
-12755
-7027
-13075
-7107
-13243
-7091
-13595
-6987
-13707
-6995
-14035
-7091
-14299
-7043
-14499
-7059
-14787
-7115
-14907
-7115
-15179
-7083
-15403
-7075
-15675
-6987
-15915
-7107
-16211
-7019
-16475
-7107
-16619
-7075
-16835
-7067
-17123
-7075
-17379
-7035
-17675
-7043
-17899
-7075
-18115
-7091
-18267
-7019
-18619
-7107
-18811
-7355
109
-7275
-75
-7283
-291
-7267
-547
-7347
-875
-7299
-1059
-7347
-1355
-7227
-1555
-7355
-1747
-7267
-2059
-7307
-2243
-7355
-2483
-7299
-2683
-7243
-3027
-7259
-3219
-7315
-3491
-7347
-3699
-7339
-3939
-7339
-4179
-7251
-4475
-7347
-4635
-7235
-4939
-7227
-5123
-7347
-5323
-7283
-5675
-7355
-5811
-7251
-6107
-7283
-6299
-7315
-6515
-7331
-6763
-7339
-7107
-7347
-7283
-7347
-7587
-7275
-7747
-7299
-8011
-7299
-8299
-7339
-8459
-7259
-8779
-7347
-9035
-7323
-9227
-7339
-9475
-7299
-9683
-7291
-9867
-7307
-10107
-7355
-10467
-7299
-10643
-7331
-10931
-7355
-11083
-7347
-11387
-7339
-11611
-7339
-11899
-7355
-12051
-7355
-12275
-7275
-12571
-7339
-12827
-7355
-13003
-7355
-13251
-7355
-13563
-7291
-13819
-7315
-13971
-7331
-14235
-7331
-14459
-7331
-14715
-7307
-14947
-7331
-15219
-7267
-15443
-7275
-15723
-7355
-15979
-7267
-16107
-7259
-16435
-7347
-16683
-7339
-16923
-7283
-17195
-7331
-17331
-7347
-17571
-7267
-17851
-7307
-18123
-7307
-18267
-7315
-18531
-7331
-18843
-7475
93
-7571
-83
-7491
-347
-7483
-587
-7491
-763
-7467
-1003
-7579
-1331
-7491
-1531
-7571
-1715
-7595
-1963
-7523
-2203
-7483
-2499
-7523
-2787
-7491
-2915
-7595
-3171
-7515
-3435
-7499
-3627
-7475
-3987
-7555
-4131
-7507
-4379
-7507
-4707
-7571
-4843
-7547
-5115
-7531
-5307
-7539
-5603
-7515
-5827
-7515
-6067
-7571
-6283
-7491
-6515
-7483
-6819
-7483
-7083
-7579
-7331
-7595
-7563
-7579
-7739
-7515
-8019
-7523
-8235
-7491
-8555
-7563
-8667
-7475
-8931
-7475
-9155
-7579
-9395
-7515
-9731
-7555
-9971
-7555
-10235
-7539
-10427
-7539
-10699
-7555
-10851
-7579
-11147
-7539
-11403
-7539
-11635
-7539
-11899
-7571
-12107
-7475
-12323
-7515
-12595
-7563
-12811
-7571
-13083
-7475
-13299
-7483
-13555
-7491
-13787
-7539
-14011
-7563
-14267
-7547
-14499
-7467
-14739
-7595
-14971
-7491
-15195
-7579
-15483
-7467
-15699
-7563
-15995
-7523
-16219
-7515
-16427
-7587
-16603
-7475
-16835
-7595
-17155
-7595
-17307
-7491
-17643
-7571
-17795
-7587
-18083
-7475
-18283
-7587
-18555
-7571
-18835
-7827
149
-7731
-75
-7795
-387
-7787
-571
-7779
-747
-7827
-1099
-7771
-1315
-7755
-1483
-7747
-1803
-7787
-2059
-7827
-2291
-7819
-2555
-7707
-2763
-7763
-3003
-7835
-3147
-7739
-3435
-7755
-3627
-7803
-3867
-7747
-4163
-7715
-4395
-7715
-4683
-7835
-4859
-7835
-5187
-7803
-5379
-7819
-5667
-7731
-5827
-7827
-6131
-7827
-6315
-7803
-6515
-7811
-6835
-7819
-7035
-7723
-7259
-7771
-7499
-7755
-7819
-7787
-8011
-7835
-8187
-7835
-8483
-7827
-8707
-7803
-8939
-7811
-9163
-7795
-9419
-7715
-9627
-7827
-9923
-7819
-10171
-7779
-10363
-7771
-10691
-7723
-10843
-7819
-11131
-7739
-11339
-7811
-11643
-7819
-11827
-7803
-12091
-7731
-12299
-7819
-12571
-7827
-12787
-7755
-13035
-7835
-13299
-7747
-13571
-7771
-13723
-7787
-13963
-7739
-14291
-7827
-14515
-7707
-14715
-7795
-14963
-7819
-15187
-7779
-15459
-7739
-15635
-7739
-15931
-7827
-16227
-7835
-16419
-7827
-16683
-7827
-16899
-7771
-17147
-7747
-17363
-7747
-17547
-7723
-17843
-7763
-18123
-7819
-18331
-7811
-18619
-7795
-18811
-8043
133
-8059
-131
-7947
-355
-7979
-595
-7971
-875
-8059
-1115
-7971
-1339
-8059
-1587
-8035
-1803
-8003
-2043
-8003
-2299
-8035
-2531
-8051
-2779
-8027
-2923
-8075
-3235
-8067
-3419
-7971
-3723
-8075
-3987
-7995
-4211
-7987
-4387
-8067
-4643
-8003
-4851
-7987
-5115
-8059
-5435
-8059
-5627
-7979
-5875
-8059
-6083
-7995
-6355
-8027
-6579
-8035
-6843
-8059
-6995
-8035
-7347
-8059
-7515
-8003
-7763
-8035
-8019
-8011
-8243
-7963
-8539
-7979
-8755
-8043
-8947
-7979
-9227
-8011
-9475
-8051
-9691
-8011
-9971
-8067
-10219
-7971
-10363
-7979
-10715
-8019
-10899
-8051
-11187
-8067
-11355
-8019
-11555
-7963
-11899
-8067
-12059
-8043
-12331
-8011
-12507
-8019
-12803
-8059
-13075
-8019
-13291
-7979
-13531
-7987
-13811
-7979
-14043
-8059
-14187
-8075
-14539
-8035
-14699
-8051
-14995
-8003
-15267
-8011
-15515
-7971
-15651
-8003
-15883
-7979
-16203
-8019
-16467
-8027
-16707
-8067
-16827
-8075
-17083
-8051
-17323
-7971
-17611
-8075
-17827
-8075
-18147
-7979
-18307
-8075
-18523
-8035
-18843
-8275
133
-8315
-107
-8275
-307
-8291
-531
-8299
-851
-8259
-1115
-8299
-1251
-8187
-1491
-8299
-1763
-8283
-1955
-8275
-2275
-8219
-2459
-8283
-2779
-8251
-2955
-8211
-3147
-8307
-3459
-8275
-3715
-8291
-3955
-8267
-4195
-8259
-4419
-8235
-4691
-8299
-4883
-8219
-5107
-8315
-5379
-8243
-5571
-8283
-5811
-8307
-6107
-8275
-6339
-8315
-6587
-8307
-6795
-8283
-7083
-8243
-7235
-8219
-7483
-8291
-7827
-8259
-8051
-8307
-8267
-8283
-8435
-8251
-8691
-8275
-8995
-8291
-9195
-8235
-9435
-8267
-9699
-8243
-9987
-8315
-10227
-8315
-10387
-8291
-10595
-8275
-10875
-8259
-11195
-8187
-11419
-8235
-11563
-8211
-11811
-8299
-12091
-8275
-12323
-8315
-12531
-8307
-12779
-8267
-13003
-8259
-13275
-8275
-13587
-8227
-13755
-8211
-14075
-8315
-14211
-8227
-14483
-8243
-14723
-8251
-14939
-8267
-15147
-8195
-15507
-8211
-15715
-8283
-15987
-8267
-16155
-8259
-16435
-8267
-16643
-8267
-16843
-8259
-17075
-8283
-17307
-8291
-17595
-8315
-17795
-8243
-18155
-8267
-18275
-8195
-18627
-8227
-18859
-8523
125
-8531
-27
-8555
-387
-8435
-555
-8523
-843
-8539
-1035
-8555
-1291
-8547
-1499
-8459
-1739
-8499
-2059
-8547
-2291
-8467
-2451
-8475
-2667
-8459
-2939
-8467
-3195
-8467
-3419
-8483
-3667
-8547
-3939
-8467
-4115
-8483
-4451
-8491
-4659
-8499
-4931
-8443
-5131
-8459
-5323
-8467
-5627
-8523
-5851
-8531
-6131
-8467
-6299
-8491
-6579
-8499
-6867
-8467
-7083
-8547
-7347
-8523
-7587
-8435
-7811
-8547
-7947
-8555
-8315
-8475
-8435
-8491
-8683
-8467
-8939
-8539
-9235
-8483
-9507
-8547
-9723
-8491
-9971
-8547
-10227
-8475
-10475
-8539
-10699
-8443
-10867
-8499
-11131
-8555
-11371
-8507
-11675
-8523
-11859
-8467
-12123
-8499
-12323
-8427
-12595
-8547
-12771
-8547
-13003
-8507
-13275
-8435
-13483
-8491
-13723
-8539
-14043
-8507
-14267
-8523
-14507
-8555
-14747
-8451
-14955
-8507
-15203
-8531
-15411
-8507
-15667
-8547
-15891
-8539
-16163
-8491
-16371
-8523
-16627
-8547
-16891
-8467
-17139
-8435
-17323
-8467
-17579
-8451
-17867
-8443
-18043
-8491
-18299
-8483
-18563
-8491
-18819
-8771
109
-8707
-67
-8795
-379
-8667
-547
-8763
-867
-8707
-987
-8763
-1227
-8787
-1579
-8771
-1819
-8699
-1987
-8771
-2307
-8755
-2483
-8779
-2747
-8787
-2955
-8747
-3275
-8779
-3507
-8771
-3715
-8731
-3875
-8771
-4195
-8779
-4419
-8795
-4651
-8771
-4835
-8699
-5155
-8763
-5323
-8691
-5571
-8699
-5899
-8667
-6139
-8787
-6379
-8779
-6587
-8763
-6803
-8699
-6987
-8683
-7251
-8787
-7531
-8699
-7835
-8779
-7987
-8779
-8235
-8707
-8435
-8699
-8755
-8747
-8971
-8795
-9259
-8707
-9459
-8667
-9755
-8795
-9955
-8691
-10147
-8779
-10347
-8715
-10691
-8723
-10955
-8755
-11195
-8795
-11387
-8763
-11563
-8675
-11915
-8795
-12139
-8675
-12283
-8779
-12507
-8715
-12779
-8755
-13075
-8691
-13315
-8715
-13499
-8667
-13779
-8739
-14027
-8771
-14219
-8715
-14523
-8707
-14795
-8779
-15019
-8675
-15195
-8779
-15483
-8747
-15651
-8787
-15939
-8723
-16187
-8787
-16443
-8763
-16627
-8795
-16955
-8795
-17179
-8675
-17355
-8747
-17635
-8755
-17795
-8763
-18027
-8771
-18355
-8715
-18611
-8699
-18859
-9019
125
-9027
-147
-8955
-331
-8971
-539
-8947
-747
-9011
-1043
-8963
-1355
-8963
-1539
-9027
-1827
-8971
-2035
-8971
-2227
-9019
-2499
-9027
-2795
-9003
-2915
-9019
-3275
-9011
-3459
-9003
-3635
-8915
-3923
-8963
-4211
-8931
-4475
-8931
-4595
-9019
-4915
-8963
-5107
-9035
-5371
-8923
-5643
-8939
-5787
-8947
-6051
-8915
-6275
-8947
-6603
-8987
-6779
-8971
-7099
-8979
-7243
-8955
-7523
-9027
-7747
-8947
-8051
-9035
-8203
-8963
-8435
-9019
-8675
-9011
-8963
-9027
-9163
-8979
-9515
-9011
-9659
-8963
-9995
-8931
-10235
-8955
-10371
-8955
-10611
-8955
-10915
-8907
-11123
-9027
-11307
-8979
-11555
-9019
-11891
-8955
-12075
-8915
-12267
-9019
-12539
-9019
-12747
-8995
-13035
-9003
-13315
-8955
-13499
-8995
-13755
-8915
-13963
-8987
-14187
-8947
-14475
-8955
-14715
-8995
-14987
-8923
-15235
-8923
-15411
-9011
-15723
-8939
-15883
-8987
-16211
-8987
-16451
-8979
-16627
-9011
-16931
-9035
-17083
-8939
-17347
-9003
-17603
-9003
-17899
-8971
-18051
-8955
-18371
-8963
-18563
-8939
-18875
-9275
101
-9187
-83
-9203
-299
-9251
-627
-9203
-867
-9203
-1099
-9163
-1299
-9187
-1539
-9251
-1835
-9211
-1971
-9227
-2243
-9275
-2435
-9163
-2795
-9251
-3003
-9227
-3243
-9259
-3443
-9187
-3635
-9251
-3923
-9203
-4227
-9219
-4411
-9275
-4635
-9267
-4947
-9259
-5155
-9243
-5323
-9203
-5675
-9163
-5835
-9187
-6035
-9227
-6291
-9195
-6563
-9251
-6867
-9275
-7043
-9211
-7315
-9163
-7587
-9203
-7827
-9267
-8027
-9179
-8299
-9275
-8459
-9203
-8739
-9219
-8987
-9267
-9179
-9227
-9483
-9179
-9731
-9179
-9971
-9171
-10187
-9195
-10451
-9259
-10635
-9259
-10947
-9259
-11075
-9251
-11355
-9251
-11547
-9243
-11835
-9267
-12035
-9203
-12323
-9243
-12619
-9243
-12875
-9267
-13115
-9187
-13267
-9211
-13547
-9195
-13731
-9211
-14067
-9235
-14211
-9251
-14451
-9267
-14699
-9187
-14947
-9275
-15171
-9275
-15387
-9227
-15627
-9267
-15995
-9227
-16171
-9267
-16467
-9251
-16675
-9211
-16907
-9227
-17195
-9179
-17427
-9275
-17627
-9251
-17795
-9187
-18027
-9251
-18323
-9275
-18531
-9219
-18843
-9467
117
-9443
-43
-9443
-379
-9451
-627
-9411
-875
-9459
-1051
-9403
-1323
-9499
-1491
-9403
-1787
-9467
-1987
-9411
-2219
-9491
-2523
-9459
-2675
-9515
-3011
-9483
-3227
-9467
-3515
-9443
-3739
-9443
-3971
-9491
-4187
-9491
-4419
-9491
-4683
-9507
-4827
-9387
-5195
-9427
-5403
-9403
-5579
-9515
-5907
-9459
-6059
-9515
-6275
-9499
-6571
-9475
-6875
-9515
-7067
-9499
-7283
-9459
-7475
-9483
-7739
-9427
-8059
-9467
-8219
-9387
-8427
-9515
-8675
-9491
-8939
-9443
-9211
-9475
-9459
-9507
-9723
-9491
-9939
-9443
-10187
-9435
-10419
-9419
-10611
-9427
-10955
-9507
-11147
-9507
-11331
-9499
-11595
-9491
-11795
-9499
-12099
-9403
-12355
-9451
-12627
-9451
-12827
-9411
-13115
-9507
-13275
-9491
-13475
-9459
-13819
-9451
-14003
-9435
-14307
-9507
-14483
-9467
-14779
-9483
-15019
-9387
-15251
-9483
-15427
-9499
-15723
-9475
-15947
-9467
-16211
-9515
-16387
-9451
-16683
-9475
-16827
-9475
-17139
-9507
-17411
-9467
-17547
-9411
-17787
-9419
-18131
-9451
-18299
-9395
-18595
-9483
-18875
-9675
101
-9731
-59
-9667
-299
-9739
-579
-9651
-819
-9651
-1027
-9747
-1291
-9739
-1531
-9707
-1819
-9691
-2027
-9747
-2267
-9723
-2483
-9715
-2715
-9715
-2907
-9683
-3267
-9667
-3467
-9675
-3723
-9651
-3883
-9659
-4171
-9683
-4419
-9691
-4699
-9707
-4955
-9747
-5091
-9747
-5419
-9699
-5619
-9747
-5851
-9691
-6155
-9675
-6379
-9627
-6571
-9659
-6827
-9731
-6987
-9715
-7323
-9731
-7595
-9747
-7723
-9739
-8035
-9699
-8307
-9643
-8539
-9707
-8667
-9707
-8995
-9755
-9171
-9707
-9483
-9707
-9659
-9707
-9939
-9707
-10219
-9627
-10443
-9627
-10635
-9691
-10907
-9691
-11147
-9691
-11371
-9683
-11587
-9755
-11851
-9699
-12043
-9731
-12323
-9635
-12555
-9643
-12779
-9739
-12987
-9675
-13307
-9651
-13563
-9731
-13779
-9739
-13947
-9675
-14187
-9755
-14555
-9651
-14795
-9723
-15011
-9627
-15219
-9659
-15467
-9755
-15723
-9739
-15939
-9675
-16211
-9723
-16475
-9755
-16619
-9731
-16851
-9691
-17179
-9731
-17411
-9699
-17579
-9755
-17795
-9755
-18035
-9707
-18355
-9707
-18571
-9739
-18811
-9907
117
-9939
-147
-9987
-331
-9883
-635
-9979
-779
-9947
-1059
-9955
-1355
-9971
-1555
-9883
-1835
-9995
-2019
-9931
-2267
-9963
-2491
-9907
-2787
-9923
-3035
-9883
-3219
-9955
-3499
-9915
-3699
-9971
-3915
-9955
-4171
-9923
-4443
-9915
-4595
-9875
-4955
-9971
-5195
-9995
-5403
-9955
-5611
-9987
-5883
-9875
-6131
-9915
-6283
-9891
-6531
-9947
-6851
-9971
-7019
-9987
-7315
-9899
-7491
-9899
-7747
-9939
-7955
-9923
-8195
-9923
-8427
-9987
-8715
-9995
-8939
-9995
-9163
-9987
-9395
-9995
-9731
-9923
-9971
-9915
-10147
-9923
-10475
-9963
-10691
-9971
-10955
-9891
-11099
-9867
-11363
-9939
-11603
-9923
-11915
-9987
-12083
-9987
-12395
-9931
-12547
-9955
-12803
-9947
-13035
-9947
-13283
-9995
-13555
-9891
-13819
-9979
-14003
-9875
-14315
-9971
-14451
-9987
-14731
-9915
-14987
-9987
-15227
-9963
-15483
-9883
-15731
-9963
-15915
-9867
-16171
-9963
-16451
-9979
-16611
-9891
-16851
-9955
-17139
-9947
-17387
-9995
-17659
-9883
-17875
-9995
-18139
-9939
-18363
-9963
-18635
-9987
-18835
-10139
133
-10187
-115
-10195
-331
-10227
-611
-10147
-851
-10227
-1035
-10219
-1235
-10179
-1475
-10107
-1835
-10147
-1995
-10147
-2195
-10107
-2491
-10171
-2795
-10203
-2955
-10195
-3187
-10235
-3467
-10187
-3699
-10107
-3987
-10195
-4179
-10195
-4379
-10131
-4611
-10163
-4899
-10211
-5099
-10227
-5419
-10163
-5651
-10147
-5819
-10179
-6091
-10211
-6299
-10179
-6579
-10235
-6875
-10203
-7043
-10171
-7259
-10195
-7531
-10235
-7811
-10211
-7947
-10203
-8291
-10131
-8467
-10227
-8723
-10147
-8931
-10227
-9219
-10131
-9499
-10211
-9667
-10235
-9987
-10211
-10203
-10219
-10379
-10155
-10603
-10139
-10859
-10235
-11139
-10219
-11419
-10195
-11547
-10219
-11795
-10211
-12059
-10203
-12291
-10211
-12627
-10115
-12803
-10235
-13075
-10139
-13315
-10219
-13595
-10115
-13715
-10235
-14027
-10235
-14203
-10147
-14539
-10155
-14755
-10155
-15027
-10195
-15259
-10235
-15475
-10219
-15747
-10235
-15995
-10203
-16219
-10203
-16459
-10123
-16611
-10219
-16835
-10171
-17075
-10219
-17355
-10131
-17667
-10227
-17827
-10155
-18067
-10235
-18395
-10171
-18635
-10147
-18851
-10475
133
-10467
-139
-10443
-363
-10427
-627
-10467
-827
-10451
-995
-10459
-1331
-10427
-1595
-10467
-1739
-10451
-2043
-10459
-2243
-10451
-2483
-10443
-2731
-10475
-2979
-10467
-3155
-10475
-3419
-10451
-3651
-10451
-3883
-10467
-4227
-10475
-4355
-10451
-4691
-10451
-4907
-10475
-5155
-10475
-5339
-10443
-5587
-10443
-5859
-10419
-6147
-10451
-6395
-10459
-6507
-10467
-6875
-10459
-7075
-10419
-7283
-10467
-7499
-10411
-7763
-10435
-8019
-10435
-8291
-10435
-8499
-10443
-8731
-10475
-8995
-10467
-9259
-10459
-9451
-10411
-9643
-10435
-9891
-10467
-10211
-10475
-10403
-10467
-10651
-10419
-10827
-10451
-11179
-10475
-11371
-10419
-11651
-10419
-11899
-10435
-12107
-10435
-12291
-10435
-12531
-10467
-12803
-10459
-13035
-10419
-13227
-10459
-13499
-10427
-13723
-10419
-14043
-10467
-14211
-10459
-14443
-10475
-14763
-10451
-15035
-10475
-15211
-10411
-15443
-10467
-15739
-10411
-15883
-10467
-16171
-10435
-16435
-10427
-16715
-10459
-16827
-10475
-17099
-10411
-17363
-10459
-17579
-10451
-17907
-10475
-18155
-10475
-18299
-10435
-18515
-10467
-18851
