101
787
261
-72
398
-307
107
-591
300
-745
209
-1049
327
-1274
346
-1584
242
-1775
401
-2033
341
-2224
207
-2543
313
-2635
149
-2951
193
-3163
185
-3481
143
-3717
213
-3851
165
-4209
159
-4357
119
-4621
93
-4851
117
-5155
117
-5351
85
-5659
133
-5787
85
-6055
101
-6251
101
-6511
93
-6739
109
-6979
125
-7255
117
-7455
133
-7767
125
-7947
85
-8307
149
-8479
133
-8651
149
-8883
93
-9223
149
-9499
141
-9675
101
-9939
101
-10211
117
-10411
101
-10627
101
-10931
149
-11099
85
-11371
149
-11635
141
-11883
85
-12099
141
-12395
149
-12507
85
-12779
117
-13051
141
-13259
125
-13539
149
-13715
93
-14027
93
-14187
125
-14555
125
-14699
85
-15027
93
-15163
85
-15491
125
-15667
133
-15987
133
-16171
141
-16459
117
-16603
93
-16859
85
-17115
125
-17307
125
-17627
141
-17827
125
-18027
117
-18331
149
-18611
85
-18875
-107
383
-131
-46
-71
-327
-25
-529
-133
-755
-119
-1037
-147
-1284
-18
-1473
-54
-1775
-31
-1981
-98
-2241
-89
-2517
-33
-2677
-63
-2903
-25
-3145
-21
-3427
-65
-3655
-147
-3923
-81
-4153
-101
-4411
-15
-4557
-131
-4795
-39
-5087
-131
-5383
-7
-5559
-91
-5763
-83
-6111
-103
-6267
-131
-6583
-143
-6851
-67
-7007
-71
-7339
-51
-7555
-135
-7723
-59
-8071
-87
-8259
-51
-8523
-135
-8755
-147
-8999
-43
-9167
-83
-9475
-155
-9755
-75
-9971
-123
-10203
-155
-10403
-139
-10635
-131
-10947
-155
-11147
-115
-11355
-123
-11603
-115
-11827
-107
-12051
-35
-12315
-123
-12611
-59
-12787
-67
-13091
-75
-13283
-91
-13539
-131
-13819
-131
-14035
-131
-14267
-91
-14555
-43
-14699
-131
-14963
-99
-15147
-75
-15435
-83
-15715
-35
-15963
-67
-16203
-131
-16347
-27
-16635
-155
-16915
-139
-17195
-67
-17371
-43
-17635
-99
-17835
-155
-18107
-27
-18307
-139
-18523
-51
-18827
-343
937
-280
-20
-338
-278
-349
-485
-368
-827
-365
-1089
-332
-1354
-257
-1483
-376
-1685
-261
-1973
-341
-2201
-269
-2449
-339
-2723
-263
-2897
-271
-3147
-389
-3443
-351
-3639
-299
-3855
-313
-4191
-351
-4345
-331
-4597
-315
-4895
-323
-5147
-339
-5399
-291
-5635
-375
-5859
-351
-6107
-291
-6315
-327
-6627
-379
-6851
-323
-6983
-355
-7211
-359
-7507
-323
-7823
-243
-8031
-251
-8223
-327
-8511
-311
-8775
-271
-8983
-279
-9243
-311
-9423
-387
-9747
-347
-9995
-339
-10195
-283
-10459
-379
-10635
-323
-10867
-395
-11179
-363
-11307
-299
-11611
-307
-11843
-307
-12115
-275
-12299
-395
-12595
-283
-12771
-347
-13107
-387
-13243
-355
-13523
-379
-13811
-379
-14027
-275
-14211
-299
-14475
-307
-14675
-331
-14931
-299
-15179
-379
-15443
-387
-15723
-275
-15923
-323
-16235
-307
-16467
-339
-16683
-395
-16843
-339
-17083
-291
-17355
-307
-17635
-395
-17883
-355
-18083
-283
-18395
-267
-18595
-387
-18819
-599
1317
-589
-51
-541
-292
-490
-620
-517
-836
-589
-1081
-559
-1272
-506
-1561
-509
-1779
-597
-1927
-567
-2303
-533
-2519
-523
-2731
-535
-2977
-615
-3245
-613
-3479
-595
-3653
-491
-3845
-587
-4187
-475
-4347
-563
-4617
-599
-4911
-567
-5059
-551
-5291
-531
-5527
-587
-5823
-603
-6123
-571
-6287
-615
-6479
-619
-6803
-603
-6971
-611
-7315
-603
-7507
-591
-7675
-615
-7963
-567
-8199
-563
-8475
-619
-8735
-527
-8875
-559
-9147
-535
-9435
-587
-9755
-523
-9995
-627
-10163
-611
-10427
-555
-10675
-547
-10923
-635
-11091
-563
-11427
-611
-11651
-595
-11891
-587
-12075
-579
-12379
-611
-12547
-595
-12835
-611
-13075
-587
-13299
-587
-13579
-587
-13771
-627
-13963
-523
-14219
-603
-14547
-547
-14739
-563
-15011
-571
-15251
-627
-15515
-627
-15635
-523
-15883
-539
-16147
-611
-16459
-587
-16619
-539
-16835
-563
-17155
-579
-17435
-603
-17587
-635
-17867
-619
-18083
-539
-18331
-619
-18635
-627
-18867
-723
1335
-828
-152
-766
-326
-803
-481
-817
-841
-858
-1025
-730
-1232
-841
-1450
-799
-1806
-853
-1927
-817
-2169
-759
-2497
-847
-2707
-823
-2989
-839
-3163
-839
-3387
-843
-3667
-825
-3899
-801
-4163
-839
-4373
-857
-4629
-835
-4807
-779
-5103
-799
-5367
-763
-5655
-831
-5771
-735
-6023
-815
-6347
-815
-6611
-795
-6751
-787
-7019
-811
-7315
-751
-7503
-839
-7751
-747
-7995
-795
-8307
-827
-8515
-847
-8763
-835
-8959
-779
-9191
-815
-9371
-859
-9715
-755
-9891
-835
-10115
-859
-10371
-867
-10707
-851
-10891
-803
-11147
-811
-11307
-819
-11659
-763
-11827
-819
-12147
-795
-12315
-827
-12523
-827
-12755
-875
-13115
-779
-13331
-827
-13555
-747
-13803
-819
-13971
-803
-14227
-827
-14443
-827
-14715
-867
-15027
-843
-15259
-819
-15499
-835
-15651
-827
-15883
-819
-16187
-819
-16427
-795
-16651
-843
-16931
-771
-17163
-835
-17395
-771
-17555
-747
-17811
-859
-18115
-803
-18387
-827
-18579
-859
-18859
-1019
1500
-1075
-61
-978
-289
-985
-497
-1067
-829
-1069
-1071
-1071
-1259
-1085
-1551
-1098
-1756
-1037
-1937
-1030
-2177
-1065
-2479
-1031
-2671
-1015
-2969
-983
-3147
-1009
-3461
-1029
-3671
-1111
-3891
-1023
-4221
-999
-4435
-1067
-4659
-1075
-4907
-1027
-5127
-1083
-5327
-1087
-5547
-1043
-5875
-1051
-6051
-1035
-6267
-1059
-6587
-1067
-6827
-1095
-7051
-1115
-7259
-1047
-7587
-1083
-7783
-1083
-8055
-1091
-8239
-999
-8491
-1059
-8719
-1063
-9023
-1035
-9267
-1051
-9483
-1035
-9747
-1099
-9955
-1011
-10235
-1099
-10459
-1075
-10643
-1027
-10939
-1091
-11083
-1075
-11315
-995
-11571
-1067
-11875
-1043
-12155
-1099
-12323
-1011
-12619
-1043
-12795
-995
-13075
-1067
-13267
-995
-13595
-995
-13731
-1043
-14075
-995
-14267
-1099
-14515
-995
-14683
-1115
-14987
-1075
-15219
-1115
-15443
-1011
-15683
-1099
-15979
-1067
-16211
-1099
-16411
-1059
-16667
-995
-16843
-1011
-17195
-1035
-17435
-995
-17595
-1051
-17787
-1011
-18107
-1035
-18307
-1115
-18555
-1003
-18859
-1355
849
-1250
-16
-1281
-317
-1289
-477
-1299
-775
-1253
-1039
-1319
-1211
-1291
-1472
-1304
-1827
-1223
-2017
-1321
-2167
-1311
-2501
-1343
-2677
-1247
-2887
-1331
-3245
-1319
-3501
-1219
-3709
-1327
-3887
-1267
-4205
-1195
-4425
-1235
-4643
-1335
-4899
-1211
-5059
-1259
-5411
-1255
-5519
-1335
-5887
-1319
-6083
-1315
-6307
-1319
-6527
-1327
-6847
-1239
-7071
-1243
-7303
-1207
-7579
-1315
-7763
-1291
-8047
-1231
-8199
-1315
-8507
-1243
-8723
-1295
-8955
-1227
-9243
-1331
-9375
-1347
-9699
-1283
-9899
-1259
-10123
-1331
-10355
-1267
-10691
-1283
-10859
-1275
-11131
-1355
-11347
-1347
-11627
-1275
-11803
-1299
-12099
-1339
-12299
-1299
-12611
-1235
-12875
-1291
-12995
-1355
-13347
-1331
-13547
-1267
-13835
-1339
-13955
-1355
-14195
-1299
-14443
-1323
-14763
-1259
-14955
-1331
-15211
-1331
-15427
-1347
-15667
-1323
-15883
-1243
-16219
-1339
-16459
-1331
-16675
-1275
-16907
-1259
-17131
-1315
-17379
-1347
-17579
-1355
-17867
-1339
-18123
-1331
-18307
-1259
-18531
-1331
-18827
-1579
1587
-1557
-41
-1531
-339
-1539
-561
-1541
-785
-1539
-1029
-1463
-1303
-1551
-1531
-1485
-1817
-1451
-1947
-1501
-2261
-1565
-2489
-1549
-2689
-1487
-3003
-1545
-3215
-1525
-3491
-1447
-3663
-1587
-3979
-1563
-4223
-1557
-4367
-1493
-4567
-1559
-4835
-1535
-5099
-1523
-5383
-1547
-5607
-1571
-5807
-1575
-6115
-1591
-6327
-1475
-6579
-1539
-6723
-1555
-7003
-1519
-7215
-1547
-7515
-1467
-7783
-1563
-8019
-1559
-8243
-1575
-8451
-1535
-8763
-1571
-9011
-1531
-9143
-1551
-9515
-1555
-9691
-1475
-9923
-1547
-10107
-1507
-10411
-1523
-10587
-1563
-10915
-1571
-11107
-1571
-11315
-1539
-11675
-1579
-11867
-1595
-12035
-1475
-12395
-1595
-12547
-1531
-12755
-1579
-13083
-1595
-13355
-1595
-13499
-1523
-13747
-1595
-14019
-1515
-14195
-1587
-14531
-1595
-14763
-1571
-14915
-1523
-15275
-1507
-15395
-1587
-15651
-1571
-15979
-1571
-16219
-1595
-16403
-1563
-16611
-1563
-16859
-1523
-17107
-1483
-17387
-1491
-17659
-1587
-17851
-1563
-18083
-1587
-18323
-1539
-18515
-1555
-18851
-1795
681
-1809
-71
-1767
-351
-1765
-563
-1793
-819
-1777
-1019
-1807
-1285
-1819
-1485
-1807
-1803
-1741
-2051
-1747
-2249
-1723
-2491
-1759
-2721
-1739
-3007
-1807
-3141
-1797
-3453
-1785
-3639
-1809
-3943
-1797
-4109
-1787
-4447
-1779
-4559
-1715
-4835
-1743
-5171
-1755
-5403
-1787
-5571
-1755
-5807
-1743
-6035
-1819
-6283
-1735
-6575
-1731
-6715
-1751
-6995
-1783
-7291
-1771
-7451
-1771
-7731
-1795
-7939
-1783
-8231
-1723
-8475
-1755
-8751
-1771
-8911
-1763
-9187
-1779
-9371
-1827
-9659
-1779
-9963
-1787
-10147
-1723
-10347
-1803
-10627
-1747
-10859
-1827
-11163
-1747
-11339
-1755
-11635
-1707
-11875
-1835
-12139
-1731
-12339
-1819
-12515
-1803
-12795
-1715
-13099
-1819
-13267
-1819
-13499
-1779
-13811
-1707
-13995
-1779
-14211
-1819
-14427
-1787
-14683
-1827
-14979
-1715
-15275
-1731
-15475
-1747
-15691
-1827
-15955
-1763
-16219
-1795
-16475
-1779
-16659
-1819
-16915
-1779
-17107
-1811
-17339
-1779
-17587
-1731
-17787
-1747
-18131
-1787
-18347
-1731
-18579
-1811
-18851
-2075
1387
-1987
-133
-2065
-315
-2047
-585
-1929
-847
-2073
-1011
-2029
-1231
-2027
-1549
-1995
-1717
-2037
-2059
-2043
-2201
-2011
-2433
-1975
-2637
-2027
-2891
-2035
-3153
-2029
-3477
-2045
-3733
-2025
-3921
-2007
-4227
-2051
-4393
-1987
-4643
-2023
-4851
-2067
-5059
-2003
-5323
-2023
-5603
-1955
-5835
-2007
-6055
-2019
-6355
-1955
-6491
-2027
-6783
-2051
-7039
-1995
-7211
-1991
-7503
-1967
-7807
-2011
-7955
-2035
-8283
-2015
-8455
-1947
-8655
-2047
-9003
-1995
-9119
-1987
-9467
-1979
-9699
-2003
-9971
-1955
-10203
-2051
-10443
-1963
-10627
-2067
-10891
-1955
-11099
-1963
-11379
-2059
-11643
-2027
-11843
-1987
-12099
-1979
-12291
-2043
-12579
-2027
-12819
-2003
-13043
-1955
-13259
-1995
-13587
-2051
-13787
-1987
-14011
-2011
-14283
-1971
-14539
-1979
-14699
-2035
-14915
-2067
-15235
-1979
-15491
-2043
-15667
-1995
-15955
-2011
-16211
-1987
-16435
-2027
-16691
-2027
-16835
-2019
-17083
-2027
-17371
-2067
-17659
-2059
-17795
-2035
-18059
-2067
-18267
-1995
-18587
-2027
-18867
-2275
1219
-2215
-131
-2279
-333
-2213
-503
-2287
-845
-2283
-1027
-2195
-1273
-2279
-1577
-2231
-1687
-2195
-1999
-2223
-2195
-2285
-2475
-2261
-2725
-2289
-2925
-2155
-3223
-2299
-3399
-2287
-3641
-2227
-3921
-2219
-4205
-2289
-4421
-2259
-4609
-2307
-4919
-2303
-5107
-2283
-5427
-2231
-5655
-2223
-5835
-2299
-6111
-2243
-6299
-2243
-6611
-2263
-6731
-2227
-7035
-2251
-7267
-2267
-7571
-2191
-7779
-2311
-7955
-2295
-8199
-2219
-8503
-2271
-8767
-2243
-8983
-2243
-9167
-2227
-9499
-2291
-9643
-2307
-9987
-2251
-10203
-2259
-10443
-2275
-10619
-2211
-10891
-2195
-11155
-2187
-11355
-2251
-11547
-2299
-11915
-2315
-12091
-2211
-12275
-2251
-12635
-2243
-12835
-2307
-13051
-2251
-13355
-2203
-13539
-2211
-13795
-2315
-14011
-2227
-14243
-2227
-14555
-2243
-14723
-2267
-14955
-2307
-15163
-2315
-15435
-2315
-15651
-2211
-15947
-2211
-16235
-2251
-16475
-2219
-16603
-2259
-16875
-2267
-17083
-2315
-17411
-2283
-17611
-2243
-17883
-2211
-18043
-2219
-18339
-2227
-18579
-2315
-18819
-2547
395
-2437
-69
-2455
-319
-2403
-529
-2499
-805
-2437
-995
-2503
-1279
-2475
-1485
-2501
-1727
-2505
-1949
-2473
-2243
-2443
-2529
-2407
-2653
-2479
-2961
-2485
-3207
-2533
-3375
-2513
-3661
-2457
-3901
-2435
-4203
-2433
-4333
-2513
-4683
-2515
-4815
-2455
-5167
-2499
-5391
-2467
-5535
-2515
-5819
-2491
-6075
-2479
-6263
-2483
-6531
-2507
-6799
-2535
-7015
-2507
-7207
-2443
-7499
-2535
-7707
-2515
-7947
-2539
-8179
-2531
-8483
-2515
-8655
-2543
-9027
-2499
-9227
-2523
-9491
-2547
-9731
-2475
-9883
-2475
-10195
-2539
-10403
-2451
-10683
-2507
-10931
-2547
-11187
-2531
-11339
-2539
-11571
-2515
-11819
-2435
-12067
-2523
-12315
-2475
-12523
-2523
-12755
-2523
-13051
-2523
-13331
-2555
-13539
-2483
-13747
-2539
-14035
-2475
-14243
-2467
-14491
-2539
-14763
-2451
-14971
-2451
-15195
-2451
-15459
-2475
-15707
-2539
-15987
-2515
-16171
-2499
-16443
-2467
-16611
-2555
-16947
-2467
-17147
-2547
-17355
-2491
-17579
-2467
-17787
-2555
-18075
-2531
-18355
-2539
-18523
-2467
-18867
-2667
919
-2695
-23
-2711
-315
-2755
-595
-2747
-719
-2667
-1069
-2727
-1259
-2751
-1503
-2775
-1803
-2775
-1995
-2767
-2219
-2767
-2419
-2783
-2715
-2719
-3019
-2711
-3247
-2731
-3487
-2639
-3699
-2775
-3899
-2727
-4167
-2663
-4371
-2751
-4627
-2771
-4879
-2775
-5119
-2711
-5395
-2739
-5627
-2655
-5867
-2763
-6123
-2651
-6375
-2715
-6551
-2755
-6795
-2703
-7027
-2763
-7203
-2739
-7559
-2695
-7723
-2731
-7959
-2779
-8263
-2731
-8455
-2707
-8691
-2707
-8951
-2779
-9227
-2675
-9471
-2795
-9627
-2795
-9971
-2715
-10147
-2787
-10379
-2771
-10715
-2723
-10939
-2771
-11123
-2763
-11387
-2771
-11563
-2795
-11883
-2771
-12155
-2707
-12267
-2755
-12619
-2707
-12875
-2771
-13019
-2675
-13267
-2779
-13523
-2763
-13731
-2771
-14003
-2795
-14187
-2755
-14539
-2755
-14747
-2771
-15027
-2683
-15195
-2795
-15459
-2763
-15659
-2787
-15963
-2755
-16155
-2731
-16363
-2779
-16667
-2771
-16835
-2779
-17131
-2731
-17419
-2707
-17643
-2723
-17843
-2795
-18139
-2763
-18363
-2747
-18619
-2699
-18835
-3003
109
-2971
-11
-2971
-351
-2931
-511
-2971
-751
-2947
-1107
-2911
-1239
-2971
-1467
-2991
-1755
-3027
-1919
-2899
-2291
-2987
-2539
-3027
-2703
-3003
-3027
-2983
-3271
-2887
-3427
-2959
-3635
-2975
-3963
-3011
-4127
-2963
-4391
-2983
-4659
-2991
-4819
-3003
-5151
-3027
-5371
-2915
-5587
-2943
-5771
-2987
-6067
-3027
-6351
-2907
-6627
-2971
-6759
-2995
-7015
-2971
-7235
-2975
-7463
-2911
-7807
-2987
-7943
-3015
-8263
-2991
-8527
-2987
-8779
-3027
-8947
-2875
-9239
-2975
-9415
-3011
-9643
-2963
-9979
-3035
-10179
-3035
-10411
-2987
-10691
-3027
-10931
-2915
-11155
-3035
-11323
-3027
-11635
-3019
-11851
-3035
-12051
-2931
-12331
-3003
-12635
-2971
-12851
-2971
-13051
-3003
-13331
-2979
-13467
-2907
-13771
-2947
-14043
-2963
-14251
-3019
-14483
-2963
-14739
-2947
-14979
-2931
-15163
-2971
-15515
-2947
-15699
-3027
-15971
-3011
-16115
-2971
-16387
-2923
-16619
-2955
-16867
-3035
-17155
-2931
-17339
-3027
-17635
-2947
-17795
-2947
-18051
-3027
-18267
-3035
-18507
-3019
-18859
-3247
141
-3243
-31
-3219
-271
-3243
-583
-3211
-871
-3171
-1047
-3191
-1231
-3231
-1483
-3207
-1731
-3115
-2051
-3151
-2267
-3243
-2543
-3147
-2727
-3227
-2963
-3171
-3171
-3247
-3415
-3275
-3627
-3223
-3931
-3247
-4115
-3183
-4419
-3191
-4643
-3171
-4819
-3231
-5167
-3199
-5327
-3175
-5587
-3171
-5863
-3247
-6107
-3235
-6291
-3215
-6487
-3179
-6811
-3255
-7071
-3143
-7283
-3163
-7459
-3195
-7775
-3167
-7971
-3219
-8211
-3131
-8427
-3131
-8731
-3175
-8951
-3219
-9147
-3223
-9427
-3251
-9683
-3163
-9963
-3259
-10227
-3219
-10363
-3235
-10651
-3275
-10867
-3267
-11123
-3259
-11403
-3219
-11555
-3211
-11835
-3235
-12099
-3219
-12395
-3267
-12563
-3187
-12827
-3171
-13035
-3179
-13355
-3211
-13547
-3203
-13803
-3251
-13963
-3163
-14227
-3251
-14515
-3171
-14699
-3179
-15003
-3251
-15179
-3267
-15507
-3259
-15755
-3195
-15875
-3243
-16235
-3219
-16475
-3235
-16651
-3147
-16891
-3163
-17139
-3267
-17403
-3211
-17635
-3251
-17827
-3227
-18035
-3251
-18355
-3147
-18595
-3147
-18867
-3415
141
-3451
-51
-3407
-331
-3439
-579
-3487
-795
-3491
-987
-3471
-1235
-3447
-1591
-3423
-1707
-3479
-1951
-3499
-2243
-3471
-2523
-3379
-2731
-3475
-2983
-3503
-3251
-3495
-3435
-3427
-3663
-3439
-3987
-3419
-4135
-3395
-4359
-3443
-4639
-3367
-4895
-3383
-5075
-3455
-5407
-3491
-5619
-3487
-5867
-3391
-6031
-3431
-6275
-3463
-6507
-3451
-6835
-3491
-7019
-3371
-7255
-3391
-7487
-3395
-7795
-3487
-7975
-3447
-8235
-3387
-8527
-3463
-8675
-3483
-8955
-3395
-9167
-3487
-9471
-3467
-9731
-3515
-9947
-3507
-10123
-3507
-10427
-3387
-10715
-3507
-10907
-3419
-11163
-3499
-11347
-3467
-11627
-3475
-11811
-3467
-12027
-3507
-12355
-3403
-12531
-3515
-12811
-3443
-13091
-3475
-13291
-3515
-13515
-3483
-13755
-3491
-13987
-3451
-14203
-3443
-14483
-3475
-14707
-3451
-14915
-3491
-15211
-3475
-15499
-3491
-15755
-3443
-15899
-3507
-16235
-3475
-16395
-3403
-16635
-3443
-16939
-3459
-17123
-3459
-17411
-3507
-17667
-3459
-17883
-3443
-18155
-3443
-18275
-3459
-18571
-3483
-18843
-3655
149
-3675
-27
-3723
-251
-3679
-495
-3663
-851
-3715
-991
-3739
-1275
-3663
-1507
-3743
-1723
-3659
-1959
-3679
-2195
-3719
-2447
-3663
-2715
-3655
-3015
-3695
-3239
-3715
-3387
-3679
-3699
-3743
-3987
-3647
-4123
-3643
-4343
-3655
-4695
-3747
-4939
-3747
-5163
-3723
-5351
-3695
-5579
-3735
-5879
-3735
-6067
-3719
-6259
-3647
-6487
-3647
-6831
-3711
-7083
-3683
-7331
-3667
-7467
-3691
-7735
-3651
-7947
-3715
-8279
-3695
-8443
-3671
-8775
-3607
-8971
-3651
-9179
-3659
-9507
-3723
-9707
-3683
-9987
-3747
-10163
-3731
-10363
-3699
-10651
-3715
-10843
-3755
-11099
-3739
-11379
-3707
-11619
-3731
-11867
-3723
-12083
-3739
-12355
-3691
-12515
-3755
-12811
-3755
-13059
-3675
-13355
-3707
-13483
-3667
-13763
-3675
-13955
-3739
-14219
-3667
-14539
-3659
-14675
-3715
-15003
-3699
-15163
-3675
-15387
-3643
-15755
-3747
-15939
-3699
-16179
-3707
-16403
-3699
-16587
-3691
-16867
-3691
-17147
-3635
-17371
-3635
-17619
-3643
-17899
-3739
-18155
-3747
-18363
-3715
-18587
-3699
-18875
-3967
149
-3979
-59
-3955
-303
-3931
-563
-3899
-863
-3923
-987
-3951
-1331
-3875
-1459
-3875
-1815
-3915
-2039
-3959
-2203
-3955
-2535
-3955
-2687
-3931
-2931
-3971
-3267
-3923
-3415
-3931
-3615
-3915
-3987
-3947
-4183
-3915
-4415
-3947
-4683
-3867
-4907
-3927
-5143
-3935
-5407
-3971
-5579
-3955
-5855
-3975
-6059
-3947
-6295
-3931
-6511
-3899
-6735
-3923
-7047
-3859
-7239
-3935
-7555
-3963
-7823
-3907
-7963
-3839
-8275
-3955
-8435
-3915
-8711
-3915
-8963
-3951
-9239
-3947
-9423
-3987
-9683
-3963
-9955
-3979
-10171
-3931
-10347
-3875
-10699
-3947
-10947
-3947
-11147
-3931
-11419
-3915
-11619
-3963
-11907
-3875
-12123
-3939
-12371
-3963
-12507
-3995
-12811
-3891
-13027
-3883
-13267
-3907
-13523
-3955
-13771
-3883
-14075
-3955
-14307
-3963
-14523
-3891
-14747
-3939
-14971
-3979
-15275
-3875
-15411
-3971
-15699
-3995
-15947
-3947
-16227
-3891
-16379
-3875
-16651
-3971
-16947
-3979
-17115
-3979
-17323
-3867
-17587
-3955
-17891
-3891
-18123
-3923
-18387
-3971
-18627
-3915
-18835
-4195
133
-4203
-75
-4099
-379
-4183
-591
-4135
-851
-4183
-987
-4147
-1307
-4211
-1587
-4227
-1723
-4091
-1971
-4219
-2203
-4107
-2415
-4199
-2703
-4115
-2955
-4143
-3195
-4171
-3399
-4187
-3663
-4171
-3975
-4123
-4167
-4167
-4443
-4195
-4675
-4187
-4803
-4175
-5111
-4207
-5379
-4211
-5599
-4215
-5847
-4139
-6099
-4131
-6315
-4091
-6551
-4163
-6819
-4107
-6979
-4111
-7279
-4191
-7559
-4115
-7819
-4207
-8043
-4199
-8275
-4211
-8455
-4187
-8659
-4195
-8951
-4207
-9263
-4195
-9507
-4235
-9643
-4227
-9979
-4227
-10171
-4107
-10419
-4163
-10699
-4155
-10835
-4195
-11147
-4211
-11435
-4179
-11611
-4203
-11843
-4211
-12043
-4203
-12275
-4107
-12603
-4123
-12859
-4123
-13019
-4211
-13347
-4187
-13579
-4211
-13787
-4171
-14043
-4219
-14315
-4131
-14451
-4227
-14787
-4195
-14923
-4163
-15267
-4155
-15403
-4139
-15691
-4203
-15891
-4179
-16115
-4139
-16363
-4123
-16667
-4163
-16827
-4123
-17163
-4211
-17339
-4147
-17595
-4203
-17875
-4187
-18075
-4163
-18371
-4139
-18571
-4147
-18851
-4399
101
-4407
-83
-4455
-359
-4411
-603
-4467
-771
-4363
-1015
-4447
-1247
-4463
-1491
-4395
-1723
-4447
-1971
-4387
-2291
-4415
-2447
-4383
-2795
-4379
-3035
-4427
-3207
-4403
-3443
-4351
-3727
-4371
-3955
-4411
-4175
-4399
-4331
-4343
-4687
-4451
-4843
-4443
-5071
-4375
-5307
-4443
-5559
-4419
-5835
-4399
-6103
-4371
-6275
-4379
-6591
-4451
-6759
-4403
-7027
-4455
-7211
-4403
-7527
-4371
-7815
-4431
-7947
-4415
-8175
-4363
-8523
-4443
-8663
-4451
-8903
-4431
-9247
-4419
-9363
-4443
-9675
-4443
-9987
-4347
-10139
-4475
-10371
-4427
-10627
-4395
-10835
-4451
-11075
-4435
-11379
-4427
-11555
-4451
-11851
-4435
-12107
-4371
-12355
-4451
-12507
-4451
-12803
-4411
-13083
-4427
-13251
-4427
-13531
-4395
-13747
-4427
-13979
-4387
-14291
-4427
-14523
-4443
-14667
-4467
-14979
-4363
-15243
-4451
-15507
-4435
-15667
-4371
-15923
-4419
-16131
-4459
-16443
-4467
-16635
-4347
-16947
-4443
-17147
-4475
-17331
-4435
-17667
-4427
-17867
-4419
-18083
-4451
-18307
-4443
-18627
-4451
-18859
-4575
101
-4687
-103
-4587
-335
-4679
-555
-4643
-755
-4671
-987
-4635
-1223
-4667
-1543
-4643
-1727
-4691
-2031
-4583
-2203
-4703
-2479
-4707
-2759
-4587
-2947
-4579
-3231
-4687
-3447
-4655
-3659
-4651
-3939
-4655
-4195
-4699
-4339
-4679
-4587
-4691
-4891
-4595
-5107
-4579
-5319
-4571
-5659
-4635
-5823
-4599
-6055
-4599
-6367
-4631
-6611
-4623
-6763
-4619
-7007
-4631
-7207
-4687
-7547
-4635
-7727
-4571
-7975
-4691
-8271
-4663
-8491
-4643
-8727
-4663
-9023
-4683
-9271
-4655
-9447
-4651
-9667
-4635
-9915
-4699
-10235
-4715
-10451
-4691
-10627
-4619
-10947
-4715
-11139
-4603
-11387
-4675
-11547
-4611
-11819
-4611
-12059
-4675
-12371
-4683
-12595
-4651
-12819
-4667
-13107
-4683
-13315
-4691
-13587
-4587
-13811
-4587
-14043
-4683
-14243
-4603
-14491
-4675
-14715
-4595
-14955
-4683
-15227
-4651
-15451
-4667
-15707
-4675
-15867
-4667
-16211
-4627
-16443
-4667
-16707
-4707
-16899
-4715
-17091
-4675
-17315
-4667
-17603
-4667
-17851
-4627
-18091
-4675
-18315
-4699
-18547
-4683
-18875
-4875
85
-4931
-7
-4827
-275
-4839
-587
-4815
-827
-4911
-1055
-4895
-1227
-4867
-1487
-4867
-1691
-4867
-1983
-4851
-2195
-4883
-2451
-4899
-2699
-4943
-2951
-4883
-3223
-4883
-3387
-4839
-3647
-4835
-3887
-4847
-4203
-4931
-4375
-4931
-4595
-4871
-4939
-4835
-5159
-4815
-5307
-4907
-5587
-4915
-5795
-4827
-6083
-4843
-6315
-4847
-6527
-4827
-6855
-4895
-7091
-4859
-7283
-4947
-7527
-4943
-7807
-4899
-8043
-4883
-8259
-4927
-8439
-4903
-8739
-4887
-9007
-4875
-9219
-4935
-9419
-4915
-9723
-4899
-9979
-4955
-10235
-4827
-10379
-4875
-10635
-4867
-10931
-4859
-11091
-4931
-11347
-4875
-11627
-4939
-11803
-4843
-12147
-4955
-12395
-4867
-12611
-4851
-12851
-4883
-13027
-4899
-13275
-4851
-13499
-4955
-13739
-4955
-14043
-4875
-14283
-4851
-14555
-4859
-14763
-4899
-15003
-4955
-15203
-4875
-15483
-4827
-15747
-4859
-15995
-4859
-16171
-4867
-16475
-4867
-16683
-4915
-16955
-4899
-17123
-4907
-17387
-4827
-17619
-4899
-17803
-4875
-18123
-4955
-18291
-4955
-18619
-4923
-18859
-5067
93
-5183
-115
-5167
-271
-5127
-567
-5175
-815
-5159
-1027
-5187
-1235
-5119
-1531
-5167
-1775
-5195
-2039
-5143
-2263
-5155
-2463
-5115
-2707
-5103
-2923
-5083
-3131
-5179
-3423
-5163
-3615
-5155
-3903
-5167
-4103
-5071
-4423
-5079
-4579
-5119
-4895
-5123
-5107
-5163
-5371
-5151
-5575
-5119
-5803
-5155
-6071
-5063
-6327
-5187
-6503
-5079
-6851
-5051
-7067
-5127
-7223
-5135
-7475
-5099
-7755
-5095
-8059
-5059
-8183
-5139
-8487
-5151
-8691
-5087
-8963
-5083
-9123
-5171
-9499
-5163
-9723
-5163
-9987
-5155
-10131
-5155
-10435
-5107
-10675
-5163
-10939
-5179
-11139
-5099
-11387
-5171
-11547
-5131
-11883
-5147
-12107
-5155
-12267
-5067
-12523
-5195
-12747
-5107
-13099
-5163
-13275
-5139
-13491
-5171
-13803
-5099
-14067
-5147
-14187
-5155
-14507
-5075
-14715
-5107
-14987
-5147
-15235
-5123
-15419
-5195
-15659
-5139
-15995
-5139
-16163
-5195
-16387
-5163
-16683
-5163
-16915
-5123
-17139
-5171
-17323
-5195
-17563
-5067
-17827
-5187
-18075
-5155
-18379
-5187
-18523
-5163
-18835
-5379
141
-5435
-75
-5403
-315
-5323
-519
-5395
-787
-5387
-979
-5403
-1259
-5403
-1595
-5379
-1691
-5395
-1939
-5331
-2315
-5371
-2419
-5435
-2675
-5427
-2955
-5427
-3267
-5355
-3495
-5355
-3739
-5419
-3867
-5363
-4163
-5347
-4435
-5371
-4587
-5347
-4875
-5347
-5119
-5355
-5307
-5363
-5583
-5419
-5875
-5411
-6099
-5371
-6247
-5379
-6607
-5355
-6715
-5419
-7059
-5403
-7323
-5339
-7531
-5347
-7739
-5355
-7975
-5403
-8227
-5315
-8527
-5395
-8671
-5403
-9011
-5371
-9119
-5363
-9363
-5363
-9643
-5419
-9979
-5363
-10131
-5419
-10443
-5387
-10683
-5419
-10915
-5395
-11179
-5371
-11387
-5427
-11651
-5395
-11851
-5371
-12147
-5347
-12371
-5411
-12619
-5387
-12827
-5379
-13083
-5403
-13235
-5395
-13547
-5323
-13715
-5315
-14019
-5435
-14235
-5411
-14499
-5403
-14723
-5427
-15011
-5355
-15267
-5371
-15395
-5387
-15667
-5427
-15915
-5435
-16203
-5435
-16435
-5363
-16651
-5371
-16835
-5379
-17115
-5427
-17403
-5419
-17603
-5315
-17907
-5411
-18083
-5315
-18291
-5435
-18563
-5411
-18811
-5595
109
-5667
-139
-5595
-339
-5675
-627
-5627
-819
-5675
-1059
-5675
-1227
-5667
-1579
-5627
-1835
-5643
-2075
-5603
-2291
-5643
-2475
-5635
-2779
-5643
-3019
-5611
-3179
-5675
-3459
-5619
-3627
-5675
-3883
-5595
-4171
-5595
-4419
-5555
-4595
-5619
-4827
-5619
-5083
-5651
-5403
-5675
-5643
-5603
-5891
-5651
-6099
-5643
-6299
-5603
-6603
-5643
-6875
-5547
-7027
-5595
-7251
-5619
-7563
-5651
-7715
-5579
-8075
-5603
-8275
-5619
-8443
-5579
-8699
-5651
-8979
-5651
-9203
-5587
-9459
-5643
-9731
-5675
-9923
-5611
-10195
-5643
-10475
-5579
-10683
-5635
-10931
-5667
-11067
-5627
-11371
-5635
-11579
-5635
-11835
-5571
-12035
-5579
-12379
-5627
-12579
-5587
-12811
-5675
-13027
-5555
-13251
-5563
-13515
-5587
-13739
-5547
-13987
-5659
-14299
-5667
-14491
-5595
-14707
-5587
-14907
-5555
-15147
-5563
-15435
-5619
-15675
-5643
-15963
-5635
-16139
-5587
-16459
-5635
-16699
-5587
-16931
-5547
-17131
-5659
-17379
-5675
-17611
-5627
-17827
-5627
-18131
-5675
-18267
-5619
-18579
-5635
-18867
-5883
109
-5883
-75
-5811
-371
-5891
-539
-5867
-843
-5867
-1003
-5859
-1291
-5883
-1523
-5859
-1739
-5795
-2059
-5915
-2243
-5835
-2435
-5907
-2731
-5899
-2995
-5827
-3155
-5915
-3483
-5803
-3659
-5851
-3867
-5867
-4187
-5891
-4355
-5827
-4611
-5867
-4899
-5891
-5075
-5875
-5363
-5835
-5675
-5811
-5915
-5875
-6043
-5915
-6395
-5907
-6603
-5835
-6803
-5883
-7035
-5843
-7347
-5835
-7483
-5827
-7747
-5859
-7971
-5787
-8243
-5915
-8507
-5915
-8723
-5851
-8987
-5899
-9219
-5891
-9451
-5803
-9643
-5835
-9939
-5899
-10123
-5875
-10363
-5827
-10699
-5827
-10931
-5851
-11083
-5891
-11419
-5891
-11587
-5843
-11827
-5851
-12107
-5907
-12339
-5859
-12539
-5811
-12875
-5827
-13011
-5859
-13235
-5883
-13571
-5867
-13747
-5907
-13963
-5795
-14219
-5859
-14491
-5915
-14771
-5883
-14907
-5915
-15163
-5915
-15451
-5803
-15731
-5899
-15955
-5819
-16203
-5827
-16355
-5875
-16659
-5819
-16931
-5787
-17091
-5915
-17403
-5915
-17579
-5899
-17915
-5883
-18083
-5915
-18379
-5875
-18515
-5883
-18827
-6139
149
-6131
-43
-6051
-395
-6035
-515
-6099
-827
-6059
-1003
-6099
-1251
-6147
-1483
-6051
-1715
-6131
-2075
-6051
-2299
-6067
-2507
-6083
-2691
-6083
-3003
-6123
-3203
-6067
-3403
-6115
-3635
-6067
-3923
-6115
-4163
-6131
-4347
-6099
-4611
-6115
-4955
-6043
-5107
-6147
-5387
-6059
-5635
-6043
-5899
-6123
-6051
-6027
-6299
-6139
-6611
-6147
-6771
-6147
-7035
-6123
-7339
-6115
-7555
-6035
-7715
-6051
-8027
-6139
-8251
-6115
-8539
-6107
-8683
-6131
-9027
-6123
-9267
-6155
-9451
-6059
-9683
-6147
-9931
-6131
-10179
-6139
-10387
-6107
-10699
-6059
-10939
-6123
-11179
-6123
-11371
-6115
-11659
-6075
-11827
-6139
-12059
-6139
-12347
-6091
-12595
-6139
-12803
-6107
-13043
-6075
-13315
-6147
-13507
-6155
-13795
-6147
-13971
-6155
-14267
-6067
-14451
-6107
-14779
-6035
-14995
-6067
-15163
-6155
-15459
-6051
-15747
-6067
-15899
-6067
-16147
-6155
-16467
-6083
-16611
-6107
-16915
-6099
-17195
-6123
-17331
-6139
-17571
-6139
-17891
-6035
-18107
-6107
-18355
-6147
-18539
-6147
-18811
-6283
117
-6315
-155
-6315
-371
-6291
-555
-6291
-819
-6371
-1107
-6307
-1355
-6339
-1491
-6339
-1819
-6387
-1963
-6379
-2251
-6371
-2507
-6395
-2795
-6363
-3035
-6387
-3171
-6307
-3507
-6395
-3747
-6299
-3931
-6379
-4123
-6355
-4451
-6387
-4707
-6371
-4947
-6379
-5187
-6315
-5427
-6379
-5563
-6371
-5883
-6355
-6043
-6339
-6299
-6283
-6515
-6291
-6763
-6275
-7115
-6339
-7243
-6283
-7571
-6323
-7779
-6323
-8035
-6347
-8259
-6323
-8539
-6355
-8699
-6347
-8955
-6387
-9187
-6291
-9515
-6363
-9755
-6275
-9931
-6395
-10219
-6291
-10411
-6347
-10595
-6379
-10883
-6291
-11171
-6371
-11307
-6395
-11651
-6339
-11795
-6307
-12147
-6379
-12307
-6339
-12627
-6395
-12835
-6387
-13083
-6323
-13259
-6387
-13515
-6379
-13811
-6307
-13963
-6355
-14299
-6371
-14451
-6267
-14707
-6323
-15011
-6323
-15267
-6363
-15419
-6395
-15699
-6387
-15907
-6379
-16203
-6363
-16435
-6347
-16619
-6331
-16923
-6331
-17075
-6299
-17427
-6339
-17579
-6283
-17891
-6355
-18115
-6347
-18315
-6387
-18587
-6395
-18843
-6587
101
-6547
-51
-6555
-267
-6635
-507
-6531
-819
-6627
-1067
-6611
-1347
-6547
-1587
-6571
-1739
-6611
-1995
-6611
-2267
-6619
-2427
-6563
-2683
-6595
-3027
-6587
-3219
-6539
-3451
-6523
-3683
-6507
-3915
-6571
-4171
-6523
-4371
-6619
-4651
-6587
-4931
-6515
-5091
-6563
-5371
-6523
-5547
-6563
-5859
-6507
-6131
-6587
-6331
-6579
-6571
-6587
-6803
-6635
-7051
-6619
-7291
-6595
-7523
-6635
-7835
-6547
-8067
-6563
-8267
-6515
-8539
-6603
-8771
-6619
-8915
-6579
-9195
-6587
-9427
-6547
-9627
-6523
-9915
-6563
-10115
-6547
-10387
-6579
-10635
-6563
-10843
-6579
-11083
-6611
-11379
-6563
-11619
-6539
-11835
-6627
-12123
-6563
-12267
-6563
-12587
-6595
-12827
-6571
-13051
-6571
-13283
-6571
-13547
-6555
-13795
-6595
-13963
-6563
-14187
-6531
-14523
-6515
-14771
-6515
-15019
-6627
-15267
-6531
-15451
-6595
-15659
-6579
-15883
-6523
-16171
-6611
-16459
-6507
-16683
-6627
-16923
-6595
-17123
-6635
-17339
-6547
-17587
-6507
-17859
-6563
-18107
-6579
-18291
-6579
-18587
-6611
-18875
-6795
133
-6867
-155
-6851
-387
-6803
-547
-6835
-779
-6835
-1003
-6859
-1347
-6763
-1491
-6835
-1779
-6875
-2027
-6787
-2275
-6747
-2435
-6755
-2763
-6819
-2979
-6835
-3235
-6819
-3467
-6835
-3723
-6803
-3939
-6851
-4195
-6859
-4467
-6867
-4675
-6835
-4875
-6851
-5131
-6867
-5307
-6867
-5555
-6787
-5883
-6859
-6099
-6835
-6347
-6859
-6507
-6843
-6803
-6859
-7019
-6747
-7347
-6779
-7499
-6811
-7723
-6843
-8035
-6835
-8251
-6819
-8459
-6867
-8699
-6787
-8963
-6763
-9267
-6843
-9515
-6819
-9659
-6875
-9891
-6843
-10131
-6875
-10347
-6835
-10683
-6859
-10947
-6859
-11083
-6835
-11363
-6787
-11675
-6795
-11835
-6875
-12035
-6795
-12331
-6827
-12547
-6771
-12827
-6843
-13059
-6867
-13235
-6803
-13467
-6779
-13779
-6875
-14011
-6851
-14243
-6843
-14499
-6795
-14683
-6859
-15011
-6795
-15211
-6827
-15403
-6787
-15747
-6787
-15875
-6803
-16139
-6867
-16355
-6827
-16675
-6755
-16883
-6851
-17115
-6859
-17411
-6835
-17587
-6803
-17835
-6803
-18043
-6763
-18267
-6787
-18515
-6819
-18819
-7035
93
-7107
-83
-7107
-395
-7043
-635
-7091
-859
-7115
-1115
-6995
-1235
-7091
-1483
-7027
-1827
-7099
-1971
-7011
-2219
-7115
-2491
-7107
-2731
-7099
-3035
-7003
-3163
-7091
-3435
-7019
-3715
-7019
-3939
-6995
-4187
-7091
-4467
-7067
-4611
-7011
-4891
-7043
-5139
-7083
-5331
-6995
-5667
-7083
-5827
-7091
-6027
-7011
-6371
-7115
-6571
-7099
-6835
-7027
-7083
-7075
-7267
-7083
-7515
-7107
-7819
-7107
-7963
-7099
-8307
-7083
-8467
-7107
-8739
-7107
-8979
-7091
-9219
-7115
-9411
-7107
-9635
-7115
-9963
-7059
-10195
-7107
-10475
-7083
-10595
-7083
-10907
-7107
-11107
-7051
-11403
-7115
-11611
-7059
-11811
-7067
-12155
-7051
-12387
-7075
-12523
-7099
-12827
-7067
-13051
-7075
-13339
-7107
-13579
-7059
-13795
-7099
-14027
-7115
-14307
-7059
-14499
-7115
-14755
-7019
-15035
-7083
-15267
-7059
-15467
-7091
-15715
-7083
-15915
-7107
-16123
-7059
-16443
-7099
-16611
-7003
-16947
-7083
-17187
-7019
-17387
-7035
-17675
-7043
-17899
-7075
-18123
-6987
-18307
-7011
-18539
-6987
-18867
-7283
125
-7267
-99
-7283
-283
-7355
-635
-7339
-859
-7355
-1035
-7275
-1251
-7243
-1531
-7299
-1723
-7331
-2011
-7347
-2235
-7267
-2459
-7315
-2763
-7315
-3011
-7267
-3155
-7339
-3507
-7347
-3699
-7323
-3915
-7283
-4123
-7267
-4475
-7283
-4699
-7315
-4875
-7243
-5195
-7251
-5371
-7323
-5563
-7339
-5803
-7275
-6043
-7323
-6307
-7251
-6531
-7227
-6779
-7347
-7027
-7355
-7267
-7227
-7523
-7347
-7779
-7251
-8051
-7299
-8203
-7323
-8451
-7235
-8707
-7299
-8931
-7243
-9259
-7283
-9427
-7339
-9675
-7347
-9907
-7347
-10139
-7347
-10403
-7243
-10683
-7331
-10899
-7299
-11187
-7299
-11427
-7331
-11603
-7259
-11859
-7339
-12075
-7323
-12315
-7323
-12539
-7339
-12811
-7347
-13091
-7347
-13283
-7339
-13595
-7331
-13787
-7331
-13963
-7251
-14291
-7267
-14459
-7227
-14707
-7243
-14907
-7283
-15155
-7347
-15499
-7347
-15635
-7315
-15995
-7275
-16171
-7283
-16387
-7323
-16595
-7355
-16923
-7315
-17139
-7275
-17427
-7347
-17571
-7267
-17851
-7307
-18123
-7331
-18275
-7315
-18507
-7355
-18819
-7523
85
-7475
-99
-7491
-339
-7555
-611
-7547
-795
-7467
-995
-7507
-1251
-7579
-1499
-7563
-1779
-7531
-1971
-7563
-2315
-7563
-2443
-7547
-2787
-7579
-2915
-7555
-3211
-7595
-3451
-7507
-3755
-7563
-3915
-7595
-4235
-7507
-4371
-7595
-4643
-7595
-4923
-7547
-5115
-7539
-5307
-7491
-5571
-7555
-5787
-7499
-6107
-7555
-6355
-7579
-6539
-7563
-6819
-7547
-6995
-7539
-7347
-7555
-7571
-7579
-7779
-7579
-7995
-7595
-8259
-7491
-8555
-7507
-8739
-7595
-9019
-7531
-9147
-7491
-9443
-7539
-9715
-7491
-9931
-7595
-10211
-7515
-10355
-7531
-10659
-7515
-10907
-7539
-11179
-7587
-11347
-7563
-11579
-7555
-11827
-7579
-12123
-7507
-12299
-7555
-12523
-7555
-12779
-7531
-13115
-7587
-13283
-7555
-13523
-7515
-13771
-7523
-14067
-7547
-14219
-7571
-14499
-7595
-14723
-7475
-15011
-7539
-15211
-7571
-15499
-7579
-15731
-7523
-15875
-7475
-16163
-7531
-16379
-7595
-16699
-7539
-16899
-7547
-17163
-7507
-17379
-7531
-17611
-7571
-17795
-7587
-18083
-7579
-18307
-7547
-18635
-7587
-18867
-7779
149
-7787
-123
-7827
-387
-7827
-587
-7819
-779
-7715
-1115
-7771
-1307
-7795
-1547
-7763
-1795
-7819
-1987
-7707
-2283
-7819
-2555
-7779
-2731
-7771
-2931
-7835
-3243
-7739
-3435
-7707
-3627
-7723
-3971
-7835
-4203
-7827
-4347
-7835
-4651
-7819
-4883
-7835
-5091
-7787
-5363
-7819
-5667
-7771
-5891
-7723
-6147
-7763
-6299
-7755
-6595
-7779
-6747
-7731
-7019
-7747
-7267
-7739
-7595
-7747
-7715
-7739
-8043
-7835
-8307
-7787
-8491
-7723
-8747
-7795
-8955
-7803
-9203
-7755
-9507
-7819
-9707
-7795
-9867
-7747
-10131
-7795
-10363
-7827
-10587
-7827
-10939
-7819
-11163
-7803
-11355
-7827
-11635
-7747
-11819
-7779
-12107
-7827
-12371
-7827
-12539
-7819
-12803
-7827
-13099
-7755
-13227
-7795
-13483
-7723
-13787
-7747
-13963
-7819
-14307
-7739
-14491
-7835
-14787
-7723
-14939
-7755
-15187
-7819
-15499
-7779
-15747
-7779
-15963
-7819
-16211
-7819
-16347
-7787
-16611
-7747
-16891
-7819
-17171
-7835
-17315
-7763
-17635
-7723
-17843
-7763
-18123
-7763
-18339
-7835
-18547
-7819
-18875
-8043
109
-8059
-147
-8011
-371
-8075
-515
-8019
-803
-8059
-1099
-8003
-1299
-8035
-1571
-8003
-1707
-8035
-1955
-7995
-2283
-8075
-2499
-8067
-2763
-8043
-2931
-8003
-3227
-7955
-3507
-8075
-3627
-8027
-3867
-8051
-4179
-8027
-4475
-8059
-4643
-7971
-4843
-7987
-5115
-7979
-5435
-7971
-5627
-8075
-5867
-7979
-6115
-8067
-6339
-8051
-6515
-8051
-6875
-7987
-7099
-8035
-7275
-8051
-7531
-8027
-7747
-7979
-8043
-8035
-8291
-8043
-8523
-8027
-8723
-8059
-9011
-7995
-9155
-8027
-9507
-7971
-9691
-8019
-9955
-8051
-10187
-8051
-10363
-8075
-10691
-8011
-10915
-7947
-11083
-8059
-11307
-8043
-11611
-7979
-11891
-7947
-12083
-7979
-12387
-8051
-12619
-8027
-12827
-8027
-13075
-7995
-13315
-8043
-13499
-8067
-13755
-8043
-14075
-8043
-14267
-7995
-14475
-8003
-14667
-8035
-14979
-8051
-15243
-8075
-15467
-8035
-15723
-8043
-15987
-8027
-16187
-8051
-16427
-8043
-16595
-8019
-16923
-8043
-17179
-8067
-17355
-7963
-17635
-8075
-17827
-8075
-18139
-8051
-18395
-8011
-18531
-7947
-18827
-8275
133
-8315
-107
-8219
-283
-8243
-547
-8211
-875
-8227
-987
-8275
-1243
-8307
-1515
-8315
-1803
-8275
-1987
-8243
-2227
-8291
-2467
-8275
-2715
-8291
-2987
-8195
-3267
-8243
-3467
-8315
-3635
-8259
-3923
-8307
-4195
-8195
-4387
-8259
-4715
-8307
-4835
-8315
-5139
-8307
-5387
-8227
-5563
-8259
-5851
-8211
-6051
-8187
-6283
-8315
-6619
-8291
-6763
-8291
-7027
-8235
-7235
-8307
-7507
-8291
-7811
-8315
-8011
-8307
-8187
-8211
-8459
-8307
-8707
-8275
-9003
-8259
-9251
-8195
-9491
-8259
-9627
-8195
-9915
-8211
-10163
-8219
-10387
-8227
-10611
-8227
-10923
-8251
-11115
-8195
-11347
-8291
-11651
-8283
-11891
-8291
-12155
-8267
-12339
-8195
-12571
-8211
-12875
-8235
-13003
-8283
-13339
-8251
-13507
-8251
-13779
-8227
-14035
-8307
-14235
-8267
-14483
-8315
-14795
-8299
-14931
-8315
-15187
-8315
-15491
-8283
-15739
-8291
-15979
-8307
-16235
-8275
-16459
-8251
-16619
-8227
-16835
-8315
-17139
-8299
-17363
-8291
-17595
-8315
-17795
-8259
-18155
-8235
-18323
-8243
-18515
-8211
-18843
-8523
125
-8531
-27
-8555
-387
-8483
-563
-8539
-835
-8539
-1027
-8523
-1331
-8499
-1547
-8483
-1795
-8531
-1971
-8539
-2227
-8531
-2507
-8491
-2691
-8531
-3027
-8515
-3267
-8451
-3483
-8531
-3699
-8451
-3923
-8467
-4107
-8531
-4355
-8435
-4691
-8507
-4851
-8523
-5107
-8491
-5355
-8539
-5619
-8475
-5915
-8507
-6155
-8531
-6355
-8475
-6603
-8515
-6811
-8547
-7011
-8547
-7331
-8467
-7483
-8555
-7835
-8467
-7963
-8507
-8195
-8531
-8491
-8523
-8795
-8483
-8995
-8555
-9275
-8467
-9419
-8523
-9739
-8499
-9979
-8459
-10115
-8451
-10363
-8515
-10675
-8507
-10923
-8459
-11083
-8435
-11403
-8547
-11643
-8523
-11859
-8547
-12059
-8491
-12371
-8523
-12635
-8459
-12859
-8539
-13091
-8531
-13259
-8547
-13475
-8491
-13747
-8467
-14019
-8555
-14251
-8459
-14459
-8539
-14787
-8427
-14923
-8539
-15179
-8459
-15387
-8507
-15755
-8531
-15979
-8547
-16235
-8435
-16355
-8459
-16715
-8555
-16955
-8451
-17187
-8555
-17403
-8547
-17611
-8515
-17827
-8467
-18091
-8491
-18395
-8523
-18515
-8523
-18875
-8771
109
-8707
-67
-8795
-379
-8731
-563
-8691
-867
-8771
-1019
-8707
-1243
-8675
-1595
-8707
-1715
-8787
-1971
-8715
-2315
-8771
-2451
-8763
-2675
-8699
-2931
-8731
-3275
-8779
-3467
-8763
-3635
-8795
-3883
-8747
-4203
-8723
-4387
-8755
-4707
-8771
-4843
-8787
-5171
-8699
-5355
-8675
-5651
-8787
-5819
-8787
-6059
-8787
-6275
-8755
-6627
-8691
-6779
-8683
-7043
-8715
-7355
-8731
-7563
-8667
-7803
-8683
-8027
-8699
-8227
-8763
-8491
-8771
-8699
-8795
-9035
-8787
-9147
-8723
-9507
-8787
-9723
-8763
-9947
-8723
-10203
-8739
-10379
-8755
-10627
-8795
-10859
-8795
-11131
-8795
-11323
-8755
-11611
-8755
-11867
-8715
-12083
-8739
-12331
-8787
-12603
-8779
-12795
-8795
-12995
-8755
-13251
-8667
-13539
-8771
-13787
-8795
-13955
-8747
-14291
-8683
-14499
-8707
-14747
-8731
-14963
-8699
-15195
-8715
-15483
-8755
-15731
-8763
-15971
-8763
-16163
-8779
-16411
-8755
-16699
-8795
-16923
-8731
-17179
-8755
-17347
-8787
-17603
-8723
-17803
-8787
-18107
-8779
-18355
-8771
-18547
-8795
-18811
-9019
125
-9027
-147
-8923
-315
-9027
-531
-8947
-867
-9027
-1115
-8915
-1323
-9003
-1595
-8915
-1723
-9035
-2043
-9011
-2203
-9019
-2467
-9019
-2795
-9019
-2931
-8995
-3235
-9027
-3515
-8939
-3715
-8939
-3995
-8995
-4235
-9027
-4475
-9027
-4707
-9027
-4859
-9027
-5187
-8931
-5419
-8987
-5587
-9027
-5891
-8923
-6043
-8931
-6363
-9035
-6579
-9035
-6755
-8955
-7011
-9027
-7355
-9027
-7571
-8987
-7819
-8987
-7947
-8995
-8203
-8995
-8507
-8923
-8771
-8987
-8939
-8979
-9211
-8907
-9427
-9011
-9691
-9027
-9899
-8939
-10139
-8939
-10475
-8915
-10587
-8923
-10915
-9019
-11083
-8939
-11347
-8955
-11627
-8987
-11907
-9011
-12123
-8931
-12395
-8971
-12635
-9027
-12795
-9035
-13099
-9027
-13331
-8915
-13595
-8907
-13747
-8907
-14043
-8995
-14299
-8947
-14435
-9035
-14739
-9019
-15035
-8979
-15147
-9003
-15387
-8963
-15707
-9035
-15963
-9019
-16131
-8947
-16387
-8979
-16587
-8995
-16851
-9027
-17163
-8971
-17403
-8963
-17675
-8947
-17787
-8963
-18123
-8923
-18379
-8979
-18627
-8915
-18843
-9275
101
-9187
-83
-9267
-371
-9267
-563
-9195
-779
-9251
-1083
-9243
-1275
-9243
-1499
-9267
-1835
-9211
-2019
-9243
-2203
-9155
-2443
-9171
-2795
-9163
-2915
-9259
-3203
-9259
-3443
-9147
-3699
-9267
-3971
-9187
-4219
-9147
-4395
-9251
-4643
-9251
-4851
-9195
-5195
-9275
-5331
-9275
-5547
-9203
-5819
-9187
-6115
-9163
-6387
-9187
-6595
-9195
-6875
-9171
-7067
-9275
-7235
-9243
-7595
-9195
-7771
-9235
-8035
-9203
-8195
-9203
-8459
-9227
-8691
-9195
-8907
-9243
-9243
-9171
-9515
-9243
-9667
-9267
-9979
-9267
-10171
-9147
-10403
-9179
-10619
-9251
-10835
-9211
-11067
-9211
-11315
-9187
-11659
-9219
-11811
-9171
-12099
-9235
-12291
-9275
-12627
-9251
-12843
-9243
-13019
-9147
-13267
-9227
-13539
-9211
-13723
-9259
-13963
-9203
-14251
-9163
-14475
-9267
-14699
-9203
-14979
-9275
-15163
-9171
-15387
-9243
-15683
-9155
-15963
-9211
-16195
-9203
-16395
-9179
-16707
-9259
-16883
-9235
-17115
-9275
-17339
-9259
-17627
-9251
-17795
-9187
-18027
-9267
-18299
-9243
-18587
-9227
-18835
-9467
117
-9491
-131
-9475
-339
-9403
-579
-9491
-747
-9459
-1043
-9499
-1283
-9459
-1483
-9507
-1755
-9435
-1971
-9467
-2243
-9411
-2467
-9459
-2691
-9515
-2995
-9467
-3243
-9411
-3403
-9403
-3739
-9435
-3939
-9459
-4147
-9387
-4419
-9467
-4715
-9499
-4899
-9459
-5123
-9515
-5331
-9419
-5627
-9443
-5915
-9467
-6155
-9475
-6371
-9483
-6547
-9435
-6827
-9467
-7019
-9459
-7227
-9499
-7587
-9499
-7763
-9427
-8035
-9443
-8251
-9387
-8499
-9459
-8763
-9427
-8955
-9419
-9227
-9483
-9475
-9491
-9699
-9515
-9923
-9491
-10187
-9499
-10459
-9427
-10707
-9435
-10907
-9443
-11171
-9435
-11355
-9427
-11603
-9395
-11811
-9459
-12091
-9515
-12275
-9427
-12539
-9499
-12763
-9451
-13035
-9515
-13283
-9435
-13531
-9491
-13739
-9515
-13979
-9483
-14267
-9459
-14507
-9515
-14699
-9459
-14963
-9387
-15243
-9467
-15459
-9483
-15659
-9459
-15955
-9387
-16179
-9499
-16403
-9443
-16643
-9467
-16891
-9459
-17091
-9475
-17355
-9467
-17547
-9411
-17787
-9419
-18131
-9467
-18291
-9451
-18547
-9419
-18867
-9675
101
-9683
-75
-9691
-267
-9691
-523
-9707
-859
-9715
-987
-9707
-1267
-9683
-1563
-9755
-1771
-9667
-1995
-9715
-2315
-9731
-2539
-9755
-2667
-9635
-2947
-9715
-3147
-9651
-3459
-9627
-3635
-9755
-3875
-9651
-4195
-9699
-4435
-9683
-4699
-9723
-4835
-9691
-5099
-9747
-5347
-9731
-5571
-9755
-5851
-9635
-6067
-9683
-6275
-9691
-6595
-9755
-6787
-9643
-7003
-9651
-7291
-9659
-7547
-9755
-7827
-9747
-8035
-9691
-8203
-9707
-8427
-9755
-8675
-9651
-8939
-9755
-9227
-9755
-9459
-9691
-9731
-9747
-9899
-9739
-10139
-9747
-10475
-9723
-10595
-9739
-10915
-9635
-11075
-9755
-11347
-9635
-11611
-9723
-11787
-9707
-12139
-9651
-12323
-9715
-12547
-9707
-12755
-9715
-13019
-9723
-13339
-9739
-13523
-9715
-13819
-9755
-14003
-9755
-14203
-9627
-14499
-9715
-14739
-9691
-15003
-9715
-15267
-9683
-15507
-9715
-15715
-9755
-15939
-9643
-16211
-9627
-16475
-9691
-16595
-9651
-16827
-9723
-17067
-9739
-17371
-9731
-17667
-9755
-17795
-9755
-18035
-9707
-18355
-9675
-18507
-9627
-18811
-9899
109
-9947
-83
-9995
-379
-9995
-611
-9971
-875
-9987
-987
-9987
-1315
-9947
-1595
-9979
-1787
-9987
-2019
-9875
-2195
-9899
-2555
-9987
-2771
-9995
-2931
-9867
-3211
-9987
-3483
-9995
-3627
-9915
-3987
-9971
-4187
-9915
-4355
-9955
-4707
-9923
-4867
-9963
-5123
-9939
-5323
-9939
-5611
-9875
-5787
-9955
-6139
-9963
-6347
-9867
-6635
-9963
-6787
-9947
-7059
-9955
-7347
-9971
-7491
-9963
-7827
-9955
-7947
-9947
-8211
-9899
-8427
-9947
-8699
-9947
-8947
-9963
-9235
-9955
-9435
-9939
-9659
-9915
-9963
-9995
-10179
-9875
-10467
-9987
-10667
-9971
-10843
-9979
-11099
-9995
-11411
-9955
-11651
-9987
-11907
-9979
-12075
-9939
-12395
-9971
-12539
-9923
-12795
-9923
-13027
-9883
-13283
-9875
-13523
-9947
-13731
-9979
-14075
-9971
-14259
-9955
-14427
-9891
-14763
-9939
-14979
-9979
-15227
-9947
-15411
-9947
-15683
-9979
-15907
-9987
-16131
-9875
-16363
-9963
-16603
-9947
-16899
-9907
-17115
-9987
-17307
-9907
-17579
-9883
-17875
-9995
-18139
-9939
-18363
-9955
-18595
-9867
-18827
-10211
85
-10203
-99
-10163
-291
-10227
-547
-10171
-875
-10139
-995
-10227
-1275
-10235
-1587
-10163
-1803
-10235
-2027
-10163
-2307
-10203
-2539
-10235
-2755
-10131
-3011
-10131
-3211
-10227
-3459
-10179
-3731
-10195
-3915
-10235
-4115
-10203
-4355
-10123
-4635
-10227
-4955
-10235
-5107
-10211
-5419
-10179
-5659
-10235
-5875
-10203
-6027
-10227
-6267
-10179
-6547
-10211
-6875
-10171
-7019
-10235
-7307
-10123
-7523
-10187
-7723
-10171
-8019
-10211
-8227
-10123
-8523
-10203
-8755
-10187
-8963
-10139
-9259
-10139
-9483
-10195
-9651
-10187
-9915
-10131
-10187
-10227
-10443
-10227
-10627
-10115
-10947
-10115
-11067
-10211
-11315
-10179
-11571
-10179
-11915
-10187
-12123
-10115
-12275
-10195
-12531
-10227
-12867
-10115
-13027
-10107
-13251
-10179
-13515
-10163
-13819
-10203
-14027
-10163
-14307
-10195
-14531
-10139
-14731
-10227
-14947
-10195
-15219
-10227
-15443
-10155
-15667
-10131
-15995
-10195
-16123
-10123
-16419
-10211
-16715
-10163
-16867
-10235
-17139
-10139
-17379
-10131
-17627
-10187
-17795
-10211
-18059
-10187
-18323
-10195
-18539
-10187
-18867
-10459
109
-10427
-91
-10475
-387
-10435
-619
-10451
-851
-10435
-1035
-10427
-1291
-10475
-1563
-10459
-1819
-10451
-2059
-10475
-2219
-10427
-2483
-10435
-2723
-10459
-2907
-10419
-3155
-10451
-3387
-10475
-3667
-10459
-3891
-10411
-4123
-10451
-4379
-10435
-4683
-10435
-4923
-10411
-5131
-10411
-5435
-10467
-5643
-10411
-5883
-10467
-6155
-10419
-6267
-10467
-6611
-10475
-6771
-10411
-7035
-10451
-7315
-10467
-7563
-10427
-7747
-10435
-8027
-10419
-8219
-10459
-8507
-10419
-8707
-10435
-8995
-10475
-9195
-10467
-9427
-10459
-9675
-10435
-9971
-10467
-10179
-10435
-10379
-10475
-10587
-10443
-10931
-10435
-11171
-10443
-11339
-10419
-11603
-10459
-11867
-10451
-12115
-10427
-12275
-10435
-12547
-10443
-12835
-10435
-13051
-10451
-13331
-10475
-13499
-10451
-13795
-10435
-13979
-10435
-14235
-10475
-14467
-10475
-14779
-10451
-14995
-10419
-15147
-10443
-15467
-10427
-15699
-10475
-15875
-10451
-16179
-10467
-16363
-10467
-16627
-10443
-16827
-10419
-17179
-10419
-17315
-10475
-17651
-10427
-17811
-10443
-18139
-10467
-18267
-10443
-18507
-10443
-18811
