109
620
354
-50
181
-269
622
-505
189
-817
174
-1046
408
-1324
184
-1588
412
-1770
490
-2053
407
-2217
139
-2511
287
-2765
211
-3011
97
-3153
237
-3375
497
-3609
285
-3921
153
-4125
243
-4375
169
-4651
101
-4831
117
-5071
125
-5287
117
-5555
93
-5887
117
-6055
101
-6263
141
-6575
93
-6819
133
-7007
149
-7275
109
-7507
141
-7819
85
-8055
141
-8219
101
-8491
141
-8683
125
-8935
101
-9171
117
-9459
149
-9723
85
-9931
133
-10139
93
-10411
109
-10643
133
-10875
141
-11155
117
-11331
125
-11635
93
-11851
101
-12051
101
-12395
93
-12603
149
-12811
125
-13059
109
-13275
93
-13547
149
-13723
133
-14011
93
-14315
109
-14475
149
-14739
117
-14987
133
-15203
93
-15491
125
-15699
109
-15963
125
-16195
133
-16475
117
-16675
125
-16955
93
-17083
109
-17403
133
-17595
93
-17843
125
-18027
117
-18331
149
-18611
85
-18875
-154
1864
-124
-77
-146
-339
-44
-550
-113
-721
-35
-1039
-135
-1282
-15
-1483
-59
-1728
-113
-2045
-66
-2211
-145
-2417
-87
-2775
-103
-2989
-35
-3239
-123
-3471
-75
-3645
-41
-3949
-87
-4097
-91
-4393
-123
-4607
-63
-4919
-47
-5115
-83
-5319
-107
-5623
-119
-5851
-123
-6103
-103
-6239
-115
-6527
-87
-6847
-103
-6971
-95
-7267
-99
-7539
-147
-7755
-115
-8043
-35
-8267
-127
-8451
-83
-8647
-63
-9011
-87
-9131
-27
-9379
-43
-9667
-99
-9899
-59
-10195
-51
-10355
-91
-10699
-51
-10955
-155
-11075
-147
-11355
-59
-11667
-147
-11883
-123
-12123
-123
-12267
-107
-12571
-131
-12843
-131
-13075
-155
-13243
-91
-13539
-147
-13747
-99
-14059
-91
-14291
-115
-14451
-147
-14707
-115
-15019
-107
-15267
-139
-15467
-123
-15715
-51
-15907
-67
-16139
-35
-16451
-43
-16707
-91
-16939
-91
-17115
-115
-17331
-83
-17587
-115
-17915
-155
-18027
-27
-18339
-139
-18523
-51
-18827
-255
433
-335
-109
-354
-375
-298
-540
-345
-763
-249
-1031
-370
-1244
-358
-1571
-317
-1735
-349
-2027
-335
-2220
-351
-2471
-361
-2725
-305
-2913
-355
-3241
-321
-3419
-359
-3625
-371
-3861
-357
-4115
-323
-4439
-295
-4583
-315
-4875
-335
-5111
-331
-5379
-367
-5603
-387
-5811
-279
-6111
-335
-6355
-279
-6547
-243
-6751
-379
-7015
-327
-7263
-315
-7555
-355
-7715
-359
-8039
-251
-8179
-283
-8487
-271
-8711
-339
-8895
-251
-9203
-379
-9463
-299
-9635
-347
-9947
-395
-10219
-355
-10347
-355
-10619
-291
-10851
-395
-11155
-291
-11339
-371
-11595
-339
-11803
-307
-12115
-275
-12379
-395
-12595
-363
-12811
-363
-12995
-299
-13259
-371
-13531
-291
-13827
-291
-14059
-387
-14291
-387
-14555
-371
-14779
-371
-15019
-387
-15187
-355
-15427
-395
-15739
-395
-15955
-363
-16171
-379
-16419
-355
-16627
-395
-16867
-331
-17195
-379
-17307
-363
-17659
-387
-17915
-355
-18075
-379
-18315
-387
-18595
-387
-18819
-607
943
-589
-53
-483
-391
-558
-614
-561
-794
-615
-1047
-612
-1321
-567
-1543
-625
-1800
-593
-1994
-599
-2213
-583
-2435
-527
-2703
-529
-2893
-571
-3185
-511
-3465
-561
-3631
-569
-3897
-591
-4123
-601
-4383
-581
-4653
-591
-4931
-515
-5075
-559
-5403
-591
-5571
-567
-5899
-587
-6023
-627
-6247
-535
-6571
-563
-6815
-539
-7027
-543
-7263
-539
-7583
-515
-7759
-579
-7987
-631
-8275
-495
-8467
-575
-8723
-583
-8931
-619
-9127
-635
-9419
-619
-9627
-579
-9963
-563
-10227
-531
-10451
-611
-10707
-595
-10891
-611
-11171
-579
-11307
-595
-11571
-579
-11851
-515
-12067
-507
-12395
-531
-12635
-619
-12779
-595
-13115
-531
-13315
-627
-13539
-611
-13739
-579
-14051
-579
-14267
-635
-14435
-531
-14715
-619
-14907
-587
-15235
-603
-15395
-523
-15683
-611
-15987
-611
-16179
-619
-16435
-611
-16587
-515
-16851
-571
-17083
-611
-17331
-515
-17675
-539
-17851
-531
-18043
-555
-18315
-635
-18579
-635
-18867
-723
304
-846
-154
-720
-368
-839
-591
-835
-791
-840
-1019
-833
-1245
-785
-1491
-740
-1773
-835
-1937
-845
-2281
-715
-2449
-747
-2693
-807
-3011
-831
-3167
-733
-3455
-787
-3681
-787
-3971
-819
-4197
-839
-4385
-823
-4669
-767
-4875
-755
-5131
-727
-5423
-859
-5663
-851
-5847
-763
-6059
-851
-6367
-731
-6567
-819
-6783
-795
-7027
-799
-7219
-783
-7559
-847
-7751
-799
-7947
-751
-8203
-843
-8443
-843
-8743
-739
-9015
-835
-9147
-827
-9403
-755
-9675
-827
-9995
-819
-10123
-867
-10427
-763
-10715
-763
-10915
-755
-11139
-795
-11419
-835
-11587
-867
-11787
-867
-12051
-835
-12299
-803
-12531
-875
-12795
-779
-13059
-867
-13347
-827
-13475
-835
-13755
-843
-14003
-835
-14219
-835
-14475
-875
-14731
-819
-15011
-875
-15259
-867
-15443
-867
-15691
-795
-15931
-811
-16123
-819
-16379
-819
-16619
-827
-16835
-835
-17083
-867
-17323
-875
-17555
-851
-17883
-795
-18043
-843
-18299
-819
-18619
-835
-18875
-995
1302
-1071
-54
-1000
-349
-1035
-581
-1054
-807
-1013
-1035
-986
-1231
-977
-1442
-1009
-1808
-1011
-2031
-1074
-2255
-1095
-2443
-1063
-2655
-969
-2939
-1045
-3221
-1043
-3419
-1063
-3747
-1007
-3941
-1087
-4171
-1063
-4371
-1069
-4665
-1059
-4827
-1111
-5163
-1011
-5411
-1079
-5519
-1079
-5851
-1071
-6143
-1067
-6279
-1087
-6515
-1067
-6783
-1015
-6983
-971
-7251
-1039
-7455
-1035
-7771
-983
-8011
-1039
-8179
-1003
-8419
-1055
-8691
-1095
-8947
-1087
-9259
-1063
-9459
-1091
-9659
-1099
-9931
-1099
-10235
-1011
-10475
-1107
-10635
-1107
-10931
-1003
-11099
-1011
-11315
-1115
-11651
-1019
-11787
-1043
-12147
-1043
-12363
-1035
-12515
-1099
-12755
-1011
-13115
-1011
-13339
-1083
-13595
-1091
-13755
-1067
-13987
-1083
-14251
-1099
-14491
-1099
-14715
-1115
-14947
-995
-15219
-1115
-15403
-1083
-15731
-1091
-15947
-1107
-16147
-1107
-16347
-1091
-16619
-1107
-16923
-1003
-17171
-1075
-17339
-1083
-17563
-1011
-17851
-1075
-18155
-1051
-18307
-1043
-18571
-1027
-18875
-1299
694
-1245
-54
-1235
-365
-1251
-502
-1313
-731
-1271
-1071
-1238
-1225
-1268
-1579
-1276
-1724
-1323
-1925
-1283
-2158
-1227
-2417
-1303
-2721
-1203
-2951
-1289
-3219
-1313
-3501
-1315
-3681
-1345
-3909
-1255
-4205
-1227
-4411
-1345
-4669
-1231
-4855
-1235
-5167
-1327
-5303
-1323
-5603
-1295
-5827
-1319
-6067
-1339
-6243
-1243
-6551
-1343
-6771
-1247
-7071
-1327
-7231
-1291
-7543
-1259
-7779
-1283
-8035
-1251
-8203
-1247
-8515
-1311
-8663
-1295
-8991
-1319
-9199
-1275
-9371
-1339
-9643
-1347
-9923
-1259
-10155
-1283
-10419
-1275
-10675
-1283
-10947
-1251
-11067
-1323
-11379
-1315
-11587
-1355
-11907
-1347
-12155
-1299
-12307
-1331
-12531
-1315
-12859
-1323
-13051
-1251
-13355
-1283
-13515
-1323
-13763
-1267
-14027
-1267
-14283
-1347
-14475
-1347
-14755
-1227
-14995
-1275
-15243
-1291
-15387
-1315
-15651
-1315
-15995
-1291
-16235
-1235
-16355
-1355
-16691
-1347
-16931
-1291
-17075
-1267
-17347
-1315
-17651
-1291
-17811
-1299
-18035
-1283
-18395
-1259
-18595
-1275
-18843
-1579
883
-1587
-109
-1563
-311
-1485
-515
-1483
-799
-1571
-1069
-1595
-1209
-1519
-1537
-1555
-1771
-1569
-2027
-1571
-2245
-1511
-2495
-1519
-2677
-1525
-2955
-1571
-3211
-1555
-3371
-1519
-3703
-1461
-3955
-1463
-4107
-1555
-4395
-1525
-4659
-1551
-4839
-1471
-5055
-1467
-5307
-1551
-5555
-1515
-5783
-1539
-6031
-1563
-6267
-1447
-6503
-1491
-6739
-1487
-7035
-1515
-7199
-1567
-7515
-1435
-7743
-1463
-8031
-1563
-8171
-1479
-8483
-1491
-8727
-1499
-9011
-1571
-9151
-1483
-9499
-1523
-9755
-1515
-9907
-1547
-10123
-1595
-10395
-1531
-10659
-1539
-10851
-1515
-11179
-1595
-11379
-1555
-11611
-1571
-11819
-1531
-12035
-1507
-12363
-1523
-12571
-1499
-12819
-1587
-13059
-1595
-13355
-1467
-13491
-1587
-13715
-1539
-13987
-1539
-14283
-1539
-14427
-1523
-14755
-1571
-15035
-1531
-15195
-1491
-15515
-1475
-15659
-1531
-15939
-1555
-16235
-1587
-16427
-1507
-16675
-1515
-16867
-1563
-17139
-1515
-17355
-1571
-17571
-1523
-17899
-1539
-18067
-1579
-18323
-1499
-18611
-1499
-18819
-1763
1183
-1765
-51
-1767
-287
-1757
-495
-1779
-765
-1773
-1033
-1773
-1223
-1807
-1515
-1743
-1807
-1771
-1963
-1835
-2227
-1779
-2519
-1743
-2671
-1811
-2981
-1807
-3183
-1771
-3467
-1829
-3601
-1809
-3877
-1755
-4173
-1735
-4391
-1803
-4687
-1743
-4815
-1747
-5095
-1763
-5403
-1731
-5567
-1763
-5831
-1755
-6027
-1767
-6243
-1715
-6583
-1759
-6831
-1811
-7087
-1803
-7271
-1759
-7483
-1723
-7815
-1811
-7971
-1683
-8279
-1751
-8459
-1675
-8767
-1795
-9027
-1795
-9211
-1691
-9475
-1755
-9667
-1763
-9955
-1787
-10195
-1771
-10451
-1819
-10699
-1771
-10923
-1787
-11171
-1731
-11331
-1763
-11675
-1819
-11867
-1795
-12099
-1803
-12363
-1795
-12627
-1779
-12747
-1795
-13099
-1819
-13299
-1787
-13531
-1787
-13795
-1819
-13971
-1747
-14203
-1811
-14451
-1835
-14787
-1811
-14971
-1795
-15243
-1835
-15515
-1835
-15731
-1763
-15899
-1803
-16115
-1763
-16419
-1755
-16635
-1779
-16867
-1763
-17099
-1747
-17411
-1755
-17547
-1747
-17843
-1811
-18155
-1835
-18331
-1779
-18515
-1747
-18875
-2075
1075
-1975
-135
-2057
-329
-2011
-473
-2041
-771
-2059
-977
-1951
-1277
-2021
-1471
-2033
-1729
-2041
-1939
-1947
-2233
-2017
-2435
-1933
-2731
-1997
-3017
-2045
-3143
-2005
-3467
-2047
-3707
-1919
-3923
-1999
-4197
-2063
-4391
-1969
-4677
-2051
-4919
-1955
-5175
-2059
-5415
-1971
-5555
-2051
-5795
-2035
-6079
-2003
-6319
-1991
-6523
-1927
-6767
-2067
-7043
-2047
-7295
-2063
-7479
-2019
-7787
-2031
-7919
-2075
-8307
-2015
-8543
-1943
-8671
-2015
-8955
-1991
-9207
-1979
-9483
-2003
-9691
-2043
-9931
-2067
-10227
-2035
-10435
-2019
-10715
-2059
-10883
-2043
-11187
-2075
-11419
-2075
-11651
-2043
-11835
-2035
-12155
-1955
-12347
-2043
-12635
-2003
-12819
-1955
-13003
-1995
-13307
-2027
-13515
-2051
-13787
-2043
-14027
-1955
-14299
-2059
-14499
-2027
-14699
-2075
-14995
-2075
-15147
-2011
-15515
-1955
-15635
-2051
-15883
-1995
-16187
-1955
-16451
-2027
-16715
-2003
-16923
-2035
-17091
-2027
-17403
-2075
-17651
-1963
-17899
-2051
-18075
-2027
-18363
-2027
-18619
-2067
-18867
-2275
959
-2259
-55
-2315
-299
-2163
-521
-2285
-875
-2277
-1075
-2291
-1255
-2247
-1509
-2271
-1775
-2237
-1927
-2217
-2163
-2279
-2497
-2271
-2705
-2225
-2925
-2265
-3241
-2313
-3387
-2275
-3711
-2265
-3969
-2219
-4077
-2277
-4323
-2279
-4675
-2307
-4891
-2235
-5075
-2235
-5371
-2287
-5555
-2183
-5871
-2211
-6119
-2299
-6351
-2195
-6587
-2279
-6755
-2255
-6995
-2243
-7331
-2215
-7531
-2287
-7715
-2227
-8055
-2255
-8251
-2267
-8423
-2299
-8751
-2215
-8947
-2279
-9223
-2275
-9483
-2275
-9739
-2259
-9899
-2299
-10131
-2299
-10427
-2203
-10659
-2291
-10851
-2259
-11147
-2219
-11379
-2307
-11563
-2259
-11875
-2275
-12139
-2299
-12395
-2315
-12531
-2251
-12843
-2307
-13099
-2235
-13315
-2267
-13475
-2275
-13747
-2259
-14011
-2315
-14307
-2315
-14555
-2243
-14667
-2243
-14955
-2307
-15211
-2291
-15427
-2267
-15731
-2291
-15947
-2267
-16115
-2211
-16427
-2291
-16699
-2227
-16859
-2195
-17075
-2243
-17419
-2275
-17547
-2299
-17859
-2291
-18131
-2211
-18267
-2275
-18523
-2267
-18851
-2547
139
-2439
-69
-2533
-337
-2525
-497
-2469
-811
-2455
-1027
-2439
-1279
-2521
-1559
-2527
-1711
-2499
-2035
-2479
-2189
-2439
-2427
-2515
-2717
-2493
-2991
-2455
-3193
-2431
-3403
-2481
-3687
-2491
-3969
-2417
-4195
-2479
-4389
-2465
-4655
-2423
-4851
-2531
-5167
-2411
-5391
-2523
-5551
-2483
-5815
-2411
-6051
-2511
-6251
-2443
-6535
-2483
-6795
-2435
-6987
-2479
-7311
-2523
-7567
-2507
-7763
-2411
-7955
-2499
-8307
-2443
-8415
-2515
-8651
-2439
-8899
-2455
-9207
-2483
-9467
-2547
-9707
-2531
-9987
-2547
-10115
-2515
-10347
-2507
-10683
-2555
-10923
-2515
-11091
-2547
-11395
-2531
-11555
-2499
-11811
-2483
-12027
-2523
-12387
-2547
-12523
-2435
-12771
-2515
-12987
-2451
-13299
-2547
-13491
-2491
-13811
-2427
-14051
-2507
-14195
-2499
-14547
-2531
-14683
-2499
-15011
-2451
-15243
-2539
-15395
-2547
-15739
-2483
-15947
-2555
-16187
-2499
-16475
-2539
-16691
-2491
-16883
-2483
-17155
-2427
-17379
-2539
-17651
-2539
-17787
-2483
-18043
-2467
-18307
-2531
-18595
-2547
-18843
-2667
585
-2755
-131
-2703
-335
-2791
-555
-2771
-823
-2711
-1047
-2751
-1331
-2787
-1567
-2667
-1771
-2695
-1983
-2779
-2231
-2767
-2439
-2743
-2667
-2723
-2991
-2763
-3203
-2735
-3483
-2655
-3663
-2783
-3919
-2747
-4167
-2759
-4447
-2767
-4647
-2663
-4875
-2699
-5171
-2695
-5371
-2683
-5563
-2735
-5795
-2771
-6015
-2763
-6351
-2779
-6603
-2739
-6823
-2723
-7011
-2763
-7303
-2707
-7583
-2759
-7819
-2747
-8055
-2719
-8299
-2671
-8507
-2659
-8667
-2667
-8947
-2699
-9147
-2751
-9395
-2675
-9635
-2707
-9931
-2779
-10123
-2675
-10427
-2747
-10595
-2755
-10907
-2739
-11099
-2795
-11387
-2771
-11619
-2771
-11891
-2795
-12043
-2763
-12379
-2771
-12555
-2747
-12811
-2699
-13035
-2707
-13331
-2779
-13531
-2747
-13755
-2779
-14035
-2795
-14235
-2771
-14507
-2779
-14731
-2739
-14947
-2731
-15155
-2707
-15443
-2699
-15643
-2763
-15931
-2675
-16115
-2795
-16451
-2707
-16699
-2787
-16915
-2699
-17195
-2683
-17435
-2723
-17627
-2723
-17915
-2771
-18147
-2755
-18331
-2787
-18619
-2707
-18827
-3027
109
-3007
-35
-2959
-323
-2975
-599
-2915
-747
-2995
-1079
-2975
-1259
-2955
-1459
-2963
-1795
-2923
-2019
-2967
-2263
-2987
-2523
-2983
-2675
-2979
-3011
-2947
-3219
-2955
-3479
-3003
-3675
-2999
-3939
-2951
-4171
-3023
-4463
-2935
-4699
-2947
-4907
-2991
-5087
-2947
-5387
-2975
-5663
-3023
-5875
-2931
-6115
-2987
-6247
-2943
-6583
-2875
-6759
-2995
-7099
-2923
-7291
-2991
-7559
-2903
-7747
-2903
-8051
-2887
-8211
-2983
-8403
-2967
-8687
-3007
-8903
-2939
-9167
-2931
-9375
-2987
-9643
-2987
-9915
-2963
-10155
-2939
-10363
-2987
-10587
-3011
-10931
-3019
-11123
-3003
-11411
-3011
-11579
-2987
-11859
-2995
-12035
-2995
-12299
-3011
-12627
-3035
-12771
-2979
-13011
-3019
-13323
-3035
-13563
-3003
-13795
-3035
-13955
-3035
-14203
-2971
-14483
-3035
-14723
-2955
-14963
-2955
-15219
-2923
-15403
-2931
-15755
-2979
-15979
-3035
-16115
-2979
-16379
-3019
-16651
-3035
-16875
-3019
-17107
-2947
-17387
-2995
-17675
-2979
-17835
-3019
-18091
-3027
-18331
-2995
-18579
-2923
-18875
-3251
141
-3195
-51
-3243
-315
-3211
-571
-3211
-819
-3183
-1027
-3163
-1287
-3259
-1563
-3239
-1779
-3123
-2043
-3179
-2275
-3251
-2535
-3247
-2679
-3231
-2959
-3179
-3211
-3231
-3479
-3251
-3671
-3243
-3971
-3199
-4147
-3211
-4387
-3235
-4667
-3219
-4815
-3227
-5195
-3171
-5395
-3159
-5555
-3207
-5867
-3219
-6099
-3159
-6291
-3147
-6623
-3251
-6799
-3239
-7015
-3235
-7263
-3243
-7487
-3199
-7751
-3227
-7995
-3251
-8207
-3139
-8439
-3179
-8683
-3155
-8915
-3215
-9243
-3243
-9507
-3275
-9683
-3235
-9971
-3259
-10195
-3171
-10411
-3227
-10627
-3227
-10891
-3187
-11155
-3275
-11371
-3155
-11587
-3243
-11803
-3203
-12083
-3227
-12371
-3267
-12547
-3267
-12867
-3219
-13091
-3243
-13275
-3235
-13491
-3155
-13747
-3187
-14027
-3243
-14267
-3243
-14467
-3227
-14683
-3203
-15011
-3203
-15227
-3155
-15387
-3235
-15739
-3267
-15979
-3235
-16115
-3259
-16443
-3243
-16627
-3155
-16955
-3251
-17099
-3259
-17411
-3267
-17659
-3259
-17843
-3187
-18075
-3243
-18363
-3275
-18539
-3171
-18851
-3427
149
-3371
-43
-3495
-335
-3451
-515
-3483
-751
-3467
-1027
-3495
-1263
-3483
-1535
-3423
-1763
-3435
-2035
-3475
-2287
-3487
-2423
-3503
-2651
-3503
-2947
-3507
-3195
-3451
-3451
-3455
-3659
-3455
-3935
-3403
-4107
-3491
-4383
-3411
-4619
-3423
-4863
-3499
-5159
-3383
-5319
-3479
-5535
-3483
-5815
-3487
-6127
-3359
-6259
-3443
-6587
-3487
-6811
-3471
-6979
-3427
-7263
-3439
-7503
-3515
-7787
-3479
-7959
-3487
-8251
-3439
-8519
-3459
-8683
-3415
-8995
-3447
-9187
-3411
-9423
-3451
-9731
-3467
-9963
-3435
-10187
-3467
-10475
-3467
-10603
-3387
-10827
-3459
-11091
-3507
-11387
-3491
-11587
-3419
-11899
-3427
-12091
-3475
-12315
-3419
-12539
-3387
-12795
-3515
-13019
-3427
-13267
-3451
-13595
-3411
-13763
-3403
-14035
-3459
-14275
-3475
-14531
-3507
-14739
-3387
-14947
-3403
-15219
-3443
-15411
-3443
-15715
-3499
-15963
-3419
-16115
-3427
-16347
-3459
-16715
-3475
-16939
-3387
-17067
-3475
-17435
-3507
-17667
-3467
-17915
-3475
-18083
-3467
-18363
-3515
-18603
-3395
-18875
-3667
133
-3711
-27
-3687
-251
-3707
-531
-3643
-823
-3679
-995
-3651
-1239
-3639
-1551
-3747
-1827
-3731
-1915
-3615
-2199
-3691
-2503
-3627
-2739
-3711
-2891
-3675
-3131
-3623
-3439
-3715
-3715
-3739
-3983
-3615
-4095
-3731
-4435
-3731
-4663
-3683
-4847
-3747
-5187
-3727
-5331
-3635
-5579
-3715
-5879
-3639
-6031
-3699
-6271
-3739
-6543
-3711
-6751
-3715
-7059
-3723
-7287
-3659
-7535
-3619
-7683
-3655
-7991
-3723
-8223
-3671
-8491
-3683
-8727
-3683
-8931
-3631
-9195
-3647
-9379
-3691
-9715
-3707
-9987
-3659
-10203
-3723
-10467
-3707
-10603
-3739
-10955
-3715
-11067
-3683
-11371
-3691
-11603
-3675
-11867
-3715
-12083
-3755
-12331
-3755
-12627
-3715
-12811
-3747
-12995
-3659
-13355
-3723
-13563
-3691
-13739
-3731
-13947
-3707
-14187
-3723
-14475
-3739
-14699
-3667
-14931
-3659
-15251
-3699
-15491
-3643
-15675
-3659
-15987
-3643
-16163
-3667
-16379
-3627
-16707
-3627
-16843
-3699
-17099
-3659
-17435
-3683
-17675
-3723
-17803
-3715
-18123
-3651
-18355
-3667
-18539
-3723
-18859
-3963
149
-3959
-91
-3951
-351
-3903
-571
-3907
-791
-3871
-1079
-3963
-1195
-3967
-1487
-3963
-1715
-3971
-2007
-3883
-2187
-3943
-2531
-3967
-2667
-3915
-2931
-3939
-3263
-3943
-3483
-3863
-3723
-3935
-3975
-3915
-4179
-3979
-4395
-3979
-4651
-3891
-4903
-3923
-5055
-3979
-5327
-3943
-5547
-3935
-5811
-3883
-6091
-3939
-6315
-3967
-6499
-3951
-6771
-3943
-7015
-3947
-7351
-3963
-7499
-3891
-7759
-3907
-7971
-3963
-8255
-3959
-8499
-3939
-8675
-3943
-8971
-3955
-9147
-3963
-9371
-3963
-9731
-3931
-9939
-3947
-10147
-3883
-10427
-3963
-10611
-3931
-10835
-3931
-11099
-3995
-11411
-3883
-11611
-3971
-11875
-3915
-12123
-3915
-12315
-3963
-12603
-3899
-12747
-3939
-13027
-3947
-13347
-3987
-13555
-3955
-13803
-3875
-14067
-3915
-14203
-3875
-14555
-3971
-14739
-3955
-14931
-3947
-15275
-3915
-15395
-3979
-15755
-3915
-15995
-3931
-16227
-3883
-16403
-3995
-16699
-3995
-16843
-3955
-17099
-3883
-17315
-3923
-17627
-3907
-17787
-3915
-18139
-3931
-18323
-3899
-18627
-3995
-18843
-4195
141
-4135
-19
-4199
-323
-4183
-575
-4147
-795
-4159
-1007
-4155
-1219
-4107
-1519
-4195
-1691
-4163
-2003
-4099
-2283
-4211
-2403
-4203
-2647
-4107
-2971
-4163
-3155
-4111
-3423
-4175
-3715
-4199
-3987
-4179
-4083
-4095
-4443
-4219
-4675
-4147
-4875
-4187
-5167
-4119
-5299
-4171
-5659
-4179
-5871
-4183
-6091
-4139
-6303
-4083
-6495
-4143
-6823
-4231
-7027
-4115
-7235
-4107
-7491
-4203
-7687
-4175
-8011
-4183
-8231
-4159
-8531
-4143
-8683
-4131
-8903
-4127
-9243
-4107
-9491
-4187
-9635
-4115
-9963
-4235
-10203
-4235
-10363
-4139
-10611
-4179
-10955
-4147
-11139
-4131
-11363
-4211
-11643
-4179
-11811
-4171
-12099
-4195
-12331
-4195
-12611
-4227
-12803
-4219
-13027
-4163
-13307
-4227
-13515
-4203
-13835
-4203
-14051
-4179
-14227
-4235
-14547
-4155
-14675
-4171
-14995
-4211
-15219
-4123
-15515
-4187
-15731
-4107
-15923
-4155
-16179
-4147
-16419
-4155
-16643
-4203
-16931
-4131
-17131
-4139
-17355
-4195
-17643
-4219
-17835
-4147
-18083
-4219
-18363
-4203
-18515
-4147
-18851
-4423
93
-4447
-59
-4399
-235
-4411
-603
-4367
-815
-4427
-1075
-4391
-1243
-4387
-1491
-4455
-1751
-4347
-2035
-4383
-2231
-4387
-2503
-4407
-2723
-4435
-2955
-4451
-3175
-4407
-3495
-4451
-3723
-4347
-3927
-4343
-4095
-4355
-4423
-4475
-4683
-4367
-4939
-4367
-5131
-4443
-5283
-4371
-5583
-4319
-5859
-4423
-6035
-4459
-6391
-4443
-6527
-4363
-6759
-4419
-7023
-4435
-7303
-4375
-7507
-4443
-7823
-4467
-8043
-4475
-8283
-4407
-8471
-4443
-8675
-4391
-8987
-4395
-9171
-4435
-9407
-4427
-9651
-4403
-9939
-4467
-10163
-4435
-10371
-4475
-10707
-4355
-10859
-4427
-11139
-4411
-11419
-4347
-11635
-4419
-11787
-4387
-12139
-4419
-12315
-4475
-12635
-4411
-12755
-4371
-13003
-4435
-13227
-4443
-13507
-4395
-13787
-4467
-14035
-4451
-14211
-4427
-14451
-4347
-14779
-4403
-14907
-4411
-15211
-4355
-15395
-4411
-15627
-4427
-15963
-4363
-16195
-4411
-16467
-4419
-16595
-4355
-16867
-4435
-17147
-4363
-17339
-4475
-17611
-4355
-17843
-4411
-18067
-4435
-18347
-4459
-18619
-4451
-18859
-4659
85
-4603
-39
-4659
-331
-4679
-543
-4603
-755
-4623
-1035
-4635
-1235
-4683
-1519
-4587
-1783
-4715
-2011
-4659
-2255
-4647
-2395
-4639
-2771
-4591
-2951
-4595
-3199
-4715
-3399
-4683
-3731
-4647
-3931
-4623
-4099
-4603
-4455
-4675
-4583
-4575
-4855
-4671
-5059
-4651
-5375
-4691
-5563
-4703
-5883
-4563
-6039
-4699
-6371
-4647
-6539
-4715
-6859
-4619
-7051
-4583
-7343
-4699
-7515
-4707
-7767
-4671
-8067
-4659
-8195
-4667
-8427
-4627
-8743
-4627
-8923
-4655
-9187
-4651
-9471
-4707
-9699
-4603
-9947
-4707
-10163
-4587
-10443
-4707
-10587
-4651
-10899
-4659
-11187
-4715
-11363
-4643
-11635
-4651
-11795
-4643
-12075
-4707
-12363
-4667
-12563
-4611
-12851
-4603
-13019
-4699
-13227
-4603
-13491
-4707
-13803
-4715
-13995
-4595
-14315
-4603
-14547
-4707
-14787
-4643
-14955
-4699
-15155
-4659
-15507
-4707
-15731
-4595
-15931
-4651
-16139
-4707
-16427
-4587
-16691
-4635
-16835
-4627
-17171
-4699
-17435
-4643
-17547
-4635
-17787
-4683
-18043
-4707
-18291
-4715
-18627
-4659
-18851
-4815
117
-4895
-51
-4843
-355
-4859
-563
-4915
-715
-4935
-1063
-4891
-1327
-4923
-1523
-4843
-1823
-4803
-2011
-4899
-2299
-4891
-2499
-4947
-2739
-4923
-2935
-4891
-3195
-4931
-3459
-4887
-3731
-4931
-3967
-4903
-4211
-4875
-4411
-4947
-4599
-4823
-4819
-4851
-5167
-4955
-5399
-4939
-5607
-4891
-5795
-4815
-6015
-4883
-6339
-4839
-6519
-4851
-6835
-4923
-6999
-4831
-7339
-4859
-7435
-4891
-7743
-4927
-8003
-4883
-8307
-4839
-8507
-4871
-8783
-4827
-8931
-4931
-9151
-4827
-9415
-4947
-9643
-4899
-9907
-4955
-10123
-4883
-10387
-4899
-10595
-4907
-10899
-4915
-11179
-4843
-11307
-4939
-11563
-4907
-11899
-4867
-12067
-4955
-12363
-4891
-12595
-4867
-12803
-4915
-13011
-4939
-13315
-4931
-13555
-4939
-13771
-4939
-14019
-4947
-14307
-4827
-14555
-4867
-14723
-4907
-15003
-4947
-15251
-4923
-15443
-4947
-15667
-4867
-15995
-4899
-16139
-4915
-16363
-4947
-16683
-4907
-16955
-4899
-17163
-4939
-17347
-4923
-17595
-4931
-17907
-4883
-18083
-4915
-18331
-4899
-18563
-4827
-18867
-5135
109
-5119
-35
-5163
-291
-5111
-567
-5131
-715
-5079
-971
-5091
-1251
-5115
-1583
-5099
-1723
-5059
-1939
-5055
-2307
-5155
-2487
-5079
-2663
-5163
-2963
-5115
-3203
-5159
-3495
-5139
-3639
-5171
-3923
-5103
-4131
-5075
-4399
-5103
-4579
-5143
-4875
-5103
-5159
-5111
-5379
-5059
-5579
-5171
-5815
-5123
-6071
-5091
-6343
-5155
-6591
-5179
-6791
-5115
-7091
-5159
-7315
-5131
-7483
-5179
-7775
-5099
-7959
-5131
-8231
-5175
-8519
-5187
-8771
-5071
-8959
-5107
-9167
-5075
-9467
-5179
-9683
-5131
-9867
-5187
-10227
-5187
-10443
-5179
-10635
-5179
-10891
-5147
-11171
-5179
-11387
-5155
-11675
-5155
-11803
-5187
-12027
-5115
-12355
-5195
-12515
-5099
-12771
-5163
-13115
-5083
-13339
-5067
-13475
-5179
-13723
-5107
-13947
-5171
-14315
-5131
-14427
-5179
-14723
-5187
-14979
-5139
-15163
-5195
-15419
-5163
-15731
-5083
-15995
-5171
-16139
-5195
-16411
-5187
-16651
-5171
-16867
-5187
-17099
-5131
-17435
-5147
-17659
-5195
-17811
-5107
-18155
-5099
-18307
-5123
-18595
-5195
-18835
-5395
117
-5331
-111
-5427
-355
-5307
-579
-5307
-851
-5435
-1051
-5323
-1299
-5435
-1515
-5403
-1811
-5347
-2039
-5347
-2155
-5347
-2455
-5403
-2723
-5355
-2975
-5427
-3259
-5323
-3395
-5307
-3727
-5315
-3879
-5331
-4139
-5435
-4459
-5427
-4715
-5403
-4923
-5339
-5151
-5419
-5419
-5395
-5667
-5427
-5843
-5427
-6051
-5347
-6323
-5331
-6551
-5347
-6819
-5339
-7011
-5395
-7279
-5339
-7495
-5427
-7787
-5427
-8027
-5379
-8271
-5355
-8419
-5419
-8683
-5419
-9019
-5347
-9227
-5411
-9499
-5355
-9715
-5419
-9987
-5427
-10219
-5411
-10355
-5331
-10667
-5427
-10883
-5387
-11195
-5403
-11403
-5411
-11571
-5435
-11819
-5435
-12075
-5339
-12323
-5419
-12515
-5419
-12811
-5323
-13091
-5379
-13347
-5427
-13475
-5387
-13779
-5387
-13971
-5411
-14267
-5419
-14475
-5419
-14667
-5347
-15011
-5355
-15163
-5435
-15451
-5395
-15635
-5315
-15971
-5403
-16187
-5307
-16411
-5435
-16667
-5371
-16907
-5411
-17067
-5363
-17371
-5339
-17563
-5347
-17915
-5315
-18123
-5331
-18387
-5315
-18619
-5363
-18819
-5555
93
-5627
-83
-5563
-379
-5675
-547
-5675
-787
-5659
-1035
-5635
-1323
-5587
-1579
-5627
-1715
-5595
-1987
-5643
-2315
-5675
-2443
-5579
-2739
-5611
-2987
-5635
-3243
-5619
-3427
-5635
-3659
-5675
-3875
-5659
-4195
-5659
-4403
-5555
-4587
-5595
-4851
-5667
-5163
-5563
-5355
-5579
-5667
-5619
-5851
-5675
-6075
-5571
-6307
-5667
-6611
-5651
-6867
-5675
-7019
-5619
-7331
-5659
-7475
-5611
-7755
-5667
-8035
-5675
-8283
-5635
-8499
-5547
-8667
-5635
-8955
-5563
-9235
-5643
-9427
-5651
-9675
-5603
-9899
-5547
-10227
-5635
-10467
-5611
-10667
-5659
-10915
-5675
-11099
-5571
-11347
-5563
-11571
-5563
-11827
-5571
-12035
-5611
-12387
-5571
-12635
-5547
-12779
-5651
-13027
-5675
-13307
-5579
-13499
-5667
-13811
-5635
-13987
-5619
-14203
-5643
-14451
-5595
-14787
-5587
-14923
-5563
-15259
-5635
-15475
-5651
-15731
-5619
-15875
-5651
-16139
-5587
-16387
-5587
-16627
-5595
-16867
-5587
-17107
-5651
-17395
-5627
-17563
-5603
-17867
-5659
-18099
-5643
-18299
-5635
-18531
-5627
-18819
-5875
109
-5851
-59
-5899
-339
-5827
-507
-5883
-779
-5867
-1051
-5907
-1267
-5867
-1531
-5907
-1731
-5899
-1979
-5859
-2203
-5811
-2443
-5915
-2763
-5899
-3027
-5795
-3155
-5843
-3483
-5851
-3707
-5795
-3899
-5899
-4203
-5819
-4419
-5907
-4611
-5795
-4859
-5835
-5171
-5819
-5435
-5859
-5651
-5907
-5795
-5851
-6107
-5843
-6267
-5907
-6555
-5883
-6875
-5811
-7091
-5883
-7339
-5915
-7491
-5867
-7795
-5803
-8003
-5907
-8243
-5875
-8523
-5875
-8675
-5859
-8987
-5883
-9179
-5915
-9483
-5899
-9747
-5883
-9995
-5851
-10195
-5843
-10459
-5891
-10715
-5803
-10947
-5787
-11187
-5899
-11371
-5827
-11547
-5787
-11851
-5787
-12155
-5851
-12323
-5835
-12595
-5819
-12747
-5915
-13083
-5891
-13323
-5835
-13467
-5883
-13803
-5843
-14075
-5827
-14219
-5891
-14459
-5907
-14691
-5819
-15011
-5835
-15179
-5843
-15435
-5811
-15723
-5875
-15867
-5811
-16139
-5803
-16411
-5883
-16659
-5907
-16915
-5851
-17163
-5915
-17395
-5843
-17627
-5827
-17787
-5859
-18091
-5907
-18339
-5835
-18579
-5891
-18811
-6131
93
-6139
-131
-6115
-339
-6043
-523
-6091
-771
-6043
-1083
-6099
-1243
-6147
-1475
-6115
-1763
-6139
-2051
-6035
-2211
-6147
-2523
-6115
-2715
-6099
-2947
-6091
-3211
-6131
-3491
-6115
-3627
-6115
-3947
-6075
-4187
-6067
-4435
-6155
-4675
-6075
-4955
-6051
-5091
-6147
-5355
-6035
-5603
-6147
-5891
-6139
-6083
-6139
-6275
-6099
-6611
-6123
-6779
-6075
-7115
-6083
-7243
-6139
-7499
-6091
-7723
-6059
-8067
-6027
-8315
-6051
-8467
-6131
-8787
-6107
-8979
-6083
-9259
-6107
-9427
-6115
-9731
-6035
-9891
-6107
-10107
-6139
-10435
-6099
-10683
-6107
-10899
-6155
-11083
-6027
-11379
-6067
-11643
-6083
-11803
-6123
-12091
-6115
-12339
-6075
-12595
-6075
-12827
-6099
-13051
-6155
-13323
-6123
-13531
-6075
-13715
-6067
-14059
-6075
-14275
-6155
-14483
-6139
-14715
-6059
-15027
-6083
-15187
-6059
-15435
-6083
-15747
-6035
-15971
-6099
-16179
-6155
-16387
-6083
-16587
-6139
-16923
-6123
-17139
-6075
-17363
-6147
-17619
-6083
-17803
-6091
-18059
-6083
-18307
-6123
-18579
-6115
-18851
-6315
125
-6371
-147
-6283
-339
-6339
-523
-6291
-843
-6323
-1075
-6283
-1347
-6339
-1483
-6387
-1787
-6363
-1963
-6307
-2259
-6331
-2499
-6291
-2675
-6363
-3027
-6323
-3171
-6387
-3475
-6307
-3715
-6315
-3883
-6387
-4203
-6283
-4411
-6331
-4611
-6291
-4835
-6339
-5187
-6291
-5419
-6395
-5595
-6395
-5891
-6371
-6027
-6307
-6387
-6395
-6595
-6355
-6859
-6379
-7019
-6371
-7315
-6379
-7499
-6323
-7739
-6331
-7955
-6267
-8259
-6267
-8491
-6379
-8675
-6371
-8931
-6315
-9163
-6371
-9395
-6347
-9675
-6283
-9931
-6387
-10227
-6299
-10443
-6339
-10587
-6379
-10859
-6299
-11163
-6299
-11355
-6283
-11555
-6395
-11915
-6363
-12147
-6395
-12323
-6323
-12507
-6371
-12795
-6339
-13099
-6355
-13267
-6395
-13475
-6355
-13771
-6267
-14067
-6355
-14283
-6339
-14435
-6307
-14707
-6355
-14915
-6355
-15163
-6379
-15475
-6395
-15691
-6355
-15867
-6371
-16179
-6347
-16403
-6395
-16675
-6283
-16939
-6275
-17187
-6307
-17323
-6379
-17675
-6395
-17883
-6379
-18059
-6379
-18291
-6387
-18619
-6379
-18875
-6595
93
-6627
-107
-6571
-267
-6531
-515
-6563
-755
-6507
-1059
-6579
-1291
-6571
-1595
-6539
-1787
-6619
-2027
-6627
-2219
-6563
-2427
-6635
-2795
-6595
-3019
-6611
-3267
-6587
-3515
-6523
-3675
-6627
-3947
-6547
-4147
-6515
-4451
-6619
-4651
-6523
-4859
-6523
-5147
-6555
-5427
-6531
-5651
-6515
-5827
-6603
-6147
-6563
-6299
-6635
-6531
-6611
-6763
-6587
-7035
-6587
-7291
-6571
-7491
-6603
-7835
-6635
-7979
-6619
-8195
-6555
-8499
-6619
-8715
-6531
-8955
-6539
-9195
-6563
-9467
-6635
-9627
-6523
-9907
-6587
-10107
-6587
-10355
-6579
-10691
-6635
-10923
-6539
-11187
-6563
-11347
-6515
-11547
-6579
-11843
-6579
-12059
-6619
-12363
-6555
-12627
-6619
-12755
-6531
-13091
-6619
-13331
-6539
-13595
-6555
-13763
-6547
-13987
-6523
-14259
-6595
-14475
-6627
-14787
-6531
-15027
-6611
-15171
-6627
-15451
-6635
-15755
-6635
-15947
-6603
-16211
-6515
-16347
-6571
-16667
-6523
-16843
-6627
-17155
-6619
-17339
-6555
-17547
-6587
-17819
-6531
-18131
-6555
-18355
-6547
-18507
-6579
-18851
-6835
149
-6875
-91
-6851
-299
-6819
-515
-6859
-819
-6795
-1043
-6827
-1315
-6795
-1579
-6859
-1723
-6819
-2011
-6851
-2219
-6827
-2451
-6835
-2707
-6819
-2971
-6875
-3219
-6843
-3403
-6859
-3755
-6787
-3891
-6811
-4219
-6755
-4459
-6843
-4659
-6867
-4875
-6771
-5115
-6795
-5379
-6803
-5659
-6771
-5859
-6867
-6051
-6819
-6331
-6859
-6507
-6835
-6859
-6875
-7027
-6771
-7235
-6811
-7587
-6795
-7795
-6867
-8011
-6867
-8291
-6867
-8435
-6827
-8675
-6843
-8931
-6835
-9187
-6875
-9435
-6763
-9739
-6787
-9907
-6851
-10139
-6843
-10419
-6803
-10691
-6795
-10923
-6795
-11131
-6859
-11419
-6787
-11563
-6779
-11843
-6771
-12091
-6851
-12355
-6859
-12635
-6875
-12875
-6827
-13115
-6867
-13235
-6811
-13491
-6755
-13763
-6819
-14011
-6875
-14267
-6811
-14499
-6835
-14779
-6867
-14947
-6779
-15259
-6803
-15435
-6859
-15699
-6811
-15891
-6803
-16227
-6811
-16451
-6747
-16651
-6867
-16923
-6851
-17091
-6859
-17403
-6859
-17651
-6787
-17875
-6803
-18091
-6779
-18331
-6867
-18579
-6771
-18835
-7051
149
-7027
-91
-7027
-347
-7115
-523
-7115
-835
-7027
-1115
-7075
-1251
-7019
-1579
-7107
-1803
-7043
-2035
-7115
-2203
-7059
-2475
-7059
-2739
-7099
-3027
-7043
-3179
-7075
-3443
-7019
-3707
-6987
-3955
-6995
-4107
-7067
-4443
-7091
-4619
-7107
-4875
-7107
-5067
-7059
-5323
-7115
-5611
-7099
-5811
-7043
-6027
-7091
-6275
-7027
-6547
-7027
-6811
-7059
-7107
-7115
-7347
-7043
-7499
-7043
-7819
-7035
-8067
-7075
-8211
-7019
-8515
-7115
-8699
-7107
-8923
-7035
-9195
-7011
-9475
-7067
-9635
-7075
-9963
-7099
-10235
-7099
-10403
-7019
-10683
-7043
-10875
-7099
-11187
-7099
-11387
-7027
-11611
-7035
-11787
-7075
-12107
-7083
-12347
-7075
-12595
-7107
-12859
-7003
-13067
-7075
-13323
-7091
-13547
-7115
-13787
-7075
-14051
-7099
-14195
-6987
-14491
-6995
-14795
-7091
-15003
-7075
-15211
-7091
-15475
-7027
-15635
-6987
-15891
-7091
-16203
-7099
-16371
-6987
-16667
-7019
-16939
-7107
-17091
-7011
-17371
-7075
-17627
-7107
-17883
-7075
-18131
-7043
-18387
-7043
-18619
-7003
-18859
-7323
141
-7339
-99
-7355
-315
-7347
-595
-7323
-787
-7243
-1035
-7339
-1235
-7275
-1563
-7315
-1715
-7315
-2003
-7331
-2203
-7283
-2467
-7323
-2771
-7347
-3035
-7355
-3195
-7331
-3411
-7347
-3691
-7259
-3915
-7307
-4235
-7307
-4395
-7267
-4619
-7259
-4939
-7251
-5155
-7267
-5307
-7331
-5667
-7283
-5899
-7339
-6115
-7275
-6307
-7283
-6547
-7299
-6875
-7323
-7107
-7243
-7251
-7355
-7499
-7283
-7803
-7283
-8043
-7267
-8267
-7347
-8499
-7267
-8715
-7331
-8955
-7275
-9163
-7307
-9451
-7307
-9731
-7259
-9891
-7235
-10171
-7315
-10459
-7331
-10635
-7283
-10843
-7283
-11107
-7227
-11419
-7291
-11651
-7331
-11899
-7355
-12059
-7355
-12395
-7323
-12627
-7355
-12779
-7251
-13059
-7315
-13291
-7355
-13507
-7275
-13739
-7259
-14043
-7259
-14299
-7299
-14435
-7227
-14739
-7267
-14987
-7331
-15155
-7307
-15451
-7299
-15683
-7355
-15947
-7275
-16147
-7347
-16387
-7347
-16635
-7235
-16827
-7355
-17091
-7307
-17347
-7347
-17619
-7299
-17795
-7307
-18131
-7291
-18267
-7267
-18579
-7355
-18851
-7475
149
-7539
-139
-7475
-323
-7523
-595
-7595
-875
-7499
-1059
-7515
-1331
-7515
-1475
-7507
-1835
-7587
-2035
-7587
-2259
-7483
-2523
-7571
-2675
-7579
-2907
-7483
-3211
-7587
-3459
-7507
-3755
-7507
-3995
-7595
-4179
-7507
-4363
-7563
-4603
-7579
-4843
-7579
-5187
-7475
-5395
-7571
-5547
-7483
-5875
-7523
-6027
-7555
-6347
-7539
-6547
-7515
-6771
-7563
-6995
-7547
-7307
-7515
-7571
-7587
-7747
-7595
-7979
-7579
-8195
-7587
-8483
-7579
-8739
-7563
-9003
-7587
-9243
-7595
-9435
-7475
-9755
-7563
-9995
-7579
-10235
-7515
-10427
-7515
-10683
-7507
-10923
-7539
-11091
-7579
-11411
-7595
-11675
-7531
-11835
-7587
-12139
-7579
-12363
-7579
-12515
-7547
-12763
-7523
-12987
-7547
-13283
-7595
-13531
-7491
-13811
-7531
-14003
-7467
-14291
-7555
-14555
-7587
-14731
-7531
-14995
-7491
-15235
-7547
-15499
-7555
-15723
-7547
-15907
-7595
-16235
-7547
-16419
-7491
-16595
-7499
-16883
-7507
-17131
-7579
-17419
-7555
-17659
-7555
-17875
-7587
-18091
-7467
-18299
-7555
-18555
-7579
-18875
-7811
117
-7795
-139
-7811
-395
-7803
-619
-7723
-875
-7803
-1075
-7747
-1331
-7779
-1547
-7811
-1755
-7755
-2075
-7755
-2307
-7819
-2467
-7779
-2755
-7771
-2923
-7707
-3219
-7811
-3403
-7795
-3755
-7819
-3883
-7827
-4115
-7715
-4379
-7763
-4611
-7827
-4915
-7779
-5139
-7835
-5307
-7803
-5555
-7835
-5819
-7763
-6107
-7803
-6379
-7835
-6603
-7827
-6771
-7707
-7011
-7811
-7307
-7779
-7539
-7739
-7747
-7827
-7955
-7731
-8283
-7739
-8459
-7771
-8755
-7731
-8963
-7771
-9235
-7835
-9443
-7787
-9667
-7755
-9883
-7723
-10235
-7755
-10451
-7803
-10651
-7787
-10939
-7715
-11155
-7795
-11371
-7731
-11611
-7795
-11891
-7811
-12067
-7811
-12291
-7763
-12523
-7835
-12771
-7731
-13091
-7795
-13331
-7803
-13515
-7827
-13835
-7803
-14075
-7795
-14251
-7827
-14507
-7835
-14755
-7835
-14971
-7835
-15227
-7835
-15475
-7811
-15683
-7835
-15883
-7715
-16179
-7707
-16355
-7827
-16619
-7835
-16939
-7763
-17179
-7731
-17331
-7795
-17667
-7835
-17867
-7755
-18075
-7771
-18355
-7747
-18595
-7803
-18835
-8035
125
-8027
-99
-7955
-347
-8035
-619
-7987
-835
-8043
-1075
-8003
-1251
-7947
-1515
-7947
-1739
-8059
-1955
-8011
-2291
-8035
-2491
-8067
-2755
-8043
-3011
-7995
-3267
-7955
-3499
-7971
-3715
-8003
-3907
-8059
-4139
-8059
-4387
-8035
-4683
-7971
-4883
-7963
-5131
-8067
-5307
-8075
-5563
-8043
-5891
-8059
-6075
-7995
-6379
-8075
-6507
-8003
-6859
-8075
-7091
-7971
-7283
-7995
-7515
-7995
-7707
-8059
-7963
-8051
-8283
-7963
-8467
-8035
-8715
-7987
-8923
-8075
-9251
-7955
-9387
-7979
-9715
-7955
-9963
-8051
-10235
-8059
-10451
-8067
-10659
-8011
-10955
-7955
-11171
-8051
-11323
-8051
-11587
-8035
-11891
-8019
-12027
-7971
-12387
-8003
-12563
-8027
-12819
-8075
-13043
-8035
-13291
-8011
-13499
-8051
-13755
-7979
-13987
-8011
-14195
-7995
-14475
-8011
-14675
-8019
-15019
-8027
-15259
-7995
-15515
-8067
-15747
-8027
-15907
-8035
-16123
-8019
-16427
-8019
-16611
-8075
-16827
-8051
-17131
-8075
-17387
-8035
-17571
-8011
-17899
-8075
-18099
-8067
-18267
-8027
-18547
-8011
-18843
-8307
133
-8283
-131
-8267
-275
-8227
-555
-8291
-811
-8219
-1043
-8275
-1235
-8299
-1547
-8307
-1835
-8211
-2059
-8307
-2235
-8291
-2499
-8195
-2691
-8203
-3003
-8315
-3219
-8275
-3419
-8275
-3707
-8227
-3987
-8275
-4187
-8195
-4379
-8275
-4611
-8235
-4883
-8227
-5187
-8235
-5339
-8307
-5619
-8267
-5883
-8275
-6067
-8275
-6371
-8243
-6547
-8283
-6803
-8307
-7107
-8243
-7259
-8315
-7531
-8203
-7747
-8187
-8043
-8187
-8219
-8283
-8435
-8299
-8707
-8259
-8931
-8259
-9235
-8235
-9475
-8243
-9707
-8283
-9963
-8235
-10131
-8251
-10443
-8291
-10675
-8203
-10835
-8275
-11155
-8251
-11315
-8203
-11603
-8307
-11907
-8227
-12147
-8275
-12267
-8243
-12555
-8243
-12811
-8203
-13107
-8267
-13291
-8291
-13595
-8299
-13763
-8251
-13947
-8267
-14299
-8243
-14523
-8283
-14691
-8259
-14963
-8283
-15179
-8275
-15499
-8283
-15723
-8291
-15963
-8219
-16187
-8259
-16379
-8307
-16691
-8203
-16827
-8307
-17107
-8219
-17387
-8315
-17555
-8315
-17787
-8307
-18139
-8259
-18347
-8275
-18611
-8267
-18819
-8539
93
-8531
-27
-8555
-387
-8515
-555
-8555
-843
-8427
-1115
-8467
-1339
-8523
-1483
-8427
-1763
-8475
-2043
-8443
-2267
-8531
-2507
-8531
-2747
-8475
-2979
-8507
-3187
-8515
-3507
-8531
-3691
-8467
-3931
-8531
-4219
-8451
-4403
-8491
-4635
-8555
-4915
-8547
-5115
-8523
-5419
-8467
-5651
-8547
-5819
-8427
-6051
-8515
-6371
-8555
-6515
-8435
-6859
-8483
-7075
-8475
-7267
-8443
-7595
-8459
-7739
-8515
-8011
-8555
-8283
-8475
-8435
-8547
-8683
-8555
-8987
-8555
-9187
-8539
-9451
-8459
-9715
-8539
-9987
-8443
-10187
-8539
-10459
-8555
-10603
-8515
-10955
-8499
-11195
-8507
-11419
-8475
-11587
-8515
-11803
-8427
-12083
-8523
-12275
-8555
-12539
-8427
-12779
-8507
-13059
-8459
-13315
-8555
-13475
-8539
-13763
-8451
-14019
-8539
-14243
-8531
-14539
-8539
-14779
-8483
-14923
-8523
-15187
-8515
-15467
-8507
-15667
-8475
-15915
-8555
-16155
-8555
-16419
-8499
-16627
-8467
-16835
-8547
-17139
-8531
-17427
-8499
-17651
-8515
-17835
-8491
-18091
-8475
-18323
-8427
-18579
-8435
-18827
-8707
125
-8787
-83
-8739
-283
-8795
-539
-8795
-859
-8771
-1091
-8755
-1307
-8699
-1555
-8795
-1755
-8787
-2011
-8755
-2251
-8779
-2547
-8779
-2739
-8795
-2939
-8683
-3211
-8747
-3499
-8723
-3675
-8755
-3939
-8779
-4107
-8715
-4467
-8763
-4619
-8683
-4891
-8755
-5187
-8699
-5363
-8755
-5643
-8667
-5803
-8787
-6027
-8747
-6331
-8795
-6635
-8739
-6851
-8755
-7011
-8739
-7283
-8787
-7491
-8747
-7795
-8763
-7947
-8755
-8219
-8755
-8555
-8747
-8763
-8723
-8947
-8771
-9211
-8779
-9443
-8787
-9643
-8747
-9931
-8675
-10187
-8739
-10467
-8755
-10611
-8723
-10835
-8707
-11091
-8779
-11363
-8691
-11611
-8667
-11803
-8723
-12043
-8795
-12387
-8707
-12515
-8771
-12827
-8763
-13059
-8699
-13259
-8707
-13499
-8715
-13811
-8795
-13987
-8715
-14235
-8707
-14499
-8699
-14715
-8683
-14931
-8731
-15243
-8779
-15483
-8763
-15731
-8683
-15939
-8787
-16163
-8739
-16467
-8723
-16635
-8675
-16939
-8771
-17075
-8731
-17411
-8795
-17611
-8691
-17795
-8755
-18091
-8771
-18379
-8787
-18523
-8763
-18875
-8907
85
-9035
-115
-9003
-299
-8979
-547
-9035
-859
-8947
-1027
-8907
-1227
-8939
-1531
-8987
-1771
-8915
-2019
-9003
-2251
-9003
-2435
-9027
-2771
-9011
-2971
-8907
-3147
-9027
-3427
-9003
-3627
-9003
-3979
-8963
-4227
-8979
-4371
-8955
-4603
-9035
-4947
-9035
-5091
-8995
-5419
-9011
-5651
-8939
-5843
-8995
-6107
-8947
-6371
-9003
-6587
-9011
-6771
-8971
-6987
-8931
-7355
-8963
-7523
-8987
-7795
-8979
-8035
-8963
-8299
-9011
-8467
-9003
-8675
-8923
-9035
-8947
-9235
-8971
-9451
-9019
-9699
-9003
-9955
-8971
-10235
-9011
-10347
-9027
-10651
-8979
-10883
-9011
-11067
-9011
-11355
-8923
-11643
-9035
-11859
-8939
-12067
-9011
-12323
-8907
-12555
-8995
-12835
-8907
-13115
-8987
-13315
-9003
-13475
-9035
-13787
-9019
-14019
-8971
-14291
-9019
-14555
-9035
-14795
-8915
-15027
-8955
-15147
-8963
-15403
-9003
-15699
-9019
-15931
-8971
-16115
-9035
-16435
-8971
-16619
-8979
-16915
-8987
-17091
-9035
-17411
-8947
-17563
-8939
-17787
-8963
-18123
-8971
-18355
-8987
-18507
-8939
-18859
-9267
125
-9251
-83
-9275
-331
-9163
-547
-9235
-867
-9235
-1035
-9187
-1355
-9227
-1523
-9163
-1771
-9251
-1979
-9267
-2315
-9163
-2491
-9267
-2795
-9259
-2979
-9275
-3227
-9227
-3427
-9235
-3651
-9251
-3891
-9251
-4147
-9211
-4403
-9235
-4627
-9227
-4947
-9187
-5123
-9203
-5355
-9203
-5619
-9267
-5811
-9203
-6107
-9187
-6347
-9235
-6611
-9235
-6803
-9275
-7115
-9195
-7299
-9275
-7595
-9211
-7707
-9235
-8035
-9235
-8307
-9267
-8499
-9259
-8787
-9147
-9035
-9275
-9235
-9275
-9387
-9219
-9731
-9163
-9891
-9211
-10107
-9275
-10411
-9267
-10715
-9227
-10875
-9259
-11195
-9147
-11419
-9203
-11619
-9147
-11899
-9259
-12091
-9275
-12355
-9211
-12531
-9275
-12835
-9259
-13003
-9267
-13283
-9235
-13515
-9243
-13739
-9171
-13979
-9195
-14299
-9211
-14459
-9259
-14715
-9243
-14971
-9267
-15243
-9211
-15475
-9267
-15643
-9187
-15987
-9235
-16139
-9147
-16379
-9171
-16715
-9251
-16931
-9267
-17179
-9267
-17315
-9275
-17587
-9275
-17899
-9259
-18043
-9251
-18283
-9275
-18547
-9259
-18819
-9467
117
-9515
-99
-9451
-275
-9491
-579
-9467
-755
-9419
-1003
-9515
-1315
-9451
-1523
-9507
-1763
-9403
-2051
-9483
-2267
-9475
-2451
-9491
-2731
-9443
-3027
-9435
-3251
-9411
-3395
-9499
-3651
-9515
-3899
-9507
-4187
-9491
-4363
-9499
-4619
-9491
-4867
-9443
-5115
-9387
-5419
-9475
-5547
-9395
-5787
-9467
-6115
-9435
-6331
-9387
-6603
-9459
-6811
-9499
-7051
-9475
-7355
-9411
-7531
-9459
-7715
-9507
-8027
-9483
-8251
-9507
-8491
-9459
-8723
-9515
-9027
-9483
-9147
-9435
-9411
-9515
-9699
-9419
-9947
-9515
-10123
-9435
-10411
-9515
-10603
-9467
-10891
-9419
-11179
-9451
-11427
-9499
-11611
-9459
-11835
-9475
-12131
-9515
-12387
-9435
-12619
-9443
-12827
-9403
-12995
-9395
-13259
-9451
-13539
-9459
-13763
-9515
-13963
-9403
-14315
-9491
-14467
-9419
-14683
-9435
-14955
-9387
-15171
-9435
-15499
-9507
-15755
-9427
-15867
-9515
-16211
-9475
-16467
-9411
-16715
-9435
-16843
-9507
-17091
-9467
-17339
-9467
-17547
-9411
-17787
-9419
-18131
-9467
-18291
-9483
-18579
-9419
-18843
-9723
109
-9755
-131
-9747
-323
-9755
-515
-9739
-811
-9747
-987
-9747
-1227
-9659
-1491
-9747
-1795
-9675
-2043
-9707
-2203
-9699
-2467
-9715
-2739
-9731
-3003
-9739
-3259
-9651
-3451
-9707
-3691
-9739
-3891
-9651
-4187
-9683
-4427
-9691
-4603
-9715
-4923
-9659
-5107
-9627
-5339
-9747
-5611
-9659
-5907
-9723
-6067
-9755
-6307
-9731
-6507
-9635
-6763
-9715
-7043
-9731
-7331
-9707
-7507
-9723
-7763
-9699
-8019
-9675
-8315
-9667
-8483
-9699
-8795
-9755
-9035
-9731
-9267
-9739
-9419
-9683
-9643
-9635
-9867
-9651
-10171
-9723
-10395
-9755
-10627
-9715
-10827
-9731
-11179
-9755
-11387
-9691
-11571
-9739
-11883
-9683
-12115
-9731
-12379
-9747
-12635
-9747
-12803
-9643
-13043
-9755
-13299
-9723
-13483
-9667
-13811
-9675
-14067
-9755
-14195
-9675
-14427
-9627
-14675
-9683
-14987
-9731
-15267
-9731
-15427
-9651
-15659
-9715
-15891
-9691
-16131
-9715
-16443
-9755
-16603
-9635
-16939
-9699
-17147
-9755
-17435
-9699
-17579
-9755
-17795
-9755
-18035
-9651
-18387
-9731
-18579
-9755
-18851
-9875
149
-9883
-67
-9979
-291
-9891
-611
-9995
-851
-9883
-1051
-9947
-1267
-9987
-1499
-9955
-1787
-9979
-2027
-9955
-2283
-9915
-2523
-9947
-2779
-9899
-2995
-9987
-3163
-9955
-3403
-9899
-3635
-9947
-3987
-9971
-4179
-9875
-4467
-9963
-4587
-9995
-4859
-9931
-5171
-9891
-5427
-9979
-5675
-9947
-5835
-9891
-6155
-9939
-6307
-9899
-6547
-9939
-6763
-9915
-7083
-9939
-7347
-9987
-7515
-9899
-7795
-9995
-7947
-9867
-8307
-9931
-8547
-9931
-8667
-9891
-8963
-9987
-9187
-9907
-9395
-9971
-9643
-9931
-9907
-9963
-10155
-9955
-10387
-9995
-10651
-9891
-10875
-9971
-11139
-9995
-11379
-9939
-11603
-9995
-11827
-9971
-12043
-9995
-12339
-9971
-12555
-9875
-12819
-9971
-13067
-9875
-13283
-9995
-13483
-9915
-13723
-9931
-13955
-9875
-14259
-9995
-14491
-9947
-14675
-9963
-15019
-9963
-15147
-9963
-15427
-9931
-15675
-9979
-15907
-9915
-16155
-9931
-16427
-9931
-16619
-9987
-16835
-9987
-17115
-9939
-17371
-9923
-17651
-9987
-17795
-9995
-18139
-9939
-18363
-9955
-18595
-9931
-18827
-10139
141
-10227
-155
-10115
-307
-10219
-635
-10123
-827
-10147
-1019
-10235
-1283
-10171
-1523
-10219
-1707
-10219
-2051
-10219
-2219
-10187
-2483
-10219
-2731
-10171
-2979
-10219
-3227
-10163
-3411
-10163
-3747
-10227
-3971
-10235
-4107
-10123
-4395
-10195
-4683
-10147
-4835
-10115
-5139
-10203
-5419
-10131
-5643
-10131
-5827
-10107
-6115
-10195
-6323
-10227
-6531
-10227
-6755
-10123
-7027
-10139
-7267
-10155
-7571
-10203
-7835
-10163
-8035
-10179
-8243
-10163
-8435
-10203
-8739
-10195
-8931
-10123
-9179
-10227
-9491
-10219
-9715
-10195
-9971
-10219
-10123
-10203
-10379
-10203
-10659
-10211
-10883
-10115
-11187
-10227
-11395
-10107
-11555
-10163
-11819
-10219
-12051
-10211
-12315
-10235
-12523
-10171
-12827
-10139
-12987
-10139
-13251
-10219
-13539
-10147
-13835
-10235
-13971
-10171
-14219
-10235
-14475
-10211
-14667
-10115
-14923
-10155
-15267
-10227
-15499
-10155
-15651
-10179
-15899
-10163
-16203
-10227
-16347
-10155
-16683
-10187
-16923
-10147
-17107
-10171
-17419
-10187
-17667
-10219
-17899
-10131
-18131
-10235
-18315
-10203
-18531
-10155
-18859
-10467
101
-10443
-75
-10419
-299
-10435
-611
-10419
-819
-10419
-1107
-10459
-1299
-10475
-1507
-10467
-1707
-10467
-2003
-10451
-2219
-10451
-2523
-10451
-2707
-10419
-3035
-10451
-3235
-10467
-3483
-10467
-3675
-10419
-3963
-10467
-4203
-10451
-4475
-10475
-4667
-10475
-4947
-10459
-5171
-10475
-5355
-10459
-5595
-10475
-5803
-10419
-6147
-10459
-6363
-10467
-6579
-10467
-6843
-10475
-7107
-10419
-7331
-10475
-7595
-10443
-7739
-10419
-8019
-10459
-8251
-10451
-8555
-10467
-8795
-10419
-8979
-10459
-9195
-10459
-9507
-10435
-9683
-10459
-9867
-10419
-10155
-10467
-10475
-10459
-10603
-10427
-10891
-10451
-11139
-10435
-11419
-10475
-11651
-10435
-11795
-10435
-12075
-10443
-12275
-10451
-12531
-10435
-12843
-10443
-13051
-10467
-13267
-10411
-13467
-10427
-13723
-10475
-14067
-10475
-14195
-10419
-14467
-10411
-14715
-10475
-14963
-10443
-15187
-10427
-15491
-10411
-15739
-10435
-15963
-10467
-16123
-10467
-16459
-10419
-16659
-10451
-16931
-10435
-17195
-10443
-17331
-10467
-17595
-10459
-17891
-10451
-18027
-10451
-18307
-10435
-18627
-10467
-18827
