149
463
610
-29
317
-273
146
-535
356
-802
397
-1055
321
-1249
398
-1566
153
-1710
313
-1953
442
-2286
191
-2491
367
-2687
309
-2991
145
-3181
127
-3373
169
-3631
443
-3907
155
-4131
127
-4365
175
-4711
109
-4947
93
-5139
149
-5331
85
-5635
133
-5851
101
-6027
133
-6275
109
-6523
85
-6851
93
-7099
125
-7271
93
-7511
85
-7803
109
-7987
141
-8259
93
-8455
93
-8691
133
-8963
101
-9243
93
-9443
133
-9667
85
-9891
109
-10155
101
-10411
101
-10603
149
-10843
85
-11115
85
-11307
125
-11651
141
-11875
149
-12107
109
-12323
93
-12539
109
-12859
141
-13043
109
-13331
85
-13587
101
-13787
109
-14059
149
-14243
85
-14547
93
-14747
125
-15027
117
-15187
85
-15443
93
-15707
85
-15907
93
-16219
101
-16435
109
-16587
109
-16827
93
-17083
141
-17331
125
-17547
125
-17875
125
-18027
117
-18331
149
-18611
85
-18875
-111
313
-37
-87
-132
-331
-133
-529
-133
-763
-127
-1075
-107
-1263
-71
-1501
-126
-1779
-71
-1929
-41
-2197
-85
-2433
-79
-2757
-35
-2915
-35
-3223
-11
-3493
-117
-3737
-119
-3939
-27
-4133
-117
-4395
-133
-4657
-35
-4915
-103
-5127
-39
-5355
-107
-5667
-119
-5795
-15
-6147
-107
-6251
-55
-6627
-119
-6859
-115
-6979
-151
-7299
-55
-7539
-155
-7731
-119
-7947
-135
-8207
-111
-8471
-119
-8751
-111
-8879
-147
-9159
-107
-9491
-43
-9755
-59
-9947
-147
-10235
-67
-10403
-107
-10683
-155
-10867
-155
-11075
-155
-11363
-51
-11547
-115
-11819
-131
-12147
-115
-12387
-155
-12547
-147
-12755
-27
-13067
-147
-13267
-67
-13515
-35
-13739
-91
-14003
-131
-14203
-67
-14523
-131
-14771
-99
-14947
-83
-15195
-91
-15419
-115
-15627
-155
-15891
-91
-16115
-59
-16355
-123
-16611
-147
-16939
-67
-17091
-51
-17339
-27
-17595
-91
-17835
-99
-18075
-43
-18363
-139
-18523
-51
-18827
-351
1693
-263
-53
-343
-365
-333
-592
-257
-754
-257
-1065
-297
-1241
-299
-1459
-346
-1749
-310
-1993
-266
-2175
-275
-2539
-361
-2693
-307
-2889
-365
-3127
-331
-3393
-341
-3647
-347
-3895
-335
-4169
-359
-4339
-349
-4665
-367
-4907
-367
-5099
-251
-5415
-347
-5647
-287
-5771
-323
-6011
-351
-6367
-287
-6555
-315
-6803
-383
-6999
-319
-7311
-243
-7503
-375
-7727
-355
-7931
-367
-8215
-391
-8467
-347
-8643
-251
-8939
-323
-9175
-307
-9515
-339
-9755
-283
-9923
-307
-10179
-315
-10347
-363
-10691
-347
-10947
-379
-11179
-339
-11323
-347
-11611
-371
-11891
-387
-12099
-323
-12307
-363
-12627
-323
-12859
-323
-13083
-371
-13307
-339
-13547
-323
-13763
-275
-14051
-283
-14235
-339
-14435
-387
-14723
-379
-14915
-339
-15227
-379
-15499
-355
-15691
-283
-15867
-347
-16155
-355
-16467
-395
-16715
-347
-16899
-323
-17155
-315
-17427
-363
-17611
-379
-17915
-363
-18035
-307
-18347
-379
-18627
-387
-18819
-527
443
-570
-15
-517
-273
-604
-521
-542
-788
-629
-1058
-514
-1302
-631
-1455
-578
-1804
-513
-1936
-540
-2225
-535
-2457
-539
-2719
-565
-2971
-599
-3219
-551
-3453
-609
-3655
-587
-3837
-529
-4157
-591
-4315
-547
-4683
-539
-4907
-611
-5083
-635
-5355
-599
-5579
-535
-5787
-603
-6091
-543
-6271
-547
-6627
-623
-6751
-555
-7051
-527
-7291
-583
-7487
-603
-7827
-595
-8003
-595
-8207
-539
-8403
-547
-8707
-523
-9015
-519
-9239
-499
-9451
-587
-9667
-587
-9915
-531
-10227
-555
-10395
-515
-10603
-611
-10875
-555
-11123
-619
-11315
-595
-11571
-515
-11867
-515
-12067
-507
-12291
-619
-12635
-531
-12771
-603
-13083
-531
-13307
-587
-13515
-587
-13763
-595
-14035
-603
-14307
-587
-14427
-539
-14667
-635
-14923
-635
-15267
-571
-15435
-555
-15747
-635
-15995
-611
-16187
-579
-16475
-595
-16643
-595
-16939
-555
-17163
-587
-17323
-579
-17587
-563
-17819
-579
-18099
-555
-18347
-571
-18547
-531
-18875
-843
1518
-731
-95
-737
-361
-778
-585
-763
-741
-779
-1035
-799
-1284
-815
-1481
-837
-1763
-833
-1937
-849
-2185
-841
-2527
-779
-2779
-843
-2985
-771
-3139
-763
-3449
-795
-3695
-827
-3965
-827
-4171
-853
-4411
-819
-4667
-843
-4947
-795
-5115
-791
-5403
-791
-5571
-795
-5859
-823
-6059
-767
-6335
-819
-6503
-763
-6811
-787
-7063
-827
-7215
-779
-7507
-763
-7719
-867
-7959
-747
-8195
-851
-8539
-799
-8707
-843
-8899
-823
-9223
-787
-9499
-843
-9659
-747
-9891
-795
-10187
-875
-10443
-875
-10715
-875
-10875
-747
-11171
-811
-11355
-843
-11635
-819
-11875
-819
-12155
-851
-12331
-835
-12619
-843
-12755
-851
-13107
-795
-13251
-875
-13499
-755
-13835
-803
-14019
-819
-14283
-843
-14555
-787
-14707
-851
-15027
-835
-15219
-779
-15451
-755
-15731
-787
-15947
-755
-16179
-835
-16355
-787
-16651
-755
-16947
-779
-17179
-851
-17315
-803
-17547
-747
-17795
-755
-18075
-867
-18371
-811
-18515
-875
-18827
-1002
542
-1071
-54
-1079
-246
-1030
-531
-1029
-735
-1033
-1047
-1051
-1323
-1070
-1579
-1028
-1780
-963
-1919
-993
-2232
-1083
-2467
-1005
-2691
-1069
-2983
-1091
-3203
-1051
-3427
-1035
-3685
-1087
-3985
-1073
-4227
-1029
-4415
-1013
-4583
-995
-4815
-1019
-5131
-1099
-5339
-1023
-5555
-1055
-5903
-1067
-6131
-1047
-6287
-1051
-6595
-1067
-6835
-1083
-7035
-1083
-7299
-987
-7487
-1115
-7691
-1023
-8059
-1091
-8179
-1039
-8443
-1055
-8719
-1083
-9007
-1035
-9147
-1047
-9443
-1091
-9723
-1067
-9931
-1099
-10219
-1059
-10427
-1035
-10699
-1099
-10875
-1099
-11107
-1115
-11387
-1011
-11627
-1107
-11875
-1107
-12123
-1099
-12323
-1003
-12603
-1075
-12755
-1115
-13059
-1075
-13267
-1115
-13475
-1083
-13811
-995
-14027
-1059
-14259
-1099
-14491
-1099
-14779
-1091
-14915
-1075
-15147
-1075
-15467
-1075
-15651
-1075
-15899
-1043
-16219
-1091
-16371
-1067
-16611
-1019
-16931
-1075
-17099
-1011
-17411
-1099
-17659
-1115
-17867
-1091
-18051
-1051
-18315
-1067
-18635
-1019
-18843
-1283
393
-1249
-56
-1232
-379
-1255
-600
-1321
-820
-1270
-1070
-1307
-1291
-1323
-1577
-1278
-1721
-1307
-2033
-1323
-2229
-1263
-2537
-1335
-2757
-1327
-2985
-1343
-3195
-1329
-3449
-1287
-3623
-1289
-3891
-1277
-4199
-1267
-4397
-1319
-4583
-1303
-4943
-1231
-5115
-1275
-5311
-1243
-5547
-1247
-5815
-1287
-6155
-1331
-6299
-1267
-6543
-1299
-6755
-1243
-7011
-1307
-7275
-1339
-7559
-1287
-7799
-1307
-7951
-1303
-8251
-1283
-8499
-1235
-8679
-1303
-8967
-1315
-9143
-1251
-9375
-1355
-9691
-1291
-9891
-1355
-10147
-1283
-10435
-1331
-10595
-1291
-10875
-1275
-11075
-1275
-11347
-1307
-11643
-1283
-11851
-1307
-12147
-1347
-12307
-1355
-12507
-1267
-12795
-1315
-13075
-1307
-13227
-1235
-13571
-1323
-13763
-1291
-14019
-1323
-14251
-1291
-14443
-1299
-14731
-1347
-14939
-1323
-15267
-1355
-15483
-1291
-15699
-1267
-15915
-1299
-16139
-1275
-16387
-1331
-16675
-1339
-16875
-1283
-17067
-1267
-17427
-1315
-17547
-1355
-17787
-1235
-18043
-1355
-18275
-1323
-18619
-1283
-18835
-1523
453
-1561
-99
-1587
-257
-1563
-511
-1483
-787
-1547
-1053
-1455
-1189
-1547
-1439
-1587
-1779
-1565
-2027
-1467
-2183
-1587
-2423
-1481
-2711
-1553
-3007
-1533
-3207
-1467
-3501
-1517
-3665
-1461
-3873
-1543
-4215
-1451
-4429
-1563
-4611
-1555
-4835
-1475
-5171
-1495
-5311
-1539
-5547
-1531
-5791
-1467
-6111
-1575
-6295
-1499
-6611
-1467
-6811
-1475
-7103
-1439
-7275
-1579
-7563
-1515
-7767
-1571
-7935
-1543
-8283
-1539
-8491
-1523
-8795
-1551
-8959
-1523
-9163
-1559
-9435
-1547
-9651
-1555
-9995
-1595
-10139
-1563
-10419
-1579
-10675
-1483
-10835
-1571
-11115
-1595
-11427
-1579
-11603
-1547
-11859
-1587
-12123
-1571
-12307
-1571
-12571
-1571
-12819
-1491
-13035
-1531
-13227
-1507
-13531
-1483
-13811
-1571
-14027
-1595
-14307
-1523
-14499
-1555
-14707
-1595
-14939
-1587
-15171
-1571
-15435
-1523
-15715
-1483
-15891
-1587
-16187
-1491
-16387
-1507
-16619
-1475
-16851
-1491
-17187
-1595
-17427
-1555
-17659
-1555
-17883
-1523
-18059
-1483
-18347
-1515
-18603
-1579
-18819
-1763
459
-1763
-31
-1679
-317
-1749
-603
-1735
-787
-1727
-1007
-1735
-1319
-1713
-1473
-1719
-1755
-1741
-1925
-1791
-2213
-1825
-2451
-1763
-2779
-1821
-2977
-1749
-3191
-1709
-3509
-1727
-3685
-1739
-3979
-1775
-4157
-1757
-4343
-1689
-4655
-1827
-4911
-1771
-5059
-1751
-5315
-1731
-5547
-1735
-5847
-1811
-6079
-1787
-6331
-1827
-6563
-1827
-6759
-1811
-7039
-1739
-7327
-1795
-7551
-1807
-7695
-1791
-8011
-1827
-8267
-1723
-8515
-1771
-8743
-1683
-8895
-1759
-9175
-1767
-9379
-1811
-9755
-1811
-9931
-1795
-10203
-1747
-10355
-1827
-10707
-1819
-10827
-1803
-11107
-1763
-11435
-1819
-11563
-1819
-11875
-1835
-12131
-1787
-12283
-1763
-12523
-1723
-12779
-1707
-13043
-1787
-13347
-1827
-13467
-1819
-13803
-1795
-13995
-1747
-14267
-1763
-14531
-1803
-14771
-1763
-15035
-1779
-15267
-1795
-15435
-1819
-15667
-1731
-15995
-1779
-16171
-1811
-16475
-1723
-16611
-1795
-16859
-1803
-17067
-1747
-17331
-1795
-17651
-1811
-17915
-1795
-18099
-1715
-18283
-1787
-18507
-1723
-18835
-2075
819
-1975
-115
-2015
-249
-1943
-603
-2061
-749
-2017
-1029
-2039
-1275
-2047
-1557
-2043
-1821
-2075
-2063
-2011
-2221
-2031
-2531
-1987
-2787
-2041
-2927
-2027
-3151
-2027
-3407
-1965
-3729
-2045
-3853
-1951
-4185
-1997
-4461
-2035
-4661
-2055
-4923
-1975
-5151
-2023
-5291
-2027
-5555
-1983
-5795
-1939
-6135
-2051
-6263
-1999
-6503
-1971
-6743
-2055
-6967
-1991
-7319
-2043
-7459
-1991
-7823
-2047
-7983
-2007
-8227
-2015
-8471
-1995
-8699
-2003
-9011
-2059
-9155
-2003
-9483
-1995
-9731
-2051
-9963
-2067
-10195
-1987
-10467
-2075
-10611
-2051
-10883
-2059
-11163
-2011
-11371
-1963
-11643
-1955
-11891
-2067
-12091
-1979
-12315
-1971
-12587
-2075
-12787
-2027
-13019
-2059
-13315
-2043
-13539
-2035
-13771
-1987
-13947
-2067
-14275
-2027
-14531
-2067
-14731
-2003
-15027
-1987
-15195
-1971
-15395
-2051
-15643
-2051
-15971
-2003
-16123
-1963
-16347
-2075
-16619
-2035
-16851
-2075
-17075
-2043
-17435
-2051
-17643
-2019
-17827
-2003
-18075
-2075
-18299
-2027
-18635
-2035
-18851
-2275
847
-2235
-99
-2249
-297
-2239
-559
-2285
-837
-2257
-1049
-2307
-1281
-2227
-1469
-2203
-1809
-2243
-1945
-2297
-2261
-2269
-2513
-2199
-2643
-2295
-2903
-2269
-3159
-2283
-3463
-2223
-3687
-2275
-3861
-2293
-4195
-2229
-4389
-2199
-4641
-2307
-4891
-2267
-5123
-2239
-5339
-2299
-5551
-2243
-5803
-2291
-6043
-2207
-6371
-2183
-6575
-2291
-6759
-2283
-7011
-2187
-7295
-2279
-7519
-2279
-7723
-2263
-7995
-2259
-8251
-2247
-8415
-2255
-8707
-2239
-8927
-2291
-9187
-2295
-9383
-2307
-9739
-2259
-9907
-2315
-10211
-2291
-10363
-2315
-10683
-2283
-10851
-2291
-11187
-2203
-11435
-2251
-11619
-2203
-11811
-2251
-12139
-2211
-12267
-2307
-12547
-2307
-12859
-2307
-13091
-2291
-13339
-2195
-13555
-2267
-13739
-2291
-14067
-2195
-14275
-2195
-14547
-2195
-14731
-2259
-14963
-2243
-15227
-2291
-15443
-2235
-15675
-2219
-15923
-2315
-16115
-2275
-16403
-2235
-16651
-2283
-16835
-2203
-17163
-2307
-17371
-2227
-17563
-2299
-17859
-2259
-18115
-2291
-18307
-2243
-18635
-2307
-18875
-2547
679
-2543
-69
-2487
-345
-2517
-621
-2481
-785
-2461
-1003
-2499
-1323
-2481
-1549
-2523
-1779
-2425
-2017
-2519
-2281
-2455
-2515
-2491
-2699
-2429
-2963
-2409
-3203
-2473
-3405
-2499
-3705
-2505
-3893
-2471
-4091
-2519
-4385
-2431
-4607
-2467
-4859
-2519
-5063
-2491
-5395
-2479
-5575
-2447
-5847
-2491
-6115
-2487
-6347
-2503
-6507
-2499
-6831
-2527
-7087
-2439
-7291
-2479
-7503
-2443
-7727
-2427
-8043
-2507
-8183
-2423
-8511
-2483
-8679
-2487
-8947
-2495
-9231
-2475
-9467
-2547
-9667
-2435
-9963
-2523
-10107
-2515
-10355
-2555
-10619
-2435
-10907
-2443
-11107
-2491
-11315
-2531
-11555
-2499
-11851
-2499
-12043
-2427
-12395
-2515
-12603
-2443
-12867
-2491
-12987
-2427
-13299
-2483
-13531
-2483
-13771
-2443
-14011
-2467
-14251
-2475
-14523
-2435
-14731
-2467
-14987
-2547
-15259
-2539
-15395
-2451
-15683
-2507
-15963
-2491
-16211
-2547
-16451
-2451
-16683
-2547
-16899
-2555
-17195
-2499
-17347
-2555
-17619
-2499
-17875
-2555
-18043
-2451
-18323
-2499
-18595
-2547
-18843
-2667
1013
-2751
-135
-2759
-327
-2775
-523
-2687
-853
-2739
-1107
-2675
-1235
-2723
-1515
-2695
-1795
-2699
-1963
-2663
-2247
-2715
-2479
-2759
-2719
-2739
-2899
-2759
-3239
-2731
-3471
-2655
-3655
-2723
-3911
-2739
-4203
-2699
-4331
-2771
-4687
-2711
-4867
-2719
-5083
-2655
-5295
-2667
-5663
-2731
-5763
-2687
-6079
-2731
-6275
-2683
-6583
-2779
-6811
-2759
-7075
-2751
-7251
-2655
-7531
-2767
-7739
-2699
-7935
-2703
-8211
-2707
-8463
-2679
-8671
-2723
-8915
-2767
-9179
-2723
-9359
-2683
-9699
-2787
-9947
-2667
-10163
-2771
-10443
-2691
-10675
-2795
-10931
-2675
-11195
-2667
-11363
-2675
-11547
-2795
-11843
-2763
-12123
-2747
-12387
-2795
-12627
-2731
-12851
-2667
-13075
-2787
-13299
-2779
-13563
-2731
-13755
-2747
-13971
-2707
-14219
-2675
-14547
-2691
-14731
-2675
-15027
-2707
-15203
-2731
-15427
-2795
-15747
-2691
-15867
-2675
-16171
-2787
-16379
-2787
-16627
-2683
-16851
-2723
-17099
-2795
-17435
-2755
-17675
-2723
-17875
-2763
-18075
-2691
-18331
-2763
-18595
-2675
-18875
-3027
109
-2995
-19
-2995
-267
-2915
-591
-2971
-859
-2987
-1019
-2951
-1279
-2995
-1587
-2947
-1759
-2923
-2055
-2995
-2199
-3011
-2519
-2979
-2679
-2895
-2991
-2947
-3219
-2983
-3379
-2963
-3723
-2927
-3951
-2947
-4107
-2931
-4431
-2999
-4623
-3007
-4819
-2971
-5187
-2923
-5431
-2979
-5551
-2959
-5859
-3019
-6107
-2903
-6279
-2999
-6499
-2987
-6843
-3023
-7035
-2979
-7211
-2923
-7567
-2939
-7723
-2931
-8047
-2943
-8231
-2955
-8435
-2983
-8723
-3007
-9031
-2983
-9259
-2995
-9463
-3035
-9683
-2923
-9979
-2931
-10203
-3011
-10379
-2963
-10691
-3019
-10883
-3011
-11155
-2987
-11307
-2915
-11547
-3035
-11891
-2979
-12067
-2907
-12291
-3003
-12603
-2939
-12811
-2979
-13083
-2971
-13323
-2987
-13563
-3035
-13795
-2979
-14075
-3027
-14267
-2947
-14531
-2987
-14707
-2963
-14939
-3003
-15227
-2987
-15443
-2971
-15715
-2979
-15995
-3003
-16211
-3003
-16363
-3027
-16619
-2939
-16907
-2963
-17179
-3035
-17315
-2995
-17555
-2979
-17875
-2907
-18139
-3035
-18299
-2931
-18555
-2923
-18867
-3251
141
-3195
-51
-3231
-383
-3259
-547
-3247
-779
-3159
-987
-3203
-1351
-3167
-1563
-3251
-1791
-3243
-2039
-3259
-2243
-3195
-2527
-3195
-2675
-3167
-2947
-3179
-3215
-3231
-3431
-3219
-3691
-3171
-3987
-3223
-4119
-3195
-4459
-3179
-4683
-3167
-4855
-3219
-5107
-3139
-5419
-3235
-5535
-3183
-5891
-3175
-6051
-3199
-6343
-3259
-6511
-3187
-6787
-3215
-7027
-3171
-7307
-3247
-7511
-3147
-7703
-3207
-8011
-3231
-8179
-3231
-8539
-3179
-8687
-3127
-9003
-3227
-9235
-3243
-9399
-3259
-9699
-3163
-9963
-3211
-10203
-3155
-10467
-3267
-10643
-3219
-10923
-3251
-11147
-3163
-11379
-3243
-11651
-3227
-11787
-3155
-12043
-3195
-12267
-3235
-12571
-3171
-12851
-3227
-13011
-3227
-13251
-3267
-13539
-3179
-13723
-3259
-13987
-3243
-14195
-3259
-14467
-3179
-14715
-3219
-15003
-3155
-15267
-3243
-15459
-3235
-15683
-3203
-15867
-3251
-16179
-3203
-16427
-3251
-16603
-3259
-16883
-3187
-17179
-3235
-17371
-3163
-17579
-3219
-17827
-3171
-18123
-3267
-18371
-3163
-18603
-3267
-18859
-3415
149
-3431
-59
-3423
-271
-3475
-599
-3483
-751
-3499
-1035
-3399
-1267
-3483
-1535
-3443
-1819
-3487
-1995
-3483
-2187
-3511
-2491
-3463
-2707
-3451
-2895
-3479
-3219
-3403
-3423
-3443
-3695
-3483
-3947
-3375
-4147
-3411
-4355
-3459
-4635
-3439
-4811
-3455
-5171
-3451
-5295
-3471
-5647
-3451
-5819
-3471
-6135
-3415
-6391
-3515
-6603
-3435
-6755
-3491
-7007
-3479
-7339
-3363
-7475
-3423
-7743
-3487
-8031
-3399
-8267
-3499
-8531
-3387
-8755
-3467
-9027
-3483
-9219
-3439
-9499
-3515
-9651
-3499
-9923
-3499
-10155
-3507
-10459
-3475
-10667
-3387
-10867
-3515
-11067
-3467
-11371
-3427
-11611
-3491
-11851
-3427
-12155
-3459
-12379
-3395
-12555
-3475
-12803
-3483
-12995
-3411
-13323
-3403
-13571
-3467
-13827
-3435
-14027
-3491
-14195
-3411
-14499
-3499
-14667
-3475
-14907
-3475
-15195
-3451
-15419
-3395
-15755
-3491
-15907
-3507
-16123
-3507
-16395
-3403
-16651
-3435
-16891
-3515
-17123
-3459
-17371
-3395
-17547
-3507
-17875
-3459
-18067
-3395
-18355
-3507
-18611
-3507
-18835
-3667
133
-3699
-67
-3639
-315
-3635
-515
-3715
-783
-3659
-1011
-3627
-1287
-3655
-1547
-3699
-1771
-3607
-1963
-3723
-2187
-3691
-2503
-3679
-2739
-3651
-2951
-3695
-3235
-3739
-3367
-3727
-3719
-3699
-3915
-3687
-4143
-3635
-4431
-3639
-4683
-3667
-4839
-3643
-5123
-3747
-5315
-3619
-5651
-3719
-5867
-3647
-6027
-3655
-6291
-3719
-6531
-3679
-6755
-3683
-7011
-3703
-7283
-3731
-7435
-3679
-7779
-3723
-8035
-3751
-8259
-3695
-8499
-3599
-8683
-3687
-8963
-3663
-9231
-3739
-9423
-3747
-9755
-3723
-9891
-3755
-10115
-3699
-10379
-3715
-10603
-3675
-10915
-3747
-11083
-3635
-11323
-3731
-11611
-3739
-11827
-3627
-12035
-3747
-12299
-3643
-12595
-3635
-12843
-3723
-13019
-3747
-13259
-3635
-13595
-3715
-13819
-3675
-13963
-3683
-14283
-3675
-14467
-3699
-14755
-3755
-14963
-3723
-15251
-3643
-15387
-3651
-15731
-3747
-15867
-3723
-16203
-3643
-16379
-3731
-16611
-3627
-16923
-3739
-17171
-3635
-17435
-3707
-17603
-3659
-17843
-3627
-18155
-3739
-18299
-3699
-18563
-3755
-18851
-3963
149
-3971
-131
-3963
-299
-3875
-567
-3919
-751
-3855
-1051
-3951
-1267
-3943
-1499
-3955
-1831
-3931
-1971
-3851
-2235
-3943
-2531
-3911
-2667
-3939
-2991
-3975
-3151
-3919
-3499
-3903
-3667
-3883
-3967
-3959
-4115
-3875
-4431
-3935
-4647
-3871
-4807
-3931
-5067
-3951
-5363
-3923
-5519
-3915
-5823
-3879
-6131
-3955
-6247
-3891
-6631
-3911
-6751
-3899
-7059
-3947
-7255
-3883
-7563
-3871
-7723
-3915
-8035
-3903
-8227
-3967
-8523
-3963
-8715
-3851
-8959
-3971
-9207
-3891
-9411
-3979
-9683
-3867
-9931
-3939
-10179
-3987
-10419
-3867
-10691
-3979
-10851
-3979
-11195
-3907
-11419
-3883
-11619
-3971
-11827
-3923
-12075
-3947
-12315
-3939
-12571
-3995
-12747
-3955
-13051
-3955
-13291
-3923
-13547
-3947
-13715
-3979
-13987
-3891
-14275
-3907
-14507
-3979
-14715
-3939
-15019
-3979
-15211
-3939
-15435
-3931
-15739
-3979
-15931
-3995
-16179
-3987
-16475
-3907
-16715
-3915
-16859
-3891
-17099
-3987
-17411
-3971
-17659
-3995
-17915
-3915
-18075
-3995
-18299
-3987
-18627
-3891
-18835
-4195
141
-4215
-151
-4179
-347
-4167
-571
-4119
-787
-4127
-995
-4187
-1211
-4179
-1503
-4211
-1811
-4235
-2063
-4135
-2243
-4211
-2463
-4091
-2743
-4183
-3003
-4131
-3183
-4219
-3451
-4127
-3747
-4187
-3955
-4119
-4151
-4199
-4411
-4183
-4683
-4187
-4835
-4191
-5131
-4219
-5431
-4143
-5567
-4131
-5867
-4131
-6123
-4167
-6307
-4123
-6603
-4155
-6795
-4127
-7019
-4143
-7223
-4219
-7535
-4187
-7823
-4191
-7995
-4119
-8251
-4107
-8527
-4203
-8751
-4227
-8975
-4195
-9143
-4099
-9483
-4163
-9683
-4211
-9875
-4163
-10131
-4235
-10435
-4203
-10635
-4139
-10835
-4187
-11155
-4139
-11411
-4235
-11635
-4147
-11787
-4155
-12091
-4227
-12331
-4211
-12611
-4203
-12795
-4107
-12987
-4203
-13331
-4187
-13571
-4203
-13739
-4107
-13963
-4115
-14299
-4227
-14515
-4203
-14755
-4115
-14939
-4171
-15171
-4195
-15395
-4227
-15667
-4203
-15979
-4187
-16163
-4147
-16475
-4235
-16651
-4163
-16859
-4195
-17179
-4179
-17363
-4219
-17659
-4139
-17803
-4179
-18035
-4171
-18283
-4155
-18627
-4227
-18851
-4423
93
-4407
-83
-4435
-387
-4367
-595
-4443
-863
-4403
-1075
-4371
-1287
-4435
-1527
-4387
-1715
-4383
-2043
-4347
-2227
-4363
-2419
-4467
-2703
-4451
-2927
-4427
-3195
-4427
-3391
-4403
-3695
-4355
-3935
-4363
-4095
-4347
-4407
-4447
-4691
-4399
-4835
-4347
-5151
-4391
-5303
-4459
-5547
-4359
-5851
-4343
-6051
-4399
-6355
-4459
-6539
-4411
-6755
-4347
-7083
-4427
-7207
-4439
-7503
-4351
-7703
-4355
-8031
-4463
-8191
-4403
-8523
-4455
-8699
-4451
-8955
-4447
-9183
-4435
-9419
-4427
-9659
-4355
-9867
-4379
-10211
-4387
-10451
-4387
-10715
-4411
-10859
-4363
-11123
-4467
-11323
-4443
-11547
-4475
-11795
-4459
-12107
-4475
-12315
-4467
-12635
-4435
-12867
-4371
-13051
-4419
-13291
-4443
-13475
-4371
-13723
-4411
-14059
-4395
-14259
-4347
-14539
-4443
-14675
-4459
-14939
-4467
-15195
-4459
-15499
-4347
-15699
-4443
-15915
-4355
-16155
-4451
-16411
-4451
-16603
-4419
-16843
-4459
-17187
-4419
-17355
-4411
-17675
-4427
-17891
-4411
-18091
-4395
-18291
-4435
-18595
-4419
-18843
-4655
85
-4691
-55
-4639
-259
-4619
-611
-4603
-743
-4687
-995
-4651
-1343
-4679
-1491
-4607
-1783
-4687
-2023
-4587
-2267
-4675
-2419
-4587
-2759
-4671
-3027
-4595
-3231
-4571
-3387
-4619
-3663
-4567
-3991
-4595
-4171
-4627
-4435
-4655
-4707
-4683
-4875
-4647
-5131
-4643
-5415
-4683
-5551
-4659
-5803
-4619
-6011
-4623
-6283
-4683
-6495
-4679
-6811
-4695
-7035
-4651
-7267
-4631
-7503
-4603
-7743
-4679
-8023
-4587
-8307
-4615
-8495
-4691
-8723
-4675
-9007
-4663
-9223
-4707
-9507
-4707
-9667
-4707
-9931
-4619
-10123
-4715
-10403
-4683
-10659
-4611
-10883
-4659
-11107
-4699
-11379
-4691
-11619
-4699
-11883
-4635
-12099
-4683
-12291
-4675
-12523
-4691
-12843
-4627
-13003
-4667
-13243
-4715
-13539
-4643
-13755
-4595
-14027
-4611
-14283
-4715
-14475
-4683
-14739
-4707
-14939
-4707
-15179
-4611
-15491
-4603
-15683
-4699
-15995
-4707
-16155
-4691
-16435
-4675
-16619
-4715
-16843
-4715
-17155
-4627
-17371
-4691
-17587
-4603
-17899
-4611
-18147
-4659
-18355
-4699
-18507
-4587
-18819
-4883
85
-4907
-91
-4935
-375
-4947
-579
-4819
-747
-4907
-983
-4923
-1311
-4919
-1551
-4803
-1711
-4903
-1971
-4907
-2215
-4923
-2515
-4915
-2783
-4839
-3011
-4855
-3147
-4863
-3439
-4839
-3727
-4883
-3983
-4827
-4211
-4931
-4371
-4931
-4583
-4835
-4843
-4927
-5071
-4879
-5319
-4799
-5595
-4887
-5899
-4915
-6123
-4947
-6323
-4919
-6623
-4943
-6719
-4915
-7007
-4847
-7315
-4867
-7491
-4907
-7791
-4903
-8035
-4887
-8175
-4839
-8395
-4811
-8731
-4871
-8947
-4823
-9139
-4839
-9387
-4923
-9675
-4931
-9867
-4891
-10139
-4947
-10443
-4955
-10707
-4899
-10915
-4859
-11099
-4867
-11315
-4867
-11667
-4835
-11787
-4931
-12147
-4907
-12347
-4939
-12587
-4875
-12835
-4835
-13099
-4955
-13251
-4915
-13515
-4907
-13739
-4923
-14059
-4907
-14275
-4947
-14523
-4883
-14755
-4899
-14987
-4955
-15203
-4915
-15435
-4859
-15739
-4947
-15939
-4899
-16179
-4907
-16403
-4875
-16683
-4899
-16883
-4843
-17139
-4883
-17419
-4867
-17587
-4859
-17907
-4947
-18155
-4939
-18283
-4827
-18595
-4915
-18827
-5155
93
-5175
-43
-5167
-371
-5155
-595
-5131
-831
-5139
-1007
-5167
-1299
-5091
-1447
-5059
-1771
-5143
-1923
-5187
-2279
-5171
-2435
-5187
-2635
-5079
-2939
-5079
-3223
-5159
-3439
-5071
-3659
-5159
-3947
-5115
-4131
-5115
-4359
-5075
-4567
-5075
-4887
-5071
-5179
-5131
-5375
-5187
-5575
-5139
-5807
-5111
-6043
-5187
-6279
-5079
-6595
-5139
-6751
-5135
-7055
-5075
-7323
-5067
-7435
-5099
-7735
-5155
-8039
-5099
-8179
-5159
-8467
-5139
-8683
-5107
-9011
-5139
-9155
-5083
-9459
-5107
-9651
-5075
-9931
-5187
-10211
-5163
-10467
-5195
-10587
-5139
-10875
-5131
-11187
-5187
-11419
-5139
-11659
-5099
-11915
-5179
-12075
-5123
-12347
-5187
-12555
-5187
-12779
-5067
-13115
-5171
-13227
-5067
-13483
-5091
-13819
-5083
-14075
-5187
-14227
-5163
-14523
-5195
-14747
-5083
-15027
-5179
-15147
-5155
-15475
-5179
-15627
-5179
-15939
-5195
-16115
-5131
-16347
-5187
-16603
-5155
-16923
-5139
-17147
-5091
-17435
-5131
-17643
-5163
-17827
-5099
-18035
-5075
-18267
-5139
-18563
-5163
-18811
-5395
117
-5419
-99
-5419
-355
-5395
-499
-5395
-787
-5387
-1059
-5403
-1275
-5435
-1515
-5387
-1787
-5427
-2027
-5419
-2243
-5363
-2455
-5403
-2779
-5363
-2987
-5427
-3259
-5435
-3483
-5403
-3731
-5339
-3875
-5411
-4115
-5427
-4371
-5427
-4715
-5307
-4859
-5419
-5115
-5387
-5427
-5411
-5635
-5331
-5803
-5403
-6099
-5339
-6259
-5403
-6595
-5307
-6839
-5435
-7059
-5403
-7251
-5419
-7475
-5347
-7715
-5395
-8027
-5411
-8291
-5403
-8427
-5347
-8679
-5403
-9035
-5379
-9243
-5419
-9459
-5387
-9747
-5435
-9915
-5403
-10227
-5363
-10427
-5419
-10611
-5403
-10907
-5427
-11155
-5363
-11339
-5427
-11563
-5363
-11915
-5427
-12115
-5347
-12379
-5403
-12611
-5419
-12843
-5395
-13091
-5323
-13259
-5435
-13563
-5339
-13763
-5403
-13963
-5403
-14299
-5323
-14523
-5419
-14787
-5323
-15019
-5411
-15147
-5387
-15483
-5419
-15699
-5339
-15899
-5419
-16131
-5435
-16435
-5435
-16619
-5435
-16923
-5379
-17155
-5403
-17307
-5403
-17595
-5419
-17811
-5387
-18131
-5403
-18379
-5435
-18571
-5363
-18819
-5547
141
-5675
-147
-5619
-299
-5675
-627
-5643
-811
-5627
-1019
-5611
-1227
-5603
-1483
-5579
-1723
-5667
-2059
-5563
-2291
-5579
-2459
-5571
-2723
-5603
-2995
-5659
-3187
-5619
-3411
-5619
-3627
-5595
-3867
-5547
-4163
-5667
-4363
-5675
-4595
-5579
-4883
-5635
-5115
-5651
-5347
-5587
-5563
-5667
-5907
-5675
-6043
-5619
-6363
-5651
-6603
-5587
-6803
-5627
-7027
-5667
-7331
-5675
-7515
-5667
-7779
-5611
-7979
-5667
-8187
-5603
-8499
-5571
-8771
-5667
-8955
-5555
-9187
-5627
-9467
-5547
-9723
-5587
-9915
-5619
-10195
-5667
-10443
-5595
-10587
-5643
-10859
-5675
-11171
-5651
-11339
-5571
-11643
-5571
-11835
-5547
-12051
-5595
-12363
-5587
-12523
-5667
-12779
-5667
-13003
-5659
-13315
-5547
-13587
-5651
-13803
-5555
-14075
-5547
-14227
-5659
-14459
-5571
-14779
-5595
-15011
-5659
-15219
-5667
-15387
-5595
-15635
-5667
-15947
-5651
-16195
-5643
-16427
-5563
-16691
-5627
-16851
-5579
-17115
-5595
-17307
-5627
-17547
-5675
-17835
-5659
-18083
-5635
-18291
-5659
-18627
-5667
-18819
-5875
141
-5867
-35
-5843
-323
-5875
-547
-5835
-835
-5875
-1075
-5915
-1235
-5899
-1475
-5907
-1731
-5899
-1979
-5859
-2203
-5891
-2523
-5795
-2699
-5907
-2971
-5819
-3171
-5819
-3427
-5819
-3739
-5811
-3883
-5891
-4155
-5827
-4427
-5827
-4643
-5899
-4931
-5915
-5139
-5859
-5347
-5787
-5571
-5907
-5795
-5859
-6107
-5899
-6291
-5883
-6507
-5851
-6835
-5883
-7107
-5907
-7243
-5907
-7547
-5883
-7747
-5819
-8035
-5907
-8315
-5787
-8555
-5859
-8779
-5843
-8987
-5795
-9187
-5859
-9419
-5883
-9715
-5835
-9907
-5851
-10187
-5915
-10427
-5811
-10627
-5843
-10883
-5859
-11155
-5803
-11427
-5859
-11595
-5859
-11851
-5835
-12075
-5827
-12283
-5867
-12611
-5851
-12835
-5867
-13003
-5915
-13339
-5899
-13491
-5899
-13795
-5843
-14075
-5859
-14219
-5875
-14555
-5915
-14699
-5915
-14939
-5899
-15187
-5859
-15403
-5915
-15699
-5867
-15971
-5907
-16187
-5891
-16459
-5915
-16619
-5819
-16915
-5915
-17067
-5859
-17347
-5827
-17595
-5843
-17851
-5795
-18035
-5851
-18315
-5851
-18547
-5891
-18843
-6147
101
-6099
-59
-6035
-339
-6099
-619
-6131
-771
-6115
-1003
-6139
-1355
-6035
-1595
-6059
-1787
-6027
-2003
-6035
-2211
-6139
-2507
-6131
-2731
-6115
-3011
-6091
-3147
-6091
-3451
-6067
-3715
-6083
-3987
-6123
-4163
-6099
-4427
-6139
-4667
-6107
-4843
-6139
-5195
-6115
-5315
-6155
-5675
-6075
-5891
-6131
-6075
-6139
-6275
-6107
-6611
-6131
-6819
-6051
-7075
-6043
-7227
-6075
-7475
-6115
-7795
-6107
-8067
-6043
-8243
-6155
-8531
-6147
-8731
-6131
-9019
-6107
-9155
-6139
-9403
-6043
-9691
-6131
-9955
-6091
-10147
-6131
-10403
-6139
-10651
-6051
-10931
-6051
-11139
-6123
-11387
-6099
-11675
-6139
-11883
-6091
-12083
-6123
-12387
-6107
-12619
-6155
-12747
-6067
-13083
-6075
-13235
-6059
-13515
-6051
-13707
-6067
-14035
-6107
-14299
-6131
-14483
-6155
-14691
-6099
-15035
-6115
-15195
-6139
-15395
-6147
-15755
-6139
-15891
-6115
-16203
-6075
-16379
-6147
-16691
-6027
-16867
-6091
-17163
-6139
-17355
-6139
-17555
-6107
-17843
-6123
-18115
-6147
-18387
-6107
-18635
-6147
-18843
-6291
125
-6283
-107
-6387
-331
-6307
-523
-6395
-827
-6387
-1003
-6267
-1291
-6355
-1579
-6379
-1723
-6371
-2027
-6299
-2195
-6395
-2459
-6379
-2675
-6387
-3035
-6307
-3195
-6315
-3467
-6387
-3667
-6395
-3891
-6371
-4195
-6283
-4411
-6331
-4595
-6371
-4915
-6323
-5163
-6355
-5323
-6275
-5547
-6379
-5867
-6339
-6043
-6363
-6395
-6395
-6595
-6363
-6747
-6307
-7043
-6395
-7251
-6371
-7539
-6347
-7771
-6347
-7963
-6379
-8219
-6379
-8451
-6307
-8755
-6355
-8931
-6379
-9163
-6387
-9443
-6307
-9739
-6275
-9915
-6363
-10211
-6347
-10387
-6315
-10603
-6395
-10931
-6275
-11131
-6347
-11387
-6307
-11627
-6395
-11891
-6363
-12091
-6267
-12275
-6283
-12627
-6395
-12811
-6299
-13011
-6347
-13347
-6291
-13523
-6371
-13803
-6307
-14067
-6379
-14219
-6355
-14539
-6387
-14691
-6355
-14915
-6379
-15179
-6395
-15387
-6323
-15731
-6323
-15907
-6387
-16163
-6355
-16371
-6379
-16635
-6355
-16891
-6395
-17179
-6315
-17395
-6339
-17579
-6355
-17835
-6395
-18075
-6291
-18339
-6331
-18523
-6347
-18867
-6595
149
-6579
-155
-6611
-371
-6547
-523
-6619
-827
-6635
-1011
-6619
-1355
-6571
-1571
-6635
-1779
-6547
-2051
-6635
-2235
-6595
-2483
-6555
-2795
-6595
-3011
-6587
-3235
-6611
-3467
-6579
-3747
-6603
-3947
-6539
-4179
-6539
-4443
-6539
-4595
-6547
-4955
-6539
-5179
-6515
-5427
-6587
-5571
-6547
-5827
-6603
-6051
-6619
-6307
-6619
-6523
-6507
-6803
-6619
-7099
-6595
-7243
-6531
-7531
-6547
-7715
-6635
-8059
-6611
-8203
-6515
-8523
-6595
-8675
-6627
-8907
-6523
-9235
-6555
-9499
-6507
-9691
-6523
-9891
-6619
-10163
-6619
-10379
-6507
-10651
-6507
-10939
-6555
-11147
-6595
-11387
-6627
-11619
-6627
-11891
-6619
-12035
-6603
-12323
-6563
-12595
-6571
-12827
-6627
-13067
-6635
-13259
-6635
-13475
-6595
-13779
-6555
-13947
-6595
-14219
-6595
-14435
-6595
-14699
-6539
-15035
-6595
-15163
-6627
-15419
-6523
-15739
-6619
-15915
-6587
-16195
-6635
-16387
-6603
-16667
-6531
-16851
-6603
-17107
-6595
-17315
-6603
-17587
-6515
-17787
-6547
-18115
-6635
-18307
-6595
-18635
-6611
-18835
-6851
101
-6779
-99
-6787
-291
-6835
-611
-6851
-755
-6875
-1075
-6771
-1339
-6859
-1483
-6843
-1755
-6875
-1971
-6851
-2243
-6843
-2523
-6747
-2675
-6819
-2963
-6875
-3179
-6827
-3403
-6827
-3739
-6795
-3915
-6827
-4107
-6827
-4459
-6859
-4635
-6755
-4947
-6851
-5139
-6771
-5323
-6867
-5675
-6795
-5859
-6819
-6139
-6819
-6371
-6779
-6539
-6787
-6851
-6811
-7051
-6827
-7235
-6859
-7579
-6867
-7723
-6795
-7963
-6747
-8315
-6803
-8483
-6755
-8747
-6819
-8971
-6747
-9163
-6835
-9435
-6859
-9723
-6795
-9971
-6819
-10139
-6811
-10379
-6867
-10675
-6787
-10859
-6819
-11067
-6827
-11371
-6843
-11611
-6835
-11787
-6867
-12091
-6875
-12371
-6827
-12587
-6755
-12811
-6795
-13011
-6875
-13251
-6795
-13539
-6795
-13827
-6851
-14011
-6771
-14283
-6875
-14555
-6835
-14707
-6835
-15019
-6747
-15243
-6771
-15491
-6875
-15715
-6867
-15891
-6827
-16163
-6827
-16347
-6851
-16659
-6819
-16955
-6787
-17123
-6811
-17411
-6803
-17603
-6771
-17827
-6859
-18035
-6819
-18339
-6803
-18611
-6755
-18875
-7035
141
-7027
-51
-7091
-299
-7051
-523
-6995
-851
-7115
-1027
-7075
-1251
-7067
-1499
-7075
-1707
-7019
-1995
-7043
-2315
-7019
-2555
-7099
-2699
-7099
-3027
-7107
-3275
-7035
-3475
-7035
-3715
-7027
-3867
-7003
-4115
-7115
-4459
-7099
-4619
-7099
-4859
-7027
-5147
-7011
-5395
-7035
-5603
-7067
-5835
-7059
-6123
-7027
-6331
-7067
-6571
-6987
-6771
-6995
-7059
-7027
-7275
-7067
-7563
-7099
-7763
-7043
-8003
-7075
-8291
-7027
-8555
-7099
-8699
-6995
-9011
-7091
-9267
-6995
-9483
-7059
-9667
-7091
-9947
-7067
-10227
-7083
-10371
-7059
-10715
-7115
-10875
-7099
-11099
-7091
-11435
-7099
-11651
-7043
-11859
-7091
-12075
-7107
-12331
-6995
-12539
-7099
-12835
-7075
-13067
-7035
-13267
-7115
-13467
-7099
-13811
-7091
-14011
-7027
-14219
-7091
-14427
-7075
-14779
-7027
-14923
-7107
-15259
-7051
-15387
-7035
-15755
-7091
-15883
-7099
-16147
-7043
-16419
-7043
-16619
-7003
-16827
-7099
-17147
-7083
-17395
-7043
-17587
-7091
-17883
-7075
-18131
-7043
-18387
-7067
-18619
-7099
-18811
-7251
85
-7227
-67
-7347
-299
-7251
-531
-7315
-835
-7331
-1067
-7251
-1291
-7331
-1539
-7299
-1723
-7259
-2003
-7339
-2211
-7331
-2547
-7291
-2771
-7347
-3035
-7299
-3203
-7235
-3451
-7315
-3739
-7251
-3883
-7347
-4219
-7315
-4403
-7283
-4635
-7339
-4915
-7227
-5187
-7251
-5403
-7291
-5579
-7283
-5899
-7355
-6155
-7267
-6347
-7347
-6547
-7267
-6843
-7339
-7115
-7299
-7235
-7347
-7531
-7307
-7771
-7259
-8003
-7243
-8291
-7339
-8507
-7347
-8675
-7307
-9027
-7275
-9203
-7323
-9459
-7243
-9659
-7315
-9979
-7355
-10203
-7283
-10435
-7331
-10675
-7347
-10827
-7323
-11195
-7291
-11347
-7291
-11651
-7259
-11835
-7283
-12083
-7331
-12315
-7331
-12619
-7291
-12835
-7283
-13091
-7331
-13299
-7299
-13515
-7315
-13747
-7307
-13971
-7291
-14227
-7299
-14475
-7307
-14715
-7291
-14931
-7259
-15195
-7283
-15483
-7307
-15635
-7339
-15891
-7355
-16187
-7339
-16459
-7291
-16603
-7259
-16843
-7243
-17171
-7227
-17371
-7331
-17595
-7315
-17811
-7315
-18131
-7291
-18267
-7267
-18579
-7307
-18851
-7483
149
-7571
-107
-7587
-267
-7507
-619
-7539
-787
-7587
-1067
-7571
-1275
-7507
-1507
-7595
-1763
-7587
-2003
-7491
-2267
-7579
-2523
-7491
-2763
-7571
-2995
-7475
-3275
-7539
-3403
-7491
-3675
-7571
-3923
-7587
-4107
-7547
-4419
-7563
-4675
-7555
-4835
-7579
-5187
-7483
-5427
-7587
-5603
-7523
-5787
-7563
-6123
-7523
-6395
-7523
-6627
-7547
-6787
-7499
-7115
-7595
-7259
-7499
-7483
-7467
-7811
-7579
-8075
-7571
-8307
-7507
-8475
-7563
-8747
-7587
-8931
-7555
-9171
-7531
-9395
-7515
-9755
-7499
-9955
-7539
-10163
-7579
-10451
-7515
-10643
-7515
-10947
-7579
-11131
-7595
-11395
-7491
-11667
-7483
-11883
-7507
-12043
-7563
-12315
-7491
-12523
-7587
-12811
-7475
-12987
-7587
-13227
-7555
-13563
-7587
-13771
-7539
-13947
-7515
-14219
-7587
-14523
-7531
-14787
-7595
-14987
-7587
-15227
-7515
-15499
-7595
-15683
-7515
-15987
-7523
-16219
-7491
-16347
-7475
-16587
-7579
-16891
-7563
-17179
-7587
-17371
-7571
-17651
-7571
-17811
-7491
-18035
-7491
-18363
-7587
-18523
-7539
-18819
-7795
93
-7795
-139
-7715
-323
-7811
-579
-7763
-827
-7747
-1067
-7787
-1307
-7747
-1499
-7763
-1707
-7715
-2003
-7739
-2315
-7835
-2523
-7787
-2763
-7731
-2963
-7755
-3171
-7835
-3507
-7739
-3683
-7787
-3883
-7819
-4195
-7811
-4371
-7787
-4587
-7827
-4843
-7795
-5123
-7763
-5379
-7707
-5675
-7835
-5811
-7723
-6115
-7731
-6379
-7835
-6587
-7771
-6819
-7739
-7099
-7747
-7291
-7771
-7547
-7707
-7747
-7795
-8051
-7835
-8291
-7835
-8515
-7835
-8795
-7795
-8915
-7795
-9203
-7715
-9443
-7715
-9739
-7739
-9931
-7723
-10235
-7835
-10427
-7803
-10651
-7755
-10875
-7795
-11131
-7739
-11379
-7723
-11555
-7787
-11819
-7755
-12075
-7811
-12371
-7715
-12603
-7795
-12771
-7763
-13019
-7723
-13267
-7811
-13579
-7747
-13755
-7731
-14035
-7779
-14227
-7715
-14507
-7755
-14707
-7803
-15027
-7835
-15267
-7747
-15419
-7747
-15643
-7715
-15987
-7779
-16155
-7835
-16395
-7787
-16619
-7803
-16851
-7739
-17099
-7739
-17331
-7747
-17603
-7795
-17795
-7755
-18099
-7819
-18275
-7747
-18507
-7707
-18843
-7995
133
-8035
-59
-8003
-291
-8035
-619
-8067
-867
-8003
-1043
-8003
-1339
-8043
-1587
-8059
-1763
-8051
-1987
-8003
-2187
-8035
-2483
-8067
-2755
-8011
-3011
-8019
-3203
-7971
-3499
-7971
-3715
-8059
-3891
-8019
-4235
-8019
-4371
-8011
-4603
-8067
-4883
-8075
-5163
-8051
-5355
-8067
-5587
-8035
-5915
-8059
-6099
-8035
-6363
-8027
-6627
-8003
-6835
-7971
-7035
-8019
-7299
-7955
-7571
-8075
-7827
-8067
-7995
-7971
-8227
-7971
-8427
-8075
-8747
-7995
-8963
-8019
-9243
-7987
-9419
-7979
-9651
-8019
-9971
-8075
-10163
-8003
-10387
-7971
-10619
-8075
-10899
-8051
-11091
-8035
-11323
-7947
-11651
-7963
-11875
-7995
-12155
-8067
-12387
-7955
-12595
-8075
-12835
-8011
-13051
-8043
-13275
-8051
-13563
-8043
-13731
-8027
-13947
-8019
-14227
-8067
-14491
-8011
-14763
-7987
-14995
-8019
-15171
-8059
-15491
-8075
-15651
-8003
-15891
-8019
-16227
-7987
-16355
-8051
-16611
-7987
-16859
-8067
-17139
-7995
-17435
-8035
-17659
-8019
-17899
-8011
-18123
-7971
-18387
-8027
-18531
-8019
-18875
-8187
101
-8315
-51
-8291
-339
-8299
-539
-8315
-771
-8315
-1091
-8227
-1331
-8307
-1475
-8267
-1723
-8243
-2019
-8227
-2275
-8235
-2443
-8267
-2763
-8187
-2995
-8283
-3267
-8227
-3427
-8227
-3651
-8291
-3939
-8235
-4179
-8235
-4371
-8307
-4651
-8299
-4947
-8259
-5107
-8187
-5411
-8203
-5635
-8307
-5867
-8315
-6155
-8299
-6331
-8291
-6539
-8219
-6779
-8259
-7091
-8235
-7347
-8211
-7523
-8315
-7723
-8267
-8051
-8259
-8235
-8315
-8483
-8219
-8787
-8291
-8931
-8195
-9251
-8251
-9515
-8195
-9707
-8307
-9963
-8283
-10155
-8187
-10451
-8307
-10707
-8299
-10835
-8299
-11067
-8243
-11419
-8307
-11627
-8291
-11787
-8243
-12091
-8315
-12283
-8243
-12611
-8243
-12755
-8299
-13091
-8195
-13283
-8243
-13515
-8251
-13755
-8187
-14075
-8195
-14243
-8307
-14547
-8243
-14739
-8203
-14947
-8299
-15163
-8315
-15443
-8267
-15635
-8219
-15955
-8275
-16155
-8299
-16475
-8307
-16587
-8291
-16947
-8307
-17171
-8315
-17411
-8315
-17651
-8315
-17891
-8283
-18059
-8219
-18323
-8203
-18635
-8267
-18819
-8491
133
-8531
-27
-8555
-387
-8483
-619
-8539
-803
-8467
-1043
-8539
-1299
-8547
-1515
-8475
-1707
-8547
-2067
-8523
-2283
-8515
-2475
-8435
-2755
-8531
-3035
-8475
-3259
-8475
-3483
-8499
-3667
-8523
-3915
-8507
-4147
-8451
-4467
-8515
-4635
-8555
-4867
-8451
-5115
-8555
-5387
-8427
-5619
-8531
-5891
-8499
-6099
-8475
-6387
-8483
-6531
-8459
-6859
-8459
-7091
-8467
-7259
-8555
-7547
-8507
-7827
-8491
-7955
-8459
-8259
-8507
-8451
-8499
-8739
-8435
-9011
-8483
-9219
-8531
-9475
-8547
-9723
-8427
-9907
-8547
-10123
-8523
-10371
-8547
-10651
-8547
-10931
-8483
-11195
-8515
-11379
-8499
-11675
-8507
-11899
-8531
-12067
-8475
-12307
-8459
-12563
-8515
-12827
-8547
-13099
-8515
-13299
-8523
-13491
-8507
-13827
-8459
-13995
-8491
-14315
-8499
-14443
-8531
-14691
-8539
-15027
-8475
-15259
-8523
-15451
-8547
-15659
-8459
-15923
-8547
-16155
-8555
-16451
-8475
-16699
-8547
-16875
-8547
-17115
-8499
-17307
-8451
-17659
-8531
-17907
-8467
-18107
-8435
-18283
-8555
-18595
-8475
-18851
-8731
141
-8707
-67
-8739
-283
-8787
-515
-8683
-755
-8795
-1107
-8795
-1227
-8795
-1539
-8755
-1707
-8779
-2051
-8723
-2203
-8739
-2531
-8779
-2723
-8795
-2947
-8771
-3179
-8747
-3499
-8683
-3731
-8747
-3875
-8739
-4123
-8715
-4435
-8675
-4675
-8763
-4915
-8795
-5139
-8771
-5363
-8699
-5667
-8755
-5899
-8763
-6083
-8715
-6267
-8699
-6627
-8755
-6875
-8723
-7075
-8763
-7339
-8755
-7467
-8747
-7795
-8691
-8019
-8731
-8315
-8699
-8539
-8771
-8667
-8699
-8963
-8795
-9155
-8715
-9419
-8715
-9739
-8683
-9875
-8699
-10203
-8795
-10475
-8667
-10659
-8747
-10859
-8683
-11091
-8755
-11387
-8667
-11627
-8771
-11851
-8763
-12075
-8755
-12331
-8771
-12547
-8667
-12811
-8731
-12995
-8715
-13259
-8763
-13539
-8795
-13771
-8763
-13995
-8771
-14307
-8683
-14459
-8771
-14779
-8795
-15011
-8795
-15195
-8675
-15451
-8667
-15675
-8723
-15899
-8747
-16131
-8731
-16347
-8699
-16587
-8675
-16827
-8739
-17131
-8779
-17435
-8755
-17667
-8771
-17883
-8787
-18115
-8779
-18387
-8795
-18571
-8675
-18851
-8971
125
-9011
-107
-9035
-347
-8955
-531
-8995
-787
-8915
-1091
-8939
-1267
-8947
-1523
-8971
-1755
-9019
-2059
-9011
-2299
-9027
-2555
-9027
-2771
-9011
-2979
-8955
-3227
-8923
-3403
-9027
-3731
-9011
-3867
-8995
-4179
-9019
-4371
-8931
-4587
-8979
-4899
-9027
-5195
-8963
-5411
-9011
-5611
-8923
-5827
-8923
-6067
-8907
-6355
-8931
-6531
-8939
-6795
-8947
-6995
-8931
-7291
-9035
-7499
-9035
-7723
-9011
-7947
-9019
-8299
-8955
-8499
-9027
-8707
-8955
-8963
-9027
-9219
-8979
-9403
-9027
-9683
-9027
-9979
-8947
-10179
-8987
-10355
-9027
-10659
-8963
-10883
-9027
-11155
-8907
-11347
-8971
-11635
-9003
-11875
-8971
-12147
-9035
-12275
-8971
-12523
-8995
-12811
-9027
-13011
-8939
-13315
-9035
-13539
-8979
-13771
-8987
-13963
-8931
-14291
-9003
-14515
-8955
-14779
-8923
-14987
-8987
-15179
-9027
-15435
-8963
-15643
-8931
-15931
-8971
-16219
-8907
-16467
-8947
-16675
-9027
-16955
-9019
-17091
-8995
-17395
-8947
-17563
-8939
-17787
-8987
-18035
-8931
-18323
-9027
-18507
-8915
-18819
-9267
125
-9227
-67
-9195
-323
-9275
-555
-9227
-755
-9243
-1035
-9163
-1259
-9235
-1563
-9267
-1787
-9187
-2003
-9243
-2251
-9267
-2467
-9267
-2795
-9259
-2939
-9275
-3275
-9227
-3427
-9259
-3691
-9267
-3987
-9267
-4235
-9203
-4419
-9243
-4611
-9147
-4875
-9243
-5147
-9227
-5347
-9219
-5651
-9171
-5843
-9259
-6035
-9267
-6387
-9251
-6555
-9147
-6875
-9211
-7051
-9187
-7267
-9163
-7539
-9163
-7707
-9275
-7947
-9275
-8211
-9227
-8435
-9267
-8787
-9267
-9011
-9219
-9243
-9163
-9435
-9147
-9667
-9155
-9947
-9171
-10235
-9187
-10363
-9259
-10595
-9219
-10891
-9275
-11147
-9235
-11427
-9219
-11651
-9251
-11915
-9235
-12027
-9171
-12355
-9243
-12555
-9227
-12827
-9195
-13027
-9203
-13315
-9267
-13595
-9211
-13747
-9179
-14075
-9203
-14187
-9275
-14435
-9195
-14779
-9171
-14931
-9203
-15163
-9267
-15515
-9267
-15683
-9267
-15867
-9251
-16195
-9203
-16411
-9179
-16619
-9243
-16827
-9211
-17099
-9275
-17419
-9211
-17659
-9275
-17899
-9259
-18043
-9195
-18315
-9147
-18595
-9211
-18867
-9467
117
-9491
-123
-9451
-291
-9443
-619
-9507
-835
-9419
-1051
-9507
-1339
-9419
-1555
-9467
-1715
-9515
-2003
-9499
-2187
-9483
-2507
-9483
-2771
-9499
-3003
-9507
-3235
-9459
-3507
-9459
-3659
-9467
-3971
-9491
-4219
-9443
-4347
-9403
-4707
-9491
-4923
-9467
-5083
-9395
-5419
-9491
-5579
-9499
-5819
-9395
-6131
-9459
-6331
-9395
-6595
-9467
-6747
-9467
-7115
-9475
-7267
-9395
-7467
-9403
-7755
-9459
-7987
-9459
-8203
-9411
-8459
-9483
-8723
-9515
-8931
-9411
-9275
-9443
-9411
-9435
-9643
-9459
-9915
-9395
-10203
-9507
-10355
-9411
-10651
-9499
-10939
-9491
-11179
-9515
-11419
-9395
-11627
-9451
-11851
-9483
-12131
-9387
-12291
-9467
-12627
-9435
-12875
-9499
-13115
-9491
-13307
-9411
-13539
-9491
-13819
-9403
-13971
-9435
-14259
-9435
-14435
-9491
-14691
-9427
-14963
-9443
-15195
-9387
-15427
-9435
-15739
-9483
-15907
-9467
-16227
-9483
-16475
-9443
-16627
-9403
-16859
-9459
-17123
-9515
-17371
-9467
-17547
-9411
-17787
-9419
-18131
-9467
-18291
-9411
-18619
-9507
-18819
-9731
125
-9755
-75
-9707
-355
-9739
-603
-9667
-763
-9699
-1051
-9651
-1339
-9667
-1587
-9739
-1827
-9643
-2019
-9627
-2267
-9739
-2475
-9699
-2779
-9699
-2923
-9731
-3235
-9643
-3443
-9747
-3627
-9683
-3939
-9691
-4219
-9731
-4467
-9707
-4595
-9731
-4915
-9715
-5171
-9739
-5331
-9739
-5547
-9747
-5819
-9635
-6083
-9715
-6347
-9699
-6619
-9699
-6755
-9755
-7019
-9715
-7283
-9635
-7555
-9731
-7827
-9731
-8011
-9699
-8251
-9683
-8499
-9707
-8723
-9731
-8915
-9683
-9179
-9747
-9419
-9755
-9731
-9723
-9891
-9715
-10195
-9643
-10347
-9747
-10707
-9667
-10955
-9683
-11067
-9755
-11363
-9747
-11579
-9707
-11899
-9707
-12107
-9755
-12275
-9739
-12571
-9643
-12867
-9691
-13043
-9747
-13267
-9715
-13555
-9739
-13747
-9739
-14051
-9707
-14259
-9675
-14443
-9627
-14715
-9643
-15011
-9707
-15275
-9715
-15467
-9643
-15683
-9723
-15987
-9731
-16131
-9747
-16435
-9755
-16643
-9675
-16947
-9747
-17171
-9691
-17427
-9699
-17579
-9755
-17795
-9755
-18035
-9651
-18387
-9731
-18579
-9739
-18867
-9867
101
-9979
-91
-9947
-371
-9995
-579
-9979
-747
-9931
-987
-9883
-1315
-9947
-1475
-9891
-1779
-9915
-2011
-9891
-2307
-9971
-2499
-9939
-2731
-9995
-2907
-9947
-3195
-9963
-3403
-9963
-3635
-9971
-3875
-9875
-4107
-9907
-4395
-9939
-4715
-9963
-4931
-9979
-5083
-9875
-5419
-9931
-5571
-9923
-5835
-9971
-6139
-9955
-6371
-9987
-6523
-9995
-6875
-9995
-7107
-9955
-7235
-9987
-7595
-9867
-7747
-9963
-7987
-9875
-8267
-9971
-8427
-9963
-8675
-9907
-9003
-9971
-9235
-9883
-9467
-9867
-9723
-9899
-9955
-9979
-10131
-9875
-10379
-9955
-10619
-9915
-10955
-9979
-11099
-9923
-11435
-9971
-11627
-9875
-11891
-9875
-12107
-9971
-12379
-9995
-12555
-9971
-12779
-9923
-13003
-9963
-13347
-9963
-13523
-9963
-13771
-9915
-14035
-9987
-14259
-9931
-14523
-9899
-14731
-9899
-14971
-9867
-15243
-9875
-15467
-9995
-15707
-9947
-15923
-9867
-16147
-9987
-16459
-9987
-16603
-9979
-16939
-9931
-17155
-9907
-17339
-9907
-17627
-9987
-17795
-9995
-18139
-9939
-18363
-9955
-18595
-9995
-18835
-10131
133
-10187
-35
-10171
-347
-10131
-579
-10203
-819
-10219
-995
-10163
-1323
-10227
-1507
-10187
-1763
-10187
-2051
-10131
-2227
-10227
-2443
-10195
-2771
-10155
-2915
-10211
-3243
-10195
-3499
-10115
-3635
-10211
-3899
-10235
-4123
-10139
-4475
-10123
-4643
-10211
-4835
-10179
-5195
-10171
-5307
-10163
-5603
-10203
-5907
-10211
-6083
-10235
-6267
-10211
-6571
-10227
-6755
-10147
-7051
-10107
-7339
-10211
-7555
-10171
-7739
-10163
-8075
-10227
-8243
-10139
-8491
-10219
-8675
-10107
-8955
-10155
-9155
-10227
-9435
-10179
-9651
-10171
-9899
-10211
-10235
-10211
-10411
-10139
-10651
-10179
-10923
-10235
-11091
-10139
-11315
-10187
-11611
-10163
-11915
-10187
-12059
-10203
-12363
-10219
-12635
-10115
-12827
-10203
-12995
-10171
-13251
-10115
-13579
-10219
-13787
-10227
-13995
-10123
-14211
-10235
-14467
-10131
-14747
-10107
-14955
-10179
-15195
-10235
-15419
-10179
-15723
-10187
-15907
-10123
-16219
-10219
-16467
-10211
-16651
-10227
-16875
-10219
-17155
-10195
-17339
-10235
-17611
-10179
-17851
-10195
-18091
-10235
-18315
-10171
-18603
-10131
-18819
-10467
149
-10467
-123
-10459
-315
-10475
-603
-10475
-835
-10451
-987
-10451
-1323
-10451
-1579
-10467
-1811
-10459
-2035
-10451
-2203
-10411
-2443
-10419
-2691
-10467
-2947
-10467
-3267
-10475
-3419
-10451
-3715
-10459
-3915
-10467
-4227
-10427
-4467
-10467
-4699
-10475
-4939
-10435
-5163
-10435
-5315
-10443
-5659
-10435
-5851
-10459
-6131
-10459
-6371
-10459
-6611
-10451
-6811
-10443
-7083
-10411
-7315
-10435
-7515
-10411
-7755
-10419
-7995
-10459
-8219
-10435
-8443
-10427
-8683
-10459
-8907
-10411
-9243
-10411
-9475
-10451
-9707
-10475
-9947
-10427
-10203
-10467
-10467
-10475
-10683
-10443
-10883
-10459
-11163
-10451
-11347
-10411
-11587
-10475
-11827
-10435
-12107
-10467
-12331
-10443
-12563
-10459
-12763
-10475
-13011
-10419
-13355
-10435
-13571
-10427
-13731
-10427
-13987
-10459
-14307
-10459
-14547
-10467
-14699
-10435
-15035
-10419
-15219
-10411
-15435
-10427
-15747
-10427
-15987
-10451
-16219
-10411
-16403
-10475
-16683
-10411
-16939
-10459
-17163
-10459
-17307
-10451
-17571
-10411
-17867
-10427
-18059
-10475
-18267
-10467
-18523
-10459
-18843
