125
841
146
-3
179
-241
216
-537
662
-770
374
-1081
274
-1230
447
-1516
446
-1707
280
-1947
262
-2266
217
-2459
713
-2661
365
-2951
143
-3219
131
-3475
129
-3695
191
-3853
223
-4211
111
-4339
185
-4683
93
-4851
85
-5167
101
-5299
93
-5595
133
-5775
101
-6051
149
-6315
117
-6575
141
-6759
133
-7003
133
-7339
149
-7571
93
-7719
149
-7987
141
-8283
93
-8471
109
-8703
101
-8995
101
-9159
93
-9431
133
-9659
85
-9883
85
-10147
117
-10443
85
-10619
125
-10867
133
-11067
109
-11363
101
-11595
101
-11803
93
-12107
101
-12275
93
-12627
149
-12867
125
-13051
85
-13235
85
-13579
149
-13819
93
-13947
101
-14219
85
-14539
109
-14795
141
-15035
149
-15203
101
-15483
85
-15651
93
-15899
85
-16211
93
-16371
101
-16619
85
-16907
101
-17067
85
-17379
101
-17643
85
-17811
125
-18027
117
-18331
149
-18611
85
-18875
-31
954
-125
15
-141
-347
-61
-603
-16
-854
-98
-1005
-35
-1245
-12
-1499
-60
-1782
-45
-1962
-145
-2279
-135
-2483
-115
-2651
-7
-2883
-115
-3243
-93
-3425
-59
-3613
-111
-3971
-69
-4171
-79
-4415
-127
-4619
-15
-4875
-119
-5095
-119
-5411
-139
-5675
-63
-5827
-123
-6103
-79
-6359
-35
-6579
-67
-6715
-51
-7003
-43
-7251
-39
-7555
-87
-7775
-135
-7987
-47
-8267
-87
-8395
-91
-8663
-151
-8959
-119
-9183
-123
-9491
-147
-9739
-43
-9867
-139
-10187
-99
-10459
-139
-10675
-27
-10827
-139
-11115
-115
-11403
-147
-11651
-139
-11803
-107
-12147
-107
-12371
-91
-12507
-139
-12827
-75
-13011
-115
-13299
-43
-13563
-123
-13827
-99
-14035
-139
-14187
-51
-14491
-75
-14691
-115
-14987
-67
-15227
-139
-15507
-83
-15715
-139
-15867
-147
-16131
-43
-16379
-59
-16659
-123
-16955
-131
-17171
-35
-17315
-147
-17563
-155
-17787
-115
-18091
-155
-18355
-139
-18523
-51
-18827
-291
337
-339
-23
-369
-248
-271
-589
-315
-811
-374
-1055
-259
-1205
-320
-1503
-365
-1777
-336
-1975
-325
-2229
-323
-2491
-325
-2731
-371
-2925
-259
-3239
-351
-3429
-371
-3667
-323
-3919
-285
-4217
-275
-4343
-373
-4573
-371
-4895
-319
-5087
-287
-5363
-279
-5607
-379
-5875
-367
-6151
-375
-6391
-347
-6547
-259
-6795
-395
-7011
-331
-7271
-371
-7499
-379
-7743
-379
-7987
-239
-8183
-359
-8539
-347
-8727
-351
-9015
-383
-9147
-299
-9447
-267
-9731
-379
-9971
-283
-10219
-363
-10379
-283
-10699
-307
-10955
-371
-11163
-347
-11315
-387
-11563
-371
-11891
-347
-12043
-395
-12291
-355
-12579
-355
-12763
-307
-13003
-331
-13339
-355
-13579
-339
-13827
-395
-14043
-291
-14259
-387
-14459
-267
-14675
-299
-14939
-323
-15211
-355
-15419
-395
-15731
-379
-15939
-315
-16195
-371
-16435
-355
-16715
-395
-16827
-291
-17115
-395
-17387
-339
-17555
-307
-17915
-347
-18051
-339
-18379
-315
-18555
-387
-18819
-627
801
-586
14
-515
-368
-490
-481
-566
-836
-483
-1071
-592
-1339
-623
-1575
-530
-1822
-547
-1926
-538
-2184
-517
-2435
-481
-2667
-591
-2963
-583
-3181
-563
-3415
-553
-3611
-579
-3953
-509
-4155
-521
-4431
-615
-4663
-607
-4879
-527
-5127
-567
-5335
-539
-5671
-611
-5859
-619
-6019
-583
-6395
-595
-6607
-603
-6775
-599
-6979
-559
-7291
-603
-7579
-491
-7787
-599
-7947
-595
-8195
-555
-8411
-499
-8751
-611
-8979
-619
-9127
-543
-9499
-619
-9667
-595
-9987
-595
-10203
-619
-10387
-603
-10603
-603
-10883
-635
-11147
-595
-11411
-611
-11555
-515
-11867
-619
-12115
-571
-12347
-515
-12507
-627
-12747
-531
-13043
-563
-13243
-515
-13475
-547
-13811
-619
-14067
-515
-14211
-635
-14451
-611
-14739
-523
-15035
-619
-15179
-523
-15451
-523
-15723
-587
-15875
-587
-16179
-611
-16403
-547
-16707
-571
-16883
-539
-17131
-531
-17387
-611
-17603
-627
-17867
-611
-18091
-539
-18395
-627
-18579
-547
-18819
-871
205
-852
-130
-725
-379
-730
-602
-773
-717
-842
-1003
-793
-1191
-763
-1467
-827
-1801
-833
-2001
-838
-2197
-821
-2493
-857
-2779
-809
-2949
-845
-3195
-845
-3435
-801
-3679
-795
-3895
-819
-4155
-799
-4369
-853
-4587
-811
-4819
-743
-5111
-819
-5387
-795
-5575
-863
-5775
-859
-6099
-835
-6359
-791
-6547
-831
-6827
-755
-7083
-731
-7239
-767
-7559
-835
-7771
-791
-8015
-831
-8251
-763
-8515
-799
-8763
-851
-9015
-755
-9175
-859
-9459
-811
-9667
-747
-9899
-803
-10187
-771
-10419
-851
-10627
-859
-10859
-803
-11147
-771
-11355
-859
-11659
-859
-11787
-763
-12051
-875
-12355
-819
-12539
-835
-12803
-779
-12995
-859
-13243
-827
-13579
-859
-13779
-795
-13995
-859
-14187
-811
-14467
-771
-14707
-867
-14979
-771
-15179
-819
-15395
-803
-15667
-787
-15995
-875
-16179
-875
-16467
-811
-16611
-875
-16907
-819
-17155
-827
-17363
-755
-17627
-867
-17859
-811
-18035
-875
-18379
-835
-18571
-875
-18827
-1115
1105
-1071
-54
-1042
-297
-1011
-563
-1009
-827
-1035
-1009
-1046
-1250
-1065
-1500
-1026
-1793
-1035
-2032
-1029
-2277
-979
-2447
-1083
-2689
-987
-2927
-1005
-3265
-1027
-3451
-1089
-3735
-987
-3965
-1025
-4185
-1043
-4353
-1039
-4623
-995
-4875
-1015
-5151
-1103
-5347
-1079
-5647
-1083
-5787
-1079
-6047
-1047
-6291
-1067
-6539
-1095
-6775
-1051
-6991
-1071
-7239
-1067
-7515
-955
-7791
-995
-7943
-1063
-8175
-1099
-8431
-1111
-8739
-1099
-9007
-1087
-9163
-1043
-9499
-987
-9755
-1067
-9971
-1051
-10171
-1107
-10443
-1019
-10643
-1083
-10835
-1083
-11091
-1083
-11403
-1115
-11651
-1075
-11899
-1035
-12067
-1027
-12395
-1067
-12555
-1099
-12803
-1011
-12995
-1051
-13347
-1099
-13467
-1115
-13747
-1067
-14019
-1035
-14275
-1059
-14427
-1035
-14795
-1043
-14963
-1083
-15267
-1003
-15451
-1059
-15715
-1059
-15883
-1099
-16171
-1059
-16347
-1083
-16659
-1083
-16827
-1003
-17147
-1003
-17411
-1019
-17611
-1075
-17835
-1011
-18131
-1051
-18371
-1083
-18507
-1051
-18827
-1315
1701
-1327
-127
-1329
-300
-1335
-545
-1343
-841
-1219
-1046
-1250
-1298
-1269
-1567
-1270
-1702
-1331
-1917
-1319
-2250
-1331
-2395
-1211
-2731
-1333
-2909
-1329
-3155
-1287
-3489
-1303
-3595
-1337
-3957
-1261
-4171
-1197
-4341
-1245
-4579
-1275
-4903
-1291
-5163
-1331
-5315
-1327
-5663
-1335
-5843
-1347
-6119
-1227
-6271
-1267
-6515
-1251
-6847
-1295
-7027
-1303
-7287
-1279
-7515
-1315
-7799
-1327
-7987
-1207
-8179
-1291
-8507
-1319
-8655
-1307
-9007
-1275
-9223
-1315
-9459
-1291
-9731
-1331
-9875
-1307
-10179
-1307
-10443
-1307
-10595
-1315
-10859
-1331
-11195
-1331
-11355
-1339
-11579
-1227
-11795
-1299
-12131
-1339
-12307
-1307
-12611
-1339
-12795
-1291
-13083
-1347
-13339
-1315
-13571
-1243
-13819
-1315
-14019
-1323
-14299
-1267
-14491
-1331
-14795
-1347
-15027
-1243
-15243
-1355
-15419
-1251
-15731
-1267
-15899
-1323
-16147
-1339
-16435
-1299
-16603
-1347
-16907
-1307
-17091
-1323
-17435
-1355
-17651
-1291
-17795
-1259
-18107
-1251
-18347
-1267
-18587
-1275
-18811
-1571
2361
-1541
-69
-1535
-309
-1569
-497
-1569
-855
-1571
-1047
-1515
-1339
-1571
-1563
-1579
-1753
-1569
-2019
-1587
-2251
-1487
-2483
-1549
-2715
-1561
-3017
-1445
-3135
-1501
-3387
-1449
-3751
-1535
-3881
-1435
-4107
-1537
-4329
-1557
-4565
-1551
-4855
-1571
-5155
-1547
-5347
-1515
-5555
-1519
-5863
-1547
-6067
-1535
-6267
-1579
-6559
-1535
-6823
-1563
-7023
-1579
-7235
-1495
-7559
-1443
-7795
-1503
-7959
-1539
-8199
-1563
-8503
-1471
-8795
-1547
-8907
-1503
-9263
-1511
-9395
-1587
-9739
-1595
-9955
-1595
-10131
-1491
-10371
-1571
-10635
-1547
-10875
-1547
-11187
-1555
-11435
-1507
-11675
-1595
-11835
-1579
-12051
-1483
-12331
-1571
-12547
-1531
-12819
-1507
-13019
-1491
-13299
-1531
-13563
-1547
-13739
-1579
-13955
-1531
-14291
-1523
-14491
-1571
-14715
-1475
-14979
-1579
-15195
-1499
-15435
-1587
-15691
-1483
-15875
-1571
-16107
-1587
-16411
-1579
-16659
-1579
-16835
-1571
-17115
-1507
-17395
-1571
-17627
-1523
-17811
-1579
-18139
-1515
-18275
-1531
-18579
-1531
-18811
-1795
1143
-1823
-81
-1791
-387
-1757
-587
-1771
-785
-1735
-965
-1717
-1227
-1795
-1535
-1787
-1819
-1757
-1921
-1707
-2295
-1741
-2513
-1791
-2653
-1815
-2991
-1775
-3267
-1753
-3369
-1793
-3687
-1767
-3935
-1815
-4213
-1791
-4327
-1771
-4629
-1827
-4911
-1715
-5175
-1683
-5411
-1763
-5535
-1811
-5819
-1763
-6051
-1795
-6271
-1787
-6527
-1803
-6819
-1691
-6991
-1751
-7251
-1787
-7543
-1755
-7743
-1807
-8023
-1795
-8307
-1799
-8523
-1755
-8691
-1815
-9007
-1767
-9243
-1755
-9499
-1779
-9755
-1715
-9915
-1835
-10123
-1707
-10347
-1795
-10611
-1779
-10899
-1811
-11123
-1747
-11379
-1819
-11627
-1779
-11843
-1787
-12083
-1739
-12283
-1707
-12595
-1771
-12779
-1707
-13083
-1747
-13347
-1811
-13547
-1787
-13731
-1731
-14051
-1811
-14243
-1771
-14539
-1803
-14763
-1763
-15027
-1795
-15203
-1787
-15419
-1827
-15707
-1779
-15979
-1787
-16203
-1827
-16467
-1755
-16691
-1755
-16955
-1835
-17075
-1803
-17435
-1827
-17611
-1763
-17883
-1787
-18083
-1795
-18267
-1747
-18539
-1803
-18811
-2075
865
-1963
-155
-1997
-259
-1933
-547
-1995
-733
-2009
-1043
-2041
-1315
-2049
-1461
-2003
-1779
-1939
-1943
-1997
-2197
-2037
-2481
-1971
-2749
-2041
-3003
-2067
-3165
-2001
-3485
-2047
-3667
-1955
-3987
-2041
-4205
-2009
-4447
-1935
-4683
-2067
-4923
-2027
-5107
-2043
-5359
-1995
-5563
-2039
-5871
-1955
-6135
-1983
-6383
-2051
-6571
-2023
-6839
-1971
-7035
-1983
-7227
-1951
-7551
-2047
-7739
-2007
-7979
-1987
-8215
-2047
-8519
-1959
-8659
-2007
-8935
-2063
-9167
-2003
-9475
-1955
-9675
-2019
-9947
-1971
-10123
-2059
-10403
-1995
-10611
-2059
-10891
-2059
-11139
-1979
-11403
-2075
-11675
-2011
-11883
-1995
-12115
-2075
-12395
-2027
-12563
-2003
-12787
-2043
-13019
-2043
-13259
-1955
-13571
-2067
-13787
-2035
-14067
-2051
-14267
-2067
-14555
-1995
-14715
-2059
-14963
-2035
-15227
-2003
-15475
-2011
-15723
-2035
-15995
-1955
-16163
-1963
-16379
-1947
-16619
-2067
-16835
-1963
-17123
-2051
-17435
-2075
-17635
-2043
-17819
-1979
-18043
-2067
-18299
-2043
-18627
-2011
-18851
-2275
207
-2243
-43
-2195
-253
-2219
-563
-2305
-819
-2181
-1065
-2313
-1311
-2275
-1517
-2211
-1709
-2225
-1959
-2283
-2297
-2257
-2505
-2211
-2695
-2295
-3019
-2283
-3263
-2263
-3467
-2275
-3693
-2303
-3883
-2263
-4231
-2197
-4429
-2241
-4697
-2303
-4903
-2291
-5107
-2263
-5395
-2315
-5535
-2315
-5839
-2263
-6091
-2283
-6275
-2271
-6559
-2211
-6807
-2235
-6999
-2275
-7303
-2231
-7451
-2251
-7715
-2223
-7939
-2215
-8251
-2251
-8423
-2187
-8759
-2231
-8935
-2275
-9247
-2315
-9499
-2243
-9747
-2203
-9971
-2299
-10123
-2267
-10387
-2275
-10635
-2195
-10883
-2251
-11171
-2291
-11355
-2283
-11555
-2219
-11907
-2275
-12139
-2315
-12331
-2267
-12579
-2291
-12827
-2219
-13051
-2307
-13251
-2227
-13547
-2187
-13827
-2243
-13963
-2243
-14251
-2315
-14547
-2219
-14755
-2259
-15011
-2307
-15235
-2251
-15483
-2227
-15707
-2251
-15987
-2187
-16179
-2243
-16363
-2259
-16699
-2259
-16875
-2235
-17123
-2243
-17395
-2235
-17659
-2211
-17843
-2307
-18027
-2243
-18395
-2275
-18555
-2275
-18875
-2547
121
-2549
-43
-2429
-275
-2453
-591
-2463
-777
-2453
-1023
-2485
-1229
-2423
-1433
-2509
-1777
-2451
-2053
-2513
-2235
-2457
-2459
-2519
-2687
-2485
-2889
-2473
-3231
-2493
-3423
-2515
-3673
-2403
-3943
-2543
-4129
-2523
-4459
-2433
-4617
-2523
-4855
-2511
-5131
-2531
-5319
-2535
-5579
-2475
-5883
-2511
-6139
-2519
-6319
-2539
-6579
-2519
-6835
-2451
-7083
-2459
-7295
-2471
-7503
-2535
-7723
-2431
-7979
-2487
-8227
-2539
-8531
-2435
-8719
-2471
-8895
-2507
-9191
-2539
-9435
-2435
-9651
-2443
-9939
-2491
-10123
-2507
-10475
-2531
-10603
-2507
-10843
-2523
-11139
-2467
-11307
-2523
-11579
-2555
-11795
-2475
-12035
-2451
-12339
-2539
-12555
-2547
-12755
-2531
-13091
-2435
-13323
-2443
-13563
-2515
-13787
-2555
-14043
-2491
-14291
-2483
-14523
-2523
-14771
-2547
-15003
-2459
-15251
-2531
-15499
-2539
-15627
-2467
-15883
-2515
-16147
-2555
-16403
-2475
-16603
-2467
-16843
-2531
-17155
-2523
-17403
-2523
-17547
-2507
-17835
-2523
-18091
-2547
-18299
-2539
-18627
-2531
-18835
-2667
787
-2763
-59
-2747
-355
-2755
-619
-2671
-817
-2783
-1035
-2727
-1291
-2779
-1547
-2747
-1835
-2731
-2015
-2687
-2191
-2723
-2515
-2751
-2703
-2759
-2931
-2695
-3143
-2723
-3459
-2723
-3643
-2679
-3937
-2731
-4163
-2727
-4375
-2675
-4579
-2771
-4851
-2779
-5147
-2723
-5331
-2687
-5555
-2667
-5851
-2711
-6035
-2767
-6371
-2723
-6559
-2779
-6843
-2755
-7059
-2691
-7243
-2759
-7491
-2767
-7783
-2651
-7987
-2731
-8183
-2707
-8515
-2787
-8651
-2695
-8943
-2731
-9235
-2735
-9435
-2683
-9731
-2715
-9891
-2731
-10211
-2779
-10459
-2731
-10595
-2699
-10931
-2779
-11195
-2755
-11419
-2683
-11563
-2683
-11787
-2731
-12075
-2731
-12347
-2667
-12563
-2779
-12867
-2739
-13027
-2779
-13291
-2771
-13595
-2731
-13787
-2779
-13947
-2787
-14235
-2723
-14459
-2691
-14699
-2779
-14907
-2723
-15187
-2755
-15451
-2707
-15667
-2739
-15963
-2739
-16187
-2699
-16395
-2779
-16603
-2675
-16859
-2675
-17171
-2771
-17371
-2763
-17659
-2739
-17787
-2779
-18067
-2795
-18331
-2787
-18539
-2779
-18835
-3027
109
-2995
-75
-2987
-311
-3003
-531
-2967
-851
-2923
-987
-2959
-1311
-2987
-1551
-2979
-1759
-2923
-1979
-3015
-2171
-2991
-2511
-2979
-2639
-2991
-2935
-2979
-3203
-2923
-3399
-3007
-3707
-2899
-3887
-2951
-4131
-2979
-4347
-2895
-4631
-2971
-4835
-2899
-5083
-3019
-5311
-3027
-5623
-2927
-5819
-2979
-6135
-2959
-6331
-2935
-6567
-2939
-6755
-2943
-7079
-2975
-7267
-2915
-7447
-2903
-7795
-2919
-7991
-2927
-8211
-2955
-8491
-2999
-8755
-2923
-8907
-2983
-9167
-2983
-9427
-3011
-9675
-3027
-9867
-2947
-10203
-3011
-10355
-3035
-10699
-2923
-10923
-2931
-11115
-2979
-11371
-3011
-11643
-3019
-11875
-2947
-12091
-2955
-12363
-3019
-12539
-2963
-12851
-2987
-13107
-2907
-13347
-2963
-13531
-2963
-13827
-2955
-13947
-2987
-14211
-3003
-14507
-2955
-14779
-2923
-14915
-3027
-15179
-2947
-15419
-2963
-15707
-3019
-15875
-3011
-16219
-3019
-16411
-2915
-16707
-2971
-16907
-2939
-17091
-2915
-17323
-3035
-17635
-2987
-17843
-2923
-18051
-3027
-18307
-2995
-18539
-2955
-18843
-3251
141
-3179
-23
-3163
-355
-3247
-539
-3243
-723
-3175
-991
-3251
-1231
-3227
-1555
-3243
-1803
-3247
-2047
-3247
-2251
-3171
-2483
-3271
-2699
-3187
-2995
-3203
-3207
-3163
-3387
-3239
-3643
-3259
-3923
-3211
-4119
-3267
-4399
-3203
-4675
-3247
-4823
-3215
-5175
-3155
-5331
-3155
-5631
-3219
-5847
-3207
-6115
-3267
-6303
-3179
-6503
-3195
-6727
-3267
-6963
-3179
-7215
-3167
-7479
-3215
-7727
-3259
-7975
-3191
-8283
-3215
-8463
-3239
-8643
-3191
-9003
-3203
-9151
-3247
-9499
-3267
-9699
-3259
-9915
-3235
-10235
-3227
-10443
-3267
-10595
-3179
-10859
-3219
-11195
-3251
-11435
-3275
-11627
-3243
-11827
-3243
-12115
-3243
-12339
-3171
-12523
-3187
-12747
-3195
-13011
-3235
-13283
-3211
-13491
-3179
-13755
-3195
-14067
-3195
-14291
-3235
-14531
-3163
-14739
-3147
-14963
-3203
-15171
-3267
-15387
-3251
-15699
-3243
-15939
-3211
-16219
-3243
-16459
-3235
-16691
-3171
-16915
-3179
-17195
-3187
-17379
-3219
-17611
-3267
-17835
-3171
-18107
-3267
-18379
-3155
-18523
-3251
-18859
-3423
149
-3511
-91
-3407
-343
-3487
-603
-3471
-747
-3411
-1011
-3499
-1227
-3439
-1531
-3443
-1823
-3435
-2047
-3415
-2231
-3495
-2435
-3483
-2699
-3463
-2987
-3491
-3215
-3495
-3395
-3399
-3595
-3439
-3975
-3499
-4075
-3407
-4443
-3471
-4643
-3495
-4811
-3355
-5107
-3395
-5391
-3391
-5667
-3491
-5843
-3507
-6111
-3455
-6339
-3435
-6555
-3427
-6767
-3503
-7095
-3395
-7295
-3427
-7579
-3475
-7747
-3403
-7979
-3467
-8279
-3403
-8439
-3459
-8763
-3479
-8995
-3427
-9199
-3463
-9399
-3451
-9755
-3451
-9971
-3451
-10187
-3491
-10363
-3387
-10635
-3459
-10827
-3499
-11123
-3395
-11371
-3475
-11667
-3475
-11819
-3419
-12147
-3427
-12267
-3491
-12507
-3467
-12803
-3491
-13035
-3475
-13259
-3427
-13467
-3483
-13763
-3459
-13963
-3395
-14307
-3491
-14531
-3419
-14723
-3475
-14947
-3435
-15275
-3515
-15443
-3475
-15659
-3459
-15907
-3427
-16139
-3483
-16419
-3395
-16643
-3467
-16827
-3427
-17099
-3491
-17379
-3499
-17595
-3491
-17795
-3483
-18083
-3387
-18299
-3435
-18611
-3411
-18819
-3667
133
-3699
-39
-3655
-279
-3627
-491
-3631
-851
-3731
-1103
-3643
-1283
-3667
-1591
-3691
-1707
-3703
-2019
-3707
-2263
-3679
-2487
-3691
-2747
-3639
-3003
-3643
-3239
-3663
-3395
-3731
-3631
-3679
-3951
-3711
-4143
-3687
-4455
-3655
-4647
-3675
-4883
-3731
-5051
-3627
-5399
-3719
-5543
-3683
-5875
-3639
-6035
-3715
-6279
-3699
-6559
-3707
-6731
-3723
-7051
-3667
-7251
-3715
-7499
-3735
-7787
-3719
-7931
-3695
-8271
-3659
-8547
-3611
-8691
-3671
-8879
-3715
-9195
-3643
-9379
-3707
-9699
-3707
-9947
-3659
-10147
-3659
-10355
-3651
-10683
-3739
-10851
-3699
-11115
-3723
-11315
-3683
-11587
-3707
-11787
-3667
-12115
-3651
-12379
-3659
-12603
-3651
-12755
-3723
-13083
-3651
-13299
-3731
-13595
-3739
-13787
-3747
-14075
-3659
-14315
-3651
-14451
-3739
-14795
-3651
-14963
-3627
-15179
-3755
-15435
-3755
-15643
-3723
-15963
-3699
-16179
-3675
-16435
-3643
-16651
-3755
-16907
-3747
-17179
-3643
-17403
-3683
-17659
-3715
-17883
-3747
-18067
-3731
-18283
-3643
-18515
-3747
-18875
-3963
149
-3971
-131
-3851
-259
-3939
-563
-3987
-771
-3891
-999
-3891
-1295
-3923
-1531
-3859
-1711
-3939
-1975
-3851
-2211
-3899
-2523
-3935
-2731
-3871
-3011
-3967
-3171
-3975
-3419
-3931
-3639
-3955
-3987
-3951
-4159
-3987
-4339
-3863
-4659
-3939
-4811
-3951
-5183
-3939
-5355
-3919
-5631
-3955
-5783
-3903
-6119
-3947
-6307
-3971
-6539
-3891
-6779
-3927
-7071
-3927
-7287
-3963
-7467
-3995
-7783
-3915
-8051
-3951
-8287
-3967
-8479
-3963
-8715
-3975
-8931
-3955
-9239
-3947
-9483
-3947
-9667
-3955
-9899
-3987
-10155
-3963
-10387
-3867
-10659
-3883
-10947
-3979
-11115
-3939
-11435
-3955
-11651
-3915
-11875
-3963
-12115
-3947
-12379
-3923
-12563
-3987
-12827
-3883
-13011
-3979
-13235
-3987
-13523
-3891
-13779
-3875
-14019
-3987
-14195
-3939
-14435
-3915
-14667
-3867
-15035
-3931
-15235
-3923
-15467
-3899
-15651
-3891
-15995
-3907
-16147
-3931
-16427
-3883
-16611
-3899
-16931
-3931
-17067
-3915
-17347
-3971
-17675
-3947
-17867
-3979
-18131
-3971
-18363
-3947
-18571
-3939
-18835
-4195
141
-4215
-151
-4199
-343
-4171
-607
-4155
-795
-4115
-1063
-4215
-1215
-4179
-1451
-4211
-1807
-4139
-2035
-4155
-2267
-4147
-2455
-4203
-2763
-4203
-2979
-4143
-3147
-4203
-3383
-4191
-3615
-4235
-3959
-4211
-4131
-4199
-4399
-4159
-4699
-4159
-4887
-4107
-5155
-4215
-5359
-4127
-5539
-4187
-5879
-4163
-6063
-4143
-6239
-4155
-6539
-4187
-6759
-4235
-6991
-4203
-7215
-4127
-7591
-4163
-7803
-4147
-8007
-4147
-8271
-4147
-8459
-4179
-8703
-4175
-8995
-4179
-9183
-4123
-9371
-4219
-9755
-4219
-9931
-4235
-10155
-4179
-10371
-4147
-10651
-4187
-10827
-4235
-11187
-4235
-11307
-4187
-11563
-4131
-11843
-4203
-12067
-4227
-12347
-4107
-12571
-4187
-12827
-4235
-13051
-4171
-13307
-4179
-13547
-4203
-13731
-4235
-14035
-4227
-14251
-4219
-14507
-4235
-14699
-4179
-15011
-4235
-15259
-4123
-15459
-4203
-15707
-4107
-15899
-4211
-16187
-4227
-16459
-4235
-16611
-4203
-16923
-4227
-17067
-4211
-17403
-4195
-17611
-4163
-17907
-4147
-18035
-4235
-18315
-4171
-18539
-4219
-18851
-4423
93
-4439
-111
-4423
-343
-4419
-575
-4427
-803
-4323
-1003
-4435
-1199
-4443
-1555
-4403
-1683
-4387
-2007
-4359
-2235
-4403
-2411
-4431
-2739
-4447
-2915
-4415
-3171
-4455
-3463
-4347
-3687
-4351
-3931
-4407
-4119
-4355
-4419
-4475
-4683
-4435
-4835
-4435
-5063
-4475
-5423
-4415
-5619
-4451
-5787
-4383
-6095
-4363
-6363
-4431
-6599
-4451
-6819
-4399
-7103
-4391
-7319
-4447
-7447
-4383
-7815
-4343
-8051
-4419
-8235
-4459
-8411
-4459
-8775
-4435
-8995
-4467
-9215
-4443
-9471
-4427
-9683
-4435
-9899
-4395
-10187
-4475
-10355
-4347
-10659
-4451
-10859
-4467
-11075
-4411
-11347
-4387
-11659
-4443
-11811
-4411
-12147
-4427
-12347
-4435
-12523
-4411
-12867
-4427
-13115
-4435
-13267
-4475
-13555
-4355
-13779
-4363
-14019
-4475
-14267
-4363
-14443
-4475
-14787
-4467
-15003
-4411
-15219
-4475
-15443
-4403
-15675
-4403
-15995
-4467
-16131
-4403
-16451
-4451
-16635
-4467
-16835
-4403
-17171
-4459
-17427
-4403
-17627
-4459
-17787
-4411
-18051
-4403
-18323
-4363
-18595
-4363
-18867
-4627
133
-4703
-75
-4615
-331
-4619
-615
-4559
-719
-4579
-1075
-4639
-1291
-4659
-1499
-4587
-1707
-4635
-2063
-4623
-2275
-4611
-2455
-4647
-2691
-4615
-2927
-4707
-3167
-4579
-3471
-4663
-3683
-4627
-3967
-4647
-4127
-4695
-4367
-4647
-4687
-4675
-4883
-4579
-5091
-4675
-5395
-4615
-5547
-4663
-5847
-4695
-6047
-4591
-6327
-4651
-6539
-4647
-6735
-4591
-7011
-4651
-7327
-4667
-7479
-4683
-7735
-4675
-7955
-4675
-8311
-4559
-8507
-4663
-8719
-4599
-9019
-4619
-9187
-4659
-9515
-4683
-9691
-4683
-9915
-4619
-10147
-4707
-10371
-4667
-10707
-4619
-10955
-4611
-11075
-4683
-11363
-4683
-11611
-4691
-11883
-4707
-12091
-4651
-12355
-4675
-12619
-4699
-12859
-4595
-13075
-4603
-13251
-4699
-13571
-4707
-13739
-4619
-14051
-4715
-14219
-4675
-14555
-4635
-14779
-4611
-14931
-4643
-15259
-4611
-15411
-4715
-15659
-4707
-15987
-4715
-16179
-4635
-16419
-4595
-16611
-4659
-16947
-4707
-17123
-4715
-17315
-4651
-17587
-4675
-17843
-4691
-18067
-4595
-18307
-4683
-18579
-4587
-18827
-4875
141
-4859
-15
-4867
-323
-4887
-563
-4915
-847
-4867
-1079
-4907
-1283
-4891
-1459
-4859
-1747
-4887
-2051
-4919
-2199
-4843
-2491
-4907
-2719
-4899
-2927
-4915
-3183
-4891
-3411
-4943
-3719
-4855
-3951
-4803
-4175
-4923
-4407
-4915
-4579
-4871
-4879
-4919
-5071
-4947
-5307
-4927
-5623
-4891
-5859
-4907
-6031
-4911
-6311
-4927
-6623
-4931
-6795
-4819
-7023
-4815
-7283
-4895
-7535
-4895
-7767
-4951
-8039
-4907
-8311
-4935
-8491
-4879
-8667
-4903
-8891
-4935
-9211
-4843
-9463
-4851
-9675
-4923
-9923
-4883
-10195
-4955
-10395
-4835
-10715
-4875
-10867
-4955
-11099
-4955
-11307
-4907
-11635
-4955
-11787
-4883
-12067
-4891
-12323
-4907
-12523
-4883
-12859
-4923
-13019
-4947
-13299
-4947
-13483
-4859
-13763
-4955
-13963
-4955
-14291
-4899
-14435
-4907
-14787
-4915
-14947
-4835
-15235
-4907
-15387
-4939
-15683
-4859
-15979
-4947
-16187
-4827
-16451
-4835
-16627
-4931
-16931
-4955
-17155
-4875
-17419
-4883
-17651
-4907
-17915
-4931
-18091
-4907
-18283
-4899
-18627
-4867
-18867
-5167
133
-5099
-131
-5071
-371
-5099
-615
-5175
-747
-5183
-991
-5171
-1275
-5163
-1463
-5107
-1763
-5167
-2047
-5067
-2203
-5095
-2439
-5155
-2755
-5039
-2999
-5123
-3135
-5123
-3403
-5107
-3647
-5151
-3951
-5079
-4127
-5075
-4411
-5103
-4687
-5123
-4875
-5187
-5123
-5183
-5283
-5163
-5515
-5059
-5907
-5175
-6039
-5075
-6331
-5127
-6631
-5151
-6811
-5131
-7043
-5087
-7259
-5083
-7471
-5111
-7723
-5155
-8027
-5075
-8247
-5127
-8483
-5139
-8747
-5075
-8991
-5155
-9167
-5147
-9475
-5171
-9675
-5163
-9939
-5179
-10187
-5163
-10475
-5075
-10635
-5155
-10867
-5123
-11107
-5179
-11403
-5115
-11555
-5155
-11867
-5195
-12155
-5067
-12275
-5187
-12635
-5163
-12779
-5067
-13043
-5155
-13243
-5123
-13483
-5155
-13707
-5187
-14043
-5083
-14187
-5123
-14435
-5195
-14683
-5195
-14995
-5099
-15251
-5115
-15507
-5171
-15627
-5163
-15867
-5171
-16187
-5139
-16347
-5083
-16699
-5139
-16891
-5171
-17107
-5067
-17411
-5131
-17627
-5123
-17787
-5115
-18123
-5115
-18291
-5195
-18555
-5171
-18811
-5347
109
-5315
-31
-5419
-347
-5395
-495
-5435
-787
-5363
-1023
-5403
-1243
-5403
-1523
-5387
-1699
-5387
-2019
-5411
-2315
-5307
-2407
-5419
-2747
-5315
-2939
-5427
-3259
-5387
-3499
-5411
-3651
-5323
-3867
-5395
-4191
-5395
-4359
-5427
-4707
-5363
-4811
-5331
-5131
-5427
-5323
-5435
-5675
-5427
-5883
-5355
-6055
-5435
-6323
-5395
-6559
-5331
-6771
-5347
-6987
-5355
-7271
-5355
-7583
-5419
-7835
-5307
-8043
-5435
-8227
-5371
-8511
-5403
-8675
-5331
-8999
-5371
-9263
-5435
-9443
-5379
-9755
-5379
-9947
-5379
-10211
-5435
-10443
-5427
-10643
-5395
-10939
-5387
-11171
-5411
-11347
-5395
-11635
-5435
-11915
-5307
-12107
-5363
-12371
-5435
-12579
-5411
-12779
-5307
-13035
-5331
-13347
-5395
-13483
-5323
-13787
-5323
-14019
-5323
-14267
-5395
-14531
-5395
-14795
-5395
-14915
-5419
-15171
-5411
-15467
-5403
-15627
-5379
-15875
-5419
-16131
-5403
-16451
-5403
-16611
-5403
-16859
-5371
-17067
-5347
-17427
-5323
-17627
-5379
-17803
-5427
-18099
-5339
-18299
-5387
-18627
-5315
-18851
-5595
101
-5643
-147
-5627
-355
-5587
-595
-5547
-779
-5675
-1011
-5651
-1347
-5643
-1507
-5571
-1811
-5603
-2075
-5587
-2299
-5555
-2427
-5603
-2683
-5595
-3027
-5659
-3179
-5643
-3427
-5635
-3651
-5627
-3867
-5603
-4227
-5627
-4347
-5643
-4595
-5675
-4915
-5603
-5115
-5667
-5403
-5611
-5659
-5667
-5875
-5635
-6099
-5659
-6291
-5651
-6627
-5571
-6843
-5555
-7075
-5651
-7299
-5659
-7563
-5619
-7739
-5635
-8059
-5675
-8291
-5667
-8451
-5579
-8779
-5667
-9027
-5675
-9227
-5619
-9459
-5643
-9691
-5675
-9923
-5675
-10155
-5675
-10443
-5675
-10635
-5627
-10939
-5659
-11115
-5651
-11315
-5587
-11579
-5627
-11907
-5643
-12115
-5635
-12339
-5563
-12507
-5555
-12779
-5659
-13059
-5603
-13259
-5651
-13595
-5547
-13835
-5635
-14075
-5643
-14235
-5611
-14499
-5667
-14779
-5603
-14979
-5619
-15259
-5547
-15387
-5611
-15707
-5643
-15939
-5571
-16107
-5579
-16379
-5587
-16659
-5675
-16883
-5635
-17131
-5627
-17403
-5571
-17619
-5603
-17875
-5579
-18099
-5619
-18371
-5603
-18539
-5555
-18827
-5907
93
-5875
-131
-5803
-379
-5875
-547
-5891
-795
-5899
-1059
-5827
-1259
-5867
-1483
-5859
-1755
-5827
-1987
-5891
-2267
-5859
-2555
-5827
-2675
-5851
-3035
-5907
-3235
-5883
-3515
-5803
-3755
-5867
-3883
-5891
-4155
-5859
-4427
-5811
-4587
-5787
-4827
-5835
-5099
-5859
-5339
-5891
-5595
-5859
-5891
-5915
-6059
-5819
-6379
-5875
-6531
-5883
-6835
-5875
-7059
-5915
-7299
-5891
-7483
-5907
-7803
-5787
-7987
-5843
-8203
-5915
-8555
-5803
-8771
-5907
-8963
-5843
-9203
-5899
-9427
-5787
-9731
-5899
-9899
-5867
-10179
-5843
-10387
-5851
-10667
-5883
-10955
-5803
-11099
-5875
-11355
-5795
-11579
-5899
-11811
-5891
-12123
-5811
-12331
-5867
-12603
-5787
-12811
-5915
-12987
-5907
-13227
-5899
-13499
-5795
-13811
-5883
-13971
-5899
-14275
-5867
-14443
-5899
-14779
-5899
-15011
-5915
-15155
-5915
-15395
-5899
-15643
-5899
-15955
-5899
-16219
-5867
-16395
-5915
-16611
-5827
-16955
-5787
-17067
-5907
-17355
-5827
-17643
-5827
-17803
-5787
-18107
-5867
-18267
-5835
-18611
-5795
-18811
-6155
85
-6075
-99
-6035
-347
-6099
-619
-6115
-851
-6043
-1091
-6083
-1355
-6035
-1595
-6091
-1811
-6083
-2067
-6035
-2203
-6075
-2539
-6075
-2779
-6051
-2987
-6099
-3171
-6123
-3427
-6091
-3715
-6083
-3979
-6115
-4147
-6115
-4451
-6107
-4611
-6083
-4827
-6139
-5091
-6107
-5435
-6075
-5643
-6059
-5891
-6139
-6027
-6107
-6379
-6107
-6595
-6155
-6859
-6067
-7027
-6139
-7251
-6091
-7555
-6155
-7747
-6155
-8011
-6091
-8315
-6099
-8507
-6035
-8667
-6155
-9019
-6027
-9195
-6147
-9395
-6099
-9707
-6115
-9955
-6083
-10163
-6059
-10451
-6123
-10699
-6155
-10851
-6155
-11171
-6147
-11379
-6131
-11563
-6115
-11819
-6139
-12115
-6139
-12395
-6107
-12555
-6123
-12787
-6139
-13115
-6067
-13227
-6115
-13563
-6099
-13819
-6123
-13979
-6059
-14275
-6035
-14555
-6107
-14691
-6139
-14955
-6139
-15147
-6091
-15419
-6115
-15635
-6131
-15971
-6131
-16179
-6067
-16459
-6075
-16587
-6075
-16891
-6115
-17155
-6091
-17347
-6131
-17659
-6115
-17851
-6131
-18027
-6115
-18331
-6139
-18547
-6099
-18859
-6395
149
-6395
-155
-6299
-355
-6275
-563
-6387
-771
-6379
-1099
-6283
-1355
-6355
-1571
-6275
-1739
-6379
-2011
-6355
-2251
-6355
-2483
-6299
-2771
-6379
-2963
-6307
-3179
-6371
-3475
-6371
-3755
-6307
-3971
-6355
-4211
-6371
-4435
-6339
-4627
-6395
-4955
-6307
-5083
-6387
-5379
-6355
-5587
-6379
-5915
-6387
-6147
-6299
-6299
-6323
-6579
-6379
-6843
-6387
-7091
-6363
-7355
-6307
-7515
-6355
-7811
-6355
-8067
-6387
-8315
-6379
-8443
-6387
-8731
-6363
-9019
-6275
-9187
-6307
-9403
-6371
-9667
-6299
-9931
-6355
-10203
-6363
-10371
-6379
-10587
-6339
-10859
-6355
-11083
-6347
-11379
-6379
-11611
-6387
-11787
-6371
-12091
-6347
-12363
-6315
-12627
-6387
-12835
-6323
-12987
-6315
-13267
-6387
-13595
-6299
-13795
-6315
-13979
-6395
-14259
-6323
-14467
-6323
-14707
-6323
-15027
-6371
-15155
-6371
-15499
-6339
-15691
-6291
-15987
-6387
-16187
-6323
-16363
-6331
-16651
-6291
-16859
-6275
-17195
-6323
-17379
-6363
-17675
-6371
-17843
-6347
-18131
-6379
-18347
-6331
-18539
-6395
-18875
-6539
85
-6515
-91
-6539
-323
-6635
-627
-6579
-795
-6619
-1091
-6595
-1347
-6587
-1539
-6507
-1787
-6635
-2019
-6539
-2187
-6563
-2555
-6603
-2667
-6587
-2963
-6635
-3251
-6595
-3451
-6571
-3723
-6579
-3875
-6515
-4147
-6539
-4435
-6523
-4643
-6547
-4843
-6523
-5155
-6547
-5331
-6587
-5675
-6547
-5867
-6635
-6027
-6635
-6339
-6603
-6523
-6555
-6835
-6563
-7003
-6587
-7283
-6635
-7499
-6563
-7731
-6627
-7995
-6555
-8187
-6579
-8539
-6611
-8739
-6611
-9027
-6603
-9251
-6587
-9491
-6627
-9691
-6563
-9979
-6571
-10195
-6619
-10403
-6611
-10603
-6611
-10939
-6627
-11083
-6515
-11411
-6619
-11547
-6627
-11843
-6627
-12147
-6635
-12395
-6587
-12571
-6611
-12843
-6611
-13075
-6595
-13339
-6555
-13515
-6587
-13811
-6611
-13955
-6563
-14195
-6627
-14427
-6627
-14675
-6563
-14947
-6611
-15267
-6507
-15403
-6611
-15659
-6515
-15875
-6579
-16139
-6603
-16403
-6635
-16619
-6619
-16923
-6619
-17075
-6547
-17331
-6563
-17675
-6555
-17851
-6555
-18099
-6595
-18275
-6539
-18555
-6627
-18827
-6747
141
-6787
-99
-6851
-379
-6835
-611
-6835
-875
-6835
-1019
-6771
-1331
-6859
-1587
-6843
-1739
-6795
-2051
-6795
-2211
-6779
-2467
-6803
-2675
-6859
-3035
-6795
-3187
-6851
-3515
-6763
-3739
-6795
-3899
-6875
-4187
-6827
-4451
-6851
-4635
-6851
-4947
-6851
-5131
-6851
-5387
-6795
-5579
-6803
-5787
-6835
-6107
-6819
-6315
-6859
-6531
-6867
-6819
-6851
-7107
-6851
-7323
-6803
-7571
-6859
-7763
-6875
-7987
-6819
-8251
-6867
-8531
-6771
-8763
-6763
-9027
-6779
-9179
-6875
-9427
-6763
-9651
-6827
-9915
-6811
-10203
-6755
-10459
-6763
-10659
-6875
-10867
-6851
-11083
-6843
-11435
-6755
-11659
-6755
-11851
-6867
-12075
-6859
-12267
-6763
-12611
-6851
-12819
-6851
-13091
-6795
-13227
-6811
-13467
-6827
-13787
-6835
-13995
-6771
-14307
-6811
-14467
-6795
-14755
-6747
-14979
-6803
-15195
-6747
-15427
-6875
-15659
-6779
-15907
-6835
-16203
-6835
-16411
-6779
-16699
-6803
-16835
-6875
-17115
-6827
-17339
-6819
-17595
-6867
-17811
-6795
-18123
-6779
-18291
-6811
-18595
-6835
-18875
-7107
149
-7075
-35
-7091
-299
-7059
-507
-7003
-859
-7027
-1043
-7075
-1243
-7107
-1539
-7067
-1827
-7059
-1979
-7067
-2275
-7043
-2451
-7083
-2675
-7107
-3035
-7107
-3147
-7027
-3491
-7019
-3699
-7003
-3947
-7035
-4155
-7043
-4411
-7091
-4619
-7099
-4851
-7027
-5139
-7075
-5403
-7091
-5667
-7067
-5795
-7035
-6051
-7115
-6355
-7115
-6563
-7035
-6795
-7035
-7107
-7019
-7307
-7043
-7523
-7051
-7739
-7107
-7971
-7083
-8227
-7115
-8435
-7043
-8755
-7083
-9027
-7051
-9259
-7067
-9395
-7059
-9707
-7051
-9923
-7091
-10171
-6995
-10347
-7035
-10611
-7091
-10843
-7099
-11099
-7075
-11363
-7051
-11587
-7075
-11827
-7115
-12107
-6995
-12299
-7083
-12627
-7083
-12795
-7043
-13003
-7099
-13291
-7091
-13595
-7075
-13763
-7067
-14067
-7075
-14235
-7099
-14539
-7115
-14739
-7115
-15011
-7011
-15275
-7115
-15459
-7083
-15723
-7115
-15971
-6995
-16211
-7107
-16387
-7091
-16715
-7107
-16835
-7019
-17131
-7059
-17363
-7043
-17587
-7091
-17867
-7075
-18115
-7011
-18291
-7051
-18547
-7027
-18875
-7267
133
-7323
-131
-7347
-299
-7291
-547
-7315
-819
-7243
-1019
-7251
-1283
-7235
-1547
-7307
-1795
-7299
-1955
-7347
-2267
-7315
-2531
-7355
-2787
-7347
-3027
-7355
-3147
-7259
-3451
-7307
-3699
-7275
-3963
-7331
-4147
-7347
-4451
-7251
-4587
-7331
-4931
-7227
-5179
-7315
-5323
-7291
-5651
-7283
-5899
-7235
-6131
-7299
-6379
-7299
-6523
-7291
-6827
-7331
-7035
-7275
-7355
-7331
-7547
-7251
-7819
-7299
-7963
-7235
-8235
-7315
-8467
-7283
-8723
-7331
-8915
-7299
-9251
-7291
-9419
-7355
-9747
-7339
-9907
-7355
-10147
-7331
-10387
-7227
-10667
-7283
-10955
-7355
-11139
-7323
-11387
-7259
-11611
-7235
-11875
-7267
-12075
-7291
-12307
-7251
-12627
-7331
-12819
-7355
-12987
-7331
-13355
-7307
-13475
-7331
-13739
-7307
-14019
-7251
-14275
-7323
-14491
-7331
-14683
-7299
-15019
-7243
-15251
-7275
-15395
-7307
-15691
-7267
-15931
-7323
-16163
-7243
-16403
-7331
-16707
-7251
-16891
-7355
-17155
-7347
-17379
-7347
-17587
-7283
-17859
-7251
-18147
-7339
-18291
-7283
-18507
-7307
-18827
-7523
101
-7515
-35
-7587
-267
-7563
-515
-7555
-851
-7507
-1075
-7571
-1267
-7579
-1499
-7523
-1803
-7595
-2027
-7507
-2291
-7555
-2507
-7555
-2755
-7507
-2907
-7507
-3203
-7555
-3411
-7491
-3675
-7475
-3931
-7571
-4179
-7523
-4443
-7507
-4675
-7555
-4827
-7579
-5179
-7507
-5419
-7587
-5603
-7491
-5875
-7587
-6083
-7547
-6387
-7555
-6515
-7531
-6771
-7571
-7083
-7587
-7315
-7531
-7475
-7515
-7739
-7587
-8035
-7523
-8227
-7467
-8459
-7491
-8675
-7587
-9027
-7571
-9243
-7483
-9411
-7571
-9627
-7507
-9979
-7555
-10187
-7579
-10419
-7555
-10659
-7587
-10915
-7507
-11075
-7491
-11387
-7483
-11587
-7579
-11899
-7587
-12059
-7563
-12315
-7587
-12563
-7595
-12851
-7587
-13035
-7571
-13299
-7475
-13579
-7579
-13819
-7475
-13955
-7483
-14211
-7531
-14515
-7579
-14763
-7579
-14979
-7499
-15147
-7507
-15435
-7587
-15723
-7555
-15987
-7595
-16219
-7571
-16371
-7531
-16603
-7571
-16947
-7571
-17163
-7531
-17403
-7491
-17547
-7555
-17907
-7555
-18139
-7491
-18363
-7595
-18579
-7539
-18875
-7795
117
-7779
-35
-7715
-323
-7827
-587
-7755
-811
-7803
-1067
-7755
-1267
-7715
-1475
-7747
-1715
-7731
-2059
-7811
-2203
-7835
-2427
-7779
-2787
-7755
-2939
-7795
-3267
-7835
-3395
-7739
-3683
-7755
-3907
-7819
-4227
-7739
-4475
-7715
-4683
-7747
-4867
-7795
-5115
-7819
-5315
-7747
-5627
-7779
-5819
-7731
-6099
-7763
-6267
-7779
-6523
-7787
-6747
-7763
-7051
-7819
-7323
-7835
-7483
-7811
-7715
-7787
-8059
-7747
-8235
-7827
-8491
-7747
-8683
-7747
-9035
-7747
-9267
-7835
-9507
-7739
-9739
-7835
-9939
-7755
-10211
-7723
-10387
-7779
-10595
-7827
-10843
-7819
-11155
-7827
-11323
-7731
-11579
-7739
-11907
-7811
-12139
-7763
-12299
-7819
-12619
-7795
-12875
-7827
-13075
-7835
-13227
-7787
-13499
-7827
-13723
-7739
-14067
-7819
-14219
-7747
-14531
-7827
-14723
-7827
-14939
-7787
-15211
-7835
-15403
-7787
-15731
-7835
-15883
-7787
-16187
-7827
-16435
-7715
-16643
-7803
-16835
-7771
-17075
-7731
-17371
-7803
-17627
-7755
-17803
-7739
-18123
-7803
-18299
-7707
-18595
-7771
-18827
-7995
133
-8035
-59
-8035
-299
-8051
-603
-8075
-803
-8003
-1035
-8027
-1227
-8035
-1555
-8067
-1803
-8027
-2051
-8003
-2307
-7955
-2515
-8075
-2763
-8011
-3003
-8027
-3251
-8027
-3515
-7971
-3707
-8019
-3995
-7987
-4219
-8059
-4443
-8019
-4691
-7971
-4891
-8003
-5139
-8051
-5315
-8059
-5643
-8035
-5915
-8067
-6027
-8035
-6331
-8067
-6539
-8051
-6747
-8067
-7027
-7987
-7283
-8051
-7587
-8011
-7779
-8051
-8035
-8003
-8243
-8003
-8467
-8027
-8683
-8027
-8979
-8067
-9227
-8075
-9507
-8043
-9667
-8019
-9947
-7979
-10211
-8003
-10355
-7947
-10691
-8059
-10923
-8059
-11171
-7963
-11395
-8035
-11635
-7995
-11811
-8019
-12155
-8019
-12355
-8067
-12523
-8027
-12875
-7947
-13099
-8035
-13227
-8011
-13483
-7979
-13811
-8043
-14067
-8051
-14211
-8067
-14523
-7987
-14667
-8003
-15027
-8067
-15211
-8003
-15475
-8043
-15643
-8059
-15955
-8027
-16211
-7995
-16363
-8075
-16715
-7995
-16875
-8027
-17195
-7971
-17379
-8051
-17627
-8051
-17899
-8027
-18131
-7971
-18347
-8059
-18547
-7987
-18835
-8187
101
-8315
-51
-8291
-339
-8307
-571
-8307
-859
-8299
-1067
-8227
-1323
-8203
-1587
-8219
-1747
-8267
-2019
-8291
-2275
-8211
-2451
-8267
-2755
-8283
-2931
-8267
-3155
-8227
-3403
-8251
-3627
-8187
-3883
-8307
-4235
-8227
-4459
-8195
-4659
-8307
-4907
-8259
-5107
-8259
-5435
-8307
-5603
-8307
-5883
-8267
-6147
-8291
-6299
-8251
-6611
-8267
-6859
-8243
-7067
-8299
-7307
-8267
-7507
-8299
-7755
-8291
-8059
-8315
-8243
-8195
-8507
-8307
-8667
-8251
-9003
-8203
-9251
-8283
-9467
-8195
-9651
-8315
-9987
-8235
-10227
-8291
-10411
-8315
-10587
-8235
-10843
-8227
-11139
-8219
-11331
-8283
-11547
-8291
-11915
-8307
-12083
-8307
-12315
-8227
-12611
-8203
-12875
-8291
-13091
-8211
-13299
-8315
-13515
-8219
-13723
-8291
-14043
-8227
-14291
-8219
-14523
-8211
-14795
-8275
-14995
-8299
-15179
-8251
-15387
-8291
-15755
-8243
-15875
-8299
-16139
-8283
-16443
-8259
-16699
-8315
-16851
-8275
-17123
-8211
-17315
-8219
-17611
-8251
-17827
-8275
-18131
-8259
-18395
-8315
-18507
-8219
-18835
-8491
133
-8531
-27
-8555
-387
-8467
-571
-8531
-771
-8451
-1043
-8539
-1291
-8547
-1467
-8547
-1803
-8531
-2011
-8467
-2283
-8547
-2515
-8491
-2723
-8523
-3019
-8531
-3163
-8459
-3491
-8515
-3699
-8499
-3947
-8555
-4171
-8451
-4459
-8491
-4715
-8515
-4875
-8451
-5067
-8531
-5355
-8507
-5651
-8539
-5899
-8531
-6027
-8491
-6331
-8555
-6587
-8555
-6867
-8547
-7027
-8507
-7267
-8507
-7595
-8555
-7819
-8539
-7955
-8539
-8187
-8435
-8483
-8555
-8667
-8427
-9011
-8531
-9195
-8515
-9475
-8515
-9683
-8555
-9915
-8555
-10227
-8531
-10387
-8547
-10611
-8523
-10867
-8443
-11171
-8523
-11307
-8435
-11643
-8467
-11899
-8555
-12147
-8523
-12323
-8515
-12555
-8531
-12779
-8523
-13043
-8491
-13331
-8451
-13491
-8523
-13723
-8531
-13955
-8459
-14267
-8451
-14539
-8555
-14715
-8555
-14923
-8555
-15235
-8523
-15387
-8435
-15731
-8547
-15971
-8451
-16187
-8499
-16387
-8443
-16611
-8555
-16859
-8555
-17099
-8443
-17395
-8451
-17659
-8443
-17787
-8523
-18123
-8539
-18315
-8531
-18515
-8531
-18875
-8731
141
-8707
-67
-8795
-379
-8707
-523
-8795
-771
-8787
-1019
-8779
-1299
-8755
-1531
-8795
-1739
-8771
-2043
-8723
-2219
-8707
-2507
-8715
-2715
-8715
-2955
-8795
-3187
-8747
-3387
-8755
-3715
-8779
-3939
-8739
-4115
-8675
-4347
-8699
-4683
-8779
-4915
-8723
-5131
-8691
-5395
-8787
-5619
-8691
-5899
-8715
-6123
-8675
-6331
-8715
-6595
-8771
-6835
-8699
-7051
-8755
-7227
-8707
-7587
-8675
-7827
-8763
-8027
-8739
-8211
-8779
-8435
-8779
-8747
-8763
-9035
-8771
-9163
-8715
-9435
-8731
-9683
-8699
-9955
-8779
-10195
-8683
-10403
-8787
-10675
-8667
-10931
-8739
-11171
-8691
-11395
-8771
-11675
-8795
-11859
-8715
-12083
-8731
-12339
-8699
-12603
-8795
-12875
-8683
-13027
-8691
-13283
-8707
-13531
-8771
-13723
-8707
-14011
-8787
-14227
-8779
-14483
-8771
-14755
-8731
-14971
-8771
-15195
-8723
-15451
-8763
-15723
-8795
-15891
-8691
-16195
-8755
-16387
-8675
-16683
-8795
-16827
-8747
-17083
-8707
-17371
-8771
-17627
-8683
-17875
-8691
-18155
-8795
-18315
-8675
-18515
-8699
-18875
-8971
125
-9011
-107
-9035
-347
-9027
-523
-9011
-811
-8971
-1019
-8995
-1267
-9035
-1547
-9011
-1707
-8915
-2075
-9011
-2307
-8907
-2451
-8995
-2675
-8971
-2987
-8915
-3171
-8923
-3395
-9035
-3659
-8931
-3947
-8995
-4171
-9019
-4355
-8971
-4619
-9011
-4899
-8979
-5163
-8931
-5339
-8947
-5587
-9003
-5875
-9011
-6083
-8955
-6291
-8963
-6587
-9027
-6827
-8987
-7067
-8939
-7355
-9027
-7595
-9019
-7771
-9035
-8003
-9035
-8195
-9003
-8515
-9035
-8691
-8947
-8963
-9003
-9219
-8979
-9459
-9011
-9683
-8939
-9971
-9019
-10203
-8955
-10475
-8971
-10643
-9019
-10891
-8931
-11147
-9019
-11395
-8907
-11587
-8971
-11795
-9003
-12139
-8963
-12371
-9019
-12611
-8963
-12755
-8947
-13011
-9035
-13323
-9003
-13555
-9003
-13723
-9003
-14075
-8915
-14187
-9003
-14515
-8971
-14715
-8915
-14955
-8979
-15243
-8923
-15387
-8979
-15747
-9003
-15971
-9019
-16195
-9003
-16435
-9003
-16651
-9027
-16843
-9003
-17147
-9035
-17307
-8923
-17619
-8987
-17915
-8971
-18059
-9003
-18379
-8923
-18523
-9011
-18843
-9235
141
-9219
-147
-9275
-315
-9147
-531
-9243
-787
-9155
-1043
-9275
-1355
-9227
-1467
-9147
-1819
-9203
-2051
-9211
-2227
-9243
-2555
-9267
-2787
-9259
-2947
-9163
-3147
-9227
-3419
-9195
-3643
-9251
-3899
-9203
-4147
-9251
-4355
-9227
-4651
-9163
-4859
-9251
-5139
-9243
-5323
-9275
-5595
-9219
-5811
-9259
-6123
-9251
-6331
-9179
-6507
-9267
-6875
-9267
-7091
-9219
-7323
-9211
-7547
-9235
-7819
-9155
-7995
-9203
-8219
-9163
-8467
-9275
-8667
-9259
-9035
-9275
-9235
-9235
-9475
-9195
-9731
-9235
-9995
-9259
-10139
-9259
-10427
-9267
-10627
-9259
-10923
-9171
-11195
-9259
-11411
-9251
-11675
-9275
-11875
-9275
-12051
-9251
-12363
-9243
-12571
-9171
-12843
-9171
-13115
-9187
-13331
-9219
-13467
-9235
-13771
-9251
-13995
-9251
-14187
-9267
-14499
-9219
-14699
-9163
-15011
-9243
-15155
-9267
-15411
-9275
-15691
-9243
-15915
-9235
-16123
-9251
-16371
-9275
-16635
-9267
-16915
-9267
-17115
-9227
-17307
-9203
-17675
-9251
-17795
-9259
-18043
-9219
-18275
-9251
-18603
-9163
-18819
-9475
149
-9483
-123
-9491
-387
-9483
-515
-9499
-851
-9515
-1027
-9427
-1267
-9467
-1523
-9491
-1707
-9451
-2003
-9483
-2195
-9467
-2547
-9475
-2755
-9491
-2955
-9515
-3235
-9499
-3515
-9435
-3659
-9419
-3915
-9459
-4203
-9467
-4379
-9395
-4619
-9419
-4955
-9427
-5123
-9443
-5307
-9443
-5579
-9395
-5915
-9491
-6067
-9451
-6275
-9459
-6603
-9507
-6803
-9483
-7067
-9507
-7259
-9403
-7579
-9443
-7779
-9507
-7971
-9443
-8219
-9483
-8427
-9499
-8715
-9483
-8947
-9499
-9187
-9403
-9483
-9515
-9723
-9515
-9963
-9515
-10211
-9411
-10475
-9387
-10707
-9483
-10923
-9435
-11107
-9451
-11363
-9483
-11675
-9443
-11883
-9499
-12027
-9475
-12331
-9419
-12555
-9491
-12835
-9499
-13019
-9515
-13283
-9507
-13547
-9507
-13819
-9515
-14035
-9475
-14219
-9491
-14507
-9483
-14667
-9459
-14987
-9395
-15243
-9507
-15475
-9491
-15627
-9467
-15963
-9451
-16171
-9411
-16395
-9459
-16587
-9459
-16827
-9403
-17171
-9435
-17315
-9467
-17547
-9419
-17843
-9475
-18107
-9483
-18283
-9459
-18619
-9451
-18811
-9651
93
-9755
-75
-9739
-355
-9643
-627
-9699
-843
-9659
-1035
-9691
-1347
-9699
-1531
-9715
-1779
-9739
-1955
-9675
-2307
-9723
-2531
-9739
-2763
-9659
-3035
-9683
-3259
-9707
-3467
-9667
-3755
-9715
-3875
-9715
-4187
-9707
-4475
-9683
-4595
-9731
-4907
-9675
-5075
-9667
-5435
-9659
-5611
-9739
-5867
-9691
-6091
-9699
-6275
-9747
-6555
-9755
-6771
-9675
-7075
-9755
-7243
-9731
-7547
-9667
-7795
-9715
-7971
-9739
-8203
-9739
-8467
-9643
-8723
-9723
-8931
-9635
-9251
-9747
-9443
-9699
-9651
-9747
-9891
-9755
-10171
-9731
-10419
-9715
-10587
-9651
-10955
-9739
-11083
-9683
-11411
-9643
-11563
-9659
-11827
-9675
-12027
-9755
-12379
-9715
-12547
-9667
-12771
-9739
-13115
-9723
-13235
-9683
-13515
-9659
-13811
-9731
-13947
-9659
-14227
-9739
-14427
-9739
-14739
-9747
-14923
-9755
-15203
-9651
-15491
-9747
-15755
-9667
-15963
-9691
-16235
-9635
-16403
-9731
-16603
-9683
-16883
-9691
-17131
-9643
-17387
-9699
-17579
-9755
-17803
-9683
-18059
-9659
-18299
-9739
-18571
-9699
-18811
-9963
141
-9995
-99
-9979
-339
-9971
-579
-9955
-763
-9915
-1059
-9883
-1275
-9979
-1555
-9947
-1779
-9963
-2043
-9931
-2259
-9939
-2531
-9923
-2731
-9971
-3003
-9939
-3171
-9947
-3443
-9883
-3627
-9883
-3971
-9995
-4211
-9987
-4435
-9907
-4715
-9947
-4891
-9963
-5067
-9995
-5323
-9955
-5555
-9987
-5891
-9931
-6083
-9971
-6355
-9939
-6539
-9995
-6835
-9971
-7091
-9891
-7235
-9979
-7475
-9979
-7811
-9883
-8051
-9995
-8187
-9907
-8467
-9939
-8779
-9955
-8947
-9907
-9259
-9947
-9451
-9955
-9731
-9899
-9891
-9931
-10171
-9955
-10435
-9987
-10707
-9923
-10891
-9963
-11147
-9955
-11435
-9987
-11555
-9987
-11819
-9979
-12059
-9979
-12379
-9963
-12515
-9979
-12747
-9963
-13043
-9987
-13275
-9899
-13507
-9883
-13755
-9971
-13955
-9939
-14219
-9883
-14523
-9947
-14675
-9995
-14923
-9939
-15275
-9995
-15483
-9987
-15755
-9995
-15971
-9979
-16195
-9867
-16443
-9971
-16675
-9963
-16827
-9987
-17099
-9955
-17427
-9947
-17651
-9971
-17867
-9987
-18107
-9987
-18307
-9995
-18619
-9899
-18843
-10155
117
-10227
-155
-10155
-315
-10139
-507
-10203
-811
-10139
-1035
-10235
-1355
-10115
-1587
-10171
-1827
-10235
-1971
-10123
-2283
-10139
-2483
-10211
-2683
-10139
-2915
-10171
-3219
-10195
-3467
-10179
-3691
-10115
-3939
-10123
-4131
-10155
-4419
-10227
-4667
-10107
-4843
-10155
-5091
-10179
-5307
-10179
-5571
-10107
-5859
-10219
-6123
-10195
-6355
-10187
-6523
-10195
-6755
-10171
-7019
-10171
-7283
-10235
-7507
-10227
-7795
-10211
-8035
-10203
-8219
-10115
-8547
-10211
-8715
-10211
-8923
-10211
-9251
-10227
-9499
-10131
-9739
-10227
-9955
-10227
-10107
-10155
-10403
-10155
-10651
-10123
-10907
-10163
-11187
-10171
-11331
-10187
-11635
-10179
-11835
-10131
-12051
-10123
-12395
-10219
-12635
-10227
-12851
-10139
-12995
-10147
-13275
-10179
-13539
-10203
-13819
-10203
-14075
-10227
-14211
-10163
-14507
-10219
-14779
-10227
-15011
-10139
-15227
-10235
-15491
-10147
-15627
-10187
-15891
-10155
-16163
-10227
-16371
-10115
-16651
-10227
-16955
-10123
-17155
-10171
-17403
-10147
-17547
-10139
-17867
-10235
-18059
-10235
-18283
-10163
-18547
-10211
-18827
-10427
101
-10427
-155
-10435
-395
-10459
-563
-10411
-843
-10467
-1099
-10427
-1267
-10459
-1595
-10459
-1707
-10411
-1987
-10419
-2227
-10451
-2547
-10475
-2763
-10419
-2907
-10443
-3147
-10475
-3427
-10435
-3675
-10459
-3899
-10467
-4163
-10451
-4387
-10411
-4643
-10411
-4883
-10475
-5075
-10451
-5323
-10435
-5643
-10459
-5875
-10451
-6051
-10451
-6267
-10475
-6515
-10467
-6803
-10427
-7099
-10467
-7291
-10451
-7491
-10411
-7819
-10435
-7987
-10467
-8195
-10459
-8435
-10435
-8691
-10451
-8907
-10411
-9243
-10427
-9395
-10427
-9683
-10451
-9931
-10451
-10107
-10411
-10395
-10427
-10699
-10475
-10931
-10459
-11139
-10435
-11347
-10435
-11611
-10411
-11827
-10451
-12115
-10459
-12315
-10443
-12571
-10467
-12755
-10459
-13099
-10475
-13307
-10467
-13467
-10443
-13707
-10427
-14075
-10475
-14195
-10459
-14459
-10475
-14747
-10451
-14995
-10427
-15163
-10475
-15387
-10451
-15707
-10435
-15907
-10427
-16235
-10475
-16427
-10475
-16651
-10435
-16827
-10467
-17187
-10419
-17323
-10459
-17603
-10419
-17787
-10451
-18035
-10443
-18275
-10451
-18515
-10435
-18811
