85
195
153
-130
264
-326
206
-525
514
-803
575
-1049
639
-1285
430
-1557
563
-1728
117
-1948
566
-2197
191
-2471
113
-2745
165
-2983
135
-3153
173
-3473
319
-3663
163
-3869
133
-4189
169
-4363
209
-4627
149
-4855
117
-5139
109
-5423
93
-5623
101
-5875
109
-6079
149
-6315
85
-6511
133
-6775
133
-7019
93
-7279
149
-7559
133
-7715
101
-7951
85
-8275
109
-8523
109
-8755
117
-8887
141
-9211
85
-9467
133
-9739
101
-9987
133
-10107
117
-10443
85
-10635
101
-10939
85
-11187
149
-11379
93
-11627
101
-11835
125
-12115
93
-12291
125
-12531
117
-12795
85
-13067
125
-13235
101
-13483
109
-13731
109
-14019
141
-14203
133
-14451
85
-14707
125
-15003
117
-15203
117
-15435
117
-15747
141
-15883
125
-16219
141
-16387
109
-16699
125
-16851
133
-17163
101
-17427
149
-17643
117
-17819
125
-18027
117
-18331
149
-18611
85
-18875
-95
411
-140
-46
-105
-313
-25
-591
-16
-842
-94
-1023
-109
-1255
-81
-1469
-142
-1811
-79
-1945
-67
-2292
-63
-2479
7
-2759
-83
-2917
-95
-3139
-39
-3501
-65
-3705
-75
-3969
-93
-4189
-135
-4319
-123
-4583
-103
-4951
-75
-5075
-147
-5331
-35
-5583
-83
-5851
-131
-6051
-79
-6359
-87
-6487
-51
-6739
-91
-6999
-87
-7279
-111
-7531
-15
-7695
-15
-7987
-27
-8203
-107
-8475
-47
-8667
-91
-8967
-83
-9199
-47
-9411
-147
-9635
-67
-9931
-147
-10187
-139
-10459
-155
-10715
-131
-10931
-155
-11171
-83
-11307
-131
-11635
-139
-11803
-147
-12035
-147
-12291
-91
-12635
-43
-12763
-75
-13035
-115
-13275
-43
-13531
-83
-13803
-83
-13955
-35
-14203
-115
-14427
-75
-14691
-75
-14979
-51
-15163
-35
-15483
-155
-15627
-139
-15979
-123
-16235
-131
-16395
-67
-16595
-51
-16875
-155
-17099
-131
-17323
-147
-17659
-67
-17795
-155
-18067
-155
-18355
-139
-18523
-51
-18827
-319
1338
-355
-30
-371
-247
-246
-537
-344
-809
-246
-1066
-352
-1251
-253
-1504
-325
-1725
-376
-1969
-339
-2175
-383
-2433
-263
-2695
-357
-2897
-333
-3273
-355
-3479
-357
-3667
-287
-3963
-323
-4153
-339
-4405
-367
-4561
-371
-4875
-339
-5067
-339
-5331
-355
-5599
-359
-5843
-375
-6099
-355
-6263
-347
-6515
-339
-6827
-259
-7059
-351
-7327
-347
-7515
-283
-7779
-343
-8059
-363
-8203
-363
-8479
-391
-8699
-303
-8999
-307
-9199
-363
-9463
-395
-9651
-315
-9875
-315
-10115
-371
-10443
-387
-10699
-387
-10851
-379
-11155
-307
-11363
-387
-11563
-371
-11891
-347
-12043
-307
-12291
-355
-12579
-283
-12763
-323
-13075
-371
-13307
-363
-13547
-347
-13827
-379
-13971
-291
-14259
-387
-14459
-387
-14795
-307
-14939
-355
-15147
-347
-15475
-355
-15699
-339
-15939
-363
-16203
-323
-16387
-347
-16691
-387
-16899
-339
-17147
-315
-17395
-291
-17635
-275
-17819
-307
-18123
-331
-18283
-315
-18555
-387
-18819
-603
433
-491
-111
-533
-258
-597
-559
-548
-851
-543
-1097
-530
-1244
-518
-1554
-506
-1735
-583
-1918
-626
-2188
-553
-2499
-539
-2723
-517
-2989
-491
-3117
-563
-3415
-521
-3675
-605
-3987
-515
-4189
-549
-4367
-511
-4571
-607
-4879
-527
-5107
-575
-5303
-583
-5667
-547
-5787
-491
-6107
-583
-6363
-539
-6587
-623
-6795
-559
-7103
-559
-7291
-631
-7463
-515
-7815
-607
-7983
-531
-8303
-611
-8491
-543
-8759
-507
-8971
-615
-9243
-563
-9355
-595
-9699
-507
-9939
-515
-10147
-595
-10387
-523
-10619
-619
-10827
-539
-11195
-515
-11371
-515
-11659
-515
-11867
-547
-12099
-523
-12291
-515
-12603
-555
-12755
-563
-13115
-611
-13315
-627
-13539
-611
-13803
-563
-13955
-603
-14211
-619
-14507
-515
-14763
-595
-15011
-611
-15211
-603
-15451
-627
-15699
-579
-15995
-555
-16139
-635
-16411
-579
-16627
-563
-16883
-587
-17107
-603
-17395
-531
-17595
-603
-17803
-619
-18083
-547
-18323
-555
-18507
-587
-18851
-771
692
-730
-121
-735
-355
-854
-582
-763
-783
-845
-977
-841
-1235
-810
-1442
-861
-1815
-833
-1996
-781
-2227
-755
-2519
-835
-2641
-825
-2977
-807
-3205
-809
-3431
-839
-3659
-793
-3929
-853
-4163
-799
-4371
-861
-4619
-855
-4823
-739
-5171
-791
-5375
-827
-5635
-807
-5819
-843
-6035
-863
-6383
-823
-6587
-831
-6827
-835
-7011
-847
-7351
-779
-7535
-827
-7759
-791
-8015
-803
-8199
-811
-8527
-819
-8663
-863
-8907
-735
-9271
-779
-9475
-875
-9643
-747
-9867
-859
-10107
-779
-10467
-851
-10707
-859
-10851
-875
-11139
-787
-11395
-747
-11555
-771
-11795
-851
-12139
-787
-12291
-803
-12579
-819
-12867
-867
-13043
-875
-13339
-803
-13515
-763
-13827
-787
-14075
-787
-14307
-755
-14539
-867
-14667
-763
-15035
-763
-15163
-859
-15483
-803
-15699
-827
-15923
-867
-16115
-795
-16475
-819
-16619
-859
-16827
-819
-17155
-755
-17339
-851
-17667
-835
-17835
-811
-18123
-827
-18379
-819
-18531
-763
-18867
-995
804
-1071
-54
-1072
-260
-1025
-547
-957
-833
-1038
-1038
-955
-1228
-999
-1501
-997
-1817
-1038
-2011
-1001
-2299
-1101
-2461
-1065
-2693
-1081
-2925
-1007
-3219
-1023
-3471
-1045
-3665
-1063
-3907
-1025
-4091
-1085
-4383
-1029
-4629
-1043
-4867
-1055
-5187
-1031
-5435
-1099
-5639
-1091
-5755
-1067
-6055
-1047
-6267
-1075
-6527
-1075
-6779
-1091
-7011
-1095
-7327
-1067
-7515
-1083
-7799
-995
-8043
-1091
-8159
-1047
-8427
-1103
-8731
-1083
-8895
-1059
-9171
-1051
-9375
-1107
-9747
-1051
-9891
-1115
-10155
-1075
-10419
-1075
-10715
-1019
-10843
-1099
-11195
-1107
-11419
-1099
-11659
-1099
-11803
-1075
-12115
-1043
-12363
-1035
-12539
-1011
-12859
-1019
-13075
-1027
-13243
-1099
-13531
-1075
-13707
-1115
-14027
-1019
-14243
-1059
-14491
-1107
-14675
-1099
-15035
-995
-15259
-1107
-15491
-1115
-15723
-1099
-15971
-1011
-16179
-1107
-16443
-1003
-16595
-1043
-16851
-987
-17187
-1075
-17323
-1107
-17675
-1115
-17795
-1107
-18067
-1091
-18395
-987
-18611
-1043
-18851
-1339
1131
-1319
-131
-1341
-303
-1276
-533
-1238
-847
-1223
-1047
-1218
-1210
-1255
-1579
-1222
-1802
-1337
-1924
-1284
-2203
-1267
-2415
-1345
-2663
-1265
-2895
-1329
-3149
-1327
-3455
-1321
-3709
-1335
-3931
-1271
-4177
-1213
-4411
-1267
-4675
-1355
-4931
-1231
-5099
-1311
-5383
-1299
-5555
-1315
-5779
-1323
-6139
-1223
-6259
-1235
-6555
-1303
-6775
-1315
-7087
-1315
-7275
-1283
-7563
-1287
-7703
-1283
-7971
-1283
-8239
-1351
-8507
-1299
-8687
-1323
-9003
-1323
-9199
-1347
-9411
-1315
-9755
-1283
-9875
-1323
-10211
-1235
-10451
-1283
-10643
-1275
-10907
-1355
-11083
-1291
-11387
-1267
-11659
-1299
-11891
-1283
-12091
-1323
-12331
-1347
-12547
-1315
-12835
-1283
-13107
-1331
-13355
-1331
-13531
-1283
-13835
-1331
-14011
-1331
-14219
-1299
-14443
-1267
-14675
-1275
-14939
-1355
-15275
-1323
-15499
-1331
-15691
-1347
-15947
-1323
-16147
-1283
-16371
-1355
-16627
-1275
-16955
-1339
-17131
-1347
-17363
-1275
-17651
-1283
-17875
-1355
-18027
-1275
-18267
-1315
-18627
-1355
-18819
-1539
411
-1471
-105
-1523
-261
-1547
-565
-1531
-729
-1571
-1063
-1437
-1267
-1509
-1555
-1457
-1799
-1501
-1945
-1507
-2175
-1493
-2461
-1587
-2743
-1515
-2965
-1549
-3223
-1473
-3449
-1467
-3701
-1465
-3925
-1475
-4235
-1551
-4409
-1567
-4655
-1551
-4827
-1511
-5123
-1543
-5319
-1567
-5547
-1559
-5915
-1571
-6075
-1443
-6291
-1511
-6539
-1527
-6831
-1555
-7083
-1519
-7271
-1579
-7491
-1555
-7811
-1523
-7971
-1567
-8255
-1567
-8503
-1499
-8755
-1471
-9035
-1527
-9183
-1503
-9467
-1531
-9691
-1483
-9947
-1499
-10211
-1595
-10363
-1539
-10675
-1595
-10859
-1467
-11163
-1563
-11387
-1523
-11635
-1579
-11883
-1491
-12083
-1555
-12299
-1475
-12587
-1587
-12771
-1595
-12995
-1523
-13339
-1531
-13563
-1555
-13819
-1499
-14035
-1595
-14291
-1579
-14443
-1523
-14683
-1539
-14995
-1507
-15243
-1587
-15395
-1491
-15739
-1563
-15883
-1515
-16123
-1507
-16435
-1515
-16651
-1531
-16859
-1595
-17163
-1467
-17355
-1579
-17571
-1523
-17827
-1547
-18147
-1547
-18291
-1563
-18555
-1499
-18819
-1795
427
-1823
-81
-1797
-259
-1785
-543
-1799
-803
-1709
-959
-1723
-1235
-1695
-1553
-1735
-1703
-1801
-1935
-1729
-2259
-1687
-2425
-1825
-2735
-1831
-2943
-1687
-3131
-1729
-3393
-1779
-3703
-1691
-3929
-1821
-4147
-1731
-4379
-1753
-4587
-1823
-4947
-1787
-5179
-1723
-5403
-1799
-5551
-1803
-5763
-1715
-6063
-1775
-6339
-1747
-6503
-1771
-6747
-1767
-7027
-1775
-7275
-1719
-7499
-1803
-7819
-1815
-7955
-1791
-8243
-1699
-8535
-1835
-8751
-1811
-8903
-1799
-9215
-1779
-9427
-1715
-9731
-1835
-9867
-1771
-10131
-1835
-10427
-1835
-10627
-1707
-10955
-1819
-11083
-1795
-11395
-1819
-11675
-1795
-11819
-1835
-12035
-1707
-12371
-1739
-12539
-1827
-12763
-1707
-13035
-1747
-13355
-1755
-13571
-1747
-13795
-1771
-13971
-1827
-14235
-1827
-14547
-1827
-14683
-1755
-14907
-1763
-15211
-1827
-15395
-1731
-15651
-1763
-15899
-1763
-16123
-1763
-16435
-1827
-16683
-1771
-16883
-1811
-17083
-1771
-17395
-1755
-17595
-1819
-17883
-1739
-18131
-1763
-18339
-1795
-18563
-1811
-18859
-2075
863
-1991
-143
-1997
-305
-1929
-607
-1917
-791
-2005
-1019
-1999
-1221
-2043
-1539
-2027
-1763
-2019
-2019
-2011
-2191
-2051
-2419
-2025
-2665
-1963
-2911
-1985
-3239
-2009
-3513
-1969
-3635
-2039
-3967
-2033
-4207
-1989
-4367
-2025
-4627
-2047
-4891
-2027
-5175
-2011
-5355
-2043
-5579
-2063
-5875
-2027
-6127
-2003
-6323
-2011
-6571
-2031
-6843
-2035
-7051
-1987
-7275
-2015
-7571
-1987
-7711
-1959
-8023
-2047
-8291
-2031
-8423
-2043
-8695
-2039
-8923
-2075
-9159
-2067
-9491
-1971
-9643
-2035
-9955
-2027
-10187
-2051
-10403
-2059
-10651
-1971
-10923
-2035
-11123
-2059
-11331
-2019
-11675
-1995
-11827
-1979
-12035
-2075
-12331
-1971
-12539
-2075
-12827
-2059
-13003
-2067
-13291
-2051
-13587
-2067
-13787
-2019
-14019
-1955
-14219
-2051
-14531
-2067
-14779
-2003
-14971
-1963
-15243
-2059
-15507
-2067
-15707
-2051
-15931
-1987
-16171
-2051
-16435
-2075
-16587
-1963
-16843
-2035
-17099
-1979
-17395
-2035
-17651
-2003
-17795
-2075
-18059
-2075
-18331
-2035
-18627
-2035
-18851
-2275
245
-2235
-39
-2221
-297
-2249
-529
-2265
-815
-2199
-1043
-2213
-1221
-2277
-1555
-2295
-1795
-2287
-1949
-2243
-2155
-2269
-2525
-2185
-2747
-2195
-2935
-2265
-3141
-2287
-3475
-2269
-3713
-2291
-3879
-2279
-4219
-2227
-4399
-2249
-4687
-2307
-4907
-2235
-5195
-2287
-5371
-2215
-5547
-2283
-5875
-2275
-6135
-2259
-6303
-2303
-6475
-2171
-6779
-2223
-6991
-2275
-7283
-2247
-7487
-2303
-7727
-2219
-8035
-2267
-8279
-2275
-8435
-2235
-8771
-2263
-8967
-2307
-9247
-2195
-9423
-2259
-9651
-2307
-9867
-2291
-10195
-2291
-10379
-2307
-10659
-2307
-10827
-2219
-11179
-2283
-11323
-2307
-11643
-2291
-11891
-2299
-12067
-2243
-12363
-2267
-12611
-2187
-12851
-2243
-13043
-2235
-13275
-2219
-13563
-2227
-13731
-2227
-14019
-2267
-14187
-2243
-14483
-2227
-14699
-2259
-15003
-2203
-15187
-2227
-15443
-2275
-15723
-2211
-15963
-2251
-16115
-2243
-16355
-2219
-16643
-2203
-16891
-2267
-17123
-2235
-17435
-2227
-17603
-2187
-17907
-2291
-18139
-2219
-18379
-2227
-18515
-2267
-18851
-2547
621
-2539
-55
-2531
-227
-2515
-629
-2489
-797
-2517
-1047
-2503
-1199
-2509
-1593
-2473
-1817
-2541
-1975
-2475
-2173
-2505
-2417
-2419
-2659
-2481
-2935
-2479
-3219
-2447
-3423
-2499
-3669
-2505
-3913
-2531
-4075
-2487
-4405
-2467
-4625
-2555
-4823
-2467
-5115
-2527
-5403
-2515
-5631
-2511
-5879
-2415
-6091
-2515
-6387
-2463
-6619
-2455
-6775
-2523
-7019
-2455
-7243
-2435
-7523
-2539
-7739
-2487
-8003
-2475
-8235
-2515
-8551
-2507
-8643
-2507
-9023
-2527
-9143
-2427
-9447
-2523
-9643
-2451
-9891
-2539
-10107
-2475
-10347
-2555
-10691
-2547
-10859
-2539
-11139
-2555
-11419
-2523
-11675
-2547
-11883
-2467
-12075
-2531
-12291
-2515
-12507
-2467
-12843
-2443
-13067
-2443
-13259
-2467
-13491
-2555
-13739
-2515
-14019
-2491
-14291
-2547
-14555
-2499
-14723
-2507
-15027
-2523
-15211
-2523
-15499
-2539
-15715
-2531
-15939
-2523
-16131
-2451
-16363
-2547
-16603
-2475
-16907
-2459
-17131
-2443
-17331
-2539
-17555
-2427
-17827
-2459
-18067
-2539
-18315
-2539
-18579
-2459
-18843
-2667
649
-2755
-27
-2735
-343
-2743
-599
-2699
-867
-2727
-1107
-2755
-1219
-2691
-1535
-2759
-1807
-2715
-1995
-2679
-2263
-2675
-2531
-2767
-2663
-2683
-2931
-2699
-3267
-2763
-3375
-2775
-3691
-2763
-3859
-2723
-4171
-2675
-4403
-2767
-4591
-2659
-4871
-2715
-5059
-2687
-5383
-2731
-5575
-2759
-5803
-2759
-6115
-2747
-6351
-2691
-6583
-2659
-6743
-2679
-7031
-2663
-7263
-2711
-7515
-2719
-7683
-2743
-8003
-2751
-8243
-2775
-8503
-2771
-8731
-2755
-8915
-2675
-9195
-2747
-9391
-2771
-9675
-2731
-9939
-2787
-10179
-2747
-10387
-2667
-10627
-2787
-10835
-2787
-11091
-2779
-11331
-2779
-11555
-2723
-11795
-2779
-12091
-2731
-12323
-2747
-12571
-2731
-12755
-2739
-13051
-2667
-13283
-2675
-13587
-2763
-13779
-2707
-14003
-2739
-14251
-2683
-14451
-2691
-14699
-2723
-14987
-2691
-15267
-2795
-15443
-2699
-15683
-2795
-15907
-2771
-16219
-2747
-16395
-2715
-16603
-2675
-16915
-2787
-17171
-2707
-17379
-2707
-17579
-2755
-17859
-2779
-18027
-2723
-18307
-2755
-18507
-2787
-18867
-3027
109
-3007
-91
-2967
-307
-3003
-515
-3011
-811
-3027
-1007
-2943
-1223
-3031
-1523
-2967
-1747
-3007
-1991
-2919
-2307
-2983
-2503
-3003
-2711
-3007
-2903
-2987
-3127
-2959
-3483
-3015
-3647
-2923
-3891
-2979
-4095
-2967
-4427
-2907
-4619
-2983
-4807
-2987
-5131
-2995
-5335
-2919
-5599
-2915
-5831
-3011
-6119
-2947
-6359
-2931
-6635
-3019
-6819
-2947
-7043
-2999
-7255
-2931
-7455
-2987
-7791
-3019
-8035
-2955
-8255
-3019
-8503
-3003
-8687
-2971
-8907
-3035
-9227
-3003
-9411
-2955
-9747
-3027
-9907
-3027
-10227
-2931
-10411
-2923
-10603
-2915
-10835
-2923
-11107
-3019
-11387
-3027
-11675
-3003
-11827
-2971
-12075
-2955
-12363
-3027
-12523
-3035
-12747
-3011
-13019
-3027
-13259
-3019
-13563
-3035
-13835
-3003
-13979
-2979
-14235
-2931
-14507
-3019
-14683
-2995
-14979
-2931
-15275
-2979
-15419
-2931
-15683
-2963
-15995
-3003
-16227
-3019
-16387
-2979
-16683
-3027
-16883
-3035
-17155
-2979
-17427
-3035
-17635
-3019
-17819
-2923
-18155
-3019
-18323
-2947
-18603
-2931
-18867
-3251
141
-3203
-27
-3243
-343
-3259
-499
-3139
-747
-3171
-1015
-3167
-1335
-3179
-1491
-3231
-1795
-3227
-2003
-3251
-2295
-3251
-2495
-3199
-2719
-3251
-2975
-3191
-3219
-3167
-3439
-3267
-3667
-3159
-3971
-3235
-4095
-3223
-4435
-3219
-4635
-3231
-4807
-3231
-5147
-3207
-5423
-3163
-5563
-3267
-5863
-3239
-6015
-3267
-6303
-3175
-6603
-3255
-6763
-3227
-7087
-3219
-7231
-3219
-7539
-3243
-7815
-3263
-8007
-3211
-8255
-3183
-8515
-3243
-8707
-3215
-8951
-3219
-9231
-3147
-9399
-3275
-9739
-3203
-9995
-3251
-10155
-3187
-10387
-3219
-10683
-3259
-10883
-3259
-11075
-3235
-11339
-3243
-11563
-3171
-11795
-3155
-12123
-3275
-12347
-3219
-12571
-3179
-12827
-3259
-13067
-3227
-13323
-3155
-13579
-3227
-13755
-3179
-14075
-3163
-14267
-3275
-14523
-3235
-14691
-3267
-14995
-3203
-15171
-3251
-15483
-3275
-15731
-3251
-15875
-3171
-16195
-3163
-16459
-3259
-16715
-3267
-16851
-3235
-17163
-3227
-17339
-3155
-17667
-3203
-17891
-3219
-18051
-3243
-18291
-3171
-18515
-3243
-18859
-3415
149
-3411
-39
-3455
-291
-3383
-575
-3491
-779
-3475
-1103
-3431
-1275
-3415
-1567
-3447
-1811
-3455
-2051
-3459
-2183
-3475
-2427
-3415
-2659
-3435
-2991
-3487
-3219
-3463
-3403
-3387
-3655
-3499
-3935
-3463
-4083
-3407
-4387
-3411
-4619
-3399
-4839
-3495
-5115
-3503
-5415
-3435
-5559
-3447
-5779
-3491
-6131
-3391
-6327
-3383
-6555
-3467
-6727
-3411
-6987
-3507
-7315
-3463
-7523
-3471
-7795
-3391
-7963
-3483
-8267
-3499
-8539
-3451
-8783
-3391
-8927
-3459
-9151
-3443
-9399
-3515
-9635
-3491
-9963
-3451
-10107
-3499
-10395
-3451
-10659
-3507
-10891
-3483
-11179
-3499
-11315
-3491
-11595
-3451
-11843
-3475
-12083
-3459
-12347
-3483
-12635
-3483
-12779
-3427
-13075
-3491
-13315
-3483
-13555
-3515
-13739
-3499
-14019
-3491
-14283
-3443
-14531
-3443
-14739
-3499
-14947
-3515
-15275
-3499
-15427
-3507
-15667
-3483
-15915
-3475
-16203
-3475
-16403
-3387
-16667
-3515
-16875
-3483
-17115
-3507
-17435
-3427
-17579
-3411
-17883
-3515
-18115
-3419
-18267
-3499
-18547
-3435
-18827
-3667
133
-3667
-123
-3663
-331
-3675
-587
-3635
-779
-3695
-963
-3707
-1283
-3743
-1563
-3667
-1783
-3727
-2007
-3691
-2219
-3611
-2423
-3667
-2731
-3683
-2907
-3727
-3195
-3691
-3383
-3663
-3727
-3723
-3971
-3691
-4147
-3715
-4459
-3715
-4655
-3695
-4911
-3643
-5115
-3695
-5411
-3619
-5543
-3683
-5867
-3707
-6051
-3651
-6339
-3699
-6571
-3671
-6791
-3707
-6979
-3691
-7331
-3707
-7519
-3695
-7747
-3679
-7963
-3691
-8239
-3687
-8531
-3667
-8763
-3703
-9019
-3651
-9223
-3619
-9423
-3635
-9707
-3739
-9907
-3755
-10171
-3683
-10459
-3731
-10587
-3723
-10835
-3747
-11171
-3675
-11307
-3707
-11555
-3747
-11843
-3691
-12123
-3755
-12291
-3715
-12507
-3627
-12827
-3747
-13107
-3707
-13259
-3731
-13595
-3643
-13739
-3635
-13963
-3755
-14315
-3747
-14547
-3651
-14683
-3707
-14931
-3723
-15243
-3659
-15507
-3755
-15715
-3731
-15867
-3747
-16227
-3731
-16443
-3747
-16659
-3627
-16947
-3707
-17131
-3683
-17355
-3747
-17579
-3723
-17891
-3667
-18035
-3675
-18395
-3675
-18627
-3707
-18843
-3963
149
-3971
-15
-3863
-283
-3871
-555
-3931
-775
-3891
-1075
-3991
-1271
-3951
-1575
-3947
-1823
-3979
-2039
-3923
-2263
-3955
-2503
-3971
-2663
-3971
-2911
-3963
-3267
-3851
-3371
-3951
-3683
-3955
-3915
-3959
-4115
-3859
-4331
-3899
-4651
-3887
-4831
-3939
-5095
-3979
-5375
-3875
-5555
-3967
-5907
-3891
-6111
-3907
-6311
-3919
-6515
-3991
-6771
-3867
-7043
-3975
-7247
-3951
-7487
-3935
-7767
-3843
-7979
-3979
-8223
-3879
-8403
-3979
-8703
-3931
-8923
-3959
-9151
-3943
-9471
-3987
-9691
-3947
-9899
-3907
-10235
-3955
-10403
-3899
-10715
-3931
-10827
-3931
-11067
-3915
-11315
-3955
-11571
-3923
-11907
-3891
-12139
-3971
-12363
-3875
-12595
-3891
-12787
-3987
-13043
-3915
-13355
-3995
-13531
-3979
-13827
-3979
-14027
-3987
-14219
-3907
-14427
-3907
-14707
-3931
-14931
-3939
-15203
-3995
-15411
-3867
-15739
-3995
-15955
-3979
-16155
-3987
-16355
-3875
-16691
-3931
-16939
-3923
-17131
-3979
-17315
-3987
-17667
-3955
-17819
-3891
-18099
-3931
-18275
-3955
-18555
-3963
-18843
-4195
141
-4215
-151
-4183
-327
-4159
-531
-4115
-807
-4163
-1003
-4135
-1259
-4179
-1451
-4211
-1807
-4203
-1967
-4083
-2227
-4211
-2511
-4195
-2747
-4195
-2959
-4131
-3159
-4175
-3439
-4215
-3639
-4179
-3987
-4143
-4163
-4215
-4419
-4175
-4687
-4147
-4839
-4103
-5083
-4219
-5343
-4211
-5599
-4203
-5883
-4179
-6087
-4147
-6315
-4207
-6535
-4227
-6787
-4167
-7051
-4095
-7239
-4107
-7559
-4219
-7755
-4179
-8015
-4195
-8235
-4195
-8507
-4171
-8719
-4191
-8887
-4155
-9179
-4203
-9387
-4219
-9667
-4227
-9923
-4147
-10107
-4131
-10395
-4163
-10611
-4187
-10915
-4107
-11075
-4235
-11339
-4187
-11555
-4187
-11891
-4163
-12099
-4139
-12347
-4155
-12507
-4219
-12771
-4131
-13019
-4131
-13299
-4107
-13475
-4123
-13835
-4123
-13947
-4211
-14235
-4211
-14499
-4195
-14723
-4179
-14971
-4219
-15163
-4203
-15515
-4203
-15667
-4147
-15875
-4219
-16171
-4203
-16403
-4211
-16651
-4235
-16915
-4115
-17171
-4115
-17419
-4219
-17635
-4171
-17835
-4211
-18155
-4123
-18283
-4195
-18507
-4203
-18875
-4423
93
-4439
-111
-4459
-311
-4447
-619
-4427
-803
-4347
-1019
-4379
-1251
-4427
-1543
-4391
-1703
-4403
-2007
-4375
-2255
-4343
-2419
-4439
-2679
-4475
-2931
-4419
-3195
-4435
-3439
-4435
-3691
-4359
-3943
-4463
-4091
-4435
-4407
-4459
-4699
-4347
-4811
-4335
-5119
-4443
-5287
-4467
-5587
-4443
-5799
-4423
-6027
-4403
-6359
-4443
-6603
-4383
-6787
-4435
-7071
-4439
-7231
-4399
-7475
-4475
-7811
-4347
-7927
-4419
-8163
-4403
-8507
-4395
-8675
-4323
-8939
-4423
-9223
-4431
-9427
-4379
-9723
-4467
-9931
-4459
-10235
-4467
-10459
-4435
-10595
-4379
-10955
-4475
-11139
-4371
-11363
-4475
-11627
-4387
-11899
-4459
-12083
-4387
-12363
-4475
-12611
-4355
-12771
-4443
-13083
-4379
-13315
-4387
-13491
-4443
-13707
-4467
-13979
-4347
-14267
-4435
-14475
-4411
-14699
-4467
-14947
-4443
-15235
-4427
-15475
-4459
-15643
-4387
-15923
-4459
-16235
-4443
-16419
-4475
-16659
-4419
-16867
-4419
-17091
-4443
-17403
-4387
-17667
-4475
-17843
-4379
-18123
-4467
-18299
-4467
-18547
-4419
-18827
-4715
101
-4619
-47
-4663
-287
-4619
-615
-4583
-747
-4687
-1023
-4675
-1315
-4687
-1507
-4631
-1751
-4591
-1999
-4603
-2275
-4647
-2419
-4595
-2671
-4675
-2939
-4683
-3159
-4667
-3419
-4655
-3739
-4683
-3967
-4623
-4099
-4679
-4399
-4631
-4671
-4699
-4847
-4659
-5115
-4659
-5411
-4619
-5659
-4659
-5819
-4595
-6019
-4595
-6303
-4659
-6515
-4595
-6811
-4603
-7075
-4691
-7275
-4619
-7531
-4683
-7727
-4691
-8031
-4707
-8175
-4711
-8443
-4611
-8751
-4643
-8995
-4647
-9175
-4599
-9419
-4683
-9691
-4691
-9883
-4611
-10219
-4675
-10419
-4635
-10619
-4699
-10883
-4715
-11187
-4643
-11339
-4691
-11619
-4667
-11867
-4635
-12035
-4715
-12339
-4627
-12571
-4611
-12859
-4619
-13043
-4691
-13251
-4699
-13507
-4603
-13707
-4683
-14035
-4587
-14291
-4707
-14507
-4635
-14699
-4675
-15019
-4659
-15259
-4707
-15419
-4595
-15747
-4611
-15867
-4683
-16235
-4611
-16467
-4643
-16675
-4691
-16931
-4619
-17139
-4595
-17435
-4635
-17611
-4651
-17899
-4683
-18075
-4667
-18283
-4619
-18635
-4595
-18827
-4851
141
-4923
-75
-4955
-299
-4943
-579
-4871
-787
-4811
-1023
-4867
-1271
-4903
-1487
-4915
-1731
-4887
-1971
-4891
-2271
-4883
-2515
-4927
-2731
-4903
-2931
-4899
-3187
-4803
-3459
-4947
-3735
-4811
-3879
-4891
-4187
-4955
-4435
-4931
-4575
-4895
-4895
-4943
-5163
-4931
-5315
-4911
-5615
-4875
-5787
-4835
-6027
-4867
-6339
-4923
-6611
-4915
-6755
-4919
-7043
-4943
-7347
-4923
-7523
-4831
-7715
-4899
-7995
-4903
-8247
-4839
-8451
-4879
-8683
-4875
-9003
-4931
-9139
-4831
-9419
-4955
-9739
-4939
-9939
-4939
-10155
-4859
-10371
-4915
-10627
-4859
-10827
-4883
-11171
-4947
-11355
-4931
-11547
-4947
-11875
-4915
-12147
-4891
-12387
-4875
-12635
-4907
-12859
-4915
-13043
-4947
-13267
-4851
-13531
-4931
-13707
-4947
-13947
-4883
-14203
-4931
-14507
-4955
-14747
-4899
-14955
-4907
-15219
-4891
-15459
-4907
-15723
-4891
-15955
-4931
-16211
-4907
-16435
-4955
-16627
-4851
-16859
-4899
-17139
-4835
-17427
-4883
-17627
-4835
-17819
-4955
-18035
-4931
-18283
-4915
-18603
-4883
-18859
-5043
149
-5183
-15
-5063
-347
-5079
-599
-5171
-763
-5155
-1015
-5103
-1279
-5059
-1575
-5139
-1803
-5127
-1995
-5139
-2299
-5171
-2551
-5099
-2655
-5111
-2883
-5111
-3139
-5051
-3391
-5075
-3679
-5095
-3859
-5147
-4191
-5159
-4407
-5111
-4715
-5179
-4847
-5167
-5115
-5155
-5399
-5063
-5539
-5087
-5879
-5179
-6027
-5163
-6327
-5127
-6547
-5151
-6795
-5179
-7031
-5115
-7347
-5163
-7523
-5119
-7763
-5127
-8011
-5111
-8195
-5147
-8443
-5151
-8723
-5095
-8915
-5167
-9171
-5051
-9435
-5067
-9707
-5091
-9899
-5139
-10123
-5123
-10467
-5179
-10643
-5083
-10907
-5131
-11115
-5187
-11403
-5123
-11555
-5155
-11915
-5155
-12043
-5163
-12307
-5131
-12523
-5195
-12811
-5187
-13091
-5187
-13235
-5155
-13483
-5179
-13739
-5107
-13947
-5155
-14283
-5187
-14459
-5067
-14723
-5163
-14939
-5131
-15267
-5195
-15475
-5091
-15659
-5163
-15931
-5179
-16187
-5099
-16379
-5179
-16675
-5155
-16867
-5195
-17107
-5123
-17331
-5179
-17603
-5083
-17875
-5123
-18059
-5091
-18331
-5195
-18595
-5171
-18811
-5315
141
-5355
-67
-5403
-355
-5395
-495
-5435
-803
-5339
-1011
-5427
-1323
-5347
-1535
-5363
-1775
-5307
-1955
-5347
-2167
-5363
-2487
-5363
-2763
-5411
-2971
-5427
-3251
-5371
-3379
-5427
-3715
-5315
-3851
-5355
-4171
-5371
-4383
-5427
-4707
-5331
-4923
-5355
-5151
-5395
-5311
-5331
-5667
-5315
-5803
-5355
-6027
-5323
-6267
-5355
-6603
-5411
-6859
-5339
-7079
-5403
-7291
-5419
-7531
-5395
-7759
-5411
-8051
-5355
-8291
-5427
-8523
-5355
-8763
-5403
-8963
-5395
-9159
-5427
-9491
-5307
-9739
-5363
-9947
-5379
-10235
-5411
-10451
-5411
-10627
-5379
-10843
-5331
-11171
-5379
-11387
-5395
-11643
-5435
-11811
-5411
-12051
-5427
-12387
-5387
-12555
-5427
-12771
-5387
-13107
-5371
-13243
-5411
-13483
-5427
-13707
-5331
-13947
-5427
-14227
-5427
-14531
-5387
-14707
-5363
-14963
-5363
-15179
-5387
-15387
-5419
-15659
-5355
-15915
-5371
-16187
-5347
-16411
-5403
-16603
-5371
-16899
-5403
-17083
-5419
-17387
-5307
-17603
-5379
-17803
-5435
-18035
-5403
-18283
-5435
-18611
-5363
-18819
-5611
117
-5643
-131
-5555
-347
-5675
-627
-5587
-859
-5667
-1035
-5595
-1315
-5667
-1475
-5627
-1787
-5555
-1955
-5651
-2219
-5667
-2467
-5651
-2715
-5611
-3035
-5547
-3235
-5659
-3443
-5667
-3659
-5619
-3963
-5675
-4115
-5603
-4435
-5587
-4587
-5675
-4939
-5619
-5179
-5571
-5435
-5547
-5555
-5587
-5819
-5603
-6083
-5587
-6283
-5619
-6595
-5659
-6835
-5635
-7027
-5563
-7315
-5659
-7587
-5547
-7715
-5635
-7995
-5611
-8299
-5611
-8451
-5635
-8731
-5635
-8963
-5571
-9227
-5675
-9443
-5603
-9739
-5555
-9931
-5643
-10115
-5667
-10451
-5667
-10699
-5627
-10931
-5635
-11083
-5603
-11435
-5635
-11635
-5659
-11891
-5675
-12155
-5603
-12267
-5611
-12635
-5595
-12859
-5595
-13003
-5595
-13259
-5667
-13491
-5627
-13827
-5659
-13995
-5675
-14291
-5563
-14539
-5635
-14683
-5579
-15019
-5651
-15275
-5651
-15507
-5635
-15707
-5579
-15915
-5587
-16235
-5595
-16403
-5555
-16715
-5587
-16915
-5651
-17139
-5627
-17355
-5651
-17659
-5651
-17891
-5643
-18075
-5619
-18331
-5643
-18627
-5587
-18867
-5827
133
-5795
-43
-5867
-371
-5875
-547
-5899
-827
-5891
-1043
-5811
-1331
-5899
-1563
-5819
-1795
-5867
-2035
-5883
-2251
-5883
-2435
-5851
-2779
-5835
-3027
-5795
-3147
-5795
-3419
-5835
-3659
-5795
-3891
-5899
-4187
-5875
-4355
-5843
-4619
-5851
-4835
-5819
-5067
-5915
-5419
-5907
-5635
-5827
-5867
-5859
-6155
-5875
-6283
-5883
-6579
-5859
-6811
-5787
-7035
-5811
-7283
-5883
-7531
-5843
-7795
-5859
-8011
-5795
-8243
-5875
-8435
-5907
-8683
-5843
-8963
-5835
-9227
-5875
-9467
-5915
-9651
-5867
-9995
-5907
-10203
-5795
-10347
-5899
-10635
-5867
-10955
-5899
-11091
-5859
-11427
-5851
-11619
-5851
-11875
-5883
-12115
-5795
-12395
-5867
-12555
-5899
-12819
-5811
-13019
-5875
-13299
-5835
-13547
-5867
-13795
-5907
-14059
-5859
-14299
-5875
-14451
-5867
-14787
-5875
-15011
-5835
-15203
-5915
-15451
-5867
-15691
-5867
-15939
-5899
-16195
-5819
-16379
-5835
-16659
-5851
-16907
-5899
-17147
-5915
-17347
-5867
-17571
-5827
-17891
-5851
-18131
-5819
-18315
-5899
-18563
-5851
-18835
-6131
133
-6131
-59
-6115
-339
-6099
-619
-6155
-851
-6035
-1107
-6115
-1347
-6123
-1491
-6091
-1755
-6123
-1987
-6147
-2315
-6083
-2499
-6155
-2763
-6115
-2971
-6123
-3179
-6155
-3403
-6059
-3747
-6155
-3867
-6075
-4203
-6035
-4443
-6075
-4691
-6083
-4851
-6059
-5187
-6139
-5307
-6027
-5667
-6051
-5867
-6083
-6155
-6115
-6267
-6115
-6507
-6091
-6819
-6147
-7075
-6115
-7243
-6067
-7531
-6139
-7795
-6123
-7963
-6051
-8259
-6075
-8523
-6099
-8675
-6139
-9011
-6131
-9259
-6131
-9507
-6099
-9739
-6067
-9995
-6035
-10195
-6027
-10371
-6107
-10715
-6155
-10931
-6067
-11163
-6115
-11427
-6027
-11611
-6155
-11859
-6155
-12051
-6043
-12299
-6075
-12587
-6107
-12779
-6139
-13099
-6083
-13251
-6115
-13499
-6115
-13803
-6099
-14019
-6075
-14187
-6123
-14499
-6155
-14723
-6051
-14963
-6123
-15187
-6035
-15419
-6131
-15675
-6091
-15971
-6075
-16115
-6107
-16387
-6147
-16627
-6155
-16923
-6035
-17131
-6027
-17371
-6147
-17603
-6131
-17891
-6099
-18131
-6115
-18291
-6155
-18571
-6043
-18867
-6395
149
-6291
-27
-6299
-355
-6307
-523
-6323
-755
-6323
-1059
-6323
-1299
-6387
-1563
-6363
-1803
-6379
-2067
-6267
-2283
-6363
-2515
-6347
-2731
-6379
-2963
-6371
-3195
-6299
-3467
-6387
-3739
-6291
-3899
-6371
-4107
-6323
-4387
-6339
-4667
-6355
-4891
-6291
-5067
-6339
-5427
-6371
-5563
-6307
-5875
-6371
-6051
-6347
-6379
-6323
-6515
-6363
-6819
-6339
-7083
-6315
-7235
-6363
-7587
-6339
-7747
-6355
-7971
-6323
-8211
-6307
-8443
-6387
-8675
-6355
-8979
-6371
-9147
-6299
-9427
-6347
-9651
-6395
-9987
-6283
-10235
-6347
-10363
-6395
-10699
-6331
-10931
-6363
-11075
-6363
-11323
-6379
-11659
-6347
-11803
-6331
-12075
-6355
-12299
-6299
-12555
-6363
-12851
-6331
-13035
-6379
-13299
-6291
-13515
-6307
-13803
-6371
-14027
-6371
-14259
-6395
-14483
-6355
-14787
-6347
-14995
-6371
-15171
-6379
-15475
-6379
-15635
-6387
-15923
-6283
-16163
-6355
-16427
-6387
-16643
-6395
-16875
-6395
-17163
-6323
-17419
-6347
-17643
-6395
-17851
-6395
-18035
-6315
-18387
-6395
-18523
-6315
-18875
-6619
101
-6635
-115
-6611
-355
-6635
-627
-6507
-827
-6619
-1099
-6603
-1355
-6587
-1539
-6611
-1787
-6603
-2051
-6515
-2187
-6507
-2491
-6563
-2699
-6555
-3011
-6619
-3195
-6563
-3387
-6579
-3755
-6587
-3867
-6619
-4107
-6523
-4451
-6595
-4587
-6547
-4899
-6507
-5099
-6611
-5427
-6579
-5667
-6611
-5915
-6563
-6099
-6547
-6371
-6507
-6539
-6603
-6867
-6619
-7035
-6619
-7299
-6539
-7563
-6595
-7787
-6635
-8035
-6635
-8243
-6635
-8555
-6579
-8675
-6571
-8995
-6595
-9187
-6579
-9467
-6507
-9715
-6555
-9963
-6635
-10163
-6603
-10427
-6539
-10683
-6635
-10859
-6539
-11187
-6587
-11427
-6507
-11651
-6515
-11795
-6523
-12091
-6555
-12315
-6635
-12563
-6611
-12851
-6619
-13115
-6547
-13275
-6579
-13579
-6571
-13755
-6571
-13979
-6547
-14227
-6595
-14531
-6547
-14667
-6587
-14987
-6547
-15179
-6627
-15459
-6627
-15651
-6603
-15915
-6579
-16195
-6603
-16387
-6595
-16587
-6611
-16939
-6579
-17067
-6579
-17371
-6547
-17659
-6635
-17899
-6571
-18155
-6603
-18339
-6547
-18627
-6603
-18875
-6835
109
-6835
-27
-6787
-291
-6835
-611
-6851
-771
-6843
-1035
-6803
-1299
-6771
-1579
-6747
-1811
-6875
-1995
-6755
-2315
-6867
-2427
-6875
-2699
-6835
-2963
-6843
-3155
-6851
-3427
-6867
-3667
-6819
-3867
-6779
-4219
-6763
-4427
-6867
-4635
-6771
-4883
-6835
-5099
-6779
-5411
-6851
-5627
-6803
-5787
-6859
-6147
-6851
-6347
-6859
-6531
-6795
-6827
-6859
-7011
-6835
-7315
-6875
-7547
-6851
-7723
-6851
-7963
-6859
-8259
-6787
-8515
-6859
-8715
-6851
-8963
-6819
-9155
-6867
-9507
-6827
-9659
-6835
-9955
-6811
-10147
-6867
-10467
-6859
-10611
-6835
-10867
-6867
-11107
-6803
-11371
-6811
-11667
-6795
-11851
-6763
-12051
-6843
-12355
-6859
-12635
-6827
-12811
-6787
-13035
-6851
-13291
-6859
-13531
-6747
-13787
-6755
-14051
-6875
-14299
-6859
-14427
-6875
-14683
-6827
-15019
-6867
-15251
-6755
-15443
-6867
-15739
-6811
-15979
-6859
-16155
-6843
-16411
-6867
-16595
-6819
-16915
-6755
-17179
-6875
-17371
-6771
-17675
-6835
-17827
-6763
-18035
-6811
-18275
-6859
-18523
-6843
-18867
-7107
125
-7019
-67
-7091
-299
-7091
-523
-7019
-851
-7107
-1075
-7099
-1315
-7043
-1587
-7067
-1795
-7091
-1971
-7043
-2299
-7051
-2459
-7027
-2707
-7107
-3035
-7075
-3203
-6995
-3427
-7019
-3699
-7075
-3883
-7099
-4147
-7035
-4411
-7083
-4619
-7035
-4835
-7059
-5195
-7059
-5419
-7099
-5571
-7067
-5795
-7011
-6027
-7099
-6323
-7075
-6635
-7003
-6787
-7075
-7011
-7035
-7235
-7115
-7531
-7027
-7755
-7083
-8043
-7107
-8203
-7075
-8499
-7003
-8771
-7083
-8939
-7043
-9219
-7003
-9387
-7059
-9627
-7107
-9955
-7107
-10115
-7075
-10363
-7075
-10691
-7051
-10843
-7059
-11147
-7075
-11347
-7107
-11651
-7115
-11907
-7019
-12155
-7059
-12275
-7003
-12563
-7115
-12835
-7003
-13115
-7051
-13347
-7099
-13547
-7035
-13835
-7035
-14075
-7059
-14187
-7051
-14539
-6995
-14691
-7075
-14923
-7043
-15275
-7083
-15451
-7083
-15635
-7115
-15875
-6995
-16171
-7115
-16395
-7115
-16627
-7027
-16827
-7003
-17083
-7067
-17371
-7043
-17587
-7091
-17875
-7075
-18115
-7011
-18291
-6987
-18603
-7083
-18875
-7259
109
-7323
-107
-7347
-299
-7347
-523
-7275
-819
-7283
-1035
-7299
-1243
-7267
-1515
-7251
-1723
-7307
-2035
-7323
-2275
-7315
-2427
-7235
-2795
-7347
-3027
-7331
-3179
-7331
-3411
-7235
-3667
-7323
-3923
-7315
-4131
-7347
-4411
-7235
-4611
-7331
-4947
-7243
-5179
-7347
-5403
-7347
-5675
-7283
-5899
-7235
-6147
-7291
-6275
-7299
-6563
-7291
-6875
-7243
-7107
-7259
-7283
-7315
-7507
-7227
-7739
-7283
-7971
-7355
-8315
-7283
-8483
-7339
-8739
-7315
-8947
-7331
-9195
-7307
-9467
-7323
-9651
-7227
-9891
-7315
-10195
-7315
-10395
-7323
-10683
-7331
-10899
-7331
-11195
-7307
-11363
-7331
-11619
-7355
-11787
-7299
-12115
-7291
-12283
-7251
-12611
-7315
-12787
-7347
-13003
-7291
-13283
-7355
-13555
-7267
-13763
-7243
-13971
-7267
-14259
-7355
-14467
-7347
-14787
-7315
-15011
-7347
-15235
-7323
-15419
-7299
-15659
-7355
-15939
-7347
-16235
-7331
-16443
-7291
-16715
-7323
-16875
-7307
-17171
-7283
-17435
-7331
-17571
-7347
-17899
-7339
-18139
-7339
-18291
-7331
-18539
-7307
-18827
-7571
141
-7563
-67
-7587
-267
-7571
-571
-7579
-827
-7571
-1107
-7555
-1243
-7483
-1523
-7571
-1739
-7467
-1955
-7515
-2219
-7579
-2459
-7523
-2779
-7579
-2907
-7579
-3219
-7467
-3483
-7491
-3675
-7595
-3899
-7571
-4179
-7523
-4459
-7595
-4611
-7475
-4835
-7555
-5123
-7587
-5387
-7539
-5635
-7491
-5875
-7475
-6155
-7571
-6371
-7539
-6579
-7595
-6779
-7547
-7067
-7579
-7235
-7587
-7555
-7571
-7787
-7587
-8027
-7507
-8235
-7475
-8531
-7571
-8787
-7507
-9003
-7483
-9251
-7571
-9467
-7515
-9723
-7507
-9883
-7595
-10235
-7587
-10387
-7571
-10715
-7539
-10875
-7491
-11115
-7491
-11435
-7507
-11651
-7531
-11899
-7491
-12067
-7595
-12371
-7523
-12579
-7491
-12779
-7515
-13035
-7523
-13235
-7467
-13507
-7483
-13771
-7531
-14043
-7507
-14307
-7571
-14435
-7587
-14683
-7539
-15035
-7467
-15259
-7483
-15499
-7547
-15707
-7579
-15875
-7555
-16171
-7531
-16371
-7595
-16619
-7579
-16851
-7595
-17155
-7539
-17347
-7539
-17667
-7515
-17787
-7563
-18139
-7491
-18363
-7595
-18579
-7539
-18875
-7795
117
-7779
-35
-7715
-323
-7819
-611
-7827
-779
-7747
-1059
-7779
-1251
-7835
-1563
-7747
-1811
-7787
-2003
-7819
-2235
-7827
-2491
-7723
-2723
-7739
-2907
-7811
-3187
-7819
-3467
-7779
-3755
-7787
-3907
-7731
-4131
-7779
-4467
-7795
-4603
-7747
-4899
-7739
-5195
-7723
-5403
-7763
-5571
-7795
-5795
-7811
-6123
-7803
-6307
-7763
-6571
-7755
-6819
-7779
-7035
-7707
-7307
-7803
-7467
-7707
-7811
-7731
-8075
-7739
-8251
-7731
-8515
-7779
-8683
-7835
-8947
-7771
-9235
-7771
-9403
-7795
-9715
-7835
-9971
-7771
-10139
-7803
-10379
-7787
-10619
-7779
-10947
-7763
-11171
-7747
-11403
-7811
-11619
-7827
-11875
-7819
-12075
-7771
-12355
-7827
-12563
-7747
-12843
-7827
-13091
-7779
-13291
-7795
-13515
-7811
-13795
-7747
-13987
-7835
-14203
-7723
-14515
-7819
-14707
-7739
-14963
-7835
-15163
-7827
-15499
-7827
-15699
-7803
-15907
-7819
-16227
-7803
-16363
-7811
-16715
-7835
-16875
-7747
-17171
-7827
-17355
-7795
-17667
-7747
-17915
-7763
-18043
-7803
-18299
-7715
-18587
-7755
-18843
-7995
133
-8035
-59
-8035
-299
-8059
-515
-7987
-851
-8059
-1099
-8075
-1315
-8051
-1515
-8027
-1763
-8019
-2067
-8035
-2227
-8011
-2491
-8019
-2715
-8003
-2907
-7947
-3227
-8043
-3499
-7971
-3707
-8059
-3947
-8027
-4139
-8059
-4467
-7971
-4627
-7947
-4907
-8067
-5067
-8043
-5315
-7987
-5635
-8003
-5803
-7963
-6115
-7987
-6331
-8019
-6563
-7947
-6747
-8027
-7011
-8059
-7323
-8051
-7555
-8067
-7755
-8043
-8051
-8027
-8251
-7995
-8475
-7995
-8787
-7947
-9035
-8035
-9187
-8075
-9451
-8059
-9731
-8067
-9915
-8035
-10211
-8051
-10363
-8019
-10587
-8027
-10835
-7987
-11155
-7955
-11331
-7995
-11571
-7995
-11795
-8059
-12059
-8075
-12355
-8067
-12547
-8043
-12827
-7947
-13019
-8003
-13275
-8067
-13531
-7979
-13795
-8011
-14003
-8067
-14315
-7955
-14555
-8003
-14787
-8043
-14995
-7979
-15259
-8051
-15459
-8043
-15683
-8003
-15987
-8075
-16171
-8035
-16411
-8003
-16603
-7971
-16899
-8075
-17123
-8051
-17347
-8075
-17579
-8027
-17803
-8027
-18043
-7971
-18347
-8059
-18547
-7987
-18835
-8187
101
-8315
-51
-8291
-339
-8235
-547
-8283
-819
-8235
-1115
-8291
-1259
-8203
-1539
-8315
-1827
-8251
-2051
-8307
-2187
-8251
-2515
-8315
-2755
-8243
-2963
-8259
-3163
-8291
-3411
-8291
-3715
-8243
-3979
-8203
-4179
-8275
-4459
-8307
-4691
-8259
-4867
-8235
-5123
-8291
-5371
-8283
-5659
-8307
-5867
-8315
-6075
-8267
-6371
-8283
-6555
-8307
-6875
-8195
-7075
-8235
-7251
-8227
-7579
-8243
-7795
-8283
-8051
-8251
-8315
-8251
-8467
-8235
-8731
-8307
-8979
-8291
-9227
-8307
-9491
-8235
-9747
-8259
-9995
-8307
-10171
-8195
-10355
-8299
-10699
-8259
-10851
-8259
-11091
-8235
-11307
-8283
-11603
-8315
-11843
-8259
-12051
-8267
-12315
-8195
-12523
-8259
-12843
-8211
-13019
-8243
-13227
-8291
-13507
-8291
-13731
-8291
-13979
-8219
-14227
-8251
-14531
-8259
-14755
-8307
-15035
-8315
-15163
-8299
-15427
-8243
-15715
-8219
-15979
-8267
-16203
-8291
-16419
-8291
-16715
-8299
-16955
-8203
-17147
-8243
-17331
-8283
-17619
-8187
-17851
-8315
-18123
-8275
-18363
-8259
-18531
-8315
-18827
-8491
133
-8531
-27
-8555
-387
-8443
-507
-8523
-819
-8451
-1107
-8531
-1355
-8555
-1507
-8483
-1739
-8531
-1947
-8539
-2259
-8499
-2531
-8427
-2779
-8427
-2907
-8483
-3195
-8435
-3443
-8475
-3755
-8555
-3915
-8531
-4123
-8467
-4379
-8483
-4683
-8555
-4867
-8531
-5155
-8483
-5331
-8459
-5667
-8547
-5843
-8547
-6147
-8547
-6275
-8499
-6595
-8523
-6851
-8547
-7083
-8555
-7331
-8523
-7515
-8515
-7739
-8427
-8051
-8555
-8195
-8547
-8531
-8555
-8755
-8547
-8987
-8539
-9179
-8547
-9507
-8547
-9755
-8435
-9987
-8483
-10163
-8499
-10475
-8499
-10699
-8555
-10907
-8435
-11099
-8531
-11307
-8539
-11667
-8555
-11787
-8555
-12059
-8451
-12387
-8491
-12547
-8459
-12867
-8523
-13019
-8507
-13283
-8539
-13491
-8555
-13763
-8435
-14059
-8555
-14259
-8515
-14523
-8483
-14779
-8531
-14955
-8443
-15235
-8515
-15515
-8515
-15635
-8443
-15955
-8539
-16195
-8531
-16363
-8523
-16651
-8507
-16835
-8499
-17155
-8435
-17387
-8523
-17651
-8443
-17803
-8483
-18123
-8547
-18291
-8515
-18531
-8467
-18819
-8731
141
-8707
-67
-8707
-275
-8739
-579
-8747
-771
-8755
-1027
-8739
-1251
-8723
-1587
-8723
-1763
-8763
-2043
-8691
-2187
-8683
-2507
-8755
-2739
-8771
-3011
-8795
-3251
-8707
-3411
-8723
-3755
-8787
-3875
-8787
-4227
-8787
-4459
-8675
-4587
-8715
-4939
-8763
-5091
-8787
-5323
-8747
-5603
-8723
-5875
-8699
-6123
-8675
-6275
-8787
-6587
-8691
-6763
-8779
-7051
-8707
-7323
-8779
-7483
-8707
-7755
-8771
-7979
-8755
-8275
-8707
-8515
-8667
-8731
-8739
-9027
-8795
-9155
-8787
-9443
-8683
-9659
-8747
-9963
-8699
-10155
-8755
-10347
-8779
-10627
-8731
-10931
-8795
-11195
-8707
-11339
-8707
-11587
-8763
-11875
-8763
-12147
-8779
-12363
-8779
-12603
-8771
-12811
-8699
-13099
-8795
-13339
-8795
-13467
-8795
-13755
-8707
-14059
-8755
-14267
-8731
-14547
-8739
-14691
-8747
-14979
-8715
-15235
-8699
-15403
-8795
-15715
-8787
-15923
-8667
-16155
-8731
-16347
-8739
-16643
-8755
-16883
-8779
-17139
-8699
-17419
-8763
-17571
-8755
-17859
-8795
-18043
-8795
-18339
-8707
-18531
-8779
-18811
-8923
101
-9011
-107
-9035
-267
-8907
-539
-9027
-827
-9035
-1035
-9027
-1347
-8987
-1555
-9003
-1771
-9027
-2019
-8995
-2203
-9011
-2483
-8995
-2675
-8907
-2915
-8987
-3171
-8995
-3507
-8963
-3707
-8979
-3987
-8931
-4147
-8987
-4435
-9027
-4619
-9035
-4859
-8995
-5187
-8915
-5339
-9035
-5547
-8963
-5907
-8963
-6043
-8907
-6395
-8955
-6515
-8955
-6795
-8907
-7019
-9019
-7315
-9011
-7587
-8947
-7819
-8931
-7979
-9035
-8307
-9019
-8507
-9019
-8771
-9003
-8939
-9019
-9147
-9035
-9507
-9035
-9651
-8955
-9891
-9011
-10123
-9003
-10475
-8971
-10627
-8987
-10843
-8987
-11147
-8995
-11379
-9003
-11563
-9035
-11827
-8979
-12083
-9027
-12363
-8995
-12547
-9035
-12755
-8971
-13027
-8923
-13339
-9035
-13475
-8915
-13795
-9019
-13963
-8947
-14219
-9027
-14451
-8955
-14667
-8939
-14979
-8995
-15203
-8907
-15483
-8931
-15651
-9011
-15915
-8971
-16195
-9019
-16459
-9019
-16603
-8915
-16947
-8971
-17075
-9035
-17307
-9011
-17635
-8947
-17819
-8971
-18059
-8995
-18307
-9035
-18619
-8971
-18811
-9219
149
-9171
-67
-9275
-331
-9147
-587
-9195
-811
-9251
-1115
-9275
-1267
-9259
-1587
-9171
-1747
-9251
-2059
-9163
-2267
-9275
-2475
-9187
-2715
-9227
-3035
-9179
-3235
-9227
-3419
-9251
-3651
-9243
-3931
-9267
-4131
-9235
-4355
-9267
-4707
-9211
-4907
-9211
-5099
-9163
-5355
-9171
-5571
-9251
-5787
-9259
-6027
-9219
-6363
-9235
-6555
-9147
-6811
-9179
-6987
-9219
-7235
-9251
-7555
-9179
-7835
-9227
-8043
-9195
-8291
-9187
-8555
-9147
-8771
-9155
-9027
-9147
-9147
-9147
-9435
-9227
-9731
-9251
-9971
-9203
-10227
-9203
-10467
-9259
-10587
-9155
-10843
-9227
-11123
-9203
-11331
-9219
-11635
-9251
-11827
-9243
-12107
-9275
-12355
-9267
-12627
-9243
-12875
-9147
-13075
-9147
-13291
-9259
-13595
-9259
-13787
-9275
-14075
-9251
-14211
-9251
-14491
-9227
-14715
-9267
-14939
-9163
-15243
-9163
-15459
-9235
-15707
-9267
-15899
-9251
-16195
-9251
-16451
-9235
-16603
-9219
-16843
-9163
-17163
-9275
-17427
-9243
-17547
-9251
-17795
-9259
-18043
-9259
-18387
-9275
-18539
-9243
-18867
-9515
125
-9427
-83
-9499
-267
-9451
-555
-9443
-875
-9435
-1067
-9427
-1259
-9491
-1555
-9403
-1723
-9427
-2011
-9491
-2187
-9451
-2443
-9491
-2707
-9483
-2979
-9483
-3203
-9507
-3435
-9475
-3691
-9475
-3979
-9435
-4235
-9507
-4435
-9499
-4611
-9475
-4899
-9419
-5155
-9499
-5339
-9395
-5571
-9467
-5851
-9419
-6075
-9491
-6315
-9435
-6579
-9483
-6755
-9451
-7059
-9435
-7347
-9475
-7467
-9499
-7787
-9435
-8011
-9403
-8259
-9483
-8459
-9411
-8787
-9475
-9035
-9475
-9235
-9475
-9451
-9427
-9675
-9427
-9891
-9467
-10155
-9427
-10403
-9515
-10611
-9515
-10891
-9475
-11195
-9499
-11347
-9515
-11675
-9443
-11787
-9395
-12107
-9467
-12395
-9475
-12523
-9467
-12851
-9507
-13083
-9443
-13307
-9427
-13499
-9483
-13811
-9507
-14067
-9467
-14187
-9467
-14531
-9387
-14779
-9411
-14923
-9435
-15259
-9491
-15475
-9403
-15627
-9499
-15971
-9507
-16131
-9507
-16395
-9491
-16659
-9467
-16931
-9483
-17075
-9515
-17331
-9467
-17547
-9419
-17843
-9403
-18091
-9483
-18283
-9515
-18587
-9395
-18819
-9707
149
-9651
-43
-9667
-347
-9659
-539
-9659
-827
-9723
-1043
-9651
-1283
-9715
-1531
-9723
-1819
-9715
-1979
-9683
-2211
-9755
-2467
-9723
-2731
-9707
-3035
-9731
-3195
-9683
-3507
-9731
-3667
-9699
-3987
-9747
-4123
-9755
-4387
-9755
-4683
-9755
-4843
-9683
-5123
-9699
-5331
-9659
-5603
-9755
-5819
-9651
-6147
-9731
-6339
-9739
-6563
-9643
-6835
-9675
-7035
-9731
-7331
-9667
-7539
-9755
-7787
-9715
-8059
-9715
-8299
-9731
-8427
-9739
-8763
-9731
-9011
-9715
-9147
-9723
-9475
-9675
-9627
-9659
-9923
-9723
-10235
-9707
-10387
-9635
-10595
-9739
-10867
-9715
-11131
-9715
-11323
-9739
-11595
-9659
-11843
-9643
-12123
-9707
-12387
-9643
-12555
-9683
-12771
-9691
-13067
-9731
-13227
-9643
-13467
-9715
-13803
-9747
-13955
-9723
-14283
-9659
-14555
-9699
-14739
-9731
-14955
-9699
-15267
-9747
-15507
-9643
-15723
-9723
-15867
-9747
-16187
-9643
-16379
-9755
-16595
-9747
-16851
-9699
-17147
-9643
-17347
-9715
-17603
-9755
-17803
-9739
-18099
-9707
-18395
-9739
-18531
-9739
-18851
-9867
101
-9971
-147
-9979
-339
-9931
-611
-9979
-755
-9915
-1067
-9867
-1315
-9971
-1547
-9955
-1755
-9915
-1963
-9971
-2187
-9947
-2451
-9955
-2739
-9971
-2931
-9987
-3147
-9971
-3419
-9867
-3755
-9979
-3883
-9955
-4227
-9979
-4451
-9971
-4635
-9995
-4891
-9995
-5075
-9947
-5363
-9971
-5547
-9955
-5851
-9971
-6139
-9963
-6363
-9923
-6547
-9939
-6827
-9995
-7091
-9915
-7339
-9947
-7515
-9915
-7795
-9979
-7963
-9947
-8275
-9971
-8435
-9923
-8691
-9947
-8971
-9971
-9251
-9963
-9507
-9907
-9715
-9955
-9955
-9899
-10179
-9995
-10363
-9939
-10611
-9939
-10875
-9963
-11083
-9963
-11395
-9931
-11643
-9931
-11787
-9947
-12147
-9979
-12291
-9875
-12611
-9939
-12747
-9923
-13043
-9987
-13355
-9923
-13595
-9995
-13835
-9875
-14019
-9907
-14315
-9939
-14523
-9891
-14707
-9947
-15011
-9915
-15203
-9955
-15459
-9971
-15683
-9963
-15883
-9995
-16123
-9867
-16371
-9931
-16611
-9883
-16923
-9867
-17195
-9907
-17331
-9947
-17563
-9971
-17867
-9987
-18107
-9987
-18307
-9963
-18635
-9875
-18875
-10171
125
-10147
-59
-10235
-395
-10139
-507
-10211
-803
-10235
-1083
-10115
-1227
-10235
-1563
-10155
-1803
-10227
-2075
-10235
-2227
-10115
-2539
-10139
-2739
-10115
-2971
-10155
-3235
-10227
-3387
-10219
-3683
-10171
-3979
-10171
-4203
-10203
-4395
-10139
-4651
-10227
-4875
-10235
-5091
-10211
-5435
-10219
-5563
-10203
-5883
-10219
-6083
-10195
-6347
-10131
-6579
-10163
-6779
-10155
-7067
-10179
-7339
-10235
-7475
-10211
-7779
-10195
-7979
-10115
-8187
-10171
-8515
-10155
-8795
-10227
-8923
-10195
-9179
-10171
-9427
-10171
-9651
-10187
-9963
-10123
-10235
-10163
-10403
-10171
-10707
-10187
-10891
-10227
-11187
-10195
-11411
-10219
-11611
-10171
-11803
-10203
-12091
-10131
-12283
-10115
-12587
-10115
-12755
-10227
-13083
-10179
-13307
-10211
-13555
-10211
-13803
-10187
-14043
-10187
-14251
-10195
-14555
-10187
-14739
-10131
-14963
-10179
-15275
-10235
-15411
-10139
-15651
-10203
-15939
-10235
-16195
-10179
-16347
-10235
-16595
-10187
-16883
-10195
-17163
-10107
-17339
-10211
-17563
-10171
-17859
-10187
-18131
-10139
-18315
-10147
-18523
-10187
-18811
-10427
101
-10451
-147
-10475
-379
-10443
-563
-10459
-771
-10411
-1075
-10419
-1323
-10411
-1491
-10451
-1707
-10475
-1971
-10419
-2227
-10467
-2491
-10419
-2731
-10451
-3027
-10475
-3275
-10475
-3507
-10435
-3635
-10475
-3987
-10443
-4115
-10411
-4387
-10467
-4635
-10411
-4955
-10419
-5139
-10467
-5403
-10411
-5571
-10475
-5859
-10443
-6051
-10451
-6323
-10427
-6611
-10467
-6811
-10459
-7003
-10467
-7355
-10475
-7579
-10443
-7771
-10411
-8035
-10411
-8315
-10475
-8467
-10467
-8787
-10451
-8971
-10451
-9179
-10451
-9403
-10419
-9755
-10451
-9979
-10459
-10203
-10475
-10467
-10475
-10691
-10459
-10923
-10427
-11083
-10451
-11363
-10459
-11675
-10435
-11859
-10419
-12035
-10411
-12379
-10475
-12595
-10443
-12787
-10475
-13011
-10467
-13291
-10427
-13547
-10467
-13739
-10459
-14019
-10435
-14219
-10427
-14443
-10443
-14683
-10443
-15011
-10419
-15243
-10435
-15403
-10467
-15723
-10427
-15875
-10451
-16139
-10419
-16475
-10459
-16699
-10475
-16939
-10467
-17123
-10475
-17395
-10475
-17595
-10443
-17795
-10411
-18147
-10443
-18323
-10467
-18539
-10475
-18827
