149
1297
369
-67
360
-326
230
-528
337
-813
325
-1068
223
-1214
197
-1468
196
-1717
406
-1988
241
-2259
89
-2467
177
-2773
165
-2983
165
-3149
173
-3473
319
-3663
353
-3967
241
-4215
163
-4363
221
-4575
117
-4939
109
-5131
117
-5367
93
-5623
109
-5819
101
-6067
125
-6367
93
-6523
125
-6851
149
-7035
85
-7331
117
-7459
125
-7723
93
-8047
149
-8215
85
-8495
109
-8759
149
-8955
101
-9135
85
-9467
109
-9747
101
-9987
133
-10107
93
-10459
125
-10707
101
-10843
117
-11195
93
-11387
109
-11659
101
-11835
109
-12059
141
-12323
125
-12531
109
-12763
93
-13067
117
-13323
101
-13483
109
-13731
141
-14067
141
-14203
133
-14451
85
-14707
109
-14995
117
-15203
117
-15435
149
-15723
141
-15883
125
-16203
141
-16395
101
-16667
141
-16955
93
-17163
117
-17411
133
-17595
117
-17819
125
-18027
117
-18331
149
-18611
85
-18875
-95
563
-140
-46
-131
-327
-43
-522
-138
-808
-73
-1043
-110
-1255
-153
-1553
-120
-1703
-15
-2001
-143
-2281
-51
-2429
5
-2737
-67
-2877
-115
-3233
-39
-3501
-43
-3697
-131
-3901
-109
-4183
-117
-4319
-143
-4609
-127
-4939
-131
-5083
-107
-5411
-23
-5579
-63
-5875
-83
-6051
-99
-6355
-51
-6499
-71
-6787
-147
-7079
-39
-7231
-75
-7559
-131
-7791
-99
-8027
-107
-8207
-115
-8443
-63
-8687
-99
-8915
-119
-9211
-119
-9483
-155
-9627
-115
-9963
-155
-10211
-67
-10347
-99
-10683
-123
-10843
-59
-11147
-139
-11435
-131
-11635
-139
-11803
-147
-12035
-155
-12291
-91
-12635
-27
-12747
-99
-13059
-139
-13331
-43
-13531
-83
-13803
-139
-14059
-147
-14235
-91
-14539
-107
-14763
-75
-14979
-51
-15163
-35
-15483
-155
-15627
-139
-15979
-147
-16147
-123
-16411
-75
-16643
-107
-16835
-123
-17195
-115
-17387
-131
-17651
-27
-17835
-155
-18067
-155
-18355
-139
-18523
-51
-18827
-338
660
-354
-31
-327
-361
-367
-534
-336
-832
-259
-1048
-359
-1254
-359
-1571
-324
-1725
-385
-2006
-323
-2298
-347
-2415
-251
-2707
-331
-2961
-297
-3135
-355
-3465
-359
-3675
-357
-3871
-375
-4181
-269
-4369
-337
-4655
-359
-4879
-343
-5111
-343
-5331
-331
-5595
-283
-5803
-335
-6015
-351
-6363
-315
-6535
-383
-6779
-307
-7059
-351
-7327
-323
-7475
-347
-7775
-375
-7979
-335
-8203
-387
-8499
-367
-8739
-295
-8919
-351
-9183
-351
-9483
-387
-9715
-347
-9883
-307
-10235
-371
-10459
-291
-10603
-387
-10875
-355
-11179
-291
-11435
-387
-11563
-371
-11891
-347
-12043
-307
-12291
-355
-12579
-275
-12867
-339
-13043
-395
-13307
-347
-13515
-347
-13827
-379
-13971
-291
-14259
-387
-14459
-355
-14795
-323
-14947
-355
-15147
-347
-15475
-355
-15699
-355
-15947
-355
-16219
-395
-16347
-339
-16643
-395
-16851
-299
-17123
-323
-17379
-379
-17587
-275
-17851
-315
-18115
-291
-18275
-315
-18555
-387
-18819
-519
963
-491
-111
-537
-250
-557
-582
-594
-755
-579
-1001
-503
-1282
-629
-1565
-506
-1735
-556
-2039
-551
-2295
-555
-2437
-603
-2663
-585
-2941
-585
-3165
-563
-3415
-535
-3659
-605
-3937
-497
-4167
-601
-4377
-509
-4549
-607
-4895
-635
-5123
-575
-5303
-583
-5667
-563
-5859
-619
-6103
-567
-6327
-575
-6491
-563
-6783
-595
-7047
-559
-7291
-615
-7571
-535
-7739
-555
-7939
-571
-8279
-555
-8459
-499
-8659
-503
-8923
-499
-9219
-591
-9371
-579
-9699
-531
-9995
-515
-10147
-595
-10387
-579
-10619
-523
-10915
-611
-11115
-515
-11371
-515
-11659
-515
-11867
-627
-12051
-523
-12291
-515
-12603
-627
-12819
-627
-13035
-547
-13291
-571
-13571
-611
-13803
-611
-13947
-603
-14211
-619
-14507
-555
-14675
-563
-15003
-523
-15179
-563
-15427
-627
-15723
-627
-15907
-627
-16219
-595
-16379
-579
-16627
-563
-16883
-555
-17179
-635
-17315
-627
-17611
-611
-17859
-579
-18051
-635
-18299
-579
-18603
-523
-18859
-847
1543
-730
-122
-734
-349
-783
-503
-855
-786
-801
-1009
-829
-1246
-744
-1492
-861
-1796
-859
-1939
-789
-2229
-857
-2485
-841
-2679
-805
-2961
-737
-3251
-809
-3433
-791
-3705
-779
-3899
-843
-4153
-807
-4361
-851
-4611
-847
-4819
-831
-5067
-855
-5331
-867
-5619
-843
-5811
-827
-6139
-775
-6267
-739
-6587
-847
-6775
-855
-7035
-851
-7219
-843
-7455
-839
-7675
-735
-8027
-831
-8243
-819
-8475
-811
-8675
-815
-8931
-847
-9151
-827
-9371
-771
-9755
-795
-9915
-779
-10139
-835
-10459
-851
-10707
-835
-10899
-787
-11179
-819
-11331
-803
-11611
-859
-11787
-787
-12107
-755
-12283
-803
-12579
-843
-12859
-811
-13003
-771
-13235
-867
-13579
-763
-13827
-811
-13979
-787
-14203
-755
-14539
-827
-14715
-795
-15027
-763
-15163
-875
-15403
-819
-15699
-835
-15939
-867
-16155
-851
-16387
-819
-16619
-859
-16827
-819
-17155
-755
-17403
-763
-17563
-803
-17835
-867
-18115
-843
-18363
-803
-18547
-827
-18827
-1115
777
-1067
-57
-1072
-260
-998
-598
-1063
-739
-1039
-1003
-1069
-1221
-1048
-1535
-997
-1811
-965
-1933
-997
-2258
-1089
-2463
-1065
-2693
-985
-2965
-987
-3155
-1083
-3467
-1107
-3713
-1105
-3919
-1015
-4205
-1087
-4355
-1049
-4623
-1059
-4879
-1091
-5099
-1107
-5431
-987
-5575
-1043
-5847
-1099
-6075
-1039
-6315
-1067
-6571
-1095
-6775
-1047
-7055
-1047
-7199
-1031
-7499
-1055
-7787
-967
-7987
-1043
-8299
-1071
-8515
-1095
-8751
-1015
-8959
-1095
-9255
-1039
-9399
-1051
-9699
-987
-9987
-1115
-10203
-1067
-10435
-1067
-10627
-1051
-10907
-1083
-11091
-995
-11363
-1067
-11571
-1091
-11907
-1075
-12115
-1043
-12363
-1035
-12539
-1059
-12835
-1027
-13011
-1027
-13243
-1107
-13467
-1075
-13707
-1115
-14027
-1075
-14211
-1059
-14491
-1099
-14699
-1083
-14963
-1115
-15219
-1051
-15491
-1115
-15715
-1043
-15939
-1067
-16171
-1107
-16443
-987
-16683
-1019
-16851
-1107
-17123
-1115
-17323
-1043
-17547
-1075
-17787
-1099
-18051
-1115
-18371
-1083
-18555
-1091
-18867
-1227
1123
-1325
-98
-1341
-303
-1339
-505
-1261
-837
-1223
-1046
-1331
-1229
-1199
-1453
-1227
-1795
-1208
-1977
-1225
-2187
-1275
-2403
-1331
-2659
-1295
-2895
-1273
-3207
-1303
-3457
-1209
-3599
-1329
-3855
-1327
-4163
-1307
-4375
-1273
-4675
-1347
-4955
-1247
-5055
-1295
-5355
-1283
-5563
-1219
-5831
-1343
-6119
-1315
-6259
-1259
-6479
-1307
-6751
-1315
-7067
-1315
-7275
-1271
-7579
-1327
-7763
-1299
-8027
-1355
-8243
-1287
-8463
-1235
-8779
-1195
-8995
-1323
-9155
-1331
-9367
-1315
-9755
-1331
-9931
-1283
-10187
-1275
-10427
-1299
-10707
-1299
-10875
-1331
-11195
-1259
-11387
-1299
-11595
-1299
-11875
-1283
-12091
-1347
-12283
-1347
-12547
-1307
-12755
-1355
-13035
-1275
-13315
-1315
-13547
-1283
-13835
-1291
-13979
-1243
-14259
-1315
-14451
-1267
-14675
-1323
-15019
-1291
-15179
-1299
-15451
-1331
-15691
-1251
-15883
-1315
-16139
-1283
-16395
-1315
-16675
-1315
-16859
-1339
-17179
-1283
-17395
-1299
-17611
-1275
-17899
-1283
-18139
-1251
-18275
-1275
-18611
-1299
-18835
-1555
1013
-1471
-91
-1583
-249
-1531
-495
-1587
-839
-1571
-1063
-1495
-1291
-1567
-1467
-1459
-1791
-1457
-1963
-1445
-2295
-1495
-2409
-1573
-2695
-1563
-2915
-1575
-3251
-1475
-3443
-1485
-3737
-1541
-3889
-1541
-4143
-1499
-4343
-1447
-4679
-1555
-4819
-1551
-5139
-1515
-5307
-1559
-5555
-1571
-5843
-1579
-6091
-1511
-6275
-1499
-6523
-1527
-6831
-1563
-7039
-1539
-7323
-1515
-7555
-1587
-7771
-1515
-7983
-1547
-8287
-1575
-8415
-1527
-8635
-1439
-8995
-1483
-9159
-1499
-9399
-1475
-9723
-1475
-9987
-1555
-10187
-1587
-10411
-1563
-10595
-1515
-10875
-1555
-11155
-1587
-11355
-1499
-11667
-1595
-11827
-1571
-12115
-1507
-12379
-1531
-12523
-1587
-12795
-1555
-13091
-1539
-13347
-1531
-13563
-1555
-13819
-1587
-13987
-1531
-14267
-1579
-14443
-1571
-14691
-1507
-14923
-1531
-15163
-1595
-15411
-1571
-15683
-1555
-15915
-1555
-16227
-1483
-16395
-1555
-16595
-1595
-16915
-1563
-17123
-1571
-17427
-1579
-17571
-1539
-17915
-1571
-18123
-1579
-18387
-1547
-18523
-1515
-18835
-1795
427
-1823
-81
-1783
-353
-1779
-547
-1799
-803
-1709
-959
-1741
-1339
-1823
-1465
-1747
-1693
-1811
-2005
-1785
-2163
-1747
-2515
-1763
-2677
-1733
-2985
-1689
-3139
-1727
-3395
-1787
-3635
-1745
-3855
-1813
-4155
-1771
-4397
-1799
-4687
-1823
-4939
-1779
-5055
-1783
-5363
-1791
-5531
-1799
-5875
-1807
-6119
-1739
-6271
-1739
-6523
-1743
-6819
-1759
-7027
-1791
-7307
-1727
-7539
-1711
-7707
-1815
-7931
-1811
-8283
-1787
-8447
-1703
-8727
-1679
-8959
-1739
-9247
-1771
-9515
-1747
-9627
-1747
-9915
-1715
-10187
-1819
-10387
-1811
-10595
-1779
-10875
-1803
-11163
-1827
-11363
-1763
-11659
-1811
-11835
-1835
-12147
-1819
-12315
-1795
-12571
-1747
-12875
-1803
-12995
-1795
-13315
-1787
-13555
-1747
-13795
-1771
-13971
-1795
-14203
-1827
-14547
-1811
-14739
-1827
-14923
-1771
-15275
-1747
-15435
-1731
-15651
-1747
-15979
-1795
-16179
-1827
-16459
-1827
-16643
-1771
-16883
-1827
-17147
-1787
-17419
-1771
-17611
-1771
-17867
-1731
-18059
-1819
-18339
-1787
-18627
-1819
-18843
-2075
323
-1991
-143
-2045
-293
-2041
-589
-1991
-835
-2005
-1015
-2035
-1319
-1979
-1515
-2029
-1757
-2017
-2013
-2023
-2289
-2039
-2423
-2021
-2659
-2011
-2883
-1985
-3243
-1995
-3481
-2037
-3659
-1971
-3887
-2065
-4195
-1939
-4331
-2007
-4643
-2067
-4915
-2039
-5155
-1987
-5431
-2019
-5563
-2003
-5779
-2047
-6123
-2027
-6319
-1999
-6487
-2019
-6747
-2031
-7007
-1943
-7267
-2027
-7455
-2059
-7719
-2011
-8011
-2011
-8195
-1991
-8479
-1955
-8663
-2059
-8963
-1971
-9139
-1991
-9395
-2067
-9643
-2051
-9931
-2027
-10219
-2067
-10363
-1971
-10643
-1947
-10843
-1987
-11155
-2059
-11331
-2051
-11603
-2075
-11891
-2059
-12051
-2003
-12307
-2043
-12611
-2043
-12755
-1971
-13107
-2075
-13307
-1979
-13523
-2067
-13787
-1955
-14003
-2003
-14259
-1987
-14451
-2003
-14675
-2059
-14915
-2067
-15163
-1979
-15483
-2043
-15651
-1955
-15891
-2067
-16131
-2051
-16435
-2075
-16619
-1979
-16891
-2075
-17195
-2067
-17427
-2043
-17555
-2043
-17795
-2043
-18115
-1979
-18291
-2067
-18587
-2035
-18851
-2275
245
-2197
-33
-2227
-313
-2281
-603
-2229
-807
-2265
-1045
-2157
-1323
-2261
-1585
-2291
-1715
-2205
-1973
-2179
-2211
-2255
-2519
-2187
-2741
-2283
-2915
-2243
-3151
-2279
-3469
-2179
-3659
-2249
-3919
-2293
-4227
-2285
-4441
-2237
-4685
-2307
-4891
-2247
-5135
-2251
-5327
-2231
-5555
-2271
-5815
-2239
-6079
-2227
-6303
-2223
-6559
-2275
-6743
-2259
-7071
-2303
-7343
-2303
-7579
-2295
-7827
-2191
-7935
-2267
-8267
-2315
-8491
-2299
-8659
-2159
-8923
-2307
-9259
-2291
-9419
-2203
-9659
-2291
-9915
-2203
-10203
-2307
-10459
-2251
-10595
-2299
-10907
-2259
-11163
-2299
-11411
-2291
-11603
-2267
-11843
-2187
-12115
-2243
-12347
-2227
-12595
-2235
-12827
-2267
-13019
-2243
-13283
-2283
-13475
-2291
-13835
-2315
-13995
-2315
-14219
-2307
-14531
-2203
-14707
-2275
-14995
-2203
-15187
-2235
-15387
-2235
-15675
-2211
-15971
-2315
-16219
-2243
-16355
-2219
-16643
-2203
-16891
-2227
-17179
-2219
-17395
-2259
-17627
-2243
-17875
-2307
-18075
-2243
-18363
-2291
-18539
-2195
-18843
-2459
393
-2543
-57
-2499
-257
-2415
-601
-2519
-843
-2521
-1013
-2531
-1267
-2503
-1585
-2543
-1729
-2541
-1975
-2415
-2223
-2499
-2419
-2415
-2661
-2527
-2941
-2475
-3195
-2467
-3455
-2533
-3699
-2421
-3903
-2533
-4087
-2511
-4329
-2443
-4631
-2547
-4939
-2519
-5051
-2495
-5379
-2483
-5559
-2427
-5827
-2403
-6123
-2555
-6299
-2463
-6619
-2523
-6779
-2475
-7051
-2503
-7299
-2463
-7551
-2511
-7787
-2467
-8007
-2523
-8231
-2499
-8483
-2527
-8643
-2503
-8935
-2463
-9179
-2475
-9491
-2539
-9739
-2491
-9899
-2539
-10131
-2539
-10459
-2531
-10611
-2427
-10947
-2523
-11099
-2499
-11323
-2491
-11595
-2531
-11827
-2443
-12147
-2499
-12267
-2491
-12595
-2539
-12859
-2499
-13035
-2499
-13251
-2555
-13547
-2483
-13787
-2539
-14051
-2467
-14299
-2499
-14443
-2523
-14667
-2515
-14963
-2539
-15179
-2523
-15499
-2435
-15675
-2531
-15931
-2539
-16195
-2451
-16363
-2443
-16587
-2507
-16939
-2443
-17139
-2531
-17419
-2531
-17667
-2539
-17851
-2547
-18155
-2435
-18339
-2523
-18619
-2515
-18851
-2683
477
-2747
-155
-2691
-299
-2783
-531
-2731
-843
-2739
-1111
-2735
-1235
-2739
-1523
-2759
-1807
-2767
-1959
-2679
-2263
-2675
-2525
-2783
-2663
-2759
-2919
-2699
-3267
-2763
-3375
-2763
-3679
-2783
-3883
-2735
-4167
-2667
-4371
-2759
-4591
-2651
-4875
-2683
-5167
-2675
-5367
-2775
-5555
-2739
-5759
-2759
-6115
-2763
-6291
-2743
-6523
-2751
-6847
-2779
-6995
-2643
-7243
-2735
-7535
-2795
-7791
-2779
-8043
-2707
-8223
-2723
-8443
-2759
-8651
-2667
-8947
-2695
-9131
-2735
-9375
-2771
-9691
-2779
-9947
-2683
-10203
-2667
-10443
-2675
-10675
-2795
-10835
-2779
-11115
-2715
-11355
-2771
-11547
-2747
-11883
-2747
-12155
-2747
-12363
-2723
-12539
-2779
-12795
-2771
-13091
-2779
-13235
-2763
-13499
-2779
-13795
-2723
-14035
-2731
-14291
-2683
-14451
-2715
-14715
-2787
-14915
-2715
-15275
-2795
-15483
-2699
-15683
-2723
-15923
-2771
-16219
-2747
-16395
-2747
-16659
-2747
-16947
-2787
-17171
-2707
-17315
-2715
-17571
-2779
-17891
-2723
-18115
-2763
-18283
-2739
-18531
-2723
-18827
-3027
109
-3003
-11
-2967
-307
-3011
-603
-2907
-799
-2915
-1007
-2999
-1287
-3031
-1523
-2967
-1747
-3007
-1991
-2919
-2307
-2983
-2503
-3003
-2711
-2971
-3031
-2987
-3127
-2935
-3483
-3007
-3663
-2903
-3911
-2971
-4099
-2979
-4443
-2895
-4631
-2983
-4823
-2935
-5087
-3019
-5339
-2947
-5655
-2979
-5791
-2979
-6139
-2959
-6331
-3007
-6519
-2919
-6747
-3027
-7023
-3015
-7247
-2943
-7559
-2995
-7719
-2971
-7951
-2891
-8283
-2939
-8447
-2959
-8639
-2999
-8919
-3011
-9231
-3011
-9463
-2923
-9699
-2963
-9899
-3035
-10179
-3019
-10379
-2995
-10715
-2963
-10931
-2963
-11115
-3035
-11387
-3035
-11619
-3035
-11803
-2995
-12027
-3011
-12347
-3011
-12595
-2995
-12827
-3019
-13075
-3035
-13251
-2939
-13595
-2923
-13803
-3003
-14051
-2979
-14211
-3035
-14539
-3027
-14691
-3027
-14995
-2979
-15203
-3035
-15427
-2995
-15715
-2995
-15931
-2979
-16163
-3027
-16347
-2979
-16683
-3027
-16883
-3019
-17115
-2979
-17427
-2907
-17547
-3019
-17907
-2979
-18035
-3019
-18323
-2947
-18603
-2931
-18867
-3251
141
-3175
-31
-3243
-343
-3167
-559
-3139
-747
-3171
-1015
-3247
-1211
-3139
-1571
-3231
-1795
-3255
-1995
-3251
-2295
-3251
-2495
-3255
-2699
-3163
-2939
-3191
-3219
-3167
-3439
-3235
-3703
-3187
-3967
-3219
-4083
-3223
-4459
-3187
-4647
-3235
-4795
-3171
-5179
-3235
-5427
-3159
-5595
-3179
-5827
-3239
-5995
-3247
-6307
-3231
-6547
-3247
-6735
-3215
-7095
-3151
-7319
-3251
-7443
-3151
-7783
-3179
-7991
-3171
-8283
-3187
-8459
-3251
-8699
-3211
-8931
-3147
-9195
-3243
-9463
-3235
-9675
-3251
-9875
-3235
-10131
-3227
-10379
-3235
-10595
-3219
-10883
-3235
-11139
-3251
-11371
-3187
-11667
-3267
-11899
-3235
-12035
-3267
-12347
-3251
-12627
-3251
-12787
-3211
-13083
-3211
-13259
-3227
-13491
-3179
-13819
-3243
-14043
-3251
-14299
-3219
-14435
-3227
-14707
-3275
-15011
-3203
-15171
-3179
-15411
-3275
-15731
-3155
-15899
-3275
-16227
-3211
-16395
-3235
-16691
-3267
-16851
-3259
-17187
-3227
-17339
-3275
-17571
-3203
-17875
-3235
-18107
-3219
-18275
-3171
-18515
-3243
-18859
-3415
149
-3411
-55
-3423
-371
-3487
-515
-3475
-791
-3475
-1103
-3379
-1275
-3459
-1531
-3447
-1811
-3395
-1975
-3459
-2183
-3475
-2427
-3451
-2659
-3435
-2991
-3483
-3207
-3459
-3435
-3495
-3707
-3499
-3923
-3459
-4099
-3503
-4407
-3411
-4651
-3411
-4867
-3419
-5151
-3503
-5407
-3399
-5651
-3459
-5827
-3483
-6135
-3515
-6363
-3423
-6603
-3435
-6795
-3459
-7079
-3487
-7243
-3435
-7543
-3483
-7739
-3423
-7995
-3423
-8283
-3423
-8463
-3387
-8699
-3423
-8971
-3451
-9167
-3483
-9483
-3483
-9667
-3435
-9939
-3483
-10219
-3451
-10355
-3483
-10603
-3483
-10859
-3507
-11083
-3499
-11395
-3435
-11595
-3491
-11915
-3419
-12139
-3467
-12267
-3515
-12555
-3435
-12819
-3491
-13115
-3443
-13355
-3403
-13475
-3491
-13795
-3515
-14075
-3499
-14267
-3403
-14555
-3435
-14683
-3499
-15035
-3419
-15171
-3451
-15475
-3507
-15667
-3507
-15971
-3475
-16203
-3475
-16403
-3467
-16659
-3507
-16867
-3459
-17091
-3403
-17307
-3427
-17579
-3459
-17795
-3475
-18067
-3419
-18267
-3499
-18547
-3507
-18875
-3667
133
-3667
-123
-3707
-295
-3727
-567
-3635
-779
-3655
-1083
-3711
-1255
-3687
-1567
-3691
-1787
-3651
-1955
-3691
-2235
-3631
-2415
-3731
-2687
-3699
-2891
-3607
-3271
-3667
-3403
-3727
-3603
-3711
-3959
-3687
-4159
-3623
-4387
-3719
-4675
-3691
-4843
-3675
-5123
-3695
-5423
-3667
-5603
-3631
-5823
-3707
-6083
-3699
-6359
-3719
-6579
-3731
-6775
-3727
-6999
-3731
-7287
-3699
-7571
-3711
-7723
-3723
-8035
-3643
-8275
-3663
-8551
-3691
-8775
-3723
-8931
-3663
-9255
-3671
-9423
-3723
-9627
-3723
-9883
-3699
-10211
-3683
-10427
-3739
-10707
-3707
-10907
-3755
-11083
-3739
-11331
-3755
-11611
-3731
-11899
-3643
-12115
-3731
-12283
-3691
-12587
-3683
-12763
-3699
-13067
-3715
-13243
-3731
-13595
-3651
-13763
-3747
-14019
-3683
-14235
-3667
-14459
-3731
-14691
-3755
-14939
-3747
-15227
-3715
-15427
-3755
-15627
-3643
-15971
-3747
-16227
-3731
-16443
-3675
-16651
-3627
-16947
-3691
-17147
-3747
-17339
-3747
-17579
-3675
-17891
-3651
-18123
-3675
-18395
-3675
-18579
-3715
-18867
-3963
149
-3971
-15
-3863
-283
-3859
-507
-3927
-759
-3955
-1043
-3959
-1327
-3951
-1571
-3955
-1807
-3875
-2063
-3923
-2263
-3955
-2503
-3895
-2719
-3935
-2975
-3975
-3247
-3955
-3395
-3859
-3671
-3959
-3939
-3983
-4131
-3931
-4359
-3919
-4651
-3875
-4879
-3967
-5095
-3967
-5367
-3895
-5583
-3939
-5915
-3875
-6027
-3915
-6275
-3915
-6595
-3943
-6811
-3943
-7043
-3979
-7323
-3847
-7559
-3951
-7803
-3911
-7995
-3971
-8191
-3903
-8495
-3975
-8779
-3939
-8979
-3903
-9115
-3851
-9387
-3875
-9731
-3907
-9891
-3923
-10235
-3987
-10475
-3875
-10611
-3979
-10915
-3987
-11147
-3979
-11315
-3875
-11595
-3971
-11811
-3907
-12051
-3915
-12395
-3963
-12611
-3987
-12811
-3923
-13011
-3971
-13307
-3979
-13523
-3979
-13827
-3979
-14027
-3995
-14315
-3907
-14427
-3947
-14763
-3931
-14931
-3875
-15179
-3939
-15411
-3867
-15707
-3883
-15883
-3931
-16171
-3971
-16387
-3931
-16675
-3955
-16835
-3995
-17123
-3979
-17435
-3939
-17619
-3883
-17875
-3915
-18139
-3931
-18275
-3867
-18563
-3899
-18843
-4195
141
-4215
-151
-4163
-311
-4159
-531
-4123
-827
-4175
-979
-4135
-1259
-4195
-1459
-4211
-1807
-4135
-1979
-4083
-2227
-4179
-2495
-4107
-2687
-4163
-3027
-4163
-3179
-4155
-3379
-4163
-3603
-4179
-3971
-4159
-4103
-4179
-4467
-4163
-4707
-4235
-4835
-4155
-5115
-4207
-5339
-4147
-5599
-4171
-5891
-4203
-6115
-4191
-6319
-4103
-6543
-4127
-6815
-4207
-7023
-4223
-7323
-4203
-7471
-4203
-7743
-4223
-7995
-4191
-8287
-4127
-8447
-4095
-8683
-4199
-8999
-4119
-9147
-4199
-9515
-4227
-9675
-4171
-9971
-4235
-10131
-4171
-10371
-4163
-10627
-4227
-10939
-4227
-11187
-4147
-11307
-4187
-11579
-4211
-11899
-4227
-12155
-4147
-12323
-4115
-12507
-4227
-12851
-4227
-13099
-4235
-13251
-4107
-13475
-4123
-13835
-4123
-13947
-4227
-14235
-4195
-14491
-4171
-14691
-4203
-14939
-4187
-15203
-4203
-15491
-4187
-15755
-4155
-15867
-4195
-16131
-4211
-16443
-4211
-16587
-4155
-16867
-4195
-17139
-4147
-17347
-4219
-17635
-4179
-17819
-4211
-18099
-4123
-18283
-4115
-18507
-4227
-18875
-4423
93
-4439
-111
-4367
-331
-4435
-567
-4427
-803
-4359
-955
-4379
-1251
-4451
-1499
-4391
-1703
-4439
-2047
-4371
-2279
-4343
-2415
-4411
-2743
-4435
-3027
-4415
-3203
-4335
-3419
-4447
-3683
-4359
-3939
-4379
-4199
-4347
-4443
-4471
-4695
-4439
-4907
-4459
-5099
-4427
-5303
-4447
-5527
-4423
-5895
-4459
-6055
-4403
-6371
-4447
-6623
-4375
-6851
-4451
-7023
-4447
-7243
-4359
-7471
-4331
-7719
-4323
-7999
-4411
-8251
-4455
-8479
-4395
-8635
-4331
-8887
-4431
-9131
-4443
-9435
-4427
-9731
-4427
-9947
-4443
-10115
-4459
-10475
-4459
-10707
-4443
-10923
-4371
-11195
-4435
-11411
-4459
-11563
-4459
-11795
-4467
-12091
-4443
-12363
-4451
-12603
-4459
-12875
-4355
-13035
-4475
-13251
-4347
-13547
-4443
-13707
-4395
-13963
-4355
-14187
-4467
-14443
-4355
-14723
-4419
-14923
-4427
-15211
-4475
-15427
-4443
-15659
-4419
-15971
-4427
-16139
-4387
-16419
-4427
-16627
-4355
-16947
-4395
-17179
-4451
-17395
-4451
-17547
-4395
-17859
-4403
-18091
-4459
-18371
-4467
-18547
-4419
-18827
-4715
101
-4619
-47
-4575
-319
-4631
-607
-4687
-823
-4679
-1019
-4663
-1311
-4659
-1559
-4683
-1715
-4639
-2071
-4619
-2287
-4663
-2435
-4699
-2691
-4635
-2971
-4711
-3147
-4707
-3407
-4651
-3723
-4663
-3955
-4691
-4143
-4675
-4403
-4643
-4667
-4695
-4815
-4643
-5119
-4683
-5391
-4699
-5583
-4571
-5859
-4679
-6123
-4623
-6287
-4659
-6527
-4699
-6775
-4631
-7043
-4563
-7263
-4691
-7511
-4611
-7711
-4611
-8043
-4619
-8191
-4671
-8463
-4631
-8687
-4655
-9007
-4563
-9267
-4611
-9379
-4635
-9739
-4603
-9875
-4699
-10147
-4635
-10419
-4603
-10587
-4635
-10915
-4587
-11091
-4619
-11387
-4659
-11675
-4603
-11867
-4651
-12075
-4691
-12371
-4627
-12603
-4699
-12795
-4675
-13019
-4707
-13307
-4699
-13531
-4603
-13707
-4691
-14027
-4675
-14227
-4699
-14451
-4699
-14707
-4707
-15003
-4659
-15259
-4595
-15491
-4715
-15627
-4675
-15955
-4715
-16163
-4691
-16411
-4619
-16635
-4675
-16899
-4667
-17147
-4667
-17363
-4699
-17595
-4619
-17867
-4627
-18155
-4707
-18323
-4715
-18587
-4595
-18827
-4851
141
-4891
-51
-4935
-323
-4923
-571
-4871
-787
-4939
-1031
-4867
-1287
-4903
-1487
-4879
-1815
-4931
-2007
-4891
-2275
-4867
-2523
-4919
-2739
-4911
-2995
-4899
-3179
-4871
-3359
-4935
-3747
-4823
-3883
-4883
-4195
-4939
-4439
-4927
-4591
-4831
-4879
-4915
-5083
-4955
-5319
-4843
-5635
-4867
-5839
-4843
-6007
-4851
-6287
-4927
-6579
-4915
-6811
-4943
-6991
-4851
-7347
-4863
-7511
-4927
-7795
-4859
-7963
-4883
-8263
-4919
-8435
-4923
-8679
-4919
-8927
-4843
-9243
-4895
-9443
-4891
-9627
-4891
-9971
-4827
-10139
-4899
-10467
-4859
-10675
-4939
-10955
-4859
-11131
-4931
-11347
-4955
-11587
-4907
-11907
-4939
-12059
-4851
-12267
-4843
-12515
-4827
-12787
-4835
-13003
-4867
-13275
-4851
-13531
-4931
-13707
-4939
-14043
-4827
-14299
-4867
-14443
-4955
-14747
-4899
-14955
-4843
-15243
-4891
-15459
-4939
-15659
-4867
-15963
-4947
-16211
-4875
-16371
-4939
-16667
-4955
-16859
-4891
-17195
-4923
-17419
-4843
-17659
-4899
-17811
-4955
-18035
-4915
-18323
-4915
-18603
-4883
-18859
-5043
149
-5183
-15
-5119
-303
-5079
-599
-5179
-763
-5067
-1079
-5111
-1211
-5067
-1587
-5091
-1759
-5131
-1915
-5131
-2267
-5171
-2551
-5147
-2731
-5119
-2899
-5115
-3155
-5175
-3395
-5047
-3731
-5123
-3835
-5103
-4107
-5167
-4395
-5103
-4687
-5163
-4871
-5163
-5083
-5163
-5399
-5159
-5603
-5107
-5863
-5167
-6027
-5151
-6279
-5167
-6591
-5087
-6791
-5075
-7031
-5167
-7255
-5103
-7475
-5183
-7691
-5083
-8011
-5187
-8235
-5055
-8499
-5067
-8791
-5171
-8999
-5127
-9267
-5095
-9467
-5147
-9627
-5195
-9979
-5195
-10195
-5155
-10419
-5195
-10611
-5163
-10827
-5067
-11139
-5067
-11419
-5171
-11563
-5075
-11843
-5195
-12147
-5139
-12299
-5171
-12603
-5195
-12755
-5131
-13003
-5139
-13251
-5155
-13555
-5179
-13739
-5155
-14043
-5155
-14283
-5131
-14467
-5155
-14715
-5155
-15035
-5187
-15235
-5115
-15515
-5163
-15683
-5067
-15907
-5171
-16195
-5067
-16403
-5075
-16651
-5187
-16867
-5163
-17099
-5099
-17339
-5131
-17587
-5147
-17875
-5139
-18043
-5195
-18283
-5131
-18531
-5171
-18811
-5395
125
-5371
-91
-5307
-331
-5395
-495
-5435
-803
-5403
-1059
-5363
-1227
-5347
-1531
-5355
-1767
-5419
-2035
-5347
-2187
-5411
-2483
-5323
-2679
-5379
-2995
-5427
-3251
-5339
-3479
-5347
-3715
-5315
-3871
-5411
-4131
-5323
-4323
-5427
-4707
-5331
-4915
-5339
-5103
-5395
-5315
-5331
-5627
-5403
-5875
-5363
-6019
-5435
-6379
-5363
-6567
-5379
-6811
-5331
-7059
-5323
-7231
-5403
-7539
-5403
-7803
-5427
-8043
-5387
-8211
-5403
-8459
-5387
-8759
-5403
-8979
-5355
-9191
-5395
-9455
-5323
-9667
-5403
-9875
-5371
-10179
-5347
-10411
-5395
-10595
-5435
-10851
-5387
-11099
-5363
-11315
-5331
-11587
-5323
-11899
-5363
-12099
-5419
-12379
-5363
-12619
-5363
-12835
-5371
-13115
-5435
-13307
-5403
-13579
-5427
-13707
-5403
-14075
-5427
-14227
-5379
-14475
-5315
-14747
-5403
-14995
-5411
-15211
-5427
-15515
-5411
-15739
-5363
-15979
-5395
-16163
-5331
-16379
-5331
-16699
-5435
-16907
-5419
-17187
-5379
-17403
-5363
-17555
-5355
-17811
-5371
-18027
-5323
-18323
-5427
-18587
-5323
-18851
-5595
133
-5547
-107
-5667
-363
-5675
-627
-5571
-819
-5643
-1083
-5595
-1315
-5667
-1475
-5587
-1795
-5603
-2051
-5651
-2219
-5563
-2451
-5667
-2715
-5611
-3035
-5547
-3235
-5675
-3507
-5627
-3747
-5619
-3963
-5627
-4219
-5659
-4475
-5587
-4587
-5595
-4827
-5619
-5099
-5667
-5387
-5603
-5579
-5603
-5915
-5619
-6131
-5667
-6267
-5619
-6515
-5619
-6763
-5667
-7003
-5667
-7291
-5659
-7547
-5635
-7779
-5579
-8075
-5603
-8251
-5659
-8539
-5651
-8667
-5627
-9019
-5611
-9195
-5627
-9395
-5563
-9675
-5579
-9963
-5667
-10107
-5547
-10435
-5587
-10715
-5627
-10867
-5603
-11115
-5667
-11427
-5659
-11611
-5635
-11899
-5651
-12107
-5635
-12315
-5603
-12555
-5595
-12803
-5659
-13027
-5595
-13331
-5659
-13539
-5627
-13739
-5555
-14011
-5675
-14291
-5547
-14515
-5667
-14739
-5579
-15019
-5619
-15163
-5571
-15475
-5619
-15683
-5571
-15899
-5659
-16171
-5667
-16419
-5563
-16675
-5611
-16859
-5579
-17067
-5635
-17355
-5643
-17619
-5659
-17859
-5675
-18043
-5667
-18299
-5659
-18547
-5667
-18819
-5827
133
-5843
-155
-5891
-387
-5875
-547
-5907
-763
-5915
-1075
-5811
-1331
-5899
-1563
-5851
-1803
-5875
-2027
-5883
-2251
-5883
-2427
-5899
-2795
-5835
-3027
-5795
-3147
-5835
-3395
-5835
-3635
-5795
-3891
-5875
-4171
-5875
-4355
-5843
-4619
-5843
-4899
-5859
-5163
-5843
-5379
-5907
-5635
-5827
-5867
-5787
-6099
-5907
-6371
-5867
-6571
-5811
-6851
-5907
-7043
-5907
-7267
-5803
-7515
-5835
-7707
-5891
-7947
-5891
-8219
-5787
-8459
-5795
-8723
-5891
-8955
-5867
-9219
-5795
-9411
-5875
-9643
-5907
-9931
-5883
-10235
-5835
-10395
-5803
-10651
-5859
-10939
-5867
-11187
-5787
-11371
-5875
-11651
-5787
-11787
-5915
-12131
-5907
-12291
-5891
-12619
-5859
-12819
-5915
-13083
-5795
-13347
-5851
-13467
-5795
-13763
-5907
-14059
-5859
-14299
-5915
-14451
-5835
-14715
-5875
-14915
-5795
-15243
-5859
-15443
-5875
-15691
-5899
-15963
-5851
-16147
-5915
-16347
-5899
-16603
-5859
-16923
-5843
-17187
-5915
-17403
-5867
-17619
-5811
-17883
-5843
-18099
-5899
-18371
-5891
-18619
-5803
-18811
-6131
133
-6131
-67
-6115
-339
-6099
-619
-6091
-827
-6067
-1107
-6051
-1315
-6059
-1491
-6059
-1731
-6107
-2059
-6147
-2315
-6131
-2427
-6075
-2787
-6115
-2971
-6123
-3179
-6155
-3459
-6059
-3747
-6155
-3867
-6123
-4235
-6035
-4443
-6075
-4691
-6051
-4899
-6059
-5187
-6139
-5307
-6115
-5659
-6051
-5867
-6115
-6051
-6115
-6267
-6115
-6507
-6155
-6875
-6155
-7107
-6147
-7355
-6115
-7563
-6059
-7723
-6131
-8043
-6099
-8283
-6131
-8451
-6155
-8779
-6051
-9019
-6155
-9203
-6107
-9475
-6155
-9739
-6147
-9931
-6139
-10187
-6099
-10403
-6107
-10611
-6147
-10955
-6147
-11107
-6147
-11371
-6043
-11579
-6075
-11899
-6027
-12123
-6155
-12355
-6115
-12507
-6083
-12859
-6059
-13051
-6115
-13283
-6043
-13499
-6107
-13779
-6099
-14019
-6075
-14187
-6083
-14491
-6043
-14675
-6123
-14971
-6107
-15235
-6059
-15395
-6155
-15683
-6067
-15923
-6107
-16171
-6123
-16451
-6131
-16611
-6067
-16915
-6155
-17195
-6075
-17387
-6147
-17667
-6075
-17851
-6083
-18075
-6091
-18387
-6059
-18531
-6107
-18811
-6267
125
-6379
-155
-6291
-331
-6307
-523
-6355
-747
-6323
-1043
-6395
-1235
-6387
-1531
-6267
-1779
-6291
-2027
-6307
-2243
-6307
-2507
-6267
-2779
-6379
-2963
-6371
-3195
-6347
-3475
-6387
-3739
-6291
-3899
-6347
-4203
-6323
-4387
-6339
-4667
-6363
-4955
-6291
-5067
-6379
-5307
-6371
-5563
-6307
-5875
-6307
-6059
-6347
-6379
-6323
-6515
-6387
-6835
-6339
-7027
-6299
-7283
-6267
-7515
-6339
-7771
-6339
-8059
-6267
-8227
-6395
-8467
-6323
-8731
-6283
-8931
-6331
-9219
-6363
-9491
-6291
-9739
-6395
-9955
-6307
-10203
-6267
-10395
-6347
-10675
-6347
-10955
-6331
-11099
-6387
-11411
-6355
-11619
-6323
-11803
-6379
-12115
-6379
-12299
-6387
-12563
-6395
-12859
-6355
-13099
-6395
-13235
-6267
-13571
-6291
-13715
-6283
-13947
-6395
-14227
-6395
-14483
-6283
-14691
-6387
-15019
-6283
-15163
-6363
-15451
-6371
-15731
-6395
-15907
-6323
-16219
-6387
-16467
-6371
-16611
-6283
-16835
-6355
-17067
-6363
-17347
-6379
-17595
-6347
-17835
-6339
-18051
-6395
-18275
-6371
-18547
-6395
-18811
-6571
93
-6603
-75
-6627
-363
-6635
-627
-6515
-795
-6515
-1043
-6579
-1251
-6531
-1595
-6595
-1827
-6611
-2059
-6539
-2259
-6635
-2427
-6603
-2683
-6563
-2947
-6555
-3203
-6603
-3427
-6579
-3755
-6579
-3899
-6635
-4163
-6523
-4451
-6603
-4707
-6627
-4891
-6507
-5099
-6635
-5395
-6595
-5619
-6611
-5915
-6507
-6059
-6619
-6387
-6507
-6539
-6603
-6867
-6587
-7107
-6619
-7275
-6587
-7579
-6595
-7715
-6571
-8043
-6539
-8251
-6531
-8459
-6507
-8715
-6627
-8931
-6547
-9267
-6587
-9403
-6603
-9627
-6555
-9891
-6515
-10211
-6619
-10451
-6635
-10619
-6539
-10827
-6547
-11099
-6627
-11435
-6595
-11651
-6603
-11907
-6587
-12067
-6579
-12339
-6603
-12611
-6619
-12803
-6563
-13027
-6627
-13323
-6619
-13579
-6571
-13755
-6563
-13963
-6579
-14307
-6555
-14427
-6611
-14683
-6619
-14963
-6547
-15179
-6619
-15419
-6627
-15683
-6547
-15971
-6595
-16187
-6627
-16451
-6635
-16595
-6595
-16899
-6627
-17155
-6555
-17403
-6539
-17587
-6595
-17875
-6627
-18075
-6619
-18371
-6531
-18507
-6547
-18867
-6771
149
-6811
-27
-6843
-355
-6835
-611
-6851
-747
-6755
-1011
-6867
-1243
-6819
-1595
-6747
-1771
-6859
-2003
-6875
-2211
-6763
-2467
-6859
-2795
-6851
-3011
-6819
-3251
-6819
-3411
-6867
-3667
-6811
-3923
-6827
-4227
-6763
-4427
-6851
-4595
-6875
-4827
-6835
-5099
-6779
-5411
-6851
-5627
-6803
-5787
-6851
-6123
-6771
-6299
-6803
-6531
-6755
-6771
-6843
-6995
-6795
-7307
-6811
-7531
-6771
-7763
-6771
-8043
-6755
-8195
-6763
-8443
-6747
-8691
-6875
-8995
-6835
-9179
-6867
-9403
-6779
-9715
-6811
-9867
-6819
-10179
-6755
-10467
-6859
-10675
-6827
-10955
-6771
-11067
-6875
-11387
-6875
-11563
-6851
-11907
-6859
-12035
-6803
-12283
-6835
-12587
-6859
-12875
-6771
-13059
-6875
-13307
-6827
-13539
-6779
-13827
-6851
-14027
-6851
-14219
-6859
-14539
-6851
-14739
-6851
-15003
-6867
-15251
-6859
-15411
-6819
-15651
-6795
-15955
-6835
-16235
-6771
-16347
-6843
-16603
-6827
-16827
-6763
-17195
-6875
-17371
-6771
-17675
-6835
-17827
-6835
-18115
-6835
-18275
-6843
-18571
-6819
-18843
-7075
149
-7075
-115
-7091
-299
-7091
-523
-7019
-851
-6987
-1115
-7035
-1315
-7107
-1491
-7083
-1795
-7011
-1947
-7107
-2315
-7043
-2475
-7075
-2675
-7107
-3035
-7115
-3203
-7011
-3499
-7003
-3707
-7107
-3931
-7019
-4219
-7043
-4427
-7091
-4619
-7011
-4915
-6995
-5083
-7043
-5411
-6987
-5675
-7067
-5795
-7067
-6067
-7083
-6379
-7035
-6563
-7115
-6755
-7027
-7107
-7043
-7235
-7091
-7475
-7083
-7731
-7059
-7971
-7107
-8187
-7083
-8467
-7115
-8795
-7027
-8907
-7075
-9251
-7043
-9443
-7099
-9723
-7027
-9907
-7011
-10171
-7067
-10435
-7091
-10667
-6987
-10835
-7115
-11131
-7099
-11315
-6995
-11659
-7099
-11875
-7099
-12147
-7019
-12387
-7115
-12627
-7043
-12771
-7019
-13083
-7099
-13331
-7107
-13491
-7083
-13819
-7115
-13963
-7099
-14195
-7067
-14547
-7051
-14779
-7075
-14979
-7091
-15147
-7059
-15467
-7099
-15651
-7099
-15939
-7115
-16131
-7091
-16427
-7011
-16715
-7027
-16875
-7019
-17107
-7027
-17363
-7003
-17635
-7091
-17875
-7107
-18123
-7107
-18283
-7043
-18611
-7003
-18859
-7259
109
-7331
-51
-7347
-299
-7347
-523
-7347
-859
-7347
-1075
-7315
-1323
-7259
-1467
-7291
-1763
-7251
-1955
-7323
-2275
-7355
-2451
-7235
-2795
-7347
-3027
-7347
-3219
-7259
-3467
-7331
-3731
-7355
-3875
-7243
-4219
-7275
-4467
-7227
-4715
-7267
-4851
-7235
-5147
-7339
-5419
-7267
-5627
-7267
-5787
-7355
-6099
-7243
-6315
-7347
-6531
-7315
-6851
-7347
-7019
-7251
-7307
-7347
-7571
-7355
-7731
-7315
-8059
-7307
-8227
-7323
-8539
-7347
-8731
-7227
-9019
-7339
-9267
-7347
-9491
-7339
-9667
-7331
-9947
-7259
-10147
-7307
-10387
-7323
-10659
-7347
-10915
-7339
-11123
-7347
-11331
-7355
-11643
-7299
-11875
-7307
-12067
-7299
-12323
-7299
-12531
-7331
-12779
-7243
-13091
-7251
-13323
-7315
-13499
-7331
-13803
-7275
-13955
-7355
-14195
-7339
-14467
-7347
-14739
-7227
-15019
-7347
-15275
-7347
-15435
-7283
-15707
-7259
-15923
-7323
-16115
-7339
-16379
-7251
-16659
-7347
-16827
-7267
-17155
-7347
-17315
-7323
-17635
-7299
-17851
-7315
-18035
-7347
-18315
-7307
-18611
-7299
-18843
-7571
141
-7563
-67
-7587
-267
-7587
-515
-7507
-787
-7523
-1107
-7555
-1243
-7579
-1555
-7571
-1739
-7595
-2003
-7515
-2219
-7595
-2443
-7523
-2779
-7579
-2907
-7579
-3219
-7571
-3443
-7491
-3739
-7539
-3987
-7467
-4187
-7579
-4459
-7579
-4595
-7571
-4931
-7595
-5155
-7579
-5339
-7539
-5635
-7587
-5891
-7579
-6155
-7579
-6323
-7483
-6507
-7563
-6747
-7555
-7051
-7563
-7323
-7467
-7571
-7531
-7819
-7563
-8051
-7515
-8235
-7483
-8515
-7547
-8707
-7499
-8971
-7467
-9227
-7523
-9507
-7491
-9627
-7563
-9899
-7531
-10107
-7531
-10459
-7579
-10667
-7571
-10835
-7507
-11171
-7563
-11339
-7595
-11611
-7579
-11907
-7563
-12043
-7563
-12371
-7587
-12619
-7555
-12835
-7571
-13011
-7571
-13275
-7579
-13523
-7555
-13747
-7587
-14019
-7515
-14259
-7467
-14435
-7499
-14699
-7587
-15019
-7491
-15251
-7483
-15499
-7563
-15699
-7555
-15947
-7531
-16235
-7579
-16443
-7467
-16651
-7555
-16947
-7555
-17187
-7587
-17323
-7579
-17675
-7491
-17843
-7555
-18067
-7571
-18379
-7595
-18579
-7539
-18875
-7795
117
-7779
-35
-7715
-323
-7819
-611
-7779
-755
-7803
-1067
-7779
-1251
-7755
-1491
-7835
-1827
-7771
-1947
-7747
-2259
-7819
-2459
-7723
-2723
-7707
-3011
-7827
-3203
-7811
-3411
-7811
-3731
-7827
-3875
-7795
-4187
-7715
-4371
-7811
-4699
-7715
-4907
-7739
-5195
-7755
-5379
-7763
-5571
-7707
-5899
-7827
-6115
-7779
-6283
-7747
-6539
-7763
-6843
-7787
-7115
-7755
-7227
-7827
-7571
-7819
-7835
-7819
-8011
-7747
-8299
-7795
-8427
-7819
-8779
-7795
-8947
-7795
-9187
-7739
-9467
-7755
-9675
-7803
-9931
-7771
-10107
-7787
-10467
-7803
-10683
-7795
-10827
-7835
-11083
-7771
-11435
-7819
-11563
-7731
-11819
-7771
-12043
-7755
-12347
-7787
-12555
-7811
-12763
-7803
-13011
-7811
-13283
-7835
-13595
-7835
-13723
-7827
-14011
-7755
-14251
-7739
-14507
-7827
-14675
-7755
-14987
-7795
-15147
-7795
-15507
-7819
-15683
-7739
-15867
-7771
-16227
-7795
-16411
-7763
-16635
-7803
-16939
-7787
-17179
-7835
-17347
-7795
-17667
-7747
-17915
-7707
-18107
-7803
-18299
-7715
-18587
-7755
-18843
-7995
133
-8035
-59
-8035
-299
-8003
-531
-8027
-875
-7955
-1083
-8059
-1347
-8067
-1587
-8019
-1819
-8019
-1987
-8067
-2267
-7987
-2515
-8019
-2715
-8003
-2907
-8003
-3187
-7971
-3491
-8043
-3627
-8075
-3915
-8075
-4227
-8043
-4459
-8043
-4707
-7947
-4907
-8003
-5195
-8075
-5427
-8067
-5643
-7955
-5875
-8011
-6123
-8067
-6379
-7963
-6547
-8059
-6787
-8051
-7059
-8059
-7259
-8027
-7595
-7971
-7795
-8075
-8019
-7995
-8259
-8075
-8515
-7971
-8683
-7963
-8987
-8075
-9187
-8003
-9387
-8019
-9627
-8051
-9971
-7979
-10203
-8075
-10459
-7947
-10627
-8067
-10835
-8051
-11187
-8003
-11339
-8043
-11555
-8027
-11875
-8051
-12155
-7995
-12379
-8011
-12595
-8011
-12779
-7987
-13115
-8019
-13355
-8011
-13555
-8051
-13755
-7995
-13987
-7979
-14291
-8035
-14547
-8075
-14755
-8035
-14907
-8067
-15275
-8011
-15419
-8059
-15643
-7971
-15875
-8011
-16115
-8075
-16467
-7955
-16635
-8003
-16923
-8059
-17139
-7995
-17395
-8051
-17555
-8075
-17795
-8059
-18035
-8075
-18379
-8059
-18547
-7987
-18835
-8187
101
-8315
-51
-8291
-339
-8259
-627
-8235
-819
-8235
-1115
-8307
-1235
-8235
-1571
-8275
-1763
-8267
-2067
-8315
-2243
-8203
-2547
-8315
-2747
-8219
-2995
-8299
-3155
-8291
-3411
-8291
-3715
-8251
-3923
-8291
-4155
-8275
-4459
-8187
-4603
-8251
-4907
-8251
-5123
-8259
-5371
-8227
-5595
-8251
-5883
-8219
-6083
-8227
-6371
-8307
-6611
-8251
-6771
-8307
-7099
-8235
-7227
-8283
-7507
-8275
-7771
-8259
-8059
-8299
-8235
-8291
-8507
-8275
-8691
-8195
-9003
-8291
-9251
-8195
-9435
-8315
-9715
-8267
-9899
-8283
-10155
-8291
-10451
-8267
-10707
-8195
-10843
-8283
-11123
-8211
-11435
-8235
-11611
-8315
-11891
-8315
-12059
-8315
-12387
-8291
-12507
-8275
-12747
-8307
-13035
-8307
-13259
-8275
-13587
-8259
-13723
-8235
-13979
-8267
-14283
-8227
-14539
-8283
-14763
-8219
-14971
-8291
-15259
-8195
-15459
-8243
-15715
-8291
-15947
-8275
-16195
-8291
-16363
-8251
-16603
-8203
-16891
-8283
-17131
-8291
-17403
-8283
-17619
-8187
-17851
-8227
-18115
-8283
-18291
-8259
-18531
-8315
-18827
-8491
133
-8531
-27
-8555
-387
-8443
-507
-8507
-811
-8483
-1051
-8531
-1355
-8483
-1507
-8467
-1707
-8475
-2027
-8475
-2227
-8499
-2499
-8523
-2683
-8515
-2907
-8539
-3243
-8435
-3443
-8475
-3755
-8475
-3971
-8531
-4123
-8467
-4379
-8459
-4619
-8459
-4835
-8499
-5171
-8483
-5395
-8443
-5627
-8435
-5867
-8539
-6107
-8491
-6315
-8555
-6547
-8483
-6867
-8459
-7003
-8515
-7227
-8539
-7531
-8531
-7755
-8443
-7971
-8491
-8259
-8483
-8483
-8539
-8763
-8427
-8915
-8483
-9155
-8515
-9499
-8523
-9723
-8443
-9971
-8467
-10219
-8507
-10419
-8491
-10707
-8547
-10851
-8515
-11091
-8515
-11363
-8507
-11571
-8531
-11899
-8523
-12043
-8523
-12355
-8539
-12507
-8555
-12787
-8555
-13091
-8459
-13307
-8507
-13539
-8547
-13795
-8499
-13971
-8547
-14291
-8523
-14483
-8507
-14747
-8555
-15003
-8547
-15275
-8459
-15491
-8547
-15651
-8483
-15947
-8539
-16139
-8555
-16451
-8427
-16643
-8515
-16931
-8531
-17075
-8539
-17435
-8475
-17595
-8531
-17891
-8483
-18043
-8547
-18267
-8515
-18531
-8483
-18811
-8731
141
-8707
-67
-8707
-275
-8739
-579
-8715
-763
-8755
-1035
-8739
-1251
-8723
-1587
-8763
-1755
-8675
-1987
-8739
-2315
-8707
-2475
-8755
-2739
-8771
-2923
-8715
-3155
-8779
-3467
-8723
-3755
-8715
-3923
-8787
-4227
-8795
-4347
-8691
-4691
-8699
-4843
-8771
-5147
-8779
-5315
-8699
-5595
-8675
-5899
-8787
-6043
-8731
-6355
-8763
-6619
-8763
-6851
-8779
-7035
-8779
-7315
-8771
-7571
-8707
-7819
-8683
-7979
-8747
-8275
-8675
-8499
-8683
-8675
-8691
-8923
-8755
-9227
-8755
-9459
-8771
-9627
-8747
-9931
-8747
-10187
-8787
-10403
-8779
-10699
-8747
-10827
-8715
-11179
-8787
-11339
-8755
-11643
-8787
-11883
-8691
-12155
-8731
-12315
-8787
-12579
-8667
-12867
-8747
-13027
-8707
-13275
-8771
-13491
-8723
-13795
-8715
-13947
-8731
-14299
-8683
-14515
-8755
-14723
-8771
-14931
-8739
-15235
-8699
-15403
-8771
-15683
-8731
-15947
-8715
-16115
-8771
-16379
-8763
-16667
-8683
-16851
-8707
-17179
-8747
-17379
-8683
-17571
-8779
-17899
-8795
-18099
-8795
-18339
-8707
-18531
-8747
-18875
-8923
101
-9011
-107
-9035
-267
-8979
-563
-8987
-867
-8915
-1099
-9003
-1291
-8971
-1467
-9035
-1795
-9027
-1947
-9011
-2187
-9035
-2483
-8955
-2779
-8987
-2979
-8963
-3251
-9035
-3483
-8963
-3707
-8947
-3867
-8931
-4147
-8987
-4435
-8923
-4651
-9011
-4939
-8963
-5107
-8939
-5347
-8939
-5571
-9035
-5843
-9003
-6091
-8987
-6323
-8963
-6587
-9011
-6859
-9035
-7107
-9027
-7315
-9035
-7467
-9011
-7835
-9035
-8075
-9003
-8315
-9019
-8507
-8955
-8779
-8995
-8915
-8939
-9179
-9003
-9419
-8979
-9739
-9035
-9891
-9003
-10139
-8987
-10467
-8987
-10651
-9011
-10915
-9027
-11067
-8995
-11395
-9027
-11579
-9003
-11843
-9019
-12067
-9003
-12379
-8995
-12571
-8987
-12795
-8907
-13075
-9011
-13291
-9003
-13563
-8939
-13795
-8963
-14075
-9035
-14259
-8979
-14531
-8979
-14707
-8915
-15027
-9035
-15235
-8979
-15435
-8971
-15683
-9003
-15971
-9019
-16139
-9035
-16347
-8979
-16627
-9035
-16955
-9011
-17083
-8939
-17435
-9019
-17611
-8947
-17819
-8971
-18059
-8995
-18307
-9035
-18619
-8939
-18827
-9243
149
-9227
-67
-9275
-331
-9187
-539
-9251
-811
-9251
-1115
-9259
-1347
-9155
-1491
-9235
-1747
-9227
-1987
-9195
-2291
-9179
-2531
-9187
-2715
-9203
-2931
-9219
-3251
-9227
-3419
-9251
-3651
-9179
-3939
-9267
-4131
-9203
-4379
-9267
-4587
-9275
-4867
-9235
-5171
-9219
-5435
-9259
-5643
-9235
-5835
-9267
-6123
-9275
-6355
-9171
-6523
-9259
-6811
-9211
-7099
-9251
-7331
-9275
-7507
-9155
-7779
-9243
-7987
-9171
-8259
-9259
-8523
-9179
-8747
-9275
-8963
-9211
-9235
-9195
-9491
-9259
-9667
-9211
-9987
-9275
-10131
-9251
-10403
-9259
-10675
-9187
-10827
-9171
-11123
-9267
-11387
-9147
-11547
-9219
-11787
-9171
-12027
-9259
-12323
-9203
-12523
-9275
-12811
-9195
-13035
-9275
-13291
-9267
-13595
-9267
-13715
-9227
-14051
-9275
-14267
-9275
-14483
-9251
-14795
-9267
-14907
-9275
-15203
-9211
-15427
-9259
-15635
-9195
-15915
-9251
-16163
-9259
-16411
-9227
-16683
-9179
-16835
-9235
-17139
-9267
-17427
-9243
-17547
-9251
-17795
-9259
-18043
-9259
-18387
-9203
-18595
-9187
-18859
-9419
93
-9427
-83
-9499
-267
-9499
-531
-9443
-875
-9435
-1067
-9483
-1283
-9515
-1515
-9403
-1795
-9467
-1995
-9515
-2315
-9451
-2443
-9491
-2707
-9467
-3027
-9387
-3243
-9507
-3435
-9475
-3683
-9483
-3899
-9491
-4107
-9491
-4451
-9467
-4691
-9507
-4843
-9435
-5107
-9443
-5435
-9411
-5611
-9515
-5827
-9435
-6075
-9427
-6291
-9435
-6547
-9499
-6779
-9491
-7051
-9459
-7235
-9507
-7563
-9515
-7771
-9475
-7963
-9507
-8283
-9515
-8547
-9451
-8779
-9451
-8915
-9499
-9219
-9387
-9435
-9443
-9683
-9451
-9875
-9411
-10195
-9467
-10467
-9499
-10699
-9395
-10875
-9483
-11171
-9435
-11331
-9499
-11675
-9403
-11867
-9475
-12147
-9507
-12355
-9483
-12531
-9483
-12779
-9403
-13035
-9475
-13243
-9443
-13507
-9427
-13779
-9427
-13979
-9475
-14187
-9427
-14491
-9411
-14667
-9411
-14947
-9419
-15267
-9419
-15435
-9507
-15715
-9483
-15963
-9435
-16107
-9507
-16395
-9467
-16643
-9395
-16947
-9451
-17163
-9515
-17331
-9467
-17547
-9419
-17843
-9395
-18043
-9483
-18283
-9515
-18587
-9387
-18811
-9731
101
-9731
-115
-9651
-371
-9747
-555
-9747
-867
-9651
-1091
-9667
-1323
-9747
-1555
-9707
-1715
-9707
-1963
-9731
-2211
-9755
-2467
-9723
-2731
-9755
-3011
-9667
-3251
-9683
-3507
-9723
-3755
-9659
-3899
-9747
-4123
-9667
-4411
-9675
-4707
-9723
-4883
-9747
-5099
-9683
-5419
-9715
-5675
-9723
-5835
-9651
-6059
-9755
-6307
-9691
-6515
-9635
-6851
-9739
-7075
-9747
-7275
-9715
-7571
-9747
-7819
-9755
-7987
-9659
-8211
-9739
-8459
-9707
-8795
-9675
-9019
-9755
-9179
-9675
-9435
-9651
-9755
-9707
-9939
-9723
-10147
-9667
-10451
-9667
-10587
-9659
-10827
-9739
-11155
-9747
-11363
-9627
-11563
-9699
-11795
-9675
-12123
-9731
-12283
-9731
-12507
-9731
-12755
-9691
-12987
-9731
-13331
-9643
-13531
-9691
-13819
-9643
-14059
-9739
-14307
-9739
-14555
-9755
-14707
-9699
-14987
-9731
-15259
-9635
-15491
-9739
-15651
-9747
-15867
-9739
-16203
-9747
-16387
-9755
-16595
-9675
-16899
-9755
-17171
-9659
-17419
-9699
-17579
-9755
-17803
-9627
-18059
-9747
-18347
-9739
-18531
-9739
-18851
-9995
125
-9987
-75
-9867
-347
-9995
-579
-9971
-755
-9987
-1019
-9979
-1235
-9947
-1547
-9891
-1771
-9891
-1995
-9923
-2275
-9947
-2451
-9955
-2739
-9907
-3003
-9931
-3203
-9963
-3419
-9875
-3635
-9995
-3947
-9971
-4219
-9931
-4411
-9867
-4683
-9995
-4899
-9955
-5067
-9947
-5355
-9979
-5563
-9939
-5859
-9923
-6027
-9995
-6395
-9963
-6515
-9867
-6747
-9915
-7083
-9931
-7243
-9931
-7467
-9947
-7707
-9995
-8035
-9979
-8315
-9947
-8499
-9883
-8787
-9931
-8915
-9891
-9259
-9987
-9411
-9899
-9699
-9867
-9995
-9915
-10187
-9995
-10451
-9939
-10603
-9915
-10907
-9891
-11099
-9875
-11323
-9947
-11667
-9899
-11875
-9923
-12139
-9931
-12267
-9899
-12531
-9899
-12835
-9995
-12995
-9899
-13235
-9995
-13579
-9923
-13763
-9947
-13995
-9963
-14307
-9931
-14467
-9947
-14731
-9867
-14907
-9947
-15275
-9963
-15475
-9907
-15715
-9891
-15963
-9915
-16179
-9971
-16403
-9955
-16611
-9947
-16891
-9995
-17187
-9995
-17347
-9947
-17563
-9891
-17899
-9987
-18107
-9971
-18371
-9907
-18595
-9899
-18875
-10171
125
-10147
-139
-10235
-395
-10203
-595
-10235
-803
-10227
-1091
-10235
-1259
-10155
-1523
-10171
-1803
-10171
-2019
-10219
-2187
-10115
-2499
-10235
-2691
-10227
-3019
-10219
-3211
-10235
-3411
-10155
-3651
-10227
-3875
-10171
-4203
-10227
-4451
-10171
-4691
-10211
-4859
-10235
-5131
-10123
-5371
-10139
-5547
-10227
-5891
-10147
-6051
-10179
-6315
-10115
-6507
-10235
-6771
-10211
-7107
-10227
-7315
-10115
-7579
-10227
-7811
-10187
-8067
-10203
-8259
-10163
-8435
-10115
-8771
-10107
-9027
-10171
-9203
-10203
-9411
-10195
-9747
-10203
-9867
-10195
-10179
-10123
-10347
-10179
-10691
-10171
-10955
-10235
-11147
-10235
-11315
-10155
-11651
-10219
-11859
-10211
-12107
-10219
-12355
-10211
-12531
-10171
-12795
-10187
-13115
-10203
-13315
-10235
-13595
-10171
-13707
-10179
-13963
-10235
-14267
-10235
-14547
-10211
-14691
-10219
-15027
-10147
-15219
-10123
-15435
-10235
-15715
-10235
-15923
-10187
-16195
-10107
-16403
-10203
-16699
-10195
-16939
-10219
-17131
-10203
-17387
-10171
-17563
-10211
-17891
-10171
-18099
-10155
-18379
-10107
-18627
-10187
-18811
-10427
101
-10451
-147
-10443
-267
-10427
-555
-10475
-787
-10411
-1075
-10443
-1331
-10435
-1467
-10427
-1739
-10427
-1955
-10435
-2283
-10443
-2547
-10459
-2715
-10435
-3011
-10475
-3251
-10419
-3451
-10443
-3755
-10411
-3995
-10451
-4235
-10475
-4419
-10419
-4683
-10467
-4827
-10427
-5187
-10427
-5371
-10411
-5603
-10419
-5827
-10443
-6123
-10459
-6371
-10443
-6619
-10459
-6827
-10451
-7043
-10443
-7283
-10459
-7531
-10411
-7779
-10443
-7955
-10411
-8307
-10411
-8475
-10451
-8683
-10475
-8947
-10435
-9259
-10459
-9483
-10443
-9707
-10451
-9915
-10435
-10195
-10459
-10387
-10411
-10683
-10411
-10955
-10411
-11107
-10451
-11403
-10459
-11659
-10467
-11883
-10435
-12059
-10467
-12387
-10443
-12619
-10459
-12859
-10475
-13099
-10459
-13259
-10443
-13467
-10475
-13779
-10459
-14019
-10451
-14219
-10467
-14499
-10467
-14731
-10459
-14963
-10475
-15163
-10411
-15499
-10435
-15651
-10435
-15955
-10427
-16115
-10459
-16475
-10427
-16659
-10443
-16931
-10435
-17115
-10451
-17363
-10435
-17603
-10411
-17915
-10459
-18115
-10451
-18355
-10419
-18635
-10427
-18867
