149
1297
369
-67
360
-326
252
-608
337
-813
383
-1069
157
-1215
197
-1468
196
-1717
404
-1993
233
-2266
109
-2471
177
-2773
165
-2983
165
-3149
173
-3473
319
-3663
197
-3969
161
-4213
367
-4357
177
-4571
117
-4939
109
-5167
125
-5403
93
-5623
109
-5819
101
-6067
125
-6367
133
-6515
117
-6851
149
-7035
85
-7331
141
-7551
125
-7703
93
-8047
149
-8223
149
-8483
109
-8743
133
-8963
101
-9135
85
-9467
101
-9723
101
-9923
117
-10131
133
-10451
109
-10675
101
-10843
117
-11195
93
-11387
109
-11659
101
-11835
109
-12059
141
-12323
125
-12531
109
-12763
93
-13067
117
-13323
101
-13483
109
-13731
141
-14067
141
-14203
133
-14451
85
-14707
101
-14947
133
-15267
117
-15435
149
-15723
141
-15883
125
-16203
141
-16467
85
-16619
133
-16947
109
-17195
125
-17307
85
-17675
133
-17907
125
-18027
117
-18331
149
-18611
85
-18875
-95
380
-140
-46
-137
-321
-111
-543
-45
-815
-80
-1046
-110
-1257
-151
-1551
-131
-1708
-78
-2002
-25
-2301
-55
-2427
5
-2737
-67
-2877
-115
-3233
-21
-3501
-69
-3713
-127
-3901
-123
-4151
-109
-4307
-119
-4633
-131
-4951
-107
-5095
-135
-5407
-23
-5579
-31
-5811
-59
-6071
-99
-6355
-55
-6631
-143
-6747
-147
-7079
-71
-7327
-99
-7527
-59
-7703
-103
-7919
-63
-8271
-15
-8531
-59
-8735
-123
-9007
-119
-9207
-143
-9507
-75
-9667
-83
-9915
-27
-10187
-83
-10363
-131
-10691
-123
-10955
-83
-11179
-139
-11435
-131
-11635
-139
-11803
-147
-12035
-155
-12291
-91
-12635
-27
-12747
-83
-13067
-139
-13331
-43
-13531
-83
-13803
-139
-14059
-147
-14235
-91
-14539
-91
-14763
-147
-14955
-51
-15163
-35
-15483
-155
-15627
-139
-15979
-147
-16147
-147
-16387
-107
-16603
-139
-16915
-43
-17123
-27
-17403
-147
-17643
-59
-17819
-155
-18067
-155
-18355
-139
-18523
-51
-18827
-339
669
-354
-31
-321
-356
-317
-572
-282
-725
-280
-1061
-345
-1245
-361
-1571
-355
-1737
-373
-2042
-275
-2215
-281
-2495
-251
-2707
-323
-2955
-233
-3243
-283
-3407
-377
-3647
-367
-3883
-371
-4179
-283
-4355
-323
-4665
-375
-4895
-347
-5083
-335
-5327
-331
-5595
-307
-5863
-375
-6043
-351
-6363
-343
-6547
-271
-6767
-271
-6979
-371
-7335
-379
-7527
-339
-7803
-307
-7963
-267
-8227
-291
-8419
-351
-8783
-343
-8923
-331
-9207
-339
-9515
-347
-9739
-395
-9939
-299
-10179
-331
-10475
-355
-10643
-387
-10875
-387
-11163
-291
-11435
-387
-11563
-371
-11891
-283
-12123
-307
-12291
-355
-12579
-283
-12763
-371
-12995
-315
-13299
-347
-13515
-347
-13827
-379
-13971
-291
-14259
-387
-14459
-355
-14707
-307
-14939
-355
-15147
-347
-15475
-355
-15699
-355
-15947
-355
-16219
-355
-16363
-275
-16627
-371
-16827
-315
-17139
-379
-17387
-331
-17579
-371
-17827
-331
-18043
-347
-18283
-323
-18619
-387
-18819
-519
963
-495
-106
-533
-251
-551
-585
-562
-755
-576
-990
-550
-1273
-629
-1563
-579
-1743
-618
-1972
-497
-2232
-517
-2433
-543
-2779
-569
-2921
-579
-3201
-515
-3409
-533
-3679
-591
-3951
-545
-4155
-589
-4363
-535
-4565
-583
-4903
-511
-5143
-571
-5315
-563
-5659
-571
-5791
-611
-6131
-567
-6327
-603
-6615
-543
-6815
-583
-7067
-507
-7243
-591
-7527
-575
-7739
-495
-7979
-527
-8255
-599
-8483
-615
-8691
-587
-8995
-511
-9163
-531
-9387
-603
-9627
-595
-9875
-555
-10195
-507
-10379
-579
-10595
-611
-10947
-611
-11115
-515
-11371
-515
-11659
-515
-11867
-547
-12147
-523
-12291
-515
-12603
-627
-12819
-531
-13115
-563
-13323
-571
-13571
-611
-13803
-611
-13947
-603
-14211
-619
-14507
-555
-14675
-603
-14971
-515
-15171
-587
-15443
-627
-15723
-547
-15995
-619
-16147
-611
-16379
-635
-16603
-507
-16835
-595
-17123
-523
-17419
-531
-17651
-627
-17907
-547
-18147
-571
-18267
-563
-18619
-595
-18867
-847
1943
-730
-123
-737
-340
-783
-503
-855
-786
-799
-1008
-866
-1237
-825
-1511
-863
-1791
-861
-1937
-803
-2210
-773
-2493
-807
-2761
-803
-2961
-737
-3257
-795
-3421
-859
-3635
-781
-3923
-857
-4163
-801
-4349
-859
-4607
-843
-4835
-831
-5075
-839
-5355
-783
-5663
-835
-5823
-827
-6139
-823
-6295
-743
-6555
-775
-6791
-791
-7091
-815
-7327
-787
-7579
-815
-7715
-803
-8027
-831
-8195
-831
-8503
-763
-8647
-811
-9027
-823
-9247
-787
-9515
-843
-9675
-867
-9915
-843
-10171
-835
-10459
-867
-10659
-827
-10843
-875
-11139
-819
-11331
-747
-11555
-787
-11795
-859
-12075
-859
-12355
-803
-12579
-843
-12859
-803
-13043
-771
-13235
-867
-13579
-763
-13827
-811
-13979
-787
-14203
-755
-14539
-827
-14715
-851
-14995
-763
-15163
-867
-15435
-835
-15755
-755
-15891
-867
-16115
-867
-16443
-851
-16619
-795
-16851
-835
-17195
-875
-17363
-755
-17619
-843
-17835
-763
-18027
-851
-18395
-827
-18531
-779
-18835
-1115
754
-1078
-38
-1073
-242
-1074
-495
-1061
-739
-1039
-1002
-979
-1326
-1078
-1554
-978
-1733
-1045
-1945
-975
-2213
-1069
-2467
-1027
-2669
-1081
-3007
-983
-3163
-1085
-3445
-1083
-3701
-1037
-3937
-1045
-4197
-1083
-4351
-1049
-4605
-1039
-4891
-1047
-5103
-1115
-5343
-1003
-5575
-1051
-5827
-1067
-6067
-1015
-6363
-1095
-6491
-1083
-6759
-1055
-7083
-1055
-7307
-1071
-7467
-1107
-7767
-1107
-7967
-1099
-8203
-1015
-8519
-1115
-8687
-1075
-8967
-1023
-9163
-1023
-9439
-1067
-9683
-995
-9907
-1075
-10131
-1051
-10459
-1075
-10699
-1043
-10843
-1083
-11091
-995
-11363
-1099
-11659
-1011
-11843
-1075
-12115
-1043
-12363
-1035
-12539
-1059
-12835
-1027
-13075
-1027
-13243
-1107
-13467
-1075
-13707
-1027
-13955
-1075
-14211
-1059
-14491
-987
-14715
-1067
-14907
-1115
-15219
-1051
-15491
-1115
-15723
-1059
-15923
-1011
-16107
-1099
-16475
-1115
-16611
-1107
-16907
-995
-17115
-1115
-17379
-1075
-17651
-1003
-17851
-1083
-18107
-1067
-18395
-1035
-18579
-1035
-18875
-1227
1135
-1325
-105
-1341
-303
-1287
-588
-1217
-794
-1223
-1047
-1240
-1191
-1317
-1566
-1335
-1782
-1257
-1915
-1321
-2306
-1343
-2483
-1303
-2769
-1291
-2891
-1271
-3209
-1301
-3463
-1209
-3599
-1263
-3955
-1213
-4143
-1283
-4371
-1271
-4645
-1351
-4931
-1235
-5083
-1295
-5359
-1287
-5551
-1243
-5835
-1343
-6139
-1303
-6323
-1263
-6595
-1275
-6759
-1255
-6979
-1339
-7331
-1219
-7491
-1223
-7803
-1299
-8039
-1307
-8279
-1327
-8403
-1255
-8747
-1271
-9003
-1243
-9187
-1287
-9499
-1283
-9635
-1323
-9875
-1243
-10147
-1331
-10427
-1323
-10595
-1251
-10827
-1259
-11171
-1339
-11347
-1227
-11651
-1315
-11859
-1283
-12091
-1347
-12283
-1347
-12547
-1331
-12795
-1299
-13051
-1259
-13355
-1331
-13547
-1283
-13835
-1331
-13987
-1243
-14259
-1315
-14451
-1267
-14675
-1323
-14971
-1291
-15179
-1299
-15451
-1331
-15691
-1331
-15947
-1339
-16235
-1307
-16467
-1275
-16603
-1347
-16883
-1307
-17107
-1275
-17315
-1323
-17603
-1331
-17875
-1347
-18035
-1307
-18323
-1323
-18523
-1243
-18867
-1555
1403
-1471
-87
-1523
-249
-1533
-561
-1531
-729
-1571
-1063
-1495
-1291
-1567
-1467
-1459
-1797
-1483
-1981
-1455
-2245
-1571
-2471
-1507
-2675
-1547
-2987
-1515
-3175
-1497
-3457
-1479
-3711
-1455
-3875
-1535
-4131
-1471
-4337
-1427
-4689
-1559
-4807
-1547
-5139
-1511
-5311
-1575
-5551
-1547
-5835
-1563
-6087
-1491
-6259
-1571
-6595
-1571
-6779
-1575
-6987
-1539
-7323
-1535
-7467
-1551
-7695
-1487
-7995
-1503
-8283
-1551
-8411
-1539
-8755
-1527
-8995
-1583
-9179
-1583
-9383
-1523
-9699
-1507
-9947
-1595
-10195
-1499
-10443
-1515
-10635
-1475
-10947
-1571
-11083
-1523
-11395
-1531
-11619
-1563
-11819
-1571
-12115
-1507
-12379
-1531
-12523
-1587
-12795
-1555
-13091
-1571
-13259
-1547
-13579
-1555
-13819
-1579
-14075
-1563
-14243
-1579
-14443
-1571
-14691
-1539
-14995
-1531
-15163
-1595
-15411
-1595
-15683
-1515
-15995
-1579
-16195
-1475
-16347
-1555
-16659
-1595
-16931
-1571
-17083
-1555
-17339
-1587
-17579
-1475
-17899
-1563
-18043
-1515
-18395
-1491
-18587
-1563
-18827
-1795
485
-1823
-81
-1783
-353
-1779
-547
-1799
-803
-1709
-959
-1741
-1339
-1825
-1467
-1747
-1697
-1813
-2007
-1807
-2189
-1781
-2507
-1767
-2677
-1785
-2907
-1691
-3131
-1727
-3395
-1787
-3647
-1723
-3867
-1815
-4155
-1763
-4387
-1795
-4671
-1827
-4947
-1799
-5063
-1767
-5363
-1803
-5539
-1811
-5899
-1731
-6119
-1711
-6287
-1751
-6559
-1759
-6835
-1739
-7079
-1811
-7287
-1743
-7551
-1739
-7695
-1703
-7955
-1691
-8215
-1815
-8483
-1799
-8667
-1827
-8903
-1787
-9243
-1707
-9395
-1707
-9643
-1763
-9899
-1723
-10123
-1787
-10451
-1827
-10667
-1827
-10931
-1835
-11083
-1819
-11347
-1795
-11619
-1715
-11915
-1835
-12155
-1819
-12315
-1795
-12571
-1755
-12747
-1803
-12995
-1795
-13315
-1787
-13555
-1747
-13795
-1835
-13963
-1827
-14203
-1827
-14451
-1811
-14667
-1811
-14915
-1747
-15155
-1763
-15475
-1731
-15651
-1747
-15875
-1819
-16227
-1795
-16467
-1779
-16643
-1827
-16939
-1819
-17067
-1795
-17323
-1723
-17667
-1827
-17867
-1835
-18075
-1771
-18347
-1835
-18547
-1819
-18843
-2075
1767
-1991
-143
-1965
-241
-1989
-597
-2033
-791
-2005
-1015
-2035
-1319
-1981
-1515
-2027
-1773
-2017
-2015
-1931
-2251
-2029
-2431
-2011
-2681
-1995
-2875
-1981
-3243
-2015
-3499
-2023
-3655
-1967
-3905
-2037
-4181
-1921
-4351
-2011
-4617
-2063
-4919
-2067
-5155
-1987
-5419
-2043
-5547
-2015
-5783
-1995
-6043
-2007
-6339
-1955
-6575
-2019
-6831
-2059
-7055
-2035
-7251
-2019
-7467
-2059
-7779
-2003
-7959
-1939
-8283
-1943
-8411
-1951
-8663
-1991
-9027
-2047
-9219
-2051
-9499
-1995
-9627
-1963
-9883
-1987
-10235
-2003
-10451
-2067
-10707
-2043
-10827
-2059
-11131
-1947
-11435
-2059
-11667
-1971
-11827
-2003
-12115
-2003
-12307
-2051
-12523
-1955
-12787
-2019
-13091
-2075
-13235
-2027
-13595
-2067
-13787
-2051
-14003
-2075
-14299
-2027
-14499
-2019
-14683
-2059
-15027
-2051
-15219
-2051
-15395
-2043
-15651
-1947
-15971
-2027
-16179
-2027
-16427
-2075
-16619
-2067
-16843
-2059
-17131
-1947
-17387
-1987
-17587
-2019
-17835
-2051
-18115
-2067
-18315
-2051
-18523
-2035
-18851
-2275
245
-2271
-11
-2207
-277
-2295
-577
-2253
-827
-2267
-1099
-2171
-1299
-2261
-1589
-2195
-1721
-2219
-1987
-2181
-2187
-2165
-2531
-2187
-2745
-2285
-2923
-2251
-3143
-2279
-3473
-2199
-3659
-2263
-3929
-2289
-4229
-2293
-4437
-2243
-4677
-2307
-4891
-2247
-5135
-2251
-5323
-2207
-5551
-2287
-5803
-2215
-6079
-2287
-6395
-2271
-6487
-2179
-6755
-2183
-7095
-2243
-7279
-2235
-7503
-2299
-7783
-2191
-8011
-2235
-8231
-2275
-8539
-2235
-8691
-2179
-8971
-2291
-9167
-2259
-9355
-2251
-9699
-2227
-9883
-2315
-10163
-2219
-10467
-2219
-10627
-2315
-10891
-2299
-11163
-2291
-11427
-2315
-11627
-2299
-11859
-2219
-12155
-2299
-12267
-2259
-12547
-2235
-12779
-2291
-12987
-2243
-13283
-2307
-13483
-2227
-13803
-2259
-13987
-2259
-14291
-2299
-14491
-2203
-14707
-2275
-14995
-2203
-15187
-2219
-15395
-2235
-15699
-2315
-15875
-2275
-16115
-2235
-16379
-2219
-16643
-2203
-16891
-2227
-17179
-2219
-17395
-2315
-17643
-2299
-17915
-2315
-18123
-2315
-18307
-2299
-18579
-2219
-18875
-2459
889
-2543
-51
-2525
-279
-2409
-607
-2515
-843
-2533
-1083
-2523
-1265
-2497
-1589
-2535
-1731
-2525
-2035
-2395
-2161
-2513
-2503
-2419
-2663
-2527
-2937
-2495
-3223
-2465
-3453
-2553
-3701
-2397
-3923
-2523
-4081
-2501
-4321
-2463
-4643
-2547
-4951
-2471
-5067
-2479
-5383
-2471
-5631
-2443
-5807
-2415
-6115
-2543
-6327
-2447
-6623
-2443
-6735
-2507
-7003
-2531
-7307
-2491
-7591
-2419
-7815
-2455
-8011
-2487
-8283
-2447
-8455
-2423
-8759
-2439
-8895
-2519
-9167
-2523
-9383
-2539
-9739
-2547
-9971
-2483
-10155
-2507
-10347
-2507
-10707
-2443
-10939
-2507
-11147
-2555
-11363
-2523
-11603
-2547
-11867
-2547
-12155
-2539
-12347
-2539
-12563
-2539
-12859
-2499
-13035
-2523
-13339
-2555
-13547
-2539
-13787
-2483
-14011
-2515
-14299
-2539
-14483
-2523
-14667
-2451
-14939
-2467
-15267
-2523
-15499
-2507
-15651
-2459
-15963
-2483
-16179
-2507
-16435
-2443
-16587
-2507
-16939
-2443
-17139
-2531
-17419
-2531
-17667
-2555
-17811
-2523
-18067
-2499
-18267
-2467
-18523
-2539
-18859
-2683
477
-2747
-147
-2687
-325
-2783
-531
-2731
-843
-2683
-1019
-2771
-1331
-2739
-1523
-2759
-1807
-2743
-2047
-2755
-2247
-2751
-2503
-2783
-2663
-2759
-2919
-2699
-3267
-2763
-3375
-2775
-3679
-2787
-3867
-2747
-4179
-2647
-4345
-2751
-4595
-2647
-4875
-2779
-5103
-2683
-5367
-2755
-5523
-2735
-5779
-2751
-6099
-2763
-6311
-2735
-6519
-2659
-6835
-2771
-7011
-2711
-7307
-2691
-7527
-2775
-7799
-2687
-8027
-2723
-8295
-2651
-8547
-2703
-8783
-2751
-8975
-2795
-9143
-2663
-9507
-2747
-9627
-2731
-9891
-2771
-10227
-2723
-10443
-2747
-10667
-2739
-10843
-2691
-11147
-2763
-11323
-2699
-11651
-2731
-11867
-2739
-12075
-2739
-12331
-2771
-12507
-2731
-12835
-2787
-13003
-2723
-13291
-2771
-13467
-2779
-13835
-2779
-14051
-2731
-14291
-2683
-14451
-2715
-14715
-2675
-15027
-2755
-15171
-2683
-15499
-2771
-15723
-2723
-15923
-2739
-16195
-2747
-16467
-2747
-16659
-2747
-16947
-2787
-17171
-2707
-17315
-2715
-17571
-2779
-17891
-2675
-18139
-2691
-18315
-2779
-18635
-2779
-18875
-3027
109
-3003
-11
-2967
-307
-3011
-603
-2907
-799
-2999
-1027
-3011
-1291
-3031
-1523
-2967
-1747
-3007
-1991
-2919
-2307
-2983
-2503
-3003
-2711
-2971
-3031
-2987
-3127
-2963
-3471
-3015
-3659
-2899
-3899
-3003
-4095
-2983
-4427
-2911
-4635
-2983
-4803
-3031
-5163
-3023
-5315
-2951
-5639
-2987
-5791
-2979
-6139
-2935
-6331
-3011
-6535
-2995
-6759
-3019
-6959
-2967
-7231
-2947
-7455
-3003
-7815
-2883
-8043
-2959
-8315
-2947
-8415
-2995
-8735
-2999
-8903
-2939
-9259
-2887
-9483
-3027
-9675
-3003
-9995
-2979
-10115
-3003
-10411
-3011
-10603
-2947
-10883
-3003
-11163
-2923
-11371
-2995
-11595
-3019
-11891
-2955
-12123
-2995
-12267
-3003
-12523
-2923
-12851
-2979
-13091
-2947
-13299
-2907
-13595
-2963
-13747
-3011
-14075
-2987
-14267
-2971
-14483
-3027
-14691
-3027
-14995
-3011
-15155
-2971
-15483
-2995
-15715
-2995
-15931
-2979
-16163
-3027
-16347
-2979
-16683
-3027
-16883
-3019
-17115
-2979
-17427
-2907
-17547
-3019
-17907
-3011
-18091
-2931
-18355
-3035
-18507
-3003
-18851
-3251
141
-3171
-11
-3243
-343
-3167
-559
-3171
-759
-3171
-1015
-3175
-1235
-3179
-1491
-3231
-1795
-3255
-1995
-3251
-2295
-3251
-2495
-3255
-2699
-3163
-2939
-3219
-3203
-3155
-3431
-3227
-3715
-3175
-3963
-3207
-4083
-3235
-4443
-3191
-4623
-3231
-4811
-3175
-5187
-3231
-5423
-3143
-5611
-3155
-5851
-3251
-6015
-3267
-6291
-3223
-6579
-3219
-6771
-3247
-7095
-3263
-7247
-3259
-7443
-3219
-7807
-3215
-7955
-3187
-8307
-3163
-8447
-3147
-8707
-3227
-8899
-3239
-9215
-3255
-9387
-3243
-9643
-3251
-9891
-3251
-10155
-3259
-10475
-3259
-10619
-3267
-10883
-3171
-11123
-3171
-11371
-3195
-11635
-3147
-11883
-3179
-12123
-3203
-12283
-3227
-12627
-3259
-12811
-3155
-13083
-3235
-13307
-3251
-13555
-3163
-13739
-3235
-14035
-3267
-14235
-3171
-14435
-3227
-14675
-3275
-15011
-3267
-15187
-3251
-15483
-3275
-15731
-3203
-15955
-3275
-16227
-3211
-16395
-3235
-16691
-3267
-16851
-3179
-17139
-3227
-17339
-3275
-17571
-3203
-17875
-3235
-18107
-3219
-18275
-3171
-18515
-3243
-18859
-3415
149
-3407
-43
-3423
-371
-3487
-515
-3475
-791
-3475
-1103
-3395
-1323
-3443
-1547
-3447
-1811
-3395
-1975
-3459
-2183
-3475
-2427
-3451
-2659
-3435
-2991
-3483
-3207
-3467
-3435
-3503
-3687
-3499
-3951
-3463
-4091
-3499
-4423
-3423
-4643
-3427
-4899
-3427
-5155
-3507
-5431
-3419
-5563
-3463
-5815
-3471
-6135
-3503
-6363
-3403
-6603
-3503
-6771
-3423
-7011
-3475
-7199
-3491
-7507
-3483
-7803
-3483
-8003
-3491
-8299
-3415
-8511
-3455
-8727
-3487
-8963
-3487
-9203
-3427
-9399
-3507
-9755
-3515
-9923
-3507
-10115
-3515
-10403
-3491
-10659
-3403
-10835
-3483
-11067
-3459
-11323
-3419
-11595
-3475
-11859
-3499
-12131
-3435
-12323
-3451
-12523
-3387
-12755
-3483
-12995
-3483
-13347
-3499
-13515
-3515
-13715
-3515
-14075
-3459
-14267
-3427
-14459
-3419
-14675
-3515
-14923
-3483
-15203
-3395
-15427
-3507
-15667
-3507
-15939
-3443
-16211
-3475
-16403
-3507
-16635
-3419
-16939
-3427
-17155
-3507
-17435
-3427
-17579
-3459
-17795
-3475
-18067
-3419
-18267
-3499
-18547
-3507
-18875
-3667
133
-3667
-123
-3707
-299
-3727
-567
-3635
-759
-3655
-1083
-3711
-1251
-3743
-1571
-3699
-1775
-3651
-1959
-3691
-2235
-3635
-2427
-3731
-2711
-3699
-2911
-3607
-3271
-3647
-3515
-3739
-3603
-3711
-3979
-3683
-4139
-3623
-4391
-3715
-4671
-3715
-4851
-3723
-5063
-3695
-5403
-3695
-5583
-3691
-5855
-3703
-6079
-3699
-6351
-3707
-6583
-3743
-6767
-3663
-7107
-3679
-7339
-3627
-7467
-3703
-7795
-3715
-8031
-3623
-8183
-3679
-8435
-3651
-8755
-3699
-8883
-3731
-9191
-3647
-9371
-3707
-9747
-3755
-9971
-3659
-10195
-3675
-10459
-3699
-10715
-3707
-10915
-3683
-11147
-3731
-11323
-3643
-11579
-3739
-11811
-3691
-12043
-3651
-12267
-3659
-12531
-3739
-12755
-3715
-13003
-3667
-13243
-3755
-13499
-3651
-13763
-3723
-14067
-3683
-14267
-3739
-14523
-3723
-14667
-3667
-14971
-3691
-15219
-3731
-15451
-3683
-15627
-3667
-15891
-3675
-16123
-3731
-16443
-3675
-16651
-3627
-16947
-3683
-17123
-3747
-17339
-3747
-17579
-3675
-17891
-3651
-18123
-3675
-18395
-3675
-18579
-3715
-18867
-3963
149
-3971
-15
-3863
-283
-3887
-519
-3935
-747
-3963
-1027
-3959
-1327
-3943
-1587
-3955
-1807
-3875
-2063
-3923
-2263
-3955
-2503
-3895
-2719
-3931
-2951
-3987
-3271
-3971
-3455
-3899
-3687
-3987
-3931
-3963
-4143
-3931
-4359
-3899
-4675
-3987
-4819
-3943
-5139
-3959
-5359
-3947
-5551
-3923
-5903
-3903
-6019
-3939
-6275
-3915
-6571
-3955
-6739
-3975
-7023
-3899
-7227
-3927
-7519
-3851
-7835
-3907
-7991
-3927
-8239
-3911
-8523
-3839
-8667
-3955
-8911
-3871
-9227
-3959
-9435
-3979
-9747
-3987
-9995
-3883
-10147
-3995
-10347
-3907
-10691
-3947
-10875
-3947
-11099
-3971
-11419
-3987
-11675
-3971
-11843
-3947
-12107
-3907
-12307
-3971
-12619
-3915
-12771
-3971
-12995
-3971
-13355
-3979
-13491
-3979
-13827
-3899
-14075
-3883
-14291
-3939
-14523
-3947
-14763
-3995
-14971
-3915
-15179
-3891
-15395
-3907
-15739
-3995
-15995
-3883
-16187
-3867
-16467
-3931
-16675
-3955
-16835
-3963
-17163
-3979
-17435
-3939
-17619
-3883
-17875
-3915
-18139
-3931
-18275
-3867
-18563
-3899
-18843
-4195
141
-4203
-123
-4163
-311
-4175
-535
-4183
-767
-4175
-979
-4123
-1247
-4211
-1471
-4211
-1807
-4135
-1987
-4083
-2227
-4211
-2491
-4111
-2695
-4167
-3015
-4143
-3175
-4147
-3387
-4155
-3635
-4187
-3975
-4175
-4111
-4171
-4447
-4159
-4683
-4179
-4891
-4203
-5171
-4235
-5359
-4131
-5615
-4175
-5887
-4155
-6027
-4191
-6331
-4179
-6511
-4123
-6803
-4171
-7003
-4155
-7283
-4199
-7467
-4091
-7767
-4091
-7975
-4199
-8287
-4219
-8407
-4127
-8703
-4203
-8935
-4183
-9171
-4135
-9471
-4219
-9715
-4211
-9995
-4187
-10115
-4227
-10355
-4115
-10635
-4219
-10931
-4179
-11075
-4131
-11307
-4219
-11547
-4211
-11891
-4203
-12155
-4163
-12299
-4179
-12611
-4171
-12811
-4219
-13083
-4227
-13347
-4179
-13491
-4155
-13747
-4123
-13947
-4227
-14203
-4235
-14459
-4171
-14691
-4203
-14939
-4219
-15147
-4203
-15435
-4211
-15651
-4171
-15931
-4203
-16195
-4155
-16475
-4211
-16683
-4123
-16947
-4115
-17131
-4171
-17323
-4219
-17635
-4179
-17819
-4107
-18067
-4123
-18283
-4115
-18507
-4227
-18875
-4423
93
-4439
-111
-4447
-279
-4435
-627
-4379
-731
-4459
-995
-4407
-1255
-4451
-1503
-4383
-1819
-4439
-2047
-4431
-2247
-4463
-2475
-4375
-2735
-4451
-3003
-4423
-3199
-4355
-3419
-4455
-3695
-4367
-3919
-4387
-4175
-4359
-4447
-4451
-4699
-4363
-4903
-4419
-5107
-4459
-5283
-4459
-5535
-4443
-5891
-4475
-6051
-4403
-6383
-4427
-6635
-4363
-6851
-4387
-7071
-4355
-7251
-4339
-7563
-4463
-7731
-4351
-7983
-4403
-8251
-4403
-8507
-4363
-8795
-4411
-8911
-4395
-9239
-4463
-9483
-4475
-9667
-4451
-9923
-4363
-10123
-4395
-10451
-4379
-10643
-4411
-10947
-4427
-11187
-4347
-11371
-4475
-11627
-4443
-11843
-4459
-12099
-4371
-12347
-4435
-12507
-4459
-12859
-4451
-13115
-4427
-13283
-4467
-13507
-4443
-13707
-4395
-13963
-4355
-14187
-4467
-14443
-4355
-14723
-4419
-14923
-4395
-15275
-4467
-15475
-4419
-15683
-4451
-15963
-4459
-16139
-4395
-16347
-4403
-16651
-4451
-16867
-4475
-17131
-4467
-17419
-4347
-17555
-4363
-17795
-4395
-18083
-4387
-18283
-4467
-18547
-4371
-18859
-4715
101
-4619
-47
-4575
-319
-4631
-607
-4663
-787
-4671
-1023
-4655
-1315
-4659
-1559
-4647
-1711
-4583
-1943
-4643
-2243
-4643
-2411
-4675
-2679
-4583
-2899
-4715
-3163
-4675
-3415
-4647
-3739
-4683
-3951
-4667
-4131
-4679
-4411
-4635
-4671
-4647
-4863
-4647
-5123
-4651
-5391
-4687
-5607
-4591
-5851
-4691
-6031
-4563
-6327
-4635
-6539
-4699
-6771
-4695
-7007
-4631
-7235
-4587
-7555
-4675
-7807
-4611
-7975
-4643
-8295
-4647
-8423
-4691
-8759
-4571
-8979
-4667
-9251
-4643
-9439
-4699
-9723
-4699
-9971
-4715
-10179
-4707
-10403
-4651
-10675
-4643
-10915
-4715
-11171
-4643
-11411
-4619
-11667
-4627
-11907
-4691
-12115
-4603
-12267
-4707
-12603
-4651
-12827
-4603
-13051
-4659
-13315
-4627
-13595
-4603
-13707
-4691
-14027
-4675
-14227
-4699
-14451
-4699
-14707
-4627
-15019
-4659
-15259
-4707
-15499
-4643
-15635
-4707
-15883
-4707
-16219
-4611
-16395
-4715
-16715
-4715
-16835
-4659
-17171
-4595
-17363
-4587
-17651
-4611
-17859
-4587
-18067
-4667
-18355
-4699
-18547
-4619
-18843
-4851
141
-4879
-43
-4939
-295
-4931
-555
-4915
-743
-4903
-1011
-4887
-1275
-4895
-1475
-4935
-1727
-4879
-2051
-4835
-2263
-4899
-2495
-4939
-2719
-4835
-3003
-4875
-3179
-4887
-3375
-4943
-3743
-4807
-3875
-4887
-4219
-4951
-4447
-4947
-4571
-4847
-4891
-4935
-5051
-4943
-5311
-4867
-5655
-4855
-5835
-4819
-6007
-4903
-6315
-4867
-6611
-4943
-6827
-4855
-7091
-4851
-7299
-4875
-7527
-4867
-7731
-4879
-8043
-4883
-8215
-4891
-8403
-4859
-8699
-4875
-9011
-4915
-9139
-4867
-9379
-4939
-9675
-4947
-9875
-4843
-10203
-4923
-10467
-4899
-10595
-4955
-10843
-4899
-11083
-4859
-11315
-4947
-11555
-4899
-11827
-4899
-12027
-4867
-12387
-4931
-12539
-4939
-12827
-4891
-13091
-4899
-13315
-4851
-13531
-4931
-13707
-4939
-14043
-4827
-14299
-4835
-14547
-4915
-14707
-4939
-14971
-4947
-15219
-4851
-15459
-4907
-15627
-4851
-15947
-4859
-16107
-4923
-16467
-4859
-16587
-4915
-16835
-4859
-17075
-4883
-17411
-4883
-17587
-4923
-17867
-4939
-18123
-4883
-18307
-4867
-18619
-4883
-18859
-5043
149
-5183
-15
-5123
-315
-5151
-599
-5051
-815
-5083
-1095
-5091
-1227
-5075
-1583
-5083
-1707
-5075
-2059
-5123
-2275
-5143
-2547
-5159
-2791
-5051
-3015
-5119
-3131
-5155
-3407
-5043
-3727
-5103
-3855
-5119
-4111
-5155
-4383
-5111
-4703
-5159
-4863
-5171
-5111
-5155
-5411
-5171
-5607
-5095
-5859
-5179
-6031
-5075
-6303
-5095
-6535
-5071
-6831
-5119
-7083
-5075
-7323
-5071
-7595
-5151
-7803
-5143
-7939
-5183
-8271
-5135
-8419
-5087
-8671
-5111
-8951
-5131
-9159
-5155
-9515
-5123
-9643
-5139
-9883
-5139
-10115
-5163
-10435
-5067
-10587
-5163
-10939
-5107
-11147
-5075
-11379
-5147
-11643
-5107
-11851
-5115
-12123
-5195
-12275
-5091
-12539
-5179
-12811
-5187
-12995
-5099
-13267
-5163
-13587
-5179
-13739
-5155
-14043
-5155
-14283
-5163
-14499
-5163
-14755
-5155
-14947
-5107
-15155
-5123
-15427
-5099
-15731
-5091
-15915
-5131
-16211
-5187
-16411
-5099
-16667
-5155
-16843
-5099
-17099
-5195
-17427
-5187
-17571
-5131
-17891
-5099
-18131
-5131
-18299
-5179
-18579
-5123
-18835
-5395
125
-5323
-7
-5395
-291
-5435
-611
-5435
-803
-5403
-1059
-5363
-1227
-5347
-1539
-5411
-1723
-5435
-2075
-5419
-2251
-5411
-2483
-5323
-2707
-5403
-2971
-5427
-3251
-5339
-3479
-5347
-3747
-5315
-3863
-5411
-4131
-5323
-4335
-5427
-4707
-5331
-4907
-5339
-5099
-5395
-5307
-5331
-5607
-5403
-5875
-5331
-6039
-5435
-6379
-5363
-6559
-5331
-6815
-5331
-7107
-5435
-7315
-5379
-7471
-5387
-7747
-5371
-7967
-5403
-8235
-5411
-8547
-5427
-8787
-5315
-8927
-5435
-9267
-5435
-9451
-5371
-9739
-5427
-9939
-5403
-10131
-5379
-10347
-5331
-10603
-5355
-10955
-5339
-11187
-5403
-11387
-5419
-11635
-5411
-11859
-5355
-12131
-5403
-12387
-5419
-12611
-5339
-12803
-5355
-13067
-5403
-13331
-5435
-13483
-5427
-13723
-5355
-13947
-5427
-14227
-5371
-14515
-5379
-14715
-5355
-14979
-5419
-15187
-5307
-15483
-5355
-15747
-5307
-15971
-5427
-16203
-5363
-16451
-5435
-16715
-5419
-16899
-5363
-17123
-5347
-17419
-5395
-17595
-5323
-17891
-5419
-18035
-5363
-18315
-5427
-18595
-5355
-18843
-5659
117
-5587
-123
-5555
-347
-5635
-619
-5651
-851
-5643
-1083
-5595
-1315
-5667
-1475
-5587
-1795
-5667
-1955
-5635
-2203
-5563
-2451
-5667
-2715
-5611
-3035
-5547
-3235
-5675
-3507
-5627
-3747
-5619
-3963
-5627
-4219
-5659
-4475
-5587
-4587
-5595
-4827
-5595
-5187
-5667
-5387
-5603
-5579
-5603
-5915
-5619
-6131
-5627
-6275
-5627
-6555
-5555
-6835
-5675
-7107
-5643
-7251
-5555
-7555
-5643
-7747
-5643
-7947
-5635
-8283
-5659
-8427
-5667
-8731
-5619
-9003
-5635
-9203
-5667
-9459
-5643
-9667
-5635
-9971
-5627
-10171
-5603
-10347
-5643
-10619
-5587
-10955
-5595
-11179
-5675
-11307
-5651
-11555
-5603
-11827
-5667
-12027
-5635
-12315
-5547
-12507
-5571
-12771
-5675
-12987
-5667
-13331
-5635
-13595
-5651
-13787
-5563
-14059
-5675
-14291
-5547
-14515
-5603
-14755
-5555
-15011
-5627
-15243
-5603
-15515
-5635
-15691
-5587
-15915
-5635
-16163
-5571
-16355
-5603
-16715
-5555
-16931
-5619
-17195
-5571
-17419
-5667
-17595
-5667
-17915
-5667
-18107
-5667
-18323
-5611
-18579
-5547
-18827
-5827
133
-5867
-43
-5827
-355
-5875
-571
-5907
-803
-5915
-1075
-5811
-1331
-5899
-1563
-5899
-1747
-5915
-1995
-5915
-2299
-5883
-2427
-5899
-2795
-5835
-3027
-5795
-3147
-5835
-3395
-5835
-3635
-5795
-3891
-5875
-4171
-5875
-4355
-5843
-4619
-5843
-4899
-5867
-5099
-5843
-5379
-5907
-5635
-5827
-5867
-5787
-6099
-5883
-6371
-5891
-6515
-5915
-6795
-5867
-7067
-5883
-7299
-5819
-7587
-5859
-7747
-5891
-7987
-5787
-8211
-5899
-8467
-5851
-8795
-5883
-9003
-5891
-9179
-5803
-9387
-5843
-9651
-5795
-9915
-5875
-10147
-5891
-10403
-5867
-10683
-5859
-10851
-5819
-11107
-5915
-11355
-5867
-11651
-5851
-11859
-5795
-12075
-5803
-12331
-5899
-12627
-5899
-12867
-5915
-13099
-5867
-13291
-5843
-13475
-5899
-13835
-5803
-13947
-5875
-14291
-5915
-14451
-5835
-14715
-5907
-14971
-5907
-15187
-5867
-15483
-5891
-15755
-5915
-15995
-5899
-16115
-5899
-16371
-5907
-16595
-5899
-16827
-5819
-17139
-5803
-17307
-5899
-17667
-5867
-17859
-5803
-18091
-5859
-18387
-5819
-18619
-5851
-18811
-6131
133
-6131
-67
-6115
-339
-6099
-619
-6147
-755
-6067
-1107
-6139
-1227
-6099
-1595
-6123
-1771
-6107
-2059
-6147
-2315
-6131
-2427
-6075
-2787
-6115
-2971
-6123
-3179
-6155
-3459
-6059
-3747
-6155
-3867
-6123
-4235
-6035
-4443
-6075
-4691
-6051
-4899
-6059
-5187
-6139
-5307
-6115
-5659
-6051
-5867
-6115
-6051
-6147
-6395
-6147
-6627
-6123
-6763
-6147
-7091
-6059
-7227
-6155
-7563
-6099
-7803
-6115
-8043
-6155
-8195
-6043
-8435
-6075
-8707
-6139
-8987
-6083
-9235
-6059
-9507
-6051
-9651
-6107
-9891
-6123
-10227
-6155
-10435
-6051
-10715
-6043
-10859
-6107
-11083
-6123
-11339
-6059
-11579
-6123
-11899
-6027
-12115
-6131
-12355
-6115
-12619
-6155
-12811
-6115
-12987
-6083
-13323
-6139
-13531
-6123
-13707
-6115
-14051
-6075
-14187
-6083
-14491
-6035
-14795
-6123
-14971
-6067
-15171
-6155
-15443
-6155
-15683
-6107
-15883
-6147
-16131
-6083
-16475
-6083
-16683
-6123
-16939
-6155
-17099
-6083
-17371
-6075
-17651
-6027
-17907
-6059
-18043
-6147
-18299
-6131
-18587
-6051
-18851
-6395
149
-6379
-155
-6291
-331
-6307
-523
-6355
-747
-6323
-1043
-6275
-1251
-6355
-1555
-6267
-1779
-6291
-2027
-6307
-2243
-6307
-2507
-6267
-2779
-6379
-2963
-6371
-3195
-6347
-3475
-6387
-3739
-6355
-3867
-6347
-4203
-6323
-4387
-6339
-4667
-6363
-4955
-6291
-5067
-6395
-5331
-6371
-5563
-6307
-5875
-6307
-6059
-6363
-6315
-6323
-6515
-6291
-6819
-6283
-7003
-6267
-7323
-6355
-7467
-6331
-7731
-6267
-8027
-6339
-8291
-6355
-8539
-6323
-8699
-6355
-8963
-6347
-9243
-6307
-9403
-6315
-9627
-6387
-9971
-6299
-10211
-6363
-10443
-6323
-10683
-6387
-10947
-6307
-11083
-6347
-11307
-6371
-11555
-6379
-11787
-6275
-12035
-6339
-12395
-6363
-12547
-6387
-12803
-6395
-13083
-6315
-13243
-6371
-13563
-6387
-13811
-6323
-13971
-6395
-14227
-6395
-14483
-6395
-14715
-6387
-15003
-6387
-15203
-6355
-15507
-6379
-15667
-6395
-15907
-6267
-16203
-6363
-16363
-6395
-16659
-6387
-16907
-6371
-17155
-6379
-17323
-6267
-17675
-6323
-17835
-6395
-18107
-6307
-18323
-6299
-18555
-6387
-18867
-6539
149
-6611
-139
-6627
-363
-6635
-627
-6515
-795
-6515
-1043
-6579
-1251
-6531
-1595
-6555
-1763
-6611
-2059
-6539
-2259
-6635
-2427
-6523
-2667
-6515
-2931
-6595
-3187
-6595
-3451
-6579
-3755
-6579
-3915
-6611
-4211
-6523
-4451
-6611
-4603
-6627
-4891
-6507
-5099
-6635
-5395
-6595
-5619
-6611
-5915
-6507
-6059
-6619
-6387
-6555
-6539
-6579
-6851
-6587
-7107
-6515
-7259
-6539
-7547
-6603
-7771
-6563
-7995
-6555
-8235
-6619
-8475
-6539
-8723
-6611
-9011
-6587
-9203
-6539
-9515
-6635
-9747
-6531
-9947
-6563
-10171
-6603
-10419
-6619
-10659
-6579
-10859
-6635
-11155
-6611
-11347
-6635
-11659
-6603
-11795
-6627
-12139
-6531
-12323
-6619
-12611
-6587
-12843
-6539
-13051
-6563
-13315
-6579
-13515
-6571
-13755
-6611
-13979
-6515
-14291
-6571
-14491
-6587
-14739
-6563
-14947
-6547
-15179
-6539
-15411
-6595
-15691
-6603
-15987
-6611
-16187
-6611
-16411
-6619
-16683
-6531
-16867
-6627
-17187
-6555
-17363
-6595
-17675
-6611
-17835
-6603
-18059
-6611
-18379
-6579
-18603
-6619
-18843
-6771
149
-6779
-75
-6755
-323
-6787
-571
-6851
-747
-6803
-1011
-6771
-1307
-6803
-1475
-6819
-1811
-6747
-2067
-6875
-2211
-6795
-2491
-6835
-2739
-6771
-2931
-6835
-3179
-6819
-3411
-6867
-3667
-6811
-3923
-6779
-4195
-6763
-4427
-6851
-4595
-6875
-4827
-6835
-5099
-6779
-5411
-6851
-5627
-6803
-5787
-6851
-6123
-6771
-6299
-6771
-6611
-6771
-6811
-6771
-7027
-6875
-7227
-6803
-7467
-6843
-7763
-6827
-8003
-6875
-8195
-6803
-8555
-6795
-8747
-6779
-9011
-6843
-9203
-6835
-9507
-6859
-9707
-6771
-9923
-6875
-10179
-6867
-10459
-6811
-10667
-6867
-10947
-6859
-11179
-6811
-11395
-6867
-11659
-6867
-11795
-6747
-12131
-6819
-12387
-6875
-12555
-6843
-12771
-6875
-13027
-6771
-13235
-6819
-13563
-6779
-13827
-6875
-14067
-6763
-14251
-6763
-14531
-6787
-14683
-6803
-15027
-6763
-15219
-6859
-15411
-6819
-15651
-6795
-15955
-6755
-16203
-6803
-16427
-6851
-16715
-6835
-16859
-6867
-17155
-6859
-17395
-6851
-17603
-6755
-17891
-6875
-18115
-6867
-18355
-6835
-18627
-6819
-18859
-7075
149
-7075
-115
-7115
-323
-7059
-635
-7011
-779
-7003
-1011
-7059
-1299
-7083
-1531
-7067
-1771
-7019
-2043
-7107
-2315
-7115
-2547
-7011
-2787
-7083
-3027
-7115
-3203
-7107
-3411
-7003
-3707
-7003
-3883
-7075
-4203
-7043
-4427
-7091
-4619
-7027
-4939
-7059
-5083
-7099
-5347
-7027
-5675
-7067
-5795
-7067
-6067
-7115
-6347
-7059
-6563
-7059
-6779
-7011
-6995
-7115
-7243
-7091
-7531
-7011
-7715
-7019
-8043
-7035
-8267
-7115
-8531
-7115
-8731
-7019
-8971
-7067
-9163
-7067
-9499
-7051
-9643
-7107
-9955
-7075
-10203
-7059
-10443
-7107
-10627
-7003
-10907
-7107
-11139
-7011
-11307
-7083
-11547
-6995
-11811
-7043
-12043
-7019
-12331
-6987
-12531
-7067
-12763
-7035
-13019
-7075
-13347
-7067
-13515
-7019
-13795
-7099
-13963
-7051
-14283
-7019
-14435
-7091
-14667
-7019
-14907
-7075
-15267
-7083
-15443
-7099
-15651
-7099
-15939
-7011
-16219
-7115
-16427
-7099
-16587
-7019
-16899
-7107
-17091
-7067
-17419
-7075
-17587
-7107
-17915
-7043
-18059
-7099
-18275
-7043
-18547
-7107
-18867
-7259
109
-7331
-51
-7355
-315
-7259
-595
-7355
-843
-7347
-1075
-7315
-1323
-7291
-1515
-7339
-1835
-7251
-1955
-7323
-2275
-7243
-2475
-7307
-2739
-7275
-3027
-7315
-3163
-7339
-3403
-7299
-3731
-7331
-3963
-7331
-4155
-7267
-4475
-7291
-4627
-7339
-4907
-7243
-5179
-7315
-5315
-7251
-5659
-7355
-5827
-7355
-6099
-7259
-6299
-7307
-6563
-7315
-6819
-7275
-7003
-7331
-7275
-7291
-7563
-7355
-7803
-7315
-7995
-7339
-8315
-7275
-8467
-7347
-8715
-7331
-9011
-7331
-9251
-7323
-9387
-7331
-9715
-7291
-9923
-7315
-10187
-7315
-10475
-7259
-10651
-7347
-10907
-7227
-11123
-7267
-11411
-7339
-11667
-7355
-11907
-7339
-12083
-7315
-12283
-7347
-12539
-7323
-12827
-7331
-13067
-7315
-13243
-7307
-13563
-7227
-13755
-7299
-13963
-7299
-14259
-7299
-14523
-7275
-14731
-7331
-14939
-7251
-15243
-7347
-15435
-7283
-15707
-7259
-15923
-7347
-16163
-7347
-16347
-7291
-16691
-7315
-16899
-7299
-17083
-7315
-17371
-7243
-17675
-7299
-17851
-7235
-18027
-7283
-18323
-7251
-18507
-7315
-18819
-7571
141
-7563
-67
-7587
-267
-7587
-515
-7579
-779
-7571
-1067
-7555
-1243
-7595
-1483
-7491
-1803
-7531
-2051
-7515
-2307
-7563
-2467
-7571
-2771
-7587
-3011
-7555
-3147
-7523
-3491
-7595
-3755
-7539
-3987
-7467
-4187
-7579
-4459
-7579
-4595
-7571
-4931
-7555
-5123
-7571
-5371
-7587
-5603
-7571
-5875
-7507
-6083
-7547
-6283
-7555
-6515
-7483
-6819
-7595
-7011
-7547
-7331
-7587
-7563
-7483
-7723
-7587
-7995
-7475
-8187
-7587
-8467
-7491
-8715
-7539
-8907
-7547
-9267
-7523
-9491
-7515
-9715
-7547
-9971
-7579
-10171
-7515
-10419
-7483
-10651
-7595
-10867
-7563
-11171
-7523
-11403
-7539
-11603
-7515
-11859
-7595
-12131
-7595
-12323
-7571
-12563
-7587
-12787
-7587
-13019
-7587
-13339
-7547
-13475
-7523
-13723
-7587
-14003
-7483
-14251
-7595
-14451
-7563
-14771
-7587
-14979
-7587
-15211
-7563
-15491
-7563
-15699
-7555
-15947
-7531
-16235
-7563
-16459
-7483
-16595
-7515
-16867
-7555
-17147
-7507
-17419
-7579
-17555
-7515
-17867
-7595
-18107
-7587
-18283
-7587
-18531
-7539
-18875
-7795
117
-7779
-35
-7715
-323
-7779
-523
-7827
-875
-7731
-1075
-7779
-1251
-7755
-1555
-7795
-1803
-7779
-1955
-7827
-2267
-7819
-2459
-7723
-2723
-7787
-2907
-7795
-3187
-7811
-3411
-7787
-3731
-7787
-3867
-7787
-4235
-7715
-4371
-7811
-4699
-7715
-4907
-7739
-5195
-7771
-5347
-7747
-5659
-7771
-5907
-7803
-6107
-7835
-6387
-7819
-6507
-7715
-6795
-7835
-7083
-7779
-7291
-7771
-7555
-7771
-7795
-7827
-7955
-7715
-8267
-7835
-8547
-7715
-8771
-7819
-9035
-7827
-9163
-7819
-9451
-7755
-9691
-7835
-9867
-7835
-10147
-7763
-10467
-7771
-10587
-7795
-10867
-7827
-11067
-7731
-11427
-7819
-11547
-7819
-11915
-7803
-12059
-7747
-12315
-7731
-12563
-7835
-12755
-7819
-13083
-7811
-13235
-7723
-13571
-7731
-13835
-7827
-13947
-7819
-14235
-7819
-14467
-7779
-14771
-7715
-15019
-7795
-15171
-7779
-15443
-7723
-15755
-7739
-15867
-7835
-16139
-7795
-16371
-7827
-16619
-7723
-16859
-7803
-17187
-7771
-17435
-7795
-17667
-7747
-17915
-7819
-18107
-7723
-18371
-7731
-18635
-7755
-18843
-7995
133
-8035
-59
-8035
-299
-7979
-579
-7995
-779
-7995
-1035
-7955
-1227
-8043
-1587
-8003
-1747
-8051
-2003
-8059
-2299
-8003
-2435
-8019
-2715
-8027
-3019
-8051
-3275
-8051
-3395
-7971
-3707
-8067
-3995
-8059
-4155
-8043
-4459
-8043
-4707
-7947
-4907
-8003
-5195
-7963
-5379
-7979
-5595
-7955
-5835
-8003
-6083
-8059
-6395
-8059
-6555
-8027
-6795
-7987
-7011
-7995
-7235
-8051
-7563
-8011
-7795
-8059
-7995
-8011
-8275
-8043
-8555
-8067
-8667
-8011
-8939
-8059
-9227
-8067
-9491
-7971
-9651
-8051
-9987
-7995
-10235
-7955
-10435
-8059
-10707
-8043
-10947
-8035
-11083
-8067
-11387
-8003
-11555
-7971
-11835
-7955
-12059
-8051
-12267
-7947
-12531
-7947
-12811
-8043
-13059
-8043
-13243
-7979
-13523
-8019
-13707
-7955
-14075
-8075
-14195
-7947
-14539
-8019
-14779
-7995
-14971
-8019
-15243
-8051
-15459
-8051
-15755
-8075
-15875
-8011
-16147
-8011
-16411
-8075
-16659
-7947
-16915
-8059
-17163
-8051
-17395
-8051
-17555
-7971
-17843
-8051
-18059
-7971
-18347
-8059
-18547
-7987
-18835
-8187
101
-8243
-155
-8291
-339
-8259
-627
-8235
-819
-8235
-1115
-8299
-1235
-8267
-1515
-8243
-1739
-8267
-2067
-8315
-2243
-8259
-2539
-8211
-2675
-8227
-2907
-8195
-3195
-8291
-3411
-8291
-3715
-8299
-3931
-8307
-4163
-8243
-4379
-8203
-4627
-8235
-4835
-8299
-5091
-8203
-5355
-8219
-5667
-8259
-5883
-8251
-6035
-8187
-6363
-8275
-6595
-8195
-6763
-8211
-7035
-8235
-7259
-8307
-7523
-8235
-7835
-8227
-7995
-8243
-8315
-8251
-8435
-8315
-8683
-8315
-8955
-8299
-9179
-8259
-9459
-8307
-9627
-8315
-9971
-8259
-10123
-8291
-10379
-8219
-10619
-8307
-10939
-8243
-11131
-8267
-11363
-8251
-11611
-8243
-11827
-8299
-12035
-8267
-12283
-8315
-12635
-8243
-12835
-8283
-13035
-8211
-13251
-8315
-13539
-8315
-13707
-8195
-14051
-8251
-14259
-8203
-14499
-8299
-14667
-8259
-14987
-8219
-15259
-8195
-15459
-8235
-15699
-8291
-15947
-8219
-16179
-8227
-16427
-8307
-16691
-8267
-16875
-8251
-17163
-8291
-17435
-8283
-17619
-8187
-17851
-8227
-18115
-8283
-18291
-8259
-18531
-8315
-18827
-8515
93
-8451
-35
-8523
-315
-8443
-507
-8507
-811
-8483
-1051
-8531
-1355
-8483
-1507
-8467
-1707
-8475
-2027
-8515
-2243
-8451
-2443
-8435
-2755
-8523
-2931
-8427
-3227
-8435
-3443
-8475
-3755
-8467
-3939
-8531
-4123
-8531
-4379
-8547
-4603
-8491
-4939
-8507
-5123
-8499
-5395
-8555
-5555
-8459
-5803
-8459
-6067
-8427
-6339
-8451
-6523
-8555
-6803
-8459
-7067
-8491
-7275
-8499
-7531
-8451
-7707
-8515
-8067
-8483
-8283
-8523
-8459
-8467
-8755
-8483
-8915
-8467
-9155
-8547
-9435
-8547
-9707
-8499
-9955
-8531
-10115
-8531
-10379
-8531
-10619
-8507
-10891
-8507
-11163
-8451
-11363
-8451
-11571
-8483
-11803
-8531
-12131
-8555
-12275
-8435
-12619
-8523
-12771
-8491
-13083
-8539
-13235
-8515
-13523
-8531
-13819
-8467
-13971
-8547
-14235
-8443
-14459
-8427
-14731
-8459
-15011
-8555
-15219
-8547
-15475
-8547
-15651
-8483
-15947
-8555
-16163
-8515
-16411
-8547
-16635
-8443
-16939
-8491
-17179
-8539
-17331
-8483
-17651
-8531
-17891
-8483
-18043
-8547
-18267
-8515
-18531
-8483
-18811
-8731
141
-8707
-67
-8707
-275
-8739
-579
-8715
-763
-8787
-1107
-8739
-1339
-8723
-1587
-8763
-1755
-8675
-1987
-8739
-2315
-8707
-2475
-8739
-2771
-8771
-2963
-8675
-3179
-8779
-3467
-8787
-3659
-8763
-3947
-8739
-4123
-8739
-4379
-8795
-4619
-8707
-4899
-8795
-5091
-8739
-5435
-8739
-5547
-8731
-5907
-8715
-6083
-8731
-6323
-8779
-6547
-8763
-6747
-8723
-7003
-8723
-7283
-8715
-7587
-8747
-7795
-8747
-8035
-8731
-8259
-8763
-8507
-8747
-8723
-8739
-8963
-8723
-9155
-8691
-9419
-8763
-9627
-8755
-9947
-8715
-10227
-8731
-10395
-8787
-10587
-8763
-10875
-8747
-11195
-8731
-11315
-8771
-11635
-8755
-11795
-8731
-12051
-8707
-12291
-8667
-12555
-8787
-12819
-8715
-13019
-8771
-13267
-8771
-13547
-8675
-13755
-8731
-14067
-8787
-14227
-8787
-14499
-8731
-14795
-8731
-14979
-8691
-15155
-8699
-15403
-8771
-15683
-8731
-15947
-8675
-16211
-8715
-16459
-8715
-16587
-8763
-16915
-8707
-17099
-8675
-17339
-8707
-17555
-8787
-17787
-8763
-18107
-8795
-18339
-8691
-18571
-8675
-18859
-8923
101
-9011
-107
-9035
-267
-8979
-563
-8987
-867
-9027
-1115
-8907
-1275
-8971
-1467
-9035
-1795
-9027
-1947
-8931
-2211
-8947
-2459
-8995
-2747
-8931
-3019
-8915
-3171
-8979
-3515
-8963
-3707
-8947
-3867
-8931
-4147
-8987
-4435
-9003
-4619
-9027
-4931
-9027
-5171
-9027
-5371
-8915
-5595
-8939
-5795
-8995
-6155
-8915
-6339
-8979
-6563
-8963
-6835
-9019
-7107
-8971
-7339
-8931
-7531
-9035
-7835
-9019
-7971
-8947
-8307
-9035
-8491
-8963
-8779
-9019
-8939
-9019
-9155
-9011
-9451
-9011
-9723
-9027
-9907
-9011
-10195
-8931
-10355
-9011
-10627
-8963
-10955
-8963
-11115
-8979
-11411
-9027
-11611
-8987
-11811
-8995
-12083
-8995
-12347
-8955
-12627
-9027
-12819
-9035
-13115
-9035
-13347
-8963
-13515
-9011
-13755
-8923
-14003
-8987
-14259
-9019
-14451
-9027
-14747
-8947
-14955
-8939
-15147
-8963
-15467
-8971
-15683
-9003
-15971
-8995
-16203
-9019
-16443
-8955
-16611
-8923
-16875
-9019
-17099
-9035
-17419
-8939
-17555
-8939
-17907
-9003
-18107
-9003
-18331
-8955
-18619
-8915
-18851
-9243
149
-9227
-67
-9275
-331
-9187
-539
-9251
-811
-9259
-1075
-9203
-1243
-9267
-1531
-9235
-1747
-9267
-2051
-9227
-2219
-9243
-2523
-9227
-2787
-9243
-2947
-9179
-3235
-9227
-3419
-9251
-3651
-9251
-3963
-9267
-4131
-9187
-4443
-9275
-4667
-9235
-4955
-9275
-5099
-9195
-5307
-9259
-5595
-9203
-5907
-9243
-6155
-9195
-6371
-9267
-6555
-9179
-6811
-9211
-7027
-9227
-7251
-9211
-7491
-9251
-7803
-9203
-8075
-9267
-8187
-9243
-8451
-9259
-8715
-9227
-8995
-9187
-9227
-9163
-9443
-9259
-9739
-9227
-9931
-9219
-10171
-9235
-10475
-9203
-10667
-9195
-10843
-9235
-11179
-9203
-11395
-9171
-11635
-9251
-11819
-9179
-12115
-9259
-12339
-9219
-12547
-9219
-12819
-9267
-13099
-9227
-13227
-9155
-13467
-9211
-13707
-9227
-13963
-9267
-14243
-9227
-14515
-9243
-14723
-9243
-14979
-9275
-15275
-9235
-15435
-9259
-15635
-9195
-15915
-9251
-16163
-9259
-16411
-9227
-16683
-9243
-16923
-9243
-17139
-9251
-17355
-9243
-17547
-9251
-17795
-9179
-18107
-9219
-18379
-9203
-18595
-9251
-18859
-9459
117
-9483
-91
-9491
-395
-9499
-531
-9427
-867
-9435
-1067
-9427
-1323
-9515
-1515
-9403
-1795
-9507
-1947
-9411
-2259
-9411
-2427
-9387
-2667
-9395
-3003
-9387
-3243
-9507
-3435
-9435
-3691
-9459
-3947
-9499
-4155
-9507
-4355
-9499
-4651
-9387
-4899
-9443
-5147
-9475
-5427
-9491
-5659
-9515
-5907
-9507
-6091
-9443
-6339
-9387
-6627
-9467
-6851
-9467
-7075
-9403
-7235
-9507
-7563
-9491
-7715
-9459
-8067
-9395
-8211
-9499
-8547
-9507
-8699
-9515
-9003
-9499
-9219
-9475
-9427
-9507
-9675
-9515
-9987
-9435
-10147
-9387
-10363
-9491
-10651
-9459
-10923
-9499
-11147
-9467
-11419
-9435
-11643
-9507
-11907
-9483
-12027
-9475
-12371
-9411
-12507
-9491
-12835
-9499
-12995
-9419
-13307
-9435
-13515
-9467
-13795
-9419
-14043
-9499
-14203
-9435
-14435
-9483
-14739
-9475
-14955
-9427
-15187
-9491
-15459
-9507
-15715
-9483
-15963
-9435
-16107
-9507
-16395
-9467
-16643
-9395
-16947
-9499
-17163
-9515
-17331
-9467
-17547
-9419
-17843
-9395
-18043
-9483
-18283
-9515
-18587
-9387
-18811
-9667
141
-9723
-83
-9699
-395
-9739
-547
-9699
-787
-9739
-1051
-9643
-1299
-9691
-1499
-9707
-1715
-9739
-1955
-9651
-2275
-9747
-2443
-9651
-2747
-9731
-2979
-9667
-3251
-9683
-3507
-9675
-3659
-9731
-3979
-9747
-4123
-9691
-4363
-9691
-4675
-9627
-4891
-9643
-5187
-9723
-5411
-9635
-5603
-9675
-5811
-9723
-6091
-9699
-6307
-9731
-6603
-9699
-6795
-9667
-6995
-9723
-7291
-9675
-7547
-9707
-7723
-9691
-8011
-9755
-8235
-9755
-8555
-9707
-8675
-9691
-8955
-9731
-9163
-9707
-9427
-9739
-9675
-9747
-9867
-9691
-10187
-9659
-10403
-9635
-10651
-9747
-10955
-9659
-11171
-9723
-11419
-9659
-11571
-9707
-11867
-9699
-12083
-9699
-12395
-9731
-12571
-9675
-12771
-9739
-12995
-9675
-13227
-9683
-13499
-9707
-13731
-9683
-14027
-9643
-14219
-9731
-14443
-9635
-14667
-9707
-14987
-9755
-15203
-9691
-15491
-9723
-15659
-9747
-15867
-9683
-16147
-9723
-16355
-9755
-16595
-9699
-16835
-9755
-17171
-9635
-17411
-9699
-17579
-9755
-17803
-9715
-18123
-9627
-18347
-9667
-18555
-9739
-18851
-9995
93
-9979
-99
-9979
-387
-9963
-603
-9867
-747
-9923
-1115
-9907
-1275
-9907
-1507
-9979
-1779
-9979
-1971
-9947
-2203
-9931
-2499
-9971
-2787
-9907
-3003
-9923
-3219
-9963
-3419
-9995
-3627
-9931
-3947
-9971
-4219
-9947
-4395
-9955
-4683
-9939
-4947
-9923
-5163
-9979
-5371
-9955
-5603
-9955
-5883
-9931
-6131
-9995
-6363
-9971
-6587
-9963
-6851
-9987
-7003
-9987
-7323
-9979
-7467
-9987
-7811
-9867
-8003
-9971
-8283
-9971
-8523
-9987
-8691
-9939
-8931
-9883
-9211
-9923
-9443
-9963
-9739
-9891
-9915
-9923
-10195
-9939
-10403
-9971
-10627
-9955
-10955
-9979
-11171
-9987
-11371
-9987
-11667
-9915
-11835
-9915
-12131
-9899
-12379
-9907
-12563
-9899
-12779
-9987
-13107
-9939
-13307
-9979
-13571
-9963
-13723
-9955
-13995
-9995
-14187
-9939
-14459
-9931
-14731
-9995
-14955
-9987
-15219
-9923
-15507
-9971
-15723
-9891
-15963
-9915
-16179
-9963
-16371
-9979
-16627
-9939
-16891
-9907
-17195
-9995
-17347
-9947
-17563
-9971
-17867
-9947
-18099
-9947
-18267
-9907
-18595
-9899
-18875
-10171
125
-10147
-139
-10227
-283
-10195
-507
-10235
-859
-10203
-995
-10203
-1267
-10123
-1531
-10227
-1835
-10235
-2059
-10163
-2235
-10211
-2531
-10235
-2691
-10211
-2971
-10139
-3147
-10227
-3387
-10203
-3747
-10227
-3875
-10179
-4115
-10131
-4435
-10203
-4683
-10147
-4859
-10211
-5083
-10235
-5435
-10107
-5547
-10235
-5859
-10203
-6027
-10187
-6299
-10155
-6523
-10195
-6795
-10203
-7019
-10131
-7323
-10203
-7523
-10235
-7835
-10131
-7947
-10195
-8235
-10227
-8523
-10227
-8723
-10211
-8979
-10155
-9219
-10219
-9507
-10211
-9723
-10171
-9995
-10139
-10131
-10163
-10347
-10155
-10651
-10131
-10907
-10139
-11091
-10179
-11379
-10163
-11563
-10163
-11843
-10211
-12123
-10147
-12379
-10195
-12571
-10235
-12819
-10107
-13011
-10107
-13347
-10211
-13523
-10187
-13771
-10211
-14051
-10147
-14307
-10219
-14475
-10171
-14723
-10235
-14907
-10227
-15179
-10155
-15475
-10195
-15651
-10235
-15923
-10187
-16195
-10171
-16395
-10155
-16651
-10203
-16939
-10227
-17171
-10123
-17339
-10211
-17619
-10203
-17787
-10187
-18075
-10179
-18283
-10107
-18627
-10187
-18811
-10427
101
-10435
-35
-10427
-395
-10419
-515
-10459
-779
-10443
-1107
-10475
-1275
-10427
-1547
-10459
-1723
-10467
-2051
-10427
-2307
-10411
-2547
-10459
-2715
-10451
-2907
-10443
-3259
-10451
-3435
-10467
-3683
-10459
-3939
-10467
-4227
-10459
-4379
-10427
-4675
-10443
-4835
-10419
-5131
-10419
-5419
-10467
-5547
-10451
-5867
-10435
-6123
-10411
-6323
-10475
-6507
-10451
-6867
-10419
-7043
-10475
-7299
-10427
-7483
-10451
-7803
-10435
-8035
-10411
-8211
-10475
-8467
-10427
-8771
-10427
-8995
-10467
-9235
-10451
-9467
-10459
-9659
-10419
-9987
-10459
-10211
-10443
-10403
-10427
-10619
-10475
-10883
-10451
-11067
-10451
-11379
-10419
-11571
-10467
-11843
-10467
-12139
-10475
-12323
-10435
-12571
-10435
-12779
-10435
-13019
-10443
-13283
-10427
-13579
-10427
-13763
-10435
-14011
-10459
-14187
-10411
-14483
-10427
-14755
-10467
-14971
-10419
-15155
-10419
-15435
-10475
-15651
-10411
-15931
-10459
-16187
-10467
-16475
-10475
-16619
-10443
-16851
-10443
-17187
-10459
-17323
-10467
-17675
-10475
-17859
-10451
-18059
-10443
-18315
-10419
-18635
-10427
-18867
