109
480
145
-119
128
-319
233
-605
124
-767
174
-1017
173
-1215
241
-1529
272
-1748
372
-1975
220
-2171
139
-2489
269
-2739
315
-2955
579
-3161
227
-3433
327
-3647
183
-3947
133
-4219
145
-4401
117
-4681
109
-4871
117
-5175
85
-5423
101
-5571
85
-5819
149
-6103
85
-6307
85
-6547
85
-6751
117
-7083
109
-7323
117
-7471
109
-7723
117
-7979
117
-8179
85
-8395
125
-8683
109
-8947
93
-9143
117
-9403
149
-9707
109
-9939
125
-10171
101
-10459
101
-10691
85
-10915
117
-11171
93
-11387
125
-11563
141
-11899
93
-12107
141
-12379
109
-12611
133
-12771
125
-12995
133
-13347
85
-13491
125
-13771
133
-14075
93
-14235
117
-14539
85
-14675
85
-14963
133
-15211
117
-15387
85
-15667
141
-15923
101
-16203
93
-16411
133
-16587
117
-16867
117
-17075
125
-17371
117
-17611
85
-17867
85
-18083
125
-18323
141
-18603
141
-18867
-115
1085
-121
-102
-109
-357
-72
-538
-90
-817
-112
-989
-98
-1275
-64
-1465
-25
-1822
-51
-1961
-122
-2253
-137
-2451
-67
-2671
-9
-3007
-5
-3227
-107
-3455
-147
-3683
-91
-3917
-79
-4143
-135
-4375
-111
-4673
-111
-4859
-79
-5123
-7
-5319
-135
-5651
-139
-5835
-15
-6095
-23
-6395
-23
-6547
-119
-6843
-47
-7039
-123
-7331
-55
-7575
-111
-7771
-51
-8035
-119
-8195
-95
-8467
-135
-8715
-119
-8991
-79
-9131
-47
-9439
-35
-9667
-75
-9923
-147
-10115
-123
-10451
-51
-10627
-123
-10955
-99
-11139
-139
-11427
-131
-11603
-35
-11843
-83
-12147
-147
-12387
-67
-12587
-139
-12771
-115
-13051
-139
-13283
-139
-13475
-83
-13747
-51
-13995
-123
-14283
-139
-14523
-99
-14795
-51
-14955
-83
-15203
-59
-15475
-131
-15651
-99
-15987
-123
-16187
-75
-16395
-51
-16603
-147
-16851
-67
-17147
-131
-17307
-139
-17595
-147
-17795
-131
-18099
-139
-18331
-131
-18627
-131
-18827
-367
1205
-263
-36
-301
-271
-345
-497
-262
-850
-299
-1051
-330
-1286
-378
-1485
-265
-1723
-373
-1932
-277
-2303
-317
-2445
-313
-2767
-343
-2923
-289
-3173
-293
-3459
-355
-3649
-355
-3857
-313
-4099
-363
-4309
-377
-4583
-379
-4851
-347
-5091
-343
-5419
-359
-5567
-371
-5863
-307
-6127
-287
-6275
-359
-6487
-267
-6799
-283
-6995
-331
-7323
-299
-7479
-355
-7743
-263
-8011
-339
-8215
-327
-8443
-387
-8755
-287
-8959
-363
-9159
-343
-9387
-291
-9731
-347
-9923
-355
-10107
-299
-10347
-395
-10707
-395
-10835
-315
-11195
-275
-11331
-307
-11555
-307
-11851
-339
-12099
-339
-12395
-331
-12531
-275
-12811
-347
-13067
-371
-13235
-291
-13539
-323
-13803
-387
-14035
-355
-14243
-395
-14555
-331
-14787
-355
-15003
-307
-15203
-331
-15451
-339
-15731
-275
-15931
-379
-16187
-283
-16371
-331
-16667
-315
-16867
-347
-17131
-395
-17331
-355
-17587
-307
-17827
-379
-18075
-275
-18299
-355
-18531
-355
-18875
-603
266
-603
-77
-535
-329
-535
-530
-509
-834
-603
-1079
-607
-1239
-517
-1566
-588
-1788
-579
-2052
-529
-2228
-519
-2527
-523
-2653
-491
-2891
-551
-3213
-541
-3431
-619
-3707
-549
-3939
-495
-4121
-603
-4421
-609
-4615
-615
-4855
-575
-5111
-539
-5411
-591
-5543
-595
-5859
-611
-6143
-547
-6339
-535
-6567
-579
-6739
-547
-7039
-619
-7311
-551
-7475
-527
-7727
-619
-8047
-615
-8299
-559
-8487
-551
-8739
-611
-8939
-603
-9251
-535
-9419
-627
-9747
-587
-9979
-611
-10203
-563
-10467
-539
-10627
-611
-10891
-635
-11123
-579
-11419
-587
-11579
-611
-11851
-627
-12059
-627
-12395
-627
-12523
-515
-12779
-523
-13059
-595
-13267
-611
-13475
-619
-13731
-531
-14051
-515
-14275
-547
-14451
-531
-14739
-579
-14915
-579
-15195
-627
-15443
-627
-15651
-635
-15947
-507
-16235
-587
-16395
-595
-16603
-531
-16851
-539
-17179
-619
-17315
-619
-17555
-539
-17811
-619
-18139
-603
-18331
-611
-18595
-603
-18859
-799
1726
-852
-138
-837
-365
-756
-569
-831
-726
-829
-981
-743
-1251
-830
-1512
-867
-1793
-794
-2003
-858
-2299
-847
-2523
-845
-2691
-817
-2981
-791
-3215
-835
-3385
-751
-3611
-859
-3969
-869
-4139
-861
-4425
-747
-4609
-763
-4911
-847
-5099
-867
-5287
-775
-5631
-783
-5815
-767
-6079
-835
-6327
-867
-6515
-787
-6799
-763
-7063
-807
-7235
-755
-7587
-819
-7783
-755
-7995
-867
-8219
-743
-8427
-811
-8783
-839
-8987
-811
-9131
-835
-9383
-763
-9699
-763
-9883
-787
-10187
-819
-10363
-747
-10675
-787
-10859
-819
-11139
-803
-11387
-851
-11547
-819
-11915
-851
-12027
-851
-12387
-827
-12627
-803
-12787
-835
-13051
-875
-13307
-795
-13483
-851
-13803
-827
-13955
-811
-14315
-803
-14499
-835
-14747
-787
-14907
-859
-15243
-771
-15467
-867
-15691
-835
-15955
-859
-16155
-755
-16419
-835
-16651
-819
-16931
-875
-17083
-827
-17379
-747
-17611
-835
-17827
-867
-18115
-851
-18395
-859
-18563
-843
-18827
-1059
1754
-986
-62
-1030
-334
-1092
-490
-1055
-795
-1105
-1023
-1043
-1227
-965
-1542
-1027
-1802
-1047
-1955
-997
-2185
-1083
-2527
-1063
-2717
-989
-2965
-1069
-3239
-1083
-3451
-1041
-3739
-1003
-3941
-1073
-4137
-1037
-4403
-1099
-4691
-975
-4923
-999
-5051
-1087
-5399
-1039
-5563
-1003
-5855
-1027
-6079
-1039
-6307
-1075
-6559
-1011
-6851
-1059
-7051
-1099
-7315
-991
-7515
-1091
-7771
-1007
-7979
-1067
-8271
-999
-8451
-1079
-8791
-983
-8971
-1039
-9271
-979
-9439
-1091
-9755
-1091
-9923
-1115
-10227
-1075
-10475
-995
-10659
-1051
-10883
-1043
-11115
-1043
-11387
-1091
-11547
-1075
-11795
-1011
-12131
-995
-12355
-1027
-12523
-995
-12771
-1107
-13011
-1011
-13267
-1067
-13515
-1027
-13723
-1059
-14027
-1099
-14211
-1083
-14499
-995
-14699
-1091
-14979
-1051
-15163
-1011
-15475
-1011
-15739
-1091
-15931
-1075
-16227
-1011
-16355
-1107
-16699
-1107
-16891
-987
-17091
-1051
-17339
-995
-17563
-1075
-17819
-1075
-18147
-1091
-18275
-1059
-18635
-1003
-18875
-1331
2103
-1245
-45
-1265
-349
-1218
-575
-1237
-767
-1218
-1029
-1247
-1337
-1339
-1483
-1333
-1795
-1289
-1938
-1243
-2284
-1251
-2493
-1215
-2685
-1241
-3007
-1309
-3123
-1337
-3499
-1285
-3679
-1325
-3945
-1339
-4129
-1223
-4389
-1279
-4633
-1251
-4851
-1311
-5127
-1255
-5395
-1307
-5635
-1223
-5875
-1351
-6087
-1251
-6271
-1267
-6575
-1255
-6799
-1323
-6995
-1331
-7267
-1243
-7483
-1319
-7763
-1263
-8055
-1259
-8191
-1275
-8551
-1267
-8707
-1235
-8967
-1271
-9231
-1315
-9383
-1339
-9691
-1355
-9955
-1315
-10155
-1347
-10363
-1331
-10603
-1355
-10939
-1243
-11099
-1315
-11371
-1283
-11635
-1299
-11811
-1235
-12035
-1283
-12307
-1307
-12571
-1251
-12795
-1315
-12995
-1315
-13331
-1355
-13555
-1315
-13795
-1283
-13987
-1339
-14283
-1315
-14539
-1331
-14755
-1299
-14963
-1235
-15179
-1251
-15387
-1323
-15723
-1283
-15931
-1283
-16115
-1347
-16443
-1339
-16683
-1235
-16875
-1315
-17075
-1235
-17363
-1291
-17571
-1347
-17899
-1307
-18147
-1355
-18323
-1355
-18539
-1243
-18843
-1579
275
-1491
-25
-1455
-307
-1569
-541
-1561
-821
-1567
-1087
-1457
-1207
-1537
-1551
-1453
-1687
-1559
-1959
-1463
-2173
-1555
-2463
-1503
-2751
-1569
-2933
-1555
-3231
-1563
-3423
-1439
-3617
-1531
-3859
-1567
-4119
-1555
-4317
-1559
-4649
-1587
-4879
-1563
-5139
-1539
-5415
-1487
-5539
-1483
-5887
-1563
-6043
-1451
-6299
-1543
-6627
-1563
-6787
-1447
-7071
-1507
-7207
-1515
-7563
-1575
-7771
-1443
-7959
-1463
-8187
-1535
-8439
-1559
-8691
-1559
-8927
-1567
-9255
-1543
-9363
-1475
-9739
-1483
-9875
-1595
-10219
-1475
-10411
-1579
-10603
-1587
-10851
-1491
-11163
-1595
-11403
-1475
-11659
-1467
-11907
-1475
-12107
-1539
-12371
-1539
-12555
-1539
-12779
-1539
-13107
-1523
-13267
-1555
-13499
-1571
-13723
-1587
-14027
-1571
-14251
-1587
-14491
-1555
-14739
-1579
-14987
-1547
-15243
-1563
-15403
-1523
-15683
-1563
-15923
-1515
-16211
-1579
-16475
-1491
-16603
-1579
-16875
-1595
-17195
-1587
-17395
-1523
-17587
-1475
-17867
-1491
-18091
-1523
-18299
-1563
-18571
-1475
-18835
-1795
1421
-1815
-41
-1765
-385
-1743
-571
-1793
-751
-1785
-1027
-1677
-1197
-1717
-1565
-1777
-1703
-1773
-1959
-1815
-2163
-1827
-2555
-1693
-2691
-1731
-2945
-1781
-3143
-1753
-3359
-1715
-3683
-1767
-3929
-1787
-4175
-1795
-4345
-1735
-4635
-1827
-4907
-1795
-5123
-1759
-5303
-1771
-5635
-1751
-5839
-1811
-6139
-1771
-6347
-1823
-6499
-1803
-6811
-1827
-7051
-1751
-7267
-1695
-7539
-1807
-7823
-1787
-7979
-1747
-8191
-1795
-8459
-1835
-8759
-1783
-8983
-1811
-9151
-1807
-9475
-1819
-9755
-1787
-9963
-1723
-10195
-1731
-10387
-1707
-10715
-1803
-10827
-1835
-11131
-1779
-11435
-1715
-11547
-1707
-11915
-1755
-12115
-1811
-12299
-1723
-12611
-1739
-12827
-1835
-13115
-1827
-13355
-1827
-13571
-1755
-13715
-1723
-13971
-1763
-14243
-1827
-14523
-1731
-14787
-1779
-15011
-1707
-15243
-1827
-15387
-1739
-15755
-1763
-15867
-1755
-16123
-1819
-16435
-1795
-16707
-1819
-16851
-1811
-17107
-1787
-17435
-1731
-17563
-1827
-17859
-1835
-18115
-1779
-18299
-1779
-18539
-1707
-18827
-1991
1033
-1999
-15
-1981
-273
-1995
-585
-2061
-787
-1967
-975
-2055
-1297
-2011
-1559
-1969
-1695
-1973
-1983
-1997
-2187
-2039
-2467
-2039
-2635
-1965
-2991
-2045
-3259
-2007
-3369
-1999
-3661
-1999
-3963
-2021
-4095
-2019
-4375
-2035
-4663
-2007
-4859
-1947
-5163
-1991
-5291
-2003
-5579
-2023
-5851
-2011
-6023
-2019
-6347
-1987
-6563
-2039
-6831
-1943
-7031
-2011
-7259
-1991
-7511
-2051
-7791
-2019
-8059
-2043
-8199
-1987
-8439
-2051
-8751
-1935
-9023
-2035
-9163
-2059
-9483
-2051
-9675
-1963
-9915
-2075
-10195
-2035
-10435
-2067
-10715
-2011
-10875
-2043
-11195
-2067
-11387
-2019
-11603
-2035
-11907
-2059
-12099
-2043
-12339
-2059
-12507
-2027
-12835
-1955
-13107
-1955
-13235
-1987
-13539
-2051
-13747
-2051
-14003
-2059
-14219
-2019
-14491
-2035
-14795
-2059
-14971
-2075
-15203
-1963
-15395
-2011
-15715
-1963
-15963
-2067
-16123
-2003
-16355
-2027
-16707
-1979
-16915
-2035
-17067
-2003
-17435
-2019
-17587
-2075
-17915
-1971
-18131
-1971
-18339
-2019
-18555
-2003
-18859
-2251
143
-2289
-19
-2291
-283
-2183
-579
-2303
-729
-2261
-1051
-2207
-1269
-2287
-1553
-2233
-1695
-2275
-1983
-2287
-2239
-2207
-2525
-2247
-2765
-2227
-2877
-2265
-3191
-2251
-3487
-2289
-3687
-2215
-3907
-2289
-4155
-2241
-4441
-2207
-4599
-2207
-4931
-2267
-5111
-2203
-5379
-2251
-5611
-2307
-5835
-2263
-6019
-2283
-6355
-2267
-6499
-2275
-6743
-2247
-7071
-2315
-7259
-2183
-7555
-2267
-7743
-2219
-8003
-2191
-8243
-2287
-8427
-2203
-8707
-2271
-8987
-2175
-9219
-2187
-9443
-2283
-9723
-2299
-9907
-2235
-10227
-2195
-10395
-2299
-10691
-2195
-10883
-2267
-11195
-2267
-11371
-2187
-11603
-2259
-11907
-2219
-12091
-2219
-12371
-2187
-12531
-2219
-12803
-2315
-13107
-2283
-13259
-2291
-13587
-2211
-13787
-2291
-13963
-2227
-14299
-2251
-14523
-2259
-14763
-2195
-15027
-2291
-15147
-2195
-15411
-2243
-15683
-2267
-15979
-2227
-16203
-2227
-16467
-2235
-16715
-2259
-16843
-2259
-17099
-2235
-17355
-2243
-17579
-2275
-17819
-2291
-18107
-2243
-18355
-2219
-18515
-2219
-18867
-2551
163
-2525
-109
-2499
-283
-2505
-573
-2511
-749
-2527
-961
-2539
-1251
-2531
-1501
-2465
-1699
-2439
-1921
-2531
-2279
-2439
-2469
-2531
-2691
-2553
-2965
-2539
-3201
-2449
-3489
-2507
-3719
-2429
-3953
-2535
-4101
-2455
-4375
-2483
-4613
-2499
-4895
-2463
-5147
-2435
-5343
-2467
-5631
-2539
-5899
-2491
-6123
-2531
-6363
-2443
-6579
-2491
-6791
-2555
-7047
-2507
-7331
-2519
-7539
-2451
-7743
-2515
-8027
-2495
-8171
-2499
-8427
-2471
-8715
-2531
-8995
-2451
-9259
-2551
-9399
-2523
-9659
-2555
-9955
-2515
-10187
-2547
-10347
-2555
-10635
-2539
-10883
-2515
-11131
-2459
-11323
-2531
-11619
-2483
-11835
-2555
-12139
-2435
-12331
-2427
-12563
-2443
-12811
-2435
-13091
-2475
-13307
-2459
-13563
-2539
-13723
-2523
-14003
-2515
-14227
-2539
-14475
-2459
-14723
-2515
-15003
-2539
-15235
-2435
-15515
-2515
-15723
-2523
-15979
-2539
-16139
-2483
-16363
-2483
-16707
-2499
-16843
-2491
-17195
-2499
-17403
-2515
-17603
-2507
-17787
-2483
-18115
-2483
-18307
-2555
-18571
-2555
-18827
-2687
421
-2691
-83
-2687
-299
-2643
-515
-2723
-787
-2767
-1019
-2719
-1223
-2691
-1451
-2751
-1691
-2739
-1999
-2759
-2191
-2763
-2427
-2679
-2629
-2739
-2963
-2675
-3239
-2727
-3427
-2779
-3675
-2763
-3955
-2679
-4119
-2655
-4455
-2795
-4607
-2739
-4811
-2751
-5123
-2763
-5355
-2763
-5619
-2739
-5879
-2779
-6107
-2767
-6291
-2687
-6611
-2759
-6811
-2691
-7007
-2643
-7275
-2775
-7459
-2707
-7747
-2735
-7947
-2719
-8275
-2731
-8459
-2771
-8779
-2683
-8999
-2699
-9147
-2771
-9471
-2739
-9627
-2715
-9979
-2667
-10211
-2739
-10371
-2779
-10715
-2715
-10859
-2723
-11107
-2731
-11403
-2683
-11651
-2763
-11843
-2787
-12139
-2691
-12395
-2771
-12563
-2699
-12843
-2795
-13011
-2723
-13227
-2715
-13563
-2755
-13795
-2763
-14003
-2699
-14243
-2715
-14531
-2787
-14683
-2795
-14923
-2707
-15251
-2795
-15387
-2771
-15635
-2779
-15963
-2739
-16131
-2787
-16411
-2723
-16627
-2755
-16843
-2683
-17075
-2779
-17427
-2683
-17611
-2779
-17915
-2763
-18035
-2723
-18347
-2771
-18635
-2691
-18843
-2975
125
-2983
-99
-3007
-375
-2951
-579
-2939
-779
-2939
-1071
-3019
-1239
-3011
-1483
-3027
-1803
-3023
-1959
-2979
-2251
-3003
-2471
-2915
-2763
-2939
-3011
-2943
-3151
-2951
-3395
-2979
-3715
-2931
-3987
-2899
-4147
-2907
-4383
-2919
-4631
-2959
-4915
-2935
-5067
-2979
-5307
-3007
-5547
-3011
-5807
-2991
-6139
-2923
-6387
-2979
-6503
-2975
-6759
-2923
-7071
-2919
-7319
-2999
-7519
-2923
-7759
-2927
-7963
-3003
-8279
-2991
-8511
-2955
-8795
-2987
-8971
-2939
-9231
-2951
-9467
-3019
-9659
-3003
-9939
-3011
-10139
-2915
-10411
-2907
-10659
-2947
-10851
-2939
-11099
-2963
-11379
-2915
-11547
-2995
-11795
-2955
-12155
-2939
-12307
-2987
-12587
-2923
-12803
-2971
-13067
-2979
-13323
-2979
-13483
-3035
-13787
-2955
-13963
-2995
-14251
-3019
-14555
-2963
-14755
-2947
-14923
-2947
-15203
-3027
-15507
-3035
-15627
-2931
-15939
-3011
-16203
-2907
-16347
-2947
-16659
-3027
-16931
-2947
-17179
-2931
-17411
-2979
-17643
-3011
-17795
-3011
-18131
-2963
-18315
-3019
-18515
-3027
-18867
-3239
109
-3171
-99
-3255
-335
-3219
-595
-3207
-715
-3139
-1043
-3235
-1231
-3155
-1523
-3167
-1755
-3251
-1999
-3243
-2271
-3227
-2431
-3235
-2767
-3187
-2975
-3243
-3219
-3227
-3467
-3195
-3747
-3259
-3907
-3219
-4091
-3235
-4383
-3171
-4643
-3247
-4831
-3231
-5047
-3183
-5311
-3219
-5547
-3187
-5883
-3151
-6015
-3195
-6235
-3147
-6483
-3239
-6827
-3243
-7027
-3251
-7275
-3171
-7563
-3223
-7779
-3167
-8051
-3227
-8203
-3139
-8443
-3215
-8687
-3183
-9003
-3171
-9155
-3247
-9499
-3275
-9699
-3203
-9867
-3235
-10147
-3275
-10371
-3195
-10667
-3259
-10859
-3211
-11147
-3179
-11315
-3259
-11619
-3211
-11899
-3251
-12051
-3235
-12315
-3211
-12547
-3187
-12811
-3275
-13035
-3227
-13299
-3251
-13571
-3227
-13715
-3171
-14011
-3147
-14299
-3219
-14451
-3259
-14755
-3163
-15035
-3155
-15251
-3179
-15475
-3203
-15635
-3235
-15987
-3235
-16195
-3203
-16403
-3147
-16627
-3219
-16867
-3243
-17115
-3163
-17315
-3195
-17635
-3235
-17827
-3251
-18155
-3219
-18363
-3227
-18515
-3259
-18819
-3475
149
-3499
-51
-3507
-315
-3471
-607
-3459
-727
-3427
-1075
-3491
-1319
-3423
-1595
-3387
-1799
-3451
-2011
-3491
-2219
-3403
-2415
-3443
-2763
-3423
-2987
-3479
-3171
-3491
-3495
-3399
-3667
-3399
-3883
-3439
-4191
-3463
-4347
-3471
-4715
-3467
-4919
-3491
-5043
-3447
-5299
-3415
-5599
-3471
-5867
-3395
-6091
-3399
-6363
-3491
-6603
-3487
-6811
-3407
-7087
-3463
-7327
-3395
-7531
-3399
-7791
-3459
-8039
-3455
-8203
-3467
-8471
-3475
-8695
-3431
-8991
-3399
-9151
-3447
-9499
-3499
-9699
-3419
-9963
-3499
-10195
-3491
-10387
-3483
-10595
-3507
-10947
-3491
-11067
-3403
-11371
-3491
-11587
-3411
-11851
-3395
-12075
-3411
-12307
-3411
-12627
-3499
-12811
-3419
-12987
-3435
-13355
-3499
-13467
-3475
-13835
-3507
-14059
-3515
-14203
-3499
-14427
-3467
-14715
-3483
-14931
-3499
-15243
-3475
-15491
-3491
-15755
-3475
-15963
-3483
-16115
-3491
-16347
-3435
-16619
-3467
-16899
-3491
-17083
-3411
-17347
-3475
-17659
-3459
-17803
-3443
-18027
-3435
-18347
-3499
-18523
-3395
-18835
-3647
133
-3655
-23
-3643
-291
-3679
-547
-3607
-839
-3731
-991
-3711
-1251
-3719
-1547
-3735
-1803
-3683
-2011
-3747
-2207
-3683
-2459
-3643
-2715
-3679
-3035
-3747
-3179
-3731
-3459
-3635
-3651
-3711
-3839
-3735
-4203
-3715
-4379
-3619
-4571
-3747
-4819
-3715
-5151
-3623
-5387
-3719
-5619
-3711
-5871
-3715
-6107
-3739
-6343
-3619
-6583
-3679
-6751
-3755
-6991
-3675
-7307
-3695
-7471
-3747
-7779
-3727
-7987
-3635
-8187
-3699
-8499
-3699
-8743
-3635
-9007
-3719
-9187
-3751
-9483
-3651
-9691
-3755
-9955
-3739
-10171
-3691
-10363
-3747
-10595
-3731
-10899
-3675
-11091
-3707
-11403
-3659
-11651
-3683
-11915
-3699
-12107
-3723
-12307
-3643
-12587
-3723
-12803
-3691
-13107
-3651
-13291
-3675
-13523
-3747
-13715
-3643
-14059
-3723
-14211
-3651
-14555
-3739
-14731
-3659
-14971
-3635
-15211
-3731
-15475
-3747
-15675
-3675
-15923
-3667
-16227
-3747
-16355
-3723
-16699
-3755
-16859
-3747
-17099
-3707
-17371
-3643
-17675
-3651
-17899
-3651
-18027
-3699
-18355
-3667
-18635
-3715
-18827
-3923
125
-3991
-7
-3971
-339
-3907
-551
-3947
-795
-3875
-955
-3875
-1275
-3967
-1555
-3967
-1767
-3983
-2059
-3959
-2155
-3927
-2503
-3971
-2771
-3975
-2995
-3979
-3187
-3971
-3435
-3883
-3683
-3939
-3859
-3987
-4147
-3963
-4367
-3947
-4571
-3951
-4923
-3987
-5159
-3931
-5375
-3847
-5619
-3859
-5863
-3943
-6127
-3911
-6303
-3963
-6499
-3899
-6795
-3979
-7019
-3947
-7299
-3923
-7559
-3979
-7799
-3963
-7963
-3875
-8211
-3851
-8535
-3979
-8763
-3971
-9003
-3899
-9219
-3919
-9435
-3963
-9691
-3947
-9963
-3971
-10155
-3867
-10467
-3883
-10675
-3931
-10843
-3979
-11179
-3971
-11435
-3979
-11611
-3923
-11867
-3947
-12147
-3955
-12395
-3987
-12523
-3875
-12843
-3995
-13099
-3947
-13307
-3971
-13467
-3979
-13715
-3987
-14035
-3923
-14219
-3923
-14523
-3979
-14723
-3987
-14915
-3955
-15275
-3947
-15403
-3899
-15627
-3963
-15979
-3923
-16179
-3947
-16411
-3923
-16699
-3867
-16915
-3907
-17131
-3987
-17379
-3947
-17667
-3987
-17883
-3955
-18147
-3955
-18355
-3979
-18635
-3883
-18819
-4143
101
-4219
-59
-4099
-367
-4139
-595
-4155
-715
-4195
-1055
-4223
-1255
-4139
-1519
-4091
-1751
-4179
-1983
-4183
-2291
-4119
-2403
-4187
-2711
-4127
-2923
-4211
-3211
-4203
-3495
-4191
-3675
-4115
-3907
-4167
-4107
-4171
-4447
-4075
-4595
-4183
-4811
-4179
-5135
-4203
-5367
-4211
-5547
-4199
-5851
-4163
-6111
-4131
-6339
-4143
-6535
-4087
-6819
-4171
-7095
-4207
-7339
-4187
-7495
-4099
-7779
-4219
-8035
-4179
-8207
-4215
-8419
-4171
-8639
-4211
-8987
-4135
-9131
-4183
-9387
-4147
-9659
-4163
-9939
-4131
-10107
-4195
-10387
-4219
-10643
-4195
-10939
-4131
-11187
-4203
-11395
-4107
-11611
-4195
-11851
-4187
-12027
-4203
-12323
-4179
-12627
-4187
-12827
-4195
-13027
-4179
-13355
-4195
-13563
-4187
-13795
-4115
-14075
-4227
-14235
-4235
-14531
-4235
-14763
-4139
-14915
-4187
-15251
-4211
-15387
-4235
-15699
-4211
-15923
-4115
-16155
-4219
-16395
-4211
-16619
-4147
-16851
-4123
-17187
-4179
-17411
-4115
-17563
-4155
-17915
-4211
-18107
-4123
-18267
-4131
-18627
-4131
-18827
-4339
93
-4395
-123
-4383
-359
-4447
-587
-4403
-851
-4463
-1091
-4423
-1335
-4395
-1507
-4371
-1747
-4459
-2035
-4347
-2255
-4359
-2535
-4387
-2771
-4351
-2955
-4435
-3215
-4467
-3419
-4451
-3743
-4399
-3995
-4459
-4159
-4367
-4423
-4379
-4575
-4443
-4923
-4463
-5079
-4367
-5387
-4411
-5547
-4459
-5819
-4459
-6123
-4347
-6331
-4463
-6547
-4455
-6859
-4395
-6987
-4427
-7339
-4471
-7511
-4463
-7779
-4459
-8031
-4455
-8291
-4447
-8455
-4379
-8739
-4431
-8991
-4387
-9155
-4459
-9515
-4371
-9659
-4371
-9995
-4459
-10235
-4419
-10379
-4451
-10683
-4435
-10883
-4379
-11171
-4435
-11395
-4411
-11595
-4467
-11891
-4467
-12147
-4435
-12267
-4411
-12587
-4459
-12851
-4459
-13075
-4459
-13251
-4395
-13579
-4347
-13707
-4363
-14027
-4467
-14307
-4451
-14523
-4475
-14707
-4363
-14963
-4443
-15147
-4475
-15467
-4435
-15627
-4475
-15939
-4459
-16187
-4419
-16371
-4459
-16667
-4371
-16891
-4395
-17139
-4411
-17427
-4387
-17571
-4435
-17819
-4347
-18147
-4355
-18315
-4451
-18523
-4403
-18827
-4611
117
-4699
-75
-4579
-391
-4667
-551
-4703
-719
-4647
-1019
-4687
-1263
-4607
-1487
-4651
-1711
-4663
-1999
-4643
-2251
-4695
-2419
-4659
-2751
-4683
-2955
-4587
-3219
-4659
-3507
-4671
-3727
-4675
-3899
-4595
-4163
-4671
-4335
-4667
-4587
-4583
-4923
-4667
-5047
-4567
-5335
-4627
-5563
-4619
-5819
-4631
-6115
-4615
-6355
-4603
-6611
-4635
-6759
-4591
-7003
-4675
-7303
-4663
-7479
-4683
-7683
-4699
-8071
-4687
-8231
-4691
-8431
-4647
-8699
-4703
-8923
-4647
-9151
-4715
-9483
-4691
-9699
-4715
-9947
-4707
-10227
-4587
-10451
-4715
-10707
-4683
-10939
-4715
-11179
-4691
-11379
-4667
-11595
-4683
-11811
-4627
-12099
-4635
-12283
-4715
-12587
-4707
-12851
-4683
-13051
-4675
-13355
-4651
-13515
-4659
-13747
-4715
-14019
-4699
-14235
-4627
-14555
-4715
-14747
-4619
-14955
-4595
-15195
-4707
-15387
-4715
-15635
-4691
-15995
-4707
-16155
-4707
-16403
-4691
-16691
-4715
-16947
-4691
-17131
-4707
-17403
-4707
-17627
-4699
-17875
-4715
-18147
-4611
-18315
-4659
-18587
-4643
-18875
-4891
109
-4867
-43
-4843
-343
-4899
-559
-4839
-783
-4907
-1039
-4879
-1259
-4835
-1463
-4915
-1719
-4919
-2047
-4947
-2199
-4847
-2487
-4859
-2707
-4915
-3015
-4887
-3199
-4903
-3475
-4839
-3659
-4879
-3867
-4875
-4187
-4951
-4419
-4927
-4579
-4875
-4907
-4879
-5179
-4927
-5331
-4939
-5563
-4939
-5771
-4951
-6071
-4835
-6331
-4823
-6591
-4935
-6783
-4899
-6991
-4879
-7195
-4895
-7515
-4919
-7811
-4839
-8015
-4903
-8235
-4931
-8463
-4907
-8767
-4947
-8979
-4871
-9167
-4931
-9439
-4907
-9755
-4875
-9947
-4843
-10147
-4891
-10355
-4955
-10643
-4947
-10851
-4915
-11187
-4899
-11347
-4939
-11627
-4827
-11803
-4947
-12059
-4939
-12347
-4843
-12627
-4939
-12835
-4883
-13059
-4947
-13299
-4907
-13523
-4955
-13811
-4835
-14027
-4883
-14267
-4851
-14459
-4827
-14763
-4915
-14955
-4939
-15163
-4907
-15451
-4939
-15723
-4843
-15987
-4867
-16115
-4955
-16347
-4891
-16659
-4851
-16835
-4923
-17155
-4939
-17355
-4899
-17659
-4891
-17787
-4915
-18067
-4843
-18267
-4899
-18507
-4947
-18811
-5059
109
-5079
-127
-5071
-267
-5151
-499
-5123
-783
-5139
-1055
-5055
-1231
-5167
-1483
-5167
-1699
-5123
-2027
-5039
-2219
-5191
-2531
-5111
-2727
-5187
-2979
-5115
-3235
-5087
-3399
-5143
-3743
-5119
-3907
-5055
-4203
-5155
-4423
-5155
-4595
-5043
-4883
-5131
-5187
-5067
-5399
-5135
-5611
-5183
-5883
-5079
-6091
-5043
-6283
-5167
-6555
-5099
-6775
-5147
-7091
-5123
-7343
-5167
-7555
-5123
-7803
-5099
-8003
-5123
-8283
-5155
-8451
-5163
-8751
-5051
-8931
-5163
-9235
-5127
-9499
-5115
-9683
-5139
-9971
-5147
-10139
-5163
-10403
-5067
-10699
-5067
-10859
-5083
-11099
-5139
-11427
-5171
-11547
-5147
-11803
-5179
-12067
-5139
-12379
-5107
-12603
-5131
-12843
-5115
-13027
-5075
-13331
-5075
-13571
-5171
-13707
-5163
-14011
-5187
-14299
-5187
-14547
-5099
-14779
-5187
-14947
-5179
-15259
-5123
-15419
-5115
-15675
-5067
-15875
-5107
-16163
-5187
-16443
-5083
-16715
-5179
-16907
-5187
-17195
-5099
-17363
-5099
-17563
-5107
-17875
-5195
-18075
-5091
-18275
-5131
-18515
-5139
-18851
-5371
133
-5307
-99
-5411
-371
-5323
-499
-5363
-843
-5371
-1091
-5395
-1283
-5395
-1467
-5427
-1763
-5331
-2047
-5331
-2271
-5387
-2419
-5419
-2795
-5395
-2943
-5331
-3167
-5331
-3383
-5363
-3707
-5435
-3979
-5355
-4227
-5427
-4475
-5331
-4651
-5411
-4851
-5323
-5067
-5403
-5411
-5347
-5627
-5395
-5799
-5419
-6075
-5331
-6251
-5347
-6563
-5331
-6795
-5411
-7107
-5347
-7223
-5363
-7575
-5355
-7743
-5371
-8035
-5363
-8219
-5371
-8551
-5363
-8691
-5339
-8999
-5395
-9147
-5355
-9467
-5379
-9643
-5403
-9899
-5387
-10115
-5339
-10427
-5331
-10667
-5411
-10907
-5371
-11187
-5331
-11315
-5427
-11675
-5355
-11835
-5379
-12083
-5379
-12283
-5387
-12547
-5315
-12787
-5315
-13011
-5323
-13299
-5427
-13515
-5307
-13747
-5331
-13995
-5323
-14307
-5395
-14459
-5371
-14667
-5371
-14907
-5427
-15147
-5371
-15515
-5387
-15747
-5419
-15947
-5387
-16179
-5419
-16379
-5355
-16619
-5435
-16859
-5395
-17187
-5379
-17403
-5355
-17547
-5323
-17795
-5371
-18067
-5411
-18371
-5427
-18539
-5355
-18827
-5635
133
-5619
-51
-5563
-299
-5595
-515
-5547
-803
-5675
-1107
-5667
-1339
-5643
-1499
-5587
-1771
-5675
-2027
-5675
-2203
-5675
-2499
-5563
-2683
-5571
-2963
-5643
-3163
-5667
-3395
-5619
-3731
-5675
-3955
-5571
-4163
-5667
-4443
-5619
-4651
-5651
-4947
-5571
-5083
-5643
-5331
-5555
-5659
-5675
-5827
-5571
-6099
-5595
-6331
-5651
-6539
-5675
-6755
-5611
-7067
-5587
-7347
-5627
-7507
-5603
-7787
-5635
-7971
-5635
-8195
-5603
-8483
-5635
-8739
-5651
-8931
-5587
-9219
-5595
-9387
-5667
-9675
-5579
-9907
-5571
-10155
-5643
-10451
-5587
-10659
-5659
-10923
-5603
-11067
-5651
-11347
-5611
-11563
-5659
-11875
-5579
-12035
-5627
-12379
-5651
-12635
-5587
-12835
-5603
-13011
-5619
-13267
-5675
-13571
-5659
-13747
-5563
-14067
-5643
-14291
-5667
-14459
-5595
-14787
-5547
-14947
-5619
-15251
-5667
-15451
-5667
-15707
-5675
-15875
-5595
-16195
-5595
-16435
-5651
-16627
-5619
-16843
-5571
-17083
-5579
-17419
-5547
-17643
-5667
-17867
-5659
-18147
-5603
-18371
-5587
-18619
-5555
-18827
-5867
133
-5867
-139
-5811
-387
-5875
-627
-5891
-779
-5915
-1075
-5907
-1347
-5915
-1507
-5795
-1835
-5795
-2051
-5899
-2187
-5907
-2451
-5803
-2731
-5875
-3027
-5803
-3275
-5795
-3507
-5795
-3635
-5915
-3891
-5851
-4203
-5827
-4347
-5875
-4667
-5883
-4947
-5907
-5171
-5819
-5379
-5859
-5659
-5907
-5827
-5867
-6131
-5859
-6363
-5851
-6595
-5851
-6835
-5915
-7043
-5875
-7275
-5899
-7483
-5915
-7819
-5835
-8011
-5795
-8235
-5907
-8443
-5835
-8707
-5827
-8907
-5907
-9227
-5907
-9515
-5859
-9707
-5907
-9899
-5859
-10155
-5835
-10347
-5907
-10715
-5907
-10947
-5827
-11123
-5827
-11411
-5827
-11587
-5859
-11867
-5827
-12131
-5891
-12323
-5883
-12579
-5915
-12779
-5803
-13051
-5787
-13347
-5875
-13515
-5795
-13779
-5875
-13963
-5883
-14315
-5915
-14467
-5899
-14739
-5907
-14995
-5819
-15227
-5827
-15443
-5851
-15699
-5915
-15915
-5883
-16147
-5819
-16435
-5859
-16659
-5907
-16931
-5907
-17147
-5851
-17315
-5795
-17579
-5811
-17915
-5915
-18059
-5915
-18323
-5843
-18539
-5915
-18819
-6123
149
-6155
-59
-6051
-331
-6139
-587
-6067
-763
-6131
-1067
-6043
-1251
-6155
-1587
-6115
-1707
-6051
-1971
-6083
-2235
-6051
-2451
-6027
-2667
-6067
-2939
-6099
-3179
-6131
-3499
-6139
-3643
-6067
-3947
-6107
-4187
-6083
-4419
-6115
-4707
-6107
-4899
-6083
-5115
-6035
-5363
-6075
-5651
-6051
-5859
-6147
-6147
-6099
-6355
-6107
-6539
-6123
-6859
-6075
-7019
-6027
-7331
-6051
-7531
-6131
-7755
-6155
-7987
-6043
-8211
-6131
-8459
-6091
-8683
-6099
-8971
-6107
-9195
-6051
-9411
-6067
-9731
-6155
-9883
-6139
-10203
-6067
-10427
-6147
-10627
-6107
-10947
-6147
-11091
-6155
-11379
-6067
-11563
-6099
-11827
-6123
-12067
-6139
-12315
-6131
-12563
-6123
-12747
-6107
-13107
-6051
-13323
-6115
-13507
-6123
-13803
-6155
-14059
-6091
-14267
-6083
-14459
-6147
-14755
-6059
-14947
-6051
-15147
-6139
-15499
-6083
-15667
-6107
-15891
-6107
-16115
-6155
-16371
-6139
-16675
-6099
-16883
-6115
-17075
-6083
-17363
-6139
-17627
-6131
-17883
-6139
-18067
-6123
-18275
-6147
-18563
-6027
-18819
-6387
125
-6315
-155
-6355
-307
-6371
-627
-6339
-819
-6387
-1059
-6283
-1347
-6275
-1563
-6299
-1835
-6363
-2011
-6339
-2227
-6347
-2507
-6307
-2779
-6307
-2915
-6371
-3171
-6283
-3475
-6387
-3755
-6363
-3907
-6291
-4107
-6387
-4379
-6283
-4611
-6291
-4883
-6347
-5091
-6387
-5387
-6371
-5635
-6299
-5835
-6395
-6107
-6363
-6363
-6387
-6547
-6379
-6763
-6275
-7115
-6323
-7267
-6347
-7467
-6363
-7835
-6299
-7947
-6315
-8283
-6387
-8443
-6395
-8683
-6355
-9011
-6323
-9163
-6307
-9435
-6347
-9731
-6371
-9883
-6387
-10219
-6291
-10395
-6339
-10611
-6347
-10947
-6339
-11195
-6339
-11347
-6331
-11595
-6299
-11859
-6387
-12075
-6339
-12387
-6291
-12507
-6275
-12875
-6339
-13075
-6379
-13307
-6283
-13507
-6387
-13811
-6283
-14043
-6275
-14283
-6275
-14467
-6371
-14739
-6387
-14931
-6395
-15163
-6355
-15467
-6299
-15691
-6331
-15923
-6283
-16211
-6363
-16355
-6347
-16619
-6267
-16827
-6347
-17187
-6395
-17323
-6347
-17555
-6275
-17883
-6275
-18035
-6371
-18275
-6395
-18547
-6331
-18811
-6611
85
-6619
-35
-6587
-339
-6587
-627
-6635
-851
-6579
-1003
-6571
-1227
-6635
-1467
-6579
-1795
-6587
-2043
-6595
-2275
-6595
-2555
-6595
-2691
-6507
-2923
-6555
-3259
-6531
-3515
-6579
-3627
-6595
-3923
-6627
-4147
-6515
-4347
-6531
-4691
-6523
-4851
-6587
-5075
-6627
-5347
-6563
-5571
-6571
-5827
-6611
-6139
-6531
-6267
-6579
-6563
-6547
-6843
-6531
-7115
-6627
-7307
-6523
-7571
-6595
-7787
-6515
-8059
-6539
-8299
-6539
-8539
-6595
-8699
-6635
-9027
-6635
-9243
-6563
-9459
-6523
-9651
-6555
-9899
-6563
-10179
-6635
-10459
-6619
-10587
-6563
-10939
-6611
-11099
-6603
-11403
-6611
-11643
-6619
-11907
-6587
-12091
-6587
-12395
-6603
-12587
-6619
-12859
-6507
-13027
-6563
-13235
-6627
-13595
-6619
-13723
-6555
-14035
-6531
-14187
-6595
-14507
-6555
-14691
-6587
-14987
-6547
-15195
-6531
-15467
-6619
-15755
-6523
-15899
-6523
-16163
-6603
-16419
-6587
-16595
-6515
-16875
-6579
-17123
-6571
-17331
-6539
-17627
-6507
-17827
-6635
-18123
-6627
-18267
-6579
-18627
-6611
-18867
-6827
125
-6859
-27
-6835
-347
-6795
-571
-6819
-819
-6835
-1059
-6867
-1299
-6787
-1531
-6819
-1771
-6859
-1947
-6771
-2315
-6819
-2531
-6843
-2795
-6811
-2979
-6835
-3219
-6859
-3467
-6867
-3707
-6779
-3875
-6875
-4107
-6835
-4387
-6787
-4635
-6755
-4923
-6835
-5163
-6843
-5371
-6779
-5643
-6779
-5891
-6755
-6083
-6843
-6395
-6867
-6515
-6771
-6867
-6795
-7011
-6819
-7235
-6835
-7515
-6803
-7755
-6779
-8019
-6803
-8267
-6827
-8451
-6875
-8779
-6811
-8963
-6771
-9227
-6771
-9427
-6851
-9683
-6851
-9963
-6803
-10195
-6779
-10347
-6859
-10699
-6779
-10955
-6867
-11067
-6859
-11403
-6851
-11611
-6835
-11915
-6811
-12091
-6827
-12355
-6875
-12603
-6819
-12771
-6875
-13051
-6875
-13283
-6811
-13579
-6755
-13747
-6835
-14067
-6859
-14291
-6875
-14475
-6755
-14787
-6779
-14923
-6859
-15171
-6763
-15403
-6859
-15627
-6867
-15995
-6835
-16235
-6819
-16475
-6843
-16635
-6875
-16931
-6787
-17123
-6851
-17355
-6875
-17587
-6867
-17787
-6779
-18123
-6875
-18371
-6819
-18547
-6867
-18811
-6987
125
-7011
-67
-7091
-379
-7067
-555
-7035
-803
-7075
-1059
-7035
-1243
-7083
-1507
-7099
-1747
-7083
-1995
-7067
-2251
-7115
-2515
-7099
-2715
-7043
-2979
-7107
-3243
-7019
-3411
-7099
-3643
-7107
-3979
-7075
-4147
-7059
-4387
-7091
-4643
-7067
-4947
-7107
-5147
-7083
-5363
-7099
-5619
-7115
-5867
-7083
-6139
-7083
-6307
-7107
-6515
-7091
-6859
-6987
-7003
-7019
-7355
-7027
-7563
-7043
-7763
-7115
-7987
-7067
-8259
-6987
-8539
-7075
-8683
-7027
-8907
-7067
-9275
-7075
-9395
-7107
-9747
-7003
-9979
-7043
-10219
-7003
-10443
-7115
-10635
-7099
-10931
-7075
-11067
-7019
-11371
-6987
-11555
-7027
-11851
-7091
-12139
-7059
-12339
-7059
-12595
-7115
-12835
-7019
-13059
-6995
-13299
-7091
-13563
-7091
-13763
-7059
-14067
-7107
-14203
-7115
-14547
-7067
-14739
-7115
-14931
-6995
-15211
-7059
-15459
-7107
-15755
-6995
-15947
-7051
-16203
-7043
-16411
-7075
-16627
-7035
-16939
-7035
-17131
-7107
-17363
-7043
-17651
-7107
-17811
-7115
-18131
-7083
-18395
-7075
-18635
-7011
-18843
-7235
133
-7275
-75
-7251
-315
-7347
-619
-7299
-779
-7283
-1003
-7251
-1243
-7291
-1491
-7251
-1787
-7339
-2035
-7291
-2251
-7339
-2443
-7339
-2691
-7275
-2907
-7283
-3171
-7307
-3507
-7347
-3683
-7283
-3971
-7283
-4179
-7355
-4387
-7235
-4715
-7235
-4899
-7243
-5139
-7331
-5371
-7235
-5651
-7315
-5875
-7251
-6051
-7275
-6291
-7315
-6579
-7307
-6787
-7339
-7035
-7355
-7331
-7283
-7539
-7355
-7779
-7259
-8051
-7291
-8219
-7347
-8451
-7323
-8771
-7355
-8987
-7283
-9155
-7315
-9451
-7299
-9707
-7307
-9907
-7315
-10131
-7259
-10451
-7347
-10667
-7355
-10923
-7331
-11115
-7291
-11419
-7283
-11571
-7323
-11883
-7347
-12091
-7315
-12371
-7251
-12563
-7355
-12859
-7339
-13019
-7347
-13251
-7355
-13531
-7347
-13827
-7315
-14075
-7299
-14291
-7355
-14467
-7275
-14667
-7323
-14979
-7291
-15259
-7291
-15515
-7323
-15643
-7355
-15963
-7315
-16195
-7299
-16379
-7355
-16699
-7251
-16827
-7315
-17163
-7347
-17347
-7315
-17571
-7331
-17875
-7315
-18067
-7283
-18347
-7347
-18547
-7315
-18835
-7523
125
-7555
-83
-7539
-387
-7571
-627
-7491
-819
-7507
-987
-7563
-1307
-7515
-1579
-7483
-1811
-7555
-2035
-7571
-2203
-7579
-2451
-7587
-2675
-7595
-2947
-7483
-3171
-7571
-3515
-7587
-3715
-7587
-3963
-7587
-4147
-7515
-4411
-7579
-4643
-7563
-4947
-7483
-5123
-7547
-5395
-7491
-5547
-7507
-5907
-7595
-6067
-7571
-6323
-7483
-6603
-7579
-6787
-7467
-6987
-7539
-7331
-7587
-7547
-7547
-7723
-7563
-8011
-7499
-8227
-7563
-8427
-7499
-8747
-7555
-9019
-7499
-9179
-7475
-9427
-7555
-9667
-7587
-9939
-7595
-10179
-7539
-10363
-7563
-10587
-7539
-10867
-7555
-11099
-7571
-11427
-7571
-11555
-7483
-11811
-7595
-12155
-7571
-12395
-7515
-12539
-7587
-12819
-7579
-12995
-7563
-13251
-7587
-13475
-7547
-13739
-7555
-14067
-7587
-14211
-7595
-14539
-7595
-14707
-7515
-14915
-7563
-15227
-7531
-15499
-7555
-15683
-7563
-15931
-7491
-16195
-7523
-16379
-7571
-16691
-7563
-16939
-7515
-17179
-7555
-17307
-7515
-17643
-7523
-17843
-7483
-18115
-7539
-18307
-7507
-18563
-7483
-18827
-7795
133
-7763
-115
-7803
-283
-7835
-627
-7819
-843
-7795
-1019
-7819
-1315
-7819
-1555
-7795
-1747
-7803
-1955
-7739
-2275
-7803
-2515
-7763
-2707
-7827
-3003
-7795
-3275
-7723
-3483
-7707
-3691
-7755
-3955
-7739
-4179
-7731
-4459
-7763
-4643
-7819
-4915
-7731
-5091
-7795
-5419
-7811
-5555
-7779
-5851
-7755
-6099
-7747
-6363
-7715
-6555
-7819
-6843
-7787
-7003
-7811
-7347
-7795
-7595
-7755
-7811
-7803
-8035
-7731
-8299
-7819
-8427
-7795
-8715
-7755
-8923
-7787
-9243
-7779
-9427
-7755
-9755
-7787
-9939
-7731
-10123
-7803
-10427
-7811
-10587
-7819
-10883
-7827
-11131
-7819
-11371
-7835
-11643
-7827
-11899
-7835
-12035
-7795
-12395
-7803
-12515
-7811
-12787
-7835
-13027
-7835
-13267
-7811
-13563
-7771
-13747
-7755
-14019
-7827
-14259
-7763
-14451
-7827
-14715
-7787
-15027
-7723
-15275
-7747
-15459
-7707
-15747
-7811
-15915
-7787
-16171
-7811
-16395
-7747
-16595
-7835
-16827
-7707
-17155
-7779
-17419
-7835
-17627
-7779
-17827
-7763
-18123
-7763
-18371
-7739
-18531
-7779
-18811
-8075
133
-8059
-67
-8075
-283
-8027
-531
-7987
-811
-8051
-1075
-8027
-1243
-8067
-1547
-8075
-1811
-8035
-1955
-8011
-2291
-8035
-2555
-8059
-2707
-8051
-3003
-8019
-3235
-7971
-3411
-7995
-3683
-7987
-3939
-8035
-4203
-8019
-4419
-8019
-4659
-8003
-4939
-8043
-5107
-8059
-5315
-7971
-5667
-7995
-5875
-8051
-6027
-8059
-6299
-8059
-6595
-8019
-6827
-7979
-7035
-8067
-7235
-8027
-7579
-8051
-7827
-8019
-8059
-8043
-8227
-8011
-8523
-8059
-8755
-8035
-9011
-8075
-9267
-8067
-9491
-7995
-9675
-7995
-9923
-8035
-10227
-8051
-10419
-7987
-10715
-8067
-10939
-7971
-11067
-8043
-11435
-7987
-11571
-8043
-11883
-8019
-12107
-8011
-12267
-8019
-12587
-7947
-12747
-8035
-13083
-8075
-13339
-8035
-13595
-7995
-13811
-8059
-14043
-8067
-14307
-8051
-14515
-8035
-14763
-8075
-15035
-8059
-15243
-8059
-15515
-8019
-15715
-8011
-15955
-7963
-16227
-7979
-16427
-8067
-16691
-8059
-16843
-8075
-17187
-8051
-17347
-7971
-17619
-8011
-17827
-8051
-18043
-8067
-18347
-8035
-18603
-8027
-18843
-8235
125
-8251
-83
-8291
-363
-8299
-603
-8267
-747
-8259
-1051
-8267
-1275
-8219
-1571
-8267
-1803
-8235
-2043
-8267
-2259
-8211
-2555
-8235
-2787
-8235
-3035
-8195
-3195
-8259
-3507
-8307
-3643
-8275
-3915
-8243
-4227
-8195
-4379
-8243
-4651
-8235
-4915
-8195
-5187
-8307
-5403
-8299
-5603
-8195
-5915
-8315
-6067
-8243
-6315
-8315
-6595
-8195
-6755
-8251
-7099
-8291
-7307
-8219
-7571
-8227
-7731
-8275
-7947
-8267
-8267
-8211
-8459
-8299
-8747
-8299
-8923
-8219
-9147
-8315
-9451
-8203
-9731
-8227
-9923
-8291
-10139
-8259
-10355
-8227
-10611
-8307
-10947
-8243
-11067
-8187
-11387
-8307
-11619
-8315
-11907
-8291
-12043
-8195
-12267
-8315
-12571
-8291
-12771
-8291
-13059
-8235
-13299
-8299
-13571
-8211
-13747
-8251
-14003
-8275
-14307
-8291
-14467
-8299
-14779
-8195
-14907
-8291
-15243
-8307
-15451
-8267
-15739
-8299
-15891
-8227
-16211
-8243
-16355
-8243
-16667
-8259
-16899
-8211
-17163
-8259
-17315
-8203
-17619
-8259
-17899
-8275
-18075
-8307
-18363
-8243
-18579
-8251
-18843
-8483
117
-8507
-147
-8491
-331
-8499
-523
-8467
-875
-8515
-1107
-8523
-1331
-8555
-1467
-8539
-1787
-8507
-2019
-8499
-2235
-8499
-2427
-8539
-2667
-8427
-2915
-8491
-3275
-8555
-3507
-8531
-3723
-8507
-3963
-8515
-4131
-8539
-4411
-8491
-4707
-8499
-4851
-8451
-5091
-8459
-5307
-8515
-5579
-8467
-5835
-8531
-6155
-8531
-6355
-8459
-6635
-8531
-6843
-8499
-7075
-8483
-7235
-8515
-7507
-8467
-7763
-8427
-8019
-8523
-8251
-8555
-8435
-8491
-8755
-8555
-8971
-8555
-9251
-8491
-9515
-8539
-9667
-8507
-9979
-8451
-10179
-8515
-10411
-8531
-10707
-8515
-10827
-8499
-11107
-8507
-11411
-8499
-11651
-8499
-11891
-8547
-12123
-8499
-12339
-8531
-12571
-8539
-12859
-8531
-13035
-8475
-13291
-8547
-13563
-8427
-13819
-8435
-13955
-8531
-14187
-8515
-14555
-8499
-14763
-8531
-14971
-8547
-15267
-8491
-15411
-8459
-15691
-8547
-15891
-8467
-16203
-8475
-16435
-8531
-16699
-8491
-16891
-8555
-17163
-8539
-17315
-8475
-17555
-8531
-17827
-8475
-18083
-8499
-18347
-8507
-18547
-8435
-18859
-8771
109
-8731
-147
-8787
-387
-8795
-611
-8763
-779
-8747
-1075
-8795
-1307
-8763
-1483
-8723
-1811
-8795
-1995
-8739
-2203
-8739
-2547
-8739
-2707
-8683
-2971
-8747
-3267
-8699
-3395
-8755
-3715
-8755
-3947
-8787
-4123
-8755
-4403
-8715
-4651
-8787
-4827
-8755
-5123
-8731
-5379
-8771
-5627
-8755
-5827
-8739
-6131
-8763
-6355
-8795
-6539
-8731
-6875
-8747
-7051
-8755
-7291
-8723
-7483
-8739
-7827
-8723
-7979
-8667
-8243
-8779
-8467
-8683
-8731
-8787
-8931
-8771
-9211
-8771
-9451
-8731
-9659
-8691
-9995
-8763
-10195
-8795
-10467
-8731
-10635
-8771
-10851
-8739
-11163
-8755
-11355
-8707
-11611
-8755
-11859
-8787
-12123
-8691
-12315
-8779
-12603
-8779
-12875
-8747
-13107
-8707
-13307
-8795
-13523
-8731
-13731
-8731
-14035
-8771
-14195
-8755
-14451
-8715
-14779
-8715
-14979
-8739
-15235
-8747
-15427
-8779
-15755
-8795
-15883
-8755
-16171
-8683
-16379
-8779
-16603
-8731
-16939
-8747
-17075
-8707
-17379
-8675
-17627
-8715
-17835
-8739
-18051
-8747
-18355
-8739
-18635
-8675
-18859
-9019
125
-9019
-147
-8979
-347
-9035
-507
-8947
-819
-8947
-1035
-8923
-1291
-8963
-1523
-8939
-1811
-9035
-1995
-8947
-2259
-8915
-2451
-8995
-2683
-9019
-2963
-8979
-3187
-8979
-3403
-8947
-3667
-8987
-3947
-8923
-4115
-8947
-4427
-9003
-4627
-8979
-4875
-8995
-5155
-8947
-5371
-8971
-5667
-8979
-5867
-9019
-6115
-8931
-6315
-8971
-6595
-9019
-6787
-8907
-7059
-9027
-7243
-9003
-7507
-8963
-7819
-8979
-7971
-9019
-8259
-8995
-8507
-8971
-8787
-9019
-9003
-8955
-9155
-8971
-9411
-8931
-9731
-8931
-9979
-8963
-10155
-8995
-10371
-8907
-10627
-8971
-10851
-9003
-11099
-9019
-11403
-8947
-11659
-8995
-11803
-8979
-12075
-9003
-12363
-9003
-12611
-8955
-12787
-8955
-13115
-9019
-13251
-9019
-13515
-9011
-13835
-8995
-14003
-9019
-14315
-8947
-14435
-8963
-14763
-8995
-14987
-9027
-15219
-8955
-15467
-8907
-15707
-8963
-15891
-9019
-16139
-8971
-16371
-9035
-16659
-8939
-16851
-8955
-17195
-8995
-17363
-8939
-17635
-8915
-17875
-9035
-18067
-9027
-18307
-8923
-18515
-9011
-18867
-9179
109
-9267
-147
-9235
-275
-9275
-619
-9163
-835
-9275
-1099
-9147
-1307
-9227
-1563
-9163
-1795
-9227
-1987
-9251
-2235
-9219
-2515
-9203
-2763
-9235
-2915
-9195
-3267
-9219
-3411
-9219
-3675
-9235
-3939
-9267
-4235
-9259
-4395
-9187
-4651
-9267
-4843
-9171
-5091
-9267
-5355
-9211
-5675
-9275
-5915
-9179
-6099
-9227
-6283
-9203
-6507
-9275
-6771
-9211
-7051
-9243
-7307
-9243
-7571
-9243
-7835
-9219
-8051
-9259
-8275
-9219
-8531
-9275
-8731
-9195
-9019
-9219
-9195
-9275
-9467
-9219
-9683
-9275
-9971
-9243
-10163
-9203
-10363
-9235
-10595
-9259
-10899
-9179
-11131
-9243
-11379
-9275
-11595
-9267
-11867
-9155
-12091
-9267
-12283
-9251
-12619
-9227
-12795
-9195
-13035
-9243
-13259
-9195
-13523
-9243
-13755
-9235
-14003
-9243
-14259
-9163
-14507
-9235
-14731
-9235
-14971
-9195
-15235
-9251
-15451
-9267
-15739
-9203
-15979
-9203
-16131
-9155
-16363
-9259
-16707
-9203
-16827
-9251
-17147
-9187
-17411
-9195
-17579
-9155
-17811
-9243
-18115
-9235
-18315
-9243
-18627
-9243
-18851
-9491
149
-9499
-83
-9443
-291
-9403
-627
-9467
-803
-9499
-1091
-9491
-1267
-9491
-1547
-9499
-1747
-9475
-2051
-9435
-2235
-9507
-2451
-9403
-2747
-9411
-2995
-9507
-3243
-9419
-3395
-9467
-3627
-9491
-3979
-9491
-4235
-9459
-4435
-9475
-4659
-9483
-4883
-9515
-5187
-9427
-5371
-9515
-5675
-9507
-5859
-9515
-6115
-9507
-6395
-9515
-6627
-9507
-6867
-9507
-7115
-9515
-7323
-9475
-7571
-9507
-7795
-9395
-8027
-9387
-8291
-9459
-8459
-9435
-8707
-9467
-8931
-9491
-9195
-9491
-9475
-9411
-9747
-9395
-9987
-9515
-10155
-9443
-10403
-9499
-10651
-9443
-10827
-9395
-11123
-9515
-11387
-9475
-11603
-9483
-11795
-9459
-12083
-9507
-12315
-9435
-12515
-9507
-12827
-9451
-12987
-9419
-13243
-9491
-13475
-9515
-13819
-9515
-14067
-9467
-14251
-9451
-14483
-9459
-14755
-9507
-15027
-9491
-15155
-9499
-15515
-9483
-15651
-9507
-15907
-9507
-16211
-9483
-16371
-9403
-16707
-9427
-16907
-9515
-17195
-9507
-17411
-9491
-17651
-9499
-17883
-9507
-18131
-9507
-18363
-9443
-18555
-9403
-18875
-9707
141
-9707
-139
-9675
-339
-9747
-627
-9747
-851
-9667
-987
-9723
-1251
-9643
-1547
-9683
-1771
-9755
-2067
-9707
-2243
-9707
-2523
-9715
-2715
-9715
-2939
-9683
-3219
-9747
-3395
-9715
-3731
-9699
-3899
-9643
-4219
-9643
-4363
-9739
-4715
-9651
-4915
-9707
-5091
-9747
-5331
-9659
-5659
-9683
-5843
-9731
-6139
-9755
-6299
-9739
-6635
-9755
-6803
-9699
-7099
-9627
-7307
-9667
-7467
-9627
-7835
-9675
-8075
-9683
-8219
-9667
-8523
-9707
-8723
-9731
-8963
-9667
-9235
-9667
-9507
-9747
-9739
-9699
-9963
-9667
-10123
-9699
-10355
-9715
-10643
-9747
-10867
-9731
-11075
-9731
-11403
-9723
-11579
-9707
-11891
-9675
-12123
-9747
-12371
-9739
-12635
-9723
-12795
-9747
-13099
-9755
-13315
-9755
-13579
-9659
-13827
-9651
-14067
-9675
-14251
-9699
-14499
-9739
-14747
-9691
-15011
-9739
-15243
-9699
-15499
-9723
-15683
-9731
-15923
-9699
-16171
-9707
-16371
-9715
-16611
-9715
-16931
-9691
-17067
-9643
-17411
-9747
-17659
-9659
-17859
-9707
-18107
-9747
-18315
-9683
-18507
-9667
-18827
-9907
125
-9915
-27
-9947
-275
-9955
-635
-9963
-867
-9891
-1067
-9979
-1299
-9931
-1507
-9875
-1707
-9891
-2059
-9979
-2299
-9939
-2515
-9867
-2683
-9995
-2923
-9899
-3187
-9907
-3387
-9979
-3699
-9979
-3987
-9947
-4139
-9955
-4427
-9891
-4611
-9971
-4955
-9979
-5123
-9979
-5363
-9899
-5555
-9939
-5819
-9883
-6059
-9875
-6299
-9947
-6507
-9987
-6787
-9955
-7059
-9979
-7283
-9883
-7491
-9987
-7755
-9979
-7987
-9947
-8267
-9979
-8467
-9971
-8675
-9923
-8995
-9947
-9171
-9939
-9403
-9939
-9627
-9963
-9883
-9995
-10195
-9939
-10443
-9899
-10699
-9915
-10955
-9963
-11163
-9923
-11435
-9923
-11611
-9931
-11795
-9963
-12091
-9963
-12371
-9931
-12603
-9979
-12851
-9995
-13059
-9971
-13227
-9955
-13483
-9995
-13771
-9947
-14051
-9995
-14203
-9979
-14451
-9891
-14675
-9955
-14915
-9907
-15235
-9979
-15427
-9971
-15691
-9971
-15931
-9979
-16131
-9915
-16451
-9947
-16595
-9971
-16955
-9875
-17083
-9963
-17315
-9971
-17611
-9979
-17907
-9947
-18083
-9947
-18307
-9987
-18507
-9963
-18819
-10219
149
-10123
-99
-10227
-331
-10187
-635
-10171
-859
-10227
-1091
-10171
-1251
-10219
-1595
-10155
-1819
-10107
-1963
-10163
-2259
-10163
-2459
-10219
-2787
-10171
-2907
-10179
-3251
-10195
-3443
-10147
-3643
-10131
-3971
-10203
-4123
-10147
-4347
-10203
-4643
-10211
-4843
-10163
-5123
-10187
-5323
-10235
-5611
-10147
-5891
-10163
-6099
-10179
-6275
-10235
-6603
-10187
-6859
-10211
-6995
-10179
-7347
-10235
-7483
-10107
-7803
-10163
-7955
-10235
-8251
-10235
-8531
-10147
-8715
-10195
-8979
-10171
-9227
-10227
-9435
-10235
-9635
-10235
-9995
-10227
-10131
-10203
-10443
-10235
-10635
-10147
-10859
-10195
-11099
-10227
-11379
-10227
-11627
-10163
-11851
-10187
-12099
-10219
-12323
-10179
-12587
-10155
-12787
-10195
-13027
-10211
-13243
-10107
-13555
-10163
-13827
-10155
-14011
-10203
-14299
-10171
-14467
-10219
-14779
-10115
-15027
-10235
-15147
-10219
-15491
-10131
-15635
-10211
-15971
-10179
-16171
-10131
-16459
-10163
-16683
-10219
-16835
-10123
-17091
-10219
-17435
-10203
-17571
-10171
-17827
-10195
-18051
-10147
-18339
-10139
-18611
-10115
-18859
-10451
109
-10427
-67
-10435
-347
-10467
-515
-10443
-787
-10411
-987
-10451
-1355
-10475
-1563
-10467
-1819
-10467
-2003
-10459
-2267
-10459
-2555
-10467
-2787
-10475
-2915
-10459
-3179
-10451
-3467
-10419
-3667
-10475
-3923
-10451
-4123
-10411
-4379
-10443
-4683
-10419
-4915
-10443
-5083
-10451
-5363
-10435
-5563
-10467
-5811
-10451
-6139
-10443
-6291
-10419
-6507
-10451
-6763
-10419
-7019
-10435
-7283
-10451
-7475
-10459
-7803
-10475
-8027
-10475
-8243
-10451
-8459
-10459
-8787
-10451
-8923
-10451
-9195
-10467
-9435
-10467
-9659
-10475
-9979
-10451
-10155
-10451
-10379
-10435
-10635
-10427
-10907
-10459
-11091
-10419
-11419
-10443
-11603
-10427
-11819
-10467
-12067
-10435
-12355
-10435
-12595
-10443
-12763
-10451
-13099
-10411
-13235
-10427
-13563
-10467
-13715
-10475
-13995
-10451
-14235
-10443
-14499
-10475
-14771
-10443
-15019
-10475
-15195
-10459
-15459
-10411
-15755
-10411
-15931
-10459
-16115
-10467
-16475
-10467
-16691
-10467
-16867
-10443
-17083
-10475
-17379
-10467
-17555
-10459
-17867
-10467
-18115
-10411
-18371
-10443
-18531
-10459
-18827
