149
715
179
-67
332
-318
209
-609
232
-813
191
-1057
589
-1236
172
-1525
289
-1712
188
-2003
113
-2235
85
-2485
113
-2767
265
-2925
327
-3213
143
-3445
245
-3683
425
-3967
205
-4143
305
-4391
475
-4679
101
-4823
149
-5139
133
-5363
109
-5631
109
-5827
101
-6047
125
-6371
117
-6559
117
-6739
93
-7059
133
-7235
117
-7523
133
-7727
85
-7999
117
-8291
141
-8415
125
-8687
101
-8979
101
-9199
93
-9367
149
-9707
85
-9995
117
-10179
93
-10379
101
-10619
101
-10947
101
-11067
133
-11307
133
-11603
101
-11843
101
-12035
149
-12275
117
-12619
109
-12835
93
-13067
117
-13323
101
-13483
109
-13731
141
-14067
141
-14203
133
-14451
85
-14707
101
-14947
133
-15267
101
-15499
85
-15635
125
-15995
109
-16163
85
-16419
93
-16691
149
-16955
85
-17067
101
-17379
117
-17635
125
-17835
109
-18115
85
-18387
149
-18611
85
-18875
-95
380
-141
-47
-129
-329
-103
-562
-123
-738
-43
-983
-110
-1258
-135
-1526
-62
-1800
-108
-1971
-7
-2215
-61
-2405
9
-2739
-91
-2903
-107
-3157
-95
-3489
-53
-3659
-105
-3925
-87
-4135
-93
-4407
-111
-4553
-123
-4919
-63
-5131
-147
-5347
-147
-5635
-55
-5799
-59
-6079
-99
-6355
-47
-6623
-51
-6795
-59
-6995
-23
-7247
-107
-7587
-79
-7743
-83
-8047
-67
-8227
-59
-8531
-87
-8659
-147
-8939
-119
-9239
-123
-9399
-51
-9627
-123
-9923
-99
-10187
-51
-10355
-107
-10659
-91
-10883
-139
-11155
-123
-11379
-131
-11555
-107
-11811
-123
-12067
-139
-12387
-115
-12611
-83
-12827
-131
-13035
-139
-13331
-83
-13531
-83
-13803
-147
-14043
-83
-14195
-43
-14435
-91
-14763
-147
-14955
-51
-15163
-59
-15403
-131
-15675
-67
-15923
-139
-16131
-27
-16419
-51
-16611
-99
-16947
-139
-17139
-123
-17379
-131
-17643
-139
-17859
-107
-18131
-123
-18267
-139
-18523
-51
-18827
-339
846
-349
-39
-331
-381
-311
-574
-288
-841
-342
-1027
-329
-1269
-279
-1527
-282
-1715
-271
-2032
-272
-2167
-281
-2503
-265
-2719
-359
-2879
-261
-3229
-307
-3423
-309
-3673
-283
-3879
-359
-4175
-323
-4419
-327
-4653
-307
-4919
-307
-5143
-347
-5339
-363
-5647
-379
-5895
-375
-6043
-351
-6363
-351
-6535
-279
-6763
-311
-7095
-351
-7339
-347
-7567
-383
-7819
-311
-8003
-379
-8195
-355
-8495
-323
-8743
-307
-8955
-299
-9235
-307
-9403
-315
-9667
-379
-9923
-339
-10211
-291
-10347
-395
-10699
-347
-10939
-355
-11123
-283
-11363
-323
-11611
-339
-11907
-347
-12075
-307
-12291
-355
-12579
-275
-12851
-363
-13043
-323
-13347
-371
-13491
-387
-13723
-315
-14051
-291
-14259
-387
-14459
-395
-14715
-291
-15011
-355
-15147
-331
-15387
-323
-15667
-387
-15867
-387
-16115
-371
-16387
-347
-16691
-363
-16947
-371
-17163
-315
-17387
-299
-17627
-363
-17843
-371
-18123
-299
-18315
-331
-18595
-387
-18819
-519
803
-580
-59
-600
-364
-597
-569
-479
-759
-574
-1042
-528
-1332
-571
-1463
-503
-1794
-576
-2051
-554
-2224
-515
-2457
-541
-2775
-597
-2915
-509
-3129
-613
-3501
-505
-3719
-527
-3865
-611
-4151
-579
-4345
-561
-4649
-603
-4875
-619
-5083
-567
-5299
-555
-5675
-551
-5791
-611
-6131
-579
-6327
-603
-6615
-531
-6763
-555
-7083
-595
-7255
-539
-7575
-539
-7763
-503
-7931
-507
-8251
-563
-8459
-619
-8755
-575
-8963
-507
-9175
-563
-9483
-619
-9731
-515
-9915
-523
-10131
-635
-10435
-579
-10699
-563
-10875
-611
-11131
-515
-11371
-515
-11659
-515
-11867
-579
-12075
-523
-12291
-515
-12603
-563
-12787
-627
-12995
-579
-13307
-571
-13571
-611
-13803
-611
-13947
-603
-14211
-619
-14507
-515
-14763
-627
-14923
-555
-15235
-523
-15507
-627
-15667
-595
-15979
-531
-16211
-619
-16355
-603
-16667
-507
-16835
-619
-17115
-595
-17435
-539
-17659
-635
-17835
-531
-18027
-587
-18363
-547
-18523
-507
-18867
-759
206
-815
-96
-834
-347
-781
-480
-794
-834
-818
-997
-797
-1351
-791
-1475
-809
-1805
-743
-1947
-849
-2263
-827
-2413
-815
-2743
-803
-2935
-803
-3247
-833
-3363
-757
-3719
-791
-3943
-845
-4181
-835
-4385
-791
-4619
-795
-4823
-803
-5127
-831
-5347
-783
-5667
-775
-5879
-847
-6131
-843
-6235
-771
-6611
-751
-6779
-831
-7051
-791
-7327
-851
-7491
-843
-7675
-851
-8011
-803
-8219
-807
-8487
-835
-8711
-839
-9035
-779
-9219
-807
-9463
-819
-9683
-867
-9971
-803
-10139
-811
-10363
-827
-10691
-835
-10835
-875
-11179
-819
-11331
-747
-11555
-787
-11795
-859
-12075
-859
-12355
-803
-12579
-795
-12875
-811
-13091
-771
-13235
-867
-13579
-867
-13715
-811
-13979
-787
-14203
-755
-14539
-819
-14707
-771
-14939
-859
-15179
-795
-15435
-875
-15635
-795
-15875
-763
-16107
-867
-16443
-851
-16619
-795
-16851
-867
-17075
-779
-17331
-747
-17675
-875
-17803
-875
-18107
-851
-18355
-811
-18595
-875
-18867
-1091
1282
-1051
-2
-1059
-274
-1083
-571
-1077
-827
-1021
-983
-980
-1327
-1090
-1525
-1003
-1806
-978
-1955
-970
-2218
-1049
-2433
-1053
-2727
-979
-2897
-1029
-3167
-1095
-3421
-1053
-3711
-1083
-3969
-1053
-4167
-1055
-4389
-1059
-4645
-1023
-4915
-1079
-5075
-983
-5423
-1023
-5547
-1055
-5843
-1027
-6019
-1075
-6267
-1103
-6559
-1087
-6779
-1051
-7015
-1063
-7307
-1023
-7459
-1019
-7719
-1035
-8067
-1019
-8179
-971
-8535
-1011
-8703
-1011
-9011
-1083
-9275
-1035
-9499
-1091
-9715
-1075
-9987
-1035
-10203
-1075
-10363
-1019
-10587
-1099
-10883
-1099
-11115
-1027
-11339
-1099
-11659
-1011
-11843
-1075
-12115
-1043
-12363
-1107
-12539
-1075
-12787
-1107
-13115
-1027
-13243
-995
-13595
-1067
-13787
-1059
-13947
-1075
-14211
-1059
-14491
-1035
-14667
-1083
-14947
-1115
-15171
-1019
-15419
-1075
-15755
-1107
-15891
-1011
-16195
-1011
-16355
-1091
-16651
-1043
-16891
-1059
-17107
-1115
-17419
-1067
-17603
-1067
-17851
-987
-18083
-987
-18395
-1075
-18579
-1099
-18875
-1315
1451
-1250
-39
-1335
-299
-1281
-591
-1216
-793
-1283
-967
-1228
-1213
-1319
-1475
-1319
-1795
-1247
-1935
-1339
-2273
-1211
-2403
-1261
-2629
-1307
-2947
-1263
-3227
-1293
-3451
-1263
-3617
-1325
-3927
-1299
-4189
-1319
-4389
-1329
-4665
-1275
-4883
-1271
-5115
-1215
-5323
-1271
-5579
-1267
-5759
-1223
-6067
-1307
-6295
-1255
-6619
-1235
-6823
-1299
-7067
-1255
-7307
-1315
-7511
-1315
-7719
-1291
-8051
-1331
-8199
-1207
-8519
-1327
-8687
-1275
-8915
-1327
-9151
-1355
-9491
-1259
-9635
-1339
-9915
-1291
-10211
-1323
-10379
-1267
-10619
-1275
-10947
-1307
-11123
-1331
-11419
-1275
-11579
-1347
-11851
-1299
-12155
-1299
-12267
-1307
-12635
-1291
-12747
-1299
-13051
-1259
-13355
-1243
-13523
-1227
-13819
-1315
-14019
-1283
-14243
-1315
-14451
-1267
-14675
-1347
-14971
-1323
-15211
-1323
-15435
-1347
-15643
-1235
-15955
-1283
-16219
-1307
-16371
-1331
-16627
-1227
-16859
-1307
-17107
-1267
-17331
-1299
-17651
-1283
-17835
-1243
-18051
-1251
-18395
-1227
-18555
-1339
-18811
-1555
1153
-1541
-67
-1507
-247
-1557
-569
-1525
-715
-1547
-1043
-1495
-1291
-1539
-1531
-1515
-1783
-1533
-2015
-1471
-2203
-1493
-2489
-1563
-2733
-1515
-2971
-1553
-3241
-1467
-3453
-1563
-3655
-1583
-3987
-1447
-4163
-1469
-4455
-1575
-4653
-1499
-4923
-1495
-5131
-1555
-5291
-1575
-5663
-1495
-5827
-1551
-6079
-1499
-6255
-1539
-6579
-1571
-6747
-1559
-7003
-1483
-7203
-1519
-7447
-1539
-7799
-1523
-8011
-1595
-8251
-1463
-8423
-1487
-8679
-1543
-8919
-1555
-9227
-1547
-9367
-1563
-9723
-1523
-9955
-1499
-10155
-1579
-10427
-1579
-10667
-1507
-10915
-1547
-11115
-1499
-11411
-1507
-11675
-1595
-11827
-1555
-12067
-1491
-12387
-1491
-12571
-1507
-12755
-1555
-13091
-1563
-13243
-1467
-13475
-1595
-13835
-1579
-13979
-1523
-14283
-1579
-14443
-1571
-14691
-1539
-14995
-1467
-15235
-1491
-15499
-1587
-15667
-1515
-15995
-1579
-16195
-1571
-16411
-1539
-16659
-1531
-16915
-1571
-17083
-1587
-17395
-1563
-17563
-1547
-17859
-1491
-18123
-1523
-18299
-1547
-18523
-1531
-18875
-1759
249
-1689
-5
-1793
-343
-1747
-517
-1795
-809
-1709
-959
-1741
-1339
-1729
-1515
-1821
-1731
-1751
-1971
-1811
-2283
-1715
-2459
-1773
-2703
-1777
-2943
-1747
-3213
-1725
-3497
-1759
-3715
-1795
-3905
-1803
-4099
-1769
-4343
-1747
-4699
-1811
-4923
-1783
-5147
-1747
-5299
-1755
-5523
-1795
-5899
-1791
-6147
-1735
-6267
-1723
-6563
-1763
-6851
-1775
-7083
-1743
-7267
-1715
-7463
-1763
-7755
-1723
-7995
-1811
-8187
-1771
-8527
-1727
-8755
-1707
-8899
-1795
-9227
-1795
-9375
-1835
-9707
-1731
-9939
-1803
-10203
-1787
-10387
-1803
-10683
-1771
-10923
-1819
-11163
-1819
-11403
-1763
-11579
-1763
-11875
-1739
-12051
-1819
-12355
-1835
-12515
-1835
-12875
-1803
-12995
-1795
-13315
-1755
-13539
-1747
-13795
-1715
-14027
-1803
-14315
-1747
-14523
-1811
-14667
-1787
-15035
-1731
-15155
-1827
-15427
-1747
-15643
-1747
-15875
-1819
-16227
-1763
-16371
-1763
-16675
-1779
-16907
-1819
-17067
-1763
-17379
-1755
-17659
-1715
-17795
-1747
-18083
-1763
-18307
-1739
-18635
-1739
-18859
-2075
457
-1991
-143
-1987
-305
-2045
-513
-2027
-797
-2005
-1015
-2035
-1319
-2009
-1553
-1957
-1759
-2011
-1957
-2031
-2213
-2045
-2521
-2021
-2683
-2061
-2963
-1979
-3219
-2025
-3427
-2039
-3653
-2035
-3887
-1971
-4203
-2055
-4355
-2007
-4659
-2055
-4927
-2047
-5083
-1967
-5407
-2031
-5567
-1939
-5855
-1991
-6063
-2015
-6327
-1955
-6571
-2031
-6831
-2011
-7055
-2047
-7275
-1935
-7507
-2027
-7759
-2075
-7979
-2031
-8215
-2007
-8427
-2031
-8683
-2023
-9027
-2031
-9143
-1995
-9491
-2075
-9707
-2043
-9875
-2067
-10187
-2011
-10419
-1995
-10635
-2051
-10955
-1963
-11107
-2019
-11435
-2035
-11659
-2019
-11883
-1979
-12035
-2043
-12363
-1995
-12579
-2059
-12835
-1979
-13019
-2075
-13235
-2027
-13595
-2067
-13787
-1947
-13947
-2067
-14275
-2019
-14507
-2019
-14683
-2059
-15027
-2051
-15219
-2027
-15443
-2075
-15675
-1947
-15971
-2027
-16179
-2019
-16379
-2043
-16683
-2067
-16843
-1979
-17115
-2059
-17307
-2019
-17635
-2075
-17819
-2067
-18051
-2003
-18275
-2019
-18539
-2035
-18835
-2275
245
-2275
-13
-2203
-267
-2179
-531
-2245
-761
-2259
-1095
-2171
-1301
-2267
-1589
-2295
-1723
-2233
-2055
-2279
-2277
-2223
-2507
-2165
-2733
-2175
-2995
-2207
-3207
-2265
-3469
-2211
-3709
-2249
-3875
-2193
-4215
-2259
-4389
-2275
-4627
-2307
-4915
-2227
-5123
-2227
-5335
-2223
-5567
-2263
-5791
-2235
-6083
-2287
-6371
-2283
-6491
-2251
-6755
-2307
-7115
-2243
-7287
-2203
-7515
-2191
-7815
-2215
-7971
-2203
-8295
-2263
-8407
-2215
-8787
-2187
-8899
-2279
-9159
-2255
-9419
-2307
-9723
-2259
-9875
-2275
-10187
-2275
-10395
-2219
-10635
-2283
-10883
-2259
-11099
-2307
-11363
-2283
-11667
-2291
-11803
-2291
-12155
-2291
-12371
-2259
-12571
-2243
-12763
-2283
-13107
-2267
-13235
-2315
-13507
-2307
-13707
-2315
-14011
-2291
-14227
-2291
-14555
-2203
-14707
-2275
-14995
-2283
-15147
-2219
-15483
-2235
-15699
-2315
-15875
-2275
-16115
-2235
-16379
-2251
-16635
-2307
-16899
-2307
-17155
-2283
-17403
-2195
-17627
-2259
-17915
-2219
-18131
-2235
-18363
-2275
-18547
-2307
-18811
-2459
415
-2539
-57
-2551
-251
-2537
-499
-2535
-835
-2417
-1101
-2529
-1259
-2509
-1589
-2461
-1759
-2535
-2019
-2523
-2243
-2505
-2417
-2415
-2661
-2539
-2943
-2427
-3155
-2503
-3369
-2427
-3703
-2497
-3963
-2401
-4101
-2535
-4379
-2457
-4643
-2547
-4927
-2475
-5139
-2539
-5371
-2495
-5627
-2439
-5807
-2431
-6119
-2551
-6323
-2451
-6611
-2443
-6787
-2487
-7031
-2439
-7327
-2443
-7467
-2439
-7787
-2483
-7987
-2443
-8291
-2411
-8443
-2495
-8759
-2499
-8967
-2511
-9255
-2515
-9507
-2499
-9659
-2467
-9955
-2555
-10235
-2523
-10435
-2515
-10587
-2435
-10843
-2467
-11099
-2547
-11363
-2555
-11651
-2547
-11851
-2547
-12131
-2523
-12323
-2547
-12523
-2523
-12875
-2499
-13075
-2555
-13243
-2555
-13571
-2483
-13747
-2467
-14011
-2515
-14299
-2539
-14483
-2523
-14667
-2451
-14939
-2467
-15267
-2475
-15507
-2507
-15651
-2459
-15963
-2483
-16179
-2507
-16435
-2523
-16603
-2539
-16899
-2507
-17139
-2531
-17419
-2531
-17667
-2539
-17787
-2555
-18147
-2547
-18355
-2467
-18523
-2539
-18859
-2683
211
-2747
-147
-2675
-297
-2731
-503
-2667
-751
-2767
-987
-2759
-1215
-2739
-1523
-2703
-1811
-2751
-2015
-2695
-2203
-2751
-2503
-2791
-2659
-2759
-2919
-2703
-3267
-2787
-3375
-2787
-3675
-2763
-3879
-2739
-4151
-2635
-4351
-2767
-4603
-2723
-4835
-2767
-5167
-2703
-5371
-2771
-5519
-2743
-5779
-2755
-6099
-2775
-6283
-2687
-6579
-2747
-6755
-2751
-7071
-2735
-7291
-2759
-7539
-2687
-7747
-2775
-7943
-2663
-8231
-2739
-8419
-2663
-8779
-2647
-8967
-2751
-9219
-2651
-9419
-2771
-9667
-2731
-9963
-2739
-10115
-2699
-10451
-2667
-10707
-2787
-10843
-2667
-11155
-2787
-11435
-2779
-11603
-2707
-11891
-2683
-12059
-2795
-12347
-2723
-12507
-2795
-12779
-2779
-13027
-2715
-13307
-2699
-13595
-2779
-13707
-2675
-14027
-2763
-14267
-2691
-14467
-2715
-14715
-2675
-15027
-2691
-15195
-2683
-15499
-2715
-15715
-2723
-15923
-2739
-16195
-2747
-16467
-2747
-16659
-2707
-16843
-2747
-17099
-2699
-17427
-2715
-17571
-2779
-17891
-2771
-18075
-2691
-18315
-2779
-18635
-2779
-18875
-3027
109
-3003
-11
-2967
-307
-2979
-499
-2907
-799
-2995
-1023
-3003
-1335
-3019
-1547
-2927
-1827
-2959
-1955
-2911
-2283
-2983
-2503
-3011
-2691
-2971
-3031
-2995
-3155
-2959
-3483
-2919
-3619
-3003
-3951
-2987
-4095
-2967
-4447
-2911
-4643
-2995
-4835
-3015
-5175
-3019
-5315
-2971
-5635
-3007
-5775
-2991
-6139
-2951
-6351
-3011
-6555
-2995
-6779
-2955
-7079
-3027
-7195
-2923
-7451
-2979
-7707
-2951
-7931
-2971
-8219
-3011
-8483
-2999
-8779
-2999
-8987
-2911
-9243
-2995
-9507
-2931
-9635
-2931
-9995
-3035
-10219
-2995
-10363
-2963
-10683
-2987
-10875
-2923
-11171
-3035
-11387
-3019
-11627
-3011
-11867
-3019
-12083
-2979
-12291
-3035
-12627
-3027
-12851
-3003
-13091
-3003
-13267
-2971
-13547
-3003
-13771
-3019
-14003
-2963
-14275
-2939
-14507
-2947
-14787
-3019
-14979
-2915
-15155
-2979
-15515
-2987
-15659
-2995
-15931
-3003
-16203
-3019
-16451
-2923
-16635
-3035
-16907
-2979
-17091
-2955
-17363
-2907
-17547
-3019
-17907
-3011
-18091
-2931
-18355
-3035
-18507
-3003
-18851
-3251
141
-3143
-19
-3139
-331
-3155
-527
-3171
-759
-3187
-1023
-3227
-1331
-3235
-1583
-3231
-1795
-3259
-1967
-3223
-2219
-3251
-2495
-3255
-2699
-3175
-2923
-3187
-3211
-3243
-3367
-3207
-3635
-3239
-3991
-3239
-4115
-3267
-4403
-3215
-4679
-3247
-4795
-3203
-5107
-3227
-5403
-3183
-5579
-3227
-5855
-3239
-6027
-3235
-6299
-3151
-6579
-3247
-6827
-3195
-6991
-3175
-7315
-3167
-7455
-3207
-7743
-3247
-7963
-3175
-8287
-3135
-8439
-3251
-8775
-3183
-8983
-3155
-9139
-3247
-9475
-3147
-9627
-3251
-9987
-3211
-10187
-3275
-10395
-3267
-10611
-3259
-10867
-3155
-11123
-3275
-11339
-3251
-11635
-3235
-11915
-3187
-12107
-3267
-12371
-3163
-12571
-3195
-12851
-3187
-13067
-3227
-13299
-3275
-13595
-3163
-13811
-3147
-13955
-3219
-14251
-3251
-14491
-3163
-14771
-3171
-15011
-3195
-15275
-3251
-15475
-3259
-15627
-3203
-15955
-3275
-16227
-3267
-16411
-3187
-16643
-3163
-16835
-3251
-17067
-3275
-17411
-3275
-17571
-3203
-17875
-3235
-18107
-3195
-18371
-3171
-18515
-3243
-18859
-3415
149
-3455
-55
-3387
-239
-3483
-595
-3475
-791
-3467
-1115
-3463
-1307
-3407
-1535
-3447
-1811
-3395
-1975
-3459
-2183
-3495
-2427
-3451
-2659
-3435
-2991
-3491
-3195
-3395
-3403
-3439
-3751
-3471
-3927
-3491
-4107
-3463
-4427
-3459
-4615
-3491
-4851
-3471
-5095
-3507
-5355
-3475
-5547
-3507
-5887
-3475
-6095
-3491
-6331
-3375
-6515
-3371
-6847
-3411
-7039
-3399
-7223
-3475
-7527
-3491
-7751
-3475
-7995
-3459
-8207
-3487
-8499
-3475
-8751
-3459
-8975
-3499
-9199
-3451
-9375
-3427
-9747
-3467
-9979
-3459
-10211
-3467
-10419
-3499
-10675
-3491
-10923
-3491
-11091
-3491
-11403
-3459
-11611
-3483
-11803
-3475
-12027
-3387
-12275
-3451
-12603
-3507
-12827
-3515
-13115
-3459
-13251
-3499
-13547
-3515
-13731
-3467
-14067
-3507
-14307
-3459
-14531
-3491
-14763
-3467
-14907
-3411
-15267
-3515
-15459
-3507
-15643
-3507
-15939
-3443
-16211
-3475
-16403
-3507
-16635
-3411
-16923
-3443
-17091
-3499
-17395
-3427
-17579
-3483
-17787
-3483
-18059
-3419
-18267
-3499
-18547
-3507
-18875
-3667
133
-3667
-123
-3687
-315
-3679
-531
-3635
-759
-3667
-1063
-3659
-1199
-3723
-1563
-3727
-1783
-3655
-1979
-3691
-2235
-3635
-2427
-3731
-2711
-3699
-2911
-3607
-3271
-3719
-3431
-3659
-3747
-3719
-3919
-3679
-4163
-3619
-4411
-3739
-4643
-3647
-4871
-3731
-5071
-3683
-5347
-3695
-5527
-3619
-5795
-3691
-6063
-3727
-6363
-3747
-6571
-3639
-6843
-3747
-7051
-3743
-7319
-3711
-7459
-3739
-7683
-3743
-8007
-3727
-8247
-3747
-8451
-3627
-8659
-3711
-8887
-3635
-9215
-3699
-9375
-3627
-9723
-3675
-9995
-3715
-10155
-3723
-10443
-3755
-10651
-3731
-10851
-3715
-11163
-3627
-11307
-3723
-11643
-3747
-11875
-3683
-12115
-3635
-12339
-3739
-12523
-3747
-12787
-3683
-13115
-3755
-13339
-3691
-13579
-3667
-13819
-3643
-14019
-3627
-14307
-3707
-14435
-3667
-14707
-3667
-15027
-3707
-15243
-3635
-15411
-3691
-15691
-3699
-15923
-3691
-16155
-3731
-16443
-3675
-16651
-3627
-16947
-3755
-17115
-3747
-17339
-3747
-17579
-3755
-17787
-3731
-18043
-3675
-18395
-3675
-18579
-3715
-18867
-3963
149
-3971
-15
-3843
-287
-3887
-523
-3935
-747
-3939
-1087
-3959
-1327
-3851
-1559
-3943
-1791
-3875
-2063
-3923
-2263
-3955
-2515
-3895
-2719
-3955
-2963
-3991
-3275
-3975
-3427
-3975
-3699
-3851
-3943
-3971
-4131
-3903
-4363
-3919
-4671
-3995
-4835
-3955
-5127
-3963
-5363
-3895
-5555
-3975
-5835
-3971
-6111
-3931
-6255
-3907
-6575
-3919
-6815
-3919
-7019
-3915
-7255
-3987
-7495
-3923
-7767
-3915
-8023
-3963
-8195
-3979
-8471
-3867
-8747
-3975
-8907
-3935
-9159
-3907
-9419
-3963
-9667
-3995
-9971
-3995
-10211
-3947
-10467
-3907
-10675
-3987
-10859
-3891
-11179
-3875
-11323
-3939
-11555
-3931
-11795
-3939
-12083
-3987
-12307
-3907
-12587
-3979
-12859
-3899
-13035
-3995
-13235
-3995
-13499
-3915
-13707
-3963
-13971
-3987
-14283
-3955
-14523
-3867
-14787
-3955
-15027
-3891
-15179
-3891
-15395
-3931
-15723
-3995
-15979
-3979
-16195
-3883
-16411
-3987
-16611
-3955
-16835
-3907
-17107
-3971
-17363
-3939
-17619
-3883
-17875
-3915
-18139
-3931
-18275
-3867
-18563
-3899
-18843
-4115
125
-4227
-131
-4171
-311
-4175
-535
-4207
-731
-4179
-991
-4135
-1271
-4211
-1471
-4211
-1807
-4135
-1987
-4083
-2227
-4207
-2499
-4107
-2699
-4167
-3027
-4159
-3151
-4227
-3387
-4179
-3695
-4115
-3951
-4167
-4103
-4183
-4475
-4151
-4715
-4115
-4887
-4115
-5131
-4123
-5411
-4131
-5599
-4191
-5871
-4159
-6051
-4207
-6307
-4163
-6587
-4223
-6859
-4143
-7099
-4119
-7267
-4123
-7539
-4215
-7747
-4119
-7991
-4143
-8191
-4215
-8447
-4235
-8759
-4131
-8959
-4183
-9155
-4187
-9491
-4211
-9643
-4187
-9907
-4235
-10211
-4211
-10363
-4155
-10619
-4235
-10859
-4219
-11163
-4155
-11331
-4227
-11579
-4115
-11827
-4211
-12155
-4227
-12355
-4211
-12547
-4227
-12795
-4171
-13019
-4235
-13355
-4203
-13555
-4203
-13771
-4179
-13995
-4211
-14291
-4163
-14515
-4211
-14707
-4171
-14939
-4139
-15187
-4115
-15443
-4131
-15667
-4235
-15939
-4219
-16123
-4107
-16411
-4227
-16587
-4203
-16947
-4115
-17195
-4131
-17307
-4195
-17675
-4179
-17819
-4107
-18067
-4123
-18283
-4115
-18507
-4227
-18875
-4407
109
-4467
-87
-4319
-351
-4359
-595
-4327
-859
-4411
-1011
-4379
-1247
-4451
-1503
-4355
-1831
-4439
-2047
-4391
-2287
-4447
-2463
-4379
-2731
-4431
-3023
-4427
-3191
-4323
-3435
-4415
-3739
-4455
-3939
-4383
-4183
-4363
-4443
-4451
-4687
-4411
-4863
-4415
-5171
-4427
-5355
-4427
-5647
-4419
-5907
-4443
-6051
-4395
-6323
-4335
-6551
-4451
-6835
-4355
-7071
-4451
-7327
-4391
-7495
-4463
-7707
-4399
-7935
-4367
-8235
-4367
-8547
-4415
-8791
-4375
-8887
-4475
-9231
-4375
-9391
-4467
-9707
-4451
-9915
-4403
-10187
-4475
-10379
-4403
-10715
-4435
-10851
-4403
-11139
-4475
-11427
-4451
-11659
-4467
-11787
-4459
-12059
-4459
-12355
-4347
-12507
-4379
-12779
-4419
-13051
-4467
-13347
-4467
-13563
-4355
-13747
-4435
-13995
-4419
-14219
-4467
-14499
-4451
-14771
-4363
-15035
-4363
-15259
-4451
-15507
-4411
-15731
-4355
-15891
-4387
-16195
-4459
-16347
-4379
-16691
-4427
-16835
-4467
-17107
-4451
-17355
-4411
-17619
-4363
-17795
-4395
-18083
-4387
-18283
-4467
-18547
-4371
-18859
-4651
133
-4655
-47
-4679
-355
-4687
-531
-4671
-847
-4691
-1071
-4599
-1327
-4687
-1539
-4603
-1719
-4655
-2003
-4635
-2179
-4651
-2403
-4683
-2683
-4611
-2907
-4715
-3163
-4687
-3403
-4647
-3715
-4663
-3951
-4687
-4135
-4667
-4395
-4611
-4675
-4647
-4863
-4659
-5095
-4647
-5307
-4695
-5579
-4571
-5831
-4671
-6019
-4703
-6335
-4607
-6567
-4639
-6815
-4619
-7007
-4659
-7291
-4615
-7507
-4635
-7715
-4647
-8055
-4647
-8191
-4631
-8463
-4703
-8695
-4659
-8951
-4619
-9243
-4599
-9383
-4667
-9643
-4667
-9867
-4691
-10171
-4715
-10459
-4587
-10683
-4675
-10907
-4643
-11091
-4699
-11411
-4715
-11619
-4707
-11811
-4691
-12147
-4683
-12363
-4691
-12515
-4619
-12875
-4619
-13099
-4683
-13259
-4699
-13483
-4643
-13803
-4715
-13947
-4715
-14267
-4691
-14459
-4635
-14747
-4707
-15003
-4627
-15179
-4667
-15419
-4715
-15683
-4627
-15907
-4707
-16203
-4619
-16379
-4667
-16707
-4675
-16843
-4699
-17107
-4659
-17355
-4699
-17659
-4587
-17811
-4659
-18139
-4667
-18355
-4699
-18547
-4619
-18843
-4847
141
-4883
-51
-4943
-295
-4947
-603
-4815
-855
-4899
-1035
-4891
-1295
-4903
-1483
-4835
-1723
-4859
-2047
-4943
-2267
-4851
-2523
-4955
-2727
-4835
-2955
-4895
-3183
-4871
-3387
-4939
-3715
-4823
-3875
-4875
-4187
-4955
-4427
-4939
-4587
-4863
-4851
-4915
-5051
-4927
-5327
-4863
-5567
-4831
-5827
-4843
-6011
-4911
-6311
-4843
-6511
-4935
-6719
-4867
-6971
-4899
-7259
-4851
-7519
-4947
-7755
-4815
-8011
-4907
-8227
-4899
-8495
-4943
-8675
-4927
-8891
-4887
-9203
-4931
-9387
-4947
-9627
-4859
-9867
-4939
-10219
-4915
-10371
-4859
-10651
-4931
-10827
-4923
-11155
-4907
-11403
-4939
-11619
-4915
-11875
-4859
-12139
-4899
-12291
-4859
-12635
-4851
-12779
-4939
-12995
-4859
-13299
-4875
-13539
-4835
-13803
-4939
-14027
-4915
-14283
-4899
-14443
-4899
-14779
-4915
-15019
-4851
-15235
-4947
-15411
-4827
-15723
-4891
-15899
-4923
-16131
-4899
-16451
-4907
-16635
-4939
-16835
-4955
-17163
-4899
-17419
-4939
-17627
-4851
-17891
-4899
-18147
-4931
-18371
-4875
-18523
-4883
-18859
-5075
149
-5179
-11
-5123
-287
-5107
-487
-5167
-859
-5071
-1087
-5131
-1263
-5159
-1503
-5103
-1759
-5151
-2023
-5159
-2179
-5151
-2527
-5159
-2687
-5163
-3035
-5123
-3139
-5179
-3387
-5039
-3731
-5111
-3839
-5119
-4091
-5163
-4403
-5111
-4703
-5143
-4911
-5179
-5095
-5115
-5331
-5119
-5547
-5083
-5783
-5179
-6031
-5083
-6279
-5071
-6575
-5123
-6843
-5079
-7059
-5127
-7259
-5119
-7555
-5147
-7695
-5123
-8051
-5183
-8271
-5163
-8483
-5155
-8751
-5067
-8895
-5143
-9167
-5071
-9463
-5171
-9667
-5139
-9955
-5107
-10139
-5091
-10371
-5123
-10715
-5179
-10947
-5179
-11123
-5075
-11411
-5187
-11659
-5179
-11827
-5171
-12075
-5131
-12339
-5187
-12611
-5083
-12811
-5187
-13083
-5107
-13251
-5179
-13539
-5171
-13787
-5115
-14059
-5147
-14219
-5083
-14427
-5179
-14723
-5083
-14923
-5195
-15227
-5131
-15515
-5187
-15691
-5099
-15875
-5179
-16155
-5187
-16411
-5107
-16675
-5099
-16827
-5139
-17147
-5187
-17427
-5171
-17587
-5195
-17883
-5107
-18051
-5195
-18363
-5163
-18595
-5083
-18867
-5395
125
-5323
5
-5395
-279
-5419
-523
-5435
-803
-5395
-1103
-5435
-1259
-5395
-1579
-5411
-1723
-5379
-2051
-5435
-2315
-5427
-2507
-5315
-2667
-5435
-2947
-5427
-3251
-5339
-3479
-5347
-3723
-5315
-3871
-5411
-4131
-5323
-4323
-5427
-4707
-5331
-4903
-5339
-5123
-5355
-5363
-5419
-5627
-5435
-5843
-5435
-6123
-5347
-6391
-5427
-6507
-5387
-6771
-5379
-7035
-5363
-7243
-5411
-7515
-5403
-7779
-5419
-7987
-5427
-8251
-5395
-8435
-5419
-8779
-5379
-8939
-5371
-9271
-5427
-9451
-5347
-9715
-5379
-9987
-5379
-10107
-5419
-10363
-5347
-10587
-5419
-10923
-5379
-11139
-5315
-11323
-5403
-11627
-5395
-11875
-5355
-12075
-5427
-12395
-5395
-12603
-5315
-12859
-5403
-13027
-5363
-13315
-5387
-13595
-5395
-13763
-5411
-13963
-5411
-14267
-5379
-14555
-5347
-14723
-5323
-15019
-5411
-15211
-5363
-15419
-5435
-15643
-5403
-15907
-5323
-16171
-5435
-16371
-5435
-16619
-5403
-16851
-5323
-17107
-5339
-17307
-5315
-17611
-5347
-17915
-5355
-18139
-5411
-18291
-5331
-18563
-5355
-18843
-5659
117
-5587
-123
-5555
-347
-5675
-523
-5555
-795
-5635
-1083
-5635
-1339
-5667
-1571
-5587
-1795
-5603
-2067
-5651
-2267
-5667
-2435
-5675
-2771
-5563
-2979
-5547
-3235
-5675
-3507
-5627
-3747
-5619
-3963
-5627
-4219
-5659
-4475
-5587
-4587
-5595
-4827
-5595
-5187
-5547
-5347
-5563
-5595
-5563
-5883
-5619
-6123
-5651
-6275
-5587
-6555
-5619
-6843
-5619
-7027
-5595
-7339
-5675
-7571
-5635
-7747
-5595
-8027
-5627
-8203
-5643
-8435
-5635
-8787
-5675
-8923
-5651
-9267
-5611
-9435
-5603
-9667
-5667
-9963
-5651
-10163
-5619
-10419
-5651
-10683
-5675
-10835
-5643
-11067
-5571
-11411
-5619
-11659
-5651
-11787
-5587
-12067
-5643
-12355
-5667
-12587
-5659
-12819
-5579
-12987
-5603
-13267
-5643
-13547
-5651
-13795
-5675
-14003
-5659
-14235
-5635
-14515
-5563
-14771
-5555
-14979
-5627
-15267
-5675
-15507
-5635
-15667
-5587
-15867
-5555
-16147
-5643
-16435
-5675
-16619
-5643
-16907
-5571
-17139
-5643
-17363
-5603
-17579
-5587
-17803
-5627
-18035
-5587
-18387
-5635
-18627
-5643
-18851
-5827
133
-5867
-43
-5819
-379
-5875
-571
-5803
-803
-5867
-1027
-5811
-1331
-5899
-1563
-5859
-1803
-5891
-2035
-5835
-2219
-5787
-2507
-5883
-2739
-5835
-3027
-5795
-3147
-5835
-3395
-5819
-3659
-5819
-3867
-5875
-4171
-5875
-4355
-5843
-4619
-5843
-4899
-5883
-5075
-5915
-5395
-5875
-5651
-5827
-5875
-5867
-6051
-5875
-6267
-5859
-6531
-5883
-6875
-5915
-7051
-5907
-7355
-5795
-7579
-5899
-7755
-5835
-8051
-5811
-8195
-5811
-8523
-5907
-8779
-5843
-8971
-5891
-9235
-5795
-9451
-5907
-9739
-5875
-9987
-5795
-10107
-5915
-10403
-5787
-10619
-5875
-10827
-5843
-11115
-5891
-11403
-5915
-11579
-5907
-11827
-5835
-12147
-5867
-12315
-5835
-12587
-5883
-12827
-5883
-13075
-5915
-13259
-5835
-13547
-5803
-13707
-5803
-14059
-5883
-14203
-5859
-14539
-5907
-14763
-5851
-14955
-5859
-15235
-5827
-15395
-5891
-15675
-5851
-15867
-5883
-16195
-5875
-16419
-5899
-16635
-5867
-16955
-5899
-17187
-5843
-17403
-5787
-17643
-5843
-17907
-5803
-18115
-5811
-18355
-5835
-18555
-5859
-18851
-6131
133
-6107
-51
-6075
-387
-6099
-619
-6147
-755
-6067
-1107
-6139
-1227
-6099
-1595
-6083
-1755
-6083
-2067
-6043
-2275
-6155
-2427
-6099
-2731
-6115
-2971
-6123
-3179
-6155
-3459
-6059
-3747
-6099
-3883
-6099
-4195
-6035
-4443
-6083
-4595
-6051
-4923
-6051
-5091
-6075
-5323
-6123
-5659
-6147
-5851
-6107
-6059
-6115
-6291
-6147
-6627
-6107
-6875
-6115
-7051
-6155
-7227
-6147
-7475
-6131
-7739
-6155
-8003
-6155
-8243
-6155
-8459
-6099
-8787
-6035
-9011
-6139
-9155
-6115
-9451
-6067
-9635
-6107
-9883
-6155
-10203
-6059
-10475
-6107
-10675
-6107
-10875
-6123
-11163
-6155
-11435
-6027
-11595
-6147
-11907
-6059
-12027
-6155
-12339
-6099
-12507
-6099
-12779
-6027
-13051
-6139
-13251
-6091
-13547
-6115
-13771
-6123
-13955
-6147
-14187
-6051
-14507
-6043
-14779
-6155
-14915
-6091
-15203
-6099
-15387
-6155
-15723
-6107
-15987
-6139
-16155
-6123
-16435
-6075
-16627
-6075
-16947
-6123
-17067
-6155
-17379
-6107
-17555
-6107
-17859
-6147
-18131
-6091
-18331
-6123
-18563
-6067
-18867
-6299
141
-6323
-67
-6315
-363
-6307
-523
-6355
-747
-6323
-1043
-6275
-1251
-6355
-1555
-6283
-1739
-6387
-2043
-6347
-2299
-6379
-2475
-6307
-2795
-6379
-2963
-6371
-3195
-6347
-3475
-6387
-3739
-6339
-3979
-6355
-4203
-6299
-4475
-6379
-4587
-6283
-4859
-6291
-5067
-6339
-5315
-6307
-5579
-6307
-5875
-6371
-6051
-6363
-6315
-6323
-6515
-6291
-6819
-6355
-7083
-6395
-7291
-6291
-7467
-6347
-7715
-6291
-8043
-6283
-8315
-6395
-8467
-6291
-8723
-6323
-9019
-6347
-9219
-6395
-9427
-6387
-9707
-6275
-9899
-6307
-10187
-6307
-10363
-6347
-10667
-6387
-10859
-6371
-11179
-6323
-11371
-6267
-11563
-6331
-11867
-6315
-12035
-6283
-12379
-6347
-12619
-6363
-12875
-6371
-13083
-6387
-13347
-6355
-13571
-6331
-13707
-6339
-14067
-6291
-14291
-6275
-14531
-6315
-14699
-6283
-15003
-6331
-15163
-6371
-15411
-6395
-15635
-6355
-15939
-6355
-16171
-6315
-16451
-6315
-16659
-6355
-16827
-6379
-17107
-6379
-17339
-6395
-17659
-6339
-17891
-6347
-18115
-6339
-18307
-6323
-18563
-6323
-18835
-6539
149
-6507
-99
-6579
-387
-6635
-627
-6515
-795
-6515
-1043
-6579
-1251
-6531
-1595
-6571
-1707
-6619
-2027
-6619
-2219
-6579
-2451
-6523
-2667
-6515
-2931
-6595
-3187
-6603
-3443
-6579
-3755
-6515
-3915
-6579
-4187
-6523
-4451
-6579
-4675
-6555
-4923
-6507
-5099
-6635
-5395
-6595
-5619
-6611
-5915
-6515
-6115
-6611
-6371
-6555
-6539
-6515
-6875
-6507
-7043
-6611
-7299
-6611
-7539
-6635
-7771
-6523
-7987
-6619
-8283
-6571
-8483
-6619
-8683
-6587
-8907
-6635
-9195
-6619
-9483
-6587
-9651
-6555
-9875
-6595
-10107
-6635
-10371
-6523
-10683
-6627
-10891
-6579
-11107
-6603
-11395
-6587
-11555
-6571
-11883
-6595
-12043
-6619
-12363
-6627
-12531
-6515
-12843
-6555
-13067
-6571
-13331
-6627
-13555
-6635
-13707
-6571
-14051
-6555
-14267
-6515
-14547
-6547
-14787
-6627
-14987
-6531
-15171
-6555
-15387
-6523
-15667
-6547
-15875
-6531
-16195
-6619
-16363
-6539
-16611
-6563
-16867
-6635
-17171
-6563
-17387
-6603
-17635
-6507
-17843
-6611
-18059
-6531
-18267
-6627
-18507
-6611
-18851
-6771
149
-6779
-75
-6755
-323
-6787
-571
-6851
-747
-6803
-1011
-6771
-1307
-6803
-1475
-6771
-1771
-6875
-2043
-6835
-2235
-6843
-2547
-6835
-2739
-6771
-2931
-6835
-3179
-6819
-3411
-6867
-3667
-6811
-3923
-6779
-4195
-6763
-4427
-6875
-4643
-6875
-4939
-6867
-5179
-6779
-5411
-6851
-5627
-6795
-5859
-6755
-6091
-6867
-6299
-6851
-6547
-6771
-6811
-6843
-7043
-6763
-7275
-6843
-7507
-6875
-7795
-6851
-8067
-6803
-8243
-6851
-8475
-6771
-8739
-6811
-8979
-6827
-9275
-6811
-9515
-6747
-9755
-6851
-9899
-6747
-10131
-6867
-10403
-6875
-10611
-6747
-10827
-6811
-11107
-6819
-11331
-6763
-11587
-6851
-11883
-6819
-12139
-6875
-12283
-6867
-12619
-6811
-12843
-6787
-12987
-6843
-13307
-6835
-13579
-6835
-13715
-6843
-14067
-6803
-14187
-6779
-14539
-6859
-14667
-6787
-14939
-6811
-15203
-6755
-15491
-6867
-15643
-6851
-15915
-6827
-16163
-6803
-16443
-6779
-16635
-6843
-16851
-6859
-17155
-6803
-17355
-6875
-17603
-6867
-17811
-6843
-18115
-6803
-18363
-6827
-18539
-6843
-18819
-7075
149
-7075
-115
-7115
-323
-7059
-635
-7011
-763
-7035
-1075
-7059
-1299
-7083
-1531
-7067
-1715
-7099
-2003
-7059
-2307
-6995
-2547
-7107
-2787
-7083
-3027
-7115
-3203
-7107
-3411
-7099
-3739
-7059
-3939
-7075
-4203
-7043
-4427
-6995
-4651
-7067
-4955
-7035
-5147
-7099
-5347
-7027
-5675
-7115
-5787
-7051
-6083
-7043
-6339
-7083
-6611
-7059
-6779
-6995
-7099
-7035
-7227
-7027
-7555
-7067
-7715
-7035
-8043
-7083
-8315
-7043
-8435
-7051
-8723
-7011
-8963
-7099
-9203
-7067
-9443
-7043
-9747
-7019
-9963
-7091
-10131
-7075
-10403
-6995
-10595
-7027
-10923
-7067
-11075
-7043
-11307
-7051
-11611
-7091
-11819
-7003
-12075
-6995
-12387
-7083
-12555
-7035
-12771
-7091
-12987
-7107
-13347
-7083
-13483
-6995
-13747
-7107
-14035
-7051
-14283
-7011
-14547
-7051
-14683
-7107
-14987
-7059
-15171
-7027
-15443
-7011
-15627
-7083
-15947
-7075
-16155
-7083
-16347
-7011
-16715
-7035
-16891
-7011
-17083
-7115
-17363
-7067
-17619
-7107
-17875
-7115
-18099
-7115
-18283
-7099
-18627
-7099
-18867
-7259
109
-7331
-51
-7267
-371
-7259
-595
-7355
-835
-7259
-1075
-7299
-1235
-7291
-1515
-7347
-1803
-7331
-1979
-7283
-2315
-7339
-2531
-7307
-2739
-7275
-3027
-7355
-3187
-7299
-3515
-7339
-3715
-7267
-3971
-7331
-4155
-7267
-4475
-7331
-4635
-7339
-4907
-7243
-5179
-7243
-5339
-7299
-5619
-7331
-5827
-7259
-6099
-7259
-6299
-7307
-6563
-7315
-6819
-7347
-7011
-7355
-7355
-7339
-7499
-7291
-7723
-7323
-8075
-7283
-8219
-7275
-8427
-7307
-8683
-7323
-8939
-7331
-9155
-7267
-9499
-7323
-9747
-7299
-9955
-7259
-10147
-7331
-10355
-7267
-10659
-7267
-10883
-7291
-11163
-7275
-11339
-7339
-11571
-7355
-11883
-7331
-12091
-7275
-12267
-7323
-12611
-7299
-12811
-7355
-13083
-7339
-13339
-7339
-13483
-7259
-13755
-7347
-14019
-7267
-14267
-7275
-14427
-7339
-14763
-7291
-15019
-7331
-15227
-7339
-15507
-7275
-15659
-7307
-15963
-7243
-16203
-7299
-16395
-7283
-16603
-7251
-16827
-7291
-17123
-7307
-17371
-7307
-17651
-7331
-17811
-7283
-18027
-7259
-18275
-7323
-18515
-7275
-18867
-7571
141
-7491
-99
-7491
-267
-7499
-547
-7539
-771
-7531
-1099
-7587
-1339
-7595
-1483
-7587
-1803
-7499
-2003
-7475
-2219
-7587
-2539
-7571
-2771
-7587
-3011
-7571
-3203
-7587
-3475
-7595
-3755
-7539
-3987
-7467
-4187
-7579
-4459
-7579
-4595
-7571
-4931
-7555
-5123
-7571
-5371
-7523
-5611
-7555
-5803
-7507
-6083
-7547
-6283
-7491
-6531
-7547
-6747
-7579
-7019
-7539
-7339
-7515
-7555
-7515
-7715
-7571
-8043
-7507
-8187
-7491
-8555
-7563
-8779
-7595
-8915
-7515
-9219
-7491
-9467
-7587
-9747
-7587
-9939
-7563
-10179
-7531
-10427
-7523
-10651
-7539
-10835
-7467
-11123
-7563
-11419
-7467
-11643
-7539
-11819
-7491
-12043
-7571
-12355
-7547
-12635
-7531
-12747
-7515
-13035
-7515
-13299
-7539
-13499
-7499
-13795
-7499
-13971
-7515
-14211
-7587
-14507
-7523
-14771
-7571
-14923
-7491
-15219
-7547
-15387
-7475
-15683
-7515
-15907
-7547
-16235
-7595
-16459
-7587
-16691
-7523
-16955
-7563
-17171
-7467
-17315
-7531
-17667
-7515
-17843
-7467
-18051
-7587
-18267
-7571
-18611
-7595
-18859
-7795
117
-7747
-35
-7715
-323
-7723
-571
-7795
-755
-7787
-1059
-7779
-1251
-7755
-1555
-7811
-1763
-7819
-2075
-7827
-2267
-7835
-2435
-7723
-2723
-7787
-2907
-7795
-3187
-7811
-3411
-7787
-3731
-7787
-3867
-7787
-4235
-7715
-4371
-7811
-4699
-7715
-4907
-7811
-5147
-7771
-5315
-7739
-5611
-7835
-5891
-7755
-6067
-7747
-6267
-7755
-6507
-7811
-6747
-7731
-7011
-7787
-7299
-7731
-7467
-7723
-7723
-7827
-8003
-7835
-8283
-7827
-8523
-7835
-8691
-7787
-8923
-7723
-9251
-7787
-9411
-7827
-9707
-7747
-9987
-7835
-10235
-7747
-10387
-7827
-10667
-7835
-10931
-7795
-11187
-7819
-11419
-7827
-11651
-7811
-11835
-7707
-12107
-7787
-12363
-7731
-12579
-7779
-12867
-7731
-13027
-7787
-13331
-7795
-13531
-7827
-13723
-7795
-14075
-7755
-14227
-7811
-14499
-7827
-14699
-7811
-14907
-7787
-15267
-7827
-15459
-7763
-15723
-7739
-15915
-7763
-16195
-7707
-16355
-7771
-16699
-7787
-16867
-7819
-17179
-7827
-17419
-7811
-17619
-7763
-17883
-7763
-18115
-7771
-18283
-7731
-18619
-7731
-18827
-7995
133
-8035
-59
-8043
-379
-8027
-563
-8067
-835
-8035
-1083
-7955
-1227
-8075
-1531
-7987
-1739
-7947
-2027
-8067
-2195
-8059
-2531
-8019
-2715
-8027
-3019
-8075
-3251
-8051
-3395
-7971
-3707
-8011
-3923
-8059
-4155
-8043
-4459
-8043
-4707
-8003
-4867
-7987
-5147
-8075
-5347
-8067
-5555
-8011
-5803
-7955
-6059
-8075
-6355
-7963
-6555
-8075
-6827
-8019
-7099
-8067
-7243
-7987
-7587
-8067
-7771
-7995
-7987
-8019
-8211
-8051
-8475
-7971
-8667
-8043
-8995
-8075
-9259
-8051
-9467
-8003
-9683
-8059
-9971
-8075
-10139
-8067
-10403
-7995
-10699
-8043
-10931
-7947
-11067
-8019
-11427
-8067
-11555
-8067
-11875
-8003
-12051
-8059
-12355
-8075
-12515
-8051
-12843
-8075
-12987
-8051
-13291
-8003
-13515
-8027
-13771
-8051
-14059
-7987
-14283
-8019
-14467
-8035
-14755
-7987
-14931
-7947
-15243
-7995
-15475
-8043
-15635
-7995
-15963
-7971
-16163
-8067
-16411
-8035
-16715
-8075
-16939
-8067
-17099
-8075
-17323
-7987
-17675
-7971
-17827
-8059
-18147
-8075
-18331
-8035
-18555
-7947
-18851
-8187
101
-8259
-51
-8299
-307
-8315
-635
-8307
-875
-8235
-1115
-8299
-1235
-8275
-1539
-8283
-1787
-8243
-1995
-8275
-2291
-8227
-2507
-8195
-2755
-8227
-2907
-8195
-3195
-8291
-3411
-8291
-3715
-8299
-3931
-8307
-4163
-8243
-4379
-8203
-4627
-8195
-4835
-8203
-5187
-8315
-5403
-8219
-5635
-8283
-5907
-8235
-6043
-8307
-6275
-8259
-6507
-8203
-6827
-8219
-7043
-8219
-7347
-8267
-7547
-8211
-7763
-8195
-7987
-8203
-8315
-8307
-8467
-8275
-8779
-8219
-8923
-8227
-9171
-8251
-9483
-8307
-9627
-8275
-9915
-8219
-10203
-8307
-10427
-8275
-10699
-8275
-10859
-8299
-11155
-8203
-11307
-8283
-11555
-8315
-11883
-8259
-12075
-8259
-12315
-8259
-12531
-8315
-12851
-8275
-13067
-8291
-13275
-8299
-13563
-8307
-13827
-8203
-13987
-8299
-14275
-8283
-14459
-8211
-14683
-8195
-15035
-8299
-15227
-8299
-15499
-8283
-15699
-8315
-15875
-8235
-16219
-8195
-16371
-8211
-16595
-8219
-16867
-8243
-17139
-8291
-17371
-8259
-17571
-8235
-17787
-8203
-18043
-8267
-18363
-8315
-18555
-8267
-18835
-8515
93
-8523
-91
-8483
-387
-8555
-523
-8491
-779
-8483
-1051
-8531
-1355
-8483
-1507
-8467
-1739
-8515
-2075
-8539
-2275
-8531
-2435
-8435
-2755
-8523
-2931
-8427
-3227
-8435
-3443
-8475
-3755
-8467
-3931
-8531
-4123
-8531
-4379
-8539
-4715
-8427
-4931
-8491
-5123
-8555
-5307
-8499
-5555
-8547
-5875
-8547
-6067
-8475
-6283
-8531
-6515
-8531
-6875
-8515
-6995
-8499
-7299
-8499
-7491
-8427
-7835
-8539
-8003
-8491
-8211
-8547
-8515
-8547
-8723
-8539
-8955
-8483
-9163
-8483
-9459
-8451
-9755
-8515
-9947
-8443
-10203
-8523
-10427
-8531
-10619
-8483
-10883
-8515
-11139
-8515
-11395
-8531
-11595
-8507
-11803
-8531
-12099
-8531
-12331
-8499
-12603
-8515
-12787
-8499
-13035
-8531
-13299
-8523
-13523
-8507
-13755
-8555
-14075
-8515
-14211
-8475
-14491
-8515
-14723
-8499
-14923
-8555
-15195
-8483
-15515
-8531
-15731
-8531
-15947
-8443
-16107
-8555
-16371
-8547
-16619
-8451
-16867
-8451
-17171
-8475
-17387
-8555
-17659
-8515
-17891
-8539
-18075
-8555
-18275
-8539
-18539
-8451
-18843
-8683
117
-8771
-123
-8739
-339
-8755
-515
-8787
-859
-8731
-1051
-8739
-1251
-8723
-1587
-8755
-1715
-8699
-2003
-8787
-2235
-8787
-2435
-8739
-2771
-8771
-2963
-8675
-3179
-8779
-3467
-8683
-3755
-8763
-3947
-8739
-4123
-8739
-4379
-8787
-4659
-8667
-4883
-8707
-5195
-8699
-5379
-8779
-5651
-8763
-5891
-8707
-6107
-8795
-6347
-8739
-6603
-8755
-6803
-8755
-7059
-8771
-7235
-8779
-7595
-8779
-7747
-8707
-8075
-8771
-8227
-8771
-8467
-8795
-8755
-8683
-9035
-8691
-9203
-8739
-9467
-8715
-9675
-8739
-9875
-8795
-10163
-8763
-10475
-8771
-10699
-8787
-10859
-8795
-11107
-8763
-11323
-8707
-11571
-8763
-11859
-8787
-12027
-8771
-12315
-8747
-12595
-8739
-12779
-8755
-13043
-8699
-13355
-8683
-13531
-8795
-13819
-8699
-13971
-8699
-14275
-8787
-14507
-8739
-14763
-8723
-15027
-8723
-15187
-8739
-15395
-8715
-15675
-8763
-15923
-8675
-16195
-8707
-16451
-8755
-16643
-8779
-16915
-8747
-17083
-8707
-17395
-8747
-17595
-8739
-17851
-8747
-18043
-8723
-18395
-8755
-18587
-8755
-18819
-9003
109
-8995
-75
-9003
-315
-8923
-619
-8987
-867
-9027
-1115
-8907
-1275
-8971
-1467
-8987
-1795
-8971
-1987
-9027
-2187
-8963
-2467
-9019
-2715
-8931
-3019
-9035
-3203
-8979
-3515
-8931
-3691
-8947
-3867
-8931
-4147
-8987
-4435
-9003
-4659
-9027
-4875
-9003
-5107
-8979
-5379
-9019
-5635
-8971
-5891
-9019
-6075
-9011
-6315
-8979
-6539
-9003
-6811
-9003
-7075
-8987
-7259
-8915
-7547
-8907
-7795
-8955
-8019
-8995
-8195
-9035
-8483
-8907
-8763
-8907
-8995
-9035
-9155
-8979
-9499
-9003
-9747
-8963
-9931
-8987
-10147
-9003
-10379
-9027
-10595
-9011
-10859
-9019
-11171
-8907
-11331
-9035
-11643
-8931
-11867
-9019
-12059
-9035
-12339
-9027
-12627
-9035
-12835
-8939
-13091
-8907
-13283
-8947
-13475
-9035
-13771
-8979
-13987
-9035
-14211
-8979
-14531
-8947
-14779
-8987
-14907
-8907
-15251
-8907
-15515
-9003
-15627
-8979
-15931
-9027
-16155
-8971
-16355
-8971
-16651
-9003
-16859
-9011
-17195
-8923
-17331
-8979
-17587
-8923
-17899
-8915
-18027
-8987
-18291
-9035
-18531
-8971
-18835
-9187
109
-9227
-27
-9275
-283
-9211
-547
-9267
-851
-9259
-1075
-9211
-1275
-9267
-1531
-9211
-1835
-9243
-1979
-9259
-2227
-9243
-2547
-9227
-2787
-9195
-2931
-9243
-3259
-9227
-3419
-9195
-3691
-9243
-3947
-9267
-4131
-9187
-4443
-9155
-4627
-9235
-4891
-9227
-5163
-9219
-5403
-9195
-5571
-9195
-5803
-9203
-6067
-9171
-6291
-9267
-6539
-9243
-6747
-9243
-7027
-9259
-7283
-9219
-7523
-9179
-7747
-9275
-8035
-9267
-8211
-9275
-8443
-9243
-8763
-9243
-8931
-9259
-9155
-9147
-9451
-9155
-9747
-9195
-9963
-9243
-10163
-9259
-10475
-9163
-10619
-9147
-10931
-9235
-11083
-9187
-11307
-9235
-11635
-9195
-11819
-9259
-12107
-9235
-12355
-9203
-12579
-9195
-12747
-9203
-13115
-9219
-13315
-9243
-13539
-9219
-13731
-9251
-14035
-9275
-14259
-9267
-14491
-9187
-14763
-9259
-15035
-9243
-15219
-9235
-15443
-9275
-15707
-9235
-15883
-9243
-16179
-9275
-16451
-9179
-16587
-9267
-16835
-9187
-17099
-9211
-17395
-9219
-17611
-9243
-17843
-9259
-18059
-9259
-18307
-9259
-18507
-9259
-18811
-9515
125
-9427
-51
-9427
-379
-9411
-555
-9419
-795
-9475
-1043
-9411
-1275
-9515
-1515
-9467
-1731
-9499
-2011
-9403
-2291
-9419
-2483
-9395
-2683
-9427
-3011
-9515
-3275
-9507
-3435
-9395
-3755
-9395
-3995
-9491
-4107
-9515
-4363
-9395
-4667
-9467
-4947
-9483
-5115
-9507
-5339
-9467
-5579
-9499
-5835
-9483
-6035
-9483
-6275
-9459
-6619
-9515
-6851
-9515
-7027
-9483
-7331
-9507
-7491
-9451
-7731
-9467
-8067
-9491
-8235
-9395
-8427
-9403
-8675
-9491
-8979
-9515
-9203
-9475
-9507
-9419
-9723
-9419
-9971
-9515
-10227
-9451
-10387
-9459
-10651
-9403
-10891
-9507
-11155
-9475
-11427
-9451
-11627
-9507
-11803
-9467
-12107
-9387
-12387
-9395
-12603
-9443
-12779
-9475
-13083
-9515
-13291
-9483
-13563
-9387
-13771
-9403
-13987
-9459
-14291
-9507
-14459
-9499
-14739
-9515
-14963
-9507
-15243
-9443
-15507
-9451
-15643
-9507
-15955
-9427
-16155
-9419
-16443
-9451
-16683
-9435
-16907
-9483
-17195
-9483
-17379
-9459
-17627
-9515
-17859
-9395
-18043
-9491
-18395
-9435
-18539
-9395
-18859
-9747
125
-9699
-83
-9747
-307
-9739
-547
-9715
-779
-9691
-1083
-9739
-1307
-9691
-1547
-9755
-1755
-9747
-1955
-9691
-2299
-9643
-2467
-9715
-2763
-9651
-3019
-9667
-3251
-9683
-3507
-9675
-3635
-9659
-3899
-9707
-4139
-9747
-4451
-9627
-4707
-9659
-4899
-9691
-5179
-9739
-5419
-9627
-5627
-9667
-5787
-9755
-6099
-9731
-6371
-9739
-6563
-9675
-6827
-9723
-7035
-9659
-7259
-9747
-7579
-9723
-7779
-9723
-8043
-9635
-8211
-9707
-8459
-9651
-8755
-9723
-8907
-9731
-9203
-9747
-9419
-9755
-9715
-9715
-9899
-9683
-10115
-9707
-10387
-9627
-10587
-9667
-10827
-9627
-11107
-9627
-11363
-9723
-11571
-9715
-11859
-9659
-12091
-9659
-12355
-9747
-12603
-9667
-12771
-9659
-13035
-9675
-13291
-9723
-13515
-9627
-13835
-9723
-14011
-9747
-14195
-9715
-14523
-9659
-14691
-9739
-15011
-9707
-15163
-9659
-15427
-9723
-15747
-9755
-15939
-9723
-16227
-9755
-16467
-9691
-16715
-9723
-16859
-9683
-17155
-9643
-17371
-9739
-17563
-9755
-17803
-9715
-18123
-9739
-18331
-9755
-18579
-9659
-18843
-9923
85
-9979
-139
-9971
-379
-9899
-571
-9971
-747
-9923
-1075
-9979
-1355
-9915
-1499
-9923
-1827
-9955
-2067
-9963
-2243
-9987
-2499
-9971
-2675
-9899
-2931
-9899
-3251
-9963
-3419
-9939
-3699
-9915
-3979
-9995
-4131
-9875
-4395
-9987
-4691
-9971
-4939
-9963
-5147
-9907
-5347
-9923
-5587
-9955
-5819
-9947
-6147
-9939
-6307
-9931
-6539
-9979
-6811
-9971
-7107
-9923
-7291
-9987
-7475
-9963
-7787
-9947
-8011
-9955
-8267
-9867
-8483
-9979
-8691
-9947
-8971
-9939
-9147
-9915
-9411
-9979
-9635
-9939
-9963
-9987
-10227
-9971
-10435
-9987
-10667
-9963
-10955
-9963
-11075
-9939
-11363
-9923
-11587
-9883
-11867
-9971
-12091
-9875
-12275
-9963
-12507
-9995
-12755
-9915
-13043
-9971
-13227
-9875
-13483
-9883
-13819
-9979
-13987
-9955
-14315
-9955
-14523
-9915
-14771
-9995
-14987
-9867
-15147
-9907
-15411
-9995
-15739
-9987
-15931
-9923
-16155
-9947
-16403
-9867
-16683
-9987
-16939
-9923
-17171
-9875
-17435
-9987
-17659
-9915
-17875
-9923
-18043
-9907
-18339
-9899
-18611
-9963
-18859
-10235
149
-10139
-35
-10227
-307
-10131
-579
-10179
-779
-10115
-1059
-10171
-1267
-10203
-1563
-10131
-1803
-10107
-2019
-10163
-2283
-10179
-2531
-10227
-2715
-10203
-3027
-10235
-3187
-10163
-3443
-10203
-3723
-10115
-3939
-10179
-4131
-10211
-4467
-10211
-4627
-10179
-4883
-10147
-5091
-10179
-5419
-10235
-5651
-10235
-5819
-10235
-6147
-10187
-6395
-10139
-6531
-10187
-6827
-10187
-7099
-10227
-7355
-10227
-7483
-10187
-7835
-10131
-7971
-10123
-8315
-10227
-8547
-10163
-8771
-10227
-8963
-10147
-9219
-10235
-9395
-10211
-9627
-10131
-9915
-10139
-10155
-10235
-10451
-10203
-10635
-10123
-10939
-10131
-11171
-10123
-11339
-10195
-11595
-10195
-11843
-10179
-12107
-10171
-12339
-10163
-12507
-10235
-12851
-10131
-13019
-10115
-13235
-10219
-13579
-10211
-13819
-10163
-14043
-10203
-14307
-10219
-14467
-10227
-14755
-10235
-14907
-10107
-15275
-10235
-15443
-10163
-15747
-10219
-15875
-10195
-16147
-10163
-16475
-10211
-16667
-10195
-16955
-10195
-17139
-10155
-17379
-10219
-17627
-10179
-17811
-10195
-18083
-10235
-18299
-10203
-18635
-10227
-18819
-10427
101
-10459
-131
-10475
-355
-10411
-523
-10435
-835
-10459
-1003
-10459
-1259
-10467
-1555
-10411
-1747
-10467
-2043
-10467
-2235
-10467
-2531
-10443
-2707
-10467
-2995
-10427
-3163
-10467
-3475
-10411
-3747
-10467
-3931
-10419
-4179
-10459
-4435
-10443
-4699
-10419
-4899
-10435
-5067
-10419
-5355
-10443
-5563
-10459
-5899
-10427
-6139
-10451
-6371
-10427
-6523
-10443
-6811
-10427
-7043
-10411
-7299
-10427
-7499
-10475
-7819
-10475
-8067
-10467
-8227
-10411
-8531
-10451
-8763
-10451
-8955
-10459
-9163
-10467
-9507
-10467
-9747
-10475
-9915
-10459
-10147
-10467
-10371
-10443
-10635
-10411
-10931
-10427
-11171
-10475
-11331
-10451
-11675
-10467
-11875
-10435
-12139
-10459
-12371
-10467
-12587
-10419
-12827
-10451
-13043
-10419
-13323
-10435
-13539
-10475
-13763
-10459
-14011
-10467
-14235
-10459
-14523
-10427
-14731
-10459
-15003
-10411
-15219
-10419
-15451
-10419
-15699
-10427
-15971
-10467
-16115
-10451
-16435
-10467
-16635
-10451
-16947
-10475
-17131
-10419
-17411
-10475
-17571
-10419
-17883
-10435
-18075
-10435
-18395
-10451
-18595
-10411
-18875
