141
862
223
-73
435
-313
475
-609
373
-769
202
-1057
269
-1192
364
-1477
299
-1778
146
-2003
467
-2207
125
-2479
113
-2767
179
-2923
143
-3265
347
-3467
143
-3703
427
-3915
171
-4079
277
-4399
169
-4579
85
-4851
149
-5139
133
-5363
109
-5631
101
-5867
117
-6123
125
-6371
117
-6571
101
-6755
85
-7003
93
-7343
125
-7547
125
-7747
125
-8051
93
-8255
93
-8503
109
-8771
101
-8903
125
-9115
133
-9475
109
-9651
85
-9995
117
-10179
93
-10379
85
-10643
93
-10955
93
-11187
117
-11363
141
-11603
101
-11843
149
-12139
109
-12371
117
-12595
109
-12835
93
-13067
117
-13323
109
-13587
93
-13803
149
-14035
141
-14203
133
-14451
85
-14707
101
-14947
133
-15267
101
-15499
85
-15635
125
-15995
109
-16163
125
-16475
109
-16595
109
-16875
85
-17067
141
-17347
93
-17555
85
-17859
133
-18051
85
-18363
85
-18507
85
-18843
-99
1243
-134
-42
-127
-317
-138
-567
-35
-872
-79
-985
-107
-1259
-105
-1557
-8
-1709
-78
-2001
-11
-2219
-81
-2403
-19
-2711
-99
-2903
-109
-3243
-31
-3495
-85
-3693
-117
-3915
-129
-4083
-27
-4353
-95
-4663
-123
-4919
-63
-5131
-147
-5347
-147
-5635
-55
-5763
-43
-6059
-99
-6355
-151
-6527
-119
-6847
-75
-7071
-115
-7319
-135
-7507
-27
-7783
-19
-8035
-71
-8247
-95
-8535
-43
-8735
-103
-8899
-107
-9227
-107
-9491
-51
-9627
-91
-9939
-99
-10187
-51
-10355
-107
-10659
-155
-10939
-139
-11155
-123
-11379
-131
-11555
-83
-11819
-51
-12139
-115
-12347
-115
-12611
-83
-12827
-131
-13035
-139
-13331
-59
-13555
-115
-13795
-147
-14011
-147
-14235
-91
-14539
-91
-14763
-147
-14955
-51
-15163
-59
-15403
-131
-15675
-67
-15923
-99
-16147
-115
-16403
-75
-16603
-155
-16947
-107
-17179
-155
-17387
-67
-17643
-67
-17835
-75
-18155
-107
-18339
-155
-18531
-51
-18827
-323
853
-309
-63
-311
-301
-315
-500
-359
-843
-341
-1025
-343
-1279
-363
-1486
-321
-1743
-302
-2045
-355
-2226
-315
-2453
-331
-2745
-307
-2961
-353
-3223
-303
-3425
-311
-3653
-323
-3855
-319
-4207
-333
-4313
-365
-4619
-327
-4903
-311
-5163
-347
-5339
-355
-5655
-375
-5903
-375
-6043
-351
-6363
-351
-6535
-315
-6835
-311
-7095
-347
-7295
-307
-7523
-387
-7799
-383
-8047
-283
-8231
-291
-8499
-323
-8739
-339
-9011
-363
-9215
-335
-9371
-323
-9715
-379
-9923
-339
-10211
-291
-10347
-395
-10699
-395
-10923
-291
-11171
-283
-11363
-323
-11611
-339
-11907
-339
-12123
-307
-12291
-355
-12579
-275
-12851
-363
-13043
-323
-13347
-339
-13507
-355
-13819
-339
-14027
-291
-14259
-387
-14459
-395
-14715
-291
-15011
-355
-15147
-347
-15387
-331
-15691
-387
-15963
-363
-16195
-379
-16419
-395
-16667
-315
-16899
-315
-17171
-323
-17315
-395
-17651
-347
-17843
-291
-18091
-363
-18323
-371
-18547
-387
-18819
-491
1106
-495
-130
-556
-232
-547
-517
-627
-742
-589
-1043
-535
-1349
-615
-1578
-597
-1782
-612
-1991
-559
-2217
-525
-2481
-565
-2769
-633
-2949
-607
-3153
-595
-3431
-501
-3721
-531
-3873
-577
-4203
-571
-4355
-561
-4645
-615
-4879
-619
-5091
-571
-5323
-575
-5655
-551
-5791
-611
-6131
-579
-6327
-615
-6603
-555
-6815
-535
-7083
-535
-7355
-579
-7583
-511
-7723
-567
-8015
-611
-8175
-619
-8467
-599
-8699
-623
-8979
-595
-9231
-619
-9371
-587
-9643
-619
-9931
-603
-10179
-635
-10435
-579
-10699
-611
-10843
-587
-11163
-515
-11371
-611
-11555
-515
-11867
-515
-12035
-531
-12395
-515
-12603
-563
-12787
-627
-12995
-507
-13243
-571
-13571
-611
-13803
-611
-13947
-603
-14211
-619
-14507
-515
-14763
-627
-14923
-555
-15235
-563
-15435
-555
-15707
-595
-15979
-595
-16163
-627
-16379
-603
-16667
-515
-16827
-539
-17139
-563
-17387
-611
-17659
-539
-17795
-627
-18131
-619
-18355
-619
-18627
-627
-18819
-759
326
-821
-84
-866
-237
-847
-518
-787
-765
-819
-998
-799
-1350
-867
-1530
-851
-1779
-806
-1937
-774
-2237
-771
-2487
-811
-2677
-823
-2983
-851
-3233
-833
-3367
-765
-3627
-789
-3971
-743
-4165
-799
-4337
-785
-4603
-787
-4831
-835
-5147
-843
-5335
-811
-5671
-759
-5807
-863
-6111
-843
-6235
-839
-6503
-815
-6731
-843
-7015
-835
-7231
-827
-7515
-851
-7703
-819
-8019
-815
-8291
-799
-8459
-843
-8655
-851
-8967
-783
-9175
-847
-9367
-779
-9699
-867
-9987
-867
-10187
-867
-10459
-851
-10627
-875
-10923
-843
-11099
-819
-11331
-843
-11635
-787
-11795
-867
-12043
-755
-12283
-803
-12579
-795
-12875
-811
-13091
-851
-13291
-819
-13579
-851
-13771
-811
-13979
-795
-14235
-787
-14507
-819
-14707
-875
-14971
-819
-15155
-795
-15435
-875
-15635
-851
-15923
-763
-16107
-867
-16443
-851
-16619
-875
-16827
-843
-17131
-747
-17363
-827
-17643
-811
-17787
-859
-18083
-763
-18291
-827
-18603
-843
-18843
-1091
534
-1055
-7
-1030
-320
-1035
-559
-1019
-739
-1029
-990
-978
-1327
-1081
-1574
-1105
-1801
-1050
-2033
-969
-2221
-1039
-2513
-1051
-2719
-1073
-2899
-1079
-3247
-1099
-3401
-1011
-3699
-1051
-3883
-1023
-4155
-1067
-4403
-955
-4645
-1007
-4827
-971
-5163
-1083
-5347
-991
-5531
-963
-5827
-1007
-6035
-1011
-6339
-1087
-6555
-1055
-6719
-1015
-6979
-1075
-7287
-1043
-7459
-1059
-7779
-1027
-7963
-983
-8279
-1035
-8511
-1055
-8747
-1087
-8979
-1011
-9259
-1095
-9475
-1075
-9627
-1115
-9947
-1099
-10211
-1075
-10435
-1067
-10603
-1083
-10923
-1075
-11195
-1035
-11419
-1083
-11555
-1011
-11843
-1075
-12115
-1043
-12363
-1107
-12539
-1011
-12779
-1107
-13115
-1027
-13243
-995
-13595
-1067
-13803
-1091
-13987
-1091
-14219
-1003
-14507
-1035
-14667
-1011
-14979
-1099
-15211
-1059
-15467
-1075
-15755
-1107
-15891
-1011
-16195
-1011
-16355
-1091
-16651
-1043
-16891
-1107
-17131
-1043
-17315
-1067
-17571
-1091
-17891
-1115
-18091
-1083
-18379
-1107
-18619
-1067
-18859
-1315
1068
-1243
-40
-1308
-302
-1293
-521
-1347
-741
-1285
-965
-1232
-1201
-1285
-1469
-1277
-1805
-1308
-2069
-1293
-2172
-1307
-2495
-1301
-2765
-1255
-2939
-1317
-3143
-1245
-3383
-1247
-3699
-1281
-3939
-1343
-4131
-1343
-4431
-1333
-4577
-1319
-4955
-1303
-5123
-1223
-5315
-1295
-5563
-1319
-5887
-1295
-6091
-1323
-6287
-1259
-6591
-1251
-6819
-1299
-7015
-1235
-7247
-1279
-7563
-1335
-7719
-1259
-8055
-1207
-8191
-1231
-8435
-1223
-8739
-1275
-8955
-1287
-9271
-1251
-9475
-1331
-9643
-1315
-9939
-1299
-10179
-1227
-10435
-1307
-10675
-1251
-10947
-1323
-11099
-1323
-11307
-1283
-11587
-1347
-11851
-1299
-12155
-1299
-12267
-1307
-12635
-1307
-12763
-1339
-12987
-1283
-13299
-1315
-13515
-1227
-13819
-1307
-14027
-1283
-14243
-1347
-14539
-1299
-14747
-1315
-14979
-1243
-15179
-1275
-15395
-1347
-15643
-1235
-15955
-1251
-16139
-1307
-16371
-1331
-16627
-1339
-16827
-1283
-17083
-1291
-17395
-1347
-17619
-1291
-17891
-1331
-18059
-1347
-18275
-1267
-18627
-1251
-18875
-1555
1383
-1543
-63
-1531
-273
-1541
-551
-1517
-721
-1547
-1083
-1531
-1203
-1531
-1491
-1547
-1797
-1535
-2007
-1511
-2215
-1571
-2509
-1565
-2735
-1477
-2871
-1585
-3175
-1549
-3445
-1569
-3661
-1571
-3969
-1459
-4181
-1455
-4443
-1587
-4661
-1507
-4899
-1575
-5115
-1575
-5287
-1559
-5643
-1559
-5895
-1559
-6083
-1515
-6251
-1571
-6563
-1563
-6759
-1563
-7007
-1555
-7267
-1495
-7555
-1523
-7759
-1547
-8055
-1527
-8183
-1583
-8411
-1571
-8699
-1563
-8971
-1475
-9159
-1507
-9463
-1555
-9723
-1579
-9867
-1467
-10171
-1515
-10403
-1595
-10675
-1587
-10915
-1523
-11155
-1563
-11419
-1587
-11563
-1579
-11851
-1579
-12099
-1491
-12307
-1491
-12571
-1507
-12755
-1579
-13091
-1563
-13243
-1515
-13507
-1595
-13835
-1579
-13979
-1523
-14283
-1579
-14443
-1547
-14787
-1475
-14963
-1587
-15203
-1547
-15515
-1539
-15683
-1515
-15995
-1579
-16195
-1547
-16435
-1587
-16715
-1531
-16915
-1499
-17091
-1523
-17403
-1547
-17587
-1491
-17819
-1555
-18051
-1467
-18331
-1523
-18635
-1587
-18867
-1759
217
-1687
-9
-1807
-353
-1787
-543
-1767
-847
-1765
-1063
-1799
-1327
-1753
-1547
-1815
-1735
-1765
-1927
-1751
-2219
-1773
-2471
-1771
-2707
-1821
-2955
-1759
-3257
-1735
-3375
-1757
-3657
-1771
-3915
-1801
-4083
-1765
-4349
-1715
-4687
-1811
-4911
-1767
-5063
-1739
-5323
-1739
-5551
-1815
-5811
-1787
-6119
-1739
-6259
-1755
-6535
-1767
-6847
-1723
-7075
-1795
-7287
-1815
-7447
-1787
-7751
-1807
-8011
-1763
-8299
-1807
-8491
-1715
-8731
-1711
-8963
-1715
-9151
-1787
-9483
-1827
-9755
-1787
-9891
-1827
-10115
-1835
-10451
-1819
-10707
-1763
-10867
-1819
-11075
-1779
-11347
-1755
-11611
-1771
-11915
-1771
-12131
-1755
-12371
-1835
-12515
-1835
-12875
-1803
-12995
-1795
-13315
-1755
-13539
-1747
-13795
-1715
-14027
-1803
-14315
-1747
-14523
-1747
-14779
-1739
-14955
-1827
-15187
-1803
-15411
-1747
-15643
-1747
-15875
-1819
-16227
-1787
-16387
-1779
-16699
-1779
-16907
-1803
-17099
-1819
-17411
-1795
-17603
-1827
-17787
-1827
-18091
-1819
-18315
-1787
-18595
-1755
-18859
-2075
381
-1991
-143
-2065
-369
-2027
-607
-2031
-773
-1979
-1097
-1925
-1333
-1969
-1571
-1953
-1773
-2011
-1949
-1983
-2267
-2017
-2433
-2015
-2683
-2045
-2945
-2067
-3181
-2035
-3419
-2021
-3719
-2009
-3875
-1995
-4209
-2041
-4353
-1995
-4655
-2067
-4955
-2043
-5135
-1955
-5423
-1999
-5571
-2031
-5811
-1963
-6123
-2011
-6331
-1967
-6579
-2023
-6859
-1939
-7011
-2019
-7231
-1923
-7511
-1987
-7803
-2031
-7927
-1979
-8203
-2059
-8515
-2059
-8759
-2035
-8919
-1943
-9195
-2035
-9443
-2051
-9635
-1995
-9891
-2059
-10211
-2019
-10411
-1987
-10675
-2067
-10955
-1963
-11075
-2035
-11387
-1963
-11651
-2059
-11907
-2027
-12051
-2019
-12283
-2051
-12515
-2043
-12875
-2075
-13043
-2075
-13235
-2027
-13595
-2067
-13787
-1947
-13947
-2067
-14275
-2019
-14507
-2019
-14683
-2059
-15027
-2035
-15187
-2059
-15515
-2075
-15675
-1947
-15971
-2027
-16179
-2019
-16411
-2051
-16659
-2067
-16875
-2051
-17155
-2027
-17427
-2043
-17627
-2011
-17859
-2051
-18139
-2059
-18363
-2019
-18619
-2051
-18835
-2275
799
-2251
-17
-2227
-275
-2213
-493
-2241
-761
-2259
-1095
-2245
-1321
-2157
-1447
-2301
-1701
-2291
-2025
-2241
-2231
-2227
-2521
-2167
-2737
-2193
-2885
-2279
-3159
-2299
-3417
-2271
-3733
-2249
-3881
-2187
-4215
-2265
-4379
-2251
-4633
-2299
-4895
-2291
-5135
-2243
-5315
-2279
-5543
-2195
-5779
-2275
-6147
-2271
-6375
-2299
-6483
-2255
-6747
-2235
-7103
-2219
-7295
-2303
-7523
-2235
-7731
-2203
-7959
-2235
-8207
-2259
-8407
-2235
-8667
-2251
-8903
-2227
-9115
-2299
-9483
-2235
-9707
-2243
-9955
-2275
-10211
-2291
-10411
-2251
-10715
-2291
-10891
-2267
-11099
-2219
-11379
-2211
-11651
-2227
-11795
-2243
-12059
-2299
-12395
-2227
-12611
-2219
-12811
-2235
-13027
-2235
-13227
-2259
-13523
-2307
-13707
-2315
-14011
-2291
-14227
-2291
-14555
-2203
-14707
-2275
-14995
-2283
-15147
-2203
-15443
-2235
-15699
-2187
-15891
-2211
-16227
-2283
-16371
-2235
-16627
-2307
-16899
-2299
-17131
-2195
-17347
-2267
-17547
-2299
-17883
-2275
-18123
-2307
-18275
-2203
-18547
-2251
-18859
-2459
367
-2545
-53
-2473
-319
-2501
-563
-2529
-831
-2417
-1101
-2493
-1255
-2527
-1509
-2469
-1755
-2475
-1991
-2531
-2261
-2435
-2495
-2487
-2673
-2531
-2921
-2435
-3159
-2481
-3383
-2547
-3633
-2499
-3951
-2415
-4099
-2531
-4405
-2455
-4643
-2547
-4927
-2435
-5135
-2543
-5371
-2491
-5651
-2507
-5835
-2539
-6027
-2523
-6299
-2531
-6559
-2447
-6855
-2547
-6967
-2435
-7239
-2539
-7507
-2431
-7771
-2443
-7975
-2479
-8299
-2475
-8467
-2503
-8691
-2483
-9007
-2435
-9199
-2467
-9411
-2539
-9651
-2515
-9987
-2547
-10131
-2531
-10435
-2435
-10635
-2483
-10875
-2523
-11187
-2515
-11355
-2539
-11635
-2539
-11883
-2475
-12123
-2451
-12291
-2435
-12563
-2515
-12875
-2427
-13075
-2547
-13339
-2555
-13555
-2547
-13763
-2547
-14027
-2427
-14291
-2539
-14483
-2523
-14667
-2451
-14939
-2467
-15267
-2451
-15515
-2451
-15667
-2555
-15979
-2491
-16171
-2443
-16395
-2451
-16595
-2451
-16883
-2467
-17147
-2483
-17427
-2491
-17611
-2515
-17811
-2523
-18075
-2539
-18371
-2539
-18611
-2555
-18827
-2683
1535
-2683
-17
-2759
-383
-2723
-615
-2687
-863
-2787
-983
-2747
-1251
-2703
-1551
-2683
-1775
-2795
-1979
-2715
-2231
-2763
-2503
-2779
-2711
-2727
-2991
-2695
-3135
-2715
-3367
-2667
-3707
-2767
-3859
-2755
-4167
-2647
-4353
-2759
-4579
-2743
-4839
-2675
-5127
-2683
-5379
-2727
-5539
-2727
-5843
-2779
-6091
-2747
-6339
-2683
-6595
-2683
-6827
-2755
-7095
-2727
-7247
-2755
-7471
-2691
-7735
-2695
-8003
-2707
-8315
-2763
-8403
-2703
-8755
-2695
-8915
-2707
-9179
-2775
-9427
-2795
-9755
-2731
-9915
-2779
-10147
-2699
-10395
-2787
-10635
-2723
-10835
-2691
-11139
-2747
-11307
-2699
-11675
-2787
-11915
-2787
-12107
-2795
-12387
-2763
-12579
-2771
-12851
-2787
-13115
-2779
-13243
-2683
-13563
-2763
-13763
-2699
-14035
-2787
-14187
-2771
-14515
-2715
-14715
-2675
-15027
-2771
-15195
-2787
-15507
-2787
-15643
-2787
-15875
-2771
-16235
-2747
-16467
-2779
-16699
-2755
-16907
-2779
-17139
-2795
-17355
-2739
-17563
-2667
-17907
-2691
-18067
-2787
-18291
-2795
-18547
-2795
-18875
-3027
109
-2987
-31
-3015
-319
-3003
-575
-2911
-835
-2975
-1027
-2983
-1259
-2983
-1451
-2987
-1779
-3027
-2003
-2991
-2155
-3019
-2507
-3011
-2691
-2991
-2999
-2983
-3131
-2923
-3411
-2935
-3635
-3023
-3939
-2995
-4083
-2967
-4431
-2899
-4619
-2911
-4819
-2987
-5103
-3027
-5291
-2939
-5543
-2967
-5767
-2995
-6127
-2931
-6335
-2891
-6591
-2943
-6775
-2999
-7011
-2955
-7251
-2939
-7575
-2947
-7795
-2963
-8043
-2991
-8179
-2987
-8467
-2943
-8691
-2987
-8975
-2891
-9247
-3019
-9423
-2987
-9683
-2963
-9923
-3003
-10195
-2907
-10435
-3019
-10699
-2955
-10883
-2931
-11139
-2947
-11371
-2907
-11563
-2955
-11883
-3019
-12123
-3011
-12299
-2979
-12547
-2915
-12811
-3003
-13019
-3003
-13227
-3011
-13475
-2963
-13715
-2979
-14011
-2963
-14219
-3027
-14515
-3019
-14771
-3019
-14979
-2915
-15155
-2995
-15499
-2987
-15659
-2995
-15931
-3003
-16203
-2987
-16451
-2979
-16683
-3027
-16867
-3011
-17091
-3027
-17387
-3027
-17659
-2995
-17787
-3011
-18091
-2963
-18387
-2979
-18515
-2979
-18859
-3251
141
-3223
-123
-3151
-387
-3139
-511
-3235
-727
-3171
-1015
-3195
-1251
-3267
-1559
-3235
-1751
-3227
-1995
-3179
-2251
-3243
-2511
-3243
-2715
-3239
-2931
-3187
-3211
-3143
-3387
-3203
-3631
-3255
-3991
-3231
-4111
-3275
-4403
-3199
-4671
-3211
-4847
-3167
-5139
-3207
-5399
-3163
-5619
-3271
-5791
-3163
-6119
-3267
-6307
-3251
-6543
-3203
-6815
-3187
-7071
-3219
-7215
-3155
-7447
-3251
-7743
-3243
-8071
-3139
-8235
-3263
-8451
-3259
-8727
-3215
-8951
-3191
-9203
-3259
-9499
-3251
-9667
-3267
-9979
-3275
-10219
-3235
-10379
-3267
-10691
-3219
-10891
-3187
-11139
-3235
-11411
-3155
-11627
-3195
-11915
-3243
-12123
-3267
-12299
-3187
-12635
-3259
-12747
-3163
-13067
-3259
-13307
-3179
-13491
-3211
-13827
-3187
-14035
-3171
-14187
-3155
-14443
-3195
-14755
-3251
-14931
-3259
-15235
-3267
-15467
-3235
-15739
-3203
-15955
-3275
-16227
-3187
-16435
-3227
-16691
-3155
-16923
-3251
-17067
-3275
-17411
-3155
-17555
-3171
-17803
-3235
-18067
-3195
-18275
-3275
-18531
-3163
-18835
-3415
149
-3455
-51
-3459
-375
-3467
-475
-3487
-819
-3399
-1107
-3451
-1279
-3475
-1515
-3403
-1823
-3467
-2015
-3459
-2183
-3503
-2427
-3475
-2743
-3371
-2963
-3491
-3195
-3363
-3403
-3455
-3715
-3447
-3923
-3491
-4115
-3471
-4451
-3411
-4639
-3487
-4831
-3483
-5131
-3491
-5339
-3479
-5595
-3471
-5803
-3459
-6019
-3423
-6379
-3483
-6547
-3503
-6791
-3511
-7051
-3431
-7339
-3479
-7539
-3419
-7691
-3471
-7959
-3471
-8199
-3479
-8483
-3419
-8659
-3459
-8979
-3479
-9147
-3471
-9407
-3507
-9683
-3403
-9987
-3387
-10131
-3411
-10451
-3467
-10707
-3491
-10931
-3499
-11083
-3507
-11371
-3483
-11603
-3467
-11851
-3507
-12123
-3387
-12283
-3459
-12563
-3403
-12763
-3467
-13027
-3451
-13259
-3499
-13579
-3507
-13723
-3475
-13987
-3395
-14307
-3467
-14427
-3467
-14795
-3507
-14939
-3475
-15187
-3507
-15467
-3507
-15643
-3507
-15939
-3443
-16211
-3467
-16451
-3467
-16595
-3435
-16915
-3483
-17091
-3387
-17387
-3427
-17579
-3443
-17899
-3387
-18099
-3515
-18267
-3443
-18579
-3475
-18811
-3667
133
-3667
-123
-3643
-371
-3659
-607
-3627
-775
-3739
-979
-3727
-1243
-3679
-1583
-3743
-1771
-3667
-2031
-3691
-2235
-3607
-2415
-3731
-2707
-3747
-2891
-3687
-3259
-3715
-3431
-3699
-3683
-3723
-3903
-3675
-4151
-3691
-4371
-3627
-4695
-3671
-4831
-3735
-5155
-3683
-5347
-3663
-5563
-3627
-5795
-3691
-6059
-3695
-6295
-3615
-6523
-3751
-6835
-3663
-6975
-3707
-7251
-3667
-7547
-3635
-7759
-3647
-7967
-3755
-8215
-3655
-8451
-3703
-8743
-3751
-8971
-3695
-9155
-3723
-9475
-3755
-9683
-3651
-9915
-3731
-10219
-3731
-10435
-3659
-10699
-3691
-10851
-3731
-11139
-3675
-11395
-3747
-11627
-3747
-11899
-3715
-12083
-3731
-12339
-3707
-12515
-3755
-12859
-3731
-13011
-3699
-13283
-3731
-13547
-3715
-13755
-3739
-14035
-3659
-14187
-3731
-14499
-3755
-14795
-3683
-15019
-3723
-15203
-3715
-15403
-3731
-15659
-3715
-15907
-3699
-16155
-3731
-16443
-3675
-16667
-3651
-16835
-3627
-17083
-3747
-17339
-3643
-17651
-3707
-17907
-3691
-18155
-3739
-18323
-3723
-18547
-3747
-18851
-3963
149
-3971
-15
-3939
-359
-3887
-523
-3935
-767
-3967
-1067
-3951
-1283
-3891
-1595
-3863
-1699
-3855
-2019
-3923
-2263
-3955
-2515
-3911
-2727
-3935
-3011
-3971
-3183
-3975
-3383
-3967
-3667
-3955
-3939
-3911
-4171
-3927
-4367
-3903
-4675
-3971
-4867
-3919
-5131
-3963
-5363
-3975
-5547
-3975
-5883
-3959
-6131
-3915
-6311
-3835
-6515
-3859
-6791
-3951
-7091
-3879
-7287
-3943
-7547
-3979
-7799
-3867
-8011
-3927
-8203
-3907
-8479
-3915
-8675
-3883
-8923
-3903
-9127
-3963
-9459
-3899
-9659
-3891
-9947
-3979
-10115
-3995
-10355
-3899
-10659
-3891
-10827
-3899
-11083
-3971
-11323
-3939
-11659
-3907
-11915
-3987
-12043
-3979
-12307
-3979
-12547
-3923
-12875
-3987
-13035
-3963
-13251
-3907
-13483
-3979
-13763
-3963
-13971
-3899
-14283
-3931
-14475
-3907
-14771
-3923
-14947
-3931
-15275
-3963
-15475
-3987
-15707
-3955
-15939
-3867
-16187
-3979
-16475
-3995
-16627
-3979
-16875
-3979
-17139
-3891
-17435
-3995
-17667
-3987
-17859
-3979
-18067
-3907
-18267
-3971
-18603
-3899
-18843
-4195
141
-4227
-131
-4075
-363
-4191
-603
-4187
-731
-4143
-1099
-4179
-1335
-4211
-1575
-4203
-1731
-4127
-1939
-4083
-2227
-4207
-2499
-4187
-2755
-4219
-2987
-4135
-3167
-4215
-3367
-4075
-3715
-4195
-3975
-4147
-4103
-4099
-4451
-4167
-4715
-4131
-4803
-4147
-5131
-4207
-5335
-4155
-5551
-4203
-5867
-4163
-6063
-4179
-6283
-4223
-6635
-4207
-6783
-4203
-7015
-4211
-7251
-4147
-7495
-4087
-7771
-4131
-8055
-4131
-8263
-4115
-8527
-4175
-8683
-4123
-8931
-4219
-9211
-4195
-9363
-4147
-9747
-4147
-9987
-4235
-10155
-4147
-10363
-4211
-10691
-4219
-10899
-4107
-11067
-4123
-11411
-4131
-11587
-4227
-11899
-4179
-12043
-4179
-12355
-4163
-12611
-4171
-12787
-4203
-13107
-4163
-13251
-4227
-13579
-4179
-13755
-4219
-14027
-4155
-14315
-4163
-14515
-4107
-14739
-4107
-14979
-4203
-15251
-4195
-15411
-4195
-15643
-4171
-15883
-4147
-16219
-4227
-16411
-4219
-16707
-4179
-16843
-4147
-17163
-4147
-17403
-4203
-17603
-4155
-17867
-4147
-18155
-4179
-18387
-4115
-18507
-4227
-18875
-4423
93
-4467
-19
-4363
-271
-4399
-603
-4419
-839
-4323
-1091
-4471
-1327
-4443
-1487
-4375
-1827
-4355
-1927
-4367
-2283
-4439
-2463
-4423
-2695
-4343
-2911
-4427
-3203
-4407
-3395
-4351
-3603
-4451
-3947
-4395
-4107
-4431
-4379
-4471
-4695
-4351
-4819
-4395
-5171
-4391
-5347
-4391
-5599
-4427
-5891
-4443
-6079
-4419
-6327
-4339
-6559
-4439
-6847
-4451
-6987
-4451
-7231
-4427
-7471
-4347
-7791
-4347
-7991
-4455
-8207
-4447
-8483
-4379
-8771
-4427
-8995
-4419
-9263
-4391
-9443
-4419
-9747
-4379
-9995
-4355
-10235
-4419
-10355
-4467
-10707
-4411
-10939
-4355
-11155
-4427
-11379
-4459
-11627
-4379
-11819
-4363
-12083
-4435
-12307
-4395
-12523
-4347
-12843
-4427
-13115
-4347
-13323
-4427
-13523
-4363
-13747
-4395
-13995
-4467
-14259
-4467
-14499
-4451
-14771
-4363
-15035
-4419
-15187
-4443
-15419
-4467
-15691
-4443
-15883
-4459
-16155
-4459
-16395
-4443
-16651
-4363
-16947
-4411
-17139
-4451
-17339
-4347
-17675
-4427
-17907
-4395
-18083
-4475
-18395
-4467
-18547
-4459
-18811
-4683
101
-4599
-139
-4671
-355
-4683
-519
-4675
-843
-4603
-971
-4667
-1235
-4663
-1547
-4591
-1755
-4579
-2051
-4635
-2179
-4707
-2443
-4571
-2707
-4695
-2923
-4691
-3163
-4675
-3499
-4699
-3747
-4643
-3967
-4687
-4179
-4679
-4355
-4631
-4663
-4619
-4827
-4707
-5163
-4667
-5299
-4659
-5547
-4687
-5771
-4571
-6039
-4699
-6315
-4627
-6567
-4623
-6759
-4663
-7031
-4699
-7207
-4691
-7503
-4675
-7683
-4663
-8031
-4623
-8179
-4683
-8507
-4675
-8755
-4695
-8999
-4683
-9183
-4675
-9463
-4707
-9755
-4611
-9915
-4635
-10163
-4643
-10467
-4683
-10667
-4691
-10931
-4643
-11179
-4683
-11307
-4619
-11579
-4611
-11851
-4699
-12107
-4715
-12315
-4691
-12619
-4643
-12851
-4707
-13035
-4603
-13339
-4699
-13483
-4643
-13803
-4699
-14035
-4611
-14275
-4627
-14523
-4635
-14747
-4707
-15003
-4675
-15267
-4659
-15507
-4659
-15635
-4667
-15907
-4651
-16107
-4699
-16363
-4675
-16683
-4603
-16859
-4699
-17147
-4635
-17339
-4659
-17555
-4635
-17803
-4651
-18099
-4635
-18363
-4691
-18531
-4587
-18827
-4863
141
-4923
-35
-4871
-331
-4931
-603
-4823
-723
-4879
-1075
-4843
-1215
-4887
-1475
-4879
-1815
-4911
-2023
-4931
-2259
-4947
-2407
-4875
-2647
-4899
-2951
-4867
-3179
-4903
-3423
-4811
-3715
-4815
-3859
-4843
-4159
-4947
-4339
-4919
-4583
-4811
-4879
-4911
-5067
-4951
-5315
-4863
-5627
-4823
-5823
-4863
-6027
-4931
-6303
-4899
-6507
-4847
-6767
-4839
-7007
-4895
-7267
-4859
-7499
-4919
-7787
-4887
-8031
-4935
-8279
-4883
-8443
-4935
-8779
-4887
-9007
-4819
-9163
-4923
-9475
-4955
-9715
-4907
-9907
-4915
-10155
-4915
-10411
-4923
-10707
-4859
-10947
-4923
-11195
-4931
-11403
-4867
-11555
-4907
-11787
-4955
-12059
-4939
-12299
-4851
-12547
-4955
-12763
-4899
-13051
-4843
-13251
-4875
-13539
-4835
-13803
-4883
-14003
-4915
-14283
-4955
-14515
-4843
-14779
-4867
-14995
-4851
-15235
-4939
-15395
-4931
-15675
-4939
-15947
-4923
-16203
-4923
-16427
-4955
-16619
-4955
-16867
-4931
-17091
-4907
-17363
-4947
-17603
-4907
-17907
-4915
-18139
-4947
-18283
-4875
-18523
-4955
-18859
-5063
93
-5067
-91
-5075
-391
-5123
-503
-5123
-731
-5167
-1071
-5063
-1291
-5187
-1499
-5119
-1771
-5147
-1995
-5159
-2155
-5123
-2411
-5159
-2767
-5139
-3015
-5099
-3135
-5131
-3443
-5051
-3691
-5139
-3959
-5123
-4151
-5179
-4371
-5099
-4687
-5127
-4867
-5115
-5111
-5127
-5323
-5139
-5567
-5115
-5891
-5179
-6027
-5075
-6283
-5127
-6503
-5167
-6779
-5151
-7023
-5103
-7231
-5083
-7483
-5099
-7783
-5127
-8035
-5147
-8199
-5123
-8491
-5111
-8659
-5135
-8999
-5135
-9219
-5087
-9491
-5115
-9675
-5187
-9915
-5163
-10155
-5083
-10379
-5163
-10667
-5171
-10915
-5187
-11179
-5187
-11403
-5155
-11659
-5187
-11827
-5195
-12139
-5067
-12267
-5115
-12611
-5179
-12819
-5195
-13051
-5107
-13251
-5179
-13539
-5171
-13787
-5091
-14043
-5147
-14219
-5083
-14427
-5083
-14755
-5187
-14923
-5195
-15227
-5083
-15451
-5075
-15715
-5123
-15955
-5195
-16219
-5115
-16411
-5195
-16659
-5187
-16947
-5123
-17083
-5115
-17339
-5099
-17595
-5179
-17867
-5131
-18083
-5195
-18355
-5091
-18611
-5107
-18867
-5387
141
-5387
-79
-5395
-267
-5419
-523
-5315
-779
-5435
-995
-5395
-1347
-5323
-1543
-5331
-1811
-5435
-2003
-5435
-2315
-5379
-2427
-5435
-2675
-5347
-2979
-5427
-3267
-5419
-3443
-5435
-3667
-5387
-3843
-5331
-4095
-5371
-4399
-5427
-4707
-5435
-4875
-5339
-5119
-5355
-5395
-5307
-5611
-5323
-5839
-5435
-6123
-5347
-6339
-5363
-6571
-5419
-6843
-5363
-7087
-5323
-7275
-5395
-7567
-5379
-7795
-5427
-7955
-5315
-8311
-5355
-8495
-5427
-8755
-5411
-8915
-5355
-9131
-5387
-9507
-5355
-9731
-5411
-9891
-5339
-10203
-5395
-10395
-5395
-10667
-5427
-10907
-5307
-11195
-5403
-11411
-5395
-11651
-5419
-11899
-5379
-12043
-5355
-12267
-5387
-12611
-5315
-12779
-5427
-13043
-5379
-13307
-5339
-13555
-5395
-13763
-5435
-14035
-5339
-14219
-5379
-14555
-5347
-14675
-5435
-14971
-5411
-15211
-5307
-15395
-5419
-15675
-5379
-15987
-5395
-16123
-5427
-16419
-5435
-16643
-5411
-16907
-5411
-17075
-5419
-17347
-5427
-17675
-5419
-17915
-5387
-18147
-5339
-18395
-5323
-18563
-5435
-18867
-5555
93
-5587
-123
-5603
-347
-5675
-523
-5675
-755
-5675
-1091
-5675
-1307
-5667
-1475
-5611
-1747
-5563
-1979
-5651
-2267
-5651
-2459
-5675
-2691
-5587
-3019
-5587
-3171
-5651
-3427
-5675
-3667
-5619
-3963
-5667
-4147
-5675
-4427
-5587
-4587
-5595
-4827
-5595
-5187
-5659
-5339
-5651
-5635
-5651
-5859
-5619
-6123
-5651
-6275
-5627
-6555
-5603
-6779
-5571
-7067
-5643
-7315
-5603
-7595
-5667
-7795
-5675
-8019
-5643
-8235
-5651
-8467
-5643
-8739
-5635
-8979
-5627
-9267
-5587
-9499
-5611
-9739
-5611
-9955
-5667
-10219
-5595
-10467
-5651
-10691
-5651
-10955
-5619
-11107
-5659
-11363
-5547
-11667
-5643
-11891
-5587
-12027
-5635
-12371
-5659
-12563
-5659
-12827
-5659
-13115
-5627
-13275
-5643
-13547
-5651
-13795
-5651
-14035
-5659
-14283
-5635
-14515
-5643
-14723
-5555
-14979
-5627
-15267
-5587
-15451
-5675
-15707
-5563
-15931
-5611
-16171
-5635
-16371
-5659
-16699
-5651
-16923
-5571
-17083
-5667
-17347
-5587
-17611
-5675
-17787
-5659
-18059
-5611
-18267
-5635
-18587
-5667
-18827
-5827
133
-5899
-27
-5827
-379
-5875
-571
-5899
-803
-5883
-1035
-5811
-1331
-5907
-1507
-5899
-1795
-5835
-2019
-5811
-2283
-5883
-2451
-5787
-2691
-5835
-3011
-5907
-3235
-5899
-3467
-5843
-3699
-5867
-3883
-5907
-4211
-5875
-4355
-5851
-4635
-5867
-4955
-5883
-5075
-5867
-5323
-5907
-5595
-5827
-5875
-5907
-6083
-5875
-6267
-5891
-6507
-5827
-6827
-5899
-7051
-5883
-7291
-5891
-7579
-5827
-7779
-5867
-8043
-5851
-8195
-5843
-8531
-5915
-8723
-5899
-8995
-5915
-9267
-5883
-9491
-5851
-9691
-5875
-9907
-5899
-10187
-5795
-10403
-5907
-10707
-5899
-10883
-5835
-11187
-5891
-11395
-5859
-11587
-5843
-11891
-5907
-12139
-5875
-12371
-5915
-12635
-5811
-12835
-5851
-13051
-5915
-13307
-5835
-13547
-5803
-13707
-5803
-14059
-5883
-14203
-5859
-14539
-5907
-14763
-5907
-15027
-5915
-15195
-5883
-15411
-5899
-15699
-5915
-15955
-5883
-16115
-5795
-16347
-5859
-16651
-5787
-16859
-5803
-17107
-5787
-17403
-5891
-17571
-5867
-17811
-5915
-18035
-5915
-18371
-5899
-18539
-5883
-18843
-6131
133
-6075
-35
-6027
-363
-6099
-619
-6147
-755
-6059
-995
-6139
-1227
-6099
-1595
-6115
-1819
-6091
-2019
-6131
-2211
-6123
-2483
-6115
-2779
-6115
-2971
-6139
-3147
-6035
-3451
-6027
-3691
-6123
-3883
-6155
-4155
-6035
-4443
-6131
-4619
-6091
-4907
-6155
-5155
-6035
-5379
-6083
-5659
-6147
-5851
-6107
-6035
-6115
-6291
-6139
-6507
-6059
-6819
-6043
-6995
-6147
-7323
-6147
-7571
-6099
-7707
-6027
-7971
-6155
-8243
-6131
-8531
-6123
-8787
-6139
-9035
-6131
-9251
-6099
-9459
-6083
-9675
-6115
-9979
-6083
-10155
-6075
-10371
-6059
-10683
-6139
-10891
-6115
-11139
-6091
-11411
-6067
-11627
-6075
-11803
-6123
-12147
-6107
-12347
-6155
-12627
-6155
-12843
-6091
-13003
-6147
-13331
-6091
-13547
-6115
-13771
-6059
-14027
-6147
-14187
-6051
-14507
-6043
-14779
-6155
-14955
-6139
-15203
-6147
-15403
-6139
-15707
-6155
-15931
-6059
-16211
-6131
-16363
-6139
-16675
-6067
-16907
-6131
-17107
-6123
-17363
-6123
-17635
-6051
-17819
-6067
-18035
-6099
-18363
-6147
-18627
-6067
-18835
-6299
141
-6323
-67
-6387
-395
-6307
-523
-6355
-747
-6363
-1027
-6275
-1251
-6355
-1555
-6331
-1787
-6331
-1979
-6267
-2211
-6275
-2459
-6331
-2763
-6379
-2963
-6371
-3195
-6299
-3507
-6339
-3739
-6339
-3979
-6291
-4195
-6299
-4475
-6355
-4659
-6323
-4875
-6291
-5067
-6395
-5331
-6307
-5579
-6307
-5875
-6395
-6075
-6363
-6315
-6299
-6531
-6387
-6779
-6339
-7051
-6307
-7307
-6339
-7531
-6371
-7747
-6395
-8011
-6371
-8315
-6379
-8507
-6267
-8699
-6371
-8907
-6267
-9267
-6339
-9491
-6267
-9691
-6355
-9947
-6339
-10211
-6379
-10411
-6387
-10611
-6347
-10859
-6275
-11171
-6275
-11363
-6339
-11635
-6275
-11899
-6331
-12115
-6379
-12339
-6379
-12627
-6299
-12771
-6331
-13083
-6355
-13267
-6355
-13523
-6331
-13707
-6387
-14059
-6395
-14187
-6387
-14523
-6283
-14787
-6347
-14955
-6331
-15163
-6347
-15507
-6275
-15755
-6395
-15915
-6339
-16139
-6323
-16459
-6323
-16707
-6315
-16843
-6355
-17179
-6371
-17411
-6363
-17571
-6331
-17891
-6371
-18027
-6299
-18371
-6315
-18603
-6395
-18811
-6507
133
-6627
-139
-6579
-387
-6635
-627
-6595
-859
-6523
-1051
-6579
-1251
-6531
-1595
-6515
-1827
-6635
-1963
-6531
-2307
-6611
-2523
-6611
-2779
-6515
-2931
-6563
-3155
-6571
-3435
-6611
-3707
-6523
-3931
-6611
-4219
-6523
-4451
-6611
-4627
-6539
-4939
-6507
-5099
-6635
-5395
-6595
-5619
-6611
-5915
-6611
-6115
-6611
-6371
-6627
-6523
-6619
-6867
-6603
-7059
-6579
-7339
-6587
-7515
-6635
-7795
-6627
-7971
-6555
-8235
-6603
-8491
-6603
-8747
-6531
-8915
-6563
-9179
-6619
-9491
-6635
-9675
-6603
-9963
-6611
-10107
-6587
-10467
-6595
-10659
-6635
-10827
-6627
-11171
-6555
-11347
-6595
-11675
-6523
-11859
-6539
-12027
-6547
-12371
-6603
-12523
-6539
-12747
-6555
-13107
-6579
-13347
-6627
-13555
-6635
-13707
-6571
-14051
-6587
-14307
-6635
-14427
-6627
-14707
-6595
-14971
-6531
-15171
-6555
-15427
-6635
-15643
-6587
-15955
-6619
-16131
-6507
-16435
-6611
-16659
-6619
-16843
-6531
-17147
-6627
-17371
-6627
-17651
-6587
-17819
-6563
-18155
-6587
-18299
-6579
-18523
-6507
-18867
-6771
109
-6867
-91
-6755
-323
-6787
-571
-6787
-819
-6851
-1099
-6771
-1307
-6819
-1595
-6819
-1723
-6755
-2027
-6867
-2291
-6787
-2475
-6763
-2691
-6771
-2931
-6835
-3195
-6795
-3427
-6859
-3739
-6859
-3915
-6819
-4139
-6763
-4427
-6867
-4611
-6851
-4947
-6827
-5155
-6779
-5411
-6851
-5627
-6795
-5859
-6779
-6059
-6875
-6371
-6851
-6547
-6771
-6811
-6819
-7075
-6827
-7235
-6867
-7579
-6803
-7715
-6779
-7995
-6787
-8251
-6763
-8507
-6875
-8675
-6843
-8907
-6867
-9235
-6795
-9467
-6875
-9691
-6835
-9979
-6867
-10179
-6755
-10403
-6835
-10707
-6851
-10947
-6859
-11139
-6851
-11379
-6835
-11619
-6875
-11915
-6811
-12099
-6755
-12379
-6851
-12523
-6779
-12827
-6779
-13075
-6851
-13323
-6811
-13523
-6771
-13715
-6827
-14019
-6811
-14187
-6835
-14555
-6867
-14699
-6811
-15035
-6771
-15235
-6747
-15459
-6795
-15683
-6843
-15875
-6875
-16203
-6827
-16427
-6875
-16603
-6771
-16955
-6763
-17163
-6811
-17355
-6803
-17603
-6875
-17803
-6763
-18051
-6875
-18299
-6787
-18507
-6851
-18819
-7091
133
-7027
-43
-7115
-323
-7059
-635
-7035
-787
-7099
-1115
-7059
-1299
-7011
-1499
-7059
-1779
-7027
-1963
-7107
-2195
-7091
-2467
-7091
-2667
-7083
-3027
-7115
-3203
-7107
-3411
-7099
-3739
-7059
-3939
-7083
-4187
-7043
-4427
-7027
-4651
-7027
-4923
-6995
-5195
-6987
-5307
-7059
-5643
-7115
-5787
-7051
-6083
-7043
-6339
-7083
-6611
-7059
-6779
-7091
-7011
-7075
-7251
-7027
-7595
-7107
-7715
-7083
-7979
-7083
-8187
-7083
-8531
-7083
-8747
-7011
-8979
-6995
-9163
-6987
-9491
-7051
-9739
-7099
-9907
-7115
-10195
-7043
-10371
-7051
-10651
-7083
-10931
-7115
-11139
-7099
-11363
-7075
-11611
-7099
-11883
-7019
-12131
-7059
-12315
-7099
-12531
-7099
-12787
-7059
-12987
-6995
-13235
-7051
-13595
-7059
-13835
-7059
-14019
-7099
-14187
-7027
-14491
-7091
-14675
-7027
-15003
-7027
-15187
-7027
-15443
-7115
-15755
-7051
-15979
-7003
-16131
-7027
-16395
-7043
-16595
-7107
-16907
-7115
-17099
-7075
-17323
-7075
-17619
-7011
-17787
-7091
-18107
-7099
-18323
-7115
-18555
-7059
-18851
-7227
149
-7315
-59
-7267
-371
-7259
-595
-7355
-827
-7259
-1075
-7299
-1235
-7235
-1563
-7331
-1835
-7331
-1971
-7243
-2307
-7307
-2483
-7307
-2739
-7275
-3027
-7315
-3195
-7259
-3475
-7339
-3715
-7267
-3971
-7331
-4155
-7267
-4475
-7315
-4587
-7347
-4947
-7275
-5147
-7267
-5307
-7299
-5619
-7331
-5827
-7259
-6099
-7259
-6299
-7347
-6515
-7315
-6811
-7323
-7003
-7227
-7243
-7291
-7483
-7251
-7747
-7291
-8011
-7267
-8219
-7355
-8531
-7267
-8707
-7347
-8987
-7235
-9211
-7227
-9499
-7315
-9659
-7243
-9947
-7315
-10107
-7227
-10459
-7347
-10667
-7331
-10923
-7299
-11163
-7291
-11379
-7347
-11571
-7355
-11891
-7315
-12155
-7275
-12291
-7355
-12595
-7227
-12771
-7355
-13003
-7339
-13355
-7299
-13587
-7299
-13739
-7243
-14027
-7251
-14267
-7355
-14523
-7339
-14755
-7275
-15011
-7331
-15211
-7307
-15451
-7339
-15643
-7259
-15867
-7299
-16139
-7331
-16379
-7283
-16707
-7227
-16875
-7315
-17187
-7267
-17371
-7315
-17651
-7339
-17811
-7291
-18027
-7267
-18275
-7283
-18515
-7331
-18827
-7563
117
-7595
-75
-7491
-267
-7499
-547
-7587
-859
-7579
-1107
-7587
-1339
-7555
-1467
-7547
-1715
-7547
-1987
-7539
-2275
-7491
-2451
-7571
-2771
-7587
-3011
-7475
-3171
-7579
-3483
-7491
-3739
-7539
-3987
-7491
-4235
-7579
-4459
-7595
-4587
-7483
-4843
-7515
-5067
-7531
-5315
-7531
-5603
-7555
-5803
-7491
-6091
-7547
-6283
-7483
-6603
-7523
-6787
-7507
-6987
-7523
-7243
-7523
-7531
-7555
-7795
-7515
-7995
-7523
-8227
-7467
-8427
-7539
-8691
-7547
-8939
-7531
-9211
-7571
-9475
-7563
-9715
-7587
-9947
-7539
-10187
-7491
-10419
-7523
-10635
-7515
-10947
-7539
-11091
-7563
-11435
-7587
-11635
-7475
-11899
-7475
-12083
-7571
-12347
-7563
-12563
-7467
-12851
-7587
-13115
-7595
-13291
-7571
-13491
-7531
-13827
-7571
-14067
-7587
-14251
-7483
-14539
-7587
-14667
-7563
-14979
-7475
-15195
-7531
-15483
-7483
-15675
-7483
-15939
-7523
-16235
-7595
-16427
-7467
-16595
-7547
-16899
-7491
-17099
-7595
-17387
-7539
-17579
-7547
-17803
-7507
-18131
-7595
-18267
-7547
-18507
-7499
-18859
-7795
117
-7747
-35
-7715
-323
-7827
-587
-7835
-835
-7787
-1059
-7779
-1251
-7763
-1483
-7811
-1811
-7731
-2011
-7763
-2315
-7835
-2435
-7723
-2723
-7795
-3011
-7835
-3275
-7811
-3411
-7787
-3731
-7779
-3955
-7803
-4211
-7715
-4371
-7811
-4699
-7715
-4907
-7811
-5147
-7747
-5427
-7739
-5611
-7835
-5891
-7763
-6035
-7771
-6339
-7811
-6539
-7715
-6851
-7731
-7091
-7827
-7323
-7731
-7531
-7795
-7739
-7707
-7971
-7819
-8243
-7755
-8435
-7739
-8795
-7707
-8979
-7795
-9235
-7835
-9499
-7787
-9723
-7763
-9899
-7707
-10163
-7763
-10395
-7803
-10675
-7779
-10827
-7771
-11067
-7763
-11371
-7763
-11651
-7747
-11803
-7795
-12155
-7771
-12315
-7731
-12635
-7787
-12851
-7763
-13035
-7827
-13355
-7803
-13563
-7747
-13747
-7795
-14043
-7763
-14211
-7771
-14523
-7739
-14675
-7803
-15019
-7779
-15171
-7787
-15387
-7835
-15755
-7811
-15979
-7755
-16171
-7835
-16427
-7707
-16635
-7779
-16875
-7731
-17083
-7755
-17427
-7811
-17579
-7835
-17819
-7739
-18099
-7835
-18267
-7747
-18611
-7803
-18835
-7995
133
-8035
-59
-8043
-379
-7987
-563
-8019
-859
-7955
-1083
-7955
-1227
-8075
-1531
-8011
-1811
-8035
-1979
-7947
-2307
-8067
-2483
-8019
-2715
-8035
-2923
-8035
-3219
-8051
-3395
-7971
-3707
-8075
-3971
-8059
-4155
-8043
-4459
-7971
-4659
-8003
-4867
-8051
-5123
-7987
-5323
-8051
-5611
-8051
-5883
-7987
-6099
-8075
-6307
-7971
-6547
-7971
-6811
-7971
-7027
-7995
-7347
-8003
-7563
-8035
-7747
-8043
-7987
-8035
-8243
-8043
-8491
-7971
-8771
-8035
-9019
-8075
-9243
-8067
-9435
-7963
-9747
-8051
-9867
-8067
-10187
-8027
-10363
-8067
-10715
-8003
-10955
-8059
-11163
-8067
-11435
-8027
-11579
-8043
-11891
-8075
-12067
-8059
-12395
-8059
-12539
-8035
-12835
-8067
-13107
-8067
-13243
-8067
-13587
-8043
-13731
-8003
-14003
-8075
-14211
-8019
-14459
-8043
-14723
-7995
-14995
-8075
-15211
-7979
-15507
-7971
-15659
-7963
-15939
-7971
-16211
-8019
-16451
-7963
-16691
-7947
-16907
-8051
-17131
-8075
-17403
-8043
-17627
-8051
-17787
-8027
-18075
-8035
-18307
-7947
-18555
-7963
-18851
-8187
101
-8259
-51
-8299
-307
-8315
-635
-8251
-763
-8235
-1115
-8299
-1235
-8291
-1483
-8267
-1835
-8195
-1979
-8235
-2187
-8291
-2467
-8195
-2755
-8195
-2915
-8291
-3171
-8291
-3411
-8291
-3715
-8211
-3971
-8307
-4163
-8275
-4459
-8219
-4643
-8267
-4851
-8291
-5195
-8299
-5347
-8275
-5579
-8307
-5803
-8251
-6043
-8307
-6315
-8307
-6547
-8283
-6787
-8187
-7043
-8299
-7235
-8275
-7467
-8187
-7739
-8291
-8035
-8235
-8235
-8315
-8467
-8315
-8683
-8211
-9027
-8267
-9259
-8275
-9459
-8307
-9707
-8267
-9979
-8251
-10147
-8299
-10435
-8251
-10691
-8275
-10827
-8195
-11179
-8267
-11379
-8251
-11675
-8291
-11891
-8235
-12099
-8315
-12291
-8307
-12619
-8315
-12859
-8227
-12987
-8315
-13339
-8283
-13475
-8315
-13723
-8259
-14027
-8219
-14283
-8315
-14443
-8315
-14691
-8187
-14915
-8299
-15211
-8251
-15427
-8291
-15683
-8283
-15907
-8299
-16147
-8227
-16411
-8259
-16603
-8187
-16923
-8267
-17147
-8235
-17379
-8315
-17675
-8235
-17867
-8275
-18043
-8315
-18291
-8307
-18595
-8211
-18819
-8515
93
-8523
-91
-8443
-339
-8515
-539
-8507
-875
-8483
-1051
-8531
-1355
-8523
-1491
-8523
-1747
-8523
-2075
-8531
-2227
-8539
-2451
-8435
-2755
-8467
-2923
-8483
-3275
-8475
-3443
-8443
-3723
-8539
-3939
-8547
-4235
-8499
-4419
-8483
-4651
-8515
-4827
-8555
-5131
-8507
-5331
-8523
-5667
-8499
-5915
-8451
-6147
-8507
-6299
-8499
-6571
-8523
-6859
-8475
-7075
-8531
-7243
-8523
-7579
-8507
-7811
-8515
-8019
-8547
-8275
-8427
-8507
-8515
-8787
-8515
-8907
-8555
-9227
-8427
-9467
-8531
-9731
-8523
-9963
-8459
-10107
-8427
-10379
-8531
-10595
-8499
-10867
-8555
-11075
-8539
-11347
-8483
-11611
-8451
-11907
-8507
-12035
-8555
-12267
-8475
-12635
-8539
-12875
-8555
-13099
-8483
-13251
-8443
-13547
-8507
-13787
-8491
-14027
-8459
-14259
-8539
-14523
-8443
-14715
-8555
-14931
-8467
-15243
-8499
-15403
-8491
-15691
-8435
-15955
-8531
-16235
-8427
-16395
-8507
-16715
-8435
-16939
-8483
-17163
-8555
-17395
-8435
-17643
-8539
-17859
-8547
-18075
-8443
-18275
-8499
-18563
-8515
-18843
-8683
117
-8699
-75
-8787
-307
-8739
-579
-8715
-763
-8731
-1051
-8747
-1339
-8755
-1587
-8723
-1723
-8739
-1955
-8795
-2291
-8787
-2435
-8739
-2771
-8771
-2963
-8675
-3179
-8699
-3483
-8707
-3755
-8691
-3923
-8739
-4123
-8787
-4459
-8667
-4603
-8707
-4851
-8763
-5179
-8675
-5307
-8771
-5555
-8779
-5867
-8787
-6059
-8763
-6387
-8779
-6587
-8771
-6803
-8795
-7019
-8683
-7307
-8731
-7523
-8747
-7819
-8771
-8027
-8771
-8251
-8795
-8539
-8731
-8747
-8747
-8923
-8787
-9251
-8795
-9403
-8771
-9707
-8723
-9995
-8707
-10179
-8771
-10475
-8755
-10667
-8771
-10835
-8707
-11163
-8723
-11395
-8795
-11547
-8739
-11907
-8795
-12027
-8747
-12323
-8771
-12579
-8771
-12843
-8763
-13019
-8795
-13267
-8731
-13587
-8739
-13835
-8675
-13963
-8771
-14219
-8683
-14443
-8763
-14771
-8787
-15019
-8779
-15203
-8755
-15483
-8771
-15643
-8699
-15971
-8683
-16211
-8667
-16475
-8723
-16635
-8787
-16923
-8787
-17147
-8795
-17371
-8699
-17603
-8755
-17899
-8667
-18083
-8707
-18371
-8755
-18531
-8779
-18859
-9003
109
-9003
-59
-9027
-275
-9027
-611
-8963
-843
-9027
-1115
-8907
-1275
-8971
-1467
-8963
-1715
-8987
-1995
-8971
-2283
-8963
-2467
-9019
-2715
-8931
-3019
-9003
-3179
-8979
-3515
-9011
-3643
-9003
-3987
-8931
-4147
-8963
-4371
-8995
-4643
-8907
-4843
-9027
-5163
-8971
-5371
-8995
-5611
-8947
-5795
-9019
-6107
-9011
-6355
-8987
-6587
-9035
-6779
-9019
-7091
-9011
-7299
-9035
-7491
-8987
-7835
-8907
-7987
-9035
-8203
-8987
-8475
-8931
-8683
-9027
-8963
-8979
-9227
-9019
-9491
-9019
-9691
-9019
-9939
-9011
-10155
-9011
-10347
-8971
-10715
-8931
-10851
-9027
-11147
-8915
-11339
-9003
-11659
-8955
-11875
-8915
-12115
-9011
-12339
-8971
-12595
-9027
-12875
-8931
-13043
-9011
-13251
-8947
-13563
-8939
-13715
-9027
-14003
-8955
-14235
-9027
-14459
-9011
-14699
-9027
-14971
-9027
-15251
-8947
-15443
-9011
-15675
-8947
-15867
-9035
-16195
-8995
-16459
-8979
-16715
-9035
-16899
-8963
-17187
-8939
-17379
-9019
-17595
-8987
-17907
-8995
-18155
-9011
-18275
-8915
-18635
-8987
-18867
-9251
125
-9171
-155
-9155
-379
-9259
-619
-9267
-851
-9259
-1075
-9155
-1251
-9267
-1531
-9147
-1763
-9243
-1987
-9275
-2187
-9259
-2459
-9227
-2787
-9243
-2939
-9275
-3259
-9227
-3419
-9275
-3731
-9251
-3947
-9267
-4131
-9203
-4371
-9275
-4635
-9243
-4827
-9267
-5075
-9203
-5363
-9219
-5675
-9163
-5891
-9195
-6099
-9155
-6339
-9203
-6555
-9187
-6779
-9179
-7059
-9235
-7243
-9227
-7491
-9147
-7787
-9235
-7979
-9251
-8195
-9219
-8475
-9203
-8755
-9147
-8939
-9227
-9171
-9187
-9427
-9211
-9683
-9251
-9867
-9187
-10203
-9211
-10395
-9163
-10699
-9211
-10851
-9227
-11083
-9267
-11435
-9259
-11603
-9275
-11899
-9227
-12091
-9275
-12323
-9147
-12531
-9275
-12835
-9155
-13051
-9227
-13283
-9259
-13499
-9243
-13787
-9171
-13995
-9203
-14195
-9211
-14467
-9227
-14755
-9187
-14915
-9227
-15267
-9219
-15483
-9251
-15651
-9259
-15995
-9179
-16235
-9155
-16435
-9195
-16651
-9203
-16883
-9259
-17139
-9251
-17435
-9235
-17611
-9251
-17795
-9267
-18091
-9259
-18307
-9259
-18507
-9259
-18811
-9451
149
-9443
-139
-9515
-275
-9467
-603
-9459
-803
-9491
-1099
-9443
-1251
-9395
-1579
-9515
-1803
-9443
-2059
-9459
-2291
-9499
-2435
-9419
-2755
-9475
-2987
-9515
-3267
-9499
-3515
-9507
-3707
-9419
-3899
-9491
-4219
-9459
-4387
-9483
-4595
-9499
-4939
-9515
-5107
-9499
-5387
-9411
-5611
-9475
-5867
-9507
-6155
-9507
-6371
-9483
-6571
-9411
-6779
-9411
-7075
-9507
-7347
-9515
-7491
-9443
-7723
-9443
-8059
-9467
-8211
-9507
-8467
-9395
-8731
-9475
-8907
-9475
-9179
-9419
-9419
-9451
-9627
-9499
-9907
-9387
-10163
-9403
-10395
-9387
-10587
-9515
-10931
-9451
-11083
-9499
-11419
-9443
-11667
-9515
-11835
-9459
-12035
-9419
-12307
-9427
-12523
-9483
-12859
-9459
-13051
-9491
-13227
-9427
-13491
-9443
-13819
-9411
-13963
-9403
-14299
-9435
-14443
-9467
-14747
-9515
-15019
-9435
-15235
-9411
-15451
-9499
-15651
-9411
-15883
-9387
-16171
-9451
-16451
-9443
-16651
-9443
-16939
-9499
-17179
-9499
-17339
-9411
-17563
-9451
-17907
-9387
-18035
-9491
-18395
-9435
-18539
-9467
-18843
-9715
117
-9683
-35
-9675
-363
-9723
-555
-9691
-819
-9707
-1003
-9691
-1243
-9659
-1539
-9731
-1827
-9755
-1979
-9731
-2259
-9715
-2539
-9635
-2755
-9731
-3011
-9683
-3187
-9683
-3507
-9627
-3723
-9747
-3899
-9715
-4195
-9723
-4475
-9731
-4587
-9715
-4867
-9675
-5187
-9755
-5411
-9707
-5563
-9747
-5875
-9755
-6035
-9691
-6395
-9715
-6555
-9659
-6779
-9699
-6995
-9683
-7331
-9643
-7571
-9755
-7795
-9691
-8043
-9667
-8251
-9675
-8483
-9683
-8779
-9635
-8955
-9707
-9211
-9747
-9483
-9635
-9691
-9723
-9987
-9723
-10227
-9627
-10435
-9731
-10611
-9627
-10851
-9739
-11107
-9731
-11307
-9715
-11595
-9651
-11787
-9715
-12067
-9747
-12379
-9715
-12555
-9699
-12835
-9651
-13083
-9707
-13299
-9667
-13595
-9635
-13787
-9739
-13987
-9747
-14195
-9739
-14483
-9755
-14691
-9739
-15003
-9755
-15187
-9723
-15475
-9683
-15627
-9683
-15915
-9691
-16211
-9731
-16475
-9667
-16715
-9635
-16883
-9675
-17163
-9651
-17403
-9691
-17587
-9755
-17803
-9715
-18123
-9627
-18291
-9755
-18579
-9659
-18843
-9947
109
-9955
-43
-9955
-363
-9907
-603
-9915
-819
-9923
-1051
-9979
-1323
-9955
-1539
-9915
-1819
-9915
-1947
-9987
-2251
-9955
-2547
-9987
-2747
-9923
-2987
-9883
-3235
-9963
-3419
-9971
-3643
-9947
-3947
-9995
-4131
-9907
-4363
-9947
-4603
-9867
-4915
-9987
-5131
-9931
-5435
-9955
-5603
-9947
-5907
-9931
-6035
-9979
-6299
-9947
-6611
-9979
-6779
-9915
-6987
-9915
-7251
-9963
-7587
-9995
-7811
-9867
-8059
-9971
-8251
-9867
-8531
-9891
-8691
-9995
-8963
-9923
-9235
-9987
-9451
-9979
-9667
-9915
-9875
-9891
-10123
-9931
-10371
-9931
-10627
-9915
-10867
-9899
-11115
-9891
-11435
-9979
-11659
-9963
-11819
-9995
-12035
-9915
-12363
-9995
-12571
-9987
-12811
-9955
-13107
-9963
-13291
-9947
-13531
-9963
-13803
-9891
-14067
-9923
-14227
-9995
-14483
-9931
-14707
-9971
-14915
-9963
-15147
-9883
-15427
-9963
-15659
-9987
-15923
-9939
-16115
-9963
-16451
-9915
-16619
-9995
-16915
-9915
-17067
-9947
-17403
-9995
-17547
-9995
-17811
-9979
-18091
-9995
-18315
-9931
-18619
-9963
-18867
-10211
141
-10235
-43
-10211
-291
-10147
-635
-10219
-771
-10163
-1051
-10187
-1283
-10203
-1499
-10187
-1747
-10147
-2067
-10187
-2235
-10115
-2507
-10131
-2667
-10107
-3011
-10203
-3227
-10123
-3411
-10187
-3635
-10227
-3875
-10187
-4227
-10235
-4475
-10219
-4659
-10163
-4851
-10147
-5115
-10187
-5403
-10235
-5643
-10155
-5851
-10123
-6147
-10219
-6331
-10171
-6507
-10171
-6795
-10147
-6995
-10235
-7339
-10163
-7547
-10211
-7795
-10171
-7963
-10227
-8259
-10219
-8507
-10179
-8795
-10171
-8915
-10195
-9251
-10155
-9507
-10115
-9715
-10235
-9891
-10203
-10131
-10235
-10475
-10187
-10643
-10219
-10923
-10131
-11195
-10203
-11363
-10211
-11643
-10235
-11883
-10211
-12027
-10179
-12307
-10235
-12523
-10195
-12771
-10235
-13011
-10179
-13259
-10107
-13531
-10219
-13739
-10235
-14027
-10147
-14203
-10203
-14515
-10235
-14747
-10163
-14987
-10139
-15243
-10235
-15507
-10227
-15715
-10203
-15939
-10171
-16227
-10139
-16459
-10211
-16691
-10195
-16859
-10179
-17163
-10163
-17427
-10219
-17659
-10171
-17819
-10203
-18027
-10227
-18275
-10235
-18627
-10147
-18827
-10435
133
-10475
-27
-10459
-395
-10475
-515
-10467
-795
-10435
-1051
-10435
-1331
-10451
-1515
-10427
-1739
-10467
-2067
-10411
-2211
-10435
-2515
-10475
-2699
-10475
-2923
-10467
-3179
-10475
-3483
-10451
-3667
-10475
-3971
-10411
-4211
-10419
-4475
-10435
-4675
-10435
-4859
-10411
-5187
-10451
-5387
-10451
-5603
-10451
-5883
-10435
-6131
-10475
-6267
-10459
-6563
-10459
-6779
-10475
-7067
-10459
-7291
-10459
-7563
-10443
-7787
-10475
-8003
-10459
-8275
-10443
-8499
-10443
-8699
-10443
-8979
-10443
-9147
-10443
-9467
-10451
-9691
-10419
-9915
-10467
-10235
-10419
-10379
-10411
-10707
-10443
-10939
-10467
-11099
-10427
-11371
-10467
-11571
-10427
-11811
-10459
-12123
-10459
-12339
-10459
-12523
-10451
-12779
-10427
-13051
-10467
-13259
-10451
-13491
-10475
-13771
-10443
-14067
-10475
-14315
-10467
-14435
-10475
-14779
-10419
-15011
-10435
-15163
-10443
-15427
-10475
-15739
-10467
-15931
-10411
-16123
-10467
-16459
-10419
-16627
-10475
-16947
-10475
-17187
-10475
-17419
-10475
-17563
-10435
-17915
-10451
-18035
-10435
-18363
-10443
-18523
-10459
-18867
