93
503
252
-101
184
-309
546
-491
215
-782
545
-1069
180
-1296
366
-1557
183
-1793
145
-1941
278
-2222
237
-2535
251
-2737
327
-2959
189
-3129
135
-3463
341
-3639
503
-3875
161
-4085
169
-4379
263
-4591
85
-4851
149
-5139
133
-5363
109
-5631
93
-5903
117
-6067
93
-6251
85
-6515
85
-6751
149
-7095
101
-7279
85
-7539
133
-7787
85
-7959
85
-8191
85
-8451
109
-8755
141
-8935
125
-9271
85
-9483
149
-9723
85
-9971
149
-10235
93
-10379
85
-10643
93
-10955
93
-11187
117
-11363
149
-11659
93
-11883
117
-12091
109
-12371
117
-12595
109
-12835
93
-13067
117
-13323
149
-13595
85
-13755
149
-14035
141
-14203
133
-14451
85
-14707
101
-14947
133
-15267
101
-15499
85
-15635
125
-15995
133
-16123
93
-16427
101
-16659
149
-16931
85
-17179
85
-17323
133
-17571
133
-17843
93
-18147
141
-18307
117
-18619
133
-18843
-139
147
-75
-13
-113
-305
-70
-477
-15
-744
-77
-991
-21
-1317
-44
-1451
-121
-1709
-122
-1973
-114
-2168
-89
-2465
-89
-2771
-109
-2897
-75
-3163
-79
-3463
-95
-3663
-65
-3835
-123
-4179
-129
-4313
-145
-4645
-123
-4903
-63
-5131
-123
-5327
-147
-5635
-51
-5819
-95
-6007
-111
-6275
-47
-6531
-127
-6867
-119
-7071
-127
-7275
-3
-7487
-111
-7747
-139
-8035
-19
-8259
-115
-8535
-87
-8695
-131
-8923
-51
-9227
-87
-9387
-155
-9731
-67
-9915
-123
-10187
-115
-10411
-107
-10659
-91
-10883
-139
-11155
-123
-11379
-123
-11627
-155
-11851
-75
-12115
-115
-12347
-115
-12611
-83
-12827
-131
-13035
-139
-13331
-115
-13571
-115
-13763
-147
-14011
-147
-14235
-91
-14539
-91
-14763
-147
-14955
-51
-15163
-59
-15403
-131
-15675
-67
-15923
-123
-16139
-91
-16379
-155
-16643
-43
-16843
-107
-17171
-155
-17339
-139
-17667
-107
-17843
-35
-18051
-43
-18323
-99
-18507
-51
-18827
-327
302
-275
-149
-310
-311
-270
-521
-291
-799
-371
-982
-378
-1325
-315
-1476
-375
-1805
-293
-2007
-353
-2231
-367
-2459
-371
-2711
-379
-2981
-361
-3125
-329
-3507
-243
-3625
-265
-3939
-347
-4191
-311
-4391
-261
-4679
-311
-4911
-327
-5135
-327
-5347
-347
-5627
-355
-5859
-339
-6131
-347
-6303
-259
-6495
-275
-6855
-363
-6979
-283
-7339
-311
-7491
-359
-7687
-347
-7951
-331
-8211
-375
-8451
-263
-8699
-343
-8967
-367
-9207
-355
-9515
-371
-9707
-387
-9939
-339
-10187
-275
-10403
-347
-10587
-363
-10931
-275
-11171
-283
-11363
-323
-11611
-355
-11843
-307
-12027
-307
-12291
-355
-12579
-275
-12851
-363
-13043
-323
-13347
-267
-13571
-355
-13819
-339
-14027
-291
-14259
-387
-14459
-395
-14715
-291
-15011
-355
-15147
-347
-15387
-331
-15691
-387
-15963
-291
-16131
-291
-16467
-379
-16651
-387
-16835
-395
-17147
-339
-17315
-387
-17611
-323
-17875
-387
-18067
-395
-18395
-371
-18563
-379
-18843
-535
1129
-545
-86
-615
-259
-547
-597
-625
-797
-507
-1075
-588
-1331
-535
-1483
-551
-1713
-537
-1946
-595
-2178
-613
-2459
-607
-2747
-503
-2907
-603
-3191
-533
-3403
-621
-3609
-563
-3983
-595
-4107
-627
-4393
-573
-4627
-599
-4895
-619
-5087
-587
-5323
-579
-5671
-515
-5775
-611
-6131
-591
-6323
-599
-6563
-507
-6779
-631
-7043
-491
-7247
-595
-7467
-555
-7715
-499
-7999
-555
-8187
-531
-8499
-559
-8763
-531
-9011
-511
-9183
-615
-9455
-539
-9659
-507
-9891
-619
-10227
-595
-10363
-539
-10635
-515
-10835
-531
-11099
-595
-11355
-563
-11587
-547
-11843
-571
-12115
-571
-12331
-515
-12603
-563
-12787
-627
-12995
-507
-13243
-571
-13571
-531
-13747
-611
-13947
-603
-14211
-619
-14507
-515
-14763
-627
-14923
-555
-15259
-507
-15507
-611
-15739
-595
-15979
-595
-16163
-627
-16379
-603
-16667
-611
-16939
-627
-17179
-587
-17323
-531
-17667
-563
-17811
-595
-18035
-587
-18379
-539
-18531
-635
-18843
-815
1021
-853
-83
-835
-288
-864
-510
-809
-779
-763
-1004
-764
-1251
-853
-1497
-867
-1775
-783
-2015
-787
-2255
-821
-2513
-853
-2793
-809
-2935
-839
-3183
-843
-3473
-803
-3725
-739
-3967
-799
-4209
-833
-4391
-783
-4605
-799
-4843
-835
-5139
-835
-5323
-795
-5671
-855
-5871
-747
-6059
-839
-6243
-807
-6555
-739
-6831
-863
-6967
-783
-7339
-779
-7571
-779
-7767
-807
-7983
-843
-8183
-803
-8427
-811
-8655
-807
-8875
-771
-9215
-783
-9375
-835
-9627
-827
-9947
-827
-10123
-811
-10403
-803
-10635
-803
-10859
-763
-11179
-819
-11395
-747
-11547
-859
-11827
-827
-12131
-755
-12283
-803
-12579
-795
-12875
-811
-13091
-747
-13275
-859
-13491
-843
-13811
-811
-13979
-771
-14251
-859
-14435
-819
-14707
-875
-14955
-867
-15243
-771
-15475
-875
-15635
-851
-15923
-763
-16107
-867
-16443
-851
-16619
-859
-16899
-851
-17075
-867
-17355
-811
-17675
-747
-17811
-755
-18139
-875
-18291
-843
-18547
-803
-18875
-1091
255
-1051
-3
-1085
-278
-1046
-513
-1077
-729
-1014
-992
-1028
-1237
-987
-1525
-1077
-1788
-1052
-2021
-1032
-2215
-1069
-2487
-1035
-2715
-1055
-2999
-947
-3215
-1061
-3367
-1023
-3693
-983
-3895
-1089
-4203
-1053
-4383
-997
-4663
-999
-4827
-991
-5163
-1083
-5351
-1007
-5583
-1071
-5867
-1095
-6063
-1003
-6359
-1031
-6563
-1079
-6783
-1075
-6975
-1027
-7319
-1075
-7527
-995
-7747
-1051
-8047
-1047
-8207
-1091
-8527
-1027
-8691
-1079
-8927
-1031
-9211
-1031
-9399
-1003
-9747
-1059
-9923
-1107
-10147
-1115
-10475
-1075
-10659
-1083
-10891
-1099
-11147
-1043
-11307
-1091
-11571
-1011
-11843
-1027
-12147
-1043
-12363
-1107
-12539
-987
-12787
-1099
-13115
-1107
-13291
-1075
-13539
-1027
-13707
-1059
-13971
-1075
-14187
-1035
-14427
-1035
-14667
-1019
-14979
-1035
-15243
-995
-15411
-1075
-15755
-1107
-15891
-1083
-16179
-1011
-16355
-1091
-16651
-1043
-16891
-1083
-17147
-995
-17427
-1091
-17611
-987
-17851
-1035
-18107
-1107
-18323
-1115
-18635
-1115
-18811
-1315
1667
-1239
-92
-1297
-239
-1331
-506
-1227
-763
-1289
-973
-1297
-1288
-1288
-1454
-1208
-1823
-1331
-1915
-1261
-2199
-1219
-2493
-1305
-2795
-1311
-2895
-1293
-3239
-1323
-3419
-1267
-3735
-1323
-3895
-1201
-4187
-1333
-4393
-1253
-4683
-1347
-4939
-1319
-5111
-1235
-5327
-1267
-5575
-1227
-5815
-1299
-6075
-1243
-6267
-1283
-6599
-1287
-6799
-1319
-7083
-1331
-7311
-1259
-7447
-1327
-7799
-1355
-7955
-1271
-8283
-1339
-8511
-1271
-8651
-1215
-8907
-1243
-9155
-1319
-9419
-1331
-9675
-1283
-9915
-1331
-10195
-1307
-10355
-1307
-10603
-1355
-10851
-1251
-11115
-1323
-11427
-1259
-11555
-1347
-11851
-1299
-12155
-1299
-12267
-1307
-12635
-1275
-12795
-1267
-13115
-1307
-13323
-1347
-13579
-1243
-13795
-1307
-14027
-1235
-14235
-1323
-14427
-1283
-14691
-1331
-15003
-1235
-15251
-1243
-15419
-1283
-15707
-1235
-15955
-1323
-16155
-1307
-16371
-1331
-16627
-1355
-16947
-1347
-17139
-1259
-17411
-1331
-17587
-1355
-17827
-1339
-18075
-1275
-18371
-1323
-18579
-1307
-18843
-1555
115
-1537
-83
-1547
-365
-1441
-521
-1439
-799
-1553
-1071
-1585
-1319
-1551
-1543
-1537
-1795
-1491
-2059
-1455
-2285
-1493
-2465
-1555
-2767
-1459
-2985
-1539
-3117
-1455
-3411
-1567
-3661
-1593
-3987
-1531
-4143
-1555
-4423
-1567
-4671
-1487
-4915
-1595
-5119
-1555
-5315
-1563
-5663
-1495
-5799
-1555
-6059
-1523
-6259
-1547
-6579
-1439
-6803
-1531
-7027
-1595
-7267
-1503
-7491
-1551
-7735
-1591
-7979
-1571
-8227
-1463
-8511
-1547
-8699
-1539
-8995
-1539
-9167
-1511
-9383
-1547
-9739
-1563
-9939
-1587
-10147
-1595
-10411
-1539
-10675
-1595
-10939
-1587
-11187
-1467
-11395
-1523
-11651
-1555
-11843
-1547
-12083
-1491
-12323
-1555
-12539
-1507
-12755
-1531
-13083
-1563
-13323
-1571
-13523
-1547
-13835
-1555
-13963
-1523
-14283
-1571
-14467
-1555
-14787
-1571
-14923
-1571
-15267
-1579
-15427
-1491
-15659
-1515
-15995
-1499
-16235
-1563
-16387
-1571
-16603
-1531
-16915
-1579
-17115
-1595
-17315
-1563
-17547
-1531
-17859
-1515
-18091
-1587
-18347
-1595
-18611
-1523
-18843
-1759
751
-1711
-25
-1793
-387
-1689
-499
-1753
-771
-1785
-963
-1817
-1293
-1771
-1561
-1767
-1789
-1807
-1975
-1771
-2249
-1785
-2453
-1783
-2685
-1807
-2899
-1747
-3201
-1687
-3479
-1801
-3681
-1715
-3959
-1799
-4187
-1699
-4351
-1747
-4653
-1811
-4935
-1779
-5043
-1715
-5311
-1771
-5539
-1819
-5835
-1799
-6103
-1735
-6267
-1723
-6551
-1723
-6847
-1699
-7107
-1791
-7259
-1683
-7483
-1727
-7763
-1775
-8031
-1807
-8195
-1755
-8447
-1787
-8703
-1803
-8987
-1823
-9187
-1727
-9415
-1771
-9683
-1715
-9955
-1803
-10187
-1763
-10427
-1787
-10659
-1819
-10923
-1795
-11163
-1795
-11387
-1739
-11651
-1771
-11787
-1819
-12067
-1819
-12283
-1827
-12507
-1731
-12771
-1803
-12995
-1795
-13315
-1755
-13539
-1747
-13795
-1715
-14027
-1803
-14315
-1747
-14523
-1747
-14779
-1739
-14955
-1811
-15155
-1779
-15395
-1747
-15643
-1747
-15875
-1819
-16227
-1771
-16403
-1739
-16643
-1779
-16907
-1827
-17131
-1803
-17339
-1795
-17547
-1755
-17827
-1787
-18107
-1755
-18363
-1835
-18611
-1827
-18819
-2075
1043
-1973
-125
-1963
-315
-2003
-547
-2039
-795
-2063
-1057
-1993
-1249
-2001
-1523
-2021
-1675
-1987
-1951
-2005
-2273
-1955
-2405
-2035
-2649
-1955
-2877
-2065
-3195
-2049
-3461
-2003
-3627
-1985
-3933
-1967
-4223
-2053
-4375
-2021
-4709
-2067
-4943
-1979
-5047
-2055
-5315
-2007
-5579
-1999
-5803
-2043
-6055
-2031
-6327
-1955
-6575
-2011
-6843
-1971
-7063
-2055
-7303
-2047
-7471
-2003
-7723
-1955
-7987
-2047
-8267
-2051
-8523
-2055
-8647
-1991
-8915
-1927
-9155
-2071
-9411
-2043
-9707
-1987
-9963
-2035
-10115
-1955
-10435
-1963
-10691
-1979
-10955
-2011
-11083
-1987
-11419
-2035
-11603
-2059
-11867
-1995
-12075
-2011
-12275
-1995
-12603
-2067
-12835
-1947
-13107
-2075
-13235
-2027
-13595
-2067
-13787
-1947
-13947
-2067
-14275
-2019
-14507
-2019
-14683
-2059
-15027
-2035
-15187
-2019
-15443
-2075
-15675
-1947
-15971
-2027
-16179
-2043
-16427
-1971
-16659
-1955
-16835
-2043
-17099
-2067
-17371
-2075
-17675
-2051
-17811
-1987
-18083
-2027
-18387
-2075
-18619
-1995
-18827
-2275
465
-2287
-43
-2271
-317
-2253
-541
-2177
-797
-2293
-963
-2187
-1307
-2263
-1509
-2281
-1819
-2305
-1935
-2265
-2265
-2219
-2535
-2233
-2717
-2283
-3007
-2249
-3249
-2279
-3437
-2271
-3689
-2235
-3961
-2177
-4211
-2255
-4407
-2263
-4671
-2307
-4903
-2295
-5151
-2251
-5319
-2291
-5535
-2291
-5843
-2183
-6087
-2283
-6383
-2291
-6503
-2239
-6859
-2279
-6991
-2283
-7299
-2239
-7459
-2255
-7743
-2271
-8011
-2223
-8231
-2299
-8475
-2275
-8723
-2215
-8959
-2307
-9151
-2219
-9483
-2275
-9723
-2187
-9979
-2259
-10131
-2283
-10451
-2291
-10595
-2251
-10907
-2307
-11075
-2251
-11339
-2267
-11563
-2283
-11803
-2275
-12067
-2259
-12283
-2307
-12555
-2291
-12795
-2251
-13059
-2203
-13307
-2275
-13547
-2243
-13819
-2315
-14011
-2291
-14227
-2291
-14555
-2203
-14707
-2227
-14931
-2187
-15195
-2275
-15507
-2235
-15699
-2267
-15955
-2299
-16155
-2227
-16419
-2299
-16635
-2243
-16931
-2251
-17187
-2251
-17315
-2235
-17643
-2243
-17819
-2259
-18131
-2187
-18379
-2187
-18515
-2283
-18875
-2459
967
-2453
-135
-2495
-351
-2487
-619
-2467
-763
-2435
-1041
-2535
-1267
-2463
-1479
-2475
-1769
-2457
-1991
-2511
-2201
-2473
-2505
-2479
-2661
-2523
-2919
-2445
-3135
-2471
-3367
-2463
-3609
-2507
-3943
-2421
-4083
-2543
-4407
-2435
-4611
-2547
-4927
-2475
-5147
-2523
-5423
-2451
-5551
-2471
-5811
-2503
-6127
-2535
-6323
-2539
-6539
-2467
-6763
-2467
-6991
-2523
-7263
-2499
-7511
-2519
-7699
-2515
-7955
-2459
-8191
-2491
-8491
-2491
-8731
-2527
-9011
-2459
-9143
-2455
-9403
-2515
-9731
-2547
-9915
-2523
-10123
-2531
-10467
-2539
-10651
-2483
-10875
-2427
-11067
-2555
-11411
-2483
-11659
-2515
-11859
-2467
-12059
-2467
-12315
-2475
-12539
-2539
-12771
-2547
-13059
-2427
-13315
-2491
-13475
-2539
-13739
-2515
-14051
-2515
-14299
-2539
-14483
-2523
-14667
-2555
-14979
-2547
-15275
-2555
-15459
-2451
-15667
-2435
-15947
-2459
-16179
-2523
-16475
-2443
-16667
-2515
-16859
-2547
-17147
-2547
-17339
-2531
-17547
-2451
-17795
-2443
-18131
-2499
-18291
-2523
-18523
-2443
-18827
-2683
1547
-2651
-35
-2739
-363
-2755
-579
-2787
-811
-2719
-1007
-2779
-1355
-2755
-1587
-2747
-1783
-2747
-2075
-2739
-2207
-2771
-2511
-2791
-2715
-2751
-2919
-2679
-3123
-2739
-3387
-2783
-3615
-2715
-3935
-2747
-4175
-2667
-4367
-2771
-4567
-2751
-4839
-2683
-5099
-2655
-5359
-2747
-5575
-2731
-5791
-2735
-6107
-2787
-6347
-2795
-6523
-2711
-6763
-2695
-6967
-2759
-7247
-2723
-7471
-2755
-7783
-2759
-8031
-2667
-8227
-2671
-8431
-2659
-8743
-2767
-8943
-2767
-9267
-2687
-9391
-2723
-9699
-2779
-9891
-2763
-10227
-2675
-10435
-2723
-10595
-2739
-10923
-2771
-11163
-2795
-11363
-2779
-11627
-2787
-11843
-2779
-12043
-2699
-12371
-2707
-12515
-2723
-12811
-2771
-13075
-2739
-13235
-2707
-13579
-2787
-13787
-2795
-14075
-2771
-14219
-2707
-14451
-2787
-14739
-2795
-14931
-2691
-15195
-2731
-15491
-2787
-15643
-2787
-15875
-2771
-16235
-2707
-16411
-2763
-16675
-2795
-16843
-2779
-17123
-2739
-17307
-2747
-17643
-2731
-17811
-2723
-18075
-2683
-18379
-2795
-18555
-2739
-18811
-3027
109
-2995
1
-2947
-363
-2979
-503
-2899
-835
-2943
-1039
-3011
-1223
-2907
-1587
-2955
-1771
-2983
-2035
-2979
-2199
-2967
-2507
-2939
-2651
-3015
-3019
-2975
-3243
-2951
-3495
-2999
-3651
-2931
-3851
-2983
-4087
-2971
-4451
-2895
-4643
-3003
-4819
-3003
-5115
-2999
-5299
-2999
-5603
-2955
-5843
-2951
-6123
-3019
-6287
-3007
-6503
-2947
-6843
-2955
-7067
-2935
-7323
-2979
-7495
-2987
-7807
-2923
-8027
-3003
-8251
-2943
-8543
-2995
-8711
-2979
-8963
-2923
-9199
-2995
-9515
-2995
-9715
-2923
-9987
-3035
-10195
-3035
-10427
-2987
-10603
-2915
-10955
-2923
-11067
-2939
-11411
-2955
-11555
-3011
-11883
-3035
-12155
-3019
-12363
-3019
-12547
-2979
-12835
-3027
-13115
-2923
-13299
-2971
-13587
-2971
-13819
-3011
-14003
-2947
-14211
-3035
-14451
-3027
-14771
-3011
-15027
-3011
-15267
-2923
-15507
-2987
-15659
-2995
-15931
-2931
-16107
-2963
-16371
-2979
-16707
-3003
-16843
-2987
-17075
-2923
-17435
-3003
-17555
-2947
-17875
-2963
-18131
-2907
-18363
-3035
-18571
-2915
-18859
-3251
141
-3211
-127
-3211
-327
-3171
-627
-3251
-763
-3147
-1007
-3211
-1247
-3251
-1479
-3227
-1759
-3227
-2031
-3231
-2191
-3251
-2511
-3199
-2703
-3219
-2967
-3195
-3255
-3203
-3395
-3167
-3683
-3267
-3959
-3223
-4127
-3263
-4427
-3219
-4683
-3247
-4827
-3235
-5063
-3139
-5319
-3211
-5555
-3167
-5871
-3251
-6099
-3267
-6299
-3255
-6551
-3231
-6763
-3195
-7035
-3195
-7243
-3195
-7471
-3271
-7719
-3163
-8003
-3207
-8211
-3247
-8495
-3231
-8779
-3211
-9015
-3191
-9179
-3223
-9491
-3267
-9683
-3211
-9971
-3267
-10219
-3195
-10395
-3275
-10707
-3195
-10931
-3275
-11171
-3147
-11419
-3251
-11675
-3259
-11795
-3243
-12091
-3179
-12395
-3251
-12595
-3227
-12803
-3251
-13083
-3187
-13291
-3267
-13475
-3243
-13811
-3259
-14035
-3251
-14259
-3195
-14443
-3227
-14739
-3211
-14955
-3211
-15179
-3219
-15515
-3259
-15627
-3203
-15955
-3275
-16227
-3187
-16411
-3251
-16691
-3187
-16867
-3195
-17067
-3195
-17427
-3179
-17627
-3211
-17915
-3219
-18131
-3187
-18347
-3203
-18523
-3171
-18875
-3443
133
-3455
-23
-3483
-371
-3491
-555
-3483
-835
-3491
-1115
-3411
-1315
-3487
-1447
-3403
-1715
-3443
-2043
-3435
-2199
-3459
-2439
-3395
-2703
-3371
-2935
-3487
-3259
-3367
-3395
-3483
-3635
-3459
-3903
-3479
-4123
-3359
-4395
-3427
-4639
-3483
-4883
-3439
-5075
-3463
-5355
-3455
-5595
-3491
-5811
-3479
-6139
-3491
-6343
-3435
-6519
-3439
-6799
-3451
-7063
-3463
-7267
-3491
-7471
-3463
-7743
-3447
-8059
-3427
-8219
-3483
-8471
-3427
-8691
-3491
-8943
-3407
-9231
-3399
-9491
-3515
-9675
-3459
-9931
-3499
-10115
-3467
-10363
-3427
-10715
-3395
-10883
-3483
-11155
-3515
-11363
-3395
-11619
-3427
-11803
-3515
-12027
-3451
-12275
-3419
-12627
-3475
-12747
-3451
-13043
-3403
-13251
-3403
-13467
-3507
-13779
-3499
-14019
-3459
-14235
-3411
-14523
-3491
-14683
-3459
-14963
-3491
-15155
-3467
-15443
-3499
-15627
-3507
-15939
-3443
-16211
-3395
-16379
-3459
-16691
-3443
-16859
-3467
-17187
-3507
-17387
-3403
-17667
-3411
-17851
-3443
-18043
-3475
-18339
-3475
-18515
-3483
-18867
-3619
109
-3727
-75
-3683
-283
-3647
-619
-3631
-823
-3739
-1035
-3683
-1255
-3707
-1547
-3747
-1791
-3735
-2059
-3751
-2283
-3711
-2455
-3631
-2667
-3655
-3003
-3711
-3251
-3635
-3499
-3703
-3679
-3735
-3899
-3655
-4087
-3731
-4439
-3719
-4643
-3731
-4875
-3743
-5139
-3723
-5367
-3667
-5571
-3679
-5843
-3687
-6087
-3719
-6363
-3723
-6499
-3703
-6727
-3723
-6975
-3683
-7319
-3707
-7471
-3663
-7743
-3707
-8011
-3723
-8271
-3683
-8483
-3735
-8715
-3707
-8995
-3647
-9207
-3619
-9515
-3659
-9651
-3699
-9923
-3747
-10195
-3651
-10419
-3659
-10659
-3731
-10851
-3707
-11123
-3739
-11307
-3755
-11667
-3659
-11891
-3707
-12147
-3683
-12267
-3747
-12611
-3731
-12875
-3691
-12987
-3731
-13323
-3731
-13547
-3755
-13763
-3731
-13963
-3691
-14251
-3739
-14443
-3635
-14731
-3683
-14955
-3739
-15179
-3635
-15467
-3667
-15643
-3739
-15867
-3731
-16163
-3651
-16363
-3715
-16659
-3747
-16907
-3699
-17075
-3667
-17355
-3747
-17635
-3723
-17907
-3659
-18107
-3715
-18395
-3715
-18579
-3755
-18867
-3867
133
-3971
-131
-3859
-355
-3939
-595
-3891
-811
-3891
-1079
-3959
-1219
-3979
-1519
-3907
-1683
-3839
-2011
-3875
-2243
-3955
-2515
-3963
-2635
-3847
-2967
-3943
-3171
-3971
-3379
-3931
-3619
-3963
-3907
-3963
-4131
-3907
-4387
-3887
-4691
-3931
-4815
-3967
-5127
-3959
-5367
-3943
-5591
-3939
-5871
-3931
-6023
-3959
-6379
-3975
-6487
-3927
-6827
-3983
-6999
-3939
-7303
-3867
-7587
-3955
-7743
-3955
-7955
-3967
-8299
-3943
-8395
-3951
-8687
-3879
-8947
-3923
-9143
-3927
-9359
-3875
-9699
-3971
-9875
-3899
-10187
-3947
-10427
-3955
-10659
-3883
-10827
-3947
-11115
-3971
-11435
-3899
-11659
-3995
-11851
-3995
-12131
-3963
-12363
-3947
-12547
-3931
-12763
-3931
-12995
-3979
-13251
-3875
-13475
-3891
-13835
-3955
-14051
-3899
-14219
-3907
-14539
-3971
-14675
-3947
-15035
-3995
-15187
-3971
-15483
-3883
-15707
-3915
-15979
-3939
-16187
-3987
-16379
-3987
-16659
-3939
-16915
-3995
-17067
-3899
-17411
-3987
-17571
-3995
-17859
-3987
-18131
-3971
-18267
-3923
-18571
-3939
-18843
-4163
149
-4219
-99
-4183
-359
-4199
-539
-4131
-735
-4095
-1063
-4123
-1263
-4095
-1511
-4131
-1715
-4195
-2063
-4175
-2295
-4187
-2511
-4195
-2643
-4219
-3019
-4107
-3219
-4123
-3439
-4227
-3743
-4167
-3955
-4187
-4163
-4187
-4435
-4199
-4675
-4139
-4851
-4155
-5119
-4087
-5387
-4195
-5651
-4119
-5827
-4159
-6079
-4215
-6343
-4227
-6507
-4195
-6823
-4199
-7059
-4171
-7339
-4171
-7491
-4199
-7731
-4187
-7975
-4187
-8207
-4119
-8551
-4167
-8775
-4219
-8975
-4171
-9191
-4155
-9507
-4123
-9739
-4187
-9915
-4235
-10155
-4107
-10411
-4235
-10715
-4203
-10827
-4219
-11179
-4219
-11387
-4107
-11627
-4235
-11811
-4211
-12027
-4163
-12283
-4227
-12571
-4203
-12763
-4195
-13051
-4227
-13243
-4187
-13563
-4123
-13819
-4187
-14051
-4147
-14211
-4171
-14443
-4211
-14723
-4235
-14923
-4211
-15195
-4187
-15435
-4171
-15683
-4211
-15971
-4195
-16107
-4211
-16355
-4195
-16611
-4195
-16947
-4203
-17195
-4131
-17347
-4203
-17619
-4179
-17811
-4203
-18067
-4163
-18283
-4155
-18507
-4131
-18843
-4423
93
-4431
-87
-4447
-259
-4411
-503
-4419
-835
-4351
-1011
-4391
-1295
-4435
-1503
-4391
-1767
-4443
-1983
-4383
-2235
-4427
-2427
-4455
-2743
-4467
-2891
-4403
-3183
-4379
-3447
-4407
-3711
-4347
-3951
-4475
-4111
-4391
-4455
-4447
-4699
-4359
-4831
-4407
-5195
-4463
-5327
-4439
-5643
-4463
-5807
-4467
-6063
-4339
-6351
-4431
-6587
-4387
-6855
-4447
-6991
-4459
-7279
-4443
-7471
-4415
-7775
-4355
-7999
-4455
-8231
-4463
-8499
-4375
-8723
-4467
-8899
-4383
-9215
-4347
-9379
-4467
-9739
-4395
-9939
-4371
-10155
-4451
-10387
-4467
-10619
-4427
-10843
-4475
-11083
-4475
-11315
-4467
-11635
-4475
-11795
-4419
-12059
-4435
-12387
-4475
-12587
-4443
-12811
-4403
-13107
-4459
-13267
-4419
-13515
-4403
-13803
-4435
-14027
-4411
-14187
-4475
-14427
-4419
-14715
-4411
-14915
-4387
-15147
-4427
-15387
-4363
-15723
-4475
-15915
-4459
-16131
-4435
-16467
-4379
-16651
-4443
-16891
-4451
-17195
-4443
-17323
-4475
-17603
-4379
-17843
-4435
-18083
-4363
-18323
-4435
-18531
-4475
-18851
-4627
101
-4655
-123
-4643
-387
-4707
-507
-4667
-863
-4663
-1107
-4651
-1291
-4687
-1531
-4599
-1803
-4703
-1963
-4687
-2251
-4591
-2467
-4671
-2735
-4667
-2987
-4663
-3123
-4643
-3447
-4687
-3751
-4683
-3899
-4699
-4171
-4691
-4355
-4635
-4683
-4687
-4899
-4623
-5067
-4647
-5331
-4651
-5555
-4659
-5851
-4579
-6043
-4695
-6355
-4635
-6511
-4643
-6839
-4691
-7087
-4691
-7243
-4603
-7507
-4683
-7723
-4603
-8015
-4627
-8303
-4611
-8543
-4627
-8719
-4699
-8943
-4683
-9175
-4587
-9483
-4715
-9675
-4619
-9891
-4619
-10211
-4683
-10451
-4643
-10635
-4643
-10931
-4683
-11163
-4715
-11395
-4699
-11651
-4643
-11819
-4675
-12027
-4675
-12331
-4699
-12507
-4715
-12819
-4699
-13107
-4715
-13283
-4683
-13531
-4691
-13747
-4667
-13955
-4643
-14299
-4699
-14499
-4715
-14707
-4675
-15011
-4699
-15155
-4699
-15411
-4659
-15747
-4699
-15899
-4675
-16227
-4667
-16475
-4619
-16627
-4675
-16891
-4643
-17083
-4635
-17403
-4627
-17611
-4587
-17803
-4603
-18051
-4707
-18355
-4699
-18595
-4715
-18835
-4943
141
-4883
-43
-4887
-339
-4859
-515
-4883
-767
-4931
-1079
-4923
-1307
-4875
-1539
-4931
-1803
-4947
-2055
-4907
-2211
-4867
-2511
-4863
-2659
-4907
-2935
-4887
-3203
-4875
-3395
-4835
-3731
-4819
-3883
-4935
-4151
-4863
-4455
-4939
-4595
-4931
-4907
-4871
-5143
-4939
-5339
-4923
-5655
-4923
-5815
-4827
-6031
-4935
-6299
-4951
-6547
-4935
-6787
-4919
-7043
-4827
-7307
-4879
-7435
-4895
-7743
-4923
-8051
-4847
-8271
-4835
-8555
-4871
-8691
-4871
-9019
-4919
-9163
-4911
-9483
-4891
-9715
-4931
-9939
-4947
-10227
-4947
-10363
-4931
-10627
-4827
-10907
-4843
-11171
-4899
-11419
-4955
-11675
-4947
-11827
-4907
-12035
-4931
-12267
-4907
-12555
-4875
-12779
-4923
-13083
-4955
-13355
-4875
-13539
-4931
-13803
-4891
-14043
-4827
-14315
-4955
-14443
-4931
-14771
-4835
-15035
-4939
-15259
-4907
-15459
-4875
-15683
-4851
-15923
-4915
-16211
-4899
-16395
-4939
-16643
-4955
-16883
-4851
-17099
-4947
-17427
-4915
-17651
-4851
-17891
-4947
-18067
-4835
-18355
-4947
-18523
-4843
-18819
-5123
133
-5139
-43
-5063
-331
-5059
-519
-5115
-731
-5063
-1023
-5139
-1223
-5123
-1591
-5163
-1743
-5163
-1979
-5171
-2175
-5147
-2547
-5163
-2695
-5155
-3031
-5123
-3147
-5131
-3379
-5111
-3607
-5123
-3879
-5175
-4111
-5187
-4379
-5075
-4587
-5103
-4847
-5171
-5175
-5131
-5423
-5195
-5615
-5175
-5863
-5171
-6051
-5119
-6335
-5095
-6599
-5123
-6783
-5135
-6979
-5155
-7223
-5175
-7519
-5087
-7723
-5175
-8003
-5055
-8175
-5163
-8523
-5123
-8675
-5055
-8915
-5091
-9255
-5175
-9423
-5123
-9699
-5187
-9987
-5115
-10195
-5099
-10371
-5123
-10627
-5099
-10955
-5163
-11139
-5099
-11411
-5155
-11595
-5115
-11907
-5075
-12091
-5115
-12275
-5163
-12531
-5171
-12875
-5099
-13067
-5091
-13339
-5179
-13539
-5171
-13787
-5091
-14035
-5195
-14219
-5187
-14499
-5139
-14675
-5195
-14939
-5139
-15219
-5163
-15515
-5179
-15731
-5187
-15875
-5171
-16227
-5107
-16427
-5131
-16611
-5115
-16907
-5195
-17083
-5195
-17427
-5179
-17667
-5123
-17811
-5075
-18115
-5171
-18395
-5147
-18603
-5195
-18835
-5419
117
-5435
-91
-5379
-379
-5379
-627
-5387
-767
-5379
-1019
-5411
-1339
-5347
-1539
-5427
-1747
-5371
-1959
-5363
-2187
-5395
-2427
-5323
-2763
-5435
-3035
-5427
-3259
-5419
-3491
-5371
-3623
-5395
-3971
-5427
-4107
-5435
-4363
-5427
-4715
-5403
-4915
-5339
-5123
-5427
-5363
-5419
-5635
-5403
-5867
-5403
-6075
-5395
-6351
-5323
-6615
-5355
-6779
-5347
-6983
-5435
-7275
-5427
-7507
-5419
-7723
-5339
-7963
-5323
-8203
-5371
-8507
-5403
-8699
-5315
-8903
-5379
-9227
-5379
-9467
-5435
-9715
-5323
-9875
-5363
-10195
-5411
-10403
-5427
-10699
-5427
-10939
-5371
-11131
-5411
-11347
-5403
-11611
-5371
-11795
-5427
-12083
-5379
-12339
-5403
-12627
-5395
-12771
-5419
-13075
-5395
-13355
-5331
-13499
-5419
-13819
-5411
-13987
-5339
-14235
-5371
-14507
-5331
-14699
-5427
-14987
-5435
-15203
-5411
-15491
-5387
-15651
-5379
-15987
-5411
-16139
-5411
-16435
-5355
-16715
-5411
-16899
-5379
-17187
-5371
-17371
-5411
-17547
-5419
-17891
-5435
-18059
-5371
-18331
-5387
-18555
-5419
-18875
-5659
117
-5619
-83
-5587
-371
-5635
-635
-5595
-763
-5603
-1099
-5643
-1339
-5667
-1587
-5627
-1779
-5595
-1947
-5635
-2187
-5643
-2475
-5611
-2667
-5667
-2923
-5547
-3243
-5651
-3443
-5667
-3691
-5619
-3971
-5675
-4219
-5627
-4387
-5587
-4595
-5659
-4827
-5587
-5171
-5563
-5387
-5627
-5603
-5635
-5819
-5619
-6139
-5579
-6331
-5635
-6603
-5571
-6803
-5595
-7003
-5563
-7227
-5635
-7587
-5603
-7755
-5555
-7995
-5571
-8299
-5627
-8547
-5667
-8763
-5555
-8915
-5651
-9171
-5547
-9395
-5563
-9699
-5595
-9955
-5659
-10147
-5571
-10395
-5643
-10659
-5627
-10867
-5603
-11107
-5579
-11387
-5571
-11547
-5651
-11915
-5563
-12035
-5659
-12275
-5659
-12523
-5675
-12763
-5651
-13043
-5667
-13283
-5675
-13563
-5651
-13795
-5547
-14003
-5603
-14219
-5659
-14523
-5667
-14715
-5547
-14931
-5667
-15211
-5619
-15467
-5603
-15659
-5587
-15875
-5627
-16219
-5587
-16435
-5659
-16715
-5555
-16875
-5667
-17195
-5547
-17379
-5547
-17667
-5659
-17859
-5555
-18155
-5675
-18395
-5651
-18547
-5627
-18843
-5907
141
-5819
-43
-5835
-363
-5835
-507
-5907
-867
-5883
-1099
-5811
-1291
-5907
-1579
-5827
-1811
-5891
-2043
-5891
-2283
-5859
-2491
-5891
-2771
-5811
-3003
-5851
-3147
-5875
-3475
-5811
-3667
-5811
-3883
-5803
-4195
-5875
-4363
-5827
-4603
-5891
-4915
-5843
-5123
-5811
-5435
-5891
-5675
-5899
-5843
-5907
-6091
-5915
-6363
-5851
-6507
-5907
-6795
-5899
-7115
-5827
-7331
-5891
-7595
-5803
-7715
-5811
-8043
-5843
-8235
-5883
-8435
-5795
-8667
-5915
-8987
-5795
-9163
-5819
-9483
-5891
-9723
-5795
-9867
-5891
-10195
-5907
-10427
-5907
-10643
-5899
-10843
-5851
-11187
-5803
-11347
-5859
-11603
-5851
-11827
-5859
-12139
-5835
-12387
-5843
-12563
-5859
-12795
-5899
-13035
-5819
-13299
-5827
-13531
-5843
-13731
-5883
-14043
-5883
-14315
-5835
-14483
-5915
-14699
-5787
-14987
-5859
-15155
-5795
-15411
-5891
-15739
-5843
-15923
-5811
-16211
-5891
-16363
-5899
-16707
-5907
-16875
-5851
-17195
-5811
-17411
-5835
-17667
-5899
-17915
-5835
-18115
-5875
-18339
-5827
-18531
-5827
-18811
-6059
101
-6099
-99
-6027
-347
-6035
-595
-6147
-763
-6035
-1115
-6139
-1235
-6099
-1595
-6139
-1827
-6059
-1971
-6107
-2195
-6131
-2443
-6147
-2715
-6115
-2979
-6075
-3195
-6075
-3451
-6027
-3699
-6067
-3979
-6083
-4203
-6035
-4451
-6155
-4611
-6147
-4955
-6155
-5155
-6155
-5387
-6131
-5563
-6131
-5915
-6107
-6051
-6131
-6315
-6051
-6603
-6067
-6843
-6091
-7115
-6083
-7227
-6035
-7587
-6115
-7731
-6155
-8011
-6123
-8299
-6155
-8515
-6155
-8667
-6131
-9035
-6091
-9227
-6123
-9467
-6075
-9635
-6139
-9963
-6051
-10163
-6147
-10363
-6059
-10691
-6075
-10851
-6107
-11187
-6107
-11403
-6027
-11595
-6147
-11899
-6139
-12147
-6051
-12323
-6147
-12579
-6107
-12875
-6155
-13115
-6091
-13283
-6083
-13539
-6115
-13779
-6075
-14035
-6123
-14219
-6099
-14539
-6147
-14731
-6067
-15003
-6131
-15251
-6075
-15459
-6051
-15715
-6123
-15923
-6107
-16235
-6155
-16363
-6067
-16683
-6147
-16843
-6115
-17075
-6059
-17435
-6067
-17547
-6123
-17859
-6155
-18091
-6035
-18371
-6123
-18611
-6115
-18867
-6363
109
-6275
-35
-6355
-291
-6291
-579
-6355
-755
-6299
-1083
-6275
-1259
-6355
-1563
-6331
-1795
-6347
-2035
-6363
-2291
-6331
-2459
-6315
-2795
-6379
-2971
-6371
-3203
-6331
-3467
-6355
-3747
-6339
-3867
-6371
-4211
-6387
-4371
-6355
-4667
-6395
-4947
-6291
-5075
-6339
-5323
-6371
-5659
-6275
-5891
-6291
-6027
-6387
-6275
-6267
-6523
-6283
-6803
-6395
-7107
-6291
-7267
-6299
-7563
-6347
-7787
-6379
-8067
-6371
-8291
-6275
-8515
-6347
-8675
-6291
-8987
-6371
-9187
-6331
-9395
-6323
-9739
-6395
-9995
-6379
-10131
-6347
-10419
-6371
-10691
-6355
-10867
-6291
-11147
-6267
-11323
-6379
-11595
-6331
-11859
-6363
-12035
-6307
-12299
-6275
-12603
-6395
-12771
-6307
-13115
-6331
-13251
-6379
-13467
-6387
-13739
-6371
-13947
-6387
-14259
-6315
-14427
-6395
-14723
-6379
-14971
-6323
-15211
-6339
-15419
-6347
-15675
-6387
-15891
-6395
-16203
-6339
-16475
-6331
-16619
-6339
-16899
-6283
-17179
-6363
-17363
-6387
-17619
-6395
-17875
-6339
-18091
-6379
-18307
-6395
-18563
-6323
-18811
-6603
125
-6523
-139
-6595
-387
-6579
-539
-6619
-795
-6523
-1019
-6579
-1259
-6571
-1483
-6547
-1763
-6603
-2019
-6563
-2299
-6627
-2539
-6635
-2795
-6515
-2939
-6611
-3147
-6627
-3499
-6619
-3739
-6619
-3931
-6619
-4187
-6603
-4347
-6523
-4635
-6619
-4907
-6587
-5067
-6635
-5403
-6595
-5627
-6579
-5907
-6619
-6147
-6611
-6379
-6563
-6539
-6611
-6867
-6619
-7099
-6571
-7347
-6515
-7483
-6547
-7747
-6563
-8051
-6603
-8267
-6547
-8531
-6603
-8755
-6555
-8939
-6539
-9203
-6563
-9427
-6619
-9651
-6619
-9891
-6635
-10203
-6571
-10379
-6507
-10715
-6523
-10955
-6563
-11075
-6531
-11435
-6595
-11595
-6611
-11851
-6627
-12067
-6555
-12315
-6595
-12595
-6571
-12811
-6555
-13107
-6635
-13307
-6507
-13547
-6627
-13731
-6515
-14043
-6611
-14275
-6555
-14459
-6619
-14675
-6531
-14971
-6579
-15171
-6571
-15411
-6635
-15747
-6587
-15891
-6531
-16219
-6595
-16379
-6579
-16643
-6571
-16915
-6531
-17115
-6611
-17419
-6563
-17587
-6571
-17851
-6539
-18123
-6603
-18291
-6587
-18507
-6579
-18811
-6851
133
-6811
-27
-6803
-331
-6875
-515
-6835
-875
-6851
-995
-6771
-1315
-6819
-1595
-6819
-1779
-6859
-1995
-6787
-2211
-6851
-2547
-6867
-2755
-6771
-2939
-6867
-3147
-6811
-3491
-6835
-3731
-6835
-3947
-6779
-4203
-6763
-4435
-6787
-4619
-6851
-4859
-6779
-5179
-6819
-5395
-6811
-5611
-6851
-5819
-6803
-6107
-6851
-6275
-6859
-6531
-6843
-6787
-6851
-7027
-6779
-7275
-6835
-7467
-6827
-7819
-6875
-8027
-6827
-8235
-6867
-8547
-6771
-8747
-6803
-8947
-6851
-9155
-6803
-9515
-6747
-9739
-6803
-9915
-6819
-10123
-6851
-10419
-6811
-10603
-6859
-10931
-6803
-11083
-6755
-11427
-6867
-11667
-6763
-11867
-6755
-12091
-6851
-12363
-6859
-12531
-6811
-12867
-6779
-13091
-6779
-13259
-6795
-13571
-6875
-13715
-6835
-13979
-6771
-14235
-6827
-14499
-6771
-14675
-6771
-14979
-6875
-15203
-6811
-15483
-6875
-15699
-6867
-15987
-6851
-16171
-6787
-16363
-6819
-16707
-6843
-16843
-6779
-17147
-6851
-17347
-6859
-17603
-6835
-17803
-6859
-18043
-6747
-18347
-6851
-18619
-6835
-18851
-7051
93
-7115
-107
-7059
-339
-7059
-603
-7091
-843
-7019
-1115
-7059
-1307
-7019
-1587
-7115
-1707
-7003
-1995
-7115
-2195
-7099
-2515
-7083
-2691
-7083
-3035
-7003
-3203
-7051
-3507
-7083
-3739
-7067
-3955
-7091
-4203
-7043
-4435
-7003
-4667
-7067
-4891
-7043
-5187
-7107
-5371
-7059
-5587
-7075
-5787
-7051
-6091
-7091
-6339
-7107
-6587
-6987
-6747
-7059
-7019
-7075
-7331
-7107
-7507
-7019
-7739
-7051
-8035
-7067
-8235
-6987
-8451
-6995
-8779
-7059
-8987
-7043
-9235
-7003
-9403
-7107
-9691
-7027
-9955
-7083
-10211
-7115
-10427
-7027
-10627
-7091
-10915
-7067
-11155
-7011
-11339
-7099
-11675
-7027
-11875
-7003
-12155
-7115
-12355
-7043
-12587
-7003
-12867
-7099
-13059
-7067
-13299
-7107
-13483
-7051
-13763
-7051
-13955
-6987
-14259
-6987
-14475
-7027
-14715
-7067
-14987
-7083
-15259
-7107
-15459
-7019
-15707
-7115
-15875
-7091
-16155
-7091
-16467
-7067
-16659
-7019
-16947
-7027
-17075
-7003
-17435
-7091
-17555
-7091
-17883
-7059
-18115
-7075
-18355
-6987
-18531
-7051
-18867
-7339
117
-7259
-107
-7267
-371
-7315
-547
-7275
-747
-7347
-1107
-7299
-1243
-7315
-1571
-7259
-1779
-7267
-1987
-7347
-2251
-7283
-2515
-7307
-2747
-7275
-3035
-7331
-3267
-7259
-3403
-7339
-3723
-7331
-3899
-7331
-4227
-7235
-4459
-7259
-4659
-7339
-4891
-7315
-5107
-7355
-5307
-7299
-5627
-7331
-5835
-7259
-6107
-7259
-6307
-7307
-6571
-7315
-6827
-7267
-7035
-7323
-7275
-7275
-7491
-7275
-7707
-7243
-7995
-7235
-8187
-7227
-8483
-7299
-8707
-7355
-8907
-7283
-9211
-7259
-9435
-7275
-9723
-7339
-9875
-7339
-10147
-7339
-10451
-7291
-10651
-7235
-10835
-7315
-11123
-7275
-11387
-7347
-11619
-7347
-11859
-7235
-12027
-7347
-12331
-7243
-12619
-7323
-12771
-7267
-12987
-7331
-13323
-7347
-13587
-7307
-13763
-7259
-14027
-7267
-14291
-7307
-14443
-7355
-14771
-7331
-14987
-7307
-15195
-7307
-15435
-7275
-15747
-7267
-15875
-7299
-16107
-7243
-16443
-7307
-16635
-7259
-16883
-7355
-17067
-7339
-17355
-7331
-17651
-7275
-17827
-7299
-18051
-7323
-18299
-7267
-18571
-7275
-18827
-7579
133
-7579
-107
-7491
-307
-7571
-571
-7515
-795
-7491
-1043
-7587
-1347
-7547
-1491
-7587
-1715
-7475
-2043
-7499
-2267
-7499
-2531
-7571
-2779
-7587
-3019
-7571
-3211
-7507
-3491
-7515
-3739
-7515
-3915
-7595
-4163
-7579
-4467
-7595
-4667
-7539
-4931
-7579
-5171
-7523
-5411
-7587
-5627
-7555
-5811
-7475
-6155
-7547
-6291
-7555
-6523
-7555
-6755
-7547
-7035
-7587
-7299
-7579
-7507
-7515
-7827
-7563
-8051
-7563
-8219
-7571
-8483
-7467
-8779
-7467
-8987
-7483
-9227
-7507
-9499
-7515
-9739
-7531
-9891
-7595
-10179
-7547
-10363
-7523
-10675
-7587
-10827
-7507
-11195
-7579
-11395
-7555
-11563
-7507
-11827
-7563
-12067
-7523
-12315
-7515
-12555
-7563
-12755
-7523
-13059
-7587
-13307
-7499
-13563
-7547
-13747
-7587
-14035
-7547
-14211
-7483
-14451
-7563
-14667
-7523
-14955
-7475
-15171
-7555
-15499
-7555
-15723
-7587
-15867
-7571
-16203
-7587
-16443
-7579
-16659
-7467
-16851
-7523
-17107
-7595
-17403
-7539
-17611
-7523
-17803
-7587
-18147
-7547
-18395
-7587
-18603
-7523
-18835
-7795
117
-7747
-35
-7787
-395
-7835
-539
-7795
-755
-7779
-1051
-7779
-1259
-7715
-1467
-7787
-1707
-7739
-1971
-7827
-2251
-7795
-2555
-7723
-2731
-7819
-2923
-7811
-3235
-7755
-3475
-7827
-3747
-7747
-3947
-7763
-4235
-7747
-4347
-7747
-4659
-7795
-4899
-7811
-5147
-7795
-5347
-7835
-5667
-7835
-5899
-7707
-6099
-7747
-6275
-7739
-6555
-7731
-6875
-7731
-7107
-7787
-7331
-7707
-7475
-7819
-7819
-7715
-8035
-7779
-8275
-7747
-8555
-7787
-8763
-7707
-8963
-7731
-9259
-7795
-9507
-7819
-9691
-7715
-9955
-7747
-10163
-7835
-10363
-7707
-10611
-7787
-10923
-7739
-11083
-7787
-11339
-7755
-11635
-7755
-11795
-7835
-12035
-7755
-12355
-7803
-12515
-7811
-12771
-7731
-13107
-7803
-13235
-7779
-13539
-7731
-13739
-7811
-14003
-7723
-14315
-7787
-14507
-7747
-14795
-7771
-14947
-7827
-15155
-7771
-15443
-7835
-15707
-7803
-15899
-7747
-16211
-7779
-16355
-7771
-16651
-7731
-16915
-7763
-17115
-7827
-17403
-7819
-17643
-7835
-17883
-7827
-18035
-7755
-18315
-7827
-18547
-7779
-18819
-7995
133
-8035
-59
-8043
-379
-7979
-523
-8003
-787
-8011
-1083
-7955
-1235
-8075
-1539
-8075
-1803
-8075
-1995
-8067
-2291
-8075
-2515
-8019
-2723
-7979
-2907
-8067
-3179
-8051
-3395
-7971
-3715
-8075
-3923
-8051
-4123
-7995
-4395
-8059
-4699
-8019
-4891
-8051
-5123
-8067
-5371
-8051
-5643
-8059
-5843
-8075
-6115
-8051
-6379
-8067
-6539
-7963
-6795
-7963
-6995
-8027
-7347
-8051
-7539
-7987
-7795
-7979
-7947
-8003
-8307
-8019
-8491
-8003
-8731
-8027
-8939
-8059
-9171
-8003
-9435
-7987
-9707
-8067
-9915
-8051
-10187
-8067
-10379
-8003
-10611
-8011
-10835
-8067
-11147
-8027
-11395
-7971
-11603
-8051
-11875
-8019
-12067
-8027
-12387
-7987
-12523
-8051
-12803
-8035
-13115
-8067
-13243
-8067
-13579
-8043
-13771
-7947
-13995
-7955
-14203
-8003
-14427
-8035
-14763
-7995
-14987
-8003
-15275
-8035
-15499
-8011
-15723
-8059
-15923
-8067
-16131
-8003
-16443
-7963
-16587
-8019
-16923
-8067
-17083
-8043
-17331
-8035
-17547
-8051
-17883
-8003
-18043
-8043
-18395
-7987
-18571
-7963
-18851
-8187
101
-8259
-51
-8299
-323
-8267
-587
-8275
-747
-8227
-1043
-8187
-1227
-8315
-1475
-8219
-1795
-8203
-2067
-8195
-2243
-8187
-2499
-8195
-2763
-8251
-2931
-8307
-3203
-8291
-3419
-8291
-3723
-8235
-3899
-8307
-4163
-8267
-4427
-8283
-4651
-8267
-4851
-8219
-5075
-8283
-5363
-8259
-5611
-8275
-5891
-8315
-6115
-8283
-6291
-8299
-6571
-8283
-6787
-8219
-7107
-8227
-7283
-8291
-7507
-8315
-7779
-8267
-8003
-8259
-8195
-8187
-8435
-8259
-8779
-8315
-8923
-8243
-9195
-8251
-9515
-8259
-9723
-8315
-9899
-8299
-10187
-8283
-10459
-8275
-10683
-8235
-10947
-8243
-11091
-8315
-11323
-8219
-11571
-8267
-11915
-8227
-12067
-8315
-12395
-8259
-12547
-8235
-12787
-8299
-12987
-8267
-13243
-8283
-13515
-8291
-13723
-8259
-14027
-8267
-14203
-8299
-14483
-8299
-14779
-8315
-14987
-8299
-15235
-8235
-15403
-8275
-15667
-8315
-15987
-8243
-16155
-8251
-16443
-8251
-16675
-8299
-16883
-8283
-17123
-8195
-17331
-8235
-17675
-8291
-17843
-8275
-18051
-8299
-18291
-8187
-18507
-8283
-18851
-8515
93
-8523
-91
-8451
-339
-8531
-587
-8531
-755
-8531
-1091
-8499
-1267
-8547
-1507
-8555
-1811
-8443
-1971
-8531
-2283
-8451
-2451
-8435
-2763
-8539
-2923
-8547
-3147
-8451
-3387
-8547
-3699
-8555
-3867
-8531
-4131
-8507
-4379
-8555
-4627
-8547
-4899
-8491
-5115
-8539
-5315
-8547
-5627
-8499
-5811
-8547
-6051
-8539
-6331
-8507
-6635
-8539
-6835
-8491
-6995
-8443
-7339
-8499
-7483
-8507
-7835
-8451
-8003
-8531
-8203
-8547
-8507
-8467
-8691
-8427
-8931
-8435
-9163
-8435
-9435
-8459
-9723
-8547
-9931
-8515
-10139
-8499
-10379
-8435
-10627
-8475
-10899
-8515
-11067
-8507
-11403
-8507
-11603
-8515
-11867
-8547
-12075
-8555
-12323
-8483
-12627
-8531
-12867
-8539
-13027
-8507
-13347
-8427
-13547
-8451
-13795
-8555
-14035
-8483
-14267
-8555
-14507
-8483
-14763
-8531
-14963
-8515
-15163
-8491
-15387
-8523
-15667
-8451
-15979
-8467
-16219
-8499
-16443
-8523
-16699
-8459
-16835
-8435
-17123
-8523
-17339
-8459
-17579
-8499
-17819
-8435
-18155
-8547
-18283
-8547
-18539
-8555
-18843
-8739
141
-8739
-91
-8739
-379
-8715
-507
-8683
-843
-8707
-1027
-8763
-1227
-8707
-1539
-8779
-1835
-8683
-1955
-8779
-2195
-8787
-2443
-8739
-2779
-8771
-2971
-8675
-3243
-8787
-3483
-8787
-3715
-8795
-3979
-8739
-4131
-8787
-4467
-8691
-4667
-8795
-4947
-8795
-5099
-8723
-5323
-8779
-5579
-8683
-5803
-8771
-6123
-8795
-6307
-8763
-6627
-8787
-6811
-8747
-7067
-8731
-7291
-8739
-7531
-8755
-7723
-8723
-7995
-8691
-8187
-8787
-8507
-8763
-8691
-8715
-8947
-8707
-9275
-8787
-9475
-8715
-9747
-8691
-9867
-8755
-10227
-8771
-10459
-8779
-10683
-8755
-10899
-8715
-11171
-8731
-11347
-8763
-11579
-8715
-11827
-8723
-12083
-8691
-12307
-8771
-12627
-8699
-12819
-8795
-12987
-8763
-13251
-8707
-13563
-8683
-13739
-8787
-14003
-8739
-14259
-8731
-14483
-8747
-14771
-8795
-14947
-8707
-15203
-8763
-15499
-8787
-15723
-8795
-15891
-8691
-16219
-8787
-16395
-8787
-16715
-8723
-16875
-8795
-17107
-8779
-17315
-8699
-17587
-8747
-17795
-8755
-18123
-8731
-18363
-8795
-18547
-8795
-18851
-9019
133
-8995
-131
-8939
-347
-8939
-523
-8987
-859
-9003
-1091
-8947
-1307
-9011
-1539
-9035
-1763
-8947
-1979
-8915
-2243
-9011
-2491
-8971
-2715
-9027
-2971
-8931
-3267
-8971
-3403
-8931
-3651
-9035
-3947
-8931
-4155
-8987
-4443
-8971
-4683
-8987
-4939
-9003
-5131
-8971
-5323
-8947
-5627
-8987
-5811
-8915
-6099
-9035
-6355
-9011
-6611
-8939
-6763
-8955
-7043
-8987
-7283
-9035
-7515
-8955
-7827
-8955
-8035
-8995
-8219
-9011
-8523
-8907
-8667
-8963
-8923
-9011
-9203
-8939
-9507
-9035
-9675
-8955
-9891
-9035
-10171
-9003
-10363
-8987
-10611
-8971
-10939
-9003
-11147
-9003
-11315
-8923
-11635
-8979
-11819
-9011
-12043
-9019
-12339
-8963
-12547
-8939
-12803
-8915
-13027
-8963
-13267
-9027
-13579
-8979
-13707
-8915
-14011
-8987
-14203
-8955
-14499
-9027
-14683
-8955
-14907
-9027
-15275
-8971
-15427
-8987
-15635
-9027
-15971
-8987
-16203
-8963
-16419
-9003
-16675
-9035
-16875
-8923
-17115
-9011
-17427
-8955
-17667
-8987
-17907
-9019
-18027
-8979
-18307
-8915
-18635
-8979
-18827
-9195
133
-9219
-123
-9195
-299
-9243
-579
-9227
-843
-9259
-1019
-9147
-1267
-9219
-1531
-9243
-1819
-9219
-2051
-9275
-2235
-9171
-2459
-9227
-2795
-9179
-3035
-9235
-3147
-9227
-3435
-9243
-3643
-9259
-3883
-9267
-4139
-9235
-4363
-9171
-4683
-9171
-4955
-9267
-5083
-9259
-5403
-9227
-5643
-9267
-5787
-9227
-6035
-9147
-6339
-9235
-6619
-9259
-6875
-9267
-7051
-9195
-7355
-9275
-7523
-9171
-7827
-9251
-7947
-9275
-8291
-9147
-8547
-9211
-8787
-9251
-8907
-9243
-9155
-9227
-9403
-9275
-9755
-9187
-9891
-9251
-10115
-9251
-10467
-9275
-10651
-9235
-10955
-9219
-11195
-9259
-11427
-9147
-11643
-9259
-11835
-9163
-12107
-9219
-12395
-9187
-12547
-9155
-12843
-9155
-12987
-9251
-13243
-9267
-13571
-9243
-13819
-9147
-13955
-9275
-14259
-9275
-14427
-9171
-14787
-9251
-14971
-9243
-15195
-9267
-15411
-9251
-15667
-9219
-15963
-9219
-16235
-9219
-16363
-9251
-16691
-9243
-16835
-9155
-17107
-9267
-17419
-9147
-17555
-9203
-17795
-9219
-18059
-9259
-18339
-9259
-18507
-9227
-18843
-9403
133
-9467
-115
-9435
-355
-9507
-611
-9515
-819
-9499
-1075
-9435
-1355
-9483
-1483
-9427
-1827
-9475
-1947
-9499
-2315
-9515
-2467
-9491
-2771
-9443
-2923
-9443
-3275
-9395
-3443
-9443
-3635
-9483
-3963
-9491
-4115
-9499
-4363
-9419
-4603
-9459
-4907
-9443
-5083
-9459
-5387
-9387
-5547
-9459
-5915
-9435
-6075
-9443
-6275
-9459
-6531
-9451
-6875
-9475
-7075
-9515
-7275
-9515
-7499
-9387
-7827
-9427
-8027
-9427
-8291
-9483
-8507
-9507
-8787
-9451
-8931
-9515
-9163
-9427
-9507
-9507
-9675
-9435
-9891
-9515
-10211
-9395
-10403
-9483
-10643
-9491
-10955
-9483
-11083
-9419
-11323
-9435
-11603
-9459
-11883
-9443
-12035
-9451
-12323
-9419
-12571
-9483
-12787
-9515
-12987
-9499
-13355
-9435
-13523
-9499
-13811
-9515
-13987
-9515
-14283
-9507
-14467
-9491
-14787
-9387
-14987
-9483
-15259
-9483
-15403
-9435
-15659
-9427
-15947
-9491
-16219
-9451
-16355
-9467
-16667
-9515
-16915
-9443
-17123
-9467
-17387
-9467
-17627
-9451
-17907
-9387
-18099
-9475
-18379
-9435
-18539
-9475
-18851
-9747
85
-9691
-107
-9635
-387
-9747
-587
-9739
-747
-9707
-1115
-9731
-1235
-9747
-1499
-9667
-1739
-9699
-1995
-9683
-2291
-9699
-2427
-9755
-2723
-9715
-2939
-9683
-3203
-9667
-3419
-9683
-3659
-9691
-3963
-9731
-4211
-9707
-4403
-9755
-4715
-9635
-4859
-9707
-5179
-9683
-5387
-9691
-5651
-9739
-5843
-9667
-6083
-9747
-6283
-9731
-6587
-9731
-6803
-9747
-7107
-9739
-7347
-9675
-7499
-9635
-7723
-9747
-8035
-9707
-8219
-9747
-8507
-9659
-8739
-9683
-8955
-9699
-9155
-9643
-9475
-9707
-9627
-9723
-9979
-9755
-10171
-9699
-10435
-9627
-10699
-9691
-10915
-9731
-11091
-9731
-11315
-9691
-11619
-9739
-11819
-9691
-12067
-9715
-12315
-9667
-12547
-9739
-12835
-9739
-13075
-9667
-13227
-9635
-13563
-9755
-13755
-9707
-14011
-9683
-14235
-9627
-14459
-9707
-14739
-9667
-14915
-9691
-15227
-9739
-15467
-9683
-15747
-9739
-15955
-9747
-16115
-9747
-16355
-9755
-16683
-9651
-16851
-9707
-17155
-9715
-17315
-9635
-17635
-9707
-17835
-9739
-18099
-9699
-18299
-9651
-18635
-9635
-18835
-9947
125
-9979
-155
-9971
-315
-9971
-635
-9947
-771
-9939
-1091
-9939
-1331
-9907
-1475
-9923
-1835
-9947
-2003
-9955
-2315
-9939
-2483
-9979
-2675
-9875
-2923
-9947
-3267
-9875
-3459
-9915
-3699
-9939
-3883
-9987
-4227
-9899
-4451
-9987
-4667
-9875
-4939
-9979
-5123
-9995
-5363
-9995
-5643
-9971
-5883
-9979
-6059
-9955
-6339
-9987
-6539
-9955
-6819
-9995
-6987
-9955
-7299
-9931
-7515
-9939
-7747
-9995
-8011
-9923
-8219
-9915
-8475
-9923
-8779
-9979
-8931
-9987
-9267
-9971
-9515
-9939
-9659
-9915
-9883
-9963
-10147
-9907
-10403
-9971
-10627
-9971
-10931
-9867
-11171
-9963
-11347
-9947
-11579
-9939
-11891
-9923
-12107
-9979
-12267
-9963
-12571
-9955
-12787
-9955
-13099
-9907
-13235
-9923
-13483
-9939
-13739
-9987
-13979
-9995
-14267
-9907
-14443
-9955
-14771
-9963
-14923
-9987
-15203
-9875
-15491
-9931
-15683
-9899
-15891
-9883
-16211
-9987
-16371
-9971
-16699
-9987
-16827
-9987
-17099
-9987
-17419
-9915
-17651
-9995
-17811
-9923
-18059
-9971
-18299
-9891
-18555
-9979
-18851
-10211
85
-10203
-123
-10123
-347
-10115
-595
-10235
-779
-10235
-1059
-10235
-1291
-10171
-1531
-10123
-1747
-10179
-2043
-10195
-2187
-10155
-2483
-10203
-2755
-10155
-2931
-10187
-3171
-10179
-3491
-10227
-3683
-10211
-3883
-10235
-4163
-10131
-4467
-10187
-4587
-10203
-4843
-10227
-5195
-10219
-5307
-10219
-5555
-10179
-5827
-10235
-6035
-10107
-6307
-10195
-6515
-10211
-6779
-10123
-7043
-10211
-7283
-10203
-7571
-10179
-7835
-10139
-7955
-10179
-8195
-10123
-8483
-10107
-8675
-10139
-8939
-10203
-9243
-10187
-9483
-10211
-9723
-10235
-9875
-10227
-10235
-10195
-10355
-10203
-10635
-10219
-10923
-10187
-11075
-10227
-11403
-10163
-11611
-10139
-11811
-10147
-12091
-10227
-12275
-10179
-12515
-10227
-12779
-10115
-13099
-10227
-13291
-10179
-13507
-10219
-13763
-10211
-13979
-10235
-14227
-10123
-14451
-10203
-14779
-10171
-14939
-10155
-15203
-10179
-15451
-10219
-15627
-10179
-15939
-10227
-16115
-10171
-16355
-10139
-16715
-10235
-16915
-10147
-17187
-10235
-17363
-10219
-17659
-10203
-17899
-10187
-18075
-10147
-18283
-10163
-18539
-10123
-18819
-10451
109
-10467
-115
-10451
-323
-10467
-531
-10411
-875
-10475
-1067
-10459
-1267
-10427
-1507
-10411
-1835
-10419
-1955
-10467
-2299
-10451
-2483
-10435
-2707
-10419
-3011
-10411
-3275
-10467
-3427
-10427
-3731
-10443
-3883
-10427
-4115
-10459
-4363
-10427
-4627
-10427
-4883
-10427
-5131
-10459
-5331
-10443
-5675
-10443
-5811
-10475
-6035
-10435
-6379
-10411
-6563
-10435
-6763
-10435
-7027
-10411
-7251
-10451
-7547
-10419
-7803
-10451
-8067
-10443
-8195
-10419
-8467
-10443
-8699
-10451
-8979
-10475
-9227
-10467
-9411
-10459
-9755
-10475
-9995
-10451
-10115
-10451
-10459
-10459
-10627
-10459
-10955
-10427
-11099
-10443
-11323
-10451
-11611
-10451
-11787
-10459
-12051
-10427
-12267
-10451
-12595
-10435
-12827
-10419
-13003
-10419
-13323
-10411
-13571
-10435
-13747
-10459
-14011
-10467
-14291
-10475
-14491
-10419
-14723
-10467
-14979
-10467
-15243
-10443
-15467
-10443
-15659
-10459
-15867
-10467
-16179
-10451
-16411
-10443
-16691
-10451
-16883
-10459
-17147
-10435
-17395
-10459
-17619
-10435
-17803
-10459
-18067
-10467
-18275
-10435
-18627
-10467
-18851
