117
360
249
-57
152
-307
510
-555
179
-760
207
-1060
478
-1259
288
-1551
172
-1801
306
-1949
124
-2214
189
-2499
271
-2743
183
-3021
245
-3239
363
-3475
341
-3627
191
-3969
219
-4175
217
-4345
391
-4575
85
-4827
149
-5139
133
-5363
109
-5631
133
-5879
133
-6079
93
-6355
141
-6579
93
-6835
141
-7063
85
-7219
85
-7559
85
-7719
117
-7915
125
-8227
101
-8443
141
-8675
149
-9003
85
-9139
85
-9483
109
-9739
109
-9971
117
-10179
93
-10379
85
-10643
149
-10851
93
-11187
117
-11363
101
-11635
101
-11891
117
-12091
109
-12371
117
-12595
109
-12835
93
-13067
117
-13323
149
-13595
141
-13803
125
-14027
141
-14203
133
-14451
85
-14707
149
-15027
133
-15227
117
-15395
133
-15747
125
-15995
93
-16123
149
-16435
93
-16683
141
-16827
149
-17099
109
-17363
141
-17635
101
-17883
133
-18131
85
-18347
109
-18539
93
-18827
-27
1546
-87
-102
-77
-353
-9
-549
-97
-770
-121
-1007
-93
-1235
-145
-1500
-111
-1779
-43
-1975
-45
-2289
-71
-2439
-123
-2647
-53
-2899
-141
-3219
-123
-3415
-75
-3607
-79
-3911
-143
-4141
-117
-4403
-123
-4627
-111
-4891
-63
-5131
-123
-5331
-115
-5619
-39
-5831
-51
-6051
-19
-6323
-139
-6591
-135
-6759
-63
-6995
-95
-7259
-127
-7523
-59
-7815
-55
-8011
-27
-8247
-87
-8467
-23
-8675
-139
-9003
-63
-9159
-55
-9459
-123
-9755
-115
-9995
-99
-10187
-115
-10411
-43
-10603
-43
-10851
-139
-11155
-123
-11379
-123
-11627
-83
-11867
-35
-12155
-115
-12347
-115
-12611
-83
-12827
-131
-13035
-139
-13331
-83
-13571
-155
-13819
-99
-14027
-147
-14235
-91
-14539
-147
-14691
-51
-14995
-75
-15259
-83
-15475
-147
-15731
-67
-15923
-139
-16179
-99
-16379
-147
-16603
-107
-16939
-147
-17115
-83
-17427
-99
-17603
-91
-17875
-123
-18083
-59
-18387
-115
-18635
-131
-18851
-343
635
-256
-58
-346
-255
-319
-613
-262
-755
-333
-1061
-260
-1196
-330
-1459
-307
-1807
-286
-1983
-262
-2219
-363
-2491
-283
-2779
-345
-2893
-341
-3225
-365
-3417
-251
-3605
-305
-3983
-307
-4147
-311
-4383
-257
-4573
-327
-4931
-323
-5143
-307
-5427
-287
-5535
-339
-5903
-323
-6079
-343
-6363
-363
-6515
-343
-6867
-263
-7019
-327
-7311
-275
-7503
-359
-7691
-263
-8023
-379
-8179
-339
-8483
-371
-8671
-391
-8923
-351
-9151
-283
-9407
-363
-9667
-291
-9955
-331
-10171
-363
-10427
-371
-10715
-395
-10835
-339
-11083
-267
-11427
-323
-11675
-355
-11843
-379
-12075
-379
-12395
-291
-12547
-291
-12771
-371
-13011
-267
-13283
-275
-13539
-387
-13827
-347
-14003
-323
-14275
-387
-14459
-395
-14715
-387
-14931
-387
-15219
-363
-15427
-331
-15691
-387
-15963
-347
-16187
-307
-16443
-387
-16699
-331
-16867
-347
-17171
-347
-17427
-291
-17555
-323
-17803
-347
-18075
-395
-18315
-347
-18571
-267
-18835
-551
586
-602
-54
-523
-301
-566
-515
-615
-758
-514
-1006
-573
-1306
-533
-1562
-497
-1790
-590
-2033
-573
-2221
-543
-2523
-523
-2681
-511
-2899
-585
-3137
-537
-3381
-565
-3619
-593
-3973
-589
-4191
-581
-4381
-483
-4549
-599
-4903
-583
-5127
-539
-5399
-515
-5551
-583
-5895
-575
-6107
-487
-6339
-595
-6595
-559
-6787
-607
-7071
-567
-7323
-619
-7443
-567
-7747
-571
-7967
-551
-8263
-587
-8507
-555
-8679
-483
-8895
-519
-9191
-619
-9399
-611
-9723
-547
-9987
-635
-10219
-611
-10387
-539
-10675
-619
-10947
-635
-11115
-611
-11427
-555
-11651
-579
-11867
-611
-12059
-547
-12283
-515
-12619
-515
-12763
-555
-13099
-603
-13283
-595
-13571
-539
-13771
-611
-13947
-603
-14211
-619
-14507
-515
-14763
-627
-14923
-555
-15259
-507
-15411
-619
-15739
-579
-15971
-595
-16163
-627
-16379
-603
-16667
-587
-16891
-627
-17091
-627
-17435
-619
-17619
-587
-17875
-627
-18059
-571
-18379
-579
-18547
-603
-18851
-815
898
-852
-85
-814
-269
-777
-486
-791
-866
-853
-1011
-797
-1335
-821
-1509
-765
-1759
-743
-1923
-845
-2191
-865
-2427
-829
-2755
-809
-2907
-835
-3257
-841
-3405
-755
-3687
-813
-3985
-827
-4143
-787
-4357
-855
-4603
-795
-4827
-851
-5083
-855
-5347
-807
-5675
-843
-5759
-831
-6039
-783
-6255
-819
-6507
-827
-6859
-871
-7075
-859
-7303
-783
-7459
-755
-7835
-779
-8059
-727
-8247
-835
-8407
-723
-8735
-831
-8923
-839
-9211
-787
-9515
-779
-9755
-875
-9995
-819
-10179
-875
-10467
-851
-10699
-827
-10859
-867
-11155
-803
-11363
-875
-11667
-851
-11827
-803
-12139
-755
-12283
-803
-12579
-795
-12875
-811
-13091
-875
-13275
-755
-13507
-867
-13787
-859
-13971
-771
-14251
-859
-14435
-819
-14707
-875
-14955
-803
-15259
-763
-15443
-875
-15635
-851
-15923
-843
-16171
-875
-16395
-771
-16707
-867
-16835
-819
-17123
-763
-17307
-867
-17563
-819
-17907
-843
-18123
-819
-18347
-875
-18523
-771
-18875
-1091
1949
-1015
-113
-999
-306
-1095
-571
-1054
-837
-1031
-1080
-1063
-1295
-1083
-1536
-1067
-1698
-1095
-2009
-1043
-2209
-1067
-2527
-1047
-2661
-1073
-2951
-1045
-3219
-983
-3381
-965
-3731
-1085
-3915
-977
-4199
-1077
-4359
-1055
-4683
-1055
-4883
-1067
-5107
-1087
-5343
-1003
-5555
-1095
-5827
-1019
-6019
-999
-6351
-1019
-6571
-1107
-6787
-1039
-6983
-983
-7215
-1099
-7587
-1067
-7823
-1071
-8003
-1099
-8183
-1031
-8507
-1095
-8779
-1011
-8915
-1055
-9155
-1095
-9423
-1099
-9683
-1107
-9963
-1075
-10147
-1107
-10387
-1019
-10715
-1043
-10859
-1051
-11139
-1099
-11331
-1075
-11651
-1027
-11787
-1043
-12043
-1027
-12347
-1107
-12539
-987
-12875
-1067
-13019
-1115
-13307
-1027
-13555
-1091
-13835
-1059
-13971
-1091
-14235
-1115
-14531
-1115
-14779
-1003
-14931
-1083
-15171
-1083
-15459
-1067
-15731
-1107
-15891
-1099
-16147
-1091
-16467
-1083
-16667
-1003
-16835
-1067
-17091
-1019
-17419
-1051
-17563
-1051
-17811
-1003
-18147
-1099
-18323
-987
-18635
-1035
-18843
-1315
1505
-1240
-91
-1309
-298
-1273
-609
-1315
-753
-1308
-1054
-1292
-1287
-1279
-1529
-1317
-1777
-1311
-2071
-1264
-2248
-1207
-2447
-1243
-2639
-1295
-3021
-1341
-3235
-1251
-3457
-1321
-3649
-1343
-3855
-1219
-4205
-1329
-4383
-1271
-4675
-1339
-4899
-1267
-5071
-1343
-5367
-1343
-5551
-1327
-5775
-1287
-6091
-1207
-6335
-1259
-6547
-1331
-6763
-1319
-7075
-1255
-7267
-1307
-7491
-1263
-7755
-1315
-7963
-1279
-8247
-1211
-8415
-1287
-8763
-1303
-8907
-1331
-9143
-1295
-9463
-1347
-9667
-1227
-9883
-1315
-10115
-1283
-10411
-1323
-10587
-1323
-10923
-1235
-11107
-1339
-11347
-1283
-11547
-1315
-11827
-1323
-12155
-1315
-12275
-1291
-12515
-1251
-12835
-1331
-13027
-1275
-13315
-1339
-13547
-1243
-13795
-1307
-14027
-1347
-14251
-1243
-14547
-1323
-14795
-1235
-14979
-1339
-15251
-1315
-15491
-1283
-15707
-1315
-15899
-1275
-16155
-1307
-16371
-1331
-16627
-1299
-16955
-1227
-17171
-1307
-17419
-1355
-17555
-1307
-17899
-1259
-18123
-1347
-18363
-1283
-18579
-1347
-18827
-1555
115
-1551
-17
-1575
-333
-1575
-507
-1567
-767
-1571
-1081
-1489
-1233
-1569
-1557
-1459
-1731
-1569
-2005
-1501
-2179
-1467
-2485
-1507
-2761
-1565
-2933
-1473
-3257
-1465
-3383
-1559
-3591
-1495
-3853
-1545
-4139
-1563
-4369
-1529
-4555
-1511
-4919
-1567
-5167
-1487
-5427
-1499
-5543
-1579
-5915
-1559
-6059
-1459
-6279
-1575
-6507
-1579
-6771
-1503
-7059
-1523
-7271
-1571
-7547
-1511
-7803
-1535
-8031
-1519
-8283
-1571
-8439
-1531
-8707
-1519
-8911
-1567
-9223
-1563
-9375
-1563
-9635
-1595
-9947
-1595
-10131
-1547
-10435
-1515
-10675
-1571
-10835
-1579
-11091
-1475
-11435
-1467
-11587
-1531
-11827
-1587
-12083
-1483
-12355
-1499
-12531
-1507
-12755
-1571
-13059
-1579
-13323
-1515
-13507
-1547
-13835
-1555
-13963
-1483
-14195
-1539
-14539
-1547
-14755
-1547
-14987
-1483
-15211
-1507
-15387
-1523
-15683
-1523
-15931
-1491
-16179
-1555
-16451
-1563
-16715
-1531
-16899
-1595
-17075
-1539
-17403
-1547
-17595
-1595
-17835
-1523
-18155
-1579
-18307
-1467
-18611
-1563
-18875
-1759
247
-1701
-71
-1739
-273
-1775
-545
-1825
-803
-1795
-983
-1819
-1265
-1785
-1451
-1691
-1711
-1771
-1915
-1789
-2181
-1699
-2467
-1775
-2755
-1725
-2971
-1721
-3209
-1707
-3477
-1723
-3705
-1767
-3857
-1775
-4095
-1817
-4337
-1751
-4567
-1827
-4931
-1707
-5151
-1799
-5291
-1815
-5583
-1795
-5895
-1687
-6035
-1747
-6339
-1827
-6519
-1803
-6795
-1827
-6959
-1719
-7211
-1811
-7483
-1795
-7707
-1815
-7947
-1799
-8215
-1783
-8519
-1787
-8643
-1719
-9019
-1707
-9243
-1707
-9447
-1819
-9699
-1787
-9955
-1819
-10211
-1715
-10419
-1827
-10643
-1803
-10899
-1819
-11075
-1763
-11307
-1795
-11635
-1763
-11851
-1803
-12147
-1763
-12283
-1827
-12531
-1787
-12747
-1787
-13059
-1795
-13315
-1755
-13539
-1747
-13795
-1827
-14011
-1739
-14259
-1747
-14523
-1747
-14779
-1755
-14987
-1787
-15235
-1747
-15443
-1779
-15723
-1795
-15883
-1787
-16203
-1811
-16411
-1835
-16619
-1795
-16883
-1747
-17075
-1819
-17371
-1819
-17563
-1739
-17819
-1731
-18155
-1779
-18307
-1795
-18515
-1819
-18835
-2075
115
-2019
-29
-1995
-387
-2007
-499
-1959
-793
-2035
-1053
-2015
-1335
-2029
-1455
-1933
-1699
-2039
-1997
-2051
-2171
-2023
-2511
-1961
-2749
-2033
-2955
-2043
-3129
-2065
-3449
-2053
-3639
-2029
-3971
-1975
-4205
-1925
-4439
-1961
-4677
-2047
-4931
-1995
-5163
-1963
-5347
-1931
-5543
-2055
-5843
-2043
-6083
-1975
-6323
-2059
-6587
-1987
-6855
-1967
-7023
-2043
-7267
-2011
-7471
-1963
-7731
-2027
-7999
-1959
-8227
-1943
-8519
-2043
-8671
-1967
-8987
-2035
-9215
-2019
-9447
-2051
-9683
-2075
-9979
-2035
-10219
-2027
-10371
-2011
-10611
-1955
-10891
-2075
-11131
-2043
-11355
-2051
-11595
-2019
-11907
-2075
-12067
-2043
-12387
-1963
-12635
-1979
-12755
-2075
-13019
-2075
-13235
-2027
-13595
-2067
-13787
-1947
-13947
-2051
-14259
-2019
-14507
-1971
-14675
-2027
-14963
-1963
-15243
-2051
-15475
-2075
-15675
-2059
-15867
-2019
-16163
-1955
-16371
-2035
-16635
-1971
-16859
-2027
-17187
-2067
-17331
-2051
-17611
-2035
-17907
-2059
-18123
-2075
-18363
-2051
-18627
-2043
-18819
-2275
693
-2257
-19
-2243
-259
-2259
-519
-2283
-851
-2267
-1113
-2283
-1197
-2255
-1567
-2251
-1791
-2227
-1947
-2281
-2197
-2229
-2535
-2247
-2659
-2231
-2969
-2257
-3205
-2287
-3441
-2207
-3653
-2255
-3863
-2195
-4193
-2215
-4355
-2269
-4679
-2303
-4835
-2211
-5063
-2211
-5307
-2243
-5579
-2219
-5807
-2207
-6019
-2275
-6387
-2267
-6615
-2251
-6759
-2235
-7007
-2259
-7243
-2307
-7483
-2243
-7739
-2267
-8039
-2231
-8219
-2211
-8499
-2283
-8671
-2307
-8931
-2203
-9147
-2215
-9483
-2315
-9627
-2267
-9939
-2283
-10179
-2267
-10387
-2251
-10651
-2251
-10947
-2275
-11163
-2251
-11355
-2299
-11619
-2203
-11915
-2315
-12027
-2243
-12355
-2203
-12515
-2291
-12827
-2251
-13027
-2283
-13235
-2243
-13579
-2211
-13811
-2315
-14011
-2291
-14227
-2291
-14555
-2203
-14707
-2227
-14931
-2187
-15195
-2275
-15507
-2299
-15683
-2275
-15971
-2203
-16139
-2195
-16379
-2235
-16651
-2211
-16835
-2267
-17107
-2299
-17315
-2243
-17571
-2299
-17867
-2315
-18123
-2307
-18291
-2275
-18563
-2299
-18867
-2459
273
-2407
-7
-2495
-361
-2453
-579
-2461
-763
-2475
-1105
-2483
-1239
-2501
-1587
-2431
-1749
-2493
-1979
-2519
-2249
-2483
-2523
-2545
-2653
-2437
-2955
-2513
-3171
-2463
-3361
-2439
-3655
-2513
-3905
-2427
-4119
-2447
-4379
-2397
-4639
-2527
-4915
-2451
-5131
-2527
-5331
-2455
-5599
-2507
-5891
-2431
-6143
-2515
-6371
-2423
-6579
-2459
-6743
-2543
-7083
-2439
-7343
-2503
-7559
-2515
-7687
-2487
-7919
-2443
-8223
-2419
-8399
-2475
-8747
-2507
-8995
-2499
-9215
-2463
-9419
-2539
-9739
-2555
-9883
-2507
-10187
-2491
-10387
-2499
-10691
-2555
-10947
-2539
-11099
-2555
-11403
-2507
-11595
-2539
-11787
-2507
-12123
-2555
-12331
-2443
-12595
-2523
-12779
-2459
-13059
-2499
-13275
-2499
-13547
-2435
-13755
-2459
-13987
-2443
-14211
-2539
-14483
-2523
-14667
-2547
-14907
-2523
-15211
-2451
-15427
-2531
-15691
-2427
-15963
-2555
-16227
-2427
-16395
-2491
-16699
-2555
-16939
-2507
-17083
-2459
-17435
-2555
-17667
-2523
-17835
-2547
-18083
-2547
-18283
-2499
-18579
-2523
-18875
-2683
695
-2747
-35
-2747
-371
-2743
-523
-2775
-875
-2747
-1023
-2747
-1235
-2731
-1551
-2675
-1791
-2759
-2015
-2755
-2291
-2747
-2511
-2791
-2691
-2735
-2903
-2779
-3207
-2771
-3479
-2771
-3635
-2703
-3923
-2739
-4147
-2735
-4447
-2767
-4587
-2787
-4931
-2719
-5091
-2743
-5367
-2723
-5603
-2711
-5915
-2759
-6111
-2715
-6351
-2667
-6615
-2695
-6851
-2707
-7115
-2755
-7331
-2755
-7563
-2767
-7803
-2707
-7955
-2695
-8195
-2723
-8435
-2663
-8735
-2715
-8903
-2687
-9171
-2715
-9483
-2675
-9739
-2723
-9883
-2715
-10171
-2675
-10451
-2723
-10699
-2795
-10883
-2771
-11179
-2795
-11331
-2755
-11603
-2771
-11827
-2763
-12035
-2795
-12275
-2699
-12555
-2739
-12859
-2771
-13043
-2739
-13227
-2795
-13507
-2683
-13731
-2683
-14075
-2731
-14307
-2667
-14459
-2715
-14787
-2795
-14931
-2795
-15203
-2731
-15491
-2771
-15739
-2787
-15875
-2771
-16235
-2683
-16475
-2795
-16691
-2747
-16939
-2787
-17171
-2779
-17307
-2723
-17635
-2731
-17843
-2723
-18091
-2763
-18315
-2683
-18603
-2755
-18827
-3027
109
-2991
-7
-3003
-343
-2995
-539
-2903
-859
-2951
-1083
-2943
-1315
-2979
-1527
-2959
-1787
-2955
-1927
-2899
-2263
-3027
-2519
-2975
-2695
-2919
-3011
-3019
-3219
-3027
-3479
-2923
-3691
-2999
-3891
-3011
-4131
-2999
-4419
-2999
-4647
-2959
-4863
-2947
-5119
-3007
-5343
-3011
-5547
-2995
-5791
-3019
-6099
-2931
-6283
-2983
-6531
-2887
-6795
-2943
-7047
-3019
-7339
-2959
-7539
-2979
-7783
-2963
-7995
-3027
-8243
-3003
-8539
-2995
-8759
-2907
-8979
-3015
-9127
-2983
-9435
-2947
-9747
-3011
-9939
-2963
-10123
-2979
-10467
-2955
-10675
-2995
-10835
-2995
-11171
-3027
-11315
-2963
-11555
-2923
-11899
-2971
-12099
-3019
-12395
-3027
-12531
-3003
-12827
-3011
-13107
-3035
-13243
-2947
-13491
-2995
-13827
-2923
-14051
-2907
-14307
-2915
-14523
-2995
-14795
-2979
-14923
-2931
-15219
-2931
-15483
-2923
-15699
-3003
-15971
-2971
-16139
-2987
-16347
-2907
-16611
-3035
-16883
-3019
-17091
-3011
-17411
-2963
-17659
-2923
-17843
-3027
-18083
-2923
-18331
-2979
-18579
-3027
-18851
-3251
141
-3211
-127
-3155
-263
-3231
-527
-3251
-751
-3255
-1063
-3163
-1223
-3235
-1531
-3247
-1715
-3159
-1935
-3235
-2251
-3159
-2503
-3255
-2719
-3187
-2967
-3223
-3203
-3219
-3455
-3195
-3639
-3259
-3955
-3211
-4147
-3243
-4467
-3219
-4623
-3171
-4847
-3171
-5123
-3243
-5375
-3211
-5555
-3199
-5755
-3195
-6063
-3219
-6347
-3251
-6543
-3143
-6811
-3211
-7087
-3115
-7195
-3231
-7523
-3271
-7707
-3215
-7923
-3191
-8275
-3251
-8479
-3219
-8747
-3131
-8987
-3183
-9187
-3143
-9443
-3163
-9627
-3251
-9939
-3227
-10187
-3187
-10419
-3163
-10595
-3179
-10851
-3219
-11083
-3275
-11339
-3195
-11571
-3275
-11915
-3251
-12147
-3251
-12355
-3211
-12571
-3267
-12859
-3179
-13011
-3275
-13267
-3203
-13571
-3179
-13827
-3235
-14075
-3251
-14227
-3251
-14515
-3203
-14763
-3219
-15003
-3235
-15275
-3275
-15443
-3171
-15683
-3267
-15923
-3163
-16211
-3219
-16451
-3227
-16627
-3187
-16931
-3275
-17163
-3259
-17379
-3195
-17547
-3147
-17859
-3163
-18131
-3203
-18275
-3235
-18579
-3163
-18843
-3443
133
-3455
-99
-3395
-279
-3399
-551
-3495
-811
-3399
-1067
-3475
-1207
-3491
-1551
-3459
-1731
-3499
-2039
-3459
-2275
-3427
-2451
-3375
-2759
-3451
-2987
-3403
-3247
-3495
-3355
-3447
-3639
-3459
-3927
-3515
-4147
-3471
-4467
-3443
-4699
-3511
-4815
-3383
-5067
-3467
-5339
-3483
-5579
-3467
-5859
-3455
-6123
-3483
-6335
-3479
-6555
-3491
-6807
-3395
-7103
-3459
-7231
-3415
-7539
-3503
-7747
-3439
-7959
-3515
-8251
-3399
-8519
-3507
-8791
-3515
-8903
-3483
-9131
-3431
-9451
-3475
-9667
-3491
-9891
-3507
-10179
-3475
-10467
-3499
-10611
-3467
-10955
-3411
-11083
-3507
-11307
-3515
-11659
-3499
-11835
-3499
-12051
-3507
-12379
-3515
-12507
-3515
-12779
-3395
-13075
-3515
-13355
-3427
-13491
-3467
-13739
-3411
-14043
-3443
-14243
-3443
-14427
-3387
-14771
-3467
-14939
-3435
-15275
-3443
-15435
-3459
-15691
-3507
-15883
-3491
-16227
-3515
-16387
-3483
-16635
-3475
-16947
-3499
-17083
-3419
-17403
-3483
-17651
-3467
-17819
-3443
-18027
-3403
-18299
-3403
-18579
-3515
-18819
-3619
109
-3727
-75
-3723
-323
-3723
-571
-3651
-759
-3699
-1091
-3731
-1303
-3707
-1587
-3711
-1811
-3683
-1955
-3671
-2283
-3711
-2455
-3715
-2683
-3699
-2963
-3727
-3235
-3667
-3495
-3623
-3615
-3711
-3919
-3619
-4115
-3611
-4371
-3711
-4655
-3623
-4879
-3731
-5035
-3659
-5387
-3727
-5635
-3675
-5879
-3651
-6019
-3683
-6327
-3659
-6571
-3707
-6835
-3647
-7099
-3651
-7315
-3731
-7495
-3627
-7819
-3707
-8011
-3707
-8295
-3683
-8483
-3719
-8687
-3715
-8935
-3707
-9215
-3643
-9403
-3675
-9699
-3707
-9963
-3755
-10123
-3723
-10427
-3707
-10699
-3627
-10955
-3723
-11163
-3643
-11347
-3683
-11547
-3739
-11803
-3731
-12123
-3755
-12363
-3635
-12627
-3723
-12755
-3739
-13099
-3675
-13347
-3675
-13483
-3627
-13747
-3651
-13987
-3691
-14291
-3707
-14435
-3699
-14683
-3627
-14947
-3739
-15267
-3651
-15491
-3683
-15675
-3691
-15931
-3747
-16219
-3747
-16363
-3723
-16587
-3683
-16875
-3747
-17067
-3651
-17363
-3747
-17571
-3731
-17827
-3747
-18147
-3723
-18363
-3699
-18627
-3675
-18835
-3867
133
-3967
-71
-3871
-359
-3975
-587
-3927
-743
-3911
-1075
-3987
-1299
-3903
-1523
-3843
-1827
-3951
-1955
-3867
-2203
-3951
-2427
-3975
-2659
-3991
-2963
-3967
-3187
-3919
-3363
-3867
-3751
-3943
-3955
-3895
-4171
-3911
-4347
-3979
-4679
-3931
-4859
-3883
-5115
-3879
-5291
-3883
-5635
-3979
-5839
-3947
-6131
-3855
-6267
-3975
-6555
-3875
-6763
-3899
-7059
-3867
-7311
-3907
-7503
-3951
-7787
-3859
-8043
-3995
-8195
-3867
-8511
-3979
-8763
-3927
-8947
-3955
-9127
-3955
-9491
-3939
-9659
-3987
-9875
-3987
-10203
-3915
-10467
-3979
-10611
-3867
-10875
-3891
-11131
-3875
-11323
-3939
-11619
-3939
-11835
-3987
-12043
-3931
-12275
-3915
-12579
-3923
-12811
-3907
-13075
-3939
-13251
-3955
-13547
-3923
-13739
-3875
-14075
-3963
-14211
-3923
-14443
-3907
-14747
-3923
-14955
-3947
-15203
-3867
-15435
-3923
-15723
-3987
-15923
-3891
-16123
-3875
-16435
-3899
-16611
-3931
-16923
-3947
-17083
-3939
-17419
-3971
-17675
-3947
-17827
-3963
-18099
-3979
-18371
-3947
-18635
-3939
-18843
-4163
149
-4187
-87
-4131
-375
-4131
-591
-4191
-771
-4115
-1019
-4127
-1307
-4095
-1511
-4123
-1743
-4127
-2023
-4159
-2211
-4203
-2467
-4103
-2743
-4127
-2967
-4131
-3191
-4183
-3451
-4199
-3719
-4219
-3987
-4199
-4167
-4171
-4359
-4091
-4675
-4083
-4915
-4143
-5087
-4215
-5291
-4207
-5675
-4195
-5899
-4075
-6111
-4227
-6363
-4119
-6571
-4119
-6847
-4211
-6999
-4151
-7311
-4175
-7547
-4175
-7711
-4203
-7967
-4123
-8239
-4163
-8483
-4187
-8755
-4199
-8875
-4203
-9175
-4203
-9419
-4171
-9651
-4187
-9979
-4115
-10155
-4219
-10411
-4211
-10699
-4227
-10947
-4211
-11179
-4115
-11307
-4179
-11587
-4195
-11795
-4155
-12107
-4171
-12275
-4227
-12515
-4115
-12819
-4139
-13011
-4219
-13323
-4235
-13595
-4139
-13771
-4195
-14051
-4219
-14235
-4107
-14547
-4219
-14755
-4219
-15011
-4115
-15163
-4211
-15443
-4211
-15699
-4195
-15963
-4139
-16203
-4203
-16435
-4179
-16667
-4235
-16859
-4139
-17099
-4187
-17403
-4147
-17603
-4203
-17835
-4155
-18091
-4211
-18275
-4203
-18579
-4107
-18867
-4423
93
-4411
-123
-4415
-311
-4367
-547
-4359
-763
-4347
-1055
-4427
-1267
-4431
-1519
-4399
-1815
-4447
-1955
-4451
-2283
-4379
-2519
-4467
-2763
-4423
-2923
-4455
-3211
-4359
-3427
-4415
-3735
-4359
-3943
-4451
-4135
-4463
-4455
-4475
-4691
-4431
-4839
-4407
-5191
-4439
-5391
-4455
-5643
-4451
-5839
-4447
-6055
-4415
-6339
-4395
-6515
-4399
-6731
-4447
-7095
-4391
-7291
-4455
-7443
-4439
-7699
-4403
-7991
-4427
-8271
-4335
-8471
-4399
-8731
-4387
-9011
-4343
-9159
-4427
-9371
-4363
-9747
-4475
-9915
-4459
-10227
-4347
-10403
-4443
-10627
-4379
-10939
-4387
-11107
-4435
-11363
-4427
-11675
-4443
-11787
-4427
-12155
-4371
-12283
-4459
-12571
-4475
-12867
-4459
-13059
-4427
-13243
-4419
-13539
-4427
-13803
-4419
-13987
-4395
-14307
-4419
-14507
-4403
-14691
-4411
-14931
-4427
-15211
-4371
-15387
-4475
-15627
-4379
-15939
-4475
-16203
-4387
-16467
-4451
-16667
-4467
-16923
-4451
-17187
-4459
-17387
-4435
-17627
-4387
-17843
-4467
-18075
-4427
-18347
-4371
-18603
-4467
-18843
-4679
85
-4687
-143
-4695
-295
-4687
-539
-4683
-743
-4691
-1023
-4707
-1291
-4663
-1547
-4695
-1727
-4687
-1999
-4667
-2271
-4575
-2487
-4647
-2735
-4667
-2927
-4579
-3235
-4583
-3475
-4691
-3727
-4623
-3983
-4635
-4195
-4607
-4451
-4667
-4679
-4631
-4891
-4683
-5107
-4627
-5435
-4687
-5667
-4563
-5851
-4639
-6035
-4595
-6327
-4587
-6539
-4671
-6799
-4671
-7023
-4587
-7335
-4655
-7459
-4615
-7723
-4579
-8023
-4675
-8259
-4703
-8431
-4651
-8655
-4603
-8907
-4671
-9259
-4643
-9387
-4659
-9659
-4603
-9987
-4699
-10163
-4715
-10427
-4707
-10659
-4643
-10875
-4699
-11195
-4715
-11427
-4707
-11643
-4707
-11795
-4667
-12123
-4635
-12275
-4659
-12547
-4691
-12851
-4611
-13083
-4651
-13283
-4659
-13539
-4699
-13811
-4635
-13971
-4595
-14227
-4643
-14475
-4627
-14739
-4651
-14987
-4691
-15259
-4699
-15427
-4667
-15643
-4715
-15995
-4699
-16179
-4691
-16451
-4707
-16651
-4595
-16867
-4715
-17083
-4635
-17403
-4691
-17651
-4611
-17795
-4707
-18131
-4635
-18331
-4635
-18547
-4699
-18811
-4927
149
-4951
-103
-4851
-331
-4915
-579
-4931
-787
-4907
-991
-4803
-1251
-4915
-1499
-4883
-1687
-4939
-1951
-4915
-2283
-4927
-2451
-4819
-2715
-4903
-2915
-4895
-3171
-4935
-3423
-4911
-3695
-4855
-3963
-4863
-4135
-4871
-4439
-4939
-4595
-4919
-4891
-4923
-5083
-4895
-5419
-4871
-5595
-4835
-5819
-4859
-6015
-4827
-6327
-4839
-6515
-4879
-6811
-4935
-7011
-4915
-7335
-4899
-7563
-4891
-7755
-4875
-7991
-4875
-8183
-4915
-8539
-4911
-8719
-4899
-8899
-4955
-9115
-4939
-9419
-4939
-9683
-4883
-9947
-4891
-10107
-4835
-10395
-4883
-10699
-4891
-10843
-4907
-11187
-4915
-11387
-4915
-11675
-4915
-11867
-4955
-12107
-4859
-12387
-4907
-12595
-4939
-12779
-4827
-13115
-4899
-13331
-4899
-13579
-4883
-13723
-4955
-14011
-4947
-14251
-4851
-14499
-4955
-14715
-4915
-15027
-4947
-15251
-4859
-15443
-4891
-15683
-4915
-15899
-4899
-16187
-4835
-16395
-4939
-16635
-4947
-16851
-4923
-17163
-4891
-17323
-4891
-17667
-4859
-17883
-4955
-18139
-4939
-18291
-4867
-18555
-4955
-18859
-5135
133
-5067
-83
-5159
-259
-5187
-587
-5139
-751
-5143
-1067
-5123
-1255
-5103
-1463
-5159
-1747
-5087
-2055
-5155
-2159
-5147
-2543
-5083
-2675
-5135
-2971
-5055
-3215
-5035
-3367
-5135
-3743
-5155
-3963
-5183
-4127
-5051
-4455
-5107
-4559
-5099
-4823
-5123
-5139
-5147
-5327
-5059
-5655
-5119
-5887
-5123
-6143
-5131
-6247
-5179
-6527
-5123
-6751
-5167
-7019
-5179
-7199
-5195
-7483
-5131
-7707
-5103
-8003
-5147
-8235
-5139
-8495
-5115
-8703
-5131
-8995
-5167
-9187
-5147
-9431
-5163
-9675
-5091
-9979
-5163
-10163
-5163
-10395
-5115
-10643
-5195
-10835
-5131
-11195
-5171
-11339
-5155
-11667
-5067
-11891
-5195
-12067
-5147
-12291
-5099
-12635
-5155
-12771
-5195
-13107
-5195
-13259
-5147
-13475
-5179
-13787
-5123
-13963
-5123
-14291
-5187
-14427
-5147
-14675
-5139
-15035
-5179
-15275
-5195
-15387
-5115
-15699
-5131
-15899
-5147
-16107
-5123
-16347
-5171
-16691
-5075
-16931
-5147
-17155
-5171
-17347
-5195
-17643
-5139
-17883
-5123
-18147
-5195
-18379
-5123
-18611
-5171
-18827
-5323
109
-5379
-147
-5411
-315
-5307
-587
-5411
-859
-5363
-1003
-5427
-1307
-5435
-1491
-5419
-1723
-5355
-1983
-5363
-2179
-5355
-2523
-5395
-2663
-5403
-2987
-5427
-3259
-5395
-3443
-5347
-3651
-5363
-3967
-5315
-4091
-5411
-4419
-5427
-4715
-5411
-4827
-5395
-5163
-5427
-5315
-5411
-5667
-5363
-5871
-5347
-6071
-5435
-6339
-5323
-6627
-5347
-6819
-5411
-7115
-5411
-7339
-5379
-7563
-5435
-7739
-5323
-8023
-5323
-8199
-5419
-8467
-5427
-8699
-5347
-8891
-5339
-9211
-5411
-9395
-5435
-9755
-5371
-9875
-5355
-10155
-5355
-10459
-5435
-10635
-5419
-10899
-5387
-11155
-5395
-11339
-5323
-11619
-5371
-11819
-5331
-12059
-5435
-12347
-5411
-12579
-5363
-12763
-5307
-13099
-5395
-13227
-5395
-13587
-5435
-13739
-5339
-14011
-5395
-14267
-5307
-14531
-5387
-14715
-5323
-15011
-5419
-15275
-5323
-15451
-5403
-15675
-5347
-15915
-5403
-16219
-5355
-16411
-5315
-16619
-5387
-16915
-5419
-17155
-5387
-17339
-5435
-17595
-5307
-17891
-5411
-18139
-5427
-18363
-5435
-18619
-5363
-18875
-5547
93
-5659
-147
-5675
-291
-5659
-507
-5667
-851
-5643
-1099
-5571
-1347
-5643
-1571
-5659
-1723
-5611
-1987
-5659
-2211
-5611
-2515
-5667
-2691
-5619
-3003
-5563
-3227
-5579
-3507
-5619
-3627
-5667
-3867
-5571
-4219
-5627
-4379
-5587
-4595
-5675
-4907
-5579
-5147
-5659
-5339
-5627
-5595
-5611
-5899
-5619
-6139
-5651
-6355
-5635
-6603
-5635
-6795
-5659
-6987
-5643
-7347
-5651
-7483
-5643
-7755
-5627
-8011
-5611
-8307
-5651
-8531
-5635
-8691
-5627
-8963
-5627
-9259
-5619
-9475
-5603
-9691
-5611
-9915
-5675
-10115
-5635
-10459
-5651
-10707
-5635
-10923
-5635
-11139
-5571
-11339
-5555
-11667
-5587
-11843
-5675
-12059
-5667
-12371
-5603
-12539
-5651
-12787
-5643
-13083
-5547
-13331
-5667
-13539
-5667
-13795
-5675
-13955
-5563
-14235
-5579
-14475
-5675
-14675
-5571
-14971
-5651
-15243
-5659
-15475
-5651
-15683
-5643
-15939
-5627
-16227
-5659
-16411
-5611
-16675
-5651
-16915
-5595
-17115
-5587
-17427
-5619
-17659
-5643
-17811
-5603
-18131
-5547
-18283
-5659
-18555
-5619
-18843
-5907
141
-5851
-27
-5891
-387
-5875
-515
-5883
-843
-5787
-1051
-5843
-1347
-5867
-1555
-5915
-1811
-5875
-2011
-5907
-2235
-5843
-2475
-5899
-2731
-5907
-2971
-5795
-3155
-5811
-3427
-5819
-3715
-5819
-3875
-5875
-4107
-5883
-4387
-5811
-4691
-5843
-4955
-5891
-5107
-5843
-5323
-5907
-5635
-5859
-5811
-5899
-6091
-5819
-6291
-5795
-6515
-5867
-6803
-5891
-7027
-5891
-7331
-5891
-7491
-5907
-7763
-5859
-7947
-5915
-8307
-5843
-8427
-5883
-8715
-5819
-8971
-5859
-9147
-5915
-9403
-5851
-9659
-5851
-9979
-5859
-10187
-5843
-10363
-5915
-10627
-5891
-10851
-5891
-11083
-5899
-11307
-5827
-11635
-5899
-11795
-5867
-12099
-5819
-12355
-5803
-12587
-5891
-12867
-5875
-13019
-5843
-13307
-5915
-13587
-5915
-13795
-5811
-13947
-5899
-14307
-5899
-14427
-5851
-14763
-5867
-14931
-5915
-15203
-5803
-15467
-5835
-15739
-5827
-15875
-5827
-16219
-5907
-16467
-5851
-16603
-5827
-16915
-5875
-17147
-5915
-17419
-5899
-17611
-5891
-17915
-5915
-18059
-5883
-18371
-5827
-18515
-5859
-18827
-6059
101
-6043
-91
-6147
-275
-6115
-627
-6059
-843
-6027
-1115
-6131
-1339
-6083
-1499
-6027
-1779
-6131
-2027
-6107
-2195
-6123
-2523
-6035
-2755
-6051
-2995
-6155
-3147
-6043
-3387
-6115
-3731
-6099
-3891
-6139
-4235
-6099
-4475
-6139
-4619
-6155
-4827
-6131
-5131
-6067
-5395
-6131
-5595
-6115
-5851
-6043
-6027
-6139
-6387
-6147
-6563
-6139
-6803
-6035
-7035
-6051
-7251
-6099
-7491
-6155
-7795
-6075
-8059
-6107
-8259
-6051
-8547
-6147
-8715
-6131
-9035
-6091
-9211
-6107
-9467
-6043
-9707
-6131
-9907
-6139
-10107
-6131
-10419
-6147
-10595
-6115
-10851
-6139
-11067
-6099
-11355
-6123
-11611
-6051
-11827
-6067
-12043
-6123
-12283
-6059
-12523
-6155
-12779
-6067
-13059
-6131
-13339
-6139
-13523
-6027
-13811
-6067
-14019
-6083
-14283
-6139
-14555
-6083
-14723
-6099
-14987
-6067
-15267
-6107
-15395
-6099
-15643
-6099
-15971
-6107
-16211
-6107
-16443
-6147
-16635
-6075
-16851
-6091
-17075
-6075
-17371
-6027
-17611
-6035
-17859
-6107
-18083
-6107
-18371
-6147
-18547
-6099
-18811
-6395
149
-6379
-139
-6371
-315
-6331
-523
-6347
-763
-6315
-1075
-6275
-1259
-6283
-1579
-6307
-1763
-6371
-1971
-6347
-2307
-6291
-2427
-6331
-2715
-6355
-2931
-6371
-3219
-6387
-3483
-6371
-3627
-6307
-3867
-6387
-4147
-6315
-4451
-6315
-4691
-6379
-4939
-6307
-5091
-6275
-5363
-6307
-5571
-6395
-5787
-6355
-6115
-6371
-6267
-6395
-6627
-6363
-6851
-6283
-7083
-6323
-7355
-6267
-7547
-6275
-7787
-6379
-8019
-6387
-8267
-6275
-8555
-6387
-8795
-6371
-8939
-6363
-9259
-6371
-9507
-6331
-9643
-6395
-9875
-6307
-10211
-6315
-10403
-6379
-10691
-6379
-10947
-6291
-11171
-6371
-11411
-6355
-11659
-6283
-11803
-6291
-12123
-6331
-12339
-6371
-12547
-6379
-12859
-6331
-13027
-6379
-13227
-6315
-13579
-6363
-13755
-6387
-13963
-6275
-14235
-6395
-14523
-6355
-14707
-6291
-15019
-6323
-15211
-6395
-15475
-6371
-15643
-6323
-15939
-6363
-16179
-6387
-16419
-6291
-16603
-6371
-16835
-6339
-17131
-6299
-17339
-6339
-17627
-6387
-17891
-6291
-18027
-6387
-18291
-6323
-18579
-6347
-18859
-6603
133
-6507
-115
-6595
-387
-6579
-547
-6619
-835
-6587
-1027
-6547
-1331
-6563
-1507
-6635
-1755
-6515
-2043
-6579
-2211
-6587
-2507
-6579
-2771
-6515
-2963
-6547
-3203
-6531
-3515
-6619
-3755
-6627
-3907
-6635
-4203
-6555
-4419
-6635
-4699
-6611
-4867
-6547
-5115
-6635
-5307
-6611
-5675
-6547
-5867
-6539
-6123
-6531
-6395
-6563
-6539
-6571
-6859
-6619
-7115
-6563
-7347
-6595
-7579
-6627
-7779
-6555
-8043
-6627
-8267
-6603
-8547
-6571
-8731
-6595
-8987
-6595
-9179
-6587
-9499
-6611
-9659
-6547
-9899
-6579
-10163
-6515
-10379
-6515
-10603
-6539
-10867
-6603
-11131
-6595
-11411
-6611
-11635
-6595
-11819
-6635
-12051
-6523
-12323
-6555
-12555
-6603
-12819
-6619
-13067
-6587
-13235
-6587
-13523
-6619
-13811
-6555
-14035
-6571
-14211
-6635
-14547
-6531
-14683
-6547
-15027
-6627
-15251
-6619
-15403
-6603
-15707
-6555
-15939
-6515
-16107
-6587
-16371
-6627
-16603
-6539
-16827
-6547
-17147
-6587
-17411
-6515
-17667
-6635
-17819
-6595
-18051
-6579
-18371
-6555
-18595
-6563
-18851
-6755
93
-6747
-83
-6795
-291
-6835
-611
-6803
-747
-6859
-1115
-6859
-1275
-6787
-1507
-6779
-1739
-6843
-2027
-6875
-2307
-6859
-2539
-6835
-2699
-6867
-2963
-6859
-3203
-6803
-3459
-6795
-3723
-6811
-3939
-6851
-4139
-6851
-4395
-6875
-4611
-6843
-4947
-6851
-5115
-6827
-5339
-6747
-5619
-6755
-5867
-6771
-6131
-6835
-6387
-6827
-6547
-6819
-6835
-6843
-6987
-6819
-7323
-6795
-7595
-6875
-7779
-6755
-7955
-6851
-8291
-6859
-8443
-6827
-8667
-6779
-8995
-6779
-9259
-6835
-9507
-6843
-9739
-6867
-9947
-6755
-10203
-6779
-10363
-6795
-10707
-6763
-10851
-6867
-11147
-6859
-11307
-6795
-11627
-6763
-11891
-6875
-12123
-6867
-12275
-6819
-12507
-6867
-12827
-6811
-13035
-6827
-13299
-6875
-13483
-6747
-13747
-6875
-14019
-6859
-14275
-6843
-14451
-6843
-14675
-6763
-14915
-6827
-15267
-6803
-15475
-6771
-15627
-6779
-15883
-6843
-16203
-6779
-16459
-6827
-16707
-6763
-16883
-6851
-17115
-6787
-17363
-6875
-17635
-6875
-17827
-6763
-18059
-6875
-18355
-6811
-18563
-6819
-18811
-7051
93
-7035
-75
-7059
-339
-7091
-603
-7067
-755
-6995
-1035
-7075
-1331
-7107
-1515
-7075
-1763
-7059
-2059
-7107
-2235
-7091
-2491
-7107
-2779
-7107
-2931
-7067
-3227
-7019
-3499
-7083
-3739
-7091
-3867
-7115
-4179
-7075
-4427
-7011
-4643
-7003
-4899
-7011
-5107
-6987
-5411
-7059
-5627
-7083
-5867
-7115
-6075
-7059
-6371
-7099
-6555
-7059
-6867
-7035
-7099
-7107
-7291
-7107
-7515
-7083
-7739
-7067
-8059
-7107
-8219
-7115
-8523
-7051
-8779
-7107
-8971
-7091
-9171
-7115
-9411
-7083
-9659
-7115
-9987
-7083
-10211
-7027
-10435
-7043
-10691
-6995
-10859
-7099
-11075
-7027
-11411
-7115
-11651
-7003
-11915
-7091
-12147
-7035
-12379
-7083
-12571
-7099
-12763
-7083
-13059
-7059
-13323
-7107
-13499
-7059
-13779
-7091
-13947
-7035
-14203
-7043
-14483
-7099
-14723
-7083
-14947
-7083
-15195
-7115
-15491
-7091
-15667
-7051
-15979
-7011
-16195
-7019
-16387
-7099
-16595
-7115
-16875
-7075
-17075
-7051
-17435
-7035
-17555
-7043
-17803
-7019
-18099
-6987
-18339
-7019
-18563
-7043
-18827
-7307
141
-7275
-43
-7267
-371
-7315
-547
-7267
-787
-7347
-1075
-7331
-1347
-7259
-1555
-7235
-1827
-7339
-2003
-7283
-2299
-7283
-2499
-7315
-2731
-7355
-2907
-7355
-3163
-7275
-3451
-7339
-3723
-7243
-3923
-7259
-4131
-7235
-4459
-7355
-4611
-7339
-4939
-7315
-5107
-7259
-5315
-7235
-5675
-7323
-5859
-7251
-6123
-7267
-6283
-7339
-6523
-7243
-6779
-7307
-7107
-7323
-7251
-7331
-7571
-7339
-7707
-7275
-8059
-7331
-8291
-7275
-8451
-7243
-8715
-7339
-8955
-7355
-9187
-7267
-9491
-7283
-9731
-7339
-9867
-7323
-10187
-7355
-10411
-7283
-10651
-7315
-10899
-7323
-11067
-7355
-11395
-7323
-11571
-7339
-11787
-7251
-12083
-7227
-12267
-7243
-12587
-7275
-12875
-7347
-13003
-7275
-13283
-7267
-13563
-7291
-13763
-7331
-14035
-7355
-14235
-7355
-14507
-7251
-14763
-7339
-15027
-7267
-15211
-7339
-15419
-7339
-15723
-7267
-15875
-7339
-16147
-7347
-16451
-7355
-16627
-7291
-16931
-7339
-17075
-7267
-17323
-7227
-17667
-7291
-17875
-7355
-18139
-7267
-18267
-7331
-18531
-7227
-18851
-7563
141
-7547
-83
-7491
-307
-7587
-619
-7563
-755
-7507
-1107
-7587
-1347
-7587
-1579
-7539
-1707
-7571
-1995
-7579
-2283
-7515
-2507
-7483
-2755
-7491
-2995
-7595
-3203
-7467
-3507
-7491
-3747
-7595
-3947
-7507
-4211
-7475
-4435
-7595
-4603
-7571
-4859
-7563
-5091
-7563
-5323
-7499
-5627
-7579
-5907
-7579
-6059
-7571
-6371
-7539
-6547
-7499
-6771
-7483
-7027
-7539
-7323
-7571
-7579
-7483
-7827
-7563
-7995
-7595
-8275
-7515
-8555
-7523
-8771
-7579
-8995
-7579
-9259
-7563
-9507
-7483
-9683
-7563
-9891
-7475
-10131
-7515
-10459
-7531
-10659
-7587
-10875
-7531
-11107
-7547
-11363
-7563
-11627
-7515
-11787
-7595
-12147
-7587
-12315
-7571
-12603
-7555
-12859
-7587
-13067
-7555
-13227
-7563
-13491
-7595
-13811
-7491
-14019
-7531
-14227
-7587
-14435
-7579
-14699
-7587
-14939
-7531
-15211
-7595
-15435
-7499
-15747
-7595
-15939
-7595
-16139
-7595
-16459
-7539
-16587
-7563
-16931
-7587
-17099
-7571
-17347
-7587
-17651
-7515
-17811
-7499
-18107
-7539
-18323
-7579
-18523
-7531
-18811
-7731
101
-7755
-115
-7747
-347
-7755
-603
-7819
-771
-7827
-1099
-7747
-1331
-7787
-1515
-7811
-1723
-7787
-2035
-7787
-2219
-7755
-2555
-7819
-2731
-7819
-2987
-7763
-3219
-7795
-3515
-7787
-3739
-7723
-3875
-7755
-4107
-7795
-4459
-7827
-4699
-7771
-4859
-7811
-5147
-7827
-5435
-7723
-5627
-7707
-5867
-7819
-6051
-7819
-6315
-7763
-6579
-7747
-6779
-7755
-6987
-7731
-7235
-7739
-7579
-7835
-7731
-7819
-7963
-7803
-8187
-7779
-8515
-7779
-8779
-7835
-8939
-7795
-9163
-7803
-9435
-7835
-9747
-7827
-9995
-7795
-10195
-7779
-10443
-7819
-10603
-7827
-10947
-7819
-11091
-7827
-11419
-7795
-11579
-7723
-11907
-7755
-12043
-7715
-12323
-7747
-12571
-7795
-12827
-7795
-13107
-7763
-13299
-7835
-13491
-7779
-13755
-7771
-14059
-7811
-14299
-7763
-14483
-7795
-14771
-7787
-14923
-7747
-15211
-7827
-15459
-7755
-15755
-7779
-15907
-7747
-16219
-7787
-16443
-7819
-16683
-7787
-16947
-7771
-17139
-7755
-17435
-7747
-17619
-7747
-17819
-7731
-18075
-7811
-18267
-7811
-18539
-7763
-18811
-8011
141
-8003
-139
-8019
-299
-8059
-507
-7971
-771
-8019
-1083
-8059
-1243
-8075
-1539
-7955
-1723
-8059
-2035
-7971
-2259
-8067
-2435
-8067
-2755
-8067
-2915
-8003
-3275
-8067
-3515
-8003
-3755
-8051
-3923
-8075
-4123
-8035
-4387
-8035
-4667
-8051
-4947
-8051
-5123
-8075
-5315
-8011
-5603
-8051
-5907
-7987
-6131
-8035
-6339
-8059
-6571
-8027
-6811
-7979
-7099
-8059
-7315
-7987
-7563
-7955
-7795
-8027
-7971
-7987
-8267
-8059
-8499
-8043
-8787
-8011
-8923
-8035
-9171
-8011
-9507
-8027
-9627
-7979
-9867
-8067
-10235
-8027
-10347
-8043
-10667
-8075
-10883
-8059
-11083
-8035
-11355
-8067
-11555
-8075
-11787
-8003
-12075
-8003
-12323
-8075
-12555
-8075
-12747
-8051
-13067
-7987
-13275
-8075
-13555
-7963
-13715
-8003
-13947
-7955
-14299
-7955
-14507
-8067
-14699
-7947
-14995
-7947
-15243
-7979
-15403
-8019
-15675
-8011
-15987
-8027
-16171
-7995
-16435
-7979
-16699
-8035
-16843
-8043
-17171
-7987
-17403
-8051
-17603
-7995
-17835
-7971
-18091
-8067
-18315
-8027
-18579
-8075
-18819
-8299
109
-8283
-83
-8299
-323
-8299
-627
-8291
-763
-8259
-1051
-8299
-1331
-8307
-1571
-8251
-1771
-8275
-2059
-8227
-2195
-8291
-2499
-8275
-2795
-8307
-2923
-8299
-3275
-8259
-3515
-8235
-3747
-8315
-3979
-8291
-4107
-8307
-4403
-8235
-4595
-8315
-4843
-8315
-5067
-8299
-5331
-8235
-5611
-8211
-5899
-8307
-6107
-8307
-6315
-8299
-6587
-8291
-6851
-8275
-7091
-8299
-7283
-8275
-7579
-8291
-7771
-8203
-8019
-8211
-8275
-8307
-8539
-8307
-8739
-8307
-8947
-8235
-9211
-8283
-9491
-8227
-9715
-8315
-9979
-8283
-10115
-8267
-10427
-8219
-10707
-8299
-10891
-8251
-11139
-8307
-11371
-8307
-11563
-8235
-11811
-8251
-12115
-8307
-12283
-8315
-12627
-8315
-12787
-8315
-13003
-8211
-13235
-8299
-13555
-8307
-13755
-8187
-13947
-8243
-14299
-8275
-14467
-8227
-14731
-8267
-14939
-8243
-15147
-8299
-15483
-8235
-15739
-8291
-15963
-8203
-16211
-8251
-16467
-8243
-16635
-8203
-16947
-8227
-17091
-8299
-17347
-8315
-17563
-8267
-17851
-8291
-18027
-8299
-18267
-8307
-18619
-8227
-18811
-8515
93
-8523
-91
-8451
-395
-8451
-515
-8531
-755
-8459
-1051
-8539
-1299
-8435
-1491
-8547
-1755
-8539
-1955
-8443
-2283
-8491
-2555
-8547
-2771
-8499
-2947
-8499
-3227
-8483
-3443
-8507
-3627
-8459
-3963
-8547
-4219
-8507
-4379
-8475
-4643
-8483
-4859
-8491
-5139
-8555
-5435
-8443
-5603
-8499
-5843
-8435
-6075
-8467
-6323
-8483
-6547
-8443
-6771
-8475
-7011
-8515
-7291
-8459
-7563
-8459
-7715
-8523
-7955
-8539
-8195
-8459
-8507
-8555
-8739
-8491
-9019
-8435
-9211
-8523
-9443
-8523
-9755
-8459
-9979
-8555
-10147
-8443
-10379
-8539
-10699
-8531
-10939
-8531
-11147
-8555
-11323
-8531
-11595
-8523
-11819
-8459
-12083
-8547
-12331
-8515
-12547
-8515
-12747
-8427
-13107
-8467
-13235
-8539
-13491
-8531
-13715
-8547
-13955
-8507
-14195
-8467
-14435
-8515
-14715
-8483
-15027
-8531
-15267
-8539
-15411
-8499
-15707
-8451
-15883
-8491
-16115
-8555
-16347
-8427
-16595
-8499
-16939
-8555
-17083
-8555
-17403
-8555
-17571
-8507
-17859
-8507
-18091
-8547
-18339
-8507
-18555
-8483
-18875
-8739
141
-8691
-51
-8739
-275
-8739
-619
-8731
-859
-8787
-1003
-8723
-1275
-8795
-1563
-8771
-1771
-8779
-1947
-8771
-2203
-8779
-2443
-8715
-2787
-8699
-2923
-8699
-3211
-8787
-3411
-8795
-3683
-8755
-3907
-8739
-4123
-8715
-4435
-8787
-4619
-8787
-4947
-8747
-5195
-8795
-5403
-8779
-5587
-8683
-5859
-8787
-6051
-8739
-6283
-8683
-6547
-8667
-6827
-8771
-7011
-8691
-7227
-8795
-7571
-8771
-7803
-8747
-8059
-8739
-8235
-8723
-8499
-8739
-8739
-8755
-9003
-8795
-9235
-8795
-9475
-8747
-9755
-8755
-9987
-8667
-10147
-8755
-10451
-8723
-10715
-8739
-10859
-8731
-11163
-8787
-11419
-8667
-11547
-8787
-11827
-8739
-12067
-8763
-12291
-8787
-12555
-8691
-12875
-8771
-13099
-8779
-13267
-8771
-13491
-8739
-13755
-8755
-13979
-8707
-14227
-8787
-14467
-8755
-14723
-8747
-14955
-8699
-15251
-8787
-15451
-8683
-15675
-8795
-15907
-8715
-16195
-8771
-16435
-8739
-16715
-8723
-16843
-8763
-17083
-8779
-17347
-8699
-17619
-8771
-17867
-8763
-18107
-8795
-18283
-8675
-18611
-8667
-18867
-9019
133
-8995
-131
-8987
-291
-8939
-627
-8947
-787
-9035
-1091
-9003
-1267
-9019
-1475
-9003
-1779
-8971
-2035
-9027
-2235
-8939
-2507
-8995
-2707
-9035
-3003
-8907
-3187
-9027
-3419
-8939
-3659
-9035
-3891
-8955
-4171
-8963
-4347
-9011
-4715
-9027
-4891
-9019
-5075
-9035
-5347
-8923
-5651
-9003
-5827
-9011
-6027
-8995
-6267
-8987
-6619
-8955
-6763
-9035
-6995
-8971
-7283
-9003
-7571
-8979
-7707
-9003
-8003
-8971
-8243
-8979
-8475
-8995
-8731
-9019
-8979
-9011
-9155
-8955
-9491
-8915
-9731
-8955
-9875
-8995
-10219
-9011
-10435
-8971
-10643
-9011
-10931
-9011
-11155
-8987
-11403
-8939
-11547
-9027
-11811
-9011
-12035
-8971
-12275
-8955
-12603
-8995
-12787
-8907
-13035
-9019
-13299
-8995
-13571
-8987
-13811
-9011
-14003
-9027
-14227
-8947
-14435
-8907
-14779
-9035
-14939
-8963
-15227
-9003
-15435
-9019
-15627
-9011
-15931
-8939
-16211
-9027
-16459
-8979
-16587
-9003
-16955
-9035
-17083
-8963
-17323
-9035
-17643
-8931
-17795
-9003
-18059
-8963
-18283
-9027
-18515
-8971
-18819
-9171
109
-9147
-51
-9227
-323
-9211
-507
-9251
-843
-9275
-1011
-9259
-1291
-9275
-1547
-9163
-1763
-9227
-1963
-9275
-2267
-9163
-2499
-9147
-2715
-9251
-3019
-9179
-3251
-9203
-3491
-9187
-3739
-9195
-3907
-9259
-4179
-9259
-4387
-9267
-4715
-9203
-4875
-9227
-5187
-9219
-5403
-9179
-5563
-9259
-5795
-9219
-6115
-9251
-6339
-9171
-6627
-9155
-6859
-9251
-7107
-9195
-7339
-9251
-7571
-9267
-7755
-9251
-8019
-9251
-8259
-9235
-8523
-9243
-8787
-9243
-8971
-9195
-9203
-9267
-9507
-9267
-9755
-9211
-9939
-9275
-10107
-9187
-10403
-9171
-10643
-9195
-10907
-9211
-11155
-9235
-11395
-9227
-11627
-9147
-11867
-9179
-12075
-9187
-12379
-9155
-12507
-9219
-12795
-9243
-13075
-9155
-13299
-9243
-13531
-9195
-13795
-9259
-13963
-9259
-14267
-9267
-14515
-9155
-14779
-9251
-14963
-9227
-15195
-9219
-15467
-9155
-15675
-9163
-15923
-9179
-16139
-9267
-16363
-9259
-16691
-9259
-16891
-9163
-17147
-9259
-17379
-9211
-17611
-9235
-17811
-9251
-18131
-9259
-18299
-9275
-18611
-9195
-18851
-9451
141
-9403
-107
-9459
-267
-9475
-595
-9491
-859
-9475
-1083
-9475
-1355
-9411
-1483
-9419
-1835
-9435
-2043
-9499
-2267
-9483
-2539
-9499
-2779
-9491
-3003
-9451
-3195
-9459
-3507
-9387
-3755
-9515
-3899
-9467
-4155
-9403
-4363
-9499
-4603
-9507
-4867
-9499
-5083
-9515
-5371
-9507
-5627
-9411
-5811
-9451
-6147
-9491
-6339
-9491
-6619
-9491
-6827
-9435
-6987
-9491
-7283
-9411
-7539
-9499
-7803
-9499
-8067
-9451
-8299
-9515
-8491
-9515
-8699
-9443
-8939
-9491
-9219
-9411
-9427
-9411
-9747
-9507
-9971
-9443
-10227
-9435
-10379
-9443
-10603
-9435
-10867
-9467
-11155
-9499
-11371
-9419
-11579
-9475
-11891
-9451
-12155
-9507
-12315
-9467
-12627
-9491
-12747
-9419
-13091
-9499
-13259
-9435
-13467
-9499
-13715
-9451
-14035
-9491
-14275
-9483
-14451
-9451
-14699
-9507
-15019
-9395
-15195
-9451
-15435
-9419
-15667
-9475
-15971
-9411
-16195
-9467
-16371
-9507
-16715
-9403
-16915
-9419
-17075
-9467
-17347
-9507
-17627
-9451
-17907
-9387
-18099
-9475
-18379
-9499
-18563
-9491
-18875
-9747
117
-9683
-27
-9659
-387
-9731
-587
-9755
-787
-9755
-1099
-9699
-1355
-9643
-1491
-9723
-1731
-9675
-1955
-9667
-2203
-9675
-2451
-9731
-2795
-9683
-2963
-9755
-3235
-9683
-3475
-9691
-3667
-9707
-3955
-9683
-4195
-9707
-4395
-9683
-4611
-9675
-4915
-9723
-5155
-9667
-5339
-9659
-5579
-9651
-5819
-9715
-6131
-9707
-6299
-9747
-6627
-9739
-6755
-9691
-7035
-9635
-7227
-9667
-7523
-9755
-7763
-9659
-8027
-9691
-8235
-9659
-8459
-9667
-8683
-9667
-8947
-9635
-9195
-9683
-9403
-9747
-9723
-9635
-9955
-9691
-10155
-9667
-10403
-9715
-10667
-9651
-10827
-9723
-11075
-9675
-11387
-9731
-11643
-9755
-11819
-9667
-12035
-9715
-12395
-9699
-12515
-9651
-12755
-9739
-13043
-9723
-13283
-9723
-13555
-9747
-13819
-9635
-13963
-9723
-14235
-9723
-14499
-9755
-14691
-9659
-14995
-9643
-15251
-9723
-15459
-9691
-15635
-9675
-15907
-9715
-16139
-9755
-16451
-9723
-16635
-9691
-16955
-9691
-17195
-9635
-17411
-9627
-17595
-9651
-17795
-9747
-18131
-9747
-18275
-9699
-18587
-9699
-18875
-9915
93
-9979
-67
-9947
-387
-9987
-555
-9995
-763
-9995
-1003
-9947
-1339
-9979
-1499
-9915
-1827
-9955
-2019
-9995
-2251
-9971
-2427
-9955
-2795
-9971
-2931
-9931
-3275
-9915
-3435
-9987
-3715
-9963
-3979
-9915
-4123
-9947
-4459
-9955
-4651
-9931
-4939
-9931
-5171
-9971
-5419
-9931
-5571
-9947
-5835
-9883
-6123
-9971
-6331
-9915
-6515
-9963
-6747
-9923
-7043
-9899
-7235
-9883
-7515
-9867
-7819
-9979
-8059
-9883
-8195
-9907
-8467
-9899
-8715
-9971
-9003
-9891
-9251
-9995
-9451
-9987
-9659
-9971
-9875
-9939
-10139
-9971
-10459
-9971
-10635
-9971
-10955
-9907
-11075
-9899
-11355
-9955
-11611
-9987
-11835
-9971
-12083
-9963
-12315
-9915
-12635
-9907
-12875
-9987
-13035
-9899
-13347
-9891
-13547
-9907
-13755
-9995
-14075
-9955
-14283
-9971
-14507
-9907
-14787
-9971
-14915
-9875
-15179
-9979
-15475
-9923
-15739
-9883
-15939
-9971
-16235
-9939
-16451
-9939
-16635
-9955
-16883
-9923
-17131
-9979
-17419
-9955
-17587
-9947
-17787
-9971
-18059
-9939
-18275
-9915
-18603
-9923
-18875
-10235
101
-10227
-147
-10195
-307
-10195
-515
-10219
-859
-10235
-1011
-10139
-1251
-10163
-1483
-10219
-1811
-10235
-1987
-10219
-2307
-10187
-2435
-10179
-2779
-10131
-2995
-10195
-3251
-10171
-3459
-10163
-3667
-10235
-3907
-10195
-4163
-10211
-4443
-10179
-4707
-10235
-4907
-10195
-5155
-10235
-5323
-10155
-5555
-10235
-5795
-10163
-6147
-10187
-6283
-10163
-6603
-10227
-6779
-10131
-7019
-10227
-7259
-10171
-7595
-10203
-7803
-10131
-8035
-10219
-8299
-10235
-8507
-10235
-8795
-10187
-8947
-10235
-9251
-10171
-9403
-10131
-9651
-10219
-9939
-10115
-10227
-10131
-10387
-10195
-10667
-10203
-10835
-10123
-11171
-10211
-11411
-10163
-11563
-10203
-11907
-10139
-12091
-10235
-12363
-10171
-12603
-10235
-12811
-10107
-13027
-10155
-13291
-10179
-13483
-10219
-13755
-10163
-14035
-10187
-14275
-10155
-14507
-10139
-14755
-10195
-14931
-10203
-15187
-10187
-15443
-10195
-15643
-10123
-15907
-10123
-16203
-10203
-16427
-10211
-16715
-10155
-16827
-10235
-17139
-10203
-17307
-10115
-17555
-10139
-17827
-10163
-18147
-10195
-18283
-10227
-18531
-10107
-18867
-10419
133
-10467
-155
-10411
-371
-10475
-611
-10451
-771
-10451
-995
-10475
-1267
-10427
-1595
-10451
-1763
-10475
-1979
-10467
-2187
-10475
-2491
-10443
-2787
-10435
-2963
-10467
-3275
-10419
-3475
-10427
-3699
-10443
-3891
-10459
-4131
-10459
-4459
-10443
-4659
-10435
-4827
-10427
-5067
-10467
-5379
-10475
-5643
-10475
-5859
-10427
-6035
-10467
-6299
-10427
-6603
-10427
-6755
-10411
-7035
-10467
-7331
-10435
-7475
-10435
-7795
-10435
-8003
-10451
-8315
-10459
-8467
-10419
-8675
-10475
-9027
-10451
-9163
-10435
-9451
-10475
-9699
-10451
-9899
-10451
-10107
-10419
-10443
-10411
-10715
-10467
-10851
-10451
-11147
-10443
-11411
-10419
-11675
-10427
-11843
-10435
-12067
-10411
-12275
-10435
-12595
-10419
-12819
-10467
-13067
-10443
-13227
-10435
-13499
-10467
-13747
-10467
-13995
-10435
-14203
-10427
-14523
-10451
-14795
-10467
-14907
-10467
-15187
-10411
-15467
-10427
-15643
-10419
-15963
-10427
-16131
-10451
-16467
-10411
-16659
-10443
-16915
-10459
-17099
-10459
-17307
-10419
-17619
-10459
-17835
-10451
-18091
-10467
-18307
-10411
-18619
-10467
-18819
