109
480
145
-119
128
-319
233
-605
124
-767
540
-1019
173
-1215
241
-1529
498
-1749
149
-1966
220
-2171
139
-2489
269
-2739
315
-2955
579
-3161
161
-3433
369
-3645
183
-3947
151
-4225
145
-4401
483
-4683
109
-4871
117
-5175
85
-5423
101
-5571
85
-5819
149
-6103
85
-6307
85
-6547
85
-6751
117
-7083
101
-7203
125
-7519
85
-7723
125
-8035
117
-8179
85
-8423
125
-8683
109
-8947
93
-9143
117
-9411
149
-9707
109
-9939
125
-10171
101
-10459
101
-10691
85
-10915
117
-11171
93
-11387
125
-11563
141
-11899
93
-12107
141
-12379
109
-12611
133
-12771
125
-12995
133
-13347
85
-13491
125
-13771
133
-14075
93
-14235
117
-14539
85
-14675
85
-14963
133
-15211
117
-15387
85
-15667
141
-15923
101
-16203
93
-16411
117
-16643
125
-16835
117
-17195
125
-17371
117
-17611
85
-17867
85
-18083
149
-18331
117
-18547
141
-18851
-115
845
-121
-102
-110
-357
-72
-538
-90
-817
-112
-989
-98
-1275
-64
-1465
-25
-1822
-54
-1958
-122
-2253
-137
-2451
-67
-2671
-9
-3007
-5
-3227
-107
-3455
-147
-3683
-87
-3921
-71
-4119
-135
-4375
-111
-4673
-111
-4859
-79
-5123
-7
-5319
-135
-5651
-139
-5835
-15
-6095
-23
-6395
-63
-6543
-119
-6843
-47
-7039
-123
-7331
-83
-7591
-19
-7751
-115
-8023
-63
-8299
-71
-8463
-135
-8715
-119
-8991
-79
-9131
-47
-9439
-35
-9667
-75
-9923
-147
-10115
-123
-10451
-51
-10627
-123
-10955
-99
-11139
-139
-11427
-131
-11603
-35
-11843
-83
-12147
-147
-12387
-51
-12619
-139
-12771
-115
-13051
-67
-13347
-139
-13475
-107
-13803
-67
-14035
-123
-14283
-139
-14523
-99
-14795
-51
-14955
-83
-15203
-59
-15475
-131
-15651
-99
-15987
-123
-16187
-75
-16395
-147
-16611
-83
-16827
-147
-17139
-131
-17307
-139
-17595
-147
-17795
-131
-18099
-115
-18283
-131
-18603
-51
-18827
-367
1313
-263
-36
-301
-270
-345
-497
-262
-850
-297
-1049
-359
-1265
-367
-1491
-265
-1723
-378
-1931
-275
-2303
-319
-2443
-313
-2767
-343
-2923
-289
-3173
-293
-3459
-351
-3647
-355
-3857
-313
-4099
-363
-4309
-361
-4569
-379
-4851
-347
-5091
-343
-5419
-359
-5567
-355
-5843
-307
-6127
-299
-6251
-339
-6547
-267
-6799
-315
-6983
-331
-7323
-299
-7479
-367
-7679
-375
-7951
-363
-8251
-315
-8527
-387
-8755
-363
-8919
-363
-9159
-343
-9387
-291
-9731
-347
-9923
-355
-10107
-299
-10347
-395
-10707
-395
-10835
-315
-11195
-275
-11331
-307
-11555
-307
-11851
-339
-12099
-339
-12395
-275
-12635
-323
-12875
-347
-13067
-339
-13259
-355
-13563
-363
-13755
-323
-13971
-355
-14243
-395
-14555
-331
-14787
-355
-15003
-307
-15203
-331
-15451
-339
-15731
-275
-15931
-379
-16187
-283
-16371
-331
-16667
-371
-16827
-347
-17131
-395
-17331
-355
-17587
-307
-17827
-379
-18075
-387
-18363
-355
-18531
-355
-18875
-603
266
-548
-107
-535
-329
-529
-530
-511
-833
-602
-1061
-614
-1241
-517
-1566
-588
-1791
-572
-2048
-513
-2171
-563
-2545
-531
-2659
-495
-2887
-551
-3213
-541
-3431
-619
-3707
-549
-3939
-491
-4115
-605
-4399
-581
-4613
-619
-4835
-575
-5111
-539
-5411
-591
-5543
-567
-5839
-611
-6143
-547
-6339
-535
-6567
-579
-6739
-547
-7039
-623
-7335
-551
-7475
-527
-7727
-619
-8047
-615
-8299
-559
-8487
-551
-8739
-619
-9015
-603
-9251
-535
-9419
-627
-9747
-587
-9979
-611
-10203
-547
-10459
-547
-10683
-611
-10891
-635
-11123
-579
-11419
-587
-11579
-515
-11819
-627
-12059
-627
-12395
-579
-12619
-515
-12779
-523
-13059
-595
-13267
-611
-13475
-579
-13747
-531
-14051
-515
-14275
-547
-14451
-531
-14739
-579
-14915
-579
-15195
-627
-15443
-515
-15707
-635
-15947
-507
-16235
-587
-16395
-595
-16603
-531
-16851
-539
-17179
-619
-17315
-619
-17555
-539
-17811
-619
-18139
-603
-18331
-611
-18595
-603
-18859
-855
617
-851
-71
-837
-365
-759
-571
-831
-726
-829
-979
-742
-1252
-829
-1512
-823
-1787
-779
-1928
-813
-2238
-849
-2507
-737
-2775
-857
-2901
-791
-3215
-835
-3385
-751
-3617
-841
-3949
-849
-4117
-859
-4403
-751
-4623
-763
-4923
-855
-5115
-859
-5303
-775
-5631
-783
-5815
-767
-6079
-863
-6307
-867
-6515
-787
-6799
-763
-7063
-807
-7235
-755
-7587
-819
-7783
-755
-7995
-851
-8223
-727
-8539
-867
-8647
-751
-8975
-767
-9179
-851
-9443
-779
-9723
-867
-9955
-787
-10187
-811
-10451
-795
-10667
-787
-10859
-819
-11139
-803
-11387
-843
-11619
-827
-11907
-851
-12027
-851
-12387
-827
-12627
-803
-12787
-835
-13051
-875
-13307
-795
-13483
-851
-13803
-827
-13955
-803
-14211
-803
-14499
-835
-14747
-787
-14907
-859
-15243
-771
-15467
-867
-15691
-835
-15955
-859
-16155
-755
-16419
-835
-16651
-819
-16931
-875
-17083
-827
-17379
-747
-17611
-835
-17827
-867
-18115
-851
-18395
-859
-18563
-843
-18827
-1059
1814
-986
-62
-1030
-334
-1092
-490
-1054
-795
-1106
-1021
-1047
-1250
-967
-1543
-1021
-1803
-1067
-1970
-1005
-2290
-1073
-2507
-1063
-2719
-991
-2963
-1069
-3239
-1083
-3451
-1043
-3711
-997
-3941
-1069
-4155
-1043
-4403
-1101
-4691
-975
-4923
-999
-5059
-1107
-5391
-1043
-5559
-1003
-5827
-1027
-6079
-1039
-6307
-1075
-6559
-1011
-6851
-1059
-7051
-1099
-7315
-991
-7515
-1059
-7775
-1039
-7951
-1079
-8215
-1095
-8427
-1023
-8707
-995
-9023
-1035
-9251
-1023
-9427
-1059
-9699
-1011
-9915
-1003
-10163
-1083
-10347
-1091
-10715
-1051
-10883
-1043
-11115
-1043
-11387
-1003
-11547
-1019
-11811
-1035
-12051
-995
-12355
-1027
-12523
-995
-12771
-1107
-13011
-1011
-13267
-1067
-13515
-1027
-13723
-1059
-14027
-1099
-14211
-1083
-14499
-995
-14699
-1091
-14979
-1051
-15163
-1011
-15475
-1011
-15739
-1091
-15931
-1075
-16227
-1011
-16355
-1107
-16699
-1107
-16891
-987
-17091
-1051
-17339
-995
-17563
-1075
-17819
-1075
-18147
-1091
-18275
-1059
-18635
-1027
-18843
-1331
1143
-1247
-43
-1265
-349
-1218
-576
-1238
-767
-1241
-1045
-1246
-1337
-1339
-1481
-1333
-1786
-1271
-2013
-1263
-2263
-1225
-2521
-1221
-2689
-1237
-3001
-1309
-3123
-1335
-3495
-1279
-3697
-1319
-3945
-1341
-4099
-1237
-4399
-1287
-4623
-1247
-4847
-1315
-5079
-1263
-5383
-1291
-5659
-1223
-5875
-1351
-6087
-1251
-6271
-1267
-6575
-1255
-6799
-1323
-6995
-1331
-7267
-1275
-7579
-1319
-7763
-1327
-8027
-1295
-8247
-1287
-8531
-1223
-8715
-1315
-8879
-1327
-9219
-1299
-9443
-1339
-9699
-1227
-9979
-1323
-10107
-1323
-10371
-1331
-10603
-1355
-10939
-1243
-11099
-1315
-11371
-1283
-11635
-1267
-11907
-1235
-12035
-1283
-12307
-1307
-12571
-1251
-12819
-1315
-12995
-1315
-13331
-1355
-13555
-1315
-13795
-1283
-13987
-1339
-14283
-1315
-14539
-1355
-14675
-1299
-14963
-1235
-15179
-1251
-15387
-1323
-15723
-1283
-15931
-1283
-16115
-1347
-16443
-1339
-16683
-1235
-16875
-1315
-17075
-1235
-17363
-1291
-17571
-1347
-17899
-1339
-18139
-1355
-18323
-1299
-18531
-1307
-18875
-1579
275
-1491
-25
-1453
-313
-1569
-541
-1561
-821
-1579
-1081
-1481
-1225
-1537
-1551
-1447
-1689
-1467
-1951
-1523
-2239
-1561
-2463
-1503
-2743
-1569
-2927
-1555
-3231
-1563
-3439
-1455
-3637
-1519
-3871
-1559
-4091
-1567
-4347
-1563
-4681
-1579
-4879
-1587
-5143
-1527
-5407
-1487
-5563
-1483
-5879
-1559
-6011
-1451
-6299
-1543
-6627
-1563
-6787
-1447
-7071
-1507
-7207
-1515
-7503
-1535
-7827
-1567
-8039
-1503
-8195
-1511
-8455
-1531
-8759
-1571
-8923
-1579
-9127
-1507
-9483
-1491
-9667
-1555
-9995
-1555
-10179
-1595
-10467
-1587
-10587
-1587
-10851
-1491
-11163
-1595
-11403
-1475
-11659
-1467
-11907
-1475
-12107
-1539
-12371
-1507
-12515
-1547
-12875
-1467
-13051
-1523
-13267
-1555
-13499
-1571
-13723
-1587
-14027
-1571
-14251
-1555
-14547
-1579
-14787
-1579
-14987
-1547
-15243
-1563
-15403
-1523
-15683
-1563
-15923
-1515
-16211
-1507
-16459
-1491
-16603
-1579
-16875
-1595
-17195
-1587
-17395
-1523
-17587
-1483
-17827
-1547
-18083
-1579
-18307
-1595
-18563
-1475
-18835
-1795
1263
-1815
-41
-1765
-385
-1743
-571
-1793
-751
-1797
-1025
-1691
-1217
-1717
-1565
-1775
-1695
-1807
-2033
-1771
-2267
-1765
-2467
-1695
-2693
-1733
-2945
-1781
-3143
-1735
-3365
-1685
-3679
-1751
-3935
-1697
-4139
-1799
-4343
-1793
-4687
-1823
-4883
-1791
-5119
-1763
-5311
-1791
-5639
-1719
-5779
-1811
-6139
-1771
-6347
-1823
-6499
-1803
-6811
-1815
-7067
-1739
-7291
-1731
-7571
-1823
-7771
-1723
-8055
-1799
-8187
-1819
-8499
-1763
-8691
-1783
-9007
-1783
-9231
-1743
-9447
-1763
-9659
-1811
-9947
-1787
-10171
-1715
-10403
-1747
-10667
-1803
-10859
-1835
-11131
-1779
-11435
-1779
-11587
-1763
-11907
-1755
-12115
-1811
-12299
-1723
-12611
-1819
-12843
-1763
-13067
-1827
-13355
-1827
-13571
-1755
-13715
-1723
-13971
-1763
-14243
-1827
-14523
-1731
-14787
-1779
-15011
-1707
-15243
-1827
-15387
-1739
-15755
-1763
-15867
-1827
-16155
-1779
-16379
-1827
-16715
-1819
-16851
-1811
-17107
-1747
-17395
-1779
-17547
-1739
-17867
-1755
-18123
-1827
-18387
-1779
-18539
-1707
-18827
-1991
1517
-1999
-15
-1981
-273
-1995
-585
-2061
-787
-1967
-975
-2063
-1295
-2015
-1555
-1971
-1699
-2001
-1939
-2037
-2179
-1967
-2539
-2037
-2641
-1963
-2985
-2045
-3263
-1987
-3367
-2007
-3649
-2003
-3983
-1993
-4133
-2013
-4411
-2051
-4691
-2007
-4843
-1931
-5183
-1995
-5279
-2003
-5547
-1991
-5843
-2003
-6015
-2019
-6347
-1987
-6563
-2039
-6831
-1995
-7051
-2031
-7311
-1955
-7479
-1939
-7799
-1971
-7995
-1939
-8191
-1995
-8551
-1915
-8699
-2059
-8971
-1943
-9203
-2039
-9395
-2019
-9651
-2051
-9939
-2067
-10155
-2003
-10371
-2043
-10635
-2075
-10947
-2035
-11163
-2067
-11387
-2075
-11643
-1979
-11899
-2059
-12099
-2043
-12339
-2059
-12507
-2027
-12835
-1955
-13107
-1955
-13235
-1987
-13539
-2051
-13747
-2051
-14003
-2059
-14219
-2019
-14491
-2035
-14795
-2059
-14971
-1979
-15211
-2051
-15419
-2011
-15715
-1963
-15963
-2075
-16163
-2075
-16387
-2003
-16707
-2003
-16955
-2075
-17075
-2075
-17411
-2019
-17635
-1987
-17811
-1971
-18131
-1971
-18339
-2019
-18555
-2003
-18859
-2251
143
-2289
-19
-2291
-283
-2183
-579
-2303
-729
-2261
-1051
-2209
-1273
-2287
-1553
-2235
-1699
-2243
-1987
-2271
-2295
-2245
-2507
-2251
-2765
-2227
-2871
-2271
-3199
-2261
-3503
-2299
-3685
-2233
-3901
-2287
-4133
-2253
-4337
-2239
-4591
-2195
-4911
-2255
-5091
-2199
-5391
-2239
-5587
-2255
-5823
-2251
-6011
-2283
-6355
-2267
-6499
-2275
-6743
-2259
-7003
-2283
-7319
-2267
-7535
-2187
-7727
-2219
-7987
-2243
-8255
-2263
-8419
-2291
-8751
-2311
-8923
-2287
-9171
-2283
-9475
-2211
-9715
-2315
-9955
-2315
-10211
-2235
-10475
-2307
-10627
-2307
-10931
-2251
-11155
-2211
-11379
-2307
-11563
-2275
-11875
-2219
-12091
-2219
-12371
-2187
-12531
-2219
-12803
-2315
-13107
-2283
-13259
-2291
-13587
-2211
-13787
-2291
-13963
-2227
-14299
-2251
-14523
-2259
-14763
-2243
-14907
-2227
-15163
-2211
-15507
-2243
-15683
-2267
-15979
-2227
-16203
-2211
-16355
-2243
-16611
-2307
-16915
-2299
-17115
-2283
-17419
-2315
-17563
-2275
-17819
-2291
-18107
-2243
-18355
-2219
-18515
-2219
-18867
-2551
163
-2525
-109
-2499
-283
-2505
-573
-2511
-749
-2527
-961
-2535
-1253
-2523
-1499
-2475
-1767
-2405
-1927
-2447
-2165
-2489
-2521
-2529
-2693
-2553
-2961
-2535
-3203
-2427
-3465
-2493
-3729
-2447
-3947
-2547
-4121
-2467
-4375
-2469
-4629
-2483
-4907
-2455
-5147
-2447
-5351
-2467
-5627
-2523
-5907
-2475
-6147
-2531
-6363
-2443
-6579
-2499
-6779
-2519
-7099
-2467
-7299
-2511
-7503
-2471
-7707
-2515
-7919
-2451
-8283
-2419
-8411
-2499
-8771
-2439
-8967
-2439
-9163
-2499
-9435
-2523
-9667
-2467
-9939
-2467
-10179
-2435
-10355
-2555
-10619
-2555
-10875
-2531
-11075
-2547
-11339
-2531
-11619
-2483
-11835
-2555
-12139
-2435
-12331
-2427
-12563
-2531
-12819
-2499
-13019
-2531
-13291
-2459
-13563
-2539
-13723
-2523
-14003
-2515
-14227
-2539
-14475
-2459
-14723
-2467
-14915
-2507
-15179
-2467
-15467
-2515
-15723
-2523
-15979
-2539
-16139
-2483
-16363
-2483
-16707
-2499
-16843
-2491
-17195
-2499
-17403
-2515
-17603
-2507
-17787
-2483
-18115
-2483
-18307
-2555
-18571
-2555
-18827
-2687
421
-2691
-83
-2687
-299
-2643
-515
-2723
-787
-2767
-1019
-2691
-1263
-2691
-1451
-2787
-1683
-2755
-1999
-2787
-2255
-2763
-2427
-2679
-2633
-2739
-2963
-2675
-3241
-2751
-3415
-2747
-3655
-2779
-3955
-2679
-4139
-2655
-4443
-2795
-4595
-2755
-4815
-2751
-5123
-2767
-5347
-2787
-5611
-2767
-5887
-2763
-6131
-2767
-6291
-2687
-6611
-2759
-6811
-2771
-7051
-2727
-7203
-2759
-7543
-2755
-7791
-2747
-8039
-2751
-8179
-2771
-8471
-2699
-8739
-2695
-8959
-2715
-9179
-2787
-9447
-2739
-9627
-2707
-9883
-2715
-10227
-2795
-10387
-2771
-10651
-2779
-10915
-2795
-11067
-2707
-11395
-2683
-11651
-2763
-11843
-2787
-12139
-2691
-12395
-2771
-12563
-2707
-12763
-2795
-13091
-2779
-13315
-2715
-13563
-2755
-13795
-2763
-14003
-2699
-14243
-2715
-14531
-2787
-14683
-2739
-14947
-2787
-15195
-2795
-15387
-2771
-15635
-2779
-15963
-2739
-16131
-2787
-16411
-2723
-16627
-2755
-16843
-2683
-17075
-2779
-17427
-2683
-17611
-2779
-17915
-2763
-18035
-2723
-18347
-2771
-18635
-2699
-18827
-2975
125
-2983
-99
-3007
-375
-2963
-559
-2939
-779
-2939
-1071
-3019
-1239
-3011
-1483
-3027
-1803
-3011
-1923
-2971
-2299
-2959
-2439
-2963
-2763
-2939
-3011
-2943
-3151
-2951
-3379
-2963
-3715
-2935
-3963
-2919
-4167
-2887
-4375
-3035
-4659
-2943
-4903
-2919
-5039
-2983
-5303
-3027
-5555
-3027
-5807
-3011
-6143
-2923
-6387
-2979
-6503
-3019
-6791
-2947
-7047
-2979
-7287
-2903
-7459
-2971
-7751
-2939
-8051
-3011
-8211
-2923
-8467
-2959
-8779
-2995
-8983
-2903
-9219
-3011
-9379
-2995
-9723
-3027
-9915
-2979
-10123
-3011
-10363
-2923
-10699
-2995
-10835
-3019
-11083
-2923
-11347
-2979
-11603
-2971
-11891
-2955
-12155
-2939
-12307
-2987
-12587
-2923
-12803
-2979
-13099
-2995
-13291
-2979
-13483
-3035
-13787
-2955
-13963
-2995
-14251
-2915
-14427
-2907
-14699
-2947
-14923
-2947
-15203
-3027
-15507
-3035
-15627
-2931
-15939
-3011
-16203
-2907
-16347
-2947
-16659
-2979
-16875
-3019
-17179
-2931
-17411
-2979
-17643
-3011
-17795
-3011
-18131
-3027
-18315
-2931
-18603
-2987
-18835
-3239
109
-3171
-99
-3255
-335
-3219
-595
-3207
-715
-3139
-1043
-3235
-1231
-3155
-1523
-3219
-1755
-3255
-2011
-3131
-2175
-3243
-2487
-3187
-2719
-3187
-2975
-3243
-3219
-3235
-3455
-3211
-3723
-3247
-3911
-3227
-4115
-3231
-4367
-3159
-4643
-3235
-4819
-3243
-5047
-3191
-5291
-3227
-5563
-3183
-5911
-3155
-6027
-3195
-6235
-3267
-6523
-3179
-6771
-3139
-7111
-3219
-7351
-3159
-7535
-3239
-7787
-3147
-7983
-3243
-8211
-3267
-8527
-3195
-8663
-3143
-8887
-3231
-9231
-3179
-9375
-3155
-9731
-3251
-9979
-3171
-10171
-3243
-10411
-3163
-10707
-3275
-10859
-3251
-11163
-3211
-11379
-3243
-11563
-3235
-11883
-3251
-12051
-3235
-12315
-3211
-12547
-3187
-12811
-3275
-13035
-3227
-13299
-3251
-13571
-3227
-13715
-3171
-14011
-3147
-14299
-3259
-14443
-3203
-14747
-3163
-15035
-3155
-15251
-3179
-15475
-3203
-15635
-3235
-15987
-3235
-16195
-3203
-16403
-3147
-16627
-3219
-16867
-3243
-17115
-3163
-17315
-3195
-17635
-3235
-17827
-3251
-18155
-3259
-18307
-3195
-18539
-3171
-18835
-3475
149
-3499
-51
-3507
-315
-3471
-607
-3459
-727
-3427
-1075
-3491
-1319
-3423
-1595
-3475
-1771
-3371
-2007
-3471
-2207
-3507
-2503
-3495
-2683
-3423
-2987
-3479
-3171
-3483
-3483
-3387
-3659
-3403
-3883
-3419
-4179
-3479
-4347
-3455
-4707
-3459
-4923
-3491
-5043
-3447
-5283
-3407
-5575
-3471
-5863
-3383
-6091
-3419
-6355
-3491
-6603
-3495
-6799
-3431
-6967
-3475
-7335
-3471
-7455
-3487
-7675
-3443
-7915
-3479
-8303
-3515
-8415
-3487
-8715
-3499
-8963
-3499
-9219
-3495
-9391
-3467
-9723
-3443
-9899
-3491
-10123
-3427
-10395
-3451
-10707
-3451
-10827
-3403
-11179
-3475
-11323
-3475
-11571
-3491
-11851
-3395
-12075
-3411
-12307
-3411
-12627
-3499
-12811
-3419
-12987
-3435
-13355
-3499
-13467
-3475
-13835
-3507
-14059
-3491
-14243
-3491
-14483
-3467
-14715
-3483
-14931
-3499
-15243
-3475
-15491
-3491
-15755
-3475
-15963
-3483
-16115
-3491
-16347
-3435
-16619
-3467
-16899
-3491
-17083
-3411
-17347
-3475
-17659
-3459
-17803
-3443
-18027
-3435
-18347
-3427
-18531
-3435
-18827
-3647
133
-3655
-23
-3643
-291
-3679
-547
-3607
-839
-3731
-991
-3711
-1251
-3719
-1547
-3735
-1803
-3683
-2011
-3687
-2255
-3683
-2459
-3643
-2715
-3679
-3035
-3747
-3179
-3719
-3479
-3659
-3619
-3715
-3847
-3727
-4199
-3715
-4375
-3635
-4587
-3739
-4823
-3739
-5163
-3603
-5379
-3711
-5607
-3707
-5875
-3723
-6119
-3755
-6343
-3651
-6539
-3671
-6747
-3715
-7083
-3603
-7247
-3619
-7535
-3631
-7791
-3671
-8071
-3679
-8183
-3667
-8423
-3631
-8779
-3667
-8919
-3639
-9243
-3755
-9415
-3707
-9675
-3731
-9939
-3715
-10187
-3699
-10459
-3747
-10659
-3699
-10955
-3643
-11171
-3691
-11379
-3755
-11651
-3635
-11859
-3699
-12107
-3723
-12307
-3643
-12587
-3723
-12803
-3691
-13107
-3651
-13291
-3675
-13523
-3747
-13755
-3755
-14043
-3723
-14211
-3651
-14555
-3739
-14731
-3659
-14971
-3635
-15211
-3731
-15475
-3747
-15675
-3675
-15923
-3667
-16227
-3747
-16355
-3723
-16699
-3755
-16859
-3747
-17099
-3707
-17371
-3643
-17675
-3651
-17899
-3651
-18027
-3699
-18355
-3731
-18587
-3723
-18835
-3923
125
-3991
-7
-3971
-339
-3907
-551
-3947
-795
-3875
-955
-3875
-1275
-3967
-1555
-3967
-1767
-3983
-2059
-3919
-2311
-3951
-2431
-3971
-2771
-3983
-2991
-3955
-3171
-3951
-3435
-3879
-3683
-3935
-3891
-3907
-4187
-3939
-4355
-3939
-4583
-3939
-4935
-3963
-5167
-3947
-5375
-3863
-5643
-3875
-5875
-3935
-6115
-3883
-6299
-3923
-6615
-3943
-6747
-3935
-7059
-3987
-7323
-3955
-7495
-3927
-7807
-3887
-7935
-3875
-8251
-3951
-8419
-3911
-8647
-3939
-8987
-3855
-9127
-3967
-9451
-3995
-9715
-3867
-9947
-3979
-10131
-3947
-10355
-3867
-10587
-3875
-10891
-3883
-11075
-3979
-11395
-3883
-11579
-3955
-11915
-3899
-12107
-3923
-12323
-3987
-12523
-3875
-12843
-3995
-13099
-3947
-13307
-3971
-13467
-3979
-13715
-3987
-14035
-3923
-14219
-3923
-14523
-3979
-14723
-3987
-14915
-3955
-15275
-3947
-15403
-3899
-15627
-3963
-15979
-3923
-16179
-3947
-16411
-3923
-16699
-3867
-16915
-3907
-17131
-3987
-17379
-3947
-17667
-3987
-17883
-3955
-18147
-3875
-18323
-3947
-18531
-3899
-18835
-4143
101
-4219
-59
-4099
-367
-4139
-595
-4155
-715
-4195
-1055
-4223
-1255
-4139
-1519
-4091
-1751
-4179
-1983
-4183
-2291
-4119
-2403
-4211
-2695
-4099
-2935
-4211
-3211
-4227
-3487
-4207
-3667
-4131
-3903
-4147
-4203
-4147
-4435
-4103
-4615
-4187
-4831
-4167
-5111
-4223
-5395
-4183
-5531
-4207
-5827
-4179
-6123
-4163
-6339
-4159
-6555
-4199
-6771
-4155
-7015
-4143
-7223
-4187
-7471
-4159
-7835
-4175
-8071
-4127
-8283
-4163
-8431
-4135
-8703
-4095
-8967
-4195
-9255
-4183
-9491
-4155
-9667
-4131
-9987
-4211
-10155
-4139
-10467
-4195
-10587
-4155
-10899
-4211
-11075
-4235
-11411
-4131
-11595
-4203
-11851
-4147
-12083
-4203
-12323
-4179
-12627
-4187
-12827
-4195
-13027
-4179
-13355
-4195
-13563
-4187
-13795
-4115
-14075
-4227
-14235
-4235
-14531
-4235
-14763
-4139
-14915
-4187
-15251
-4211
-15387
-4235
-15699
-4211
-15923
-4155
-16139
-4219
-16395
-4211
-16619
-4147
-16851
-4123
-17187
-4179
-17411
-4115
-17563
-4155
-17915
-4211
-18107
-4187
-18395
-4147
-18587
-4163
-18875
-4339
93
-4395
-123
-4383
-359
-4447
-587
-4403
-851
-4463
-1091
-4423
-1335
-4395
-1507
-4371
-1747
-4459
-2035
-4347
-2255
-4347
-2539
-4375
-2755
-4371
-2959
-4423
-3219
-4447
-3411
-4463
-3747
-4375
-3975
-4459
-4163
-4447
-4447
-4395
-4575
-4411
-4943
-4451
-5059
-4383
-5395
-4443
-5555
-4439
-5827
-4455
-6099
-4351
-6331
-4431
-6531
-4379
-6851
-4379
-7055
-4363
-7231
-4391
-7587
-4423
-7751
-4451
-7979
-4431
-8267
-4343
-8403
-4379
-8639
-4431
-8995
-4331
-9203
-4359
-9403
-4427
-9627
-4363
-9931
-4459
-10163
-4419
-10451
-4435
-10699
-4467
-10915
-4475
-11187
-4451
-11323
-4355
-11555
-4371
-11859
-4443
-12155
-4435
-12283
-4411
-12587
-4459
-12851
-4459
-13075
-4459
-13251
-4395
-13579
-4347
-13707
-4363
-14027
-4467
-14307
-4451
-14523
-4475
-14707
-4363
-14963
-4443
-15147
-4475
-15467
-4435
-15627
-4475
-15939
-4459
-16187
-4395
-16467
-4411
-16611
-4467
-16835
-4395
-17139
-4411
-17427
-4387
-17571
-4435
-17819
-4347
-18147
-4387
-18315
-4387
-18571
-4403
-18827
-4611
117
-4699
-75
-4579
-391
-4667
-551
-4703
-719
-4647
-1019
-4687
-1263
-4607
-1487
-4651
-1711
-4663
-1999
-4643
-2251
-4687
-2435
-4667
-2759
-4691
-2959
-4587
-3211
-4655
-3499
-4659
-3703
-4687
-3915
-4619
-4147
-4667
-4443
-4643
-4599
-4587
-4927
-4671
-5051
-4575
-5331
-4615
-5579
-4611
-5835
-4627
-6147
-4611
-6347
-4631
-6531
-4671
-6771
-4679
-6983
-4691
-7279
-4587
-7555
-4647
-7779
-4691
-7951
-4611
-8191
-4711
-8515
-4667
-8771
-4679
-8975
-4659
-9171
-4639
-9411
-4635
-9723
-4659
-9963
-4651
-10179
-4715
-10371
-4627
-10643
-4619
-10859
-4627
-11083
-4667
-11347
-4707
-11619
-4667
-11827
-4595
-12035
-4635
-12283
-4715
-12587
-4707
-12851
-4683
-13051
-4675
-13355
-4651
-13515
-4675
-13811
-4715
-14019
-4699
-14235
-4627
-14555
-4715
-14747
-4619
-14955
-4595
-15195
-4707
-15387
-4715
-15635
-4691
-15995
-4683
-16203
-4667
-16387
-4683
-16611
-4635
-16915
-4691
-17131
-4707
-17403
-4627
-17571
-4699
-17875
-4715
-18147
-4643
-18315
-4699
-18563
-4683
-18843
-4891
109
-4867
-43
-4843
-343
-4899
-559
-4839
-783
-4907
-1039
-4879
-1259
-4835
-1463
-4915
-1719
-4919
-2047
-4931
-2199
-4827
-2483
-4859
-2691
-4923
-2995
-4899
-3199
-4883
-3455
-4847
-3679
-4875
-3867
-4879
-4159
-4955
-4407
-4955
-4567
-4867
-4915
-4895
-5159
-4951
-5335
-4939
-5563
-4939
-5775
-4935
-6095
-4835
-6311
-4891
-6519
-4867
-6835
-4867
-7075
-4943
-7279
-4927
-7567
-4915
-7699
-4839
-8075
-4947
-8279
-4943
-8419
-4859
-8691
-4903
-8915
-4815
-9239
-4875
-9419
-4931
-9659
-4899
-9923
-4931
-10163
-4851
-10411
-4891
-10667
-4939
-10867
-4931
-11179
-4851
-11411
-4955
-11651
-4875
-11787
-4939
-12091
-4835
-12323
-4843
-12627
-4939
-12835
-4883
-13059
-4947
-13299
-4939
-13523
-4939
-13763
-4859
-13987
-4883
-14267
-4851
-14459
-4827
-14763
-4915
-14955
-4939
-15163
-4843
-15491
-4859
-15635
-4843
-15987
-4867
-16115
-4955
-16395
-4891
-16659
-4947
-16947
-4923
-17155
-4835
-17435
-4923
-17667
-4939
-17843
-4915
-18067
-4867
-18267
-4875
-18539
-4883
-18811
-5059
109
-5079
-127
-5071
-267
-5151
-499
-5123
-783
-5139
-1055
-5055
-1231
-5167
-1483
-5167
-1699
-5123
-2027
-5051
-2227
-5163
-2547
-5115
-2703
-5183
-2971
-5135
-3239
-5083
-3403
-5135
-3735
-5127
-3895
-5051
-4235
-5147
-4435
-5171
-4595
-5063
-4899
-5111
-5163
-5063
-5419
-5147
-5591
-5187
-5887
-5103
-6067
-5067
-6283
-5099
-6611
-5115
-6843
-5171
-7047
-5043
-7311
-5171
-7535
-5115
-7719
-5155
-8015
-5175
-8251
-5175
-8411
-5071
-8687
-5159
-8931
-5155
-9211
-5167
-9403
-5155
-9755
-5195
-9963
-5187
-10115
-5179
-10475
-5163
-10707
-5163
-10867
-5147
-11083
-5107
-11379
-5163
-11587
-5115
-11819
-5163
-12139
-5115
-12363
-5107
-12603
-5131
-12843
-5115
-13027
-5075
-13331
-5171
-13515
-5171
-13819
-5179
-14075
-5187
-14299
-5187
-14547
-5099
-14779
-5187
-14947
-5179
-15259
-5123
-15419
-5155
-15747
-5067
-15875
-5107
-16163
-5187
-16443
-5083
-16715
-5179
-16907
-5187
-17195
-5155
-17331
-5115
-17635
-5067
-17819
-5131
-18035
-5091
-18275
-5163
-18627
-5163
-18851
-5371
133
-5307
-99
-5411
-371
-5323
-499
-5363
-843
-5371
-1091
-5395
-1283
-5395
-1467
-5427
-1763
-5331
-2047
-5331
-2259
-5387
-2439
-5419
-2795
-5395
-2927
-5331
-3167
-5331
-3371
-5363
-3679
-5435
-3979
-5355
-4231
-5427
-4475
-5331
-4659
-5411
-4851
-5323
-5055
-5403
-5411
-5347
-5615
-5395
-5811
-5371
-6095
-5331
-6271
-5411
-6587
-5427
-6755
-5371
-6975
-5331
-7263
-5339
-7511
-5371
-7803
-5419
-8027
-5435
-8267
-5395
-8515
-5395
-8707
-5395
-9019
-5403
-9179
-5435
-9419
-5363
-9747
-5419
-9883
-5411
-10171
-5371
-10459
-5427
-10595
-5435
-10947
-5403
-11067
-5427
-11387
-5419
-11595
-5307
-11899
-5395
-12043
-5387
-12371
-5387
-12547
-5315
-12787
-5315
-13011
-5411
-13251
-5427
-13515
-5307
-13747
-5331
-13995
-5411
-14195
-5395
-14459
-5371
-14667
-5371
-14907
-5427
-15147
-5371
-15515
-5387
-15747
-5419
-15947
-5387
-16179
-5419
-16379
-5355
-16619
-5435
-16859
-5395
-17187
-5379
-17403
-5427
-17547
-5347
-17891
-5363
-18147
-5427
-18323
-5427
-18539
-5355
-18827
-5635
133
-5619
-51
-5635
-299
-5547
-627
-5611
-787
-5587
-1051
-5667
-1339
-5643
-1499
-5587
-1771
-5675
-2027
-5675
-2203
-5675
-2499
-5563
-2683
-5571
-2963
-5643
-3163
-5667
-3395
-5619
-3731
-5675
-3955
-5571
-4163
-5667
-4443
-5619
-4651
-5651
-4947
-5571
-5083
-5643
-5331
-5555
-5659
-5619
-5819
-5627
-6043
-5595
-6331
-5635
-6523
-5675
-6779
-5667
-7059
-5595
-7259
-5651
-7475
-5579
-7835
-5659
-8043
-5579
-8275
-5651
-8435
-5635
-8755
-5571
-8931
-5627
-9243
-5603
-9451
-5651
-9731
-5547
-9947
-5635
-10171
-5667
-10387
-5603
-10611
-5667
-10883
-5579
-11075
-5651
-11379
-5659
-11595
-5611
-11867
-5587
-12147
-5651
-12283
-5651
-12635
-5587
-12835
-5603
-13011
-5619
-13267
-5675
-13571
-5659
-13747
-5563
-14067
-5563
-14203
-5667
-14459
-5595
-14787
-5547
-14947
-5619
-15251
-5667
-15451
-5667
-15707
-5675
-15875
-5595
-16195
-5595
-16435
-5651
-16627
-5619
-16843
-5571
-17083
-5555
-17339
-5667
-17651
-5611
-17787
-5547
-18099
-5643
-18299
-5643
-18603
-5555
-18827
-5867
133
-5867
-139
-5811
-387
-5915
-555
-5891
-771
-5795
-1099
-5907
-1347
-5915
-1507
-5795
-1835
-5795
-2051
-5899
-2187
-5907
-2451
-5803
-2731
-5875
-3027
-5803
-3275
-5795
-3507
-5795
-3635
-5915
-3891
-5851
-4203
-5827
-4347
-5875
-4667
-5883
-4947
-5907
-5171
-5819
-5379
-5859
-5659
-5907
-5827
-5867
-6131
-5859
-6363
-5795
-6555
-5811
-6835
-5883
-7115
-5875
-7243
-5795
-7475
-5875
-7803
-5907
-8035
-5883
-8259
-5851
-8443
-5915
-8699
-5907
-8963
-5811
-9259
-5811
-9475
-5867
-9627
-5915
-9899
-5835
-10107
-5867
-10347
-5827
-10675
-5827
-10883
-5859
-11139
-5907
-11435
-5819
-11667
-5819
-11803
-5843
-12091
-5891
-12323
-5883
-12579
-5915
-12779
-5803
-13051
-5787
-13347
-5875
-13515
-5795
-13779
-5875
-13963
-5883
-14315
-5915
-14467
-5899
-14739
-5907
-14995
-5819
-15227
-5827
-15443
-5851
-15699
-5915
-15915
-5883
-16147
-5819
-16435
-5859
-16659
-5907
-16931
-5907
-17147
-5851
-17355
-5883
-17563
-5891
-17867
-5787
-18091
-5859
-18395
-5843
-18539
-5915
-18819
-6123
149
-6155
-59
-6051
-331
-6139
-587
-6139
-763
-6051
-1099
-6043
-1251
-6155
-1587
-6115
-1707
-6051
-1971
-6083
-2235
-6051
-2451
-6027
-2667
-6067
-2939
-6099
-3179
-6131
-3499
-6139
-3643
-6067
-3947
-6107
-4187
-6083
-4419
-6115
-4707
-6107
-4899
-6083
-5115
-6035
-5363
-6075
-5651
-6051
-5859
-6147
-6147
-6099
-6355
-6139
-6539
-6123
-6835
-6139
-7115
-6147
-7235
-6155
-7531
-6059
-7731
-6131
-8035
-6115
-8291
-6059
-8475
-6051
-8667
-6155
-8947
-6115
-9171
-6123
-9475
-6075
-9731
-6147
-9883
-6147
-10203
-6059
-10451
-6123
-10651
-6027
-10907
-6131
-11123
-6051
-11363
-6059
-11667
-6155
-11859
-6075
-12083
-6035
-12355
-6131
-12563
-6123
-12747
-6107
-13107
-6051
-13323
-6115
-13507
-6123
-13803
-6155
-14059
-6091
-14267
-6083
-14459
-6147
-14755
-6059
-14947
-6051
-15147
-6139
-15499
-6083
-15667
-6107
-15891
-6107
-16115
-6155
-16371
-6139
-16675
-6099
-16883
-6115
-17075
-6123
-17323
-6059
-17651
-6075
-17859
-6067
-18043
-6067
-18299
-6147
-18563
-6027
-18819
-6387
125
-6315
-155
-6355
-307
-6371
-627
-6339
-819
-6387
-1059
-6283
-1347
-6275
-1563
-6299
-1835
-6363
-2011
-6339
-2227
-6347
-2507
-6307
-2779
-6307
-2915
-6371
-3171
-6283
-3475
-6387
-3755
-6363
-3907
-6291
-4107
-6387
-4379
-6283
-4611
-6291
-4883
-6347
-5091
-6387
-5387
-6371
-5635
-6299
-5835
-6395
-6107
-6363
-6363
-6355
-6507
-6275
-6851
-6315
-7091
-6363
-7259
-6387
-7595
-6283
-7787
-6371
-8035
-6299
-8251
-6299
-8555
-6315
-8795
-6387
-8939
-6363
-9219
-6387
-9507
-6331
-9699
-6323
-9875
-6323
-10131
-6355
-10347
-6291
-10635
-6291
-10835
-6299
-11187
-6371
-11331
-6291
-11667
-6395
-11883
-6347
-12147
-6371
-12355
-6291
-12507
-6275
-12875
-6339
-13075
-6379
-13307
-6283
-13507
-6387
-13811
-6283
-14043
-6275
-14283
-6275
-14467
-6371
-14739
-6387
-14931
-6395
-15163
-6355
-15467
-6299
-15691
-6331
-15923
-6283
-16211
-6363
-16355
-6347
-16619
-6267
-16827
-6347
-17187
-6395
-17323
-6347
-17555
-6339
-17827
-6331
-18115
-6371
-18275
-6395
-18547
-6331
-18811
-6611
85
-6619
-35
-6587
-339
-6587
-627
-6635
-851
-6579
-1003
-6571
-1227
-6635
-1467
-6579
-1795
-6587
-2043
-6595
-2275
-6595
-2555
-6595
-2691
-6507
-2923
-6555
-3259
-6531
-3515
-6579
-3627
-6595
-3923
-6627
-4147
-6515
-4347
-6531
-4691
-6523
-4851
-6587
-5075
-6627
-5347
-6563
-5571
-6571
-5827
-6611
-6139
-6579
-6291
-6595
-6523
-6563
-6763
-6587
-7051
-6595
-7227
-6619
-7499
-6571
-7795
-6507
-8019
-6547
-8283
-6619
-8467
-6539
-8731
-6571
-8939
-6635
-9267
-6595
-9443
-6603
-9659
-6595
-9883
-6563
-10147
-6531
-10387
-6555
-10595
-6587
-10915
-6523
-11195
-6547
-11419
-6563
-11603
-6571
-11883
-6579
-12059
-6587
-12395
-6603
-12587
-6619
-12859
-6507
-13027
-6563
-13235
-6627
-13595
-6619
-13723
-6555
-14035
-6531
-14187
-6595
-14507
-6555
-14691
-6587
-14987
-6547
-15195
-6531
-15467
-6619
-15755
-6523
-15899
-6523
-16163
-6603
-16419
-6587
-16595
-6579
-16955
-6579
-17123
-6571
-17331
-6539
-17627
-6507
-17827
-6635
-18123
-6627
-18267
-6579
-18627
-6611
-18867
-6827
125
-6859
-27
-6859
-323
-6795
-571
-6819
-819
-6835
-1059
-6867
-1299
-6787
-1531
-6819
-1771
-6859
-1947
-6771
-2315
-6819
-2531
-6843
-2795
-6811
-2979
-6835
-3219
-6859
-3467
-6867
-3707
-6779
-3875
-6875
-4107
-6835
-4387
-6787
-4635
-6755
-4923
-6835
-5163
-6843
-5371
-6779
-5643
-6779
-5891
-6755
-6083
-6843
-6395
-6867
-6579
-6771
-6787
-6851
-7043
-6867
-7251
-6811
-7563
-6875
-7731
-6819
-8051
-6811
-8219
-6843
-8435
-6867
-8779
-6875
-8923
-6827
-9227
-6771
-9499
-6875
-9747
-6827
-9883
-6859
-10211
-6819
-10395
-6771
-10603
-6851
-10867
-6851
-11091
-6843
-11355
-6795
-11643
-6795
-11907
-6867
-12091
-6827
-12355
-6875
-12603
-6851
-12867
-6875
-13051
-6875
-13283
-6811
-13579
-6755
-13747
-6835
-14067
-6859
-14291
-6875
-14475
-6755
-14787
-6779
-14923
-6859
-15171
-6763
-15403
-6859
-15627
-6867
-15995
-6835
-16235
-6819
-16475
-6795
-16651
-6843
-16939
-6787
-17123
-6851
-17355
-6875
-17587
-6867
-17787
-6779
-18123
-6875
-18371
-6819
-18547
-6867
-18811
-6987
125
-7011
-67
-7091
-379
-7067
-555
-7035
-803
-7075
-1059
-7035
-1243
-7083
-1507
-7099
-1747
-7083
-1995
-7067
-2251
-7115
-2515
-7099
-2715
-7043
-2979
-7107
-3243
-7019
-3411
-7099
-3643
-7107
-3979
-7075
-4147
-7059
-4387
-7091
-4643
-7067
-4947
-7011
-5107
-6987
-5371
-7099
-5619
-7115
-5867
-7083
-6139
-7099
-6299
-7075
-6523
-7043
-6811
-6995
-7043
-7115
-7235
-7043
-7571
-7019
-7707
-7107
-8003
-7075
-8283
-7019
-8427
-7075
-8683
-7019
-9003
-7083
-9251
-7003
-9459
-7059
-9731
-7019
-9955
-7027
-10115
-7091
-10395
-7091
-10627
-7099
-10923
-7075
-11195
-7107
-11435
-7107
-11651
-7099
-11795
-7043
-12043
-7035
-12315
-7059
-12595
-7083
-12875
-7011
-13027
-7059
-13267
-7091
-13563
-7091
-13763
-7059
-14067
-7107
-14203
-7115
-14547
-7067
-14739
-7115
-14931
-6995
-15211
-7059
-15459
-7107
-15755
-6995
-15947
-7051
-16203
-7043
-16411
-7115
-16635
-7035
-16939
-7035
-17131
-7107
-17363
-7043
-17651
-7107
-17811
-7115
-18131
-7083
-18395
-7075
-18635
-7011
-18843
-7235
133
-7275
-75
-7251
-315
-7347
-619
-7299
-779
-7283
-1003
-7251
-1243
-7291
-1491
-7251
-1787
-7339
-2035
-7291
-2251
-7339
-2443
-7339
-2691
-7275
-2907
-7283
-3171
-7307
-3507
-7347
-3683
-7283
-3971
-7283
-4179
-7355
-4387
-7235
-4715
-7235
-4899
-7243
-5139
-7315
-5419
-7235
-5651
-7315
-5875
-7251
-6051
-7251
-6315
-7347
-6571
-7347
-6779
-7251
-7075
-7307
-7315
-7227
-7515
-7339
-7827
-7235
-8035
-7331
-8307
-7275
-8427
-7235
-8747
-7259
-9019
-7323
-9155
-7331
-9435
-7275
-9747
-7259
-9939
-7323
-10163
-7323
-10371
-7251
-10675
-7267
-10923
-7243
-11115
-7339
-11363
-7315
-11635
-7315
-11803
-7283
-12107
-7331
-12299
-7299
-12547
-7355
-12867
-7331
-13067
-7339
-13243
-7339
-13515
-7315
-13779
-7307
-13955
-7299
-14291
-7355
-14467
-7275
-14667
-7323
-14979
-7291
-15259
-7291
-15515
-7323
-15643
-7355
-15963
-7315
-16195
-7299
-16379
-7355
-16699
-7251
-16827
-7315
-17163
-7347
-17347
-7315
-17571
-7331
-17875
-7315
-18067
-7283
-18347
-7347
-18547
-7315
-18835
-7523
125
-7555
-83
-7539
-387
-7571
-627
-7491
-819
-7507
-987
-7563
-1307
-7515
-1579
-7483
-1811
-7555
-2035
-7571
-2203
-7475
-2507
-7587
-2675
-7595
-2947
-7483
-3171
-7571
-3515
-7587
-3715
-7587
-3963
-7587
-4147
-7515
-4411
-7579
-4643
-7563
-4947
-7483
-5123
-7547
-5395
-7491
-5547
-7507
-5907
-7595
-6067
-7571
-6323
-7595
-6579
-7539
-6803
-7539
-7035
-7491
-7315
-7579
-7579
-7563
-7787
-7555
-8075
-7531
-8203
-7579
-8475
-7571
-8699
-7515
-9027
-7571
-9195
-7507
-9515
-7595
-9635
-7539
-9995
-7491
-10147
-7547
-10419
-7539
-10651
-7499
-10955
-7499
-11195
-7483
-11411
-7475
-11595
-7563
-11907
-7555
-12035
-7531
-12275
-7531
-12627
-7467
-12859
-7595
-13027
-7507
-13299
-7539
-13523
-7531
-13723
-7547
-14035
-7523
-14267
-7563
-14491
-7595
-14707
-7515
-14915
-7563
-15227
-7531
-15499
-7555
-15683
-7563
-15931
-7491
-16195
-7523
-16379
-7571
-16691
-7563
-16939
-7515
-17179
-7555
-17307
-7515
-17643
-7523
-17843
-7483
-18115
-7539
-18307
-7507
-18563
-7483
-18827
-7795
133
-7763
-115
-7803
-283
-7835
-627
-7819
-843
-7795
-1019
-7819
-1315
-7819
-1555
-7795
-1747
-7803
-1955
-7803
-2283
-7835
-2507
-7763
-2707
-7827
-3003
-7795
-3275
-7723
-3483
-7707
-3691
-7755
-3955
-7739
-4179
-7731
-4459
-7763
-4643
-7819
-4915
-7731
-5091
-7795
-5419
-7811
-5555
-7779
-5851
-7747
-6147
-7747
-6363
-7819
-6515
-7803
-6843
-7779
-6987
-7755
-7243
-7811
-7571
-7819
-7803
-7747
-7947
-7739
-8219
-7755
-8427
-7707
-8723
-7707
-9003
-7835
-9187
-7723
-9515
-7827
-9699
-7795
-9963
-7739
-10123
-7779
-10435
-7715
-10627
-7763
-10955
-7771
-11123
-7803
-11395
-7755
-11571
-7731
-11907
-7739
-12147
-7771
-12267
-7803
-12531
-7707
-12859
-7715
-13075
-7723
-13267
-7811
-13595
-7827
-13763
-7827
-14067
-7819
-14291
-7795
-14435
-7811
-14667
-7795
-15027
-7803
-15203
-7763
-15459
-7723
-15707
-7811
-15915
-7787
-16171
-7811
-16395
-7747
-16595
-7835
-16827
-7707
-17155
-7779
-17419
-7835
-17627
-7779
-17827
-7763
-18123
-7763
-18371
-7739
-18531
-7779
-18811
-8075
133
-8059
-67
-8075
-283
-8027
-531
-7987
-811
-8051
-1075
-8027
-1243
-8067
-1547
-8075
-1811
-8035
-1955
-8011
-2291
-7963
-2435
-8059
-2707
-8051
-3003
-8019
-3235
-7971
-3411
-7995
-3683
-7987
-3939
-8035
-4203
-8019
-4419
-8019
-4659
-7955
-4939
-8043
-5107
-8059
-5315
-7955
-5611
-7987
-5803
-8051
-6035
-8043
-6347
-8027
-6635
-8043
-6811
-7995
-7059
-8011
-7283
-7963
-7507
-7995
-7731
-8075
-8043
-8067
-8219
-7979
-8475
-7995
-8787
-8051
-8987
-8075
-9227
-7963
-9467
-8067
-9643
-8051
-9899
-7955
-10131
-8035
-10403
-8003
-10619
-8075
-10939
-7955
-11155
-7987
-11347
-8043
-11563
-8051
-11859
-7971
-12043
-8059
-12315
-8059
-12563
-8075
-12795
-8075
-13011
-7995
-13275
-8059
-13467
-7995
-13827
-8051
-13995
-8059
-14299
-8075
-14459
-8043
-14787
-8059
-15011
-8051
-15155
-8027
-15507
-8051
-15747
-8011
-15955
-7963
-16227
-7979
-16427
-8067
-16691
-8059
-16843
-8075
-17187
-8051
-17347
-7971
-17619
-8011
-17827
-8051
-18043
-8067
-18347
-8035
-18603
-8027
-18843
-8235
125
-8251
-83
-8291
-363
-8299
-603
-8267
-747
-8259
-1051
-8267
-1275
-8315
-1491
-8267
-1803
-8235
-2043
-8267
-2259
-8211
-2555
-8235
-2787
-8235
-3035
-8195
-3195
-8259
-3507
-8307
-3643
-8275
-3915
-8243
-4227
-8195
-4379
-8243
-4651
-8227
-4891
-8299
-5187
-8187
-5315
-8307
-5619
-8211
-5907
-8211
-6123
-8299
-6299
-8299
-6627
-8299
-6795
-8299
-7011
-8299
-7267
-8235
-7555
-8275
-7811
-8299
-8035
-8211
-8187
-8219
-8483
-8203
-8699
-8299
-8947
-8307
-9227
-8211
-9459
-8227
-9635
-8307
-9875
-8283
-10123
-8291
-10387
-8291
-10715
-8283
-10883
-8267
-11163
-8251
-11371
-8315
-11643
-8299
-11843
-8315
-12131
-8315
-12379
-8283
-12515
-8307
-12811
-8251
-13011
-8259
-13347
-8283
-13475
-8315
-13747
-8227
-14035
-8283
-14235
-8211
-14547
-8219
-14795
-8283
-14931
-8211
-15171
-8187
-15395
-8235
-15659
-8315
-15987
-8307
-16107
-8315
-16451
-8251
-16603
-8259
-16899
-8211
-17163
-8259
-17315
-8203
-17619
-8259
-17899
-8275
-18075
-8307
-18363
-8243
-18579
-8251
-18843
-8483
117
-8507
-147
-8491
-331
-8499
-523
-8467
-875
-8515
-1107
-8523
-1331
-8555
-1467
-8539
-1787
-8507
-2019
-8499
-2235
-8499
-2427
-8539
-2667
-8427
-2915
-8491
-3275
-8555
-3507
-8531
-3723
-8507
-3963
-8515
-4131
-8539
-4411
-8555
-4667
-8523
-4955
-8499
-5139
-8515
-5355
-8547
-5627
-8515
-5803
-8507
-6091
-8483
-6347
-8539
-6595
-8507
-6803
-8523
-7083
-8539
-7259
-8491
-7523
-8523
-7803
-8475
-8011
-8547
-8195
-8555
-8467
-8475
-8715
-8547
-8979
-8499
-9179
-8491
-9411
-8531
-9635
-8547
-9995
-8555
-10155
-8451
-10387
-8507
-10675
-8547
-10867
-8531
-11171
-8523
-11323
-8467
-11579
-8547
-11883
-8483
-12155
-8499
-12323
-8507
-12555
-8459
-12835
-8531
-13027
-8459
-13267
-8531
-13507
-8539
-13707
-8531
-14075
-8451
-14307
-8467
-14459
-8515
-14715
-8499
-14987
-8531
-15211
-8459
-15515
-8555
-15699
-8459
-15899
-8467
-16155
-8531
-16379
-8483
-16603
-8491
-16891
-8555
-17163
-8539
-17315
-8475
-17555
-8531
-17827
-8475
-18083
-8499
-18347
-8507
-18547
-8435
-18859
-8771
109
-8731
-147
-8787
-387
-8795
-611
-8763
-779
-8747
-1075
-8795
-1307
-8779
-1475
-8723
-1811
-8795
-1995
-8739
-2203
-8739
-2547
-8739
-2707
-8683
-2971
-8747
-3267
-8699
-3395
-8755
-3715
-8755
-3947
-8787
-4123
-8755
-4403
-8771
-4675
-8667
-4875
-8747
-5147
-8691
-5403
-8795
-5659
-8723
-5811
-8739
-6131
-8739
-6347
-8723
-6563
-8779
-6811
-8787
-7027
-8787
-7347
-8715
-7507
-8763
-7787
-8683
-8043
-8675
-8291
-8747
-8547
-8739
-8795
-8731
-8915
-8739
-9267
-8723
-9395
-8779
-9699
-8731
-9963
-8699
-10139
-8747
-10403
-8755
-10595
-8723
-10843
-8747
-11115
-8787
-11355
-8795
-11675
-8707
-11843
-8731
-12075
-8675
-12395
-8787
-12539
-8699
-12867
-8715
-13115
-8755
-13227
-8763
-13571
-8699
-13819
-8779
-13955
-8795
-14291
-8779
-14451
-8795
-14795
-8779
-14971
-8691
-15227
-8747
-15427
-8779
-15755
-8779
-15971
-8795
-16235
-8747
-16459
-8779
-16603
-8731
-16939
-8747
-17075
-8707
-17379
-8675
-17627
-8715
-17835
-8739
-18051
-8747
-18355
-8739
-18635
-8675
-18859
-9019
125
-9019
-147
-8979
-347
-9035
-507
-8947
-819
-8947
-1035
-8923
-1291
-8963
-1523
-8939
-1811
-9035
-1995
-8947
-2259
-8915
-2451
-8995
-2683
-9019
-2963
-8979
-3187
-8979
-3403
-8947
-3667
-8987
-3947
-8923
-4115
-8979
-4467
-8995
-4683
-8947
-4939
-8963
-5091
-9035
-5419
-8971
-5555
-9003
-5883
-8915
-6147
-8963
-6283
-9035
-6587
-8971
-6851
-8971
-7011
-8979
-7315
-8987
-7483
-9003
-7803
-9019
-8027
-8987
-8267
-8995
-8507
-8979
-8795
-9035
-8979
-8907
-9235
-8971
-9499
-8923
-9747
-8931
-9955
-9011
-10107
-9011
-10435
-8995
-10643
-8987
-10827
-9003
-11083
-8947
-11387
-9019
-11563
-8987
-11851
-9035
-12091
-9019
-12363
-8931
-12539
-8923
-12755
-8987
-12987
-8995
-13227
-9035
-13539
-8923
-13795
-8987
-13995
-8971
-14219
-8915
-14483
-9019
-14675
-8995
-14971
-9027
-15259
-8915
-15475
-8907
-15707
-8963
-15867
-8947
-16171
-8987
-16451
-9035
-16659
-8939
-16851
-8955
-17195
-8995
-17363
-8939
-17635
-8915
-17875
-9035
-18067
-9027
-18307
-8923
-18515
-9011
-18867
-9179
109
-9267
-147
-9235
-275
-9275
-619
-9163
-835
-9275
-1099
-9147
-1307
-9227
-1563
-9163
-1795
-9227
-1987
-9251
-2235
-9219
-2515
-9203
-2763
-9235
-2915
-9195
-3267
-9219
-3411
-9243
-3707
-9235
-3939
-9267
-4235
-9219
-4371
-9251
-4651
-9275
-4883
-9187
-5075
-9163
-5371
-9187
-5611
-9211
-5851
-9251
-6139
-9187
-6395
-9275
-6571
-9243
-6795
-9187
-7107
-9251
-7283
-9267
-7491
-9195
-7819
-9243
-8059
-9211
-8219
-9243
-8459
-9259
-8763
-9243
-9027
-9227
-9267
-9219
-9507
-9251
-9723
-9187
-9947
-9251
-10155
-9275
-10435
-9163
-10715
-9275
-10835
-9171
-11075
-9227
-11307
-9155
-11643
-9195
-11875
-9203
-12107
-9259
-12347
-9227
-12563
-9163
-12843
-9211
-12987
-9267
-13315
-9243
-13587
-9275
-13827
-9267
-13979
-9259
-14291
-9275
-14483
-9251
-14771
-9211
-15035
-9259
-15243
-9163
-15435
-9267
-15739
-9203
-15979
-9203
-16131
-9155
-16363
-9259
-16707
-9203
-16827
-9251
-17147
-9187
-17411
-9195
-17579
-9155
-17811
-9243
-18115
-9235
-18315
-9243
-18627
-9243
-18851
-9491
149
-9499
-83
-9451
-307
-9395
-539
-9467
-803
-9499
-1091
-9491
-1267
-9491
-1547
-9499
-1747
-9475
-2051
-9435
-2235
-9507
-2451
-9403
-2747
-9411
-2995
-9507
-3243
-9419
-3395
-9467
-3707
-9491
-3979
-9491
-4235
-9403
-4355
-9411
-4643
-9499
-4843
-9507
-5131
-9411
-5387
-9451
-5595
-9435
-5891
-9411
-6075
-9411
-6395
-9483
-6555
-9427
-6835
-9419
-6987
-9403
-7355
-9483
-7491
-9475
-7835
-9411
-8011
-9475
-8299
-9435
-8467
-9443
-8723
-9475
-9011
-9507
-9171
-9475
-9475
-9459
-9707
-9395
-9931
-9483
-10107
-9491
-10459
-9515
-10627
-9387
-10843
-9507
-11075
-9419
-11315
-9419
-11555
-9507
-11891
-9459
-12147
-9499
-12291
-9483
-12595
-9491
-12795
-9403
-13043
-9515
-13235
-9515
-13539
-9483
-13811
-9507
-13995
-9483
-14291
-9491
-14531
-9467
-14779
-9491
-15027
-9491
-15147
-9427
-15387
-9483
-15651
-9507
-15907
-9507
-16211
-9483
-16371
-9403
-16707
-9427
-16907
-9515
-17195
-9507
-17411
-9491
-17651
-9499
-17883
-9507
-18131
-9507
-18363
-9443
-18555
-9403
-18875
-9707
141
-9707
-139
-9755
-395
-9675
-603
-9747
-851
-9667
-987
-9723
-1251
-9643
-1547
-9683
-1771
-9755
-2067
-9707
-2243
-9707
-2523
-9715
-2715
-9715
-2939
-9683
-3219
-9747
-3395
-9715
-3731
-9699
-3899
-9651
-4115
-9651
-4419
-9747
-4603
-9739
-4907
-9699
-5131
-9739
-5403
-9755
-5643
-9659
-5787
-9699
-6083
-9635
-6267
-9707
-6523
-9755
-6819
-9707
-7075
-9723
-7291
-9739
-7483
-9723
-7795
-9651
-7979
-9755
-8283
-9707
-8435
-9699
-8683
-9755
-8995
-9731
-9195
-9691
-9515
-9683
-9723
-9715
-9923
-9731
-10203
-9691
-10411
-9651
-10715
-9691
-10923
-9651
-11171
-9699
-11387
-9643
-11595
-9731
-11819
-9627
-12147
-9715
-12355
-9739
-12611
-9755
-12867
-9699
-13083
-9635
-13267
-9707
-13571
-9739
-13811
-9675
-14035
-9755
-14275
-9699
-14531
-9651
-14683
-9715
-15011
-9747
-15243
-9755
-15499
-9723
-15683
-9731
-15923
-9699
-16171
-9707
-16371
-9715
-16611
-9715
-16931
-9691
-17067
-9643
-17411
-9747
-17659
-9659
-17859
-9707
-18107
-9747
-18315
-9683
-18507
-9667
-18827
-9907
125
-9915
-27
-9899
-267
-9963
-611
-9963
-867
-9891
-1067
-9979
-1299
-9931
-1507
-9875
-1707
-9891
-2059
-9979
-2299
-9939
-2515
-9867
-2683
-9995
-2923
-9899
-3187
-9907
-3387
-9979
-3699
-9979
-3987
-9955
-4139
-9971
-4387
-9955
-4619
-9963
-4883
-9995
-5131
-9979
-5371
-9971
-5667
-9875
-5875
-9995
-6083
-9891
-6307
-9987
-6587
-9891
-6859
-9931
-7003
-9939
-7275
-9931
-7539
-9939
-7779
-9875
-7979
-9907
-8259
-9995
-8435
-9923
-8763
-9899
-8923
-9891
-9235
-9971
-9483
-9987
-9739
-9907
-9899
-9963
-10131
-9987
-10355
-9995
-10643
-9867
-10891
-9963
-11171
-9915
-11339
-9931
-11595
-9923
-11803
-9931
-12059
-9883
-12331
-9931
-12531
-9891
-12787
-9971
-13035
-9891
-13339
-9923
-13491
-9867
-13803
-9979
-14075
-9899
-14187
-9899
-14523
-9875
-14787
-9883
-14907
-9995
-15163
-9875
-15483
-9963
-15699
-9971
-15931
-9979
-16131
-9915
-16451
-9947
-16595
-9971
-16955
-9875
-17083
-9963
-17315
-9971
-17611
-9979
-17907
-9947
-18083
-9947
-18307
-9987
-18507
-9963
-18819
-10219
149
-10123
-99
-10227
-331
-10163
-547
-10163
-779
-10227
-1091
-10171
-1251
-10219
-1595
-10155
-1819
-10107
-1963
-10163
-2259
-10163
-2459
-10219
-2787
-10171
-2907
-10179
-3251
-10195
-3443
-10147
-3643
-10131
-3971
-10219
-4203
-10179
-4355
-10235
-4587
-10163
-4827
-10179
-5147
-10187
-5427
-10227
-5627
-10227
-5835
-10107
-6131
-10235
-6291
-10147
-6635
-10219
-6851
-10235
-7035
-10115
-7283
-10203
-7491
-10123
-7739
-10155
-8059
-10235
-8195
-10131
-8539
-10163
-8787
-10227
-8939
-10107
-9179
-10195
-9459
-10139
-9691
-10171
-9995
-10179
-10171
-10195
-10427
-10211
-10659
-10187
-10923
-10187
-11179
-10219
-11387
-10211
-11675
-10227
-11803
-10235
-12059
-10171
-12275
-10195
-12539
-10179
-12843
-10235
-13035
-10227
-13347
-10179
-13587
-10163
-13755
-10211
-14027
-10123
-14211
-10163
-14531
-10219
-14699
-10195
-15027
-10139
-15235
-10195
-15427
-10131
-15635
-10211
-15971
-10179
-16171
-10131
-16459
-10163
-16683
-10219
-16835
-10123
-17091
-10219
-17435
-10203
-17571
-10171
-17827
-10195
-18051
-10147
-18339
-10139
-18611
-10115
-18859
-10451
109
-10427
-67
-10435
-347
-10451
-531
-10475
-811
-10411
-987
-10451
-1355
-10475
-1563
-10467
-1819
-10467
-2003
-10459
-2267
-10459
-2555
-10467
-2787
-10475
-2915
-10459
-3179
-10451
-3467
-10419
-3667
-10475
-3923
-10451
-4163
-10475
-4419
-10427
-4715
-10411
-4947
-10427
-5107
-10419
-5347
-10467
-5579
-10475
-5787
-10411
-6051
-10475
-6267
-10475
-6595
-10451
-6859
-10419
-7043
-10443
-7267
-10443
-7571
-10475
-7771
-10443
-7955
-10467
-8235
-10451
-8443
-10435
-8715
-10435
-8955
-10435
-9219
-10467
-9395
-10443
-9651
-10427
-9971
-10427
-10203
-10459
-10419
-10451
-10707
-10435
-10907
-10451
-11163
-10419
-11347
-10475
-11659
-10467
-11835
-10467
-12131
-10427
-12339
-10411
-12547
-10467
-12755
-10459
-12987
-10459
-13243
-10475
-13531
-10467
-13787
-10443
-14027
-10443
-14187
-10467
-14451
-10435
-14667
-10451
-14963
-10467
-15211
-10419
-15491
-10467
-15667
-10411
-15931
-10459
-16115
-10467
-16475
-10467
-16691
-10467
-16867
-10443
-17083
-10475
-17379
-10467
-17555
-10459
-17867
-10467
-18115
-10411
-18371
-10443
-18531
-10459
-18827
