112
284
316
-13
387
-295
365
-531
457
-814
159
-1087
407
-1323
309
-1457
348
-1755
188
-1975
404
-2184
159
-2479
135
-2711
177
-2951
309
-3171
243
-3451
323
-3627
339
-3891
377
-4191
167
-4367
567
-4681
85
-4843
101
-5155
133
-5363
109
-5631
133
-5879
133
-6079
93
-6355
141
-6579
85
-6791
93
-7063
101
-7279
85
-7447
117
-7799
101
-7971
85
-8279
117
-8503
85
-8711
149
-8967
85
-9179
149
-9403
93
-9635
85
-9955
101
-10179
109
-10387
85
-10643
93
-10883
125
-11155
117
-11363
101
-11635
101
-11891
117
-12091
109
-12371
117
-12595
109
-12835
93
-13067
117
-13323
149
-13595
125
-13779
101
-14027
141
-14203
133
-14451
85
-14707
101
-14931
125
-15179
149
-15387
85
-15755
125
-15995
93
-16123
149
-16435
85
-16707
93
-16851
109
-17147
109
-17403
85
-17555
117
-17899
133
-18123
149
-18283
109
-18539
93
-18827
-151
364
-104
-35
-28
-299
-107
-570
-97
-784
-48
-991
-53
-1316
-53
-1453
-75
-1785
-90
-1969
-13
-2218
-27
-2513
-85
-2753
-93
-2907
-131
-3123
-121
-3411
-95
-3663
-117
-3905
-141
-4135
-113
-4443
-123
-4643
-71
-4911
-79
-5063
-99
-5419
-139
-5631
-35
-5803
-123
-6095
-19
-6323
-139
-6591
-23
-6747
-107
-7055
-107
-7259
-139
-7519
-147
-7759
-83
-8011
-51
-8279
-59
-8419
-107
-8675
-111
-8959
-123
-9139
-139
-9499
-59
-9715
-155
-9955
-43
-10187
-155
-10435
-147
-10635
-27
-10955
-131
-11075
-123
-11379
-123
-11627
-83
-11867
-35
-12155
-115
-12347
-155
-12587
-83
-12827
-131
-13035
-131
-13243
-91
-13515
-99
-13771
-35
-13971
-147
-14235
-91
-14539
-147
-14691
-59
-14955
-67
-15235
-131
-15459
-75
-15667
-27
-15995
-139
-16179
-123
-16363
-67
-16619
-35
-16843
-59
-17067
-75
-17435
-115
-17587
-59
-17819
-139
-18107
-91
-18331
-91
-18627
-35
-18859
-343
476
-253
-53
-298
-371
-316
-540
-353
-745
-361
-979
-363
-1286
-346
-1553
-263
-1751
-370
-1913
-348
-2205
-313
-2439
-371
-2767
-313
-2939
-347
-3227
-365
-3417
-283
-3629
-349
-3877
-339
-4163
-379
-4345
-351
-4709
-339
-4855
-371
-5155
-367
-5331
-351
-5527
-295
-5795
-335
-6063
-339
-6375
-355
-6611
-335
-6783
-387
-7059
-351
-7343
-307
-7463
-379
-7835
-267
-7995
-339
-8295
-387
-8463
-271
-8711
-331
-8995
-295
-9235
-363
-9419
-387
-9675
-315
-9907
-307
-10123
-267
-10475
-387
-10691
-387
-10851
-379
-11171
-347
-11427
-323
-11611
-355
-11843
-283
-12083
-323
-12291
-379
-12579
-379
-12875
-371
-13011
-339
-13291
-355
-13499
-339
-13819
-315
-14043
-355
-14243
-395
-14523
-395
-14715
-379
-14931
-363
-15211
-315
-15459
-275
-15755
-379
-15875
-307
-16155
-347
-16411
-379
-16643
-379
-16891
-299
-17195
-323
-17419
-339
-17547
-363
-17875
-387
-18035
-331
-18307
-315
-18587
-275
-18827
-551
836
-599
-53
-586
-345
-607
-491
-618
-793
-522
-1003
-607
-1310
-565
-1457
-575
-1788
-589
-1987
-551
-2286
-515
-2523
-579
-2779
-569
-2921
-495
-3139
-553
-3473
-535
-3655
-627
-3915
-571
-4167
-475
-4385
-483
-4653
-611
-4903
-583
-5083
-611
-5347
-523
-5535
-623
-5859
-559
-6083
-515
-6267
-503
-6523
-563
-6795
-587
-6971
-515
-7219
-583
-7571
-595
-7819
-611
-7979
-535
-8199
-507
-8427
-503
-8667
-527
-8963
-591
-9159
-595
-9383
-595
-9739
-619
-9979
-547
-10219
-515
-10379
-619
-10627
-635
-10859
-611
-11123
-619
-11435
-555
-11651
-635
-11811
-627
-12131
-627
-12347
-595
-12523
-627
-12827
-611
-13059
-603
-13283
-595
-13571
-627
-13731
-531
-13995
-627
-14187
-611
-14523
-515
-14763
-627
-14923
-555
-15259
-619
-15403
-571
-15643
-563
-15939
-595
-16163
-627
-16379
-603
-16667
-635
-16835
-611
-17091
-635
-17347
-619
-17619
-515
-17875
-515
-18115
-547
-18379
-531
-18539
-539
-18811
-815
313
-848
-65
-836
-332
-863
-511
-743
-773
-821
-1009
-817
-1227
-806
-1530
-814
-1773
-834
-1912
-802
-2274
-809
-2407
-783
-2731
-813
-2993
-801
-3195
-829
-3499
-759
-3667
-783
-3883
-851
-4151
-819
-4393
-829
-4587
-807
-4839
-799
-5175
-831
-5355
-795
-5663
-799
-5847
-787
-6139
-787
-6371
-827
-6579
-827
-6779
-871
-7075
-859
-7303
-759
-7523
-831
-7835
-719
-7967
-847
-8263
-839
-8443
-791
-8731
-799
-8947
-819
-9247
-763
-9427
-835
-9675
-875
-9963
-747
-10163
-859
-10403
-827
-10683
-875
-10827
-827
-11147
-787
-11427
-859
-11651
-795
-11843
-867
-12091
-867
-12315
-867
-12627
-851
-12867
-835
-13075
-763
-13283
-787
-13563
-867
-13787
-819
-14035
-795
-14235
-747
-14451
-819
-14707
-875
-14955
-803
-15259
-843
-15443
-803
-15755
-851
-15971
-763
-16107
-867
-16443
-843
-16611
-859
-16947
-867
-17123
-859
-17315
-851
-17667
-795
-17835
-851
-18075
-859
-18347
-787
-18579
-787
-18827
-1091
1936
-1023
-110
-1011
-326
-1103
-531
-1069
-847
-1094
-998
-1078
-1298
-1070
-1587
-1021
-1781
-1060
-2031
-965
-2281
-1031
-2423
-989
-2677
-1071
-2963
-1077
-3143
-1071
-3391
-959
-3709
-1057
-3919
-975
-4213
-1051
-4373
-1079
-4623
-1047
-4883
-979
-5095
-1027
-5379
-1035
-5651
-1083
-5875
-1003
-6111
-1031
-6319
-987
-6571
-1067
-6775
-1111
-7011
-1087
-7335
-1111
-7575
-1015
-7751
-1095
-7967
-999
-8235
-1035
-8495
-1027
-8767
-1067
-8979
-1039
-9227
-1063
-9491
-987
-9739
-1075
-9907
-1115
-10107
-1115
-10347
-1059
-10611
-1051
-10851
-1107
-11091
-1115
-11395
-1027
-11603
-1043
-11899
-1083
-12155
-1027
-12347
-1115
-12571
-1051
-12875
-1083
-13067
-1115
-13323
-1107
-13555
-1091
-13835
-1059
-13971
-1091
-14203
-995
-14507
-1107
-14771
-1003
-14931
-1083
-15171
-1107
-15443
-1067
-15731
-1107
-15891
-1083
-16179
-1099
-16475
-1107
-16643
-1091
-16843
-1099
-17139
-1027
-17379
-1019
-17667
-1011
-17795
-1051
-18123
-1059
-18339
-1091
-18531
-1083
-18827
-1315
1700
-1243
-80
-1214
-332
-1297
-550
-1261
-710
-1329
-1065
-1233
-1273
-1249
-1561
-1269
-1823
-1335
-1927
-1247
-2219
-1329
-2543
-1201
-2779
-1275
-3003
-1323
-3221
-1301
-3381
-1303
-3671
-1325
-3843
-1217
-4203
-1267
-4421
-1295
-4629
-1323
-4887
-1343
-5143
-1211
-5403
-1247
-5543
-1347
-5795
-1323
-6075
-1235
-6323
-1259
-6547
-1267
-6763
-1251
-7047
-1271
-7227
-1223
-7527
-1343
-7827
-1323
-7947
-1331
-8279
-1295
-8447
-1259
-8723
-1299
-8931
-1331
-9215
-1291
-9427
-1291
-9627
-1243
-9947
-1259
-10139
-1251
-10467
-1331
-10627
-1299
-10883
-1315
-11067
-1323
-11419
-1347
-11611
-1315
-11875
-1227
-12059
-1299
-12267
-1315
-12571
-1291
-12763
-1251
-13027
-1267
-13331
-1355
-13467
-1243
-13795
-1307
-14027
-1291
-14227
-1355
-14467
-1315
-14691
-1275
-15027
-1339
-15251
-1315
-15491
-1283
-15707
-1315
-15899
-1347
-16163
-1339
-16403
-1315
-16619
-1259
-16939
-1283
-17075
-1355
-17347
-1299
-17603
-1347
-17787
-1267
-18155
-1347
-18283
-1315
-18539
-1267
-18835
-1555
415
-1551
-25
-1445
-351
-1523
-577
-1489
-735
-1531
-1099
-1583
-1307
-1443
-1527
-1457
-1757
-1499
-2011
-1511
-2233
-1525
-2427
-1511
-2711
-1577
-2949
-1489
-3261
-1509
-3439
-1531
-3715
-1505
-3875
-1571
-4191
-1441
-4357
-1559
-4699
-1527
-4907
-1515
-5055
-1519
-5355
-1567
-5555
-1555
-5843
-1531
-6095
-1523
-6283
-1551
-6503
-1567
-6791
-1443
-7107
-1555
-7223
-1535
-7475
-1579
-7767
-1559
-7987
-1531
-8187
-1479
-8507
-1595
-8787
-1535
-9019
-1551
-9255
-1595
-9379
-1507
-9715
-1595
-9987
-1587
-10187
-1507
-10459
-1507
-10659
-1595
-10843
-1515
-11083
-1555
-11427
-1579
-11595
-1587
-11827
-1571
-12067
-1579
-12267
-1587
-12539
-1523
-12779
-1467
-12995
-1595
-13315
-1515
-13507
-1547
-13835
-1507
-14043
-1539
-14219
-1595
-14555
-1579
-14787
-1587
-15003
-1483
-15179
-1491
-15387
-1523
-15683
-1579
-15891
-1539
-16179
-1491
-16475
-1499
-16667
-1539
-16939
-1523
-17171
-1563
-17315
-1595
-17651
-1547
-17859
-1467
-18131
-1547
-18275
-1515
-18579
-1587
-18811
-1759
819
-1799
-37
-1751
-243
-1767
-565
-1701
-819
-1803
-1077
-1727
-1229
-1705
-1537
-1709
-1729
-1737
-1919
-1709
-2167
-1779
-2433
-1759
-2727
-1787
-3011
-1731
-3129
-1749
-3465
-1823
-3635
-1775
-3841
-1787
-4197
-1759
-4357
-1803
-4647
-1823
-4935
-1715
-5155
-1771
-5419
-1823
-5523
-1795
-5807
-1771
-6075
-1763
-6299
-1831
-6483
-1691
-6759
-1775
-7075
-1707
-7251
-1763
-7527
-1783
-7787
-1787
-8011
-1739
-8295
-1823
-8499
-1747
-8663
-1779
-8915
-1783
-9159
-1699
-9447
-1811
-9651
-1803
-9939
-1795
-10131
-1771
-10435
-1747
-10595
-1707
-10907
-1811
-11107
-1787
-11435
-1787
-11659
-1803
-11795
-1779
-12123
-1731
-12363
-1715
-12539
-1707
-12819
-1739
-13043
-1787
-13267
-1755
-13539
-1747
-13795
-1827
-14011
-1803
-14267
-1747
-14523
-1747
-14779
-1811
-14939
-1819
-15187
-1771
-15419
-1811
-15731
-1731
-15883
-1723
-16171
-1811
-16379
-1795
-16627
-1779
-16867
-1827
-17139
-1803
-17347
-1771
-17675
-1755
-17915
-1819
-18131
-1787
-18267
-1827
-18619
-1755
-18827
-1995
1471
-2035
-15
-1919
-325
-2055
-559
-1987
-799
-1995
-1107
-2047
-1243
-1989
-1525
-2029
-1763
-1939
-2003
-2063
-2231
-1989
-2491
-1969
-2769
-1959
-2947
-2055
-3251
-2019
-3347
-2005
-3639
-2041
-3935
-2043
-4083
-1997
-4427
-2033
-4689
-2043
-4927
-2031
-5135
-2031
-5323
-2051
-5643
-2051
-5847
-1931
-6083
-2035
-6271
-1959
-6555
-1995
-6847
-2015
-7055
-2039
-7247
-2019
-7487
-2067
-7771
-2051
-8051
-2031
-8287
-1951
-8531
-2047
-8735
-2011
-8931
-1987
-9187
-1963
-9471
-1947
-9755
-2027
-9923
-2067
-10187
-2003
-10347
-2035
-10675
-1979
-10827
-2059
-11107
-2067
-11331
-2011
-11651
-1995
-11803
-2075
-12139
-2027
-12291
-1955
-12547
-1979
-12811
-1987
-13107
-1987
-13251
-1963
-13563
-2067
-13787
-2027
-13963
-2051
-14259
-2019
-14507
-2067
-14707
-2075
-15003
-2067
-15243
-2027
-15443
-2075
-15675
-1955
-15947
-1971
-16203
-2027
-16419
-2035
-16643
-1955
-16915
-2003
-17107
-2003
-17419
-2075
-17667
-2027
-17827
-2067
-18147
-1947
-18291
-2011
-18627
-1971
-18875
-2243
389
-2245
-77
-2197
-385
-2215
-521
-2235
-771
-2299
-971
-2255
-1313
-2301
-1561
-2259
-1763
-2249
-1965
-2265
-2279
-2287
-2419
-2185
-2745
-2251
-2971
-2249
-3191
-2277
-3429
-2213
-3643
-2257
-3933
-2263
-4101
-2211
-4337
-2277
-4553
-2307
-4843
-2299
-5167
-2259
-5415
-2295
-5643
-2279
-5867
-2271
-6115
-2267
-6267
-2267
-6627
-2179
-6727
-2283
-7059
-2243
-7203
-2271
-7455
-2187
-7771
-2191
-8039
-2279
-8191
-2271
-8539
-2235
-8691
-2283
-8931
-2251
-9267
-2227
-9447
-2219
-9691
-2315
-9915
-2227
-10195
-2291
-10459
-2283
-10715
-2219
-10955
-2203
-11171
-2283
-11347
-2267
-11555
-2299
-11891
-2315
-12155
-2307
-12291
-2195
-12603
-2251
-12827
-2291
-12995
-2227
-13235
-2267
-13579
-2299
-13795
-2307
-14075
-2291
-14259
-2291
-14555
-2283
-14723
-2275
-15035
-2187
-15195
-2275
-15507
-2251
-15691
-2227
-15987
-2219
-16131
-2227
-16411
-2203
-16675
-2307
-16827
-2259
-17171
-2307
-17339
-2211
-17651
-2307
-17795
-2219
-18083
-2259
-18307
-2251
-18531
-2203
-18819
-2495
377
-2479
-77
-2489
-263
-2467
-533
-2543
-795
-2469
-1075
-2515
-1235
-2469
-1525
-2479
-1727
-2421
-1923
-2487
-2189
-2447
-2447
-2537
-2679
-2509
-3027
-2423
-3155
-2447
-3391
-2515
-3713
-2423
-3863
-2411
-4097
-2445
-4387
-2419
-4599
-2547
-4931
-2479
-5167
-2503
-5407
-2467
-5563
-2479
-5803
-2459
-6155
-2499
-6283
-2463
-6615
-2435
-6855
-2435
-7047
-2487
-7215
-2459
-7539
-2459
-7815
-2519
-7927
-2543
-8251
-2471
-8527
-2519
-8723
-2535
-8991
-2487
-9163
-2491
-9499
-2539
-9707
-2523
-9987
-2515
-10179
-2539
-10371
-2523
-10651
-2523
-10867
-2531
-11123
-2451
-11403
-2451
-11667
-2539
-11843
-2547
-12155
-2515
-12387
-2547
-12619
-2459
-12787
-2515
-13019
-2515
-13259
-2491
-13483
-2491
-13755
-2467
-14011
-2515
-14243
-2539
-14483
-2523
-14667
-2547
-14907
-2523
-15211
-2451
-15427
-2531
-15739
-2435
-15891
-2467
-16179
-2547
-16403
-2499
-16683
-2539
-16843
-2555
-17179
-2459
-17307
-2507
-17571
-2555
-17907
-2499
-18091
-2523
-18387
-2555
-18531
-2483
-18851
-2735
125
-2771
-43
-2655
-363
-2751
-607
-2751
-779
-2683
-963
-2771
-1255
-2691
-1467
-2715
-1779
-2663
-1939
-2755
-2183
-2751
-2483
-2779
-2703
-2731
-2915
-2739
-3215
-2779
-3483
-2723
-3643
-2707
-3859
-2751
-4183
-2743
-4451
-2783
-4635
-2735
-4835
-2751
-5127
-2735
-5395
-2687
-5615
-2775
-5891
-2675
-6043
-2671
-6363
-2671
-6515
-2743
-6779
-2739
-7103
-2683
-7251
-2675
-7503
-2775
-7783
-2683
-7999
-2795
-8171
-2675
-8415
-2763
-8759
-2735
-8963
-2767
-9263
-2795
-9375
-2795
-9651
-2763
-9995
-2723
-10155
-2779
-10427
-2667
-10651
-2763
-10899
-2691
-11091
-2699
-11347
-2795
-11627
-2771
-11891
-2723
-12051
-2787
-12331
-2771
-12539
-2779
-12819
-2779
-13003
-2739
-13355
-2755
-13531
-2771
-13779
-2723
-14003
-2755
-14211
-2683
-14499
-2787
-14739
-2795
-14931
-2795
-15203
-2731
-15491
-2795
-15659
-2691
-15995
-2755
-16187
-2707
-16451
-2723
-16707
-2779
-16955
-2715
-17075
-2771
-17347
-2795
-17595
-2707
-17835
-2723
-18043
-2739
-18379
-2771
-18595
-2691
-18827
-2947
125
-2995
-47
-2983
-359
-2923
-555
-2915
-747
-3019
-971
-3015
-1311
-3023
-1475
-2943
-1727
-3003
-1983
-2955
-2243
-2955
-2531
-2995
-2635
-2927
-2955
-2971
-3215
-2971
-3379
-3027
-3639
-2939
-3875
-2963
-4107
-2911
-4395
-2891
-4607
-2939
-4823
-2943
-5179
-3019
-5375
-2983
-5659
-2943
-5835
-2935
-6051
-2927
-6307
-2903
-6515
-2967
-6771
-2999
-7087
-2963
-7219
-2899
-7539
-2935
-7759
-3007
-8055
-2903
-8291
-2971
-8523
-2911
-8659
-2907
-8919
-2923
-9187
-2959
-9355
-3019
-9699
-3027
-9883
-2971
-10115
-3035
-10475
-3035
-10611
-2979
-10851
-3035
-11107
-2963
-11411
-2987
-11603
-3027
-11827
-2931
-12147
-3035
-12299
-2923
-12515
-2947
-12819
-2971
-12995
-3035
-13283
-3035
-13563
-2923
-13795
-2979
-13979
-2915
-14195
-3011
-14427
-3019
-14755
-3011
-15003
-3011
-15171
-2947
-15507
-2931
-15683
-2947
-15963
-3019
-16235
-2971
-16347
-2939
-16691
-3019
-16851
-2939
-17115
-3019
-17427
-2907
-17667
-3019
-17819
-2979
-18147
-2987
-18275
-3019
-18531
-2979
-18859
-3171
149
-3227
-95
-3215
-319
-3247
-535
-3267
-811
-3219
-1075
-3251
-1335
-3231
-1467
-3171
-1811
-3207
-1955
-3259
-2251
-3239
-2435
-3171
-2671
-3235
-3015
-3263
-3175
-3179
-3363
-3247
-3655
-3199
-3951
-3231
-4219
-3199
-4391
-3187
-4595
-3195
-4835
-3131
-5055
-3255
-5371
-3171
-5523
-3147
-5835
-3239
-6147
-3207
-6311
-3275
-6519
-3243
-6799
-3159
-7091
-3243
-7255
-3191
-7571
-3203
-7723
-3199
-8039
-3235
-8283
-3223
-8435
-3135
-8695
-3199
-9015
-3195
-9123
-3127
-9491
-3155
-9731
-3147
-9923
-3163
-10195
-3195
-10475
-3187
-10691
-3251
-10915
-3235
-11107
-3219
-11411
-3211
-11587
-3259
-11843
-3187
-12067
-3155
-12307
-3195
-12627
-3235
-12787
-3267
-13091
-3243
-13291
-3267
-13563
-3155
-13787
-3251
-14035
-3155
-14275
-3259
-14443
-3267
-14707
-3235
-14971
-3163
-15235
-3219
-15515
-3147
-15731
-3147
-15971
-3211
-16115
-3267
-16379
-3251
-16603
-3259
-16955
-3251
-17195
-3275
-17371
-3203
-17571
-3171
-17915
-3219
-18099
-3259
-18307
-3259
-18571
-3187
-18819
-3491
125
-3471
-23
-3467
-271
-3483
-619
-3463
-739
-3395
-1075
-3463
-1275
-3451
-1555
-3415
-1775
-3411
-2007
-3427
-2239
-3507
-2535
-3447
-2703
-3443
-2943
-3475
-3235
-3435
-3455
-3379
-3603
-3459
-3927
-3503
-4119
-3419
-4435
-3463
-4695
-3475
-4903
-3455
-5035
-3363
-5319
-3467
-5547
-3507
-5843
-3475
-6111
-3423
-6267
-3451
-6591
-3471
-6847
-3495
-7091
-3455
-7271
-3479
-7559
-3403
-7767
-3503
-8035
-3483
-8231
-3463
-8547
-3471
-8679
-3371
-9015
-3515
-9219
-3447
-9403
-3475
-9707
-3507
-9963
-3491
-10211
-3515
-10427
-3499
-10659
-3459
-10899
-3515
-11123
-3427
-11435
-3515
-11635
-3491
-11883
-3427
-12155
-3475
-12331
-3483
-12579
-3395
-12803
-3515
-12987
-3443
-13315
-3507
-13547
-3419
-13739
-3427
-14067
-3395
-14283
-3499
-14435
-3515
-14699
-3427
-14923
-3467
-15179
-3435
-15507
-3411
-15683
-3483
-15931
-3467
-16131
-3467
-16435
-3491
-16587
-3411
-16835
-3483
-17195
-3499
-17379
-3403
-17587
-3411
-17851
-3435
-18035
-3459
-18307
-3459
-18523
-3443
-18811
-3675
93
-3659
-115
-3631
-367
-3683
-495
-3675
-815
-3663
-999
-3715
-1271
-3743
-1447
-3727
-1771
-3727
-1979
-3687
-2211
-3731
-2507
-3715
-2667
-3707
-2947
-3731
-3251
-3647
-3415
-3719
-3675
-3611
-3983
-3699
-4131
-3691
-4455
-3735
-4575
-3651
-4847
-3691
-5047
-3675
-5363
-3679
-5615
-3623
-5903
-3723
-6039
-3679
-6267
-3715
-6511
-3743
-6803
-3675
-7067
-3723
-7295
-3707
-7467
-3727
-7779
-3631
-8019
-3675
-8195
-3671
-8451
-3655
-8675
-3739
-8931
-3739
-9235
-3731
-9507
-3755
-9659
-3755
-9971
-3715
-10187
-3755
-10459
-3731
-10659
-3755
-10955
-3731
-11131
-3715
-11347
-3643
-11603
-3731
-11835
-3675
-12107
-3707
-12355
-3731
-12555
-3723
-12795
-3707
-13059
-3715
-13243
-3683
-13507
-3667
-13731
-3675
-13955
-3691
-14187
-3643
-14491
-3715
-14715
-3675
-14923
-3747
-15227
-3747
-15387
-3699
-15731
-3707
-15939
-3667
-16163
-3715
-16435
-3755
-16699
-3747
-16875
-3715
-17179
-3667
-17307
-3699
-17619
-3667
-17811
-3715
-18131
-3643
-18307
-3747
-18571
-3635
-18843
-3963
149
-3919
-99
-3959
-255
-3983
-599
-3903
-811
-3911
-1051
-3967
-1291
-3879
-1539
-3843
-1827
-3951
-1983
-3843
-2203
-3847
-2419
-3959
-2651
-3991
-2963
-3899
-3187
-3935
-3415
-3975
-3711
-3963
-3967
-3943
-4131
-3899
-4331
-3915
-4635
-3887
-4891
-3895
-5131
-3923
-5411
-3903
-5655
-3943
-5863
-3943
-6067
-3883
-6291
-3979
-6587
-3975
-6843
-3959
-7075
-3979
-7227
-3979
-7523
-3971
-7779
-3935
-7955
-3931
-8295
-3947
-8507
-3939
-8719
-3899
-9027
-3943
-9187
-3995
-9475
-3939
-9675
-3883
-9955
-3987
-10163
-3931
-10475
-3891
-10675
-3947
-10899
-3995
-11139
-3971
-11435
-3891
-11643
-3907
-11875
-3891
-12027
-3995
-12387
-3971
-12595
-3915
-12875
-3971
-13027
-3987
-13251
-3915
-13579
-3867
-13795
-3963
-14043
-3899
-14219
-3963
-14443
-3963
-14683
-3979
-14923
-3995
-15163
-3955
-15491
-3995
-15731
-3875
-15915
-3931
-16203
-3867
-16467
-3955
-16651
-3995
-16931
-3995
-17163
-3955
-17411
-3987
-17563
-3939
-17899
-3875
-18035
-3891
-18307
-3883
-18507
-3923
-18859
-4115
141
-4187
-83
-4199
-303
-4139
-599
-4199
-835
-4163
-1059
-4163
-1347
-4111
-1491
-4119
-1743
-4131
-2031
-4151
-2211
-4215
-2483
-4111
-2759
-4143
-2959
-4187
-3203
-4195
-3435
-4195
-3615
-4203
-3987
-4207
-4091
-4199
-4447
-4171
-4687
-4135
-4823
-4231
-5063
-4227
-5339
-4107
-5611
-4127
-5899
-4195
-6147
-4147
-6327
-4115
-6587
-4139
-6811
-4087
-7023
-4119
-7315
-4207
-7511
-4195
-7755
-4199
-8023
-4175
-8203
-4167
-8407
-4219
-8683
-4155
-8887
-4203
-9235
-4187
-9391
-4171
-9659
-4227
-9923
-4219
-10211
-4147
-10395
-4107
-10691
-4131
-10875
-4235
-11171
-4147
-11427
-4195
-11563
-4115
-11787
-4211
-12107
-4147
-12355
-4219
-12611
-4139
-12875
-4179
-13107
-4211
-13291
-4147
-13499
-4227
-13715
-4219
-14003
-4235
-14203
-4115
-14451
-4219
-14691
-4131
-14939
-4171
-15163
-4139
-15403
-4211
-15667
-4107
-15939
-4227
-16195
-4107
-16435
-4219
-16659
-4107
-16947
-4163
-17091
-4203
-17435
-4219
-17667
-4155
-17915
-4235
-18115
-4179
-18395
-4227
-18507
-4147
-18827
-4423
93
-4387
-51
-4443
-287
-4343
-507
-4411
-799
-4463
-959
-4355
-1255
-4451
-1519
-4419
-1799
-4419
-2011
-4327
-2255
-4459
-2547
-4447
-2763
-4451
-2935
-4427
-3215
-4339
-3463
-4411
-3743
-4403
-3979
-4351
-4191
-4395
-4443
-4423
-4683
-4331
-4827
-4419
-5115
-4463
-5403
-4383
-5643
-4371
-5791
-4363
-6035
-4379
-6291
-4427
-6615
-4435
-6783
-4443
-7103
-4387
-7307
-4359
-7563
-4419
-7807
-4407
-7971
-4451
-8263
-4331
-8423
-4415
-8691
-4371
-8907
-4467
-9247
-4371
-9455
-4411
-9651
-4355
-9963
-4475
-10139
-4427
-10403
-4419
-10627
-4347
-10859
-4451
-11171
-4427
-11419
-4467
-11579
-4379
-11899
-4467
-12067
-4411
-12379
-4387
-12531
-4379
-12755
-4475
-13099
-4411
-13251
-4403
-13507
-4347
-13811
-4467
-13995
-4443
-14283
-4427
-14507
-4435
-14779
-4419
-14987
-4355
-15235
-4395
-15483
-4475
-15707
-4443
-15931
-4443
-16187
-4475
-16435
-4443
-16699
-4387
-16827
-4387
-17075
-4451
-17427
-4427
-17579
-4475
-17899
-4387
-18059
-4467
-18275
-4475
-18635
-4419
-18827
-4683
101
-4583
-123
-4679
-331
-4655
-475
-4619
-739
-4675
-1019
-4687
-1267
-4667
-1551
-4667
-1795
-4691
-1999
-4655
-2203
-4563
-2475
-4643
-2739
-4651
-2947
-4563
-3203
-4635
-3439
-4675
-3707
-4615
-3955
-4691
-4171
-4587
-4439
-4687
-4647
-4595
-4939
-4687
-5059
-4619
-5427
-4659
-5655
-4579
-5843
-4627
-6043
-4703
-6335
-4643
-6543
-4687
-6859
-4671
-6955
-4667
-7199
-4631
-7543
-4691
-7827
-4675
-8023
-4639
-8223
-4615
-8427
-4659
-8691
-4567
-8919
-4567
-9183
-4675
-9499
-4699
-9635
-4635
-9947
-4699
-10171
-4595
-10435
-4603
-10683
-4715
-10891
-4659
-11179
-4619
-11331
-4707
-11635
-4691
-11851
-4683
-12067
-4707
-12267
-4603
-12539
-4595
-12835
-4707
-13035
-4595
-13339
-4691
-13515
-4603
-13707
-4643
-14003
-4619
-14307
-4691
-14523
-4715
-14707
-4675
-14971
-4619
-15275
-4587
-15427
-4683
-15667
-4707
-15883
-4675
-16235
-4699
-16363
-4691
-16627
-4691
-16843
-4603
-17067
-4627
-17307
-4643
-17675
-4619
-17795
-4683
-18099
-4715
-18379
-4699
-18563
-4603
-18819
-4883
109
-4915
-111
-4955
-267
-4923
-579
-4923
-763
-4839
-1063
-4915
-1247
-4867
-1503
-4871
-1767
-4907
-2059
-4891
-2303
-4899
-2519
-4927
-2683
-4883
-3011
-4831
-3167
-4831
-3487
-4875
-3743
-4879
-3983
-4799
-4175
-4935
-4431
-4919
-4587
-4927
-4935
-4907
-5167
-4875
-5395
-4811
-5623
-4887
-5891
-4831
-6027
-4895
-6311
-4871
-6515
-4899
-6819
-4935
-7071
-4891
-7339
-4803
-7491
-4891
-7815
-4875
-7943
-4887
-8215
-4887
-8507
-4799
-8791
-4887
-8891
-4835
-9211
-4879
-9499
-4955
-9739
-4867
-9923
-4955
-10219
-4955
-10467
-4955
-10611
-4939
-10827
-4931
-11083
-4915
-11363
-4947
-11603
-4931
-11891
-4843
-12067
-4947
-12347
-4923
-12587
-4867
-12819
-4939
-13083
-4947
-13307
-4939
-13515
-4915
-13739
-4939
-13987
-4907
-14195
-4883
-14475
-4955
-14715
-4931
-15003
-4923
-15259
-4843
-15411
-4843
-15635
-4923
-15947
-4947
-16139
-4883
-16475
-4923
-16659
-4867
-16843
-4883
-17155
-4907
-17427
-4923
-17635
-4835
-17851
-4939
-18083
-4827
-18379
-4867
-18523
-4947
-18827
-5163
109
-5159
-143
-5055
-275
-5175
-607
-5143
-715
-5083
-987
-5155
-1259
-5187
-1555
-5115
-1735
-5107
-2059
-5155
-2163
-5135
-2403
-5139
-2763
-5079
-2935
-5143
-3223
-5139
-3371
-5099
-3643
-5155
-3967
-5135
-4147
-5163
-4379
-5183
-4695
-5139
-4875
-5139
-5127
-5159
-5347
-5159
-5607
-5131
-5871
-5127
-6059
-5083
-6331
-5171
-6587
-5107
-6843
-5179
-7039
-5171
-7319
-5163
-7467
-5147
-7795
-5123
-8003
-5155
-8299
-5171
-8415
-5127
-8783
-5107
-8907
-5083
-9231
-5123
-9395
-5187
-9683
-5075
-9939
-5155
-10131
-5195
-10411
-5179
-10635
-5139
-10835
-5179
-11131
-5147
-11403
-5067
-11659
-5163
-11915
-5187
-12131
-5179
-12299
-5195
-12563
-5139
-12819
-5123
-13043
-5171
-13315
-5107
-13499
-5179
-13763
-5083
-14011
-5179
-14267
-5091
-14451
-5155
-14747
-5163
-15003
-5195
-15243
-5163
-15459
-5163
-15683
-5083
-15931
-5115
-16187
-5123
-16475
-5107
-16627
-5123
-16907
-5155
-17139
-5155
-17419
-5139
-17675
-5139
-17787
-5075
-18131
-5171
-18323
-5139
-18627
-5091
-18875
-5363
125
-5331
-47
-5355
-347
-5307
-587
-5371
-735
-5363
-987
-5307
-1303
-5419
-1547
-5379
-1755
-5419
-2075
-5427
-2315
-5363
-2419
-5323
-2739
-5419
-3003
-5435
-3147
-5387
-3431
-5403
-3659
-5363
-3967
-5403
-4203
-5363
-4391
-5371
-4567
-5411
-4827
-5395
-5131
-5363
-5359
-5411
-5595
-5363
-5787
-5315
-6055
-5395
-6279
-5403
-6555
-5419
-6779
-5323
-7059
-5363
-7267
-5387
-7551
-5347
-7803
-5371
-7943
-5363
-8263
-5427
-8539
-5347
-8695
-5427
-8979
-5379
-9255
-5307
-9439
-5395
-9667
-5331
-9963
-5419
-10227
-5307
-10379
-5331
-10667
-5379
-10883
-5411
-11091
-5435
-11363
-5403
-11627
-5395
-11803
-5363
-12123
-5435
-12339
-5323
-12523
-5435
-12803
-5387
-13043
-5403
-13291
-5403
-13563
-5403
-13787
-5395
-13971
-5387
-14299
-5347
-14531
-5363
-14675
-5323
-14923
-5395
-15267
-5435
-15507
-5371
-15747
-5395
-15883
-5387
-16219
-5315
-16435
-5371
-16619
-5387
-16931
-5411
-17163
-5403
-17315
-5355
-17603
-5315
-17875
-5347
-18155
-5419
-18291
-5427
-18627
-5411
-18827
-5547
93
-5643
-155
-5579
-323
-5587
-547
-5667
-867
-5643
-1099
-5571
-1347
-5667
-1467
-5619
-1819
-5635
-1971
-5555
-2195
-5635
-2515
-5547
-2779
-5611
-2955
-5571
-3155
-5667
-3459
-5619
-3627
-5611
-3899
-5651
-4139
-5627
-4419
-5587
-4595
-5675
-4907
-5579
-5147
-5579
-5419
-5619
-5571
-5643
-5795
-5555
-6043
-5603
-6331
-5619
-6507
-5675
-6811
-5571
-7011
-5675
-7243
-5659
-7515
-5603
-7723
-5667
-8011
-5563
-8235
-5635
-8427
-5667
-8795
-5635
-8915
-5603
-9195
-5667
-9443
-5571
-9739
-5571
-9979
-5627
-10123
-5659
-10467
-5563
-10667
-5587
-10867
-5611
-11139
-5667
-11315
-5563
-11579
-5667
-11795
-5619
-12051
-5667
-12331
-5643
-12539
-5571
-12851
-5627
-13107
-5659
-13259
-5627
-13587
-5659
-13787
-5675
-14003
-5627
-14243
-5555
-14499
-5627
-14699
-5643
-14979
-5651
-15155
-5587
-15403
-5667
-15739
-5675
-15883
-5603
-16171
-5579
-16443
-5675
-16691
-5563
-16923
-5595
-17147
-5651
-17387
-5675
-17547
-5675
-17899
-5635
-18083
-5603
-18355
-5563
-18515
-5555
-18843
-5907
141
-5899
-99
-5843
-395
-5907
-547
-5891
-819
-5787
-1051
-5859
-1347
-5875
-1467
-5811
-1731
-5859
-1995
-5907
-2227
-5915
-2467
-5875
-2787
-5851
-3035
-5883
-3155
-5811
-3427
-5819
-3715
-5819
-3875
-5899
-4147
-5883
-4387
-5811
-4691
-5843
-4955
-5811
-5123
-5811
-5395
-5883
-5571
-5915
-5859
-5899
-6051
-5859
-6283
-5891
-6515
-5875
-6803
-5915
-7059
-5867
-7283
-5803
-7563
-5883
-7835
-5859
-7963
-5899
-8283
-5915
-8459
-5875
-8731
-5899
-8987
-5907
-9179
-5915
-9395
-5819
-9707
-5859
-9947
-5891
-10115
-5875
-10459
-5851
-10627
-5915
-10947
-5819
-11187
-5891
-11347
-5843
-11595
-5795
-11795
-5891
-12083
-5883
-12307
-5891
-12515
-5907
-12843
-5811
-13115
-5883
-13315
-5835
-13499
-5883
-13739
-5843
-14011
-5835
-14283
-5915
-14531
-5899
-14779
-5795
-14979
-5891
-15275
-5803
-15475
-5851
-15699
-5907
-15947
-5859
-16203
-5811
-16347
-5835
-16707
-5795
-16843
-5851
-17083
-5883
-17339
-5787
-17651
-5915
-17803
-5891
-18051
-5883
-18323
-5819
-18611
-5867
-18875
-6051
117
-6123
-83
-6099
-275
-6083
-587
-6075
-779
-6075
-1027
-6099
-1355
-6075
-1595
-6067
-1731
-6115
-1979
-6147
-2291
-6027
-2547
-6147
-2755
-6083
-2971
-6115
-3227
-6043
-3443
-6115
-3731
-6067
-3979
-6131
-4139
-6051
-4419
-6139
-4619
-6155
-4827
-6131
-5131
-6067
-5395
-6027
-5595
-6115
-5851
-6091
-6115
-6115
-6307
-6131
-6595
-6115
-6803
-6131
-7099
-6035
-7291
-6075
-7539
-6067
-7811
-6155
-8011
-6091
-8259
-6155
-8459
-6139
-8779
-6147
-8955
-6051
-9235
-6139
-9435
-6139
-9747
-6083
-9971
-6139
-10187
-6147
-10443
-6099
-10707
-6059
-10835
-6075
-11067
-6155
-11339
-6155
-11555
-6051
-11851
-6155
-12147
-6043
-12267
-6147
-12531
-6155
-12851
-6067
-13051
-6027
-13243
-6027
-13515
-6115
-13819
-6123
-14067
-6035
-14235
-6123
-14531
-6147
-14699
-6083
-14995
-6107
-15267
-6123
-15395
-6107
-15755
-6107
-15923
-6139
-16147
-6147
-16427
-6147
-16707
-6035
-16867
-6067
-17179
-6115
-17323
-6075
-17651
-6155
-17907
-6083
-18155
-6083
-18307
-6099
-18627
-6131
-18867
-6323
101
-6275
-91
-6371
-291
-6371
-539
-6299
-859
-6323
-1019
-6323
-1243
-6323
-1483
-6331
-1723
-6379
-1995
-6363
-2235
-6323
-2427
-6379
-2723
-6355
-2923
-6275
-3235
-6395
-3451
-6371
-3627
-6267
-3899
-6315
-4115
-6283
-4467
-6395
-4707
-6283
-4907
-6315
-5067
-6379
-5411
-6331
-5667
-6339
-5915
-6275
-6155
-6363
-6395
-6395
-6627
-6395
-6795
-6339
-7059
-6291
-7243
-6307
-7563
-6371
-7827
-6339
-8035
-6299
-8211
-6275
-8499
-6315
-8715
-6291
-9027
-6379
-9235
-6379
-9459
-6387
-9651
-6267
-9995
-6395
-10107
-6363
-10395
-6315
-10683
-6339
-10883
-6395
-11083
-6395
-11403
-6331
-11627
-6355
-11819
-6323
-12027
-6371
-12363
-6339
-12587
-6371
-12787
-6379
-13091
-6387
-13355
-6307
-13579
-6275
-13755
-6347
-13979
-6387
-14307
-6291
-14435
-6339
-14755
-6355
-14923
-6267
-15155
-6339
-15475
-6339
-15739
-6283
-15963
-6355
-16227
-6355
-16419
-6299
-16635
-6315
-16907
-6355
-17131
-6363
-17307
-6371
-17643
-6331
-17819
-6267
-18043
-6395
-18299
-6387
-18507
-6387
-18867
-6531
141
-6619
-35
-6547
-323
-6595
-563
-6611
-787
-6539
-1107
-6635
-1331
-6571
-1579
-6571
-1771
-6579
-1955
-6611
-2243
-6587
-2427
-6611
-2683
-6547
-2963
-6603
-3203
-6619
-3451
-6635
-3739
-6595
-3947
-6611
-4107
-6531
-4363
-6571
-4707
-6563
-4867
-6555
-5187
-6595
-5419
-6603
-5627
-6579
-5883
-6603
-6043
-6595
-6355
-6563
-6539
-6627
-6763
-6507
-7011
-6547
-7227
-6579
-7555
-6531
-7811
-6531
-8075
-6587
-8307
-6635
-8435
-6547
-8739
-6547
-8923
-6587
-9275
-6627
-9443
-6579
-9739
-6539
-9923
-6539
-10123
-6507
-10435
-6619
-10587
-6531
-10955
-6603
-11107
-6603
-11347
-6627
-11587
-6507
-11907
-6571
-12123
-6627
-12395
-6603
-12571
-6619
-12867
-6563
-13059
-6611
-13299
-6531
-13587
-6555
-13835
-6587
-14059
-6555
-14299
-6531
-14531
-6587
-14779
-6611
-14915
-6595
-15259
-6539
-15403
-6563
-15675
-6611
-15971
-6563
-16187
-6571
-16411
-6595
-16667
-6635
-16843
-6555
-17083
-6627
-17427
-6635
-17603
-6635
-17787
-6595
-18155
-6635
-18355
-6587
-18611
-6547
-18819
-6755
93
-6819
-139
-6763
-387
-6851
-507
-6787
-755
-6859
-1043
-6795
-1291
-6819
-1563
-6787
-1739
-6827
-2019
-6875
-2267
-6763
-2555
-6747
-2675
-6843
-2955
-6827
-3155
-6819
-3403
-6811
-3731
-6803
-3979
-6851
-4139
-6851
-4395
-6827
-4603
-6843
-4843
-6851
-5195
-6867
-5435
-6795
-5635
-6763
-5827
-6859
-6027
-6875
-6371
-6803
-6539
-6795
-6803
-6755
-6987
-6867
-7339
-6867
-7491
-6827
-7755
-6819
-8043
-6811
-8235
-6811
-8491
-6875
-8707
-6859
-8939
-6763
-9227
-6867
-9507
-6763
-9715
-6859
-9995
-6867
-10131
-6859
-10371
-6779
-10699
-6851
-10915
-6755
-11123
-6795
-11331
-6867
-11603
-6867
-11851
-6787
-12099
-6771
-12395
-6803
-12579
-6843
-12787
-6867
-13059
-6795
-13259
-6811
-13515
-6811
-13827
-6835
-13987
-6795
-14299
-6787
-14555
-6779
-14723
-6795
-15035
-6835
-15227
-6771
-15475
-6747
-15691
-6779
-15883
-6851
-16123
-6803
-16419
-6875
-16595
-6875
-16931
-6835
-17163
-6851
-17331
-6875
-17667
-6859
-17827
-6795
-18043
-6827
-18315
-6827
-18539
-6787
-18875
-7075
93
-7115
-83
-7067
-339
-7099
-595
-7043
-819
-7043
-1035
-7115
-1251
-7043
-1507
-7043
-1819
-7091
-1987
-7075
-2275
-7067
-2435
-7091
-2691
-7067
-3035
-6987
-3243
-7075
-3459
-7107
-3723
-7099
-3883
-7027
-4187
-7075
-4427
-7091
-4635
-7051
-4907
-7011
-5107
-7067
-5315
-7067
-5555
-7091
-5899
-6995
-6099
-7003
-6267
-7067
-6571
-7099
-6835
-7099
-7099
-7043
-7291
-7035
-7491
-7043
-7723
-6987
-8019
-7075
-8195
-6995
-8435
-7067
-8667
-7027
-8963
-7091
-9187
-7043
-9459
-7091
-9723
-7059
-9867
-7107
-10203
-7091
-10363
-6987
-10651
-7107
-10899
-7003
-11075
-7107
-11315
-7107
-11555
-7075
-11803
-7067
-12155
-7099
-12387
-7067
-12587
-7059
-12795
-6995
-13083
-7043
-13323
-7115
-13555
-7011
-13747
-7059
-13947
-7059
-14291
-7107
-14483
-7083
-14731
-7059
-14979
-7083
-15155
-7107
-15507
-7059
-15667
-7011
-15883
-7067
-16235
-7019
-16475
-7083
-16595
-7019
-16875
-7067
-17187
-6995
-17355
-7035
-17619
-6995
-17819
-7083
-18083
-7019
-18291
-7067
-18563
-7099
-18811
-7331
125
-7227
-67
-7275
-379
-7275
-507
-7299
-763
-7331
-1091
-7315
-1251
-7243
-1491
-7251
-1723
-7283
-2027
-7331
-2219
-7331
-2443
-7347
-2675
-7315
-3027
-7267
-3211
-7267
-3459
-7283
-3755
-7283
-3971
-7259
-4131
-7235
-4459
-7339
-4619
-7299
-4915
-7315
-5107
-7267
-5427
-7251
-5587
-7331
-5875
-7331
-6051
-7291
-6387
-7339
-6507
-7227
-6795
-7291
-7003
-7227
-7251
-7291
-7499
-7283
-7787
-7243
-8067
-7291
-8195
-7235
-8515
-7339
-8723
-7259
-8931
-7283
-9259
-7283
-9451
-7243
-9667
-7339
-9907
-7267
-10147
-7275
-10411
-7339
-10699
-7323
-10907
-7339
-11179
-7331
-11379
-7243
-11643
-7347
-11811
-7267
-12107
-7291
-12323
-7355
-12531
-7331
-12755
-7243
-13027
-7259
-13315
-7259
-13483
-7275
-13739
-7299
-13979
-7299
-14187
-7355
-14451
-7323
-14747
-7259
-14931
-7299
-15195
-7299
-15475
-7267
-15747
-7315
-15939
-7235
-16171
-7243
-16395
-7315
-16715
-7331
-16939
-7339
-17195
-7331
-17379
-7339
-17659
-7291
-17875
-7299
-18147
-7315
-18275
-7243
-18523
-7275
-18851
-7475
109
-7499
-155
-7483
-379
-7523
-563
-7491
-835
-7491
-1019
-7587
-1347
-7579
-1475
-7531
-1827
-7475
-2075
-7571
-2219
-7483
-2499
-7467
-2731
-7555
-2979
-7571
-3163
-7571
-3475
-7491
-3747
-7467
-3987
-7507
-4211
-7475
-4435
-7475
-4595
-7483
-4939
-7491
-5155
-7531
-5419
-7491
-5651
-7523
-5891
-7531
-6099
-7587
-6283
-7555
-6555
-7483
-6747
-7491
-7107
-7579
-7275
-7587
-7539
-7475
-7787
-7523
-8067
-7563
-8235
-7587
-8475
-7499
-8731
-7571
-9027
-7555
-9267
-7555
-9467
-7555
-9755
-7515
-9891
-7491
-10179
-7467
-10475
-7587
-10611
-7467
-10835
-7475
-11171
-7531
-11435
-7507
-11635
-7507
-11835
-7539
-12099
-7587
-12371
-7579
-12619
-7555
-12755
-7555
-13019
-7507
-13227
-7595
-13491
-7531
-13715
-7499
-13955
-7555
-14283
-7579
-14523
-7547
-14747
-7499
-15011
-7475
-15187
-7531
-15419
-7571
-15643
-7595
-15971
-7523
-16131
-7555
-16379
-7579
-16691
-7595
-16851
-7499
-17123
-7483
-17307
-7491
-17563
-7595
-17851
-7547
-18115
-7483
-18363
-7515
-18531
-7563
-18827
-7731
101
-7803
-155
-7795
-363
-7707
-547
-7835
-843
-7755
-1075
-7827
-1275
-7835
-1483
-7803
-1723
-7731
-2027
-7731
-2195
-7763
-2451
-7827
-2731
-7739
-2931
-7835
-3251
-7795
-3459
-7787
-3739
-7835
-3955
-7795
-4163
-7771
-4347
-7819
-4643
-7715
-4915
-7827
-5147
-7795
-5403
-7779
-5659
-7827
-5915
-7811
-6059
-7731
-6371
-7755
-6579
-7835
-6875
-7755
-7003
-7835
-7331
-7715
-7531
-7779
-7723
-7731
-8003
-7803
-8235
-7787
-8499
-7763
-8667
-7755
-9027
-7739
-9211
-7763
-9403
-7763
-9627
-7827
-9931
-7787
-10171
-7755
-10347
-7739
-10635
-7819
-10835
-7803
-11163
-7763
-11307
-7835
-11571
-7795
-11803
-7835
-12083
-7755
-12307
-7827
-12539
-7827
-12795
-7795
-13003
-7803
-13283
-7803
-13555
-7755
-13739
-7827
-14059
-7731
-14283
-7707
-14531
-7803
-14699
-7715
-14963
-7707
-15163
-7747
-15443
-7827
-15755
-7835
-15915
-7819
-16139
-7739
-16355
-7819
-16659
-7811
-16955
-7771
-17171
-7755
-17363
-7771
-17611
-7723
-17899
-7755
-18131
-7715
-18371
-7771
-18611
-7763
-18843
-7979
93
-8011
-75
-8003
-323
-8043
-587
-7963
-875
-7955
-1075
-8019
-1331
-8027
-1587
-8043
-1787
-7963
-1947
-8059
-2187
-8011
-2499
-8051
-2779
-8035
-2955
-8059
-3195
-8051
-3475
-8003
-3755
-8019
-3987
-8035
-4139
-8035
-4387
-8051
-4635
-8067
-4883
-8051
-5131
-8075
-5411
-8067
-5571
-8019
-5819
-8067
-6139
-8043
-6347
-7963
-6587
-8075
-6763
-8067
-7051
-8019
-7259
-8019
-7507
-8003
-7723
-8043
-8035
-8059
-8235
-8059
-8515
-7947
-8771
-8075
-9027
-8067
-9243
-8059
-9411
-8019
-9627
-8019
-9891
-7947
-10227
-8019
-10403
-8011
-10603
-8027
-10899
-8011
-11091
-8011
-11411
-7963
-11651
-7995
-11787
-8043
-12043
-7987
-12347
-8067
-12619
-8043
-12803
-8035
-13003
-7987
-13235
-7987
-13467
-8067
-13779
-8059
-14067
-7963
-14243
-8059
-14459
-8011
-14691
-8043
-14915
-8059
-15187
-8011
-15427
-8075
-15755
-8059
-15867
-8059
-16131
-8051
-16363
-8035
-16643
-8067
-16875
-8059
-17187
-8075
-17355
-8035
-17563
-8003
-17819
-8051
-18083
-7955
-18315
-8051
-18523
-8019
-18827
-8187
101
-8283
-91
-8307
-267
-8243
-603
-8299
-867
-8291
-1067
-8299
-1323
-8299
-1515
-8259
-1763
-8299
-1995
-8251
-2315
-8299
-2459
-8283
-2755
-8259
-2915
-8203
-3251
-8267
-3475
-8307
-3699
-8259
-3971
-8251
-4195
-8307
-4403
-8291
-4675
-8267
-4859
-8291
-5187
-8187
-5435
-8211
-5635
-8187
-5795
-8243
-6043
-8307
-6291
-8275
-6619
-8227
-6803
-8203
-7051
-8243
-7243
-8259
-7571
-8219
-7827
-8235
-8067
-8251
-8203
-8267
-8531
-8203
-8787
-8315
-9019
-8315
-9219
-8283
-9499
-8291
-9683
-8307
-9995
-8251
-10147
-8315
-10379
-8275
-10619
-8235
-10923
-8299
-11179
-8315
-11411
-8283
-11603
-8267
-11899
-8299
-12139
-8267
-12323
-8267
-12627
-8251
-12779
-8283
-13019
-8235
-13267
-8315
-13499
-8267
-13819
-8187
-13947
-8243
-14283
-8307
-14475
-8291
-14691
-8243
-15035
-8203
-15259
-8283
-15443
-8299
-15707
-8291
-15979
-8275
-16227
-8259
-16419
-8195
-16675
-8307
-16883
-8203
-17083
-8203
-17315
-8243
-17563
-8243
-17883
-8275
-18067
-8283
-18331
-8259
-18611
-8259
-18851
-8467
101
-8435
-75
-8427
-275
-8539
-579
-8451
-835
-8459
-1107
-8539
-1299
-8547
-1467
-8539
-1731
-8467
-2003
-8451
-2243
-8547
-2475
-8443
-2699
-8491
-2931
-8547
-3259
-8427
-3491
-8435
-3643
-8443
-3995
-8523
-4219
-8451
-4467
-8523
-4635
-8491
-4835
-8547
-5171
-8499
-5315
-8491
-5579
-8547
-5787
-8515
-6099
-8523
-6339
-8459
-6555
-8555
-6795
-8531
-7115
-8459
-7251
-8547
-7539
-8475
-7707
-8547
-8035
-8515
-8275
-8555
-8483
-8523
-8707
-8515
-8979
-8547
-9275
-8507
-9387
-8459
-9683
-8427
-9971
-8523
-10115
-8507
-10443
-8539
-10587
-8443
-10947
-8531
-11115
-8555
-11355
-8523
-11635
-8547
-11811
-8475
-12131
-8499
-12387
-8451
-12563
-8459
-12747
-8467
-12987
-8531
-13235
-8555
-13507
-8475
-13779
-8539
-14043
-8427
-14227
-8539
-14499
-8499
-14787
-8539
-14963
-8483
-15243
-8547
-15499
-8427
-15723
-8547
-15995
-8515
-16147
-8523
-16347
-8539
-16707
-8443
-16883
-8547
-17115
-8499
-17363
-8467
-17667
-8547
-17899
-8547
-18059
-8475
-18371
-8499
-18595
-8491
-18851
-8699
141
-8747
-27
-8715
-331
-8715
-627
-8731
-867
-8675
-1011
-8723
-1275
-8795
-1515
-8763
-1707
-8779
-1979
-8795
-2275
-8763
-2539
-8763
-2691
-8779
-3035
-8763
-3155
-8795
-3435
-8675
-3635
-8707
-3875
-8763
-4203
-8715
-4435
-8755
-4667
-8787
-4827
-8675
-5187
-8747
-5323
-8731
-5643
-8755
-5811
-8707
-6027
-8683
-6299
-8795
-6627
-8731
-6771
-8731
-7011
-8707
-7243
-8779
-7531
-8715
-7747
-8667
-7971
-8715
-8299
-8787
-8531
-8771
-8691
-8787
-8955
-8787
-9155
-8755
-9435
-8667
-9723
-8731
-9923
-8715
-10195
-8779
-10347
-8707
-10635
-8731
-10931
-8747
-11123
-8795
-11307
-8787
-11587
-8715
-11795
-8779
-12155
-8731
-12315
-8731
-12579
-8771
-12763
-8779
-13011
-8747
-13347
-8715
-13595
-8755
-13739
-8787
-13947
-8667
-14299
-8763
-14531
-8731
-14699
-8795
-14971
-8787
-15259
-8723
-15387
-8731
-15723
-8795
-15899
-8683
-16115
-8779
-16467
-8787
-16651
-8723
-16843
-8755
-17147
-8787
-17379
-8731
-17611
-8763
-17899
-8795
-18099
-8731
-18307
-8771
-18635
-8675
-18851
-8939
117
-9011
-51
-8947
-355
-9035
-515
-8971
-779
-9035
-1035
-8987
-1355
-8947
-1523
-9027
-1835
-8995
-2035
-8947
-2275
-9011
-2435
-8947
-2771
-9019
-2955
-8971
-3179
-9027
-3403
-9011
-3691
-9019
-3875
-9035
-4235
-8963
-4347
-8963
-4667
-9011
-4915
-9019
-5131
-8931
-5379
-8995
-5547
-8995
-5795
-9035
-6099
-9027
-6339
-8915
-6587
-9035
-6835
-8971
-6995
-8995
-7331
-8955
-7499
-9003
-7827
-9003
-8059
-8987
-8299
-8971
-8539
-8947
-8683
-9019
-9003
-8995
-9155
-8907
-9459
-9011
-9627
-9027
-9899
-9027
-10203
-8963
-10459
-8987
-10675
-9035
-10851
-8987
-11195
-9003
-11403
-8907
-11667
-8955
-11827
-8987
-12099
-9011
-12379
-8915
-12603
-8923
-12779
-8955
-13099
-8939
-13251
-8923
-13587
-9035
-13771
-8987
-13987
-9035
-14307
-8995
-14491
-8939
-14731
-8979
-14947
-9027
-15171
-9035
-15491
-9027
-15659
-9019
-15979
-8923
-16115
-8979
-16451
-8915
-16691
-8995
-16827
-8939
-17139
-9011
-17387
-9019
-17619
-9035
-17787
-8939
-18067
-9003
-18291
-8971
-18555
-8907
-18851
-9227
93
-9259
-123
-9267
-395
-9259
-571
-9203
-819
-9211
-1115
-9171
-1251
-9203
-1539
-9235
-1827
-9235
-1947
-9259
-2259
-9179
-2459
-9251
-2675
-9267
-3035
-9219
-3275
-9259
-3435
-9219
-3659
-9171
-3867
-9243
-4155
-9219
-4419
-9219
-4635
-9235
-4827
-9179
-5083
-9219
-5427
-9243
-5547
-9227
-5803
-9187
-6099
-9195
-6339
-9219
-6627
-9259
-6795
-9219
-7003
-9235
-7323
-9235
-7555
-9227
-7835
-9219
-8075
-9219
-8283
-9171
-8467
-9155
-8731
-9227
-9035
-9275
-9275
-9275
-9403
-9163
-9731
-9211
-9971
-9251
-10163
-9251
-10363
-9211
-10611
-9243
-10947
-9243
-11163
-9267
-11355
-9211
-11635
-9203
-11891
-9195
-12051
-9251
-12275
-9259
-12563
-9147
-12819
-9243
-13051
-9179
-13331
-9211
-13531
-9195
-13803
-9227
-14003
-9227
-14235
-9275
-14555
-9203
-14683
-9203
-14955
-9179
-15147
-9259
-15467
-9235
-15643
-9251
-15939
-9267
-16155
-9275
-16395
-9259
-16643
-9195
-16955
-9267
-17179
-9243
-17355
-9171
-17667
-9203
-17787
-9267
-18147
-9163
-18299
-9163
-18603
-9235
-18811
-9507
125
-9403
-123
-9507
-291
-9387
-579
-9467
-851
-9459
-1059
-9459
-1243
-9499
-1595
-9515
-1731
-9483
-2051
-9499
-2259
-9419
-2499
-9451
-2779
-9507
-2979
-9467
-3251
-9507
-3443
-9483
-3643
-9467
-3987
-9387
-4211
-9443
-4467
-9435
-4635
-9507
-4843
-9411
-5107
-9411
-5419
-9467
-5571
-9507
-5883
-9467
-6091
-9507
-6275
-9411
-6563
-9427
-6851
-9507
-7003
-9427
-7251
-9427
-7555
-9515
-7747
-9515
-8067
-9499
-8195
-9515
-8459
-9467
-8787
-9451
-8987
-9411
-9267
-9419
-9483
-9491
-9731
-9467
-9891
-9515
-10115
-9499
-10379
-9435
-10611
-9499
-10899
-9475
-11115
-9515
-11307
-9451
-11675
-9491
-11795
-9403
-12139
-9395
-12299
-9467
-12595
-9491
-12819
-9507
-13091
-9515
-13323
-9435
-13587
-9491
-13787
-9411
-13979
-9443
-14299
-9515
-14531
-9419
-14739
-9467
-15027
-9499
-15243
-9507
-15483
-9411
-15683
-9507
-15891
-9515
-16187
-9483
-16355
-9475
-16667
-9507
-16843
-9459
-17147
-9435
-17427
-9507
-17563
-9467
-17883
-9491
-18123
-9499
-18347
-9475
-18523
-9467
-18875
-9643
85
-9723
-35
-9627
-347
-9635
-587
-9755
-779
-9731
-1027
-9723
-1235
-9707
-1515
-9651
-1707
-9731
-2027
-9731
-2267
-9731
-2451
-9715
-2691
-9675
-3027
-9691
-3219
-9683
-3387
-9755
-3747
-9739
-3867
-9739
-4131
-9627
-4459
-9723
-4587
-9731
-4955
-9659
-5195
-9707
-5419
-9651
-5555
-9707
-5883
-9643
-6147
-9659
-6283
-9691
-6571
-9731
-6867
-9707
-7083
-9659
-7339
-9699
-7483
-9691
-7747
-9699
-8043
-9715
-8283
-9691
-8507
-9667
-8795
-9747
-8907
-9707
-9187
-9747
-9515
-9659
-9651
-9667
-9939
-9715
-10155
-9667
-10371
-9731
-10707
-9643
-10835
-9635
-11115
-9627
-11411
-9755
-11675
-9691
-11851
-9739
-12083
-9627
-12363
-9691
-12635
-9755
-12827
-9627
-13043
-9627
-13355
-9691
-13563
-9699
-13763
-9659
-14027
-9723
-14235
-9643
-14539
-9707
-14699
-9659
-14939
-9643
-15211
-9739
-15395
-9739
-15707
-9683
-15907
-9707
-16147
-9755
-16419
-9739
-16675
-9755
-16939
-9747
-17171
-9627
-17355
-9731
-17587
-9675
-17867
-9707
-18059
-9683
-18283
-9683
-18587
-9675
-18835
-9867
149
-9971
-91
-9979
-379
-9963
-627
-9987
-763
-9907
-1075
-9995
-1315
-9979
-1467
-9971
-1819
-9931
-1987
-9987
-2291
-9867
-2443
-9979
-2723
-9915
-2963
-9963
-3251
-9995
-3443
-9899
-3667
-9987
-3891
-9971
-4115
-9955
-4451
-9987
-4667
-9955
-4843
-9915
-5131
-9923
-5331
-9987
-5635
-9899
-5867
-9979
-6083
-9875
-6379
-9995
-6531
-9947
-6859
-9931
-7051
-9987
-7275
-9987
-7507
-9907
-7707
-9963
-8003
-9963
-8315
-9987
-8539
-9963
-8707
-9907
-8923
-9971
-9251
-9995
-9419
-9931
-9747
-9867
-9971
-9979
-10235
-9963
-10371
-9939
-10691
-9995
-10899
-9939
-11195
-9891
-11379
-9939
-11667
-9979
-11851
-9963
-12075
-9947
-12267
-9963
-12619
-9883
-12859
-9995
-13011
-9979
-13323
-9923
-13483
-9995
-13747
-9891
-14043
-9939
-14291
-9987
-14523
-9963
-14707
-9955
-15011
-9931
-15259
-9947
-15483
-9955
-15659
-9947
-15907
-9955
-16219
-9907
-16443
-9923
-16619
-9995
-16923
-9955
-17179
-9923
-17331
-9915
-17611
-9883
-17795
-9899
-18131
-9875
-18299
-9987
-18531
-9891
-18835
-10107
109
-10107
-107
-10219
-315
-10235
-635
-10219
-827
-10139
-987
-10219
-1251
-10203
-1587
-10147
-1755
-10115
-1979
-10211
-2315
-10203
-2475
-10163
-2699
-10171
-2987
-10219
-3267
-10107
-3387
-10115
-3627
-10195
-3963
-10163
-4107
-10227
-4395
-10107
-4675
-10179
-4891
-10171
-5155
-10219
-5323
-10131
-5603
-10179
-5883
-10163
-6067
-10123
-6363
-10195
-6611
-10171
-6795
-10131
-7067
-10227
-7251
-10203
-7579
-10155
-7755
-10203
-8003
-10123
-8251
-10139
-8483
-10195
-8675
-10203
-9035
-10131
-9235
-10211
-9427
-10171
-9699
-10219
-9947
-10179
-10163
-10235
-10403
-10203
-10683
-10227
-10843
-10219
-11091
-10211
-11371
-10155
-11547
-10195
-11891
-10227
-12083
-10203
-12339
-10219
-12635
-10219
-12875
-10163
-12995
-10203
-13243
-10235
-13507
-10211
-13827
-10211
-13971
-10179
-14195
-10235
-14531
-10147
-14675
-10227
-14931
-10227
-15251
-10195
-15411
-10123
-15723
-10139
-15955
-10131
-16107
-10171
-16427
-10179
-16707
-10163
-16939
-10227
-17107
-10155
-17403
-10171
-17595
-10155
-17883
-10115
-18051
-10203
-18267
-10179
-18571
-10123
-18867
-10411
101
-10427
-75
-10427
-339
-10467
-619
-10411
-771
-10459
-1099
-10451
-1227
-10443
-1555
-10451
-1763
-10427
-1979
-10419
-2211
-10467
-2467
-10459
-2691
-10443
-3035
-10435
-3195
-10459
-3387
-10451
-3723
-10427
-3923
-10419
-4139
-10427
-4387
-10435
-4627
-10419
-4899
-10435
-5067
-10411
-5403
-10435
-5579
-10475
-5811
-10443
-6075
-10435
-6299
-10475
-6587
-10451
-6859
-10451
-7091
-10451
-7243
-10467
-7499
-10427
-7763
-10475
-8003
-10475
-8203
-10475
-8483
-10459
-8723
-10411
-8955
-10467
-9227
-10451
-9403
-10443
-9627
-10467
-9995
-10443
-10123
-10451
-10435
-10419
-10667
-10419
-10923
-10427
-11187
-10459
-11371
-10443
-11611
-10419
-11827
-10419
-12107
-10451
-12275
-10435
-12547
-10475
-12811
-10467
-13035
-10451
-13251
-10467
-13531
-10419
-13771
-10451
-14027
-10467
-14211
-10467
-14435
-10475
-14731
-10443
-14987
-10411
-15235
-10475
-15515
-10467
-15731
-10419
-15995
-10459
-16219
-10435
-16363
-10467
-16611
-10411
-16875
-10435
-17195
-10451
-17339
-10443
-17571
-10475
-17835
-10443
-18059
-10435
-18267
-10411
-18619
-10467
-18851
