111
2516
148
-25
305
-291
510
-563
559
-797
260
-1033
226
-1311
213
-1446
295
-1745
312
-1931
261
-2266
125
-2517
331
-2689
185
-2951
195
-3177
203
-3457
247
-3639
173
-3899
109
-4215
143
-4373
237
-4681
85
-4843
109
-5175
109
-5327
109
-5643
85
-5803
117
-6059
141
-6303
141
-6563
85
-6791
93
-7099
133
-7307
85
-7483
85
-7767
109
-7991
101
-8267
93
-8431
85
-8747
117
-8915
149
-9239
101
-9367
93
-9675
109
-9899
117
-10107
117
-10459
93
-10683
133
-10891
109
-11179
85
-11379
85
-11611
93
-11851
109
-12131
85
-12315
109
-12523
141
-12747
85
-13091
149
-13291
117
-13475
133
-13731
101
-14027
101
-14307
93
-14539
85
-14707
125
-15027
125
-15179
149
-15387
85
-15755
109
-15979
117
-16195
101
-16443
149
-16707
85
-16851
133
-17131
149
-17363
93
-17667
109
-17835
101
-18107
125
-18371
109
-18627
93
-18827
-75
1350
-102
-33
-17
-339
-107
-553
-77
-821
-47
-1063
-121
-1286
-89
-1538
-29
-1817
-22
-2027
-107
-2275
-69
-2443
-9
-2725
-115
-2883
-139
-3129
-115
-3409
-7
-3615
-139
-3913
-95
-4169
-123
-4447
-87
-4579
-91
-4875
-7
-5099
-135
-5343
-131
-5619
-103
-5855
-111
-6135
-123
-6267
-147
-6607
-31
-6715
-63
-7063
-55
-7295
-135
-7439
-31
-7803
-143
-8067
-75
-8203
-107
-8519
-99
-8667
-75
-8947
-63
-9203
-51
-9431
-107
-9715
-83
-9915
-27
-10195
-155
-10411
-59
-10627
-91
-10883
-155
-11155
-75
-11419
-67
-11667
-139
-11899
-131
-12083
-107
-12315
-115
-12595
-123
-12859
-99
-13091
-27
-13243
-99
-13491
-147
-13795
-139
-14059
-147
-14235
-27
-14499
-123
-14667
-115
-14955
-43
-15243
-131
-15459
-139
-15651
-147
-15923
-99
-16107
-115
-16403
-131
-16627
-43
-16867
-27
-17163
-155
-17411
-155
-17555
-147
-17867
-123
-18091
-83
-18379
-59
-18547
-99
-18875
-379
1572
-297
-53
-257
-267
-354
-595
-311
-827
-393
-1046
-357
-1273
-360
-1503
-385
-1784
-327
-1999
-350
-2229
-359
-2433
-351
-2701
-293
-2883
-297
-3225
-329
-3497
-303
-3639
-315
-3865
-347
-4185
-357
-4357
-283
-4653
-347
-4871
-331
-5095
-379
-5299
-303
-5623
-379
-5839
-315
-6079
-303
-6371
-355
-6611
-339
-6779
-379
-7091
-331
-7347
-279
-7575
-363
-7727
-351
-8015
-347
-8255
-255
-8435
-375
-8651
-263
-8931
-379
-9255
-395
-9483
-395
-9659
-339
-9939
-395
-10123
-371
-10427
-315
-10691
-307
-10875
-395
-11099
-307
-11403
-307
-11651
-355
-11915
-307
-12083
-355
-12339
-355
-12571
-323
-12867
-283
-13075
-355
-13283
-387
-13595
-307
-13779
-371
-14043
-379
-14315
-275
-14539
-371
-14715
-307
-14931
-275
-15235
-323
-15507
-363
-15659
-395
-15899
-371
-16235
-339
-16467
-267
-16643
-387
-16867
-395
-17123
-395
-17355
-347
-17627
-267
-17827
-395
-18043
-395
-18395
-371
-18555
-323
-18859
-611
1174
-629
-25
-591
-274
-595
-534
-527
-802
-523
-989
-603
-1311
-526
-1572
-611
-1809
-622
-1987
-543
-2290
-541
-2435
-541
-2745
-605
-2927
-591
-3193
-491
-3475
-597
-3729
-503
-3867
-619
-4215
-583
-4339
-619
-4575
-531
-4899
-579
-5103
-507
-5311
-523
-5647
-595
-5895
-567
-6051
-603
-6275
-591
-6535
-507
-6759
-571
-7003
-539
-7207
-591
-7583
-535
-7739
-575
-7967
-563
-8283
-595
-8523
-539
-8707
-499
-8927
-571
-9223
-499
-9491
-627
-9715
-627
-9955
-523
-10227
-587
-10403
-507
-10667
-515
-10875
-603
-11179
-507
-11331
-619
-11595
-547
-11811
-579
-12123
-611
-12363
-611
-12579
-579
-12811
-563
-13043
-587
-13307
-547
-13547
-627
-13787
-595
-14067
-627
-14187
-611
-14523
-555
-14699
-635
-14971
-555
-15259
-515
-15419
-611
-15635
-611
-15883
-595
-16163
-619
-16451
-539
-16611
-611
-16955
-635
-17115
-563
-17403
-603
-17555
-563
-17803
-619
-18131
-603
-18267
-523
-18627
-619
-18843
-779
359
-832
5
-803
-234
-802
-541
-774
-733
-837
-1081
-827
-1259
-817
-1455
-838
-1766
-829
-1909
-827
-2253
-777
-2419
-785
-2739
-795
-2923
-783
-3147
-759
-3491
-837
-3667
-791
-3867
-837
-4163
-857
-4381
-799
-4671
-839
-4919
-823
-5091
-835
-5411
-755
-5639
-775
-5839
-819
-6115
-819
-6283
-779
-6623
-827
-6779
-863
-7071
-823
-7323
-739
-7591
-715
-7711
-835
-7935
-811
-8239
-819
-8499
-827
-8715
-783
-8959
-799
-9263
-867
-9447
-811
-9667
-787
-9971
-803
-10115
-851
-10379
-819
-10667
-803
-10931
-763
-11179
-843
-11339
-859
-11667
-819
-11835
-851
-12027
-843
-12379
-819
-12571
-803
-12859
-835
-13075
-811
-13275
-811
-13467
-875
-13779
-811
-14075
-771
-14251
-787
-14555
-851
-14763
-875
-14955
-787
-15163
-827
-15395
-795
-15707
-851
-15923
-851
-16155
-779
-16363
-875
-16707
-827
-16843
-835
-17123
-851
-17323
-803
-17563
-755
-17835
-803
-18035
-835
-18347
-859
-18547
-819
-18819
-995
158
-1052
-53
-995
-323
-1107
-497
-995
-710
-1056
-999
-1056
-1262
-1065
-1457
-1065
-1738
-1049
-2043
-1079
-2205
-1077
-2469
-973
-2689
-985
-2951
-1075
-3141
-1087
-3459
-1095
-3651
-983
-3877
-1051
-4191
-1055
-4371
-1077
-4627
-1015
-4919
-1015
-5175
-1063
-5419
-991
-5667
-1111
-5843
-1015
-6087
-1011
-6319
-1107
-6559
-1067
-6799
-1051
-6999
-991
-7239
-1083
-7531
-1115
-7703
-1071
-8047
-1035
-8243
-995
-8431
-1087
-8715
-1075
-8987
-1103
-9227
-1091
-9415
-1035
-9691
-1091
-9875
-1035
-10107
-1003
-10379
-1115
-10651
-1067
-10915
-1043
-11115
-1027
-11419
-1043
-11603
-1107
-11883
-1115
-12147
-1043
-12395
-1003
-12603
-1075
-12843
-1107
-12987
-1075
-13347
-1019
-13491
-1099
-13731
-1035
-14019
-1043
-14243
-1083
-14491
-1067
-14683
-1107
-14939
-1091
-15235
-1075
-15459
-1075
-15715
-1035
-15947
-995
-16107
-1067
-16395
-1043
-16659
-1019
-16875
-1027
-17187
-1115
-17307
-1019
-17587
-1107
-17843
-1075
-18043
-1051
-18267
-1083
-18539
-1043
-18827
-1251
548
-1243
-81
-1217
-331
-1331
-611
-1295
-753
-1325
-1065
-1317
-1232
-1253
-1526
-1325
-1727
-1289
-1991
-1199
-2241
-1307
-2529
-1231
-2657
-1289
-2967
-1327
-3217
-1243
-3487
-1263
-3597
-1223
-3887
-1231
-4155
-1319
-4343
-1279
-4665
-1319
-4891
-1331
-5051
-1235
-5307
-1267
-5539
-1275
-5795
-1251
-6035
-1295
-6395
-1259
-6551
-1247
-6795
-1291
-7087
-1327
-7207
-1299
-7543
-1323
-7711
-1215
-7987
-1287
-8255
-1275
-8459
-1307
-8663
-1279
-8983
-1279
-9203
-1331
-9499
-1299
-9627
-1299
-9907
-1291
-10147
-1267
-10435
-1331
-10627
-1339
-10891
-1227
-11131
-1267
-11339
-1347
-11611
-1291
-11811
-1283
-12067
-1251
-12267
-1243
-12555
-1299
-12867
-1331
-13067
-1323
-13323
-1355
-13467
-1267
-13835
-1243
-13963
-1251
-14203
-1355
-14467
-1323
-14667
-1267
-15019
-1315
-15227
-1315
-15491
-1339
-15691
-1323
-15891
-1339
-16211
-1331
-16467
-1307
-16691
-1347
-16931
-1283
-17171
-1355
-17347
-1299
-17603
-1307
-17851
-1267
-18099
-1347
-18331
-1331
-18571
-1307
-18875
-1555
863
-1483
-53
-1501
-367
-1463
-619
-1567
-867
-1531
-1099
-1559
-1333
-1461
-1587
-1467
-1739
-1477
-1991
-1551
-2289
-1587
-2483
-1505
-2755
-1493
-2997
-1549
-3157
-1553
-3379
-1527
-3661
-1575
-3853
-1509
-4163
-1571
-4333
-1537
-4631
-1571
-4831
-1487
-5091
-1551
-5375
-1475
-5635
-1451
-5863
-1547
-6107
-1435
-6375
-1547
-6563
-1515
-6771
-1551
-7075
-1539
-7303
-1543
-7435
-1543
-7695
-1547
-7995
-1555
-8183
-1547
-8539
-1583
-8703
-1467
-9007
-1563
-9147
-1595
-9435
-1595
-9659
-1523
-9899
-1491
-10219
-1587
-10419
-1595
-10635
-1563
-10891
-1587
-11155
-1491
-11331
-1547
-11587
-1563
-11803
-1523
-12083
-1587
-12395
-1587
-12539
-1507
-12747
-1515
-13067
-1475
-13307
-1523
-13483
-1539
-13827
-1523
-14027
-1475
-14291
-1523
-14507
-1595
-14755
-1491
-14939
-1483
-15179
-1491
-15387
-1523
-15683
-1515
-15995
-1523
-16211
-1515
-16419
-1499
-16683
-1499
-16859
-1523
-17155
-1547
-17339
-1483
-17667
-1595
-17851
-1547
-18067
-1515
-18355
-1467
-18563
-1547
-18851
-1759
819
-1805
-41
-1787
-249
-1699
-515
-1703
-821
-1699
-1067
-1755
-1319
-1759
-1475
-1715
-1723
-1767
-1993
-1765
-2183
-1725
-2445
-1805
-2725
-1773
-2923
-1807
-3109
-1795
-3405
-1771
-3719
-1783
-3839
-1811
-4191
-1775
-4375
-1775
-4627
-1827
-4951
-1727
-5167
-1691
-5399
-1803
-5547
-1803
-5759
-1735
-6127
-1791
-6355
-1823
-6479
-1787
-6739
-1791
-7047
-1803
-7319
-1807
-7467
-1811
-7731
-1731
-7995
-1799
-8307
-1807
-8471
-1687
-8683
-1771
-8955
-1811
-9143
-1803
-9515
-1811
-9699
-1787
-9891
-1827
-10187
-1835
-10371
-1723
-10611
-1819
-10883
-1811
-11091
-1747
-11395
-1835
-11659
-1803
-11883
-1715
-12043
-1779
-12395
-1819
-12595
-1763
-12811
-1803
-13107
-1795
-13315
-1811
-13475
-1747
-13795
-1827
-13987
-1795
-14315
-1827
-14467
-1731
-14739
-1811
-14939
-1819
-15187
-1771
-15419
-1811
-15731
-1731
-15883
-1771
-16131
-1827
-16387
-1803
-16683
-1787
-16907
-1763
-17131
-1779
-17379
-1787
-17619
-1819
-17843
-1731
-18075
-1795
-18275
-1739
-18611
-1827
-18875
-1995
1469
-1949
-15
-2011
-311
-2035
-551
-2029
-833
-1971
-1081
-1977
-1239
-2065
-1551
-2023
-1723
-2069
-1993
-1947
-2257
-2013
-2507
-1985
-2687
-2021
-2905
-1991
-3237
-1929
-3377
-2015
-3639
-2063
-3939
-2031
-4087
-2037
-4359
-1937
-4641
-2051
-4935
-1951
-5179
-1991
-5295
-2039
-5639
-2031
-5899
-1927
-6059
-1979
-6295
-1979
-6575
-2063
-6715
-2059
-7083
-2075
-7199
-2071
-7471
-2011
-7799
-2051
-7951
-2059
-8203
-1971
-8467
-2015
-8671
-2059
-8907
-2059
-9143
-2007
-9483
-1979
-9747
-2059
-9971
-2043
-10147
-1971
-10411
-2011
-10659
-2043
-10835
-1947
-11099
-2075
-11355
-2075
-11627
-1971
-11827
-2011
-12131
-2035
-12355
-1987
-12627
-2043
-12747
-2003
-13067
-1947
-13243
-1995
-13579
-2067
-13787
-2067
-13979
-2003
-14251
-2059
-14443
-1971
-14667
-2027
-14987
-2067
-15243
-2027
-15443
-2075
-15675
-1955
-15947
-2075
-16139
-2003
-16347
-2059
-16619
-2019
-16883
-1979
-17155
-2019
-17331
-2067
-17627
-1987
-17811
-1987
-18099
-1995
-18267
-2003
-18547
-2003
-18835
-2243
229
-2235
-67
-2289
-253
-2257
-579
-2225
-771
-2285
-959
-2239
-1317
-2243
-1577
-2245
-1767
-2291
-1951
-2283
-2187
-2247
-2393
-2291
-2681
-2195
-3003
-2249
-3191
-2283
-3419
-2255
-3703
-2259
-3931
-2243
-4105
-2203
-4415
-2255
-4557
-2267
-4919
-2195
-5043
-2195
-5379
-2271
-5667
-2283
-5875
-2275
-6083
-2243
-6303
-2235
-6619
-2263
-6751
-2291
-6955
-2303
-7219
-2223
-7547
-2179
-7787
-2219
-8007
-2251
-8299
-2243
-8451
-2259
-8671
-2275
-8939
-2247
-9163
-2187
-9459
-2315
-9755
-2203
-9875
-2307
-10195
-2275
-10467
-2251
-10643
-2283
-10915
-2267
-11131
-2315
-11435
-2219
-11659
-2299
-11859
-2203
-12067
-2259
-12379
-2219
-12563
-2283
-12755
-2275
-13035
-2283
-13243
-2283
-13539
-2291
-13715
-2315
-14011
-2291
-14227
-2291
-14555
-2203
-14707
-2307
-14979
-2267
-15243
-2267
-15411
-2251
-15691
-2251
-15947
-2219
-16131
-2259
-16403
-2307
-16627
-2307
-16907
-2187
-17107
-2315
-17315
-2259
-17627
-2267
-17851
-2299
-18043
-2211
-18323
-2259
-18595
-2291
-18835
-2495
521
-2495
-89
-2433
-369
-2515
-545
-2537
-815
-2469
-1101
-2511
-1207
-2499
-1567
-2467
-1735
-2399
-2033
-2517
-2263
-2449
-2485
-2501
-2699
-2491
-3003
-2511
-3239
-2439
-3381
-2469
-3661
-2439
-3895
-2395
-4115
-2531
-4441
-2513
-4641
-2551
-4943
-2435
-5195
-2511
-5395
-2519
-5595
-2535
-5883
-2515
-6143
-2483
-6271
-2547
-6587
-2547
-6751
-2483
-7051
-2507
-7251
-2491
-7459
-2499
-7807
-2495
-8059
-2527
-8175
-2451
-8419
-2515
-8699
-2531
-8939
-2431
-9195
-2403
-9491
-2547
-9707
-2435
-9971
-2539
-10115
-2531
-10379
-2547
-10603
-2443
-10883
-2531
-11195
-2499
-11411
-2451
-11547
-2515
-11843
-2451
-12083
-2483
-12315
-2451
-12587
-2539
-12827
-2459
-13059
-2483
-13339
-2435
-13523
-2515
-13755
-2499
-14059
-2443
-14203
-2467
-14515
-2523
-14667
-2451
-14931
-2547
-15267
-2507
-15507
-2443
-15739
-2435
-15891
-2467
-16179
-2539
-16411
-2531
-16659
-2491
-16899
-2475
-17091
-2459
-17315
-2523
-17563
-2507
-17859
-2539
-18083
-2507
-18323
-2491
-18515
-2515
-18851
-2735
125
-2775
-43
-2771
-323
-2679
-613
-2739
-867
-2711
-1011
-2759
-1279
-2731
-1523
-2715
-1811
-2671
-1965
-2755
-2199
-2783
-2511
-2759
-2731
-2727
-2991
-2791
-3255
-2723
-3479
-2639
-3675
-2707
-3871
-2771
-4179
-2751
-4447
-2755
-4675
-2787
-4875
-2727
-5087
-2703
-5363
-2775
-5571
-2691
-5787
-2743
-6135
-2743
-6263
-2679
-6515
-2747
-6763
-2787
-7051
-2691
-7231
-2783
-7583
-2763
-7683
-2703
-8015
-2711
-8315
-2787
-8539
-2747
-8683
-2703
-8987
-2687
-9235
-2759
-9515
-2763
-9659
-2771
-9939
-2739
-10139
-2683
-10395
-2739
-10683
-2779
-10915
-2747
-11139
-2795
-11363
-2787
-11579
-2699
-11843
-2755
-12147
-2795
-12291
-2763
-12547
-2763
-12867
-2795
-13035
-2683
-13331
-2723
-13539
-2715
-13819
-2691
-14011
-2779
-14227
-2747
-14435
-2771
-14683
-2739
-14979
-2747
-15147
-2723
-15467
-2683
-15699
-2691
-15995
-2699
-16163
-2691
-16371
-2739
-16643
-2691
-16955
-2795
-17139
-2747
-17323
-2787
-17571
-2763
-17819
-2707
-18083
-2667
-18299
-2747
-18523
-2675
-18875
-2947
125
-2995
-87
-3015
-327
-2963
-483
-2947
-743
-2999
-971
-2971
-1255
-3027
-1455
-2931
-1807
-2959
-1939
-2919
-2275
-2951
-2511
-2975
-2723
-2947
-3007
-3003
-3259
-2951
-3383
-2971
-3635
-2883
-3859
-2995
-4223
-2903
-4439
-3027
-4691
-2967
-4859
-2887
-5151
-3031
-5371
-3007
-5595
-2987
-5887
-2951
-6083
-2995
-6243
-3003
-6567
-3019
-6867
-3011
-6999
-3023
-7291
-2959
-7547
-3015
-7799
-2903
-8043
-2915
-8179
-2955
-8407
-2995
-8759
-2959
-8915
-3027
-9191
-2995
-9375
-3003
-9691
-3019
-9971
-2915
-10163
-2995
-10435
-2995
-10587
-3035
-10899
-2987
-11139
-2955
-11339
-3027
-11603
-2995
-11859
-3019
-12131
-2931
-12387
-2987
-12619
-2963
-12779
-3003
-13019
-2947
-13227
-3011
-13491
-2987
-13707
-2947
-13963
-3003
-14195
-3019
-14475
-2987
-14779
-3003
-14955
-2987
-15259
-2907
-15395
-2931
-15683
-3027
-15923
-2939
-16227
-2955
-16459
-3027
-16635
-2979
-16875
-3019
-17155
-3003
-17363
-2987
-17611
-2963
-17795
-3011
-18059
-2923
-18331
-3027
-18539
-3003
-18851
-3179
149
-3227
-87
-3243
-263
-3231
-591
-3259
-827
-3179
-1087
-3163
-1331
-3147
-1539
-3219
-1683
-3251
-1999
-3259
-2251
-3267
-2499
-3243
-2703
-3243
-2911
-3267
-3179
-3191
-3443
-3159
-3651
-3223
-3915
-3199
-4179
-3235
-4427
-3235
-4639
-3203
-4875
-3223
-5163
-3199
-5419
-3239
-5543
-3251
-5863
-3155
-6003
-3207
-6303
-3267
-6503
-3259
-6779
-3259
-7031
-3243
-7347
-3247
-7463
-3195
-7823
-3155
-8051
-3223
-8275
-3231
-8419
-3223
-8711
-3251
-8987
-3275
-9211
-3247
-9371
-3275
-9651
-3171
-9979
-3235
-10147
-3179
-10387
-3211
-10683
-3179
-10907
-3227
-11067
-3243
-11395
-3163
-11547
-3251
-11795
-3155
-12075
-3235
-12379
-3163
-12539
-3267
-12867
-3147
-13059
-3203
-13227
-3267
-13571
-3179
-13819
-3243
-14019
-3203
-14259
-3219
-14523
-3195
-14739
-3275
-14939
-3235
-15171
-3267
-15515
-3187
-15659
-3211
-15931
-3171
-16131
-3259
-16459
-3267
-16699
-3211
-16915
-3211
-17107
-3179
-17379
-3267
-17611
-3259
-17827
-3251
-18099
-3227
-18307
-3251
-18555
-3203
-18811
-3491
125
-3435
-107
-3423
-355
-3451
-519
-3395
-739
-3451
-1051
-3503
-1295
-3391
-1539
-3359
-1759
-3379
-2003
-3499
-2267
-3479
-2527
-3423
-2667
-3411
-3023
-3479
-3211
-3427
-3443
-3387
-3711
-3459
-3903
-3439
-4099
-3419
-4395
-3471
-4715
-3507
-4899
-3475
-5127
-3359
-5323
-3487
-5599
-3367
-5823
-3487
-6019
-3511
-6387
-3463
-6563
-3483
-6843
-3443
-7075
-3499
-7267
-3499
-7459
-3411
-7755
-3471
-7967
-3451
-8271
-3447
-8503
-3451
-8771
-3399
-8947
-3507
-9227
-3399
-9399
-3459
-9627
-3443
-9907
-3387
-10235
-3507
-10411
-3515
-10643
-3515
-10915
-3507
-11131
-3395
-11427
-3467
-11659
-3491
-11883
-3451
-12139
-3507
-12347
-3515
-12555
-3515
-12795
-3475
-13051
-3435
-13243
-3419
-13595
-3515
-13803
-3451
-13979
-3451
-14243
-3491
-14499
-3459
-14707
-3419
-14979
-3515
-15235
-3515
-15459
-3515
-15691
-3515
-15923
-3387
-16155
-3427
-16435
-3387
-16595
-3411
-16907
-3491
-17163
-3483
-17339
-3499
-17587
-3395
-17819
-3475
-18051
-3475
-18379
-3483
-18507
-3475
-18843
-3675
93
-3655
-115
-3671
-347
-3727
-555
-3647
-851
-3659
-1035
-3683
-1275
-3743
-1447
-3687
-1819
-3691
-1947
-3699
-2259
-3711
-2467
-3723
-2683
-3751
-2999
-3691
-3263
-3695
-3431
-3627
-3719
-3715
-3959
-3675
-4143
-3727
-4355
-3727
-4555
-3711
-4863
-3691
-5039
-3639
-5411
-3623
-5607
-3631
-5887
-3715
-6059
-3683
-6279
-3703
-6523
-3743
-6847
-3735
-7067
-3651
-7227
-3723
-7567
-3723
-7739
-3659
-8019
-3623
-8203
-3683
-8463
-3699
-8715
-3691
-8887
-3699
-9219
-3627
-9515
-3699
-9715
-3739
-9939
-3627
-10187
-3723
-10475
-3715
-10707
-3739
-10899
-3739
-11171
-3723
-11427
-3643
-11603
-3715
-11883
-3659
-12067
-3691
-12323
-3723
-12523
-3755
-12795
-3635
-13091
-3715
-13307
-3635
-13483
-3723
-13723
-3627
-14075
-3659
-14299
-3723
-14459
-3699
-14787
-3659
-15011
-3715
-15267
-3723
-15419
-3651
-15651
-3747
-15939
-3691
-16195
-3691
-16451
-3627
-16595
-3675
-16939
-3699
-17091
-3643
-17307
-3715
-17627
-3731
-17859
-3683
-18139
-3651
-18387
-3755
-18635
-3747
-18835
-3891
141
-3939
-127
-3935
-331
-3895
-563
-3915
-807
-3891
-1103
-3875
-1323
-3875
-1463
-3943
-1755
-3963
-2019
-3907
-2203
-3871
-2407
-3923
-2759
-3919
-2947
-3995
-3263
-3991
-3411
-3915
-3619
-3915
-3967
-3927
-4187
-3899
-4355
-3919
-4651
-3907
-4819
-3939
-5155
-3923
-5399
-3927
-5655
-3947
-5771
-3887
-6091
-3907
-6295
-3995
-6607
-3947
-6811
-3843
-7027
-3987
-7223
-3939
-7567
-3955
-7731
-3983
-8055
-3899
-8275
-3967
-8539
-3875
-8703
-3959
-8887
-3891
-9207
-3923
-9423
-3939
-9699
-3891
-9947
-3915
-10203
-3939
-10427
-3979
-10643
-3971
-10851
-3931
-11091
-3939
-11371
-3947
-11603
-3907
-11883
-3939
-12115
-3979
-12347
-3955
-12627
-3891
-12843
-3987
-13083
-3995
-13251
-3939
-13595
-3979
-13803
-3971
-13995
-3915
-14211
-3891
-14531
-3915
-14691
-3931
-15027
-3955
-15275
-3915
-15483
-3987
-15683
-3979
-15987
-3955
-16139
-3987
-16371
-3891
-16699
-3947
-16859
-3907
-17171
-3907
-17427
-3955
-17659
-3963
-17819
-3867
-18059
-3979
-18347
-3955
-18531
-3963
-18859
-4179
109
-4139
-55
-4207
-323
-4163
-547
-4115
-727
-4179
-1027
-4211
-1275
-4171
-1459
-4163
-1711
-4151
-1991
-4099
-2271
-4099
-2415
-4187
-2735
-4187
-2987
-4115
-3211
-4195
-3451
-4123
-3675
-4191
-3967
-4163
-4123
-4143
-4335
-4203
-4695
-4099
-4871
-4203
-5047
-4167
-5327
-4179
-5643
-4135
-5787
-4171
-6115
-4123
-6335
-4143
-6511
-4211
-6819
-4207
-6975
-4147
-7267
-4151
-7519
-4187
-7803
-4203
-8047
-4207
-8299
-4095
-8531
-4207
-8663
-4175
-8995
-4187
-9259
-4211
-9443
-4195
-9715
-4235
-9995
-4179
-10235
-4203
-10475
-4187
-10707
-4179
-10891
-4187
-11171
-4179
-11403
-4187
-11667
-4179
-11835
-4235
-12043
-4131
-12307
-4211
-12507
-4179
-12747
-4139
-13003
-4227
-13315
-4211
-13587
-4195
-13739
-4227
-14067
-4171
-14275
-4115
-14451
-4203
-14787
-4211
-14907
-4235
-15227
-4187
-15459
-4211
-15659
-4211
-15923
-4179
-16155
-4203
-16387
-4179
-16675
-4203
-16915
-4219
-17131
-4155
-17315
-4139
-17547
-4179
-17883
-4195
-18147
-4187
-18299
-4211
-18515
-4187
-18811
-4403
93
-4351
-59
-4463
-267
-4455
-623
-4443
-807
-4379
-1007
-4391
-1327
-4451
-1531
-4391
-1723
-4379
-2063
-4371
-2267
-4443
-2475
-4383
-2755
-4451
-2963
-4363
-3199
-4435
-3431
-4459
-3707
-4391
-3939
-4471
-4199
-4363
-4419
-4411
-4699
-4359
-4819
-4443
-5111
-4323
-5375
-4451
-5635
-4331
-5867
-4343
-6011
-4371
-6359
-4395
-6603
-4371
-6763
-4335
-7055
-4415
-7279
-4427
-7555
-4455
-7759
-4443
-8011
-4411
-8259
-4459
-8551
-4431
-8691
-4451
-9015
-4427
-9223
-4347
-9383
-4443
-9723
-4467
-9883
-4379
-10227
-4403
-10451
-4363
-10611
-4459
-10875
-4371
-11147
-4459
-11395
-4387
-11627
-4475
-11915
-4467
-12139
-4443
-12323
-4387
-12579
-4403
-12851
-4475
-13115
-4395
-13275
-4451
-13547
-4459
-13723
-4363
-14043
-4443
-14195
-4419
-14459
-4467
-14723
-4459
-14987
-4467
-15243
-4451
-15435
-4459
-15747
-4451
-15971
-4387
-16147
-4403
-16355
-4475
-16587
-4435
-16851
-4419
-17091
-4363
-17315
-4443
-17667
-4371
-17851
-4459
-18091
-4467
-18339
-4355
-18603
-4379
-18867
-4695
101
-4639
-67
-4563
-267
-4639
-515
-4639
-827
-4691
-1067
-4651
-1267
-4683
-1455
-4699
-1715
-4619
-1947
-4699
-2283
-4631
-2443
-4623
-2707
-4615
-2963
-4675
-3211
-4627
-3383
-4687
-3647
-4671
-3959
-4643
-4147
-4667
-4463
-4707
-4595
-4591
-4799
-4663
-5123
-4659
-5279
-4675
-5575
-4615
-5867
-4675
-6091
-4691
-6327
-4683
-6531
-4675
-6859
-4619
-7043
-4707
-7207
-4631
-7443
-4683
-7743
-4667
-7919
-4695
-8211
-4683
-8483
-4683
-8751
-4679
-8943
-4699
-9215
-4667
-9411
-4611
-9723
-4691
-9987
-4603
-10163
-4659
-10411
-4667
-10667
-4667
-10931
-4683
-11179
-4675
-11331
-4715
-11667
-4587
-11811
-4699
-12123
-4595
-12395
-4619
-12611
-4659
-12875
-4635
-13003
-4659
-13307
-4643
-13571
-4627
-13787
-4699
-13947
-4595
-14315
-4675
-14491
-4707
-14755
-4651
-15027
-4603
-15155
-4691
-15395
-4603
-15707
-4683
-15923
-4715
-16139
-4651
-16411
-4675
-16707
-4715
-16843
-4595
-17163
-4699
-17419
-4715
-17563
-4683
-17907
-4691
-18123
-4619
-18299
-4651
-18571
-4611
-18811
-4811
141
-4859
-91
-4895
-363
-4851
-615
-4939
-787
-4839
-991
-4915
-1243
-4887
-1575
-4835
-1731
-4899
-2051
-4855
-2287
-4903
-2403
-4879
-2687
-4863
-2903
-4927
-3119
-4847
-3443
-4811
-3631
-4875
-3951
-4919
-4151
-4891
-4459
-4935
-4643
-4879
-4895
-4935
-5179
-4879
-5407
-4931
-5619
-4831
-5827
-4919
-6027
-4803
-6287
-4895
-6551
-4923
-6815
-4827
-7103
-4931
-7259
-4859
-7491
-4867
-7831
-4875
-8027
-4851
-8211
-4863
-8507
-4895
-8639
-4907
-8935
-4847
-9147
-4935
-9499
-4859
-9731
-4931
-9947
-4883
-10171
-4883
-10347
-4851
-10683
-4875
-10899
-4891
-11171
-4851
-11307
-4939
-11603
-4827
-11883
-4947
-12099
-4955
-12387
-4931
-12531
-4955
-12827
-4875
-13003
-4883
-13339
-4931
-13483
-4907
-13787
-4955
-14035
-4947
-14211
-4907
-14523
-4915
-14715
-4899
-14987
-4931
-15147
-4875
-15451
-4891
-15675
-4955
-15915
-4939
-16179
-4947
-16347
-4851
-16667
-4843
-16859
-4891
-17083
-4915
-17435
-4939
-17587
-4915
-17819
-4923
-18051
-4851
-18291
-4867
-18587
-4835
-18859
-5147
125
-5175
-19
-5143
-307
-5191
-535
-5083
-763
-5079
-1099
-5103
-1343
-5083
-1531
-5163
-1715
-5123
-1947
-5147
-2159
-5127
-2435
-5039
-2771
-5107
-2935
-5163
-3227
-5191
-3495
-5135
-3723
-5051
-3903
-5187
-4159
-5167
-4451
-5187
-4687
-5131
-4883
-5155
-5155
-5163
-5355
-5155
-5619
-5095
-5847
-5127
-6139
-5135
-6263
-5111
-6495
-5163
-6767
-5159
-7075
-5087
-7303
-5155
-7531
-5187
-7799
-5055
-8043
-5155
-8199
-5139
-8495
-5179
-8727
-5147
-8951
-5171
-9183
-5075
-9395
-5179
-9715
-5195
-9883
-5067
-10147
-5067
-10467
-5099
-10651
-5163
-10835
-5123
-11171
-5163
-11435
-5131
-11651
-5147
-11883
-5099
-12107
-5179
-12363
-5099
-12595
-5107
-12779
-5123
-13075
-5171
-13331
-5123
-13563
-5163
-13707
-5083
-13979
-5195
-14259
-5123
-14427
-5187
-14779
-5187
-15027
-5067
-15203
-5107
-15499
-5075
-15723
-5163
-15891
-5091
-16203
-5075
-16419
-5131
-16683
-5067
-16843
-5147
-17099
-5155
-17395
-5171
-17579
-5187
-17787
-5107
-18155
-5107
-18387
-5107
-18611
-5107
-18843
-5363
125
-5307
-3
-5331
-387
-5379
-507
-5387
-759
-5411
-1003
-5411
-1251
-5387
-1523
-5419
-1827
-5379
-1995
-5427
-2315
-5371
-2471
-5411
-2715
-5435
-3019
-5435
-3163
-5371
-3459
-5379
-3707
-5331
-3871
-5371
-4099
-5363
-4395
-5371
-4567
-5411
-4827
-5331
-5111
-5363
-5359
-5411
-5595
-5363
-5807
-5427
-6123
-5395
-6259
-5427
-6603
-5387
-6767
-5315
-7051
-5347
-7263
-5427
-7539
-5347
-7731
-5331
-7943
-5363
-8295
-5379
-8435
-5315
-8691
-5435
-8939
-5435
-9179
-5403
-9507
-5403
-9707
-5403
-9891
-5339
-10235
-5387
-10363
-5419
-10667
-5411
-10899
-5371
-11107
-5411
-11323
-5411
-11571
-5395
-11867
-5403
-12099
-5355
-12275
-5331
-12555
-5435
-12811
-5355
-13075
-5411
-13283
-5387
-13483
-5395
-13771
-5363
-14043
-5379
-14243
-5355
-14491
-5395
-14731
-5395
-14971
-5419
-15227
-5371
-15467
-5419
-15627
-5403
-15931
-5387
-16219
-5379
-16355
-5371
-16715
-5347
-16875
-5331
-17147
-5387
-17323
-5435
-17643
-5419
-17843
-5355
-18059
-5427
-18275
-5355
-18619
-5323
-18851
-5547
141
-5595
-51
-5579
-339
-5587
-555
-5667
-875
-5635
-1035
-5571
-1347
-5659
-1475
-5587
-1715
-5603
-2059
-5555
-2195
-5675
-2531
-5595
-2667
-5611
-2971
-5643
-3243
-5667
-3427
-5611
-3755
-5611
-3899
-5651
-4179
-5627
-4419
-5619
-4603
-5571
-4899
-5659
-5147
-5619
-5307
-5579
-5611
-5675
-5787
-5587
-6131
-5667
-6387
-5619
-6507
-5659
-6827
-5651
-6995
-5635
-7307
-5643
-7515
-5635
-7723
-5675
-7979
-5635
-8275
-5619
-8459
-5627
-8691
-5627
-9019
-5651
-9147
-5667
-9443
-5619
-9691
-5587
-9875
-5635
-10131
-5627
-10451
-5643
-10627
-5587
-10899
-5651
-11099
-5635
-11403
-5659
-11587
-5555
-11803
-5611
-12043
-5675
-12395
-5635
-12587
-5659
-12811
-5651
-13067
-5563
-13339
-5659
-13507
-5611
-13763
-5635
-14067
-5675
-14259
-5619
-14475
-5635
-14779
-5635
-14939
-5667
-15179
-5547
-15451
-5659
-15651
-5659
-15963
-5667
-16203
-5603
-16419
-5595
-16707
-5627
-16923
-5611
-17107
-5611
-17403
-5555
-17619
-5571
-17819
-5587
-18083
-5667
-18371
-5547
-18627
-5651
-18859
-5907
125
-5899
-83
-5787
-363
-5907
-555
-5915
-859
-5811
-1099
-5883
-1355
-5907
-1491
-5899
-1819
-5859
-1995
-5907
-2227
-5907
-2443
-5899
-2675
-5827
-2987
-5811
-3147
-5875
-3427
-5803
-3707
-5819
-3875
-5899
-4147
-5795
-4355
-5907
-4635
-5899
-4875
-5915
-5171
-5875
-5379
-5843
-5667
-5907
-5795
-5843
-6075
-5915
-6299
-5891
-6515
-5875
-6835
-5859
-7043
-5875
-7227
-5899
-7587
-5867
-7715
-5915
-7955
-5875
-8307
-5811
-8531
-5851
-8675
-5875
-8987
-5875
-9227
-5899
-9475
-5787
-9755
-5915
-9931
-5883
-10187
-5827
-10459
-5795
-10611
-5875
-10835
-5843
-11067
-5795
-11339
-5891
-11579
-5875
-11899
-5827
-12043
-5875
-12355
-5915
-12539
-5859
-12755
-5867
-13115
-5843
-13283
-5875
-13499
-5891
-13835
-5883
-14067
-5843
-14315
-5875
-14539
-5907
-14779
-5795
-15011
-5899
-15251
-5859
-15475
-5835
-15643
-5867
-15939
-5915
-16227
-5907
-16451
-5867
-16627
-5891
-16923
-5843
-17131
-5867
-17411
-5915
-17603
-5819
-17859
-5883
-18147
-5835
-18323
-5899
-18587
-5899
-18867
-6107
109
-6027
-59
-6115
-355
-6115
-627
-6027
-803
-6123
-995
-6155
-1267
-6131
-1539
-6091
-1723
-6147
-2027
-6131
-2227
-6027
-2531
-6123
-2699
-6091
-2987
-6035
-3179
-6107
-3491
-6067
-3747
-6067
-3979
-6131
-4139
-6051
-4411
-6139
-4627
-6099
-4843
-6131
-5131
-6067
-5395
-6027
-5595
-6147
-5875
-6131
-6067
-6075
-6363
-6139
-6515
-6051
-6795
-6067
-7003
-6139
-7227
-6155
-7587
-6027
-7795
-6059
-7955
-6075
-8235
-6147
-8483
-6027
-8731
-6043
-9027
-6115
-9155
-6107
-9427
-6115
-9755
-6147
-9971
-6139
-10203
-6107
-10347
-6043
-10707
-6059
-10851
-6091
-11115
-6035
-11395
-6083
-11619
-6147
-11803
-6123
-12123
-6139
-12379
-6131
-12611
-6155
-12747
-6083
-13075
-6139
-13235
-6155
-13507
-6139
-13795
-6083
-13963
-6099
-14187
-6123
-14475
-6043
-14675
-6035
-14971
-6115
-15195
-6035
-15515
-6051
-15667
-6115
-15923
-6139
-16163
-6115
-16347
-6059
-16595
-6107
-16843
-6059
-17147
-6051
-17435
-6043
-17555
-6083
-17827
-6107
-18051
-6107
-18299
-6099
-18547
-6091
-18851
-6379
141
-6363
-115
-6323
-395
-6315
-507
-6331
-803
-6379
-1019
-6275
-1307
-6355
-1475
-6331
-1827
-6395
-1979
-6315
-2315
-6387
-2451
-6315
-2731
-6355
-2939
-6395
-3147
-6315
-3507
-6387
-3707
-6267
-3899
-6363
-4179
-6283
-4467
-6395
-4627
-6387
-4867
-6315
-5067
-6379
-5411
-6331
-5667
-6267
-5843
-6379
-6115
-6371
-6299
-6395
-6635
-6395
-6795
-6395
-7115
-6299
-7355
-6275
-7491
-6339
-7827
-6315
-8011
-6339
-8243
-6299
-8451
-6315
-8691
-6355
-8931
-6355
-9187
-6331
-9475
-6371
-9651
-6339
-9899
-6339
-10171
-6339
-10451
-6299
-10651
-6395
-10907
-6299
-11099
-6347
-11371
-6331
-11667
-6339
-11859
-6355
-12155
-6299
-12379
-6331
-12547
-6355
-12779
-6371
-13003
-6355
-13355
-6355
-13595
-6299
-13755
-6315
-13979
-6379
-14315
-6371
-14507
-6363
-14771
-6371
-14979
-6363
-15227
-6307
-15507
-6387
-15699
-6371
-15947
-6395
-16195
-6395
-16403
-6355
-16603
-6355
-16843
-6395
-17075
-6347
-17355
-6283
-17643
-6355
-17819
-6387
-18139
-6395
-18363
-6395
-18595
-6331
-18819
-6571
125
-6603
-67
-6619
-331
-6539
-635
-6635
-755
-6579
-1091
-6611
-1339
-6531
-1491
-6555
-1771
-6587
-2019
-6555
-2227
-6627
-2427
-6571
-2795
-6627
-3027
-6507
-3163
-6603
-3515
-6563
-3723
-6595
-3947
-6611
-4107
-6611
-4419
-6563
-4659
-6603
-4947
-6603
-5099
-6595
-5419
-6603
-5627
-6579
-5883
-6603
-6107
-6547
-6379
-6515
-6619
-6627
-6763
-6587
-7011
-6587
-7259
-6563
-7499
-6603
-7723
-6579
-8075
-6539
-8243
-6635
-8539
-6603
-8707
-6603
-8947
-6587
-9195
-6579
-9443
-6611
-9715
-6547
-9955
-6507
-10195
-6563
-10395
-6531
-10635
-6611
-10947
-6515
-11075
-6619
-11315
-6555
-11547
-6515
-11843
-6531
-12051
-6635
-12323
-6611
-12507
-6619
-12779
-6619
-13107
-6635
-13331
-6579
-13595
-6595
-13803
-6627
-14067
-6619
-14315
-6627
-14451
-6515
-14779
-6547
-14963
-6563
-15235
-6619
-15451
-6611
-15723
-6547
-15955
-6595
-16171
-6515
-16379
-6627
-16715
-6547
-16851
-6595
-17115
-6515
-17419
-6523
-17603
-6611
-17835
-6579
-18027
-6531
-18371
-6579
-18507
-6507
-18811
-6867
85
-6851
-147
-6827
-347
-6875
-587
-6819
-867
-6827
-1059
-6827
-1307
-6779
-1563
-6835
-1819
-6811
-1955
-6795
-2259
-6827
-2523
-6875
-2763
-6843
-2955
-6755
-3235
-6875
-3451
-6755
-3731
-6811
-3947
-6851
-4139
-6851
-4347
-6819
-4707
-6843
-4899
-6851
-5179
-6867
-5435
-6867
-5675
-6843
-5883
-6747
-6035
-6875
-6299
-6779
-6627
-6827
-6803
-6811
-7027
-6755
-7267
-6867
-7483
-6875
-7755
-6755
-7979
-6859
-8187
-6795
-8531
-6835
-8723
-6811
-8931
-6851
-9163
-6851
-9435
-6795
-9635
-6771
-9955
-6875
-10179
-6811
-10355
-6867
-10675
-6795
-10891
-6875
-11099
-6763
-11395
-6859
-11579
-6875
-11795
-6843
-12155
-6867
-12339
-6867
-12595
-6819
-12827
-6819
-13075
-6763
-13315
-6851
-13555
-6875
-13707
-6747
-14059
-6867
-14283
-6843
-14451
-6787
-14779
-6771
-15003
-6795
-15195
-6787
-15411
-6859
-15643
-6779
-15867
-6867
-16195
-6811
-16347
-6795
-16627
-6843
-16939
-6787
-17131
-6867
-17403
-6803
-17547
-6747
-17851
-6843
-18027
-6755
-18275
-6763
-18611
-6779
-18811
-7059
117
-7051
-131
-7115
-291
-7027
-547
-7083
-819
-7043
-1059
-7035
-1275
-7083
-1531
-7083
-1739
-7115
-2075
-7043
-2243
-7107
-2467
-7091
-2691
-7067
-3035
-6987
-3155
-7051
-3483
-6995
-3723
-7035
-3947
-7115
-4179
-7091
-4403
-7059
-4627
-7067
-4875
-7011
-5107
-7099
-5435
-7067
-5635
-7067
-5875
-7003
-6027
-7107
-6355
-7067
-6571
-7027
-6795
-7051
-7003
-7051
-7227
-7075
-7499
-7091
-7771
-7099
-7947
-7083
-8211
-7027
-8531
-6995
-8779
-7027
-8971
-7099
-9267
-7091
-9395
-7011
-9627
-7099
-9931
-7099
-10139
-7067
-10363
-7027
-10627
-7091
-10939
-6987
-11195
-7051
-11435
-7075
-11595
-7107
-11843
-7115
-12083
-7091
-12283
-7019
-12587
-7099
-12771
-7003
-13107
-7083
-13331
-7043
-13547
-7115
-13771
-7075
-13971
-7091
-14259
-7043
-14491
-7059
-14715
-7075
-15035
-7107
-15163
-7019
-15395
-7107
-15747
-7051
-15995
-7067
-16227
-6987
-16379
-7091
-16707
-7059
-16939
-7019
-17195
-7043
-17363
-7083
-17651
-7003
-17819
-7011
-18131
-7011
-18291
-7011
-18595
-7003
-18851
-7347
109
-7339
-147
-7283
-395
-7259
-515
-7275
-811
-7339
-1051
-7283
-1315
-7243
-1499
-7315
-1723
-7355
-2011
-7315
-2243
-7307
-2499
-7347
-2779
-7315
-3027
-7355
-3243
-7267
-3459
-7283
-3755
-7355
-3875
-7259
-4131
-7235
-4459
-7307
-4627
-7355
-4851
-7307
-5187
-7251
-5395
-7307
-5547
-7315
-5851
-7275
-6075
-7307
-6379
-7339
-6507
-7323
-6835
-7347
-6987
-7299
-7291
-7251
-7547
-7227
-7779
-7355
-8003
-7315
-8251
-7251
-8435
-7243
-8795
-7339
-8923
-7347
-9275
-7259
-9459
-7347
-9715
-7291
-9883
-7339
-10163
-7339
-10363
-7315
-10603
-7355
-10843
-7339
-11131
-7259
-11307
-7355
-11659
-7283
-11835
-7291
-12107
-7275
-12371
-7339
-12555
-7283
-12859
-7307
-13099
-7275
-13355
-7355
-13515
-7299
-13779
-7235
-14059
-7355
-14275
-7331
-14443
-7347
-14667
-7355
-15011
-7283
-15227
-7259
-15459
-7291
-15635
-7299
-15939
-7315
-16155
-7299
-16467
-7323
-16587
-7235
-16939
-7227
-17171
-7347
-17347
-7259
-17627
-7299
-17867
-7315
-18035
-7275
-18307
-7251
-18563
-7339
-18851
-7475
109
-7499
-155
-7547
-283
-7515
-563
-7547
-795
-7499
-1059
-7571
-1227
-7539
-1507
-7523
-1827
-7587
-2027
-7595
-2227
-7571
-2467
-7467
-2731
-7555
-2979
-7587
-3251
-7571
-3475
-7491
-3747
-7555
-3907
-7531
-4219
-7475
-4435
-7539
-4643
-7579
-4875
-7515
-5131
-7515
-5307
-7499
-5563
-7475
-5907
-7555
-6067
-7587
-6283
-7555
-6635
-7579
-6867
-7491
-7043
-7547
-7299
-7467
-7475
-7563
-7795
-7539
-8027
-7579
-8307
-7515
-8515
-7491
-8723
-7515
-9019
-7587
-9179
-7475
-9403
-7507
-9731
-7555
-9963
-7515
-10235
-7515
-10459
-7475
-10603
-7491
-10915
-7547
-11147
-7531
-11419
-7491
-11571
-7499
-11875
-7579
-12075
-7555
-12347
-7563
-12571
-7483
-12859
-7523
-13027
-7555
-13251
-7595
-13515
-7523
-13835
-7523
-14067
-7587
-14299
-7547
-14555
-7499
-14731
-7587
-14923
-7571
-15243
-7467
-15419
-7595
-15659
-7499
-15899
-7467
-16123
-7531
-16451
-7523
-16675
-7579
-16827
-7531
-17171
-7467
-17403
-7539
-17587
-7491
-17803
-7587
-18051
-7595
-18371
-7491
-18611
-7531
-18851
-7731
101
-7803
-155
-7795
-363
-7835
-603
-7835
-755
-7771
-1019
-7795
-1283
-7755
-1475
-7827
-1771
-7819
-2019
-7779
-2283
-7811
-2475
-7827
-2731
-7739
-2931
-7827
-3219
-7795
-3459
-7787
-3739
-7827
-3875
-7795
-4163
-7771
-4347
-7819
-4643
-7835
-4859
-7763
-5091
-7755
-5411
-7827
-5611
-7827
-5787
-7819
-6027
-7747
-6275
-7755
-6587
-7731
-6771
-7731
-7091
-7787
-7259
-7795
-7555
-7731
-7755
-7835
-7947
-7787
-8195
-7747
-8523
-7707
-8707
-7835
-8947
-7819
-9251
-7787
-9491
-7739
-9739
-7707
-9883
-7747
-10155
-7723
-10475
-7763
-10611
-7827
-10843
-7715
-11195
-7819
-11395
-7787
-11627
-7835
-11899
-7755
-12155
-7787
-12363
-7731
-12563
-7779
-12827
-7811
-13067
-7779
-13307
-7771
-13523
-7835
-13707
-7755
-13979
-7747
-14275
-7827
-14515
-7731
-14667
-7827
-14987
-7787
-15227
-7819
-15459
-7827
-15643
-7723
-15963
-7803
-16179
-7803
-16475
-7787
-16619
-7779
-16867
-7827
-17187
-7771
-17427
-7739
-17635
-7803
-17899
-7811
-18091
-7803
-18275
-7747
-18595
-7787
-18811
-7995
117
-7979
-147
-8003
-323
-8019
-611
-7963
-779
-8075
-1075
-8019
-1331
-8043
-1515
-8059
-1707
-8067
-2019
-7987
-2227
-8059
-2483
-8035
-2771
-7971
-3035
-8059
-3195
-8051
-3475
-8059
-3731
-8019
-3955
-8035
-4139
-8035
-4387
-8051
-4635
-8019
-4955
-8051
-5131
-7963
-5427
-7947
-5603
-8035
-5891
-8019
-6107
-7971
-6355
-8043
-6507
-7995
-6819
-8035
-7059
-8075
-7251
-7963
-7483
-8067
-7739
-8027
-8019
-8075
-8291
-8059
-8467
-8051
-8779
-8067
-8907
-7963
-9163
-8059
-9435
-7955
-9691
-8019
-9875
-7979
-10219
-8075
-10459
-8043
-10611
-7955
-10899
-8027
-11099
-8067
-11379
-7995
-11571
-8059
-11875
-7963
-12059
-8067
-12363
-8051
-12523
-8003
-12795
-8067
-13059
-8067
-13283
-8075
-13523
-8067
-13827
-7995
-13979
-7979
-14251
-8059
-14427
-8027
-14683
-8027
-14907
-7995
-15203
-8051
-15419
-7971
-15755
-8059
-15899
-8059
-16171
-8075
-16395
-7987
-16707
-8003
-16891
-8067
-17195
-8035
-17363
-8043
-17603
-8003
-17891
-8067
-18115
-8035
-18291
-8027
-18507
-7987
-18811
-8187
101
-8203
-59
-8203
-323
-8267
-635
-8267
-803
-8299
-1115
-8235
-1259
-8291
-1531
-8211
-1779
-8299
-2019
-8227
-2267
-8187
-2427
-8243
-2747
-8259
-2915
-8251
-3147
-8235
-3451
-8211
-3699
-8267
-3907
-8251
-4195
-8307
-4403
-8203
-4619
-8267
-4859
-8299
-5083
-8307
-5411
-8235
-5643
-8267
-5787
-8315
-6155
-8211
-6331
-8251
-6579
-8203
-6763
-8307
-7115
-8251
-7299
-8275
-7579
-8243
-7723
-8187
-7971
-8203
-8299
-8227
-8451
-8307
-8779
-8275
-8987
-8299
-9243
-8307
-9395
-8299
-9675
-8195
-9899
-8307
-10179
-8235
-10387
-8235
-10627
-8275
-10827
-8291
-11131
-8315
-11347
-8299
-11675
-8227
-11835
-8315
-12107
-8259
-12291
-8283
-12547
-8267
-12819
-8219
-13051
-8307
-13243
-8243
-13547
-8275
-13707
-8251
-14059
-8211
-14203
-8291
-14427
-8211
-14723
-8203
-14995
-8203
-15275
-8275
-15475
-8219
-15739
-8243
-15923
-8275
-16115
-8299
-16387
-8235
-16699
-8203
-16843
-8187
-17107
-8275
-17339
-8315
-17587
-8211
-17787
-8259
-18075
-8227
-18331
-8259
-18611
-8227
-18819
-8515
93
-8427
-99
-8531
-267
-8547
-531
-8547
-763
-8507
-1083
-8459
-1291
-8483
-1539
-8467
-1819
-8491
-1979
-8435
-2259
-8547
-2483
-8467
-2691
-8523
-2947
-8443
-3235
-8523
-3507
-8531
-3691
-8427
-3995
-8523
-4219
-8451
-4467
-8523
-4635
-8451
-4947
-8475
-5179
-8475
-5323
-8499
-5627
-8507
-5915
-8515
-6155
-8539
-6395
-8531
-6635
-8475
-6747
-8475
-7075
-8491
-7347
-8499
-7483
-8523
-7747
-8507
-8027
-8491
-8315
-8427
-8459
-8507
-8795
-8459
-8987
-8555
-9171
-8555
-9483
-8443
-9755
-8435
-9899
-8531
-10131
-8507
-10387
-8507
-10603
-8459
-10907
-8523
-11091
-8555
-11379
-8555
-11635
-8427
-11787
-8539
-12091
-8483
-12363
-8555
-12603
-8531
-12811
-8515
-13003
-8555
-13299
-8539
-13547
-8515
-13811
-8515
-14059
-8539
-14187
-8523
-14427
-8507
-14795
-8507
-14907
-8539
-15179
-8507
-15475
-8499
-15627
-8555
-15891
-8427
-16155
-8443
-16347
-8491
-16643
-8499
-16947
-8523
-17067
-8555
-17403
-8435
-17635
-8547
-17835
-8443
-18035
-8555
-18291
-8475
-18595
-8475
-18867
-8723
149
-8707
-35
-8771
-339
-8683
-523
-8771
-747
-8755
-1107
-8787
-1331
-8683
-1491
-8683
-1763
-8683
-2019
-8771
-2219
-8787
-2435
-8747
-2723
-8691
-2931
-8795
-3275
-8715
-3435
-8771
-3683
-8763
-3955
-8763
-4203
-8715
-4435
-8731
-4691
-8731
-4947
-8795
-5147
-8795
-5331
-8763
-5603
-8723
-5787
-8779
-6155
-8675
-6307
-8795
-6539
-8763
-6763
-8795
-7043
-8707
-7331
-8771
-7499
-8675
-7811
-8747
-8011
-8771
-8275
-8683
-8475
-8723
-8691
-8715
-9011
-8787
-9163
-8795
-9459
-8747
-9667
-8707
-9891
-8691
-10179
-8763
-10419
-8779
-10707
-8667
-10859
-8723
-11147
-8667
-11379
-8771
-11627
-8667
-11899
-8675
-12043
-8723
-12387
-8683
-12547
-8723
-12787
-8755
-13115
-8779
-13355
-8747
-13515
-8715
-13763
-8787
-14003
-8675
-14267
-8747
-14491
-8723
-14699
-8795
-15035
-8715
-15147
-8691
-15499
-8691
-15715
-8731
-15971
-8675
-16147
-8699
-16427
-8667
-16635
-8739
-16955
-8763
-17155
-8715
-17419
-8731
-17643
-8739
-17899
-8747
-18155
-8707
-18347
-8691
-18507
-8763
-18875
-8955
133
-8923
-139
-8955
-371
-8947
-571
-9035
-763
-8907
-1107
-8987
-1347
-8931
-1499
-8963
-1787
-8939
-1971
-9003
-2283
-8923
-2523
-8947
-2771
-8971
-2979
-9019
-3155
-9011
-3475
-8979
-3723
-8963
-3891
-9035
-4235
-8939
-4347
-9027
-4587
-9035
-4955
-8955
-5187
-8995
-5379
-8947
-5667
-9027
-5787
-9019
-6147
-8955
-6371
-9027
-6603
-9035
-6747
-8931
-7027
-9003
-7235
-9027
-7579
-8939
-7827
-8915
-8051
-9011
-8307
-8907
-8539
-8939
-8739
-8971
-8979
-9035
-9235
-9003
-9411
-8931
-9715
-8987
-9923
-9035
-10107
-9011
-10411
-8947
-10643
-8971
-10827
-8955
-11171
-8915
-11355
-8995
-11675
-8931
-11803
-8979
-12043
-9035
-12315
-9027
-12611
-8979
-12811
-8947
-12995
-8955
-13243
-8923
-13483
-9027
-13739
-9011
-14003
-8971
-14283
-9011
-14523
-8971
-14683
-8915
-14979
-9003
-15259
-8915
-15507
-8939
-15675
-9019
-15891
-9003
-16107
-8995
-16419
-8979
-16667
-8987
-16851
-9027
-17107
-9019
-17379
-9019
-17555
-9035
-17787
-9035
-18083
-8955
-18363
-8971
-18555
-8963
-18851
-9187
141
-9235
-27
-9275
-307
-9179
-595
-9219
-779
-9251
-1003
-9235
-1283
-9275
-1515
-9171
-1795
-9195
-1995
-9155
-2203
-9179
-2531
-9251
-2675
-9227
-2995
-9147
-3147
-9219
-3443
-9267
-3659
-9267
-3875
-9243
-4155
-9251
-4387
-9171
-4643
-9243
-4947
-9275
-5147
-9187
-5339
-9211
-5571
-9259
-5891
-9171
-6147
-9187
-6299
-9147
-6539
-9163
-6795
-9267
-7083
-9243
-7267
-9275
-7507
-9203
-7763
-9267
-7979
-9203
-8251
-9259
-8427
-9227
-8739
-9227
-8931
-9251
-9155
-9171
-9395
-9147
-9659
-9147
-9939
-9147
-10139
-9275
-10395
-9227
-10715
-9179
-10955
-9275
-11139
-9195
-11363
-9163
-11667
-9203
-11851
-9187
-12027
-9267
-12363
-9203
-12531
-9259
-12851
-9147
-13035
-9147
-13251
-9251
-13483
-9275
-13763
-9219
-14003
-9235
-14243
-9211
-14491
-9211
-14795
-9163
-14923
-9243
-15147
-9163
-15475
-9227
-15659
-9243
-15979
-9163
-16211
-9267
-16475
-9187
-16651
-9267
-16867
-9219
-17067
-9267
-17427
-9267
-17587
-9179
-17787
-9267
-18147
-9267
-18379
-9179
-18515
-9219
-18819
-9451
125
-9515
-139
-9411
-275
-9483
-579
-9507
-747
-9387
-1067
-9411
-1355
-9435
-1499
-9411
-1779
-9515
-2019
-9435
-2275
-9491
-2531
-9435
-2755
-9427
-2915
-9491
-3267
-9507
-3443
-9419
-3723
-9459
-3987
-9451
-4227
-9459
-4355
-9395
-4627
-9483
-4835
-9491
-5067
-9467
-5331
-9499
-5603
-9499
-5843
-9499
-6131
-9435
-6275
-9435
-6515
-9451
-6803
-9451
-7003
-9507
-7307
-9435
-7475
-9491
-7763
-9507
-8067
-9515
-8243
-9507
-8507
-9491
-8795
-9451
-9035
-9507
-9147
-9451
-9387
-9475
-9723
-9419
-9963
-9467
-10235
-9507
-10475
-9387
-10707
-9387
-10947
-9491
-11163
-9419
-11403
-9499
-11627
-9515
-11843
-9475
-12075
-9435
-12275
-9507
-12515
-9499
-12859
-9491
-13027
-9483
-13275
-9499
-13579
-9459
-13795
-9451
-13963
-9459
-14227
-9411
-14547
-9491
-14683
-9419
-14915
-9515
-15267
-9427
-15443
-9435
-15651
-9411
-15867
-9515
-16235
-9475
-16371
-9507
-16675
-9451
-16875
-9483
-17123
-9499
-17363
-9395
-17547
-9467
-17883
-9491
-18123
-9499
-18347
-9403
-18611
-9443
-18843
-9651
125
-9691
-75
-9723
-379
-9715
-555
-9707
-811
-9675
-1003
-9651
-1347
-9643
-1499
-9755
-1803
-9667
-1979
-9747
-2307
-9707
-2531
-9707
-2707
-9699
-2947
-9747
-3163
-9651
-3507
-9691
-3675
-9675
-3915
-9675
-4211
-9731
-4363
-9747
-4683
-9739
-4843
-9755
-5083
-9667
-5339
-9715
-5563
-9699
-5811
-9755
-6123
-9723
-6347
-9691
-6571
-9691
-6811
-9723
-7083
-9667
-7347
-9683
-7515
-9747
-7803
-9731
-7963
-9707
-8211
-9691
-8459
-9707
-8723
-9723
-8923
-9755
-9211
-9659
-9419
-9747
-9651
-9691
-9995
-9691
-10179
-9731
-10451
-9699
-10651
-9627
-10867
-9755
-11155
-9731
-11435
-9691
-11547
-9659
-11907
-9715
-12123
-9667
-12355
-9667
-12563
-9699
-12755
-9731
-13083
-9707
-13283
-9731
-13571
-9731
-13835
-9715
-14059
-9739
-14307
-9707
-14491
-9715
-14771
-9715
-15003
-9731
-15275
-9755
-15515
-9731
-15659
-9731
-15995
-9683
-16171
-9651
-16475
-9723
-16715
-9707
-16835
-9675
-17195
-9755
-17435
-9747
-17619
-9667
-17883
-9635
-18083
-9683
-18275
-9627
-18595
-9731
-18843
-9907
125
-9995
-91
-9907
-307
-9931
-611
-9867
-875
-9939
-987
-9979
-1283
-9947
-1531
-9931
-1763
-9995
-2011
-9995
-2267
-9931
-2451
-9995
-2747
-9915
-2987
-9971
-3251
-9971
-3403
-9867
-3691
-9995
-3947
-9907
-4203
-9995
-4427
-9971
-4627
-9995
-4939
-9899
-5123
-9979
-5347
-9979
-5651
-9955
-5883
-9947
-6051
-9971
-6371
-9915
-6547
-9891
-6747
-9931
-7083
-9955
-7315
-9891
-7475
-9939
-7715
-9883
-8019
-9995
-8307
-9995
-8539
-9987
-8715
-9931
-8971
-9955
-9147
-9891
-9483
-9955
-9675
-9947
-9939
-9907
-10203
-9899
-10475
-9883
-10659
-9915
-10939
-9883
-11083
-9971
-11339
-9987
-11619
-9939
-11915
-9939
-12091
-9963
-12347
-9923
-12563
-9971
-12867
-9907
-13075
-9987
-13235
-9971
-13499
-9939
-13771
-9899
-13963
-9979
-14283
-9955
-14523
-9891
-14715
-9955
-14931
-9931
-15195
-9915
-15403
-9971
-15755
-9979
-15995
-9899
-16131
-9931
-16451
-9963
-16587
-9995
-16955
-9979
-17155
-9947
-17355
-9955
-17595
-9979
-17803
-9875
-18043
-9899
-18331
-9979
-18603
-9955
-18851
-10155
85
-10163
-75
-10139
-283
-10131
-563
-10147
-787
-10227
-1083
-10115
-1347
-10235
-1483
-10139
-1819
-10195
-2067
-10195
-2315
-10227
-2467
-10227
-2739
-10211
-3027
-10139
-3187
-10163
-3395
-10163
-3643
-10227
-3931
-10219
-4219
-10203
-4427
-10195
-4675
-10219
-4883
-10211
-5075
-10219
-5403
-10131
-5579
-10203
-5835
-10187
-6131
-10155
-6283
-10203
-6515
-10219
-6835
-10179
-7115
-10107
-7315
-10227
-7475
-10219
-7771
-10131
-8035
-10235
-8211
-10139
-8555
-10123
-8763
-10195
-8923
-10227
-9179
-10163
-9499
-10107
-9715
-10139
-9947
-10155
-10219
-10227
-10363
-10107
-10619
-10179
-10835
-10179
-11123
-10235
-11347
-10203
-11635
-10203
-11835
-10227
-12035
-10147
-12275
-10203
-12587
-10187
-12851
-10131
-12987
-10219
-13355
-10123
-13531
-10163
-13819
-10139
-13955
-10203
-14291
-10195
-14555
-10187
-14667
-10163
-15019
-10219
-15211
-10219
-15387
-10139
-15739
-10235
-15955
-10155
-16179
-10219
-16387
-10187
-16699
-10195
-16915
-10147
-17115
-10235
-17315
-10179
-17563
-10211
-17803
-10195
-18099
-10219
-18347
-10227
-18563
-10227
-18867
-10467
125
-10459
-91
-10459
-363
-10443
-595
-10427
-851
-10443
-1075
-10411
-1307
-10451
-1555
-10467
-1731
-10475
-2027
-10451
-2275
-10459
-2459
-10411
-2731
-10459
-2915
-10475
-3211
-10451
-3451
-10435
-3651
-10451
-3867
-10435
-4107
-10459
-4379
-10459
-4699
-10475
-4851
-10443
-5163
-10475
-5355
-10459
-5587
-10467
-5891
-10419
-6027
-10467
-6283
-10411
-6603
-10427
-6827
-10427
-7083
-10411
-7235
-10435
-7499
-10467
-7707
-10443
-8011
-10419
-8195
-10467
-8539
-10467
-8707
-10451
-9035
-10459
-9211
-10475
-9435
-10451
-9755
-10459
-9883
-10419
-10235
-10435
-10435
-10427
-10643
-10411
-10875
-10451
-11083
-10475
-11331
-10467
-11659
-10419
-11843
-10443
-12051
-10435
-12315
-10459
-12619
-10451
-12795
-10443
-13035
-10475
-13299
-10467
-13555
-10427
-13771
-10467
-13955
-10475
-14203
-10419
-14475
-10411
-14787
-10419
-15003
-10443
-15259
-10435
-15419
-10443
-15723
-10475
-15939
-10459
-16115
-10467
-16371
-10411
-16659
-10411
-16883
-10459
-17067
-10467
-17355
-10427
-17619
-10451
-17899
-10435
-18115
-10411
-18379
-10475
-18587
-10475
-18851
