93
475
223
-43
378
-290
440
-563
504
-797
457
-1032
238
-1325
570
-1445
536
-1743
272
-1939
243
-2235
163
-2405
201
-2685
475
-2943
121
-3179
437
-3453
199
-3673
211
-3885
251
-4209
183
-4371
353
-4685
85
-4843
141
-5119
109
-5335
101
-5535
101
-5851
117
-6063
141
-6315
109
-6611
85
-6791
93
-6983
93
-7211
109
-7555
109
-7711
93
-8055
133
-8267
149
-8547
125
-8759
117
-9023
133
-9123
149
-9415
109
-9675
93
-9955
85
-10163
117
-10371
101
-10595
101
-10947
141
-11139
93
-11331
101
-11579
85
-11811
125
-12123
133
-12323
109
-12627
125
-12843
93
-13115
117
-13323
101
-13491
133
-13731
101
-14027
141
-14203
133
-14451
85
-14707
93
-15003
85
-15243
125
-15427
85
-15755
149
-15867
117
-16195
101
-16443
125
-16587
109
-16931
85
-17131
85
-17307
85
-17571
109
-17891
109
-18123
133
-18275
85
-18635
149
-18851
-111
1068
-102
-33
-15
-339
-68
-585
-77
-815
-14
-1071
-114
-1290
-124
-1514
-132
-1822
-71
-2057
-75
-2271
-75
-2483
-99
-2663
-107
-2887
-111
-3267
-123
-3413
-131
-3631
-107
-3959
-45
-4215
-115
-4457
-115
-4677
-47
-4887
-15
-5107
-95
-5299
-111
-5563
-151
-5867
-111
-6051
-51
-6283
-139
-6591
-7
-6715
-63
-7063
-127
-7215
-67
-7491
-119
-7691
-87
-8011
-95
-8239
-135
-8479
-83
-8691
-155
-8967
-143
-9199
-31
-9459
-115
-9715
-59
-9995
-59
-10211
-107
-10371
-91
-10707
-123
-10851
-43
-11123
-75
-11419
-123
-11667
-99
-11891
-131
-12147
-99
-12299
-155
-12635
-27
-12811
-35
-13003
-91
-13299
-155
-13531
-43
-13707
-147
-14035
-115
-14187
-131
-14467
-91
-14763
-155
-15027
-147
-15163
-131
-15459
-131
-15675
-123
-15939
-115
-16219
-75
-16451
-43
-16699
-51
-16939
-115
-17155
-91
-17339
-155
-17643
-131
-17883
-131
-18067
-131
-18291
-131
-18523
-115
-18835
-346
1271
-283
-50
-253
-323
-345
-523
-348
-793
-383
-1080
-375
-1264
-371
-1528
-369
-1680
-327
-2026
-345
-2262
-277
-2397
-323
-2689
-301
-2927
-343
-3243
-327
-3455
-361
-3669
-345
-3891
-341
-4177
-239
-4385
-351
-4663
-347
-4915
-247
-5187
-327
-5395
-387
-5547
-347
-5891
-283
-6083
-315
-6303
-259
-6559
-275
-6851
-363
-6995
-331
-7347
-323
-7563
-339
-7775
-359
-7935
-387
-8215
-363
-8439
-275
-8759
-395
-8991
-375
-9115
-339
-9475
-347
-9699
-395
-9955
-379
-10235
-347
-10395
-339
-10643
-323
-10955
-387
-11155
-339
-11419
-347
-11659
-339
-11859
-267
-12051
-387
-12363
-379
-12611
-291
-12851
-395
-13059
-339
-13291
-339
-13579
-371
-13723
-307
-13979
-387
-14267
-395
-14523
-299
-14699
-363
-14931
-387
-15219
-315
-15459
-299
-15651
-275
-15899
-371
-16123
-307
-16443
-387
-16691
-371
-16859
-395
-17099
-355
-17387
-339
-17571
-363
-17787
-347
-18107
-307
-18267
-339
-18507
-387
-18835
-587
591
-485
-85
-528
-257
-604
-509
-547
-801
-567
-1053
-598
-1314
-608
-1542
-592
-1763
-633
-1993
-544
-2312
-469
-2499
-603
-2693
-485
-2963
-599
-3163
-493
-3493
-597
-3691
-547
-3895
-575
-4153
-597
-4375
-555
-4685
-535
-4883
-487
-5147
-539
-5315
-611
-5547
-535
-5847
-615
-6051
-595
-6251
-523
-6579
-483
-6771
-491
-7079
-515
-7219
-611
-7595
-551
-7811
-615
-8075
-603
-8235
-607
-8499
-527
-8743
-543
-8999
-507
-9231
-615
-9391
-563
-9739
-563
-9987
-507
-10195
-539
-10347
-635
-10603
-619
-10939
-635
-11147
-619
-11307
-547
-11571
-611
-11787
-531
-12115
-579
-12363
-587
-12587
-635
-12787
-563
-13043
-587
-13307
-571
-13475
-619
-13819
-595
-13947
-627
-14195
-611
-14523
-555
-14771
-579
-14987
-555
-15267
-611
-15467
-627
-15739
-595
-15963
-627
-16163
-627
-16395
-635
-16643
-603
-16947
-635
-17123
-619
-17331
-611
-17627
-611
-17899
-579
-18155
-619
-18275
-539
-18531
-579
-18819
-811
604
-815
-109
-793
-261
-749
-604
-815
-755
-837
-1081
-865
-1219
-805
-1496
-847
-1797
-829
-1914
-819
-2258
-825
-2427
-793
-2793
-851
-2927
-795
-3207
-763
-3373
-783
-3647
-775
-3855
-821
-4107
-731
-4313
-833
-4705
-819
-4827
-855
-5083
-807
-5355
-755
-5643
-791
-5835
-807
-6131
-759
-6363
-763
-6531
-827
-6779
-851
-7047
-787
-7235
-783
-7519
-859
-7779
-815
-7983
-763
-8287
-811
-8535
-839
-8675
-815
-9011
-823
-9255
-835
-9507
-859
-9715
-747
-9979
-875
-10155
-875
-10395
-747
-10691
-859
-10915
-771
-11123
-827
-11363
-867
-11643
-787
-11811
-819
-12067
-755
-12283
-755
-12635
-811
-12795
-835
-13075
-867
-13331
-811
-13579
-779
-13747
-859
-14051
-795
-14235
-787
-14507
-867
-14699
-819
-14907
-787
-15163
-755
-15419
-851
-15747
-851
-15971
-755
-16155
-771
-16387
-875
-16707
-875
-16843
-755
-17091
-787
-17339
-851
-17619
-755
-17811
-843
-18035
-771
-18275
-811
-18579
-795
-18819
-1051
711
-1008
-118
-1021
-323
-1098
-495
-987
-735
-1056
-999
-1047
-1225
-1023
-1537
-1061
-1803
-1047
-2041
-980
-2269
-1005
-2499
-981
-2675
-1007
-2947
-1089
-3123
-1035
-3461
-1031
-3719
-1055
-3865
-967
-4187
-979
-4411
-987
-4693
-1075
-4943
-1007
-5159
-995
-5323
-999
-5651
-1095
-5835
-1015
-6091
-1035
-6331
-1059
-6551
-1071
-6775
-1087
-6999
-1107
-7267
-1095
-7479
-999
-7783
-1083
-7947
-1063
-8163
-987
-8543
-995
-8743
-999
-8975
-1047
-9243
-1003
-9499
-1107
-9635
-1059
-9979
-1011
-10211
-1115
-10451
-1075
-10611
-1043
-10843
-1051
-11131
-1027
-11371
-1107
-11627
-1019
-11891
-1115
-12147
-1099
-12339
-1011
-12515
-1003
-12811
-1067
-13051
-1011
-13355
-1011
-13467
-1043
-13731
-1051
-14051
-1067
-14227
-1099
-14459
-1067
-14683
-1059
-15003
-1091
-15235
-1115
-15491
-1115
-15643
-1035
-15899
-1051
-16131
-1067
-16395
-1043
-16659
-1075
-16867
-1011
-17099
-1115
-17379
-1003
-17579
-1099
-17835
-1059
-18155
-1075
-18363
-1115
-18587
-1083
-18875
-1251
861
-1243
-73
-1217
-335
-1337
-595
-1298
-723
-1329
-1063
-1303
-1239
-1226
-1557
-1247
-1806
-1319
-1945
-1204
-2251
-1301
-2527
-1239
-2679
-1217
-2903
-1219
-3253
-1327
-3411
-1213
-3725
-1335
-3875
-1243
-4093
-1223
-4433
-1271
-4563
-1355
-4927
-1275
-5155
-1355
-5427
-1243
-5515
-1287
-5791
-1299
-6115
-1343
-6347
-1291
-6587
-1271
-6823
-1319
-7095
-1331
-7219
-1251
-7579
-1275
-7687
-1299
-8071
-1251
-8203
-1251
-8415
-1227
-8635
-1267
-8919
-1255
-9187
-1231
-9391
-1251
-9747
-1291
-9891
-1323
-10155
-1339
-10459
-1283
-10715
-1355
-10907
-1323
-11115
-1315
-11387
-1283
-11595
-1291
-11795
-1283
-12115
-1251
-12267
-1275
-12635
-1323
-12875
-1307
-13099
-1355
-13299
-1307
-13483
-1347
-13779
-1283
-14027
-1235
-14307
-1355
-14467
-1315
-14731
-1347
-14915
-1315
-15227
-1315
-15491
-1347
-15659
-1291
-15907
-1259
-16131
-1283
-16427
-1227
-16635
-1307
-16923
-1347
-17075
-1355
-17347
-1227
-17659
-1339
-17835
-1355
-18027
-1331
-18323
-1299
-18579
-1267
-18867
-1555
357
-1551
-19
-1557
-279
-1501
-563
-1567
-859
-1531
-1099
-1499
-1259
-1451
-1559
-1505
-1709
-1479
-1989
-1551
-2295
-1465
-2523
-1569
-2661
-1551
-2947
-1499
-3139
-1561
-3413
-1575
-3641
-1569
-3863
-1525
-4143
-1529
-4413
-1523
-4583
-1543
-4915
-1463
-5107
-1443
-5363
-1563
-5559
-1475
-5875
-1551
-6099
-1439
-6367
-1539
-6575
-1515
-6771
-1499
-7023
-1483
-7275
-1559
-7515
-1583
-7755
-1475
-7975
-1567
-8267
-1563
-8435
-1519
-8739
-1555
-8923
-1567
-9167
-1579
-9515
-1547
-9739
-1539
-9955
-1595
-10107
-1539
-10475
-1515
-10683
-1579
-10843
-1531
-11091
-1523
-11315
-1579
-11563
-1531
-11859
-1507
-12115
-1523
-12291
-1515
-12611
-1491
-12827
-1483
-13011
-1555
-13347
-1523
-13483
-1571
-13715
-1587
-13955
-1587
-14219
-1523
-14451
-1555
-14731
-1467
-14947
-1483
-15179
-1491
-15387
-1523
-15683
-1515
-15995
-1579
-16171
-1539
-16435
-1515
-16619
-1491
-16923
-1475
-17067
-1571
-17387
-1595
-17579
-1579
-17859
-1571
-18123
-1491
-18323
-1587
-18515
-1563
-18843
-1759
1685
-1819
-77
-1713
-371
-1801
-635
-1747
-815
-1733
-1073
-1735
-1323
-1729
-1531
-1709
-1731
-1743
-2009
-1769
-2207
-1693
-2491
-1809
-2721
-1789
-2891
-1705
-3171
-1783
-3415
-1783
-3715
-1777
-3869
-1815
-4199
-1783
-4389
-1799
-4675
-1739
-4847
-1723
-5083
-1835
-5359
-1831
-5523
-1823
-5827
-1819
-6043
-1791
-6355
-1803
-6479
-1779
-6739
-1779
-7063
-1799
-7323
-1795
-7527
-1763
-7715
-1811
-7995
-1727
-8231
-1735
-8439
-1695
-8699
-1759
-8919
-1711
-9131
-1819
-9363
-1779
-9699
-1779
-9947
-1763
-10131
-1811
-10347
-1779
-10699
-1835
-10843
-1723
-11091
-1819
-11379
-1707
-11555
-1795
-11907
-1771
-12075
-1827
-12291
-1779
-12603
-1787
-12787
-1779
-13003
-1763
-13315
-1811
-13475
-1747
-13795
-1739
-13955
-1827
-14219
-1827
-14467
-1771
-14723
-1811
-14939
-1819
-15187
-1771
-15419
-1811
-15731
-1835
-15867
-1731
-16123
-1795
-16475
-1779
-16603
-1803
-16875
-1763
-17131
-1835
-17419
-1803
-17611
-1723
-17835
-1779
-18139
-1835
-18363
-1787
-18563
-1731
-18843
-1993
593
-1949
-15
-2049
-373
-2039
-519
-2005
-821
-1991
-1107
-1977
-1239
-2009
-1477
-2025
-1731
-2065
-1999
-1961
-2235
-2015
-2511
-1965
-2759
-2039
-2889
-2027
-3237
-1977
-3377
-1999
-3643
-2045
-3927
-2043
-4109
-2059
-4367
-1927
-4643
-2047
-4931
-1951
-5183
-1987
-5303
-2027
-5639
-1999
-5799
-2039
-6087
-1991
-6319
-1987
-6551
-2043
-6727
-2071
-6971
-2071
-7195
-2039
-7551
-1951
-7735
-2019
-8035
-1975
-8239
-2047
-8403
-2051
-8723
-1967
-8955
-1947
-9243
-2027
-9403
-2051
-9699
-1955
-9971
-2003
-10227
-1979
-10395
-1995
-10675
-2051
-10955
-2075
-11083
-1947
-11315
-2075
-11675
-2075
-11811
-2075
-12115
-2043
-12379
-2043
-12523
-2027
-12763
-2051
-13043
-2043
-13275
-2059
-13595
-2067
-13787
-2011
-14019
-2027
-14251
-2059
-14443
-1987
-14787
-1987
-14931
-2067
-15243
-2027
-15443
-2075
-15675
-1955
-15947
-2075
-16139
-2067
-16395
-2075
-16595
-2011
-16891
-2043
-17155
-1971
-17395
-2019
-17659
-2043
-17891
-2067
-18051
-2019
-18307
-2043
-18507
-2067
-18819
-2243
1397
-2247
-75
-2279
-253
-2267
-531
-2225
-771
-2297
-985
-2229
-1305
-2235
-1573
-2275
-1759
-2281
-1951
-2279
-2195
-2279
-2471
-2175
-2771
-2203
-2941
-2247
-3193
-2267
-3403
-2245
-3709
-2281
-3935
-2255
-4093
-2211
-4409
-2187
-4667
-2291
-4855
-2207
-5119
-2239
-5371
-2307
-5523
-2303
-5775
-2303
-6107
-2247
-6303
-2239
-6603
-2271
-6755
-2279
-7075
-2295
-7219
-2227
-7475
-2255
-7703
-2259
-8051
-2259
-8259
-2215
-8459
-2207
-8735
-2219
-8947
-2263
-9171
-2271
-9395
-2203
-9699
-2195
-9883
-2203
-10163
-2243
-10355
-2315
-10675
-2211
-10915
-2227
-11091
-2243
-11347
-2299
-11619
-2187
-11795
-2291
-12075
-2251
-12363
-2283
-12507
-2283
-12875
-2267
-13115
-2315
-13235
-2243
-13563
-2307
-13835
-2315
-14011
-2291
-14227
-2291
-14555
-2203
-14707
-2307
-14979
-2315
-15251
-2243
-15395
-2251
-15691
-2251
-15947
-2219
-16131
-2259
-16403
-2251
-16611
-2259
-16827
-2235
-17067
-2267
-17339
-2283
-17619
-2299
-17915
-2203
-18067
-2307
-18283
-2267
-18555
-2315
-18835
-2495
403
-2471
-113
-2523
-299
-2531
-565
-2541
-789
-2451
-1059
-2523
-1237
-2505
-1561
-2471
-1745
-2417
-2061
-2517
-2265
-2525
-2513
-2503
-2661
-2521
-2979
-2513
-3241
-2457
-3363
-2487
-3669
-2441
-3873
-2401
-4111
-2547
-4451
-2545
-4687
-2507
-4919
-2543
-5059
-2523
-5419
-2427
-5575
-2423
-5867
-2475
-6119
-2483
-6291
-2443
-6507
-2471
-6755
-2543
-7035
-2487
-7331
-2503
-7519
-2535
-7683
-2535
-7983
-2491
-8203
-2439
-8511
-2423
-8667
-2531
-8927
-2503
-9151
-2527
-9467
-2435
-9643
-2539
-9939
-2491
-10171
-2555
-10355
-2451
-10699
-2547
-10851
-2451
-11131
-2491
-11363
-2555
-11555
-2427
-11795
-2451
-12115
-2555
-12307
-2531
-12523
-2483
-12779
-2515
-13035
-2555
-13267
-2483
-13587
-2555
-13827
-2555
-14043
-2451
-14235
-2539
-14483
-2523
-14667
-2547
-14971
-2539
-15211
-2547
-15507
-2531
-15707
-2483
-15979
-2467
-16179
-2539
-16411
-2531
-16691
-2523
-16915
-2435
-17075
-2539
-17411
-2547
-17643
-2523
-17883
-2443
-18083
-2427
-18315
-2507
-18635
-2459
-18867
-2735
125
-2667
-91
-2795
-239
-2687
-531
-2735
-859
-2779
-1039
-2759
-1311
-2731
-1523
-2771
-1775
-2671
-1959
-2719
-2199
-2759
-2511
-2687
-2729
-2719
-2999
-2743
-3267
-2723
-3479
-2643
-3699
-2707
-3887
-2751
-4207
-2767
-4315
-2707
-4635
-2791
-4855
-2763
-5079
-2707
-5363
-2763
-5575
-2759
-5831
-2667
-6135
-2715
-6355
-2719
-6631
-2707
-6755
-2691
-7051
-2751
-7323
-2779
-7447
-2779
-7715
-2791
-8047
-2759
-8275
-2775
-8515
-2747
-8719
-2731
-8927
-2743
-9203
-2719
-9387
-2691
-9627
-2699
-9891
-2787
-10115
-2731
-10371
-2795
-10643
-2675
-10843
-2755
-11147
-2779
-11307
-2739
-11643
-2739
-11907
-2779
-12083
-2715
-12307
-2771
-12627
-2787
-12795
-2787
-13003
-2747
-13243
-2787
-13499
-2763
-13819
-2787
-14067
-2723
-14187
-2755
-14435
-2667
-14691
-2747
-14939
-2755
-15163
-2787
-15419
-2683
-15699
-2739
-15963
-2723
-16123
-2731
-16379
-2787
-16619
-2723
-16835
-2755
-17147
-2795
-17403
-2779
-17675
-2787
-17883
-2731
-18035
-2795
-18339
-2715
-18587
-2739
-18859
-2947
125
-2991
-55
-2967
-299
-3015
-495
-2919
-755
-3011
-983
-3011
-1327
-2979
-1447
-3023
-1763
-2959
-1939
-3003
-2203
-3015
-2531
-3015
-2667
-2987
-3003
-2883
-3259
-2995
-3483
-2963
-3635
-3023
-3907
-2887
-4199
-2891
-4435
-3003
-4675
-2955
-4847
-2903
-5143
-3019
-5375
-2883
-5615
-2943
-5867
-2915
-6051
-2963
-6259
-2999
-6575
-2959
-6843
-2963
-7067
-2975
-7323
-3011
-7531
-3003
-7707
-2999
-7955
-2979
-8275
-3027
-8503
-2967
-8707
-2995
-8923
-2963
-9243
-2947
-9375
-3019
-9747
-3011
-9891
-3003
-10155
-3035
-10411
-2995
-10715
-2995
-10955
-3027
-11187
-2915
-11419
-3003
-11643
-3019
-11891
-3035
-12123
-2995
-12291
-3011
-12611
-2995
-12747
-3027
-13019
-2915
-13267
-2995
-13579
-2963
-13835
-3003
-14019
-2931
-14299
-2979
-14523
-3035
-14739
-2995
-14963
-3011
-15227
-2971
-15507
-2931
-15683
-3027
-15923
-3027
-16147
-3027
-16459
-2987
-16667
-3011
-16931
-2939
-17155
-3011
-17435
-2915
-17595
-3019
-17859
-2947
-18131
-2947
-18307
-2923
-18531
-2915
-18819
-3179
149
-3247
-75
-3247
-355
-3235
-523
-3267
-827
-3187
-1107
-3271
-1235
-3147
-1539
-3231
-1715
-3251
-1999
-3235
-2283
-3251
-2471
-3151
-2747
-3239
-2943
-3267
-3203
-3227
-3491
-3271
-3747
-3187
-3939
-3127
-4131
-3191
-4399
-3211
-4619
-3155
-4827
-3223
-5179
-3171
-5343
-3151
-5639
-3207
-5891
-3239
-6095
-3187
-6303
-3271
-6531
-3171
-6731
-3235
-7075
-3163
-7291
-3223
-7559
-3139
-7707
-3243
-8075
-3175
-8279
-3223
-8539
-3171
-8795
-3219
-8987
-3251
-9183
-3167
-9483
-3179
-9707
-3259
-9987
-3179
-10235
-3203
-10443
-3163
-10603
-3171
-10875
-3267
-11195
-3203
-11355
-3267
-11619
-3275
-11915
-3227
-12147
-3155
-12339
-3211
-12627
-3275
-12851
-3147
-13107
-3267
-13283
-3259
-13555
-3267
-13747
-3275
-14035
-3147
-14275
-3259
-14491
-3155
-14667
-3179
-14947
-3203
-15171
-3211
-15403
-3235
-15699
-3235
-15891
-3259
-16203
-3219
-16387
-3187
-16699
-3219
-16923
-3267
-17163
-3211
-17331
-3219
-17651
-3203
-17891
-3259
-18147
-3275
-18363
-3203
-18547
-3227
-18843
-3491
125
-3435
-107
-3387
-283
-3495
-579
-3407
-755
-3471
-955
-3455
-1327
-3371
-1547
-3379
-1755
-3403
-2003
-3479
-2239
-3415
-2491
-3443
-2651
-3419
-2947
-3471
-3235
-3403
-3447
-3395
-3703
-3367
-3947
-3451
-4103
-3423
-4395
-3475
-4695
-3459
-4819
-3451
-5071
-3467
-5403
-3431
-5659
-3459
-5847
-3411
-6079
-3491
-6395
-3459
-6595
-3411
-6807
-3459
-7023
-3507
-7243
-3387
-7487
-3507
-7763
-3363
-8043
-3443
-8243
-3387
-8427
-3491
-8671
-3487
-9003
-3507
-9211
-3467
-9371
-3499
-9707
-3483
-9971
-3403
-10171
-3515
-10411
-3459
-10619
-3491
-10923
-3403
-11187
-3387
-11347
-3507
-11643
-3443
-11859
-3499
-12083
-3387
-12339
-3491
-12611
-3515
-12755
-3475
-13091
-3475
-13323
-3403
-13467
-3499
-13779
-3467
-14011
-3451
-14195
-3483
-14467
-3515
-14779
-3515
-14979
-3395
-15211
-3467
-15435
-3467
-15675
-3419
-15955
-3483
-16187
-3499
-16435
-3387
-16595
-3395
-16827
-3499
-17179
-3443
-17347
-3507
-17611
-3427
-17843
-3499
-18123
-3491
-18315
-3499
-18523
-3419
-18851
-3675
93
-3655
-115
-3739
-387
-3655
-495
-3683
-859
-3627
-999
-3731
-1215
-3719
-1511
-3631
-1735
-3691
-2059
-3727
-2287
-3735
-2439
-3683
-2659
-3659
-2951
-3707
-3247
-3623
-3387
-3667
-3715
-3703
-3927
-3671
-4127
-3651
-4419
-3719
-4619
-3739
-4883
-3699
-5103
-3687
-5379
-3687
-5551
-3635
-5915
-3643
-6107
-3699
-6283
-3719
-6503
-3715
-6791
-3735
-7023
-3715
-7275
-3727
-7535
-3667
-7691
-3615
-8003
-3659
-8271
-3699
-8455
-3683
-8671
-3691
-8971
-3635
-9135
-3691
-9411
-3723
-9651
-3707
-9963
-3739
-10195
-3651
-10459
-3755
-10699
-3659
-10931
-3747
-11155
-3675
-11323
-3643
-11627
-3675
-11907
-3691
-12107
-3683
-12331
-3659
-12523
-3707
-12763
-3707
-13035
-3659
-13259
-3707
-13499
-3707
-13811
-3731
-13955
-3627
-14259
-3739
-14539
-3731
-14763
-3755
-14947
-3731
-15203
-3715
-15459
-3691
-15659
-3683
-15891
-3755
-16123
-3723
-16379
-3627
-16699
-3699
-16923
-3755
-17091
-3651
-17371
-3731
-17595
-3675
-17827
-3627
-18027
-3627
-18379
-3715
-18563
-3675
-18843
-3891
141
-3931
-127
-3947
-375
-3983
-611
-3943
-779
-3859
-1063
-3967
-1243
-3955
-1507
-3903
-1731
-3939
-2039
-3907
-2203
-3975
-2483
-3971
-2635
-3927
-2979
-3995
-3275
-3875
-3403
-3867
-3643
-3923
-3967
-3899
-4147
-3967
-4411
-3899
-4655
-3887
-4855
-3987
-5083
-3955
-5323
-3923
-5647
-3967
-5775
-3879
-6107
-3883
-6315
-3963
-6611
-3891
-6839
-3935
-7055
-3951
-7219
-3947
-7535
-3935
-7787
-3971
-8055
-3939
-8267
-3899
-8515
-3943
-8715
-3951
-8975
-3975
-9211
-3923
-9439
-3971
-9667
-3875
-9891
-3883
-10115
-3971
-10387
-3987
-10643
-3883
-10827
-3891
-11107
-3915
-11379
-3963
-11547
-3971
-11803
-3923
-12027
-3939
-12379
-3955
-12611
-3955
-12787
-3923
-13115
-3867
-13315
-3995
-13531
-3979
-13819
-3939
-13971
-3939
-14251
-3931
-14547
-3923
-14763
-3987
-14947
-3979
-15219
-3939
-15515
-3931
-15667
-3955
-15891
-3899
-16187
-3971
-16427
-3923
-16587
-3971
-16947
-3947
-17147
-3955
-17315
-3931
-17611
-3971
-17859
-3971
-18067
-3907
-18363
-3979
-18635
-3963
-18843
-4179
109
-4191
-39
-4175
-275
-4223
-571
-4191
-779
-4207
-1015
-4147
-1291
-4187
-1447
-4171
-1743
-4163
-1939
-4103
-2235
-4107
-2451
-4235
-2683
-4099
-2983
-4135
-3147
-4127
-3419
-4167
-3679
-4207
-3983
-4203
-4095
-4151
-4343
-4183
-4687
-4103
-4871
-4175
-5047
-4175
-5395
-4179
-5595
-4147
-5787
-4195
-6147
-4143
-6331
-4115
-6523
-4187
-6823
-4151
-7059
-4199
-7243
-4159
-7523
-4099
-7699
-4107
-8043
-4075
-8271
-4163
-8515
-4187
-8707
-4143
-8979
-4083
-9211
-4207
-9415
-4115
-9651
-4235
-9995
-4219
-10155
-4203
-10443
-4187
-10707
-4219
-10891
-4187
-11131
-4155
-11315
-4155
-11667
-4179
-11827
-4235
-12115
-4219
-12315
-4195
-12539
-4195
-12875
-4187
-13011
-4179
-13227
-4179
-13483
-4235
-13707
-4131
-13987
-4163
-14235
-4235
-14515
-4235
-14715
-4219
-14955
-4147
-15203
-4115
-15483
-4195
-15747
-4203
-15915
-4195
-16227
-4211
-16467
-4139
-16603
-4203
-16883
-4211
-17115
-4163
-17355
-4203
-17611
-4219
-17811
-4211
-18083
-4187
-18331
-4179
-18571
-4235
-18827
-4339
93
-4371
-43
-4399
-263
-4343
-511
-4423
-779
-4363
-999
-4455
-1327
-4399
-1551
-4371
-1763
-4411
-2067
-4439
-2251
-4395
-2515
-4459
-2783
-4403
-2907
-4379
-3211
-4451
-3375
-4343
-3651
-4443
-3987
-4459
-4159
-4403
-4447
-4403
-4663
-4347
-4823
-4363
-5103
-4447
-5307
-4415
-5631
-4339
-5795
-4351
-6023
-4351
-6343
-4375
-6575
-4439
-6771
-4371
-7011
-4423
-7299
-4447
-7551
-4379
-7795
-4451
-8047
-4411
-8283
-4455
-8403
-4335
-8763
-4451
-8975
-4395
-9215
-4399
-9367
-4467
-9755
-4451
-9915
-4459
-10139
-4427
-10403
-4459
-10715
-4443
-10827
-4467
-11067
-4403
-11323
-4435
-11675
-4451
-11883
-4395
-12067
-4379
-12283
-4451
-12619
-4451
-12755
-4347
-13083
-4395
-13235
-4403
-13555
-4371
-13803
-4387
-13987
-4387
-14251
-4347
-14459
-4355
-14731
-4459
-14987
-4379
-15219
-4371
-15387
-4387
-15699
-4395
-15867
-4475
-16115
-4467
-16475
-4403
-16683
-4411
-16835
-4475
-17115
-4387
-17427
-4435
-17611
-4435
-17891
-4427
-18155
-4363
-18379
-4379
-18507
-4451
-18867
-4651
125
-4579
-11
-4667
-339
-4647
-503
-4679
-743
-4639
-1007
-4679
-1319
-4595
-1575
-4675
-1735
-4599
-1975
-4627
-2247
-4595
-2451
-4667
-2759
-4707
-2939
-4699
-3183
-4671
-3387
-4595
-3683
-4591
-3883
-4627
-4075
-4695
-4407
-4595
-4607
-4571
-4803
-4611
-5059
-4587
-5291
-4691
-5615
-4651
-5871
-4683
-6075
-4691
-6331
-4643
-6583
-4711
-6787
-4715
-7079
-4623
-7315
-4579
-7551
-4695
-7775
-4667
-7951
-4583
-8219
-4611
-8503
-4683
-8727
-4695
-9019
-4691
-9139
-4663
-9451
-4691
-9715
-4707
-9867
-4595
-10163
-4707
-10395
-4683
-10603
-4715
-10875
-4651
-11163
-4595
-11403
-4707
-11595
-4667
-11875
-4699
-12147
-4699
-12363
-4667
-12531
-4715
-12747
-4643
-13051
-4643
-13291
-4667
-13539
-4659
-13787
-4603
-13979
-4603
-14299
-4675
-14547
-4691
-14667
-4627
-14915
-4635
-15235
-4651
-15475
-4651
-15715
-4675
-15931
-4683
-16123
-4659
-16387
-4619
-16707
-4627
-16843
-4659
-17195
-4603
-17331
-4691
-17619
-4683
-17851
-4667
-18123
-4707
-18291
-4635
-18635
-4627
-18811
-4939
125
-4931
-35
-4927
-279
-4915
-539
-4883
-823
-4863
-987
-4911
-1327
-4799
-1519
-4931
-1763
-4927
-1995
-4867
-2279
-4935
-2431
-4863
-2723
-4927
-2951
-4923
-3179
-4887
-3439
-4899
-3675
-4915
-3947
-4839
-4119
-4931
-4447
-4935
-4663
-4867
-4911
-4915
-5191
-4819
-5275
-4935
-5591
-4883
-5795
-4823
-6047
-4947
-6355
-4915
-6579
-4859
-6791
-4931
-7059
-4855
-7339
-4927
-7559
-4939
-7719
-4923
-7939
-4847
-8203
-4807
-8551
-4923
-8723
-4907
-8963
-4919
-9135
-4847
-9471
-4931
-9643
-4947
-9995
-4899
-10131
-4899
-10347
-4907
-10635
-4923
-10931
-4947
-11099
-4907
-11307
-4955
-11555
-4843
-11803
-4939
-12091
-4915
-12275
-4947
-12603
-4923
-12827
-4931
-13027
-4931
-13275
-4931
-13563
-4939
-13787
-4875
-14067
-4939
-14307
-4907
-14491
-4931
-14667
-4859
-14963
-4835
-15275
-4875
-15475
-4891
-15715
-4867
-15891
-4891
-16195
-4859
-16379
-4955
-16691
-4939
-16899
-4915
-17155
-4899
-17331
-4851
-17651
-4907
-17851
-4883
-18027
-4915
-18283
-4931
-18539
-4899
-18851
-5147
133
-5111
-35
-5163
-303
-5047
-543
-5159
-735
-5167
-1063
-5075
-1235
-5183
-1519
-5151
-1715
-5123
-1951
-5147
-2175
-5059
-2475
-5167
-2667
-5167
-2991
-5163
-3227
-5079
-3431
-5163
-3735
-5171
-3963
-5171
-4163
-5183
-4359
-5175
-4691
-5123
-4895
-5135
-5151
-5171
-5355
-5163
-5619
-5151
-5883
-5119
-6115
-5123
-6391
-5079
-6635
-5063
-6759
-5075
-6967
-5143
-7247
-5119
-7491
-5067
-7739
-5187
-7967
-5131
-8287
-5167
-8511
-5071
-8651
-5175
-8983
-5071
-9243
-5155
-9507
-5099
-9675
-5171
-9963
-5195
-10179
-5195
-10371
-5131
-10635
-5123
-10859
-5115
-11107
-5123
-11363
-5107
-11651
-5195
-11867
-5107
-12155
-5163
-12315
-5179
-12635
-5195
-12787
-5131
-13075
-5195
-13299
-5171
-13547
-5131
-13771
-5115
-14067
-5195
-14203
-5179
-14555
-5179
-14763
-5115
-14979
-5067
-15211
-5155
-15435
-5091
-15667
-5195
-15899
-5179
-16163
-5163
-16443
-5139
-16707
-5171
-16931
-5123
-17091
-5195
-17379
-5131
-17571
-5131
-17875
-5123
-18139
-5131
-18339
-5179
-18539
-5163
-18819
-5315
101
-5395
-39
-5355
-315
-5379
-587
-5435
-787
-5315
-1115
-5411
-1339
-5435
-1547
-5411
-1747
-5363
-1967
-5427
-2315
-5419
-2451
-5419
-2707
-5427
-2923
-5435
-3163
-5419
-3451
-5379
-3659
-5331
-3867
-5371
-4099
-5363
-4407
-5371
-4567
-5411
-4827
-5395
-5155
-5363
-5355
-5411
-5595
-5363
-5799
-5427
-6123
-5395
-6267
-5427
-6603
-5387
-6739
-5403
-7027
-5371
-7227
-5387
-7495
-5355
-7731
-5411
-8051
-5419
-8315
-5379
-8423
-5307
-8687
-5395
-8887
-5323
-9179
-5435
-9483
-5419
-9643
-5379
-9883
-5339
-10147
-5411
-10347
-5331
-10683
-5323
-10939
-5419
-11171
-5339
-11339
-5355
-11555
-5395
-11787
-5435
-12091
-5403
-12291
-5435
-12531
-5419
-12755
-5395
-13067
-5435
-13347
-5411
-13587
-5355
-13787
-5403
-14011
-5315
-14235
-5403
-14499
-5371
-14683
-5427
-14915
-5435
-15187
-5331
-15443
-5403
-15739
-5323
-15867
-5411
-16195
-5395
-16419
-5387
-16643
-5315
-16867
-5427
-17179
-5435
-17371
-5347
-17571
-5387
-17835
-5419
-18123
-5307
-18355
-5435
-18515
-5395
-18859
-5571
93
-5667
-131
-5659
-331
-5659
-603
-5651
-859
-5667
-1027
-5675
-1323
-5675
-1547
-5635
-1763
-5587
-1971
-5563
-2227
-5643
-2515
-5579
-2755
-5635
-2923
-5571
-3163
-5571
-3483
-5635
-3659
-5651
-3883
-5651
-4179
-5627
-4419
-5619
-4603
-5603
-4915
-5675
-5075
-5619
-5307
-5667
-5675
-5675
-5787
-5603
-6091
-5667
-6355
-5619
-6507
-5659
-6827
-5603
-6987
-5563
-7227
-5643
-7467
-5563
-7771
-5667
-8051
-5659
-8211
-5595
-8459
-5627
-8763
-5675
-9035
-5667
-9179
-5555
-9443
-5643
-9627
-5651
-9979
-5659
-10147
-5611
-10387
-5659
-10643
-5603
-10843
-5651
-11171
-5675
-11419
-5627
-11667
-5571
-11819
-5667
-12155
-5667
-12315
-5667
-12539
-5667
-12787
-5659
-13027
-5667
-13355
-5667
-13507
-5587
-13795
-5643
-14059
-5659
-14243
-5651
-14427
-5675
-14747
-5571
-14907
-5667
-15251
-5611
-15499
-5563
-15651
-5651
-15891
-5651
-16235
-5675
-16371
-5579
-16635
-5563
-16931
-5595
-17067
-5603
-17339
-5651
-17555
-5587
-17875
-5611
-18083
-5675
-18387
-5611
-18595
-5635
-18867
-5915
109
-5795
-35
-5795
-395
-5795
-619
-5867
-811
-5907
-1115
-5851
-1355
-5835
-1531
-5883
-1811
-5859
-1995
-5875
-2235
-5811
-2467
-5907
-2779
-5907
-3035
-5883
-3163
-5859
-3435
-5787
-3699
-5819
-3875
-5899
-4147
-5795
-4355
-5907
-4635
-5875
-4907
-5811
-5123
-5811
-5395
-5915
-5563
-5875
-5907
-5843
-6075
-5915
-6299
-5891
-6515
-5875
-6835
-5835
-7115
-5915
-7235
-5907
-7515
-5851
-7779
-5883
-8027
-5851
-8187
-5907
-8555
-5859
-8691
-5827
-8955
-5899
-9163
-5875
-9443
-5915
-9739
-5827
-9891
-5907
-10147
-5907
-10411
-5915
-10643
-5867
-10867
-5891
-11155
-5883
-11395
-5835
-11603
-5915
-11883
-5915
-12083
-5899
-12395
-5875
-12523
-5915
-12747
-5891
-13083
-5891
-13299
-5795
-13499
-5875
-13795
-5843
-13971
-5819
-14251
-5907
-14555
-5851
-14715
-5787
-14939
-5827
-15219
-5835
-15499
-5811
-15699
-5843
-15907
-5883
-16115
-5827
-16371
-5851
-16699
-5803
-16835
-5851
-17075
-5803
-17355
-5811
-17667
-5851
-17891
-5915
-18131
-5891
-18275
-5827
-18531
-5811
-18835
-6099
141
-6139
-139
-6091
-371
-6051
-523
-6059
-795
-6027
-1035
-6131
-1347
-6155
-1563
-6027
-1795
-6091
-2043
-6027
-2251
-6099
-2475
-6067
-2707
-6083
-2995
-6051
-3179
-6115
-3491
-6051
-3651
-6067
-3979
-6131
-4139
-6051
-4411
-6147
-4587
-6115
-4827
-6155
-5147
-6067
-5395
-6099
-5603
-6147
-5875
-6131
-6067
-6091
-6347
-6147
-6579
-6051
-6795
-6067
-7003
-6075
-7291
-6067
-7467
-6083
-7779
-6139
-7955
-6107
-8275
-6043
-8459
-6075
-8723
-6155
-8955
-6027
-9195
-6067
-9491
-6123
-9699
-6115
-9955
-6123
-10179
-6115
-10467
-6091
-10643
-6131
-10859
-6115
-11091
-6091
-11339
-6035
-11659
-6067
-11827
-6115
-12067
-6099
-12283
-6107
-12523
-6131
-12755
-6067
-13083
-6131
-13227
-6083
-13523
-6147
-13739
-6059
-13987
-6147
-14219
-6067
-14483
-6027
-14739
-6147
-14979
-6155
-15147
-6155
-15515
-6139
-15755
-6107
-15867
-6091
-16147
-6035
-16379
-6027
-16667
-6155
-16939
-6091
-17067
-6027
-17403
-6147
-17627
-6035
-17835
-6075
-18131
-6059
-18355
-6107
-18595
-6083
-18835
-6395
93
-6395
-59
-6291
-347
-6267
-531
-6363
-859
-6347
-987
-6307
-1307
-6339
-1507
-6331
-1827
-6387
-1963
-6291
-2219
-6275
-2467
-6395
-2707
-6307
-2955
-6355
-3171
-6355
-3483
-6387
-3707
-6267
-3899
-6363
-4179
-6379
-4419
-6395
-4595
-6395
-4947
-6315
-5067
-6355
-5355
-6291
-5635
-6267
-5843
-6323
-6107
-6387
-6339
-6395
-6635
-6395
-6795
-6395
-7115
-6347
-7275
-6315
-7547
-6395
-7739
-6331
-7947
-6355
-8283
-6315
-8483
-6299
-8675
-6299
-8987
-6339
-9243
-6339
-9443
-6355
-9731
-6307
-9971
-6299
-10179
-6387
-10371
-6267
-10587
-6339
-10875
-6283
-11163
-6363
-11363
-6387
-11659
-6379
-11827
-6283
-12075
-6347
-12347
-6291
-12531
-6379
-12835
-6307
-13019
-6267
-13331
-6307
-13595
-6363
-13779
-6387
-14067
-6291
-14259
-6379
-14515
-6363
-14779
-6387
-15035
-6395
-15275
-6323
-15515
-6339
-15627
-6339
-15971
-6363
-16155
-6355
-16459
-6323
-16635
-6379
-16931
-6299
-17107
-6275
-17427
-6283
-17643
-6395
-17803
-6331
-18099
-6299
-18307
-6395
-18619
-6275
-18859
-6587
109
-6531
-147
-6603
-323
-6547
-555
-6611
-795
-6635
-1027
-6571
-1291
-6523
-1475
-6571
-1803
-6587
-2019
-6587
-2291
-6627
-2427
-6627
-2755
-6627
-3027
-6547
-3243
-6611
-3459
-6579
-3723
-6595
-3947
-6611
-4107
-6611
-4403
-6547
-4603
-6531
-4947
-6563
-5163
-6563
-5323
-6555
-5675
-6563
-5795
-6619
-6067
-6531
-6291
-6531
-6523
-6627
-6763
-6579
-6987
-6579
-7299
-6603
-7555
-6579
-7715
-6547
-7947
-6603
-8227
-6563
-8467
-6571
-8771
-6627
-8915
-6555
-9251
-6603
-9467
-6627
-9683
-6571
-9931
-6547
-10107
-6507
-10379
-6635
-10595
-6531
-10891
-6611
-11139
-6635
-11307
-6619
-11571
-6507
-11891
-6635
-12059
-6603
-12283
-6627
-12539
-6619
-12875
-6619
-13059
-6555
-13267
-6611
-13523
-6571
-13811
-6603
-14067
-6627
-14267
-6539
-14491
-6555
-14731
-6523
-15019
-6619
-15163
-6539
-15499
-6547
-15723
-6635
-15931
-6555
-16155
-6555
-16355
-6635
-16699
-6555
-16923
-6555
-17179
-6635
-17339
-6595
-17675
-6531
-17819
-6635
-18139
-6611
-18307
-6547
-18595
-6531
-18827
-6795
85
-6875
-59
-6843
-379
-6803
-595
-6771
-843
-6851
-1027
-6763
-1283
-6827
-1483
-6851
-1771
-6827
-2059
-6851
-2283
-6827
-2427
-6875
-2763
-6851
-2939
-6787
-3155
-6859
-3411
-6755
-3731
-6827
-3947
-6851
-4139
-6835
-4403
-6851
-4707
-6875
-4835
-6859
-5123
-6843
-5323
-6803
-5619
-6843
-5835
-6819
-6043
-6851
-6267
-6787
-6507
-6859
-6747
-6771
-6987
-6811
-7275
-6819
-7499
-6755
-7819
-6787
-8027
-6859
-8187
-6771
-8427
-6771
-8787
-6859
-8931
-6835
-9267
-6851
-9419
-6795
-9707
-6875
-9867
-6811
-10139
-6827
-10467
-6819
-10643
-6867
-10891
-6859
-11179
-6803
-11355
-6827
-11667
-6811
-11827
-6811
-12059
-6779
-12387
-6771
-12635
-6771
-12779
-6859
-13011
-6867
-13315
-6875
-13547
-6747
-13835
-6851
-13955
-6843
-14203
-6811
-14435
-6835
-14739
-6843
-14915
-6763
-15227
-6875
-15507
-6875
-15683
-6843
-15939
-6771
-16171
-6867
-16387
-6779
-16595
-6843
-16851
-6843
-17091
-6835
-17419
-6819
-17547
-6867
-17811
-6859
-18027
-6867
-18283
-6779
-18579
-6811
-18843
-7059
117
-7035
-59
-7115
-363
-7059
-539
-6987
-763
-7019
-1075
-7083
-1307
-7115
-1515
-7027
-1779
-7027
-1995
-7011
-2259
-7067
-2507
-7059
-2691
-7067
-3035
-7043
-3187
-7051
-3483
-6995
-3723
-7083
-3995
-7115
-4179
-7091
-4403
-7091
-4699
-7019
-4947
-7099
-5107
-7091
-5387
-7107
-5619
-7083
-5915
-7115
-6147
-7099
-6379
-7027
-6635
-7083
-6843
-7011
-7011
-7035
-7259
-7107
-7523
-7067
-7779
-7075
-8019
-7075
-8291
-7051
-8547
-7115
-8739
-7115
-8963
-7099
-9211
-7099
-9411
-7115
-9715
-7067
-9883
-7051
-10107
-7099
-10379
-7107
-10715
-7043
-10931
-7051
-11107
-7099
-11323
-7059
-11603
-7075
-11795
-7027
-12123
-7099
-12331
-7051
-12507
-7107
-12811
-7067
-13019
-7027
-13347
-7059
-13531
-7059
-13787
-7091
-13955
-7099
-14291
-7091
-14475
-7011
-14739
-7115
-14907
-7043
-15227
-7027
-15395
-7059
-15651
-7003
-15995
-7083
-16147
-7083
-16443
-7115
-16643
-7035
-16907
-7059
-17139
-7107
-17419
-6987
-17651
-7115
-17795
-7043
-18155
-7107
-18339
-7107
-18627
-6995
-18859
-7347
109
-7339
-147
-7283
-379
-7347
-603
-7339
-811
-7227
-1091
-7251
-1331
-7243
-1595
-7299
-1755
-7251
-2075
-7339
-2299
-7251
-2451
-7347
-2675
-7315
-3027
-7355
-3243
-7267
-3459
-7283
-3755
-7235
-3907
-7259
-4131
-7347
-4387
-7339
-4595
-7299
-4859
-7355
-5179
-7307
-5371
-7307
-5547
-7315
-5851
-7347
-6051
-7275
-6363
-7339
-6507
-7323
-6835
-7323
-7051
-7315
-7259
-7227
-7491
-7339
-7795
-7315
-7955
-7331
-8195
-7235
-8499
-7299
-8731
-7299
-8955
-7315
-9211
-7339
-9475
-7275
-9651
-7347
-9915
-7323
-10227
-7323
-10379
-7339
-10643
-7315
-10931
-7235
-11163
-7331
-11307
-7323
-11571
-7339
-11843
-7251
-12115
-7275
-12387
-7347
-12595
-7267
-12875
-7291
-13003
-7315
-13355
-7355
-13523
-7243
-13739
-7243
-13979
-7355
-14275
-7339
-14483
-7227
-14707
-7283
-14915
-7267
-15147
-7307
-15459
-7323
-15755
-7323
-15947
-7307
-16179
-7355
-16411
-7291
-16603
-7355
-16859
-7299
-17195
-7331
-17347
-7347
-17555
-7307
-17875
-7243
-18139
-7283
-18387
-7251
-18587
-7355
-18835
-7475
109
-7499
-155
-7547
-283
-7531
-603
-7579
-795
-7539
-1027
-7571
-1323
-7595
-1579
-7483
-1707
-7595
-1979
-7587
-2243
-7555
-2547
-7467
-2731
-7555
-2979
-7587
-3251
-7571
-3475
-7491
-3747
-7499
-3971
-7555
-4123
-7475
-4435
-7515
-4595
-7555
-4851
-7547
-5091
-7515
-5307
-7499
-5563
-7475
-5907
-7555
-6131
-7587
-6283
-7587
-6539
-7539
-6803
-7523
-6995
-7491
-7267
-7491
-7595
-7571
-7779
-7595
-8043
-7595
-8227
-7507
-8451
-7547
-8755
-7571
-8995
-7499
-9235
-7579
-9515
-7579
-9635
-7595
-9971
-7571
-10163
-7531
-10395
-7531
-10667
-7595
-10915
-7531
-11139
-7571
-11363
-7571
-11627
-7587
-11803
-7555
-12107
-7547
-12355
-7483
-12523
-7587
-12859
-7571
-13051
-7555
-13331
-7531
-13555
-7555
-13731
-7571
-14035
-7579
-14251
-7563
-14515
-7499
-14667
-7507
-14939
-7571
-15235
-7547
-15515
-7587
-15699
-7467
-15931
-7491
-16195
-7531
-16451
-7499
-16587
-7547
-16931
-7587
-17115
-7571
-17403
-7483
-17619
-7483
-17891
-7595
-18067
-7515
-18291
-7579
-18507
-7571
-18819
-7731
101
-7803
-155
-7779
-307
-7787
-539
-7779
-747
-7795
-1011
-7835
-1283
-7731
-1467
-7747
-1827
-7723
-1987
-7771
-2259
-7723
-2443
-7827
-2731
-7739
-2931
-7827
-3219
-7795
-3459
-7779
-3747
-7779
-3883
-7819
-4235
-7771
-4347
-7819
-4643
-7835
-4859
-7763
-5091
-7715
-5315
-7747
-5667
-7755
-5883
-7771
-6139
-7827
-6331
-7835
-6635
-7795
-6843
-7771
-6995
-7771
-7235
-7803
-7547
-7763
-7787
-7731
-8019
-7787
-8275
-7715
-8491
-7771
-8787
-7827
-9019
-7811
-9275
-7779
-9419
-7803
-9635
-7731
-9907
-7803
-10147
-7715
-10363
-7827
-10587
-7779
-10931
-7731
-11083
-7819
-11323
-7835
-11619
-7795
-11819
-7819
-12059
-7803
-12275
-7739
-12547
-7771
-12763
-7731
-13059
-7763
-13355
-7811
-13491
-7771
-13771
-7795
-14011
-7779
-14267
-7819
-14459
-7787
-14771
-7827
-14979
-7787
-15211
-7707
-15427
-7819
-15699
-7779
-15923
-7835
-16107
-7771
-16387
-7707
-16611
-7795
-16867
-7739
-17155
-7707
-17411
-7803
-17635
-7819
-17803
-7803
-18123
-7795
-18363
-7771
-18635
-7819
-18867
-7995
117
-8043
-99
-8027
-347
-7955
-579
-7971
-747
-7955
-1043
-8059
-1267
-8075
-1491
-7995
-1755
-7947
-1955
-8043
-2187
-7995
-2435
-7955
-2707
-7971
-3035
-8027
-3259
-8059
-3395
-8043
-3731
-7971
-3867
-8035
-4139
-8035
-4387
-8051
-4635
-8019
-4955
-8051
-5131
-8067
-5395
-8067
-5555
-8067
-5851
-8075
-6115
-8035
-6371
-7947
-6555
-8035
-6803
-8051
-7043
-8051
-7283
-8019
-7491
-7979
-7795
-8011
-7947
-7963
-8259
-8003
-8531
-8075
-8715
-8075
-9003
-8035
-9267
-8067
-9491
-8059
-9643
-8075
-9915
-7971
-10147
-8019
-10451
-8011
-10619
-8019
-10923
-8075
-11099
-8019
-11419
-7995
-11675
-7979
-11859
-7979
-12123
-8067
-12275
-8003
-12555
-7995
-12867
-8051
-13059
-8043
-13291
-8003
-13523
-8035
-13787
-8011
-14011
-7987
-14203
-8003
-14523
-8059
-14723
-8067
-14971
-8059
-15251
-8043
-15475
-8011
-15739
-8027
-15867
-7963
-16139
-8059
-16435
-8067
-16627
-8035
-16835
-7987
-17131
-8059
-17323
-8051
-17667
-7963
-17795
-8011
-18131
-8019
-18291
-8067
-18555
-8075
-18819
-8219
117
-8211
-43
-8211
-387
-8307
-635
-8283
-803
-8283
-1027
-8203
-1235
-8219
-1539
-8299
-1795
-8315
-2043
-8307
-2267
-8219
-2539
-8259
-2723
-8259
-2915
-8275
-3147
-8283
-3507
-8187
-3627
-8267
-3907
-8251
-4195
-8307
-4403
-8203
-4619
-8267
-4859
-8291
-5075
-8211
-5427
-8315
-5619
-8315
-5907
-8227
-6051
-8187
-6339
-8299
-6547
-8243
-6819
-8299
-7099
-8203
-7331
-8187
-7491
-8275
-7731
-8275
-7979
-8251
-8195
-8259
-8483
-8275
-8699
-8243
-8947
-8267
-9171
-8203
-9427
-8251
-9627
-8283
-9955
-8267
-10235
-8315
-10467
-8267
-10611
-8315
-10923
-8187
-11155
-8283
-11411
-8251
-11547
-8243
-11859
-8299
-12059
-8267
-12379
-8315
-12539
-8315
-12859
-8275
-13043
-8235
-13283
-8283
-13579
-8235
-13779
-8235
-14035
-8283
-14187
-8283
-14491
-8307
-14699
-8291
-15019
-8211
-15195
-8307
-15499
-8291
-15707
-8291
-15883
-8251
-16203
-8299
-16355
-8299
-16619
-8267
-16851
-8299
-17155
-8227
-17331
-8315
-17611
-8259
-17843
-8203
-18155
-8291
-18291
-8315
-18627
-8259
-18859
-8475
85
-8499
-147
-8459
-363
-8539
-539
-8499
-763
-8475
-987
-8427
-1299
-8555
-1579
-8523
-1731
-8539
-1971
-8467
-2283
-8467
-2507
-8483
-2755
-8507
-3027
-8499
-3163
-8539
-3451
-8547
-3691
-8427
-3995
-8523
-4219
-8451
-4467
-8427
-4667
-8483
-4835
-8547
-5179
-8427
-5419
-8467
-5603
-8515
-5915
-8475
-6123
-8555
-6339
-8515
-6563
-8531
-6819
-8491
-7059
-8555
-7347
-8539
-7547
-8499
-7819
-8475
-7979
-8427
-8243
-8435
-8451
-8507
-8699
-8435
-8987
-8507
-9235
-8515
-9507
-8539
-9643
-8467
-9931
-8467
-10147
-8531
-10379
-8499
-10611
-8539
-10827
-8523
-11091
-8491
-11307
-8515
-11603
-8491
-11875
-8451
-12075
-8531
-12371
-8523
-12603
-8435
-12875
-8475
-13051
-8547
-13299
-8459
-13579
-8491
-13827
-8475
-14067
-8483
-14211
-8427
-14475
-8507
-14739
-8467
-14955
-8555
-15251
-8539
-15499
-8547
-15715
-8515
-15939
-8467
-16227
-8515
-16355
-8547
-16659
-8459
-16867
-8547
-17131
-8539
-17307
-8483
-17603
-8547
-17915
-8547
-18035
-8507
-18315
-8499
-18515
-8523
-18843
-8723
117
-8787
-147
-8763
-307
-8723
-531
-8779
-763
-8763
-1043
-8731
-1259
-8771
-1579
-8771
-1731
-8763
-1947
-8731
-2219
-8731
-2523
-8787
-2755
-8691
-2931
-8779
-3219
-8707
-3443
-8771
-3683
-8763
-3955
-8763
-4203
-8747
-4395
-8667
-4595
-8683
-4867
-8763
-5115
-8787
-5395
-8795
-5675
-8715
-5795
-8723
-6115
-8771
-6331
-8699
-6635
-8795
-6779
-8715
-7099
-8763
-7299
-8779
-7571
-8731
-7771
-8795
-7963
-8787
-8203
-8763
-8435
-8691
-8667
-8795
-9019
-8795
-9163
-8795
-9435
-8699
-9707
-8731
-9947
-8771
-10187
-8691
-10371
-8779
-10699
-8739
-10843
-8779
-11083
-8715
-11395
-8723
-11675
-8699
-11907
-8771
-12091
-8747
-12323
-8771
-12555
-8755
-12787
-8691
-13091
-8739
-13299
-8771
-13563
-8779
-13827
-8739
-13979
-8723
-14315
-8771
-14475
-8731
-14779
-8755
-15035
-8763
-15219
-8779
-15491
-8755
-15715
-8795
-15875
-8763
-16195
-8731
-16451
-8787
-16691
-8747
-16907
-8755
-17163
-8779
-17323
-8795
-17635
-8771
-17803
-8747
-18155
-8795
-18387
-8771
-18579
-8707
-18827
-8907
141
-9019
-75
-8923
-371
-8923
-611
-9011
-787
-8979
-1107
-9035
-1227
-8955
-1475
-9019
-1747
-9027
-1979
-8995
-2211
-8971
-2443
-9027
-2771
-8955
-3027
-9019
-3155
-9035
-3491
-8979
-3723
-8963
-3891
-9035
-4235
-9019
-4347
-9027
-4675
-8923
-4939
-8923
-5123
-8987
-5323
-8971
-5619
-8955
-5859
-8971
-6155
-9019
-6355
-8987
-6595
-8907
-6771
-8915
-6995
-8939
-7235
-8979
-7523
-9011
-7763
-9003
-8011
-9027
-8219
-8995
-8435
-8995
-8787
-8987
-8971
-8947
-9195
-8947
-9435
-8923
-9691
-9035
-9867
-8963
-10115
-9035
-10411
-9003
-10707
-9003
-10883
-8923
-11195
-9035
-11387
-8963
-11659
-8971
-11827
-8995
-12091
-9019
-12371
-9027
-12627
-8947
-12827
-9011
-13059
-8979
-13251
-8955
-13579
-8995
-13763
-9035
-14051
-8979
-14259
-9003
-14451
-8971
-14667
-8939
-14963
-8971
-15211
-8923
-15459
-9011
-15635
-8987
-15955
-8987
-16147
-8939
-16379
-8923
-16667
-8947
-16915
-8979
-17107
-9027
-17339
-9003
-17555
-9035
-17787
-9035
-18083
-8995
-18395
-9019
-18563
-9003
-18811
-9163
117
-9243
-123
-9203
-347
-9259
-587
-9251
-787
-9195
-1107
-9227
-1259
-9211
-1475
-9243
-1835
-9275
-1955
-9187
-2291
-9219
-2531
-9235
-2739
-9275
-2995
-9147
-3219
-9219
-3443
-9267
-3659
-9267
-3875
-9243
-4155
-9171
-4363
-9267
-4667
-9235
-4851
-9259
-5115
-9275
-5387
-9203
-5579
-9195
-5875
-9267
-6027
-9275
-6355
-9251
-6603
-9267
-6747
-9267
-7091
-9275
-7347
-9235
-7499
-9251
-7811
-9243
-8027
-9147
-8251
-9275
-8523
-9211
-8795
-9235
-8955
-9203
-9275
-9259
-9459
-9267
-9715
-9251
-9931
-9179
-10139
-9267
-10363
-9203
-10707
-9243
-10883
-9267
-11115
-9211
-11347
-9267
-11675
-9267
-11891
-9179
-12035
-9243
-12307
-9211
-12595
-9243
-12843
-9259
-13107
-9259
-13355
-9171
-13531
-9267
-13715
-9211
-14051
-9275
-14251
-9267
-14475
-9155
-14675
-9235
-14963
-9243
-15203
-9259
-15475
-9275
-15651
-9227
-15931
-9179
-16131
-9259
-16459
-9179
-16659
-9259
-16955
-9219
-17171
-9211
-17307
-9235
-17603
-9179
-17787
-9267
-18147
-9251
-18307
-9163
-18603
-9251
-18851
-9427
85
-9443
-131
-9515
-363
-9459
-587
-9491
-859
-9499
-1035
-9499
-1227
-9411
-1475
-9467
-1723
-9403
-2075
-9507
-2203
-9435
-2547
-9499
-2755
-9499
-3011
-9467
-3227
-9507
-3443
-9427
-3683
-9459
-3987
-9451
-4227
-9427
-4419
-9507
-4699
-9515
-4859
-9395
-5187
-9459
-5339
-9459
-5563
-9467
-5851
-9491
-6035
-9427
-6371
-9467
-6611
-9515
-6827
-9475
-7035
-9435
-7275
-9483
-7507
-9483
-7811
-9451
-8035
-9491
-8243
-9491
-8539
-9507
-8723
-9451
-9027
-9435
-9267
-9499
-9451
-9483
-9627
-9419
-9899
-9515
-10171
-9499
-10451
-9435
-10627
-9403
-10851
-9499
-11091
-9475
-11347
-9507
-11619
-9419
-11899
-9427
-12107
-9507
-12307
-9515
-12579
-9459
-12827
-9411
-13107
-9419
-13259
-9467
-13531
-9515
-13715
-9475
-14059
-9499
-14187
-9427
-14427
-9467
-14779
-9515
-14963
-9475
-15219
-9515
-15443
-9515
-15635
-9483
-15883
-9451
-16107
-9411
-16459
-9403
-16611
-9435
-16835
-9499
-17195
-9515
-17379
-9507
-17587
-9419
-17875
-9491
-18123
-9427
-18379
-9387
-18515
-9499
-18811
-9715
101
-9659
-91
-9635
-275
-9715
-531
-9739
-819
-9707
-1067
-9747
-1267
-9739
-1563
-9707
-1779
-9707
-2067
-9707
-2195
-9683
-2499
-9699
-2787
-9675
-3011
-9659
-3267
-9739
-3467
-9675
-3627
-9659
-3907
-9747
-4187
-9683
-4403
-9691
-4707
-9723
-4899
-9747
-5115
-9667
-5435
-9731
-5571
-9731
-5907
-9651
-6147
-9691
-6355
-9723
-6539
-9659
-6771
-9723
-7075
-9691
-7291
-9627
-7523
-9723
-7755
-9739
-7947
-9699
-8211
-9635
-8507
-9723
-8667
-9683
-9035
-9691
-9211
-9707
-9475
-9651
-9715
-9731
-9923
-9707
-10107
-9699
-10403
-9731
-10675
-9731
-10915
-9683
-11195
-9747
-11323
-9739
-11611
-9635
-11907
-9707
-12131
-9739
-12307
-9723
-12563
-9675
-12851
-9731
-12995
-9699
-13251
-9707
-13571
-9707
-13827
-9643
-14067
-9659
-14243
-9635
-14531
-9715
-14723
-9747
-14995
-9755
-15195
-9683
-15459
-9747
-15675
-9755
-15947
-9635
-16187
-9707
-16363
-9643
-16683
-9675
-16923
-9731
-17195
-9691
-17427
-9675
-17611
-9659
-17891
-9731
-18091
-9731
-18275
-9635
-18539
-9731
-18843
-9915
141
-9995
-75
-9923
-371
-9987
-571
-9955
-875
-9867
-1075
-9883
-1275
-9915
-1563
-9955
-1827
-9931
-2043
-9963
-2187
-9875
-2507
-9963
-2755
-9979
-2963
-9947
-3195
-9979
-3467
-9995
-3715
-9971
-3963
-9931
-4147
-9971
-4451
-9907
-4635
-9971
-4875
-9939
-5115
-9939
-5395
-9987
-5571
-9907
-5875
-9891
-6083
-9987
-6379
-9947
-6531
-9955
-6747
-9875
-7067
-9947
-7331
-9939
-7571
-9915
-7755
-9875
-8019
-9995
-8219
-9995
-8539
-9979
-8771
-9987
-9027
-9971
-9275
-9955
-9507
-9947
-9747
-9931
-9899
-9883
-10187
-9971
-10459
-9995
-10635
-9907
-10859
-9947
-11131
-9987
-11323
-9915
-11627
-9907
-11867
-9915
-12035
-9979
-12323
-9995
-12587
-9891
-12819
-9979
-13091
-9915
-13331
-9939
-13523
-9867
-13795
-9923
-13963
-9987
-14219
-9955
-14547
-9979
-14787
-9971
-15035
-9979
-15259
-9907
-15515
-9867
-15747
-9947
-15899
-9883
-16235
-9971
-16371
-9971
-16619
-9979
-16891
-9883
-17083
-9963
-17339
-9987
-17571
-9939
-17811
-9947
-18051
-9963
-18363
-9995
-18539
-9883
-18859
-10163
93
-10107
-123
-10235
-267
-10187
-603
-10211
-803
-10179
-1083
-10195
-1227
-10139
-1515
-10139
-1755
-10219
-2011
-10195
-2307
-10155
-2475
-10179
-2707
-10179
-3027
-10123
-3267
-10203
-3475
-10211
-3739
-10219
-3955
-10147
-4163
-10203
-4371
-10147
-4699
-10227
-4899
-10139
-5099
-10139
-5387
-10147
-5611
-10211
-5891
-10219
-6043
-10115
-6363
-10211
-6539
-10123
-6843
-10163
-7035
-10219
-7243
-10195
-7507
-10187
-7835
-10147
-8027
-10195
-8251
-10187
-8467
-10187
-8707
-10211
-8931
-10227
-9163
-10203
-9435
-10155
-9723
-10227
-9875
-10155
-10123
-10163
-10443
-10155
-10707
-10235
-10859
-10195
-11091
-10235
-11331
-10187
-11651
-10171
-11843
-10179
-12155
-10131
-12355
-10171
-12587
-10219
-12811
-10131
-13027
-10131
-13275
-10203
-13563
-10227
-13731
-10155
-14027
-10163
-14187
-10131
-14459
-10187
-14683
-10219
-14947
-10163
-15187
-10171
-15475
-10139
-15715
-10195
-15875
-10179
-16203
-10123
-16403
-10115
-16595
-10155
-16867
-10203
-17171
-10203
-17371
-10195
-17587
-10131
-17915
-10123
-18099
-10179
-18323
-10131
-18627
-10203
-18819
-10411
141
-10427
-51
-10451
-347
-10459
-523
-10467
-819
-10451
-995
-10411
-1355
-10459
-1555
-10435
-1803
-10427
-1971
-10451
-2267
-10419
-2555
-10435
-2763
-10451
-3019
-10419
-3179
-10475
-3411
-10467
-3731
-10443
-3875
-10467
-4203
-10475
-4435
-10427
-4699
-10459
-4859
-10435
-5195
-10459
-5419
-10467
-5627
-10427
-5827
-10419
-6147
-10411
-6267
-10475
-6587
-10475
-6779
-10467
-6987
-10475
-7251
-10419
-7491
-10459
-7795
-10435
-7987
-10419
-8235
-10443
-8531
-10451
-8683
-10443
-9003
-10451
-9179
-10419
-9491
-10435
-9691
-10443
-9947
-10467
-10155
-10419
-10467
-10475
-10603
-10411
-10939
-10427
-11115
-10427
-11363
-10467
-11635
-10459
-11803
-10475
-12067
-10443
-12291
-10475
-12603
-10475
-12779
-10427
-13107
-10459
-13355
-10459
-13523
-10443
-13715
-10427
-14059
-10451
-14291
-10467
-14491
-10427
-14795
-10435
-14907
-10427
-15219
-10443
-15467
-10475
-15731
-10427
-15923
-10435
-16107
-10435
-16435
-10443
-16683
-10451
-16907
-10451
-17139
-10467
-17315
-10443
-17579
-10467
-17907
-10443
-18115
-10467
-18299
-10475
-18635
-10475
-18827
