149
1843
253
-41
344
-249
404
-499
324
-765
505
-1029
468
-1272
258
-1554
312
-1814
465
-1957
396
-2241
503
-2459
159
-2783
245
-2945
113
-3187
165
-3481
275
-3685
389
-3951
377
-4175
219
-4449
331
-4593
85
-4843
141
-5171
85
-5387
149
-5643
101
-5839
133
-6091
101
-6283
101
-6591
125
-6823
117
-7019
93
-7211
109
-7499
133
-7819
141
-8031
93
-8287
85
-8427
117
-8747
133
-8931
117
-9243
85
-9403
85
-9691
117
-9987
85
-10219
85
-10355
117
-10659
117
-10947
149
-11099
117
-11379
117
-11603
85
-11787
85
-12147
133
-12267
93
-12507
93
-12795
101
-13019
117
-13323
149
-13531
141
-13771
117
-14043
109
-14251
133
-14555
85
-14707
117
-14955
85
-15243
141
-15459
141
-15683
133
-15899
149
-16171
101
-16443
85
-16651
133
-16947
133
-17179
93
-17419
101
-17547
117
-17891
85
-18099
109
-18315
141
-18555
101
-18875
-111
1453
-107
-42
-75
-277
-26
-589
-127
-741
-139
-1005
-86
-1304
-135
-1449
-139
-1793
-9
-1962
-91
-2278
-15
-2499
-101
-2649
-127
-3021
-53
-3153
-117
-3425
-81
-3601
-91
-3925
-101
-4185
-29
-4451
-123
-4649
-115
-4887
-83
-5123
-135
-5399
-135
-5563
-35
-5779
-99
-6063
-39
-6347
-35
-6603
-19
-6775
-51
-7051
-91
-7339
-83
-7579
-35
-7719
-75
-8019
-39
-8203
-95
-8439
-131
-8659
-75
-9023
-139
-9123
-95
-9475
-139
-9723
-147
-9939
-35
-10227
-139
-10467
-59
-10651
-35
-10915
-99
-11091
-155
-11435
-75
-11603
-139
-11915
-75
-12107
-147
-12275
-91
-12547
-67
-12755
-131
-13035
-51
-13331
-115
-13499
-107
-13731
-147
-14011
-107
-14259
-91
-14475
-59
-14667
-147
-14963
-147
-15163
-131
-15459
-123
-15699
-115
-15931
-27
-16179
-67
-16395
-123
-16659
-75
-16835
-59
-17099
-123
-17371
-107
-17667
-67
-17859
-115
-18051
-83
-18363
-139
-18507
-91
-18867
-367
493
-311
-79
-292
-275
-319
-593
-319
-735
-365
-1100
-371
-1261
-381
-1480
-317
-1777
-367
-1978
-278
-2211
-265
-2469
-329
-2727
-317
-2979
-249
-3123
-371
-3441
-349
-3679
-351
-3905
-303
-4155
-375
-4397
-307
-4669
-323
-4891
-259
-5083
-303
-5335
-307
-5551
-375
-5815
-307
-6079
-291
-6375
-371
-6603
-307
-6807
-291
-7035
-291
-7203
-347
-7475
-383
-7731
-359
-8035
-359
-8275
-347
-8523
-263
-8675
-315
-9003
-367
-9231
-299
-9475
-371
-9667
-395
-9891
-347
-10123
-395
-10427
-283
-10635
-315
-10883
-387
-11155
-379
-11427
-307
-11635
-387
-11867
-323
-12043
-387
-12363
-331
-12539
-331
-12763
-395
-12995
-371
-13347
-267
-13547
-291
-13747
-387
-13995
-291
-14267
-387
-14451
-387
-14747
-331
-15019
-291
-15259
-315
-15515
-299
-15675
-347
-15971
-395
-16219
-355
-16371
-339
-16675
-363
-16827
-315
-17179
-387
-17403
-379
-17619
-331
-17795
-379
-18067
-283
-18307
-299
-18555
-355
-18859
-531
323
-481
-87
-627
-287
-605
-562
-547
-765
-604
-975
-564
-1233
-587
-1463
-491
-1764
-575
-1927
-586
-2181
-529
-2505
-489
-2735
-595
-2983
-475
-3271
-551
-3395
-567
-3643
-539
-3969
-559
-4159
-605
-4347
-493
-4617
-539
-4887
-627
-5131
-503
-5303
-599
-5591
-567
-5887
-587
-6135
-483
-6275
-635
-6547
-591
-6859
-567
-7011
-635
-7299
-507
-7487
-555
-7799
-583
-8023
-563
-8303
-567
-8523
-519
-8715
-595
-9003
-599
-9203
-555
-9451
-579
-9659
-547
-9987
-571
-10107
-635
-10451
-635
-10627
-619
-10915
-571
-11147
-547
-11435
-611
-11659
-619
-11843
-587
-12027
-595
-12339
-635
-12515
-619
-12843
-627
-13099
-579
-13323
-603
-13571
-571
-13739
-563
-14003
-547
-14195
-603
-14451
-547
-14731
-579
-14987
-555
-15259
-603
-15443
-523
-15643
-619
-15923
-619
-16179
-547
-16355
-611
-16627
-523
-16867
-627
-17163
-627
-17395
-611
-17659
-595
-17891
-635
-18123
-539
-18323
-627
-18627
-523
-18811
-843
320
-841
-121
-731
-351
-862
-583
-720
-743
-752
-1027
-758
-1249
-817
-1443
-746
-1815
-811
-1925
-847
-2227
-729
-2519
-833
-2749
-807
-2949
-815
-3231
-747
-3383
-811
-3655
-763
-3869
-797
-4135
-867
-4425
-797
-4643
-811
-4863
-767
-5115
-827
-5339
-867
-5651
-835
-5831
-787
-6059
-787
-6379
-819
-6575
-771
-6783
-839
-6987
-727
-7311
-779
-7503
-807
-7783
-783
-8059
-763
-8275
-859
-8471
-755
-8655
-763
-8939
-823
-9179
-827
-9371
-787
-9691
-787
-9939
-851
-10123
-875
-10363
-771
-10675
-811
-10923
-859
-11131
-787
-11427
-867
-11643
-859
-11827
-795
-12051
-875
-12283
-867
-12579
-867
-12771
-771
-13075
-867
-13331
-771
-13571
-787
-13795
-811
-14011
-755
-14267
-803
-14507
-851
-14715
-835
-14963
-787
-15163
-867
-15459
-811
-15635
-859
-15923
-867
-16211
-867
-16411
-779
-16683
-867
-16867
-771
-17107
-819
-17339
-843
-17651
-763
-17795
-867
-18059
-747
-18363
-851
-18563
-763
-18875
-1099
1101
-1005
-86
-1008
-315
-998
-499
-1071
-774
-979
-954
-1035
-1297
-963
-1585
-1011
-1781
-1003
-1929
-1019
-2151
-1041
-2509
-989
-2759
-1031
-2911
-1035
-3193
-955
-3395
-1087
-3713
-1081
-3943
-985
-4171
-1075
-4405
-1081
-4625
-1059
-4835
-991
-5083
-1059
-5351
-1039
-5531
-995
-5843
-1019
-6095
-1035
-6343
-1011
-6543
-1055
-6715
-1055
-6983
-995
-7267
-1043
-7511
-1043
-7819
-1003
-7951
-1111
-8231
-999
-8439
-1055
-8763
-1035
-8943
-1079
-9187
-983
-9403
-1075
-9627
-1115
-9923
-1043
-10219
-1059
-10355
-1115
-10643
-1107
-10859
-1051
-11139
-1091
-11395
-1035
-11643
-1011
-11891
-1075
-12035
-1067
-12395
-1011
-12515
-1059
-12827
-1099
-13027
-1027
-13227
-1091
-13467
-1067
-13731
-1083
-13979
-1083
-14275
-1059
-14427
-1107
-14675
-1019
-14963
-1091
-15235
-995
-15419
-1011
-15635
-1083
-15899
-1059
-16219
-1083
-16427
-1043
-16659
-1099
-16907
-1107
-17075
-1115
-17379
-1027
-17659
-995
-17883
-1003
-18075
-1075
-18347
-1099
-18515
-1019
-18859
-1251
269
-1250
-77
-1289
-297
-1286
-517
-1315
-786
-1331
-1068
-1306
-1313
-1306
-1563
-1335
-1763
-1283
-2016
-1226
-2230
-1287
-2515
-1219
-2755
-1305
-2945
-1331
-3243
-1311
-3405
-1255
-3671
-1321
-3867
-1247
-4091
-1285
-4471
-1301
-4635
-1203
-4903
-1335
-5127
-1275
-5367
-1327
-5551
-1343
-5787
-1331
-6099
-1339
-6323
-1235
-6531
-1323
-6827
-1291
-7091
-1299
-7255
-1271
-7547
-1259
-7807
-1195
-8023
-1215
-8283
-1259
-8427
-1239
-8707
-1319
-8907
-1211
-9135
-1299
-9387
-1339
-9675
-1323
-9955
-1315
-10187
-1347
-10371
-1347
-10603
-1339
-10883
-1339
-11099
-1251
-11379
-1307
-11619
-1275
-11795
-1283
-12067
-1275
-12371
-1243
-12523
-1307
-12867
-1323
-13091
-1235
-13331
-1299
-13475
-1315
-13787
-1299
-14003
-1227
-14195
-1251
-14507
-1227
-14723
-1235
-15019
-1267
-15243
-1315
-15491
-1347
-15691
-1315
-15867
-1251
-16187
-1331
-16467
-1227
-16635
-1251
-16827
-1275
-17083
-1355
-17347
-1307
-17571
-1243
-17915
-1355
-18155
-1323
-18291
-1267
-18579
-1307
-18827
-1555
1019
-1527
-61
-1571
-321
-1541
-591
-1543
-827
-1573
-1107
-1509
-1235
-1589
-1565
-1443
-1771
-1501
-1995
-1571
-2287
-1527
-2531
-1553
-2647
-1513
-2921
-1581
-3211
-1563
-3421
-1487
-3647
-1471
-3929
-1483
-4187
-1569
-4353
-1527
-4595
-1455
-4875
-1495
-5119
-1463
-5387
-1547
-5527
-1479
-5847
-1563
-6079
-1483
-6387
-1563
-6495
-1527
-6803
-1567
-7039
-1515
-7223
-1519
-7563
-1531
-7731
-1527
-7927
-1499
-8267
-1535
-8439
-1527
-8695
-1551
-8995
-1463
-9251
-1539
-9499
-1579
-9747
-1563
-9971
-1547
-10163
-1579
-10347
-1499
-10635
-1499
-10859
-1515
-11131
-1571
-11427
-1579
-11667
-1547
-11827
-1555
-12099
-1467
-12291
-1539
-12603
-1563
-12779
-1579
-13115
-1507
-13315
-1571
-13595
-1531
-13827
-1483
-14075
-1587
-14227
-1531
-14427
-1475
-14691
-1507
-14995
-1483
-15179
-1491
-15387
-1563
-15627
-1587
-15875
-1467
-16211
-1539
-16435
-1491
-16651
-1595
-16843
-1515
-17155
-1555
-17379
-1523
-17547
-1579
-17795
-1499
-18115
-1539
-18347
-1595
-18627
-1595
-18843
-1759
1727
-1757
-3
-1695
-251
-1769
-589
-1741
-835
-1797
-1047
-1783
-1203
-1803
-1583
-1703
-1701
-1759
-1991
-1793
-2191
-1743
-2447
-1803
-2721
-1801
-2985
-1797
-3203
-1787
-3351
-1731
-3633
-1683
-3875
-1785
-4191
-1791
-4371
-1775
-4665
-1763
-4851
-1791
-5119
-1799
-5379
-1831
-5535
-1807
-5791
-1799
-6095
-1819
-6255
-1827
-6547
-1755
-6823
-1779
-7083
-1747
-7287
-1687
-7511
-1735
-7755
-1815
-7943
-1723
-8215
-1831
-8503
-1807
-8703
-1723
-8971
-1771
-9195
-1727
-9439
-1731
-9651
-1747
-9875
-1771
-10131
-1787
-10475
-1835
-10595
-1771
-10931
-1819
-11115
-1819
-11339
-1827
-11555
-1819
-11883
-1835
-12043
-1795
-12283
-1835
-12531
-1755
-12771
-1835
-13027
-1811
-13275
-1723
-13507
-1835
-13715
-1787
-13947
-1787
-14315
-1811
-14531
-1747
-14667
-1811
-14939
-1819
-15187
-1771
-15419
-1811
-15731
-1835
-15867
-1731
-16115
-1755
-16459
-1787
-16595
-1819
-16867
-1795
-17139
-1827
-17403
-1795
-17627
-1739
-17787
-1811
-18147
-1819
-18347
-1803
-18563
-1707
-18875
-1995
1645
-1953
-139
-2063
-327
-2021
-617
-2035
-759
-2023
-1049
-1953
-1321
-1967
-1493
-2025
-1727
-1993
-1943
-1949
-2283
-2029
-2487
-1951
-2723
-1975
-2921
-1997
-3239
-2041
-3363
-2007
-3675
-2059
-3907
-2021
-4111
-2055
-4355
-1951
-4633
-2051
-4907
-2051
-5143
-2011
-5303
-2051
-5615
-2023
-5895
-2039
-6059
-1963
-6331
-1959
-6551
-1979
-6783
-2051
-7091
-2043
-7203
-1963
-7483
-1931
-7811
-2043
-7979
-1987
-8287
-2047
-8539
-1991
-8735
-1927
-9003
-2059
-9259
-1979
-9483
-2059
-9715
-1955
-9907
-1987
-10115
-1995
-10459
-2059
-10587
-2051
-10827
-2067
-11091
-2003
-11395
-2075
-11547
-2067
-11835
-2027
-12083
-2003
-12291
-2003
-12547
-2075
-12875
-2067
-13107
-2035
-13227
-2075
-13587
-2059
-13811
-2067
-13995
-1995
-14203
-2059
-14467
-2027
-14795
-1987
-14931
-2067
-15243
-2051
-15395
-2075
-15675
-1955
-15947
-2075
-16131
-2027
-16475
-2011
-16707
-2051
-16859
-2067
-17123
-2075
-17419
-2067
-17611
-1963
-17915
-2043
-18083
-1987
-18347
-2027
-18555
-2035
-18859
-2243
1633
-2251
-77
-2211
-251
-2247
-583
-2297
-821
-2289
-1093
-2269
-1267
-2261
-1559
-2239
-1731
-2285
-1973
-2167
-2171
-2271
-2507
-2233
-2661
-2287
-2955
-2241
-3235
-2267
-3403
-2193
-3697
-2291
-3945
-2259
-4119
-2179
-4321
-2173
-4623
-2271
-4827
-2211
-5083
-2279
-5403
-2315
-5539
-2271
-5867
-2235
-6127
-2235
-6259
-2247
-6587
-2271
-6739
-2231
-7031
-2303
-7243
-2183
-7463
-2295
-7719
-2227
-8031
-2295
-8183
-2215
-8463
-2239
-8679
-2195
-9003
-2255
-9203
-2267
-9411
-2283
-9659
-2283
-9931
-2299
-10147
-2299
-10419
-2195
-10691
-2251
-10851
-2251
-11099
-2203
-11331
-2259
-11611
-2259
-11851
-2211
-12083
-2243
-12275
-2315
-12507
-2315
-12827
-2299
-13003
-2283
-13275
-2219
-13563
-2267
-13739
-2299
-14075
-2235
-14227
-2267
-14531
-2267
-14731
-2291
-14955
-2315
-15251
-2307
-15443
-2251
-15691
-2251
-15947
-2219
-16131
-2299
-16451
-2291
-16667
-2275
-16947
-2291
-17075
-2211
-17363
-2283
-17619
-2283
-17859
-2267
-18139
-2259
-18395
-2251
-18587
-2243
-18819
-2495
383
-2507
-21
-2479
-293
-2501
-555
-2523
-835
-2477
-1065
-2497
-1265
-2527
-1567
-2465
-1801
-2547
-1997
-2531
-2263
-2527
-2483
-2503
-2661
-2427
-3021
-2463
-3203
-2505
-3355
-2507
-3715
-2491
-3965
-2513
-4199
-2509
-4365
-2531
-4623
-2519
-4915
-2547
-5039
-2503
-5427
-2455
-5595
-2471
-5899
-2431
-6027
-2531
-6235
-2507
-6555
-2515
-6735
-2531
-7071
-2471
-7327
-2475
-7563
-2515
-7759
-2519
-7955
-2515
-8315
-2507
-8471
-2475
-8719
-2543
-8939
-2539
-9183
-2499
-9459
-2547
-9707
-2427
-9995
-2427
-10139
-2523
-10427
-2547
-10707
-2515
-10827
-2539
-11099
-2523
-11387
-2435
-11659
-2483
-11843
-2427
-12035
-2507
-12339
-2555
-12579
-2459
-12867
-2499
-13067
-2467
-13251
-2491
-13547
-2491
-13787
-2499
-14035
-2531
-14283
-2531
-14475
-2523
-14667
-2459
-14907
-2555
-15195
-2515
-15475
-2523
-15755
-2531
-15891
-2467
-16179
-2539
-16411
-2531
-16635
-2555
-16939
-2555
-17067
-2475
-17307
-2483
-17547
-2467
-17803
-2507
-18099
-2555
-18283
-2523
-18555
-2523
-18867
-2735
125
-2687
-105
-2699
-271
-2679
-477
-2759
-807
-2699
-1087
-2707
-1223
-2711
-1531
-2675
-1799
-2671
-1975
-2731
-2231
-2759
-2511
-2719
-2663
-2747
-3035
-2719
-3243
-2771
-3383
-2675
-3665
-2663
-3875
-2759
-4203
-2759
-4403
-2719
-4631
-2779
-4855
-2763
-5079
-2679
-5375
-2743
-5579
-2759
-5863
-2731
-6087
-2707
-6251
-2783
-6511
-2731
-6843
-2747
-7007
-2735
-7267
-2771
-7575
-2707
-7767
-2647
-7987
-2759
-8275
-2723
-8539
-2703
-8779
-2751
-8971
-2707
-9267
-2739
-9359
-2683
-9643
-2763
-9979
-2795
-10139
-2747
-10427
-2771
-10595
-2747
-10859
-2707
-11123
-2747
-11339
-2763
-11643
-2731
-11859
-2699
-12051
-2731
-12291
-2747
-12587
-2667
-12771
-2723
-12995
-2691
-13235
-2779
-13531
-2675
-13723
-2699
-14027
-2795
-14203
-2699
-14515
-2763
-14755
-2675
-14923
-2675
-15171
-2715
-15515
-2683
-15699
-2739
-15963
-2723
-16123
-2731
-16379
-2787
-16619
-2763
-16851
-2763
-17115
-2683
-17315
-2787
-17555
-2787
-17787
-2667
-18155
-2763
-18339
-2795
-18627
-2667
-18875
-2947
125
-2995
-103
-2955
-275
-2983
-499
-2983
-787
-3003
-1003
-3023
-1327
-3019
-1435
-3011
-1703
-2959
-1939
-2891
-2183
-3023
-2515
-2875
-2751
-2963
-3027
-2979
-3195
-2995
-3495
-2987
-3739
-2975
-3975
-2975
-4095
-3015
-4327
-2995
-4683
-2951
-4859
-2915
-5155
-3011
-5355
-2887
-5583
-2963
-5835
-2927
-6123
-2943
-6371
-3023
-6603
-3019
-6815
-2939
-7039
-2995
-7219
-3003
-7499
-2963
-7739
-2907
-8039
-2915
-8159
-2899
-8447
-2935
-8687
-2987
-8943
-2915
-9259
-3007
-9483
-2995
-9635
-3003
-9883
-3003
-10171
-2963
-10363
-3035
-10603
-2939
-10827
-2923
-11195
-2923
-11339
-2955
-11659
-2907
-11795
-3035
-12107
-2979
-12339
-2923
-12555
-2971
-12851
-3027
-13019
-2923
-13259
-3027
-13563
-3027
-13819
-2915
-14011
-3035
-14259
-2955
-14555
-2995
-14683
-3019
-14939
-3027
-15227
-2995
-15403
-2987
-15635
-2947
-15907
-2931
-16211
-2947
-16435
-2987
-16667
-3011
-16931
-2939
-17155
-2915
-17355
-2955
-17675
-2963
-17795
-3011
-18043
-3019
-18291
-2963
-18563
-3035
-18875
-3179
149
-3247
-75
-3167
-347
-3191
-599
-3163
-823
-3239
-1067
-3239
-1307
-3195
-1583
-3239
-1687
-3219
-1987
-3175
-2271
-3247
-2459
-3231
-2711
-3219
-2979
-3247
-3195
-3243
-3459
-3227
-3687
-3179
-3935
-3219
-4179
-3211
-4395
-3219
-4695
-3195
-4875
-3211
-5183
-3267
-5315
-3215
-5571
-3203
-5839
-3135
-6119
-3187
-6283
-3243
-6523
-3191
-6719
-3255
-7091
-3147
-7267
-3243
-7475
-3231
-7759
-3187
-8063
-3127
-8191
-3215
-8523
-3171
-8723
-3199
-8971
-3191
-9191
-3251
-9471
-3243
-9667
-3211
-9971
-3227
-10147
-3275
-10451
-3267
-10659
-3251
-10923
-3155
-11107
-3179
-11435
-3275
-11643
-3179
-11875
-3235
-12099
-3195
-12315
-3147
-12579
-3267
-12755
-3219
-13003
-3219
-13259
-3147
-13515
-3187
-13755
-3275
-14075
-3203
-14315
-3267
-14523
-3203
-14771
-3163
-14995
-3227
-15243
-3179
-15451
-3259
-15731
-3219
-15979
-3147
-16195
-3219
-16387
-3187
-16699
-3259
-16867
-3227
-17147
-3235
-17371
-3275
-17595
-3195
-17907
-3235
-18083
-3203
-18299
-3259
-18635
-3275
-18875
-3491
125
-3435
-107
-3403
-283
-3507
-515
-3419
-771
-3407
-995
-3451
-1339
-3439
-1555
-3387
-1771
-3371
-2075
-3495
-2291
-3395
-2475
-3355
-2747
-3463
-2899
-3491
-3183
-3439
-3423
-3491
-3703
-3419
-3879
-3487
-4099
-3467
-4439
-3459
-4591
-3483
-4823
-3479
-5131
-3459
-5427
-3391
-5547
-3451
-5835
-3379
-6071
-3503
-6379
-3439
-6563
-3463
-6839
-3387
-7079
-3379
-7231
-3403
-7507
-3483
-7787
-3451
-7955
-3483
-8263
-3451
-8423
-3395
-8719
-3507
-8999
-3371
-9211
-3371
-9443
-3491
-9707
-3483
-9995
-3515
-10203
-3411
-10371
-3451
-10715
-3411
-10883
-3491
-11131
-3491
-11395
-3515
-11651
-3467
-11803
-3491
-12123
-3475
-12387
-3443
-12619
-3467
-12867
-3443
-13019
-3515
-13243
-3475
-13587
-3515
-13755
-3515
-14035
-3467
-14315
-3491
-14555
-3427
-14691
-3515
-15019
-3499
-15235
-3515
-15515
-3419
-15667
-3475
-15907
-3435
-16107
-3403
-16355
-3491
-16675
-3395
-16955
-3483
-17139
-3459
-17379
-3387
-17659
-3483
-17827
-3443
-18107
-3395
-18283
-3515
-18531
-3459
-18867
-3675
93
-3711
-43
-3723
-319
-3723
-539
-3675
-755
-3683
-983
-3739
-1311
-3715
-1511
-3643
-1739
-3719
-2055
-3727
-2287
-3735
-2439
-3627
-2699
-3659
-2951
-3707
-3247
-3691
-3439
-3747
-3647
-3691
-3871
-3731
-4123
-3695
-4455
-3711
-4667
-3651
-4835
-3667
-5079
-3711
-5363
-3707
-5559
-3619
-5915
-3643
-6087
-3707
-6299
-3699
-6503
-3707
-6803
-3723
-7047
-3675
-7227
-3679
-7495
-3699
-7747
-3667
-8043
-3747
-8227
-3707
-8499
-3707
-8715
-3719
-8923
-3739
-9159
-3735
-9515
-3699
-9675
-3635
-9931
-3699
-10115
-3643
-10403
-3667
-10627
-3747
-10835
-3723
-11075
-3739
-11363
-3755
-11675
-3747
-11875
-3675
-12043
-3627
-12331
-3635
-12603
-3675
-12787
-3659
-13027
-3675
-13267
-3731
-13507
-3723
-13803
-3675
-14059
-3635
-14259
-3731
-14499
-3731
-14763
-3715
-14907
-3691
-15203
-3683
-15491
-3755
-15707
-3675
-15875
-3627
-16139
-3723
-16379
-3739
-16667
-3627
-16883
-3627
-17155
-3707
-17339
-3691
-17667
-3691
-17787
-3651
-18091
-3731
-18283
-3755
-18603
-3627
-18859
-3955
117
-3963
-3
-3935
-367
-3971
-531
-3927
-743
-3975
-1075
-3955
-1211
-3955
-1507
-3891
-1755
-3935
-2035
-3903
-2207
-3983
-2471
-3959
-2707
-3927
-3003
-3991
-3243
-3867
-3471
-3943
-3623
-3975
-3979
-3859
-4107
-3911
-4351
-3987
-4687
-3911
-4863
-3959
-5079
-3935
-5367
-3919
-5647
-3967
-5795
-3891
-6079
-3907
-6315
-3963
-6619
-3959
-6843
-3971
-7075
-3987
-7307
-3987
-7559
-3863
-7683
-3963
-8027
-3847
-8263
-3939
-8459
-3931
-8759
-3951
-8919
-3879
-9195
-3903
-9363
-3907
-9675
-3915
-9923
-3899
-10155
-3947
-10387
-3915
-10659
-3891
-10907
-3931
-11187
-3979
-11315
-3971
-11659
-3923
-11843
-3883
-12067
-3995
-12283
-3971
-12611
-3979
-12755
-3931
-13115
-3915
-13355
-3947
-13475
-3931
-13771
-3931
-13963
-3891
-14299
-3979
-14427
-3995
-14675
-3963
-14955
-3963
-15179
-3915
-15467
-3939
-15651
-3907
-15947
-3947
-16211
-3891
-16451
-3923
-16611
-3923
-16899
-3987
-17123
-3899
-17435
-3891
-17611
-3947
-17811
-3915
-18131
-3947
-18379
-3907
-18563
-3963
-18843
-4159
93
-4227
-3
-4207
-323
-4211
-595
-4195
-851
-4115
-991
-4155
-1267
-4163
-1519
-4095
-1759
-4159
-2019
-4115
-2219
-4107
-2451
-4191
-2695
-4119
-2963
-4143
-3135
-4187
-3463
-4123
-3691
-4227
-3963
-4195
-4147
-4155
-4371
-4179
-4663
-4103
-4891
-4171
-5179
-4175
-5411
-4171
-5591
-4147
-5799
-4171
-6147
-4115
-6327
-4135
-6547
-4215
-6819
-4207
-7023
-4131
-7311
-4227
-7559
-4175
-7703
-4139
-8003
-4123
-8251
-4155
-8463
-4147
-8763
-4147
-8951
-4095
-9223
-4211
-9411
-4187
-9683
-4235
-9915
-4139
-10155
-4235
-10379
-4235
-10587
-4203
-10827
-4219
-11171
-4211
-11403
-4139
-11555
-4163
-11915
-4227
-12027
-4227
-12291
-4107
-12523
-4227
-12851
-4211
-13075
-4219
-13307
-4211
-13523
-4211
-13723
-4235
-14011
-4203
-14291
-4203
-14483
-4235
-14723
-4147
-14963
-4123
-15275
-4139
-15419
-4195
-15707
-4235
-15867
-4179
-16211
-4227
-16451
-4147
-16675
-4227
-16899
-4163
-17195
-4195
-17315
-4235
-17563
-4203
-17795
-4187
-18027
-4211
-18331
-4163
-18611
-4219
-18827
-4419
125
-4431
-135
-4423
-239
-4347
-627
-4427
-775
-4459
-1051
-4351
-1279
-4467
-1499
-4459
-1711
-4427
-2015
-4443
-2187
-4375
-2439
-4419
-2731
-4415
-2899
-4383
-3207
-4355
-3423
-4351
-3639
-4447
-3963
-4411
-4187
-4327
-4331
-4379
-4631
-4335
-4831
-4355
-5131
-4443
-5307
-4463
-5571
-4371
-5863
-4335
-6027
-4363
-6359
-4411
-6487
-4407
-6719
-4395
-7051
-4351
-7279
-4363
-7491
-4367
-7787
-4455
-7931
-4347
-8167
-4411
-8475
-4447
-8647
-4439
-8987
-4403
-9219
-4383
-9463
-4475
-9715
-4467
-9971
-4475
-10139
-4427
-10363
-4427
-10707
-4459
-10931
-4427
-11187
-4459
-11379
-4363
-11619
-4467
-11883
-4379
-12067
-4411
-12299
-4379
-12563
-4443
-12859
-4395
-13099
-4427
-13315
-4347
-13491
-4451
-13747
-4355
-14019
-4371
-14243
-4467
-14547
-4475
-14691
-4347
-14947
-4347
-15219
-4395
-15515
-4467
-15731
-4451
-15875
-4443
-16139
-4459
-16371
-4355
-16675
-4435
-16851
-4355
-17115
-4347
-17387
-4387
-17675
-4451
-17795
-4443
-18075
-4403
-18275
-4379
-18619
-4435
-18827
-4643
125
-4579
-147
-4611
-331
-4595
-507
-4699
-747
-4639
-1087
-4647
-1219
-4683
-1527
-4675
-1711
-4671
-1931
-4631
-2215
-4619
-2439
-4623
-2703
-4571
-2927
-4691
-3183
-4659
-3379
-4591
-3679
-4691
-3995
-4583
-4163
-4603
-4475
-4583
-4599
-4579
-4815
-4599
-5067
-4651
-5403
-4671
-5547
-4675
-5879
-4667
-6107
-4703
-6343
-4639
-6603
-4587
-6791
-4619
-7071
-4599
-7247
-4615
-7575
-4687
-7771
-4651
-8063
-4595
-8211
-4703
-8479
-4651
-8743
-4695
-8947
-4631
-9203
-4623
-9375
-4651
-9667
-4683
-9931
-4587
-10107
-4699
-10355
-4707
-10627
-4667
-10859
-4715
-11107
-4643
-11427
-4603
-11675
-4707
-11827
-4691
-12115
-4595
-12267
-4659
-12531
-4691
-12867
-4675
-12987
-4667
-13283
-4715
-13499
-4715
-13763
-4675
-14067
-4715
-14195
-4603
-14531
-4675
-14771
-4683
-14939
-4707
-15187
-4715
-15491
-4667
-15707
-4595
-15875
-4627
-16123
-4683
-16363
-4603
-16619
-4699
-16931
-4667
-17155
-4699
-17363
-4595
-17563
-4691
-17891
-4675
-18139
-4707
-18339
-4707
-18515
-4595
-18843
-4911
125
-4943
-35
-4927
-323
-4887
-511
-4851
-855
-4927
-1011
-4839
-1315
-4911
-1507
-4847
-1787
-4891
-1931
-4843
-2295
-4915
-2451
-4931
-2739
-4875
-2995
-4915
-3207
-4919
-3439
-4903
-3699
-4851
-3875
-4911
-4131
-4895
-4459
-4919
-4663
-4855
-4895
-4915
-5163
-4899
-5315
-4907
-5591
-4887
-5903
-4847
-6039
-4947
-6355
-4895
-6607
-4839
-6827
-4943
-7063
-4819
-7243
-4831
-7475
-4943
-7811
-4923
-7947
-4907
-8303
-4879
-8547
-4935
-8707
-4867
-8967
-4923
-9195
-4847
-9499
-4867
-9707
-4915
-9867
-4899
-10155
-4891
-10379
-4891
-10707
-4915
-10827
-4955
-11075
-4915
-11371
-4851
-11627
-4907
-11851
-4827
-12035
-4859
-12331
-4899
-12507
-4835
-12819
-4891
-13099
-4939
-13339
-4899
-13571
-4931
-13763
-4923
-14059
-4875
-14203
-4843
-14443
-4915
-14667
-4907
-15019
-4907
-15171
-4923
-15475
-4955
-15659
-4931
-15971
-4939
-16163
-4875
-16459
-4939
-16699
-4939
-16923
-4843
-17171
-4947
-17387
-4947
-17643
-4875
-17915
-4827
-18035
-4891
-18315
-4923
-18619
-4907
-18851
-5159
93
-5075
-59
-5127
-331
-5131
-571
-5119
-771
-5095
-995
-5139
-1283
-5119
-1531
-5131
-1791
-5083
-1935
-5143
-2187
-5099
-2459
-5183
-2651
-5111
-2943
-5167
-3227
-5035
-3403
-5079
-3687
-5047
-3867
-5131
-4111
-5143
-4403
-5159
-4703
-5135
-4819
-5099
-5191
-5183
-5355
-5171
-5611
-5099
-5795
-5123
-6103
-5103
-6363
-5071
-6619
-5135
-6831
-5059
-6995
-5115
-7235
-5155
-7555
-5155
-7735
-5135
-8055
-5127
-8187
-5099
-8535
-5115
-8731
-5099
-8967
-5187
-9167
-5095
-9387
-5131
-9755
-5179
-9955
-5195
-10227
-5179
-10411
-5107
-10675
-5107
-10899
-5107
-11155
-5171
-11427
-5091
-11563
-5155
-11803
-5123
-12083
-5187
-12371
-5171
-12523
-5147
-12859
-5083
-12987
-5195
-13235
-5187
-13523
-5187
-13763
-5147
-14011
-5195
-14227
-5131
-14523
-5163
-14715
-5195
-14963
-5067
-15251
-5091
-15499
-5155
-15651
-5195
-15963
-5075
-16235
-5123
-16451
-5107
-16675
-5171
-16899
-5171
-17131
-5107
-17347
-5155
-17611
-5147
-17843
-5131
-18067
-5171
-18307
-5107
-18595
-5187
-18819
-5347
133
-5331
-63
-5411
-379
-5379
-511
-5379
-819
-5379
-1075
-5347
-1343
-5411
-1491
-5331
-1779
-5403
-2075
-5379
-2295
-5419
-2475
-5435
-2763
-5339
-2943
-5435
-3163
-5403
-3451
-5323
-3651
-5419
-3899
-5371
-4107
-5363
-4415
-5371
-4575
-5387
-4895
-5419
-5155
-5363
-5367
-5411
-5595
-5363
-5803
-5427
-6123
-5395
-6275
-5427
-6603
-5427
-6795
-5411
-7067
-5411
-7355
-5419
-7547
-5411
-7811
-5403
-8067
-5339
-8191
-5411
-8515
-5323
-8671
-5435
-8995
-5419
-9267
-5419
-9483
-5419
-9747
-5403
-9939
-5339
-10163
-5427
-10363
-5363
-10659
-5363
-10931
-5427
-11123
-5387
-11371
-5387
-11579
-5411
-11915
-5395
-12051
-5419
-12371
-5427
-12555
-5403
-12795
-5307
-13035
-5363
-13315
-5435
-13595
-5323
-13803
-5379
-13995
-5403
-14259
-5395
-14539
-5387
-14707
-5395
-14963
-5387
-15211
-5347
-15411
-5435
-15755
-5323
-15931
-5339
-16115
-5403
-16387
-5347
-16627
-5387
-16875
-5419
-17091
-5387
-17371
-5363
-17675
-5395
-17891
-5411
-18043
-5427
-18347
-5411
-18579
-5371
-18819
-5643
149
-5659
-43
-5667
-363
-5603
-619
-5635
-811
-5563
-1035
-5595
-1331
-5619
-1523
-5659
-1811
-5611
-1979
-5627
-2243
-5643
-2547
-5635
-2755
-5659
-2987
-5667
-3259
-5619
-3459
-5635
-3667
-5587
-3883
-5651
-4179
-5547
-4435
-5619
-4603
-5675
-4891
-5611
-5179
-5547
-5363
-5667
-5675
-5675
-5787
-5651
-6035
-5579
-6387
-5619
-6507
-5659
-6827
-5587
-6995
-5675
-7235
-5579
-7491
-5555
-7835
-5643
-8003
-5619
-8299
-5595
-8555
-5579
-8795
-5563
-8971
-5675
-9251
-5667
-9483
-5587
-9627
-5595
-9915
-5619
-10211
-5627
-10467
-5555
-10707
-5627
-10883
-5619
-11131
-5611
-11331
-5627
-11643
-5619
-11827
-5587
-12115
-5611
-12291
-5659
-12627
-5675
-12867
-5627
-13107
-5667
-13355
-5603
-13563
-5587
-13811
-5675
-14043
-5659
-14211
-5595
-14459
-5651
-14675
-5587
-15019
-5643
-15235
-5659
-15467
-5595
-15707
-5667
-15875
-5571
-16107
-5627
-16427
-5555
-16675
-5611
-16827
-5611
-17163
-5555
-17435
-5675
-17651
-5587
-17867
-5643
-18147
-5635
-18387
-5659
-18587
-5659
-18859
-5915
109
-5795
-75
-5891
-387
-5795
-619
-5915
-851
-5795
-987
-5851
-1355
-5875
-1499
-5875
-1795
-5891
-1963
-5843
-2267
-5851
-2499
-5867
-2683
-5907
-3035
-5883
-3163
-5787
-3443
-5915
-3683
-5787
-3899
-5843
-4139
-5795
-4355
-5811
-4715
-5843
-4883
-5915
-5171
-5811
-5395
-5819
-5651
-5875
-5883
-5819
-6075
-5915
-6299
-5891
-6515
-5875
-6835
-5835
-7115
-5915
-7251
-5827
-7539
-5827
-7787
-5915
-7987
-5851
-8283
-5899
-8467
-5907
-8691
-5811
-8931
-5883
-9147
-5883
-9475
-5891
-9707
-5907
-9907
-5851
-10107
-5843
-10435
-5819
-10619
-5915
-10955
-5899
-11067
-5803
-11435
-5915
-11619
-5803
-11915
-5867
-12155
-5867
-12371
-5867
-12619
-5883
-12763
-5843
-13083
-5891
-13267
-5899
-13571
-5851
-13827
-5811
-14059
-5883
-14235
-5867
-14547
-5859
-14779
-5803
-14971
-5803
-15195
-5891
-15419
-5835
-15643
-5867
-15979
-5795
-16211
-5915
-16459
-5859
-16659
-5875
-16955
-5851
-17139
-5851
-17323
-5891
-17659
-5915
-17891
-5851
-18099
-5867
-18267
-5907
-18587
-5835
-18835
-6155
149
-6091
-67
-6091
-371
-6147
-515
-6123
-819
-6075
-987
-6131
-1347
-6075
-1475
-6155
-1763
-6099
-2027
-6131
-2259
-6091
-2475
-6099
-2699
-6083
-2995
-6107
-3163
-6107
-3475
-6051
-3651
-6067
-3979
-6139
-4171
-6051
-4411
-6043
-4595
-6147
-4827
-6107
-5155
-6051
-5331
-6043
-5579
-6131
-5907
-6123
-6131
-6091
-6347
-6147
-6579
-6051
-6795
-6067
-7003
-6107
-7339
-6099
-7587
-6091
-7755
-6091
-8003
-6155
-8211
-6123
-8475
-6147
-8691
-6035
-8987
-6123
-9187
-6043
-9443
-6067
-9643
-6091
-9963
-6131
-10219
-6139
-10451
-6067
-10683
-6131
-10851
-6099
-11107
-6075
-11355
-6139
-11643
-6123
-11819
-6059
-12115
-6059
-12283
-6107
-12627
-6139
-12835
-6051
-13107
-6099
-13355
-6067
-13531
-6035
-13827
-6083
-14003
-6099
-14299
-6027
-14555
-6131
-14691
-6083
-14971
-6107
-15155
-6027
-15443
-6107
-15747
-6131
-15883
-6099
-16123
-6115
-16371
-6155
-16691
-6123
-16827
-6075
-17115
-6139
-17371
-6027
-17627
-6027
-17811
-6027
-18067
-6051
-18387
-6027
-18603
-6051
-18811
-6275
141
-6379
-147
-6291
-347
-6379
-563
-6331
-835
-6371
-1115
-6275
-1307
-6331
-1563
-6291
-1819
-6339
-1971
-6363
-2243
-6371
-2483
-6395
-2707
-6307
-2955
-6323
-3203
-6283
-3515
-6387
-3707
-6267
-3899
-6363
-4179
-6379
-4419
-6363
-4627
-6355
-4851
-6283
-5075
-6395
-5371
-6347
-5587
-6363
-5891
-6299
-6027
-6347
-6339
-6395
-6635
-6363
-6803
-6395
-7115
-6395
-7323
-6363
-7515
-6371
-7723
-6387
-7971
-6387
-8211
-6395
-8467
-6339
-8675
-6331
-8971
-6371
-9251
-6355
-9515
-6363
-9659
-6323
-9867
-6387
-10147
-6363
-10435
-6387
-10699
-6323
-10947
-6395
-11083
-6387
-11379
-6379
-11659
-6379
-11859
-6323
-12155
-6275
-12307
-6299
-12571
-6363
-12803
-6371
-13099
-6315
-13315
-6331
-13579
-6283
-13755
-6395
-14011
-6307
-14235
-6323
-14547
-6395
-14707
-6379
-15019
-6371
-15211
-6379
-15475
-6387
-15723
-6291
-15995
-6315
-16227
-6395
-16379
-6395
-16595
-6363
-16827
-6339
-17067
-6395
-17355
-6379
-17643
-6363
-17787
-6291
-18131
-6331
-18291
-6307
-18571
-6355
-18827
-6627
125
-6539
-67
-6547
-307
-6547
-563
-6579
-827
-6579
-1099
-6595
-1307
-6603
-1539
-6627
-1755
-6507
-2059
-6603
-2315
-6603
-2523
-6563
-2699
-6587
-2947
-6595
-3259
-6571
-3427
-6555
-3739
-6595
-3947
-6603
-4155
-6547
-4435
-6603
-4643
-6571
-4915
-6579
-5099
-6563
-5419
-6555
-5675
-6619
-5907
-6507
-6155
-6595
-6363
-6531
-6587
-6627
-6763
-6515
-7067
-6523
-7355
-6555
-7587
-6619
-7755
-6579
-8019
-6627
-8235
-6635
-8427
-6555
-8707
-6619
-9003
-6635
-9211
-6571
-9427
-6627
-9739
-6635
-9955
-6555
-10187
-6603
-10475
-6611
-10635
-6523
-10843
-6587
-11147
-6571
-11427
-6595
-11587
-6579
-11811
-6531
-12067
-6579
-12315
-6523
-12555
-6587
-12747
-6595
-13051
-6571
-13235
-6595
-13515
-6619
-13731
-6587
-13979
-6563
-14315
-6619
-14443
-6635
-14707
-6635
-14923
-6539
-15251
-6627
-15467
-6619
-15731
-6507
-15875
-6627
-16203
-6563
-16371
-6635
-16667
-6523
-16883
-6563
-17179
-6571
-17419
-6635
-17563
-6635
-17787
-6587
-18131
-6627
-18275
-6635
-18515
-6515
-18859
-6835
125
-6875
-59
-6771
-275
-6851
-611
-6819
-779
-6795
-1035
-6771
-1347
-6843
-1547
-6811
-1715
-6867
-2043
-6787
-2243
-6851
-2539
-6779
-2747
-6851
-2939
-6875
-3147
-6835
-3395
-6755
-3731
-6827
-3947
-6763
-4179
-6851
-4475
-6859
-4707
-6835
-4907
-6787
-5107
-6771
-5371
-6803
-5651
-6795
-5803
-6803
-6083
-6803
-6379
-6771
-6523
-6771
-6843
-6835
-7051
-6787
-7307
-6867
-7499
-6795
-7835
-6771
-8075
-6835
-8187
-6859
-8499
-6771
-8667
-6779
-9011
-6827
-9195
-6851
-9459
-6875
-9643
-6811
-9979
-6851
-10139
-6851
-10419
-6763
-10635
-6859
-10891
-6819
-11099
-6803
-11363
-6843
-11611
-6851
-11915
-6779
-12155
-6843
-12299
-6835
-12595
-6843
-12771
-6811
-12995
-6779
-13235
-6771
-13507
-6859
-13819
-6827
-13947
-6835
-14259
-6771
-14443
-6859
-14723
-6827
-14907
-6787
-15267
-6875
-15411
-6827
-15691
-6851
-15979
-6827
-16195
-6859
-16467
-6851
-16603
-6851
-16915
-6787
-17083
-6779
-17435
-6819
-17547
-6803
-17811
-6779
-18155
-6867
-18307
-6827
-18523
-6835
-18811
-7059
117
-7035
-59
-7115
-363
-7067
-595
-7115
-867
-7003
-1051
-7083
-1347
-7075
-1523
-7115
-1707
-7003
-2051
-7091
-2195
-7019
-2555
-7091
-2691
-7067
-3035
-7035
-3235
-7051
-3483
-7059
-3739
-7091
-3867
-7115
-4179
-7091
-4403
-7083
-4683
-7091
-4851
-7099
-5091
-7035
-5371
-7083
-5611
-7083
-5915
-7083
-6091
-7067
-6395
-7075
-6547
-7027
-6763
-7011
-7083
-7099
-7355
-7043
-7467
-7051
-7755
-7075
-8011
-7091
-8227
-7115
-8427
-7051
-8747
-7099
-8931
-7003
-9251
-7091
-9395
-7091
-9715
-7099
-9987
-7027
-10147
-7115
-10419
-7091
-10699
-7003
-10859
-6995
-11179
-7099
-11435
-6987
-11563
-7043
-11875
-7099
-12027
-7107
-12339
-7107
-12539
-7059
-12859
-7051
-13115
-7027
-13243
-7107
-13579
-7115
-13755
-7075
-13963
-7075
-14211
-7091
-14523
-7115
-14739
-7099
-15003
-7083
-15195
-7035
-15459
-7099
-15683
-7027
-15931
-7083
-16115
-7091
-16427
-7075
-16715
-7091
-16851
-7019
-17075
-7091
-17403
-7003
-17651
-7099
-17811
-7067
-18147
-7107
-18339
-7059
-18611
-6995
-18859
-7347
109
-7339
-147
-7283
-379
-7347
-619
-7283
-843
-7291
-1115
-7307
-1259
-7355
-1515
-7283
-1779
-7299
-2027
-7259
-2315
-7331
-2483
-7339
-2723
-7307
-2907
-7355
-3243
-7355
-3387
-7347
-3715
-7283
-3971
-7235
-4203
-7347
-4387
-7275
-4707
-7299
-4859
-7275
-5195
-7235
-5371
-7307
-5547
-7315
-5851
-7299
-6115
-7275
-6363
-7339
-6507
-7323
-6835
-7259
-7011
-7283
-7235
-7355
-7555
-7315
-7819
-7339
-8003
-7283
-8187
-7347
-8435
-7355
-8771
-7347
-8907
-7315
-9219
-7355
-9411
-7251
-9659
-7339
-9939
-7323
-10139
-7355
-10371
-7243
-10627
-7323
-10891
-7235
-11067
-7315
-11307
-7323
-11579
-7243
-11795
-7259
-12059
-7339
-12347
-7275
-12635
-7299
-12867
-7323
-13059
-7331
-13331
-7347
-13467
-7299
-13787
-7291
-13987
-7323
-14243
-7339
-14435
-7331
-14675
-7275
-15003
-7347
-15147
-7291
-15515
-7347
-15627
-7331
-15923
-7347
-16131
-7283
-16451
-7291
-16715
-7251
-16835
-7355
-17067
-7331
-17403
-7347
-17659
-7227
-17891
-7267
-18035
-7283
-18307
-7307
-18523
-7291
-18819
-7475
109
-7499
-155
-7547
-283
-7523
-619
-7579
-859
-7499
-1115
-7555
-1235
-7595
-1587
-7507
-1795
-7539
-1995
-7523
-2307
-7595
-2547
-7475
-2763
-7555
-2979
-7547
-3155
-7555
-3499
-7515
-3747
-7587
-3971
-7579
-4203
-7539
-4459
-7523
-4587
-7555
-4851
-7587
-5195
-7563
-5387
-7491
-5659
-7555
-5795
-7563
-6051
-7587
-6283
-7555
-6635
-7555
-6811
-7475
-7051
-7595
-7235
-7563
-7523
-7595
-7787
-7579
-8051
-7507
-8187
-7467
-8427
-7595
-8731
-7507
-8971
-7483
-9267
-7579
-9467
-7595
-9707
-7563
-9971
-7531
-10179
-7467
-10411
-7499
-10595
-7475
-10867
-7547
-11075
-7595
-11403
-7555
-11627
-7563
-11867
-7555
-12147
-7555
-12331
-7531
-12611
-7531
-12851
-7595
-13019
-7579
-13227
-7523
-13515
-7539
-13747
-7547
-14059
-7563
-14251
-7587
-14523
-7587
-14683
-7523
-15011
-7587
-15275
-7555
-15451
-7467
-15707
-7563
-15971
-7499
-16115
-7555
-16411
-7531
-16699
-7555
-16915
-7595
-17179
-7579
-17347
-7579
-17667
-7499
-17867
-7507
-18091
-7571
-18395
-7531
-18555
-7531
-18843
-7731
101
-7803
-155
-7747
-331
-7835
-571
-7827
-803
-7827
-1083
-7819
-1299
-7787
-1475
-7835
-1739
-7755
-2035
-7739
-2251
-7803
-2491
-7827
-2731
-7739
-2931
-7771
-3163
-7731
-3403
-7763
-3699
-7835
-3883
-7779
-4155
-7715
-4435
-7747
-4659
-7835
-4907
-7763
-5091
-7755
-5411
-7755
-5555
-7795
-5835
-7771
-6051
-7835
-6331
-7811
-6595
-7763
-6803
-7819
-7043
-7827
-7331
-7827
-7483
-7723
-7795
-7707
-7995
-7715
-8267
-7739
-8555
-7763
-8691
-7747
-8923
-7771
-9163
-7803
-9451
-7803
-9731
-7827
-9923
-7723
-10107
-7771
-10451
-7771
-10643
-7803
-10907
-7763
-11115
-7763
-11355
-7795
-11603
-7707
-11795
-7795
-12131
-7803
-12307
-7779
-12611
-7803
-12803
-7771
-12987
-7827
-13291
-7723
-13539
-7763
-13739
-7779
-13963
-7763
-14275
-7819
-14547
-7795
-14755
-7819
-15011
-7771
-15251
-7763
-15499
-7827
-15675
-7835
-15907
-7819
-16235
-7835
-16355
-7819
-16715
-7803
-16931
-7835
-17155
-7739
-17371
-7803
-17595
-7755
-17851
-7819
-18123
-7803
-18267
-7771
-18539
-7795
-18835
-7995
117
-8043
-99
-8027
-347
-8059
-515
-8067
-755
-7955
-1043
-7955
-1331
-7979
-1491
-8003
-1755
-8067
-2043
-8035
-2243
-8059
-2515
-8067
-2715
-7971
-3035
-8027
-3259
-7971
-3475
-8003
-3667
-8067
-3955
-8075
-4219
-8043
-4451
-8067
-4667
-7995
-4955
-8051
-5179
-8027
-5315
-7971
-5675
-8075
-5915
-8003
-6035
-8003
-6379
-8075
-6539
-8067
-6747
-8059
-7027
-7971
-7355
-8019
-7587
-8051
-7811
-8035
-8003
-8075
-8307
-8051
-8483
-7995
-8707
-8011
-8995
-8019
-9235
-7995
-9467
-8035
-9747
-7963
-9891
-7987
-10115
-7963
-10387
-7995
-10699
-8043
-10923
-8075
-11083
-8075
-11323
-8019
-11651
-7955
-11899
-8075
-12091
-8035
-12339
-8011
-12531
-7971
-12827
-7955
-13043
-8003
-13299
-8075
-13483
-8043
-13771
-8027
-14043
-8027
-14195
-8011
-14531
-8035
-14755
-8059
-15019
-8059
-15243
-8051
-15435
-7995
-15691
-7947
-15883
-8035
-16227
-8067
-16371
-7963
-16699
-8075
-16843
-8075
-17179
-8043
-17387
-7963
-17579
-8019
-17899
-8019
-18147
-8003
-18355
-8011
-18539
-8027
-18819
-8243
101
-8299
-115
-8211
-387
-8203
-507
-8219
-843
-8315
-1051
-8315
-1323
-8283
-1579
-8259
-1707
-8275
-1995
-8275
-2275
-8275
-2539
-8259
-2723
-8203
-3003
-8275
-3267
-8299
-3411
-8203
-3715
-8187
-3995
-8243
-4131
-8307
-4403
-8283
-4619
-8267
-4859
-8227
-5139
-8315
-5387
-8251
-5571
-8235
-5907
-8227
-6147
-8291
-6291
-8251
-6507
-8299
-6827
-8275
-7043
-8267
-7339
-8235
-7571
-8291
-7811
-8275
-8067
-8299
-8211
-8275
-8539
-8307
-8755
-8243
-8931
-8315
-9187
-8203
-9403
-8195
-9747
-8227
-9987
-8275
-10139
-8259
-10355
-8267
-10611
-8307
-10843
-8219
-11155
-8243
-11355
-8299
-11571
-8259
-11891
-8307
-12067
-8315
-12323
-8315
-12635
-8291
-12843
-8251
-13027
-8235
-13227
-8195
-13507
-8299
-13707
-8291
-13947
-8227
-14299
-8235
-14523
-8251
-14731
-8243
-14971
-8315
-15155
-8315
-15411
-8219
-15699
-8187
-15915
-8259
-16139
-8267
-16403
-8275
-16619
-8307
-16891
-8251
-17163
-8235
-17435
-8315
-17587
-8283
-17883
-8283
-18147
-8259
-18323
-8195
-18603
-8227
-18835
-8547
117
-8451
-131
-8555
-267
-8499
-611
-8555
-803
-8483
-1099
-8531
-1235
-8475
-1507
-8515
-1787
-8555
-2019
-8515
-2283
-8507
-2467
-8499
-2795
-8547
-2947
-8483
-3187
-8539
-3467
-8507
-3659
-8427
-3995
-8523
-4219
-8451
-4467
-8507
-4635
-8515
-4955
-8515
-5075
-8483
-5395
-8515
-5555
-8523
-5907
-8539
-6123
-8451
-6267
-8451
-6555
-8427
-6827
-8451
-7027
-8523
-7307
-8491
-7595
-8459
-7827
-8515
-7987
-8443
-8259
-8531
-8451
-8443
-8747
-8531
-9035
-8443
-9243
-8467
-9491
-8475
-9699
-8531
-9931
-8499
-10203
-8467
-10355
-8539
-10659
-8499
-10899
-8467
-11123
-8435
-11395
-8531
-11635
-8491
-11811
-8459
-12059
-8515
-12395
-8451
-12547
-8547
-12875
-8539
-13075
-8507
-13323
-8523
-13587
-8475
-13795
-8507
-14035
-8523
-14227
-8499
-14499
-8483
-14675
-8547
-15035
-8547
-15211
-8523
-15443
-8427
-15651
-8427
-15923
-8539
-16179
-8547
-16427
-8515
-16611
-8515
-16955
-8451
-17155
-8483
-17371
-8555
-17579
-8531
-17827
-8435
-18155
-8475
-18395
-8427
-18507
-8523
-18819
-8755
125
-8755
-75
-8771
-379
-8699
-579
-8795
-803
-8755
-1011
-8715
-1235
-8779
-1579
-8723
-1763
-8731
-2003
-8699
-2283
-8667
-2491
-8787
-2755
-8691
-2931
-8779
-3219
-8707
-3419
-8771
-3683
-8763
-3955
-8763
-4203
-8747
-4395
-8787
-4675
-8739
-4947
-8675
-5179
-8707
-5427
-8795
-5595
-8731
-5811
-8691
-6155
-8723
-6371
-8707
-6603
-8779
-6755
-8731
-7035
-8755
-7259
-8723
-7523
-8779
-7715
-8787
-8027
-8779
-8283
-8787
-8523
-8731
-8691
-8675
-8915
-8675
-9187
-8755
-9435
-8699
-9715
-8747
-9963
-8683
-10187
-8747
-10395
-8739
-10643
-8667
-10955
-8779
-11163
-8787
-11331
-8787
-11603
-8795
-11787
-8771
-12059
-8723
-12395
-8683
-12587
-8763
-12771
-8747
-13099
-8763
-13347
-8787
-13563
-8715
-13747
-8747
-14027
-8795
-14307
-8755
-14515
-8771
-14683
-8763
-14971
-8691
-15195
-8731
-15459
-8715
-15739
-8795
-15947
-8795
-16123
-8699
-16451
-8731
-16627
-8723
-16939
-8715
-17123
-8667
-17427
-8739
-17635
-8763
-17891
-8755
-18147
-8795
-18275
-8779
-18539
-8715
-18811
-8923
125
-9011
-91
-9027
-291
-9011
-595
-9019
-819
-9003
-1027
-8987
-1291
-8971
-1571
-9027
-1739
-9011
-1963
-8979
-2283
-8971
-2475
-9027
-2771
-9011
-2955
-9027
-3195
-9035
-3491
-8979
-3723
-8963
-3891
-9035
-4235
-9019
-4347
-8979
-4627
-8987
-4835
-8963
-5075
-8979
-5403
-8923
-5675
-8923
-5795
-8979
-6043
-9027
-6331
-9035
-6595
-8939
-6763
-8939
-7051
-8987
-7291
-8963
-7547
-8947
-7811
-9011
-8059
-9035
-8315
-8923
-8451
-8987
-8715
-8955
-8987
-8907
-9211
-8963
-9435
-9019
-9683
-8907
-9987
-8971
-10115
-8963
-10371
-8955
-10635
-8987
-10915
-9019
-11107
-8979
-11339
-9019
-11571
-9011
-11907
-8923
-12147
-9019
-12299
-8923
-12603
-9035
-12795
-8931
-13035
-8931
-13331
-9035
-13523
-8971
-13811
-8987
-14027
-8971
-14219
-8931
-14451
-9027
-14715
-9003
-14947
-8931
-15243
-8939
-15507
-9035
-15723
-8963
-15867
-9035
-16115
-9035
-16371
-8971
-16659
-9027
-16947
-9027
-17099
-8955
-17403
-9035
-17675
-8947
-17915
-8955
-18035
-9019
-18307
-8955
-18515
-8995
-18859
-9219
109
-9235
-99
-9259
-299
-9275
-627
-9235
-795
-9227
-1099
-9259
-1235
-9155
-1539
-9171
-1715
-9275
-2035
-9251
-2307
-9155
-2475
-9275
-2771
-9187
-2987
-9195
-3211
-9219
-3443
-9267
-3659
-9267
-3875
-9243
-4155
-9251
-4355
-9147
-4651
-9227
-4907
-9251
-5171
-9187
-5379
-9203
-5571
-9243
-5827
-9219
-6115
-9259
-6371
-9195
-6619
-9195
-6803
-9147
-7035
-9267
-7299
-9219
-7539
-9187
-7707
-9171
-8019
-9235
-8187
-9179
-8515
-9259
-8779
-9259
-8955
-9219
-9227
-9219
-9395
-9219
-9739
-9235
-9963
-9195
-10147
-9219
-10459
-9259
-10603
-9187
-10827
-9259
-11195
-9187
-11315
-9243
-11611
-9267
-11891
-9235
-12051
-9267
-12307
-9267
-12587
-9163
-12851
-9227
-13099
-9179
-13347
-9235
-13555
-9187
-13811
-9259
-13971
-9203
-14211
-9251
-14499
-9251
-14755
-9251
-14907
-9275
-15147
-9259
-15443
-9243
-15651
-9235
-15995
-9235
-16155
-9259
-16387
-9235
-16643
-9187
-16955
-9227
-17179
-9267
-17355
-9187
-17595
-9219
-17795
-9267
-18147
-9171
-18275
-9251
-18531
-9187
-18875
-9491
85
-9507
-75
-9387
-363
-9491
-523
-9419
-779
-9403
-1083
-9387
-1235
-9475
-1507
-9491
-1755
-9499
-2067
-9483
-2291
-9483
-2515
-9427
-2667
-9475
-2979
-9435
-3179
-9507
-3443
-9427
-3683
-9459
-3987
-9451
-4227
-9507
-4379
-9419
-4659
-9475
-4955
-9483
-5091
-9515
-5419
-9403
-5651
-9419
-5883
-9515
-6107
-9475
-6371
-9395
-6611
-9427
-6787
-9475
-7043
-9451
-7355
-9467
-7507
-9427
-7739
-9515
-8011
-9491
-8203
-9443
-8467
-9411
-8763
-9507
-9019
-9443
-9187
-9403
-9403
-9427
-9723
-9395
-9995
-9483
-10211
-9443
-10411
-9483
-10619
-9443
-10851
-9443
-11107
-9483
-11347
-9403
-11619
-9483
-11787
-9507
-12043
-9419
-12331
-9507
-12635
-9515
-12867
-9483
-13091
-9499
-13291
-9451
-13579
-9507
-13755
-9467
-14051
-9419
-14227
-9507
-14547
-9459
-14675
-9451
-14947
-9499
-15219
-9467
-15483
-9475
-15691
-9515
-15979
-9491
-16235
-9515
-16459
-9411
-16691
-9427
-16835
-9483
-17187
-9411
-17387
-9491
-17587
-9419
-17875
-9491
-18123
-9427
-18379
-9395
-18571
-9515
-18851
-9651
141
-9699
-27
-9739
-379
-9715
-635
-9699
-755
-9651
-1019
-9627
-1331
-9651
-1507
-9723
-1795
-9755
-2051
-9627
-2307
-9723
-2435
-9659
-2731
-9659
-3027
-9707
-3235
-9739
-3459
-9723
-3755
-9659
-3907
-9747
-4187
-9691
-4443
-9723
-4643
-9747
-4859
-9755
-5179
-9651
-5347
-9755
-5555
-9755
-5851
-9667
-6147
-9739
-6323
-9635
-6579
-9739
-6843
-9723
-7091
-9755
-7283
-9731
-7523
-9699
-7787
-9651
-8027
-9699
-8243
-9747
-8499
-9691
-8795
-9755
-8995
-9675
-9259
-9667
-9499
-9723
-9755
-9755
-9987
-9699
-10115
-9755
-10435
-9643
-10715
-9755
-10883
-9731
-11075
-9707
-11355
-9667
-11555
-9731
-11827
-9683
-12035
-9683
-12315
-9731
-12635
-9683
-12827
-9747
-13091
-9739
-13307
-9699
-13467
-9659
-13771
-9731
-14051
-9675
-14195
-9691
-14467
-9731
-14771
-9755
-14987
-9691
-15203
-9739
-15507
-9723
-15659
-9723
-15987
-9723
-16115
-9675
-16379
-9659
-16715
-9707
-16899
-9747
-17155
-9699
-17347
-9731
-17579
-9747
-17835
-9731
-18107
-9739
-18307
-9691
-18635
-9667
-18819
-9931
133
-9923
-131
-9987
-331
-9907
-587
-9995
-747
-9915
-1075
-9971
-1315
-9883
-1507
-9995
-1819
-9915
-1987
-9939
-2283
-9995
-2475
-9995
-2755
-9923
-2987
-9995
-3195
-9979
-3427
-9931
-3755
-9971
-3907
-9987
-4171
-9979
-4371
-9955
-4595
-9867
-4947
-9955
-5131
-9931
-5395
-9907
-5555
-9875
-5867
-9979
-6147
-9867
-6267
-9987
-6563
-9907
-6755
-9883
-7099
-9931
-7235
-9955
-7563
-9931
-7731
-9931
-8051
-9979
-8259
-9955
-8523
-9971
-8683
-9947
-9011
-9963
-9227
-9899
-9459
-9947
-9627
-9931
-9883
-9899
-10171
-9971
-10419
-9883
-10667
-9867
-10931
-9907
-11123
-9995
-11331
-9915
-11651
-9955
-11875
-9971
-12115
-9955
-12395
-9995
-12619
-9939
-12827
-9963
-13011
-9867
-13275
-9907
-13523
-9995
-13755
-9971
-14075
-9971
-14291
-9931
-14555
-9987
-14755
-9875
-14979
-9955
-15235
-9915
-15419
-9995
-15675
-9971
-15867
-9915
-16227
-9971
-16403
-9979
-16595
-9987
-16827
-9891
-17107
-9907
-17387
-9891
-17611
-9939
-17859
-9931
-18115
-9891
-18339
-9891
-18531
-9939
-18819
-10227
133
-10171
-67
-10211
-331
-10187
-619
-10123
-875
-10115
-1035
-10163
-1323
-10227
-1579
-10219
-1739
-10123
-2043
-10227
-2267
-10211
-2515
-10115
-2771
-10131
-2963
-10115
-3187
-10211
-3483
-10235
-3715
-10227
-3939
-10211
-4179
-10227
-4451
-10107
-4683
-10147
-4875
-10187
-5147
-10123
-5435
-10115
-5659
-10235
-5803
-10195
-6051
-10179
-6323
-10155
-6571
-10211
-6875
-10123
-7043
-10163
-7315
-10235
-7555
-10163
-7739
-10147
-7979
-10115
-8227
-10139
-8467
-10107
-8739
-10179
-8939
-10123
-9179
-10171
-9403
-10235
-9691
-10179
-9899
-10235
-10155
-10211
-10411
-10235
-10635
-10235
-10859
-10211
-11163
-10227
-11371
-10219
-11563
-10107
-11835
-10163
-12035
-10131
-12267
-10219
-12587
-10163
-12819
-10195
-13059
-10179
-13331
-10203
-13507
-10195
-13779
-10163
-14067
-10171
-14315
-10155
-14467
-10187
-14755
-10195
-15019
-10203
-15163
-10227
-15475
-10139
-15667
-10123
-15947
-10219
-16139
-10123
-16411
-10235
-16691
-10219
-16955
-10235
-17131
-10163
-17355
-10195
-17651
-10211
-17891
-10187
-18075
-10131
-18387
-10187
-18531
-10155
-18859
-10475
141
-10475
-51
-10435
-347
-10419
-595
-10467
-771
-10435
-1051
-10419
-1339
-10459
-1523
-10459
-1731
-10475
-2075
-10427
-2291
-10411
-2475
-10427
-2771
-10451
-3035
-10475
-3155
-10435
-3459
-10443
-3683
-10475
-3899
-10443
-4115
-10435
-4475
-10419
-4603
-10467
-4915
-10475
-5067
-10411
-5371
-10427
-5651
-10467
-5891
-10411
-6115
-10427
-6315
-10475
-6515
-10443
-6779
-10467
-7107
-10475
-7259
-10467
-7467
-10475
-7795
-10435
-8011
-10459
-8243
-10419
-8443
-10443
-8667
-10467
-8907
-10467
-9147
-10443
-9491
-10451
-9715
-10443
-9939
-10419
-10139
-10459
-10403
-10475
-10691
-10451
-10859
-10475
-11107
-10419
-11387
-10459
-11659
-10475
-11787
-10467
-12075
-10459
-12283
-10451
-12523
-10443
-12867
-10419
-12995
-10443
-13227
-10467
-13467
-10427
-13723
-10467
-13963
-10435
-14251
-10419
-14483
-10419
-14675
-10467
-15035
-10427
-15171
-10467
-15491
-10459
-15683
-10475
-15947
-10427
-16235
-10475
-16379
-10443
-16683
-10419
-16827
-10427
-17067
-10419
-17331
-10411
-17619
-10435
-17883
-10459
-18131
-10427
-18307
-10419
-18579
-10419
-18811
