109
310
539
-127
160
-310
406
-583
359
-806
318
-1036
298
-1267
397
-1568
465
-1798
744
-1935
217
-2202
115
-2435
285
-2771
143
-2951
139
-3269
99
-3469
291
-3743
111
-3899
147
-4143
241
-4405
229
-4607
149
-4863
109
-5083
109
-5343
133
-5539
133
-5883
149
-6019
109
-6275
101
-6603
133
-6871
93
-6963
141
-7291
93
-7487
149
-7823
133
-7935
141
-8267
133
-8487
141
-8651
101
-8983
93
-9215
125
-9379
149
-9683
149
-9923
85
-10155
109
-10419
109
-10635
85
-10835
93
-11115
85
-11363
93
-11667
85
-11787
85
-12147
133
-12267
93
-12507
93
-12795
101
-13075
133
-13291
149
-13531
109
-13755
141
-14059
117
-14299
117
-14523
85
-14707
117
-14955
85
-15243
109
-15403
133
-15731
141
-15987
93
-16115
117
-16347
125
-16603
141
-16915
149
-17099
109
-17331
101
-17595
101
-17827
101
-18027
141
-18315
149
-18595
93
-18827
-11
456
-28
-57
-64
-252
-99
-567
-80
-835
-25
-1049
-54
-1266
-115
-1514
-123
-1773
-93
-1917
-113
-2164
-121
-2489
-115
-2687
-127
-2945
5
-3137
-119
-3447
-47
-3603
-39
-3977
-89
-4101
-119
-4435
-75
-4603
-59
-4923
-139
-5179
-147
-5351
-131
-5575
-75
-5799
-59
-5995
-103
-6351
-11
-6563
-151
-6775
-127
-7007
-35
-7235
-99
-7499
-119
-7695
-103
-8019
-43
-8195
-67
-8535
-139
-8679
-55
-8895
-15
-9127
-119
-9395
-67
-9707
-115
-9883
-43
-10195
-107
-10435
-83
-10659
-99
-10955
-43
-11195
-51
-11379
-75
-11595
-139
-11915
-75
-12107
-147
-12275
-91
-12547
-35
-12779
-123
-12995
-91
-13355
-83
-13595
-123
-13827
-115
-14067
-123
-14251
-99
-14443
-107
-14787
-147
-14963
-107
-15235
-99
-15491
-131
-15683
-131
-15955
-51
-16171
-107
-16371
-115
-16595
-27
-16891
-155
-17099
-27
-17379
-59
-17579
-51
-17875
-131
-18051
-43
-18299
-123
-18619
-51
-18811
-346
1318
-316
-145
-291
-351
-261
-505
-334
-809
-347
-1012
-269
-1217
-388
-1455
-303
-1707
-255
-2037
-369
-2282
-365
-2511
-381
-2749
-323
-2903
-391
-3229
-245
-3467
-351
-3679
-251
-3897
-239
-4223
-263
-4389
-307
-4707
-359
-4927
-343
-5143
-367
-5315
-279
-5575
-283
-5907
-299
-6043
-387
-6347
-331
-6563
-355
-6811
-307
-7087
-347
-7315
-311
-7515
-259
-7719
-367
-8007
-331
-8299
-367
-8423
-387
-8779
-283
-8915
-299
-9175
-299
-9379
-323
-9675
-315
-9891
-267
-10163
-395
-10355
-379
-10643
-283
-10875
-387
-11139
-307
-11339
-363
-11579
-387
-11803
-291
-12099
-387
-12363
-331
-12539
-331
-12763
-371
-12987
-339
-13355
-371
-13579
-379
-13739
-339
-14011
-275
-14203
-267
-14435
-387
-14747
-331
-15019
-299
-15155
-395
-15475
-307
-15691
-323
-15979
-363
-16171
-315
-16355
-363
-16627
-331
-16955
-315
-17147
-355
-17395
-267
-17675
-283
-17891
-283
-18099
-371
-18371
-331
-18539
-331
-18859
-547
457
-544
-51
-489
-311
-627
-575
-594
-816
-513
-1022
-569
-1251
-619
-1555
-563
-1768
-582
-1968
-617
-2255
-493
-2475
-583
-2727
-613
-2997
-595
-3265
-551
-3379
-515
-3629
-555
-3951
-555
-4195
-595
-4417
-563
-4649
-559
-4911
-539
-5059
-499
-5339
-571
-5547
-535
-5887
-563
-6151
-499
-6307
-527
-6559
-515
-6819
-503
-7031
-603
-7295
-531
-7535
-499
-7779
-607
-8027
-631
-8179
-623
-8423
-607
-8679
-603
-8931
-515
-9231
-603
-9403
-603
-9675
-547
-9931
-611
-10219
-555
-10419
-579
-10715
-627
-10947
-587
-11163
-627
-11379
-507
-11643
-627
-11795
-571
-12147
-603
-12307
-563
-12579
-523
-12763
-563
-13043
-539
-13275
-627
-13475
-555
-13771
-531
-13963
-635
-14299
-611
-14531
-635
-14795
-579
-14987
-603
-15147
-619
-15451
-619
-15715
-619
-15923
-635
-16179
-563
-16403
-635
-16595
-603
-16939
-555
-17083
-579
-17435
-523
-17659
-635
-17835
-555
-18147
-603
-18291
-555
-18539
-595
-18835
-759
1199
-852
-153
-811
-366
-807
-569
-749
-843
-837
-1011
-770
-1220
-811
-1559
-834
-1791
-800
-1960
-834
-2205
-757
-2431
-817
-2651
-835
-2969
-751
-3231
-755
-3419
-849
-3735
-837
-3977
-821
-4127
-791
-4383
-737
-4665
-763
-4883
-787
-5075
-859
-5323
-747
-5547
-839
-5815
-799
-6147
-751
-6371
-795
-6479
-791
-6759
-839
-7011
-763
-7211
-811
-7547
-799
-7675
-731
-8075
-807
-8271
-783
-8447
-791
-8687
-827
-8959
-875
-9159
-791
-9447
-867
-9667
-843
-9923
-755
-10219
-867
-10387
-755
-10587
-771
-10907
-843
-11163
-827
-11331
-803
-11627
-859
-11803
-787
-12059
-875
-12371
-867
-12579
-787
-12867
-827
-13051
-843
-13267
-795
-13587
-819
-13723
-755
-13995
-747
-14283
-763
-14531
-851
-14715
-835
-14963
-867
-15235
-867
-15459
-811
-15643
-771
-15947
-859
-16131
-843
-16451
-843
-16707
-819
-16955
-851
-17091
-819
-17339
-747
-17675
-819
-17859
-811
-18091
-835
-18395
-859
-18611
-851
-18875
-1051
616
-1013
-91
-1049
-267
-1035
-527
-1092
-743
-1041
-1030
-1057
-1316
-1086
-1560
-1078
-1811
-994
-1919
-1047
-2191
-1057
-2515
-1087
-2763
-1063
-2901
-1043
-3183
-1075
-3495
-957
-3633
-1055
-3841
-1015
-4221
-1077
-4335
-1079
-4667
-991
-4955
-1083
-5083
-1051
-5347
-1087
-5547
-979
-5823
-1059
-6115
-1075
-6299
-1115
-6591
-1099
-6751
-1039
-6987
-1087
-7275
-1083
-7495
-1059
-7691
-1079
-7991
-1055
-8223
-1059
-8435
-1059
-8783
-971
-9027
-1027
-9215
-1107
-9507
-1091
-9715
-1115
-9987
-1091
-10139
-995
-10403
-1019
-10699
-1115
-10859
-1075
-11091
-1019
-11331
-1075
-11675
-1003
-11803
-1075
-12139
-1083
-12299
-1011
-12515
-1019
-12795
-1099
-13091
-1099
-13235
-1011
-13475
-1075
-13827
-1115
-14067
-1099
-14291
-1027
-14555
-987
-14787
-995
-14979
-1115
-15227
-1059
-15443
-1019
-15755
-1099
-15907
-995
-16107
-1003
-16347
-987
-16675
-1099
-16907
-1067
-17171
-1043
-17419
-1067
-17667
-1099
-17883
-1115
-18051
-1091
-18307
-1051
-18611
-1059
-18819
-1339
1619
-1249
-53
-1323
-333
-1286
-500
-1279
-800
-1333
-1069
-1280
-1278
-1261
-1561
-1310
-1726
-1216
-1977
-1271
-2229
-1265
-2475
-1317
-2749
-1319
-2977
-1247
-3175
-1285
-3449
-1303
-3633
-1307
-3929
-1277
-4111
-1267
-4389
-1323
-4659
-1243
-4871
-1335
-5071
-1275
-5395
-1327
-5551
-1275
-5795
-1299
-6055
-1271
-6331
-1303
-6607
-1263
-6723
-1327
-7059
-1271
-7195
-1319
-7515
-1227
-7751
-1243
-8011
-1319
-8247
-1311
-8451
-1291
-8763
-1239
-8987
-1259
-9147
-1227
-9395
-1315
-9707
-1347
-9875
-1291
-10155
-1347
-10427
-1347
-10595
-1291
-10867
-1251
-11107
-1299
-11387
-1307
-11587
-1299
-11851
-1243
-12139
-1267
-12339
-1283
-12603
-1315
-12811
-1331
-13091
-1291
-13267
-1347
-13507
-1307
-13835
-1331
-13963
-1339
-14299
-1251
-14547
-1243
-14747
-1355
-14979
-1323
-15227
-1243
-15411
-1227
-15651
-1315
-15987
-1299
-16123
-1275
-16355
-1227
-16635
-1251
-16827
-1251
-17123
-1355
-17307
-1283
-17603
-1243
-17851
-1355
-18099
-1307
-18355
-1355
-18611
-1291
-18843
-1483
149
-1571
-121
-1555
-289
-1581
-595
-1515
-761
-1585
-1093
-1547
-1293
-1549
-1543
-1497
-1777
-1525
-1955
-1523
-2193
-1465
-2467
-1539
-2659
-1589
-2971
-1567
-3229
-1499
-3461
-1447
-3691
-1579
-3943
-1543
-4113
-1451
-4395
-1585
-4591
-1463
-4839
-1567
-5135
-1443
-5331
-1563
-5559
-1547
-5771
-1551
-6103
-1523
-6355
-1523
-6519
-1559
-6795
-1543
-6999
-1535
-7319
-1463
-7499
-1515
-7687
-1571
-8011
-1539
-8231
-1563
-8407
-1523
-8667
-1547
-8995
-1527
-9179
-1479
-9419
-1531
-9723
-1539
-9875
-1523
-10131
-1507
-10411
-1595
-10595
-1523
-10867
-1491
-11187
-1579
-11411
-1499
-11571
-1523
-11819
-1499
-12067
-1475
-12363
-1491
-12523
-1531
-12803
-1579
-13059
-1587
-13291
-1491
-13515
-1475
-13819
-1563
-13955
-1563
-14283
-1563
-14499
-1523
-14675
-1587
-14955
-1595
-15275
-1491
-15387
-1595
-15739
-1571
-15963
-1595
-16171
-1467
-16347
-1531
-16683
-1507
-16843
-1571
-17099
-1475
-17435
-1587
-17675
-1563
-17891
-1571
-18059
-1507
-18339
-1499
-18611
-1579
-18843
-1747
861
-1761
-143
-1749
-337
-1747
-489
-1779
-805
-1779
-1077
-1811
-1321
-1761
-1491
-1707
-1693
-1765
-1921
-1763
-2291
-1783
-2439
-1807
-2723
-1699
-2917
-1725
-3159
-1817
-3383
-1811
-3649
-1771
-3891
-1715
-4217
-1781
-4355
-1823
-4635
-1771
-4823
-1707
-5175
-1823
-5387
-1795
-5607
-1723
-5887
-1795
-6147
-1707
-6263
-1719
-6559
-1775
-6847
-1727
-6987
-1799
-7315
-1807
-7491
-1807
-7783
-1763
-7991
-1787
-8163
-1795
-8407
-1803
-8719
-1767
-8907
-1795
-9139
-1811
-9379
-1787
-9691
-1715
-9963
-1715
-10163
-1715
-10451
-1707
-10683
-1827
-10867
-1755
-11083
-1731
-11427
-1755
-11563
-1763
-11883
-1747
-12107
-1763
-12315
-1811
-12603
-1819
-12755
-1811
-13027
-1763
-13315
-1715
-13491
-1739
-13771
-1763
-14035
-1779
-14203
-1723
-14539
-1715
-14779
-1811
-14939
-1819
-15187
-1779
-15387
-1835
-15707
-1819
-15883
-1747
-16219
-1819
-16467
-1739
-16683
-1755
-16907
-1827
-17075
-1803
-17323
-1755
-17659
-1819
-17803
-1795
-18091
-1803
-18307
-1731
-18627
-1755
-18843
-1951
271
-1987
-115
-1991
-383
-2059
-483
-2059
-719
-1971
-1049
-2049
-1293
-2049
-1589
-2019
-1739
-1981
-1933
-2063
-2243
-1931
-2491
-1965
-2741
-1965
-2913
-2039
-3229
-2029
-3365
-2063
-3601
-1967
-3877
-2005
-4095
-2031
-4421
-2031
-4629
-2051
-4935
-2067
-5127
-1923
-5399
-1935
-5567
-1915
-5871
-1943
-6139
-2027
-6263
-2003
-6631
-1975
-6771
-2063
-6983
-2051
-7235
-2051
-7515
-2047
-7791
-2015
-7995
-1995
-8287
-1991
-8515
-2067
-8647
-2051
-8947
-1927
-9235
-1947
-9463
-2035
-9651
-2003
-9987
-2067
-10107
-2059
-10371
-2019
-10619
-1995
-10939
-2075
-11099
-2059
-11395
-2035
-11635
-2035
-11827
-2043
-12131
-2019
-12395
-2059
-12531
-2043
-12795
-2043
-13075
-2027
-13299
-2011
-13491
-1987
-13715
-2067
-13979
-2051
-14219
-1963
-14483
-2027
-14779
-2075
-14963
-2067
-15243
-2003
-15475
-2019
-15659
-2075
-15971
-2019
-16235
-2059
-16395
-2067
-16643
-2059
-16899
-2003
-17075
-1995
-17403
-1979
-17587
-2051
-17819
-1979
-18139
-2043
-18291
-1955
-18579
-1979
-18859
-2219
419
-2303
-139
-2279
-277
-2167
-507
-2271
-863
-2209
-1017
-2305
-1247
-2207
-1591
-2193
-1827
-2199
-1999
-2167
-2185
-2303
-2421
-2287
-2699
-2289
-2959
-2291
-3237
-2215
-3463
-2249
-3635
-2259
-3961
-2273
-4101
-2207
-4435
-2289
-4617
-2271
-4935
-2235
-5147
-2223
-5335
-2171
-5631
-2283
-5811
-2175
-6111
-2231
-6359
-2259
-6591
-2263
-6767
-2243
-7023
-2307
-7295
-2171
-7499
-2279
-7699
-2251
-7947
-2279
-8303
-2203
-8535
-2235
-8767
-2275
-8919
-2279
-9203
-2183
-9399
-2259
-9627
-2211
-9955
-2291
-10163
-2195
-10347
-2315
-10635
-2259
-10835
-2283
-11171
-2195
-11339
-2203
-11627
-2291
-11899
-2283
-12035
-2315
-12379
-2267
-12571
-2211
-12771
-2299
-13067
-2307
-13355
-2315
-13563
-2299
-13787
-2251
-14011
-2203
-14307
-2195
-14555
-2211
-14707
-2299
-14995
-2243
-15243
-2211
-15499
-2187
-15731
-2235
-15955
-2227
-16187
-2203
-16403
-2291
-16667
-2267
-16843
-2299
-17155
-2259
-17411
-2283
-17619
-2219
-17867
-2275
-18091
-2299
-18275
-2267
-18603
-2211
-18851
-2495
1349
-2483
-9
-2493
-301
-2411
-601
-2423
-843
-2475
-973
-2505
-1335
-2519
-1481
-2461
-1805
-2419
-2057
-2529
-2263
-2535
-2477
-2435
-2715
-2531
-2973
-2513
-3169
-2471
-3477
-2531
-3685
-2431
-3971
-2397
-4181
-2439
-4355
-2477
-4581
-2547
-4847
-2539
-5111
-2515
-5307
-2447
-5619
-2435
-5871
-2471
-6083
-2531
-6379
-2535
-6603
-2503
-6787
-2491
-7019
-2551
-7227
-2527
-7523
-2507
-7775
-2499
-8035
-2407
-8243
-2483
-8407
-2535
-8715
-2451
-8995
-2519
-9231
-2463
-9459
-2547
-9707
-2467
-9987
-2427
-10219
-2467
-10403
-2427
-10659
-2499
-10867
-2491
-11083
-2555
-11403
-2507
-11667
-2475
-11835
-2515
-12035
-2547
-12347
-2547
-12635
-2459
-12803
-2451
-13059
-2539
-13235
-2491
-13539
-2451
-13779
-2555
-14059
-2451
-14307
-2427
-14435
-2531
-14683
-2547
-14971
-2435
-15219
-2555
-15475
-2499
-15675
-2499
-15923
-2427
-16219
-2539
-16411
-2459
-16707
-2547
-16843
-2555
-17091
-2523
-17355
-2459
-17603
-2531
-17907
-2475
-18131
-2499
-18371
-2547
-18627
-2555
-18867
-2735
125
-2667
-103
-2727
-271
-2711
-615
-2775
-795
-2723
-1011
-2703
-1307
-2715
-1491
-2727
-1759
-2671
-2025
-2691
-2195
-2747
-2523
-2747
-2691
-2727
-2931
-2667
-3191
-2787
-3395
-2755
-3659
-2655
-3889
-2759
-4123
-2715
-4431
-2707
-4655
-2763
-4843
-2731
-5123
-2735
-5355
-2703
-5591
-2767
-5891
-2775
-6079
-2727
-6303
-2667
-6571
-2703
-6767
-2771
-7087
-2779
-7283
-2767
-7567
-2703
-7827
-2787
-7987
-2663
-8195
-2763
-8427
-2759
-8731
-2739
-8987
-2779
-9263
-2787
-9395
-2795
-9675
-2795
-9939
-2731
-10195
-2667
-10355
-2755
-10619
-2779
-10891
-2707
-11131
-2795
-11435
-2723
-11627
-2779
-11835
-2699
-12059
-2755
-12323
-2771
-12635
-2747
-12819
-2747
-13099
-2691
-13275
-2763
-13563
-2731
-13755
-2755
-14051
-2675
-14259
-2675
-14507
-2731
-14723
-2667
-14971
-2787
-15179
-2755
-15459
-2723
-15627
-2723
-15995
-2787
-16155
-2731
-16379
-2787
-16619
-2763
-16899
-2787
-17067
-2779
-17323
-2667
-17619
-2715
-17851
-2707
-18059
-2739
-18347
-2731
-18515
-2763
-18819
-2947
125
-3003
-95
-3007
-267
-2995
-619
-2915
-779
-2923
-963
-2987
-1319
-3019
-1491
-2999
-1747
-2891
-2003
-2995
-2187
-2987
-2427
-2923
-2743
-2947
-2959
-3003
-3203
-2991
-3511
-3035
-3703
-2991
-3947
-3031
-4211
-2935
-4339
-3019
-4595
-2907
-4815
-2999
-5063
-2919
-5355
-2923
-5547
-2991
-5819
-2999
-6035
-3035
-6251
-3015
-6603
-2939
-6855
-2947
-7003
-2911
-7211
-2891
-7571
-2907
-7763
-2927
-7943
-2959
-8167
-2963
-8527
-2915
-8783
-2915
-9027
-2983
-9163
-2935
-9467
-2915
-9755
-3035
-9955
-3035
-10219
-2963
-10459
-3035
-10683
-2971
-10851
-2979
-11099
-2931
-11323
-3019
-11667
-2931
-11859
-3003
-12131
-2923
-12275
-2971
-12539
-2955
-12795
-2971
-13027
-2963
-13299
-3027
-13491
-2955
-13707
-2907
-14059
-2955
-14251
-3019
-14451
-3011
-14787
-3011
-14987
-3019
-15179
-2947
-15515
-2907
-15739
-3003
-15939
-3035
-16123
-2947
-16435
-2987
-16667
-2923
-16947
-2971
-17067
-2947
-17435
-2971
-17659
-3019
-17811
-2979
-18131
-2923
-18347
-2947
-18635
-2955
-18827
-3179
149
-3247
-75
-3155
-351
-3211
-547
-3183
-739
-3219
-1015
-3175
-1323
-3195
-1551
-3247
-1827
-3155
-1947
-3251
-2271
-3211
-2499
-3223
-2683
-3235
-2979
-3243
-3207
-3199
-3511
-3211
-3623
-3191
-3867
-3239
-4115
-3143
-4371
-3159
-4703
-3247
-4863
-3235
-5195
-3215
-5419
-3131
-5667
-3127
-5787
-3163
-6107
-3187
-6283
-3231
-6535
-3191
-6767
-3231
-7047
-3219
-7291
-3239
-7499
-3167
-7695
-3151
-8015
-3195
-8307
-3163
-8535
-3215
-8695
-3235
-8919
-3259
-9239
-3251
-9415
-3227
-9651
-3211
-9979
-3251
-10235
-3243
-10395
-3275
-10635
-3235
-10931
-3163
-11091
-3243
-11395
-3163
-11555
-3211
-11819
-3227
-12131
-3275
-12331
-3267
-12611
-3259
-12859
-3251
-13115
-3219
-13339
-3251
-13491
-3275
-13819
-3211
-13979
-3251
-14283
-3235
-14555
-3203
-14747
-3179
-14963
-3219
-15235
-3267
-15507
-3211
-15747
-3163
-15891
-3267
-16139
-3219
-16387
-3259
-16587
-3275
-16835
-3267
-17187
-3211
-17419
-3227
-17587
-3211
-17787
-3243
-18115
-3243
-18307
-3267
-18547
-3195
-18867
-3407
133
-3455
-107
-3475
-351
-3479
-559
-3439
-835
-3467
-1087
-3443
-1239
-3439
-1527
-3363
-1743
-3363
-1987
-3511
-2243
-3427
-2479
-3395
-2727
-3447
-2923
-3491
-3183
-3467
-3431
-3463
-3699
-3435
-3951
-3467
-4123
-3427
-4363
-3467
-4679
-3363
-4947
-3419
-5095
-3455
-5423
-3427
-5595
-3447
-5851
-3411
-6079
-3511
-6375
-3459
-6571
-3491
-6827
-3415
-7063
-3399
-7323
-3503
-7559
-3423
-7827
-3479
-8007
-3507
-8255
-3463
-8527
-3503
-8667
-3483
-8963
-3363
-9191
-3467
-9507
-3499
-9659
-3467
-9883
-3467
-10155
-3499
-10427
-3491
-10683
-3451
-10907
-3435
-11163
-3459
-11435
-3419
-11659
-3435
-11915
-3467
-12147
-3507
-12363
-3427
-12523
-3475
-12811
-3515
-13067
-3467
-13267
-3491
-13499
-3507
-13739
-3515
-13955
-3411
-14187
-3419
-14467
-3387
-14715
-3515
-14939
-3515
-15179
-3451
-15459
-3491
-15651
-3515
-15891
-3419
-16155
-3491
-16395
-3475
-16587
-3467
-16939
-3459
-17099
-3491
-17387
-3459
-17555
-3467
-17851
-3419
-18115
-3443
-18363
-3427
-18571
-3403
-18867
-3715
133
-3747
-123
-3635
-303
-3675
-511
-3643
-847
-3687
-1039
-3735
-1307
-3715
-1511
-3611
-1799
-3747
-1927
-3683
-2271
-3703
-2447
-3711
-2727
-3679
-2955
-3695
-3243
-3695
-3451
-3651
-3695
-3707
-3887
-3647
-4075
-3671
-4367
-3743
-4659
-3679
-4843
-3739
-5159
-3671
-5403
-3683
-5543
-3707
-5787
-3659
-6103
-3711
-6303
-3731
-6511
-3711
-6807
-3703
-7083
-3695
-7299
-3671
-7567
-3631
-7775
-3663
-8015
-3707
-8243
-3699
-8435
-3631
-8767
-3715
-8991
-3707
-9131
-3695
-9395
-3739
-9707
-3715
-9915
-3755
-10219
-3731
-10387
-3739
-10659
-3635
-10851
-3731
-11115
-3651
-11347
-3659
-11667
-3747
-11915
-3635
-12075
-3667
-12379
-3683
-12571
-3731
-12867
-3755
-13027
-3643
-13283
-3651
-13547
-3691
-13715
-3699
-14043
-3739
-14299
-3723
-14507
-3755
-14771
-3699
-14963
-3723
-15163
-3683
-15387
-3723
-15691
-3699
-15899
-3627
-16107
-3707
-16363
-3755
-16691
-3723
-16867
-3747
-17147
-3723
-17419
-3691
-17667
-3683
-17859
-3747
-18123
-3691
-18371
-3755
-18627
-3659
-18859
-3911
109
-3931
-155
-3875
-275
-3955
-587
-3975
-847
-3927
-1035
-3935
-1311
-3963
-1523
-3911
-1763
-3931
-1999
-3923
-2247
-3983
-2475
-3995
-2719
-3955
-2995
-3991
-3251
-3947
-3451
-3935
-3703
-3915
-3955
-3923
-4115
-3979
-4459
-3967
-4667
-3891
-4863
-3963
-5183
-3907
-5407
-3927
-5535
-3959
-5895
-3887
-6103
-3963
-6295
-3923
-6523
-3971
-6835
-3963
-7027
-3899
-7339
-3919
-7515
-3955
-7767
-3979
-7971
-3907
-8183
-3919
-8515
-3967
-8667
-3991
-8975
-3991
-9203
-3903
-9499
-3987
-9635
-3931
-9907
-3931
-10107
-3923
-10467
-3963
-10587
-3963
-10955
-3931
-11171
-3963
-11387
-3963
-11651
-3979
-11899
-3939
-12083
-3907
-12315
-3987
-12507
-3979
-12835
-3939
-13067
-3883
-13355
-3987
-13587
-3971
-13771
-3907
-14051
-3923
-14267
-3939
-14459
-3891
-14755
-3923
-14955
-3875
-15251
-3987
-15467
-3931
-15747
-3955
-15883
-3923
-16235
-3931
-16467
-3987
-16691
-3971
-16931
-3939
-17147
-3995
-17427
-3979
-17571
-3931
-17787
-3995
-18139
-3931
-18291
-3947
-18515
-3931
-18835
-4175
93
-4083
-87
-4179
-343
-4199
-515
-4195
-763
-4203
-1043
-4151
-1219
-4143
-1511
-4091
-1751
-4167
-2043
-4083
-2219
-4111
-2435
-4103
-2655
-4083
-2995
-4163
-3179
-4227
-3455
-4203
-3699
-4219
-3959
-4219
-4111
-4139
-4419
-4167
-4663
-4111
-4879
-4115
-5107
-4175
-5407
-4179
-5587
-4223
-5859
-4187
-6135
-4187
-6275
-4139
-6555
-4183
-6779
-4103
-7023
-4179
-7235
-4147
-7459
-4131
-7811
-4111
-8031
-4211
-8203
-4083
-8471
-4131
-8759
-4179
-8955
-4187
-9131
-4139
-9415
-4195
-9739
-4115
-9899
-4219
-10219
-4203
-10371
-4171
-10707
-4107
-10835
-4195
-11131
-4187
-11387
-4203
-11571
-4139
-11843
-4203
-12059
-4203
-12307
-4139
-12523
-4195
-12819
-4163
-13115
-4227
-13307
-4219
-13507
-4203
-13723
-4203
-14067
-4179
-14235
-4187
-14531
-4227
-14731
-4235
-15035
-4187
-15275
-4235
-15467
-4163
-15699
-4163
-15971
-4219
-16195
-4179
-16371
-4211
-16699
-4179
-16827
-4227
-17195
-4219
-17387
-4227
-17667
-4235
-17843
-4147
-18155
-4219
-18363
-4227
-18579
-4147
-18843
-4323
93
-4419
-7
-4439
-283
-4395
-539
-4443
-779
-4435
-991
-4403
-1275
-4411
-1487
-4455
-1723
-4423
-1923
-4363
-2243
-4363
-2439
-4391
-2743
-4443
-3011
-4443
-3127
-4431
-3499
-4399
-3711
-4419
-3955
-4343
-4095
-4343
-4343
-4383
-4563
-4343
-4835
-4459
-5191
-4427
-5375
-4351
-5563
-4407
-5907
-4343
-6019
-4359
-6335
-4395
-6499
-4399
-6735
-4399
-6987
-4431
-7223
-4367
-7543
-4427
-7755
-4359
-7979
-4379
-8259
-4471
-8491
-4347
-8739
-4423
-8895
-4443
-9203
-4471
-9387
-4475
-9723
-4451
-9971
-4371
-10187
-4363
-10403
-4371
-10627
-4395
-10843
-4475
-11155
-4459
-11395
-4363
-11603
-4467
-11851
-4395
-12155
-4387
-12307
-4475
-12539
-4435
-12787
-4443
-13027
-4403
-13275
-4467
-13587
-4403
-13715
-4419
-14011
-4395
-14259
-4411
-14531
-4419
-14755
-4387
-14963
-4459
-15171
-4475
-15491
-4411
-15691
-4403
-15907
-4355
-16203
-4475
-16363
-4427
-16587
-4395
-16851
-4443
-17155
-4443
-17427
-4443
-17627
-4403
-17811
-4371
-18051
-4347
-18395
-4451
-18571
-4355
-18875
-4583
125
-4695
-79
-4699
-299
-4671
-543
-4675
-771
-4611
-1007
-4651
-1247
-4599
-1527
-4627
-1823
-4687
-2051
-4707
-2267
-4631
-2503
-4695
-2787
-4655
-2959
-4611
-3151
-4631
-3427
-4603
-3723
-4671
-3935
-4579
-4187
-4703
-4411
-4635
-4587
-4639
-4903
-4667
-5063
-4675
-5371
-4595
-5639
-4659
-5815
-4587
-6031
-4695
-6347
-4663
-6587
-4635
-6771
-4695
-7083
-4635
-7267
-4647
-7487
-4675
-7791
-4687
-7935
-4599
-8247
-4603
-8435
-4607
-8659
-4655
-9019
-4651
-9215
-4655
-9467
-4651
-9659
-4651
-9931
-4659
-10187
-4659
-10411
-4611
-10675
-4675
-10939
-4691
-11171
-4651
-11419
-4707
-11651
-4699
-11827
-4667
-12083
-4707
-12371
-4707
-12539
-4699
-12747
-4691
-13091
-4635
-13331
-4699
-13571
-4715
-13787
-4635
-13979
-4619
-14299
-4691
-14507
-4675
-14683
-4691
-14955
-4619
-15163
-4707
-15443
-4587
-15707
-4659
-15987
-4643
-16195
-4667
-16459
-4643
-16619
-4691
-16939
-4691
-17123
-4683
-17411
-4643
-17659
-4651
-17803
-4707
-18139
-4659
-18299
-4659
-18523
-4667
-18827
-4839
109
-4955
-143
-4895
-355
-4851
-583
-4923
-767
-4943
-1003
-4831
-1331
-4951
-1519
-4835
-1727
-4867
-1963
-4939
-2171
-4831
-2507
-4859
-2795
-4923
-3019
-4887
-3167
-4863
-3451
-4943
-3743
-4851
-3847
-4863
-4151
-4939
-4443
-4935
-4595
-4839
-4867
-4839
-5147
-4863
-5319
-4935
-5591
-4939
-5819
-4903
-6059
-4911
-6387
-4875
-6531
-4911
-6815
-4835
-6987
-4875
-7223
-4875
-7567
-4891
-7783
-4795
-7995
-4923
-8283
-4895
-8435
-4923
-8735
-4931
-8975
-4915
-9199
-4895
-9415
-4875
-9715
-4939
-9931
-4899
-10171
-4947
-10443
-4939
-10675
-4931
-10851
-4907
-11147
-4891
-11403
-4883
-11643
-4939
-11891
-4907
-12099
-4931
-12307
-4955
-12523
-4947
-12787
-4899
-13091
-4875
-13251
-4883
-13539
-4931
-13715
-4923
-14027
-4923
-14211
-4907
-14507
-4955
-14699
-4883
-15035
-4915
-15243
-4867
-15451
-4915
-15675
-4907
-15899
-4931
-16179
-4923
-16443
-4955
-16619
-4851
-16947
-4883
-17179
-4843
-17411
-4955
-17667
-4915
-17795
-4851
-18091
-4859
-18283
-4955
-18547
-4851
-18859
-5155
141
-5127
-127
-5123
-271
-5059
-539
-5163
-747
-5111
-1035
-5075
-1223
-5111
-1475
-5195
-1739
-5171
-2011
-5055
-2211
-5051
-2535
-5075
-2731
-5155
-2919
-5151
-3251
-5147
-3395
-5143
-3675
-5087
-3983
-5115
-4235
-5139
-4371
-5187
-4707
-5087
-4843
-5111
-5139
-5103
-5363
-5163
-5539
-5123
-5883
-5119
-6107
-5071
-6299
-5115
-6579
-5159
-6847
-5107
-7047
-5131
-7275
-5131
-7571
-5171
-7703
-5151
-8043
-5147
-8267
-5091
-8539
-5103
-8715
-5163
-9019
-5091
-9207
-5059
-9463
-5195
-9627
-5139
-9883
-5155
-10171
-5107
-10371
-5091
-10651
-5195
-10883
-5123
-11091
-5131
-11411
-5155
-11675
-5123
-11827
-5083
-12043
-5155
-12363
-5155
-12515
-5163
-12763
-5115
-13091
-5091
-13315
-5155
-13555
-5179
-13715
-5147
-14051
-5075
-14243
-5155
-14547
-5179
-14771
-5123
-15035
-5099
-15203
-5139
-15435
-5195
-15747
-5107
-15899
-5179
-16219
-5171
-16411
-5163
-16611
-5163
-16907
-5139
-17123
-5083
-17403
-5067
-17635
-5107
-17811
-5163
-18051
-5163
-18323
-5123
-18571
-5179
-18843
-5363
141
-5411
-115
-5379
-379
-5411
-547
-5427
-867
-5363
-955
-5379
-1311
-5307
-1499
-5435
-1811
-5323
-1983
-5379
-2263
-5379
-2443
-5379
-2711
-5419
-2947
-5419
-3155
-5435
-3459
-5387
-3699
-5395
-3887
-5435
-4195
-5363
-4403
-5307
-4559
-5347
-4823
-5395
-5099
-5355
-5315
-5387
-5587
-5355
-5867
-5427
-6123
-5315
-6331
-5427
-6619
-5427
-6795
-5323
-7063
-5403
-7355
-5387
-7467
-5363
-7691
-5315
-8031
-5395
-8203
-5371
-8535
-5379
-8771
-5355
-8903
-5427
-9203
-5323
-9463
-5387
-9699
-5379
-9915
-5427
-10203
-5347
-10395
-5403
-10691
-5395
-10931
-5323
-11091
-5331
-11323
-5315
-11667
-5339
-11803
-5363
-12099
-5387
-12355
-5403
-12627
-5363
-12747
-5315
-13067
-5395
-13259
-5323
-13579
-5411
-13731
-5315
-14035
-5323
-14275
-5387
-14491
-5371
-14715
-5419
-14963
-5331
-15211
-5315
-15427
-5347
-15699
-5371
-15931
-5339
-16203
-5371
-16387
-5411
-16643
-5315
-16859
-5323
-17107
-5411
-17371
-5331
-17563
-5403
-17867
-5427
-18115
-5331
-18307
-5371
-18595
-5323
-18875
-5563
133
-5675
-139
-5667
-387
-5659
-611
-5635
-771
-5643
-1035
-5603
-1275
-5571
-1563
-5603
-1747
-5619
-1947
-5667
-2291
-5595
-2483
-5643
-2755
-5603
-3003
-5667
-3259
-5619
-3459
-5635
-3667
-5651
-3867
-5563
-4155
-5627
-4419
-5675
-4587
-5627
-4939
-5555
-5163
-5667
-5371
-5675
-5579
-5635
-5899
-5651
-6035
-5579
-6387
-5619
-6507
-5659
-6819
-5659
-7027
-5675
-7315
-5603
-7491
-5643
-7763
-5563
-7979
-5659
-8195
-5659
-8515
-5627
-8763
-5563
-8995
-5667
-9235
-5635
-9459
-5603
-9643
-5595
-9939
-5587
-10179
-5579
-10411
-5659
-10611
-5635
-10883
-5667
-11099
-5667
-11419
-5643
-11659
-5643
-11803
-5675
-12091
-5675
-12387
-5667
-12563
-5635
-12859
-5667
-13091
-5587
-13323
-5651
-13555
-5675
-13715
-5675
-14043
-5675
-14307
-5619
-14451
-5571
-14715
-5651
-14987
-5611
-15235
-5667
-15483
-5587
-15707
-5627
-15955
-5603
-16115
-5659
-16419
-5675
-16707
-5627
-16939
-5579
-17147
-5595
-17339
-5675
-17603
-5611
-17835
-5547
-18107
-5635
-18291
-5603
-18571
-5675
-18867
-5915
109
-5795
-147
-5811
-323
-5803
-515
-5859
-867
-5843
-1059
-5883
-1267
-5891
-1547
-5875
-1731
-5907
-2027
-5883
-2291
-5811
-2491
-5819
-2731
-5835
-3003
-5883
-3163
-5787
-3443
-5915
-3683
-5899
-3867
-5883
-4115
-5795
-4355
-5827
-4627
-5891
-4843
-5875
-5107
-5859
-5387
-5787
-5667
-5883
-5867
-5883
-6043
-5915
-6299
-5891
-6515
-5883
-6875
-5851
-7091
-5851
-7307
-5859
-7499
-5843
-7803
-5827
-7979
-5883
-8259
-5907
-8427
-5875
-8707
-5867
-8971
-5811
-9171
-5891
-9395
-5787
-9691
-5891
-9907
-5787
-10187
-5915
-10411
-5835
-10699
-5811
-10835
-5907
-11163
-5907
-11363
-5867
-11635
-5899
-11899
-5883
-12155
-5891
-12267
-5907
-12611
-5907
-12763
-5859
-13051
-5819
-13227
-5827
-13515
-5875
-13723
-5907
-14011
-5875
-14235
-5883
-14483
-5843
-14739
-5891
-14979
-5851
-15259
-5811
-15451
-5875
-15627
-5787
-15875
-5899
-16203
-5899
-16411
-5875
-16675
-5803
-16955
-5875
-17155
-5915
-17387
-5851
-17579
-5827
-17915
-5843
-18035
-5875
-18315
-5867
-18555
-5875
-18875
-6155
149
-6067
-139
-6139
-363
-6083
-531
-6059
-787
-6075
-987
-6131
-1347
-6115
-1483
-6131
-1827
-6115
-2043
-6107
-2307
-6147
-2491
-6067
-2667
-6051
-2955
-6107
-3163
-6107
-3475
-6051
-3651
-6131
-3907
-6131
-4139
-6083
-4459
-6083
-4659
-6147
-4851
-6067
-5099
-6051
-5331
-6067
-5571
-6027
-5859
-6067
-6051
-6091
-6347
-6147
-6579
-6091
-6787
-6123
-7075
-6107
-7235
-6155
-7555
-6131
-7707
-6043
-8067
-6123
-8283
-6099
-8475
-6147
-8667
-6075
-8923
-6131
-9171
-6067
-9435
-6123
-9643
-6051
-9963
-6155
-10115
-6147
-10371
-6123
-10587
-6131
-10843
-6155
-11187
-6059
-11371
-6083
-11571
-6083
-11843
-6147
-12083
-6091
-12315
-6051
-12579
-6123
-12771
-6139
-13091
-6123
-13275
-6155
-13499
-6067
-13715
-6043
-13955
-6123
-14315
-6123
-14491
-6083
-14707
-6027
-14963
-6147
-15211
-6155
-15475
-6139
-15675
-6035
-15963
-6155
-16123
-6139
-16419
-6107
-16683
-6027
-16915
-6035
-17163
-6043
-17427
-6043
-17667
-6059
-17867
-6075
-18059
-6147
-18323
-6123
-18515
-6131
-18819
-6275
141
-6379
-147
-6323
-331
-6371
-603
-6283
-867
-6291
-1035
-6275
-1307
-6387
-1507
-6387
-1763
-6395
-1971
-6395
-2203
-6267
-2451
-6395
-2707
-6347
-2947
-6275
-3251
-6331
-3507
-6387
-3707
-6355
-3971
-6387
-4203
-6387
-4475
-6307
-4603
-6339
-4955
-6299
-5083
-6323
-5307
-6299
-5619
-6347
-5811
-6387
-6059
-6387
-6339
-6395
-6635
-6299
-6819
-6267
-7115
-6355
-7331
-6371
-7531
-6395
-7763
-6323
-8011
-6371
-8211
-6283
-8531
-6323
-8739
-6291
-9019
-6323
-9195
-6275
-9395
-6379
-9635
-6371
-9923
-6395
-10155
-6371
-10355
-6323
-10691
-6395
-10843
-6395
-11187
-6371
-11323
-6347
-11571
-6395
-11851
-6267
-12115
-6371
-12331
-6323
-12507
-6363
-12771
-6379
-13043
-6387
-13267
-6371
-13483
-6307
-13771
-6387
-14051
-6315
-14299
-6347
-14555
-6355
-14667
-6387
-14923
-6371
-15163
-6379
-15459
-6267
-15723
-6371
-15891
-6315
-16203
-6339
-16387
-6291
-16635
-6355
-16867
-6379
-17131
-6275
-17387
-6387
-17675
-6299
-17915
-6315
-18075
-6299
-18363
-6275
-18611
-6395
-18875
-6523
149
-6547
-91
-6611
-371
-6635
-547
-6579
-835
-6547
-1051
-6587
-1307
-6627
-1571
-6547
-1747
-6571
-2035
-6563
-2291
-6587
-2443
-6563
-2715
-6603
-3011
-6531
-3163
-6531
-3515
-6619
-3723
-6579
-3939
-6579
-4155
-6531
-4435
-6627
-4611
-6571
-4931
-6579
-5123
-6595
-5315
-6611
-5659
-6595
-5795
-6587
-6059
-6531
-6331
-6627
-6515
-6635
-6843
-6587
-7067
-6547
-7355
-6595
-7563
-6611
-7819
-6563
-8027
-6531
-8235
-6587
-8459
-6595
-8747
-6555
-8907
-6531
-9203
-6619
-9443
-6571
-9755
-6555
-9875
-6579
-10155
-6579
-10347
-6563
-10587
-6539
-10955
-6595
-11099
-6523
-11323
-6611
-11643
-6603
-11891
-6531
-12075
-6571
-12347
-6635
-12523
-6579
-12859
-6619
-12987
-6531
-13347
-6595
-13555
-6619
-13835
-6587
-14019
-6547
-14227
-6547
-14451
-6555
-14779
-6595
-14971
-6627
-15203
-6547
-15483
-6595
-15651
-6595
-15939
-6563
-16139
-6635
-16451
-6603
-16683
-6635
-16923
-6539
-17091
-6627
-17411
-6539
-17659
-6531
-17803
-6507
-18051
-6555
-18331
-6611
-18579
-6515
-18843
-6747
93
-6787
-51
-6771
-363
-6819
-587
-6811
-779
-6819
-1059
-6875
-1243
-6827
-1579
-6867
-1771
-6827
-2035
-6875
-2235
-6835
-2523
-6835
-2739
-6819
-3035
-6747
-3235
-6747
-3403
-6755
-3731
-6819
-3963
-6747
-4211
-6843
-4403
-6795
-4667
-6827
-4883
-6747
-5083
-6851
-5435
-6859
-5603
-6771
-5915
-6819
-6131
-6851
-6355
-6835
-6507
-6795
-6811
-6747
-7059
-6851
-7267
-6771
-7483
-6859
-7771
-6843
-7995
-6859
-8283
-6811
-8475
-6859
-8731
-6795
-9019
-6779
-9251
-6771
-9427
-6875
-9683
-6819
-9995
-6755
-10235
-6843
-10363
-6827
-10683
-6787
-10883
-6811
-11075
-6819
-11427
-6803
-11643
-6755
-11915
-6859
-12059
-6843
-12307
-6859
-12627
-6851
-12875
-6835
-13011
-6787
-13323
-6851
-13467
-6859
-13707
-6843
-13947
-6779
-14283
-6771
-14507
-6867
-14787
-6867
-14995
-6875
-15227
-6827
-15507
-6859
-15723
-6827
-15899
-6859
-16203
-6819
-16371
-6875
-16611
-6851
-16835
-6851
-17123
-6859
-17403
-6771
-17619
-6843
-17883
-6795
-18075
-6867
-18395
-6875
-18603
-6843
-18811
-7083
141
-6987
-139
-7091
-355
-7083
-635
-7011
-795
-7003
-1051
-7083
-1347
-7051
-1467
-7115
-1715
-7035
-2051
-7059
-2211
-7083
-2531
-7091
-2787
-7067
-3035
-7035
-3235
-7099
-3515
-7059
-3739
-7019
-3883
-7083
-4219
-7059
-4403
-7059
-4627
-7051
-4875
-7019
-5187
-7059
-5379
-7091
-5651
-7011
-5795
-7107
-6027
-7067
-6283
-7099
-6547
-7083
-6779
-7107
-7083
-6987
-7283
-7059
-7523
-7083
-7795
-7019
-8059
-7115
-8195
-7027
-8451
-7035
-8683
-7003
-8971
-7003
-9179
-7011
-9491
-7083
-9659
-7083
-9891
-6995
-10139
-7083
-10467
-7075
-10635
-6995
-10939
-7099
-11107
-7075
-11427
-7011
-11603
-7083
-11907
-6987
-12043
-7051
-12283
-7099
-12603
-7099
-12827
-7107
-13035
-7083
-13331
-7011
-13523
-7067
-13803
-7043
-14075
-7051
-14195
-7051
-14427
-7027
-14771
-7107
-15019
-7107
-15179
-7099
-15459
-7051
-15739
-7075
-15875
-7091
-16131
-7051
-16371
-7035
-16611
-7099
-16947
-7011
-17091
-7043
-17315
-7099
-17611
-7091
-17859
-7019
-18107
-7067
-18291
-7051
-18611
-7003
-18859
-7323
109
-7307
-147
-7283
-323
-7283
-515
-7331
-851
-7299
-987
-7283
-1347
-7251
-1491
-7251
-1747
-7299
-2051
-7299
-2259
-7307
-2523
-7291
-2755
-7307
-2907
-7323
-3227
-7251
-3451
-7347
-3715
-7243
-3867
-7267
-4227
-7347
-4395
-7251
-4627
-7323
-4955
-7283
-5083
-7347
-5395
-7339
-5611
-7323
-5827
-7331
-6147
-7315
-6395
-7339
-6507
-7307
-6851
-7307
-7083
-7347
-7283
-7259
-7547
-7355
-7723
-7291
-7971
-7339
-8299
-7323
-8451
-7347
-8715
-7347
-8987
-7275
-9195
-7299
-9515
-7315
-9699
-7339
-9987
-7307
-10235
-7267
-10443
-7323
-10643
-7347
-10835
-7339
-11179
-7339
-11315
-7323
-11675
-7347
-11883
-7243
-12035
-7259
-12323
-7283
-12531
-7291
-12803
-7347
-13035
-7355
-13251
-7355
-13587
-7283
-13819
-7339
-14019
-7315
-14195
-7355
-14443
-7315
-14691
-7331
-14923
-7331
-15227
-7267
-15515
-7315
-15667
-7259
-15907
-7323
-16163
-7355
-16355
-7291
-16715
-7339
-16859
-7307
-17083
-7299
-17347
-7291
-17579
-7347
-17875
-7355
-18035
-7347
-18323
-7283
-18595
-7275
-18875
-7531
117
-7523
-107
-7555
-371
-7595
-563
-7539
-763
-7499
-1043
-7555
-1299
-7595
-1483
-7579
-1739
-7587
-2019
-7491
-2315
-7515
-2427
-7499
-2763
-7555
-2979
-7587
-3251
-7523
-3451
-7515
-3747
-7523
-3883
-7571
-4235
-7539
-4467
-7595
-4707
-7563
-4939
-7579
-5147
-7539
-5331
-7587
-5643
-7507
-5843
-7563
-6043
-7515
-6315
-7467
-6627
-7547
-6819
-7579
-7035
-7555
-7227
-7563
-7467
-7531
-7835
-7499
-8027
-7523
-8219
-7499
-8539
-7563
-8683
-7555
-8923
-7579
-9155
-7587
-9467
-7571
-9707
-7579
-9915
-7523
-10123
-7555
-10371
-7571
-10635
-7587
-10891
-7523
-11067
-7587
-11411
-7539
-11611
-7491
-11859
-7595
-12115
-7595
-12323
-7563
-12571
-7555
-12859
-7531
-13099
-7475
-13259
-7491
-13483
-7579
-13803
-7595
-13947
-7467
-14307
-7547
-14555
-7499
-14723
-7467
-14995
-7483
-15227
-7507
-15419
-7531
-15659
-7571
-15923
-7587
-16227
-7499
-16435
-7491
-16683
-7595
-16875
-7531
-17147
-7491
-17347
-7531
-17595
-7531
-17883
-7523
-18067
-7555
-18379
-7579
-18595
-7555
-18835
-7819
125
-7819
-131
-7819
-315
-7835
-571
-7787
-843
-7827
-1083
-7819
-1323
-7827
-1475
-7811
-1779
-7819
-2043
-7811
-2259
-7747
-2427
-7811
-2747
-7803
-2907
-7779
-3187
-7787
-3387
-7795
-3715
-7787
-3947
-7755
-4203
-7715
-4443
-7795
-4691
-7715
-4827
-7795
-5155
-7803
-5307
-7739
-5635
-7731
-5899
-7795
-6043
-7819
-6267
-7835
-6515
-7835
-6779
-7723
-7059
-7707
-7227
-7787
-7475
-7819
-7731
-7827
-8043
-7827
-8235
-7779
-8483
-7715
-8795
-7811
-8955
-7835
-9179
-7811
-9387
-7819
-9691
-7787
-9931
-7707
-10219
-7723
-10443
-7811
-10611
-7779
-10939
-7731
-11155
-7739
-11355
-7819
-11619
-7795
-11883
-7787
-12099
-7755
-12379
-7827
-12555
-7811
-12755
-7755
-13011
-7779
-13259
-7819
-13555
-7763
-13715
-7763
-14051
-7819
-14211
-7771
-14475
-7779
-14731
-7827
-15035
-7803
-15267
-7723
-15499
-7771
-15707
-7811
-15891
-7803
-16131
-7755
-16475
-7795
-16659
-7707
-16955
-7739
-17075
-7795
-17419
-7771
-17667
-7803
-17859
-7827
-18123
-7803
-18267
-7771
-18603
-7747
-18811
-7995
117
-7987
-67
-8027
-331
-8067
-619
-8019
-763
-7963
-1083
-7979
-1275
-8027
-1579
-8003
-1795
-8051
-2043
-8059
-2195
-8067
-2515
-7987
-2795
-7987
-2955
-8035
-3187
-8019
-3467
-8075
-3683
-8035
-3931
-8035
-4139
-7955
-4475
-8043
-4667
-7947
-4923
-8051
-5187
-8019
-5427
-8067
-5579
-8067
-5819
-7995
-6091
-8035
-6363
-8067
-6515
-7987
-6747
-7947
-7083
-8019
-7355
-7947
-7499
-8019
-7747
-8051
-7955
-8059
-8259
-8003
-8483
-8019
-8667
-7995
-8987
-7971
-9203
-8051
-9459
-8035
-9651
-8035
-9883
-8027
-10131
-7979
-10475
-8059
-10683
-8019
-10859
-7971
-11067
-8075
-11411
-7947
-11555
-8075
-11787
-8043
-12107
-7963
-12387
-7963
-12563
-7955
-12747
-8059
-13107
-8035
-13267
-7971
-13595
-7971
-13795
-8027
-13947
-8027
-14275
-8059
-14427
-8051
-14763
-8067
-14931
-8027
-15171
-7971
-15459
-8075
-15683
-7955
-15979
-8059
-16115
-8067
-16419
-8067
-16595
-8027
-16931
-8075
-17155
-7995
-17419
-7995
-17587
-7971
-17819
-8043
-18123
-8075
-18387
-8043
-18579
-8011
-18819
-8195
149
-8243
-99
-8227
-299
-8235
-531
-8291
-835
-8283
-987
-8291
-1251
-8299
-1587
-8315
-1707
-8283
-1955
-8315
-2203
-8307
-2467
-8267
-2723
-8299
-2923
-8315
-3275
-8291
-3403
-8267
-3707
-8259
-3923
-8235
-4123
-8203
-4379
-8275
-4627
-8227
-4923
-8251
-5107
-8291
-5379
-8283
-5651
-8315
-5843
-8275
-6131
-8299
-6315
-8299
-6555
-8275
-6779
-8283
-7115
-8315
-7251
-8307
-7499
-8283
-7835
-8307
-8043
-8235
-8315
-8307
-8427
-8283
-8683
-8219
-9027
-8299
-9203
-8307
-9515
-8307
-9707
-8315
-9947
-8267
-10107
-8227
-10347
-8283
-10659
-8307
-10947
-8259
-11195
-8299
-11307
-8275
-11667
-8203
-11835
-8267
-12115
-8283
-12371
-8259
-12587
-8283
-12787
-8227
-13107
-8211
-13275
-8267
-13523
-8267
-13755
-8307
-14011
-8219
-14259
-8195
-14491
-8299
-14755
-8315
-14995
-8275
-15235
-8299
-15475
-8259
-15667
-8291
-15987
-8291
-16155
-8235
-16403
-8235
-16611
-8187
-16891
-8299
-17123
-8307
-17347
-8299
-17619
-8251
-17835
-8315
-18067
-8291
-18379
-8299
-18571
-8251
-18811
-8499
109
-8435
-51
-8435
-355
-8555
-619
-8491
-859
-8547
-1027
-8531
-1315
-8451
-1595
-8523
-1779
-8555
-1947
-8555
-2203
-8531
-2547
-8435
-2699
-8555
-3027
-8435
-3267
-8475
-3451
-8523
-3755
-8555
-3891
-8515
-4115
-8555
-4355
-8443
-4699
-8523
-4883
-8435
-5187
-8539
-5371
-8531
-5619
-8539
-5843
-8539
-6107
-8547
-6307
-8475
-6611
-8451
-6843
-8451
-6995
-8475
-7323
-8451
-7475
-8515
-7779
-8547
-7979
-8555
-8195
-8531
-8531
-8499
-8683
-8539
-8987
-8555
-9251
-8531
-9467
-8467
-9627
-8451
-9995
-8547
-10123
-8547
-10451
-8523
-10715
-8499
-10899
-8459
-11099
-8467
-11435
-8547
-11619
-8475
-11859
-8491
-12035
-8499
-12275
-8547
-12531
-8539
-12819
-8531
-13107
-8427
-13251
-8523
-13571
-8523
-13787
-8539
-14019
-8475
-14251
-8547
-14515
-8539
-14787
-8555
-15027
-8467
-15243
-8467
-15467
-8555
-15643
-8539
-15875
-8467
-16187
-8475
-16371
-8531
-16595
-8555
-16875
-8547
-17179
-8539
-17395
-8435
-17659
-8491
-17859
-8523
-18091
-8435
-18371
-8515
-18515
-8483
-18835
-8763
85
-8691
-139
-8779
-291
-8691
-611
-8771
-859
-8755
-1011
-8707
-1267
-8771
-1547
-8755
-1731
-8787
-2027
-8747
-2243
-8715
-2475
-8787
-2795
-8739
-2907
-8667
-3235
-8739
-3411
-8779
-3747
-8723
-3995
-8715
-4211
-8771
-4451
-8771
-4635
-8763
-4883
-8707
-5155
-8779
-5355
-8667
-5611
-8787
-5827
-8755
-6107
-8675
-6339
-8675
-6531
-8787
-6787
-8779
-7051
-8795
-7339
-8795
-7467
-8731
-7707
-8787
-8051
-8795
-8283
-8731
-8523
-8707
-8795
-8747
-8955
-8795
-9163
-8731
-9483
-8715
-9691
-8667
-9915
-8715
-10203
-8779
-10379
-8723
-10707
-8715
-10899
-8731
-11123
-8763
-11379
-8747
-11619
-8771
-11891
-8691
-12075
-8787
-12291
-8723
-12603
-8739
-12755
-8771
-13059
-8707
-13331
-8763
-13531
-8667
-13731
-8779
-14019
-8707
-14291
-8739
-14451
-8763
-14723
-8739
-14979
-8763
-15171
-8715
-15451
-8771
-15755
-8747
-15923
-8763
-16211
-8763
-16467
-8675
-16683
-8723
-16955
-8763
-17139
-8755
-17395
-8779
-17651
-8779
-17883
-8683
-18059
-8787
-18355
-8723
-18507
-8763
-18875
-9003
133
-9019
-131
-8907
-315
-9035
-507
-8995
-843
-8955
-1051
-9011
-1283
-8955
-1491
-8971
-1803
-8915
-2051
-8955
-2219
-8939
-2539
-8947
-2723
-8963
-3019
-9035
-3163
-9027
-3515
-9035
-3747
-8931
-3947
-8915
-4115
-8995
-4427
-8955
-4611
-9003
-4827
-9011
-5155
-8907
-5339
-8963
-5627
-9019
-5883
-9003
-6139
-8931
-6339
-8955
-6507
-8971
-6771
-8947
-7091
-9011
-7283
-9027
-7531
-9027
-7763
-8979
-7979
-9003
-8267
-8939
-8491
-8939
-8731
-8987
-9035
-8987
-9155
-8963
-9499
-9011
-9723
-8939
-9907
-8907
-10131
-8955
-10387
-8987
-10675
-8947
-10915
-8963
-11083
-8907
-11427
-9035
-11635
-8963
-11787
-8923
-12083
-8907
-12307
-9027
-12627
-8907
-12843
-9027
-13091
-9019
-13331
-9019
-13499
-9027
-13819
-9019
-13979
-9027
-14227
-8971
-14555
-8995
-14723
-8947
-14971
-8923
-15187
-9027
-15475
-8979
-15691
-8907
-15995
-8955
-16115
-9003
-16379
-8923
-16619
-8979
-16867
-9003
-17139
-8971
-17387
-9035
-17675
-8971
-17875
-9035
-18051
-9035
-18283
-8971
-18587
-9035
-18811
-9235
85
-9267
-131
-9147
-323
-9267
-555
-9267
-747
-9147
-1019
-9235
-1307
-9251
-1555
-9227
-1739
-9275
-2019
-9219
-2291
-9235
-2515
-9267
-2763
-9147
-2915
-9251
-3211
-9219
-3443
-9259
-3707
-9251
-3899
-9203
-4219
-9211
-4379
-9171
-4675
-9243
-4907
-9179
-5163
-9171
-5331
-9219
-5619
-9243
-5851
-9251
-6091
-9219
-6307
-9219
-6627
-9259
-6747
-9179
-7035
-9195
-7227
-9275
-7515
-9219
-7795
-9147
-8035
-9227
-8267
-9195
-8555
-9227
-8691
-9243
-9011
-9243
-9195
-9243
-9387
-9155
-9643
-9259
-9923
-9267
-10115
-9259
-10355
-9155
-10627
-9147
-10867
-9179
-11187
-9147
-11339
-9243
-11587
-9227
-11859
-9155
-12131
-9235
-12315
-9187
-12523
-9235
-12803
-9275
-13043
-9275
-13331
-9275
-13539
-9267
-13739
-9195
-14043
-9243
-14315
-9227
-14475
-9243
-14779
-9275
-15003
-9219
-15147
-9227
-15475
-9275
-15659
-9227
-15923
-9211
-16147
-9179
-16379
-9195
-16603
-9243
-16875
-9211
-17083
-9251
-17347
-9227
-17579
-9179
-17787
-9267
-18099
-9187
-18315
-9259
-18603
-9251
-18859
-9467
141
-9483
-75
-9435
-347
-9403
-555
-9427
-771
-9419
-1027
-9459
-1339
-9499
-1579
-9459
-1835
-9467
-2011
-9499
-2291
-9411
-2451
-9459
-2763
-9467
-2923
-9499
-3219
-9435
-3499
-9491
-3731
-9475
-3867
-9467
-4171
-9467
-4435
-9507
-4675
-9419
-4875
-9499
-5075
-9411
-5419
-9515
-5611
-9459
-5835
-9387
-6147
-9403
-6355
-9467
-6507
-9483
-6811
-9515
-7019
-9419
-7355
-9451
-7483
-9491
-7827
-9515
-7971
-9411
-8283
-9435
-8539
-9507
-8691
-9507
-8923
-9435
-9243
-9507
-9515
-9475
-9755
-9491
-9891
-9427
-10115
-9459
-10467
-9483
-10627
-9459
-10843
-9475
-11107
-9499
-11307
-9507
-11603
-9483
-11875
-9459
-12107
-9387
-12267
-9451
-12531
-9411
-12835
-9507
-13035
-9395
-13283
-9387
-13579
-9483
-13771
-9419
-14019
-9507
-14307
-9499
-14531
-9483
-14779
-9459
-14987
-9483
-15211
-9475
-15467
-9467
-15715
-9483
-15963
-9427
-16179
-9483
-16467
-9507
-16619
-9435
-16907
-9515
-17187
-9507
-17435
-9491
-17643
-9419
-17795
-9491
-18123
-9483
-18331
-9483
-18619
-9403
-18843
-9635
109
-9691
-139
-9659
-315
-9731
-555
-9747
-779
-9739
-1003
-9651
-1235
-9683
-1467
-9723
-1771
-9739
-2027
-9747
-2243
-9683
-2435
-9659
-2715
-9739
-3019
-9675
-3163
-9731
-3451
-9731
-3707
-9739
-3891
-9715
-4235
-9723
-4387
-9731
-4587
-9667
-4883
-9699
-5171
-9715
-5315
-9635
-5627
-9723
-5811
-9667
-6035
-9755
-6307
-9707
-6571
-9731
-6795
-9659
-7011
-9659
-7275
-9747
-7563
-9731
-7835
-9627
-7995
-9747
-8227
-9691
-8427
-9755
-8747
-9699
-8947
-9715
-9147
-9699
-9499
-9683
-9643
-9675
-9899
-9723
-10115
-9723
-10443
-9715
-10635
-9723
-10955
-9707
-11155
-9707
-11427
-9651
-11595
-9723
-11867
-9723
-12139
-9731
-12387
-9643
-12555
-9627
-12795
-9635
-13075
-9699
-13267
-9715
-13571
-9707
-13811
-9627
-14043
-9747
-14251
-9755
-14531
-9715
-14739
-9747
-14979
-9747
-15195
-9635
-15451
-9739
-15635
-9683
-15947
-9747
-16227
-9683
-16419
-9699
-16683
-9691
-16931
-9707
-17099
-9715
-17307
-9707
-17635
-9715
-17787
-9715
-18115
-9699
-18275
-9707
-18507
-9651
-18843
-9915
141
-9963
-115
-9971
-387
-9955
-523
-9987
-755
-9947
-1075
-9867
-1259
-9979
-1523
-9995
-1835
-9987
-1955
-9899
-2187
-9995
-2491
-9915
-2683
-9987
-3003
-9995
-3171
-9971
-3403
-9931
-3635
-9955
-3899
-9907
-4107
-9987
-4355
-9979
-4587
-9883
-4907
-9939
-5083
-9867
-5371
-9867
-5635
-9947
-5851
-9995
-6051
-9963
-6355
-9987
-6531
-9979
-6843
-9891
-7083
-9883
-7307
-9891
-7483
-9923
-7755
-9931
-8027
-9891
-8275
-9883
-8427
-9995
-8747
-9987
-8923
-9987
-9227
-9979
-9515
-9931
-9667
-9987
-9899
-9883
-10211
-9947
-10363
-9915
-10691
-9875
-10875
-9899
-11131
-9963
-11323
-9971
-11563
-9907
-11859
-9931
-12115
-9979
-12395
-9963
-12555
-9875
-12867
-9907
-13075
-9963
-13347
-9979
-13579
-9931
-13795
-9971
-14059
-9891
-14227
-9987
-14515
-9979
-14731
-9971
-14915
-9987
-15259
-9971
-15443
-9971
-15755
-9955
-15987
-9907
-16107
-9875
-16371
-9923
-16667
-9915
-16851
-9979
-17155
-9931
-17355
-9955
-17563
-9995
-17811
-9891
-18155
-9987
-18339
-9995
-18579
-9947
-18835
-10211
141
-10211
-155
-10139
-347
-10187
-507
-10187
-843
-10179
-1043
-10147
-1283
-10203
-1539
-10107
-1715
-10219
-1979
-10211
-2275
-10203
-2459
-10211
-2675
-10195
-2939
-10139
-3187
-10195
-3491
-10179
-3651
-10147
-3923
-10235
-4219
-10219
-4419
-10235
-4691
-10131
-4843
-10131
-5115
-10195
-5307
-10235
-5563
-10179
-5867
-10155
-6155
-10235
-6283
-10203
-6507
-10219
-6763
-10171
-7075
-10203
-7275
-10195
-7587
-10211
-7771
-10227
-7971
-10211
-8291
-10179
-8491
-10163
-8691
-10219
-9035
-10155
-9235
-10235
-9459
-10155
-9731
-10195
-9883
-10163
-10203
-10227
-10443
-10123
-10675
-10123
-10931
-10187
-11083
-10203
-11419
-10235
-11603
-10163
-11907
-10227
-12091
-10163
-12323
-10235
-12563
-10163
-12875
-10203
-13075
-10219
-13323
-10211
-13531
-10131
-13795
-10147
-13971
-10235
-14307
-10107
-14507
-10195
-14763
-10179
-15003
-10187
-15275
-10163
-15499
-10219
-15731
-10115
-15907
-10163
-16107
-10155
-16411
-10123
-16611
-10155
-16947
-10171
-17187
-10195
-17403
-10227
-17627
-10235
-17811
-10219
-18099
-10179
-18323
-10107
-18603
-10171
-18875
-10443
109
-10443
-123
-10411
-299
-10475
-563
-10419
-811
-10467
-1019
-10475
-1275
-10467
-1507
-10451
-1747
-10459
-1955
-10443
-2211
-10419
-2515
-10427
-2691
-10427
-2923
-10411
-3211
-10475
-3483
-10451
-3731
-10451
-3979
-10411
-4147
-10427
-4347
-10459
-4651
-10467
-4899
-10459
-5187
-10475
-5339
-10475
-5555
-10427
-5827
-10411
-6027
-10459
-6315
-10475
-6539
-10459
-6755
-10451
-7035
-10435
-7339
-10467
-7467
-10475
-7739
-10427
-7979
-10467
-8251
-10475
-8451
-10475
-8763
-10443
-8931
-10459
-9179
-10427
-9459
-10459
-9731
-10467
-9995
-10451
-10227
-10419
-10387
-10435
-10587
-10443
-10939
-10443
-11163
-10443
-11323
-10419
-11643
-10419
-11915
-10411
-12083
-10467
-12291
-10419
-12635
-10419
-12827
-10443
-13011
-10427
-13267
-10411
-13595
-10427
-13739
-10451
-14051
-10427
-14275
-10467
-14547
-10435
-14699
-10419
-14955
-10419
-15179
-10411
-15483
-10435
-15667
-10427
-15883
-10451
-16203
-10475
-16355
-10459
-16667
-10427
-16883
-10459
-17139
-10475
-17419
-10459
-17587
-10459
-17835
-10427
-18107
-10475
-18395
-10411
-18627
-10451
-18819
