109
365
357
-83
666
-307
299
-532
220
-840
307
-1017
164
-1233
271
-1579
221
-1785
142
-1927
115
-2304
179
-2443
269
-2643
137
-2917
239
-3171
107
-3463
305
-3733
101
-3927
173
-4145
135
-4407
135
-4627
149
-4863
109
-5083
109
-5343
133
-5563
101
-5823
149
-6019
109
-6279
101
-6603
133
-6871
141
-7011
149
-7339
101
-7543
149
-7699
101
-8051
125
-8215
149
-8523
85
-8671
101
-8971
141
-9183
133
-9491
117
-9683
93
-9883
141
-10227
101
-10355
101
-10667
133
-10835
149
-11067
133
-11435
109
-11675
85
-11787
93
-12091
133
-12267
93
-12507
93
-12795
101
-13075
141
-13291
141
-13523
141
-13811
101
-13987
117
-14299
117
-14523
85
-14707
117
-14955
85
-15243
109
-15403
133
-15731
141
-15987
93
-16115
109
-16443
117
-16643
101
-16875
141
-17155
117
-17315
117
-17659
117
-17907
133
-18155
85
-18395
109
-18627
93
-18827
-67
497
-85
-117
-131
-376
-105
-508
-66
-787
-25
-1048
-76
-1247
-114
-1475
-91
-1795
-103
-1939
-113
-2165
-135
-2455
-43
-2747
-87
-3027
5
-3137
-123
-3447
-123
-3685
-111
-3985
-105
-4079
-107
-4415
-67
-4617
-31
-4887
-135
-5171
-135
-5343
-115
-5579
-115
-5771
-59
-5995
-59
-6247
-111
-6515
-131
-6827
-31
-7071
-115
-7335
-119
-7539
-131
-7719
-95
-8075
-51
-8191
-3
-8519
-111
-8763
-107
-8935
-123
-9255
-51
-9439
-67
-9675
-139
-9955
-43
-10187
-131
-10411
-147
-10595
-91
-10947
-107
-11195
-131
-11435
-75
-11595
-123
-11851
-139
-12043
-91
-12379
-91
-12547
-147
-12771
-155
-13035
-155
-13307
-43
-13483
-139
-13787
-35
-14051
-123
-14251
-99
-14443
-107
-14787
-147
-14963
-107
-15235
-99
-15491
-131
-15683
-131
-15955
-67
-16235
-115
-16403
-139
-16627
-115
-16859
-35
-17171
-107
-17419
-43
-17587
-123
-17835
-115
-18059
-51
-18379
-75
-18523
-99
-18843
-307
729
-355
-99
-378
-274
-302
-499
-377
-767
-386
-1092
-323
-1299
-326
-1499
-313
-1710
-260
-2047
-343
-2239
-325
-2455
-273
-2767
-383
-2949
-359
-3155
-243
-3463
-257
-3659
-291
-3871
-239
-4223
-277
-4343
-305
-4689
-335
-4859
-363
-5135
-371
-5307
-359
-5635
-331
-5891
-299
-6043
-387
-6347
-379
-6607
-355
-6811
-303
-7083
-375
-7227
-311
-7571
-383
-7791
-335
-8039
-291
-8287
-319
-8503
-339
-8683
-291
-8907
-331
-9219
-263
-9475
-331
-9643
-347
-9939
-267
-10115
-315
-10435
-387
-10643
-355
-10915
-331
-11099
-387
-11403
-363
-11579
-387
-11803
-291
-12099
-387
-12363
-331
-12539
-371
-12811
-323
-13075
-387
-13275
-307
-13539
-323
-13827
-291
-13987
-387
-14275
-283
-14483
-387
-14747
-331
-15019
-299
-15155
-371
-15483
-307
-15691
-323
-15979
-395
-16107
-371
-16459
-379
-16691
-387
-16931
-379
-17171
-363
-17355
-363
-17587
-339
-17899
-387
-18091
-371
-18363
-283
-18635
-315
-18835
-503
1188
-544
-49
-562
-322
-576
-615
-583
-777
-609
-1031
-581
-1245
-495
-1460
-605
-1744
-623
-1966
-531
-2175
-493
-2483
-579
-2747
-587
-2955
-593
-3179
-571
-3397
-561
-3727
-595
-3901
-579
-4217
-559
-4403
-531
-4637
-579
-4891
-563
-5155
-579
-5287
-611
-5523
-563
-5843
-543
-6091
-563
-6247
-523
-6491
-595
-6863
-515
-7027
-603
-7295
-591
-7467
-619
-7711
-619
-8007
-619
-8259
-511
-8495
-599
-8679
-627
-8967
-547
-9247
-543
-9459
-531
-9747
-603
-9995
-571
-10235
-627
-10363
-523
-10667
-619
-10899
-627
-11163
-539
-11387
-587
-11587
-627
-11795
-531
-12043
-619
-12323
-563
-12579
-587
-12875
-539
-13099
-603
-13339
-627
-13475
-555
-13771
-507
-14035
-523
-14187
-635
-14555
-547
-14731
-579
-14987
-603
-15147
-619
-15451
-619
-15715
-619
-15915
-603
-16235
-611
-16451
-611
-16635
-523
-16835
-635
-17139
-539
-17363
-507
-17603
-603
-17787
-571
-18099
-579
-18347
-627
-18571
-555
-18843
-827
1462
-831
-122
-803
-278
-804
-582
-850
-763
-807
-1091
-845
-1270
-837
-1467
-767
-1771
-832
-1951
-834
-2293
-787
-2523
-839
-2735
-799
-2879
-751
-3209
-739
-3477
-847
-3743
-747
-3941
-821
-4127
-841
-4393
-807
-4601
-843
-4855
-771
-5171
-855
-5347
-851
-5531
-799
-5803
-795
-6127
-839
-6303
-847
-6603
-787
-6747
-859
-7015
-775
-7271
-803
-7535
-835
-7719
-759
-8023
-823
-8203
-847
-8431
-799
-8719
-863
-8895
-791
-9223
-831
-9443
-795
-9635
-819
-9987
-755
-10179
-755
-10459
-803
-10659
-763
-10931
-851
-11147
-787
-11371
-787
-11611
-859
-11803
-787
-12059
-875
-12371
-867
-12579
-875
-12787
-835
-13075
-811
-13251
-819
-13491
-819
-13723
-747
-14019
-859
-14259
-859
-14515
-851
-14715
-835
-14963
-875
-15243
-867
-15459
-851
-15707
-851
-15971
-843
-16179
-859
-16435
-803
-16667
-851
-16947
-867
-17083
-787
-17411
-747
-17603
-803
-17787
-867
-18099
-811
-18323
-835
-18619
-875
-18819
-1051
378
-998
-63
-1017
-341
-1087
-575
-1041
-839
-1071
-990
-1035
-1271
-1097
-1568
-1051
-1711
-986
-2037
-1106
-2281
-1055
-2393
-1027
-2647
-975
-2995
-1073
-3199
-1055
-3439
-1059
-3653
-1013
-3919
-995
-4235
-975
-4379
-1011
-4675
-975
-4947
-1011
-5055
-1039
-5371
-1055
-5527
-995
-5807
-1103
-6019
-1043
-6299
-1031
-6611
-1079
-6751
-1015
-7027
-1039
-7259
-1111
-7563
-983
-7795
-987
-8035
-1031
-8223
-1027
-8455
-1051
-8719
-1011
-8931
-1083
-9211
-1107
-9447
-1115
-9667
-1115
-9883
-1003
-10187
-1059
-10395
-1019
-10691
-1107
-10843
-1059
-11187
-1083
-11347
-1107
-11579
-1091
-11843
-1075
-12139
-1083
-12299
-1011
-12515
-1107
-12771
-1115
-13019
-1067
-13243
-1115
-13475
-1043
-13819
-1067
-14011
-1059
-14243
-1051
-14483
-1099
-14691
-1083
-14987
-1083
-15251
-1059
-15443
-1083
-15651
-1099
-15907
-1083
-16107
-1043
-16403
-1059
-16619
-1099
-16907
-1043
-17075
-1115
-17323
-1083
-17611
-1107
-17795
-1059
-18131
-1043
-18331
-1051
-18571
-1059
-18851
-1339
1876
-1249
-59
-1254
-345
-1333
-553
-1317
-839
-1343
-986
-1275
-1325
-1224
-1565
-1353
-1793
-1288
-1991
-1232
-2219
-1335
-2497
-1213
-2763
-1329
-3001
-1201
-3187
-1243
-3471
-1343
-3659
-1289
-3913
-1295
-4115
-1329
-4431
-1299
-4607
-1267
-4875
-1283
-5079
-1247
-5367
-1247
-5555
-1331
-5871
-1303
-6095
-1223
-6339
-1271
-6559
-1339
-6859
-1259
-7039
-1299
-7227
-1335
-7475
-1303
-7695
-1235
-8055
-1287
-8195
-1283
-8467
-1263
-8683
-1307
-8931
-1283
-9163
-1255
-9387
-1291
-9715
-1339
-9947
-1355
-10115
-1323
-10371
-1331
-10651
-1275
-10931
-1267
-11067
-1227
-11331
-1251
-11635
-1307
-11787
-1323
-12043
-1331
-12371
-1227
-12507
-1315
-12811
-1347
-13011
-1331
-13323
-1283
-13555
-1307
-13795
-1251
-13963
-1283
-14203
-1243
-14475
-1291
-14675
-1339
-15003
-1339
-15251
-1299
-15403
-1323
-15627
-1291
-15875
-1307
-16171
-1323
-16443
-1259
-16691
-1251
-16827
-1251
-17123
-1355
-17307
-1283
-17611
-1307
-17907
-1259
-18107
-1347
-18387
-1331
-18627
-1355
-18867
-1483
649
-1543
-59
-1447
-321
-1545
-495
-1551
-767
-1565
-1091
-1525
-1285
-1479
-1491
-1497
-1727
-1533
-1993
-1569
-2207
-1489
-2489
-1435
-2655
-1491
-2989
-1521
-3257
-1495
-3367
-1503
-3647
-1551
-3971
-1541
-4119
-1531
-4439
-1559
-4575
-1575
-4843
-1467
-5083
-1587
-5395
-1567
-5539
-1531
-5831
-1555
-6095
-1535
-6271
-1539
-6607
-1507
-6823
-1531
-7031
-1475
-7255
-1455
-7567
-1539
-7735
-1587
-7983
-1511
-8259
-1579
-8419
-1559
-8691
-1559
-8971
-1535
-9147
-1583
-9383
-1491
-9635
-1531
-9947
-1579
-10195
-1539
-10435
-1595
-10603
-1523
-10883
-1531
-11147
-1515
-11307
-1563
-11611
-1563
-11899
-1579
-12059
-1483
-12307
-1563
-12611
-1579
-12787
-1571
-13115
-1555
-13235
-1579
-13531
-1595
-13787
-1555
-14075
-1595
-14187
-1587
-14555
-1571
-14731
-1483
-14963
-1563
-15227
-1491
-15387
-1595
-15739
-1547
-15979
-1507
-16219
-1467
-16347
-1491
-16643
-1507
-16843
-1571
-17099
-1523
-17339
-1587
-17675
-1539
-17867
-1563
-18027
-1531
-18363
-1515
-18603
-1483
-18843
-1747
419
-1819
-55
-1767
-313
-1787
-611
-1699
-779
-1775
-1085
-1811
-1295
-1821
-1487
-1767
-1701
-1707
-1999
-1821
-2267
-1795
-2445
-1803
-2729
-1767
-2941
-1797
-3143
-1815
-3383
-1787
-3613
-1769
-3903
-1723
-4189
-1773
-4379
-1793
-4637
-1751
-4839
-1835
-5107
-1775
-5391
-1779
-5579
-1743
-5863
-1731
-6123
-1679
-6239
-1731
-6531
-1759
-6851
-1783
-7003
-1775
-7219
-1795
-7519
-1811
-7803
-1775
-8047
-1747
-8235
-1755
-8487
-1795
-8779
-1807
-8907
-1739
-9207
-1739
-9499
-1779
-9675
-1795
-9931
-1787
-10147
-1835
-10443
-1779
-10603
-1827
-10915
-1755
-11099
-1755
-11331
-1723
-11555
-1827
-11899
-1755
-12027
-1819
-12379
-1811
-12611
-1787
-12835
-1795
-12987
-1747
-13227
-1739
-13587
-1811
-13731
-1747
-14035
-1795
-14307
-1723
-14539
-1819
-14667
-1795
-15003
-1819
-15187
-1779
-15387
-1779
-15635
-1787
-15995
-1795
-16131
-1795
-16467
-1787
-16683
-1755
-16907
-1827
-17075
-1763
-17427
-1835
-17571
-1803
-17795
-1819
-18123
-1723
-18267
-1771
-18619
-1803
-18851
-1951
355
-1957
-123
-2057
-359
-1987
-543
-2045
-847
-2021
-1049
-2063
-1229
-1963
-1463
-2031
-1735
-2031
-2027
-1949
-2223
-2067
-2525
-1947
-2743
-2057
-2983
-2059
-3191
-2045
-3437
-2053
-3673
-1957
-3859
-1943
-4115
-1939
-4349
-2051
-4629
-2051
-4915
-2031
-5127
-2043
-5363
-2035
-5551
-1943
-5791
-1971
-6139
-2011
-6275
-2007
-6607
-1963
-6767
-2051
-6983
-2067
-7231
-2047
-7527
-2035
-7795
-2011
-8067
-1959
-8219
-2019
-8451
-1955
-8679
-2055
-8935
-2019
-9235
-1999
-9359
-1995
-9707
-2043
-9899
-1995
-10107
-2075
-10411
-2043
-10619
-1947
-10955
-1995
-11179
-2043
-11403
-2043
-11643
-2059
-11795
-2075
-12035
-2035
-12347
-2027
-12539
-1955
-12803
-2067
-13035
-2003
-13347
-2011
-13467
-1995
-13739
-2067
-13979
-2051
-14219
-1963
-14483
-2019
-14683
-2043
-14995
-2067
-15195
-2027
-15419
-1979
-15747
-2075
-15947
-2075
-16195
-1947
-16403
-1971
-16587
-2059
-16843
-2019
-17067
-2051
-17323
-2067
-17619
-2067
-17875
-2051
-18123
-2059
-18307
-2043
-18627
-2059
-18859
-2219
785
-2275
-105
-2195
-307
-2293
-531
-2281
-745
-2187
-1015
-2251
-1275
-2179
-1535
-2183
-1809
-2303
-2007
-2311
-2225
-2297
-2407
-2267
-2715
-2247
-2985
-2283
-3181
-2223
-3491
-2203
-3635
-2269
-3947
-2255
-4095
-2281
-4341
-2253
-4643
-2307
-4899
-2243
-5043
-2267
-5343
-2211
-5563
-2235
-5779
-2263
-6103
-2243
-6367
-2235
-6579
-2251
-6767
-2315
-7051
-2315
-7215
-2171
-7499
-2199
-7707
-2283
-7995
-2283
-8211
-2263
-8415
-2299
-8691
-2251
-8899
-2275
-9187
-2183
-9483
-2307
-9739
-2299
-9955
-2315
-10219
-2187
-10403
-2299
-10611
-2315
-10947
-2251
-11139
-2291
-11323
-2235
-11651
-2283
-11883
-2259
-12155
-2307
-12307
-2275
-12531
-2315
-12859
-2243
-13059
-2227
-13267
-2307
-13507
-2267
-13715
-2283
-13971
-2243
-14315
-2291
-14491
-2299
-14787
-2299
-14995
-2243
-15243
-2211
-15499
-2267
-15731
-2195
-15971
-2227
-16187
-2187
-16347
-2291
-16603
-2291
-16955
-2299
-17155
-2283
-17387
-2267
-17643
-2315
-17907
-2243
-18059
-2195
-18315
-2203
-18587
-2315
-18843
-2495
1417
-2493
-75
-2433
-247
-2501
-521
-2451
-727
-2429
-1063
-2451
-1205
-2487
-1511
-2441
-1789
-2523
-1997
-2515
-2219
-2487
-2493
-2509
-2659
-2507
-2995
-2461
-3207
-2473
-3503
-2491
-3665
-2425
-3945
-2481
-4203
-2497
-4363
-2487
-4655
-2547
-4823
-2527
-5119
-2479
-5359
-2499
-5611
-2515
-5799
-2475
-6099
-2499
-6315
-2435
-6567
-2451
-6723
-2427
-6963
-2523
-7255
-2443
-7519
-2435
-7791
-2511
-7999
-2483
-8291
-2519
-8415
-2547
-8715
-2487
-8903
-2455
-9199
-2451
-9419
-2531
-9723
-2443
-9875
-2467
-10195
-2427
-10387
-2555
-10587
-2531
-10827
-2459
-11099
-2427
-11307
-2499
-11611
-2539
-11851
-2515
-12139
-2483
-12291
-2515
-12563
-2451
-12867
-2539
-13027
-2547
-13339
-2531
-13539
-2443
-13811
-2459
-13987
-2475
-14291
-2507
-14443
-2531
-14683
-2539
-14955
-2491
-15187
-2555
-15475
-2539
-15691
-2507
-15963
-2499
-16235
-2539
-16411
-2547
-16683
-2515
-16939
-2555
-17091
-2547
-17355
-2555
-17643
-2523
-17803
-2491
-18131
-2427
-18347
-2531
-18579
-2483
-18819
-2735
125
-2687
-107
-2787
-383
-2727
-603
-2751
-819
-2771
-1099
-2743
-1275
-2775
-1499
-2695
-1759
-2779
-2015
-2695
-2183
-2783
-2499
-2683
-2667
-2775
-2931
-2739
-3187
-2691
-3475
-2759
-3711
-2759
-3963
-2775
-4147
-2771
-4367
-2763
-4619
-2675
-4859
-2703
-5135
-2671
-5311
-2739
-5519
-2675
-5867
-2775
-6075
-2775
-6275
-2647
-6591
-2663
-6747
-2671
-7043
-2767
-7275
-2739
-7459
-2643
-7711
-2663
-7971
-2747
-8187
-2691
-8535
-2751
-8699
-2703
-8955
-2731
-9191
-2711
-9459
-2771
-9739
-2779
-9899
-2731
-10131
-2667
-10419
-2779
-10627
-2747
-10955
-2771
-11099
-2707
-11323
-2699
-11555
-2795
-11891
-2787
-12155
-2763
-12387
-2675
-12603
-2755
-12859
-2723
-13099
-2683
-13315
-2723
-13491
-2715
-13819
-2731
-14051
-2779
-14219
-2755
-14499
-2771
-14739
-2699
-14931
-2787
-15179
-2787
-15419
-2771
-15747
-2763
-15971
-2683
-16115
-2683
-16475
-2691
-16587
-2667
-16907
-2787
-17067
-2667
-17323
-2755
-17651
-2747
-17811
-2683
-18051
-2707
-18331
-2771
-18571
-2715
-18875
-2947
125
-3011
-87
-2975
-331
-2975
-487
-2915
-779
-3015
-1011
-3015
-1347
-2979
-1519
-2979
-1807
-3011
-1991
-2987
-2283
-2971
-2431
-2951
-2667
-3011
-2987
-2979
-3191
-2991
-3463
-2999
-3651
-2955
-3923
-3011
-4171
-2915
-4475
-2935
-4651
-2895
-4895
-2975
-5127
-2951
-5331
-2955
-5611
-2959
-5887
-2979
-6035
-3027
-6255
-3031
-6583
-2923
-6847
-2971
-7003
-2935
-7343
-3023
-7571
-2943
-7819
-2991
-8031
-2991
-8235
-2971
-8443
-2999
-8715
-2927
-9019
-2903
-9243
-2995
-9419
-2963
-9747
-2915
-9867
-3035
-10123
-2995
-10451
-2955
-10683
-2939
-10907
-2939
-11115
-3035
-11371
-2963
-11571
-3019
-11811
-2995
-12067
-2915
-12387
-2971
-12555
-3019
-12875
-2971
-13099
-3027
-13323
-3003
-13531
-3003
-13747
-3019
-14027
-3019
-14235
-3003
-14451
-2931
-14771
-2987
-14947
-3003
-15195
-2955
-15475
-2923
-15659
-3003
-15939
-2939
-16107
-3019
-16411
-2939
-16699
-2979
-16931
-2923
-17195
-2923
-17363
-2931
-17563
-2915
-17907
-3011
-18131
-3035
-18315
-2987
-18611
-2995
-18843
-3179
149
-3191
-59
-3235
-299
-3171
-491
-3183
-739
-3155
-991
-3235
-1347
-3243
-1483
-3251
-1827
-3231
-1955
-3215
-2279
-3211
-2503
-3227
-2715
-3251
-3015
-3191
-3175
-3207
-3383
-3243
-3623
-3231
-3971
-3207
-4203
-3179
-4375
-3219
-4571
-3227
-4871
-3211
-5131
-3239
-5311
-3207
-5659
-3143
-5791
-3211
-5995
-3191
-6303
-3243
-6487
-3219
-6771
-3219
-7075
-3247
-7339
-3255
-7491
-3163
-7795
-3203
-8031
-3219
-8191
-3191
-8487
-3227
-8663
-3195
-8979
-3247
-9139
-3243
-9475
-3195
-9635
-3203
-9947
-3275
-10131
-3259
-10451
-3243
-10675
-3195
-10835
-3227
-11155
-3219
-11307
-3275
-11603
-3275
-11875
-3275
-12051
-3251
-12331
-3171
-12611
-3147
-12803
-3235
-13107
-3267
-13355
-3195
-13483
-3259
-13835
-3275
-14027
-3171
-14267
-3275
-14483
-3267
-14691
-3275
-14963
-3259
-15187
-3171
-15459
-3259
-15659
-3259
-15891
-3179
-16227
-3203
-16371
-3259
-16587
-3243
-16899
-3243
-17187
-3219
-17363
-3267
-17555
-3243
-17827
-3211
-18147
-3187
-18387
-3251
-18587
-3251
-18827
-3471
125
-3443
-39
-3467
-355
-3423
-599
-3411
-871
-3471
-1075
-3451
-1203
-3499
-1435
-3411
-1715
-3435
-1975
-3487
-2259
-3395
-2431
-3467
-2743
-3475
-2927
-3491
-3183
-3407
-3387
-3467
-3711
-3403
-3939
-3487
-4111
-3447
-4435
-3451
-4711
-3467
-4827
-3367
-5143
-3483
-5363
-3487
-5627
-3455
-5859
-3499
-6139
-3471
-6283
-3463
-6487
-3471
-6823
-3439
-6983
-3499
-7315
-3427
-7539
-3391
-7807
-3467
-7939
-3407
-8235
-3451
-8419
-3503
-8655
-3511
-8987
-3447
-9195
-3459
-9383
-3499
-9731
-3491
-9883
-3419
-10107
-3515
-10411
-3411
-10675
-3499
-10955
-3507
-11187
-3459
-11363
-3443
-11579
-3483
-11891
-3411
-12107
-3507
-12379
-3443
-12579
-3451
-12763
-3483
-12995
-3507
-13339
-3443
-13563
-3443
-13779
-3467
-14067
-3483
-14259
-3507
-14539
-3411
-14731
-3475
-14995
-3387
-15243
-3499
-15443
-3515
-15691
-3419
-15899
-3475
-16227
-3435
-16467
-3451
-16603
-3403
-16843
-3403
-17099
-3483
-17403
-3483
-17675
-3419
-17851
-3459
-18027
-3499
-18315
-3491
-18635
-3515
-18819
-3715
133
-3703
-103
-3715
-295
-3747
-607
-3643
-855
-3655
-1027
-3651
-1339
-3715
-1511
-3695
-1807
-3647
-1983
-3755
-2191
-3747
-2427
-3755
-2791
-3627
-3007
-3675
-3251
-3639
-3439
-3743
-3623
-3703
-3879
-3707
-4147
-3711
-4351
-3699
-4655
-3643
-4835
-3643
-5135
-3747
-5323
-3687
-5555
-3631
-5819
-3691
-6015
-3639
-6315
-3699
-6519
-3747
-6819
-3711
-7075
-3687
-7275
-3699
-7475
-3635
-7747
-3699
-7963
-3647
-8283
-3695
-8499
-3671
-8763
-3731
-8903
-3687
-9143
-3679
-9467
-3739
-9667
-3635
-9955
-3659
-10219
-3675
-10363
-3747
-10675
-3715
-10907
-3635
-11139
-3731
-11339
-3739
-11675
-3723
-11835
-3731
-12123
-3747
-12283
-3731
-12555
-3699
-12875
-3651
-12987
-3691
-13355
-3643
-13483
-3747
-13715
-3699
-14003
-3755
-14203
-3715
-14435
-3723
-14707
-3739
-14995
-3747
-15171
-3723
-15435
-3635
-15659
-3691
-15867
-3739
-16219
-3755
-16379
-3731
-16715
-3731
-16955
-3747
-17171
-3675
-17339
-3691
-17667
-3691
-17811
-3731
-18099
-3747
-18371
-3731
-18571
-3699
-18819
-3911
109
-3963
-55
-3939
-323
-3919
-551
-3903
-743
-3967
-1051
-3915
-1247
-3963
-1523
-3855
-1711
-3887
-1995
-3903
-2211
-3983
-2475
-3895
-2703
-3995
-2959
-3991
-3263
-3899
-3467
-3899
-3743
-3955
-3959
-3959
-4107
-3863
-4459
-3955
-4699
-3919
-4859
-3851
-5107
-3883
-5383
-3927
-5647
-3979
-5887
-3955
-6099
-3939
-6283
-3971
-6531
-3979
-6835
-3955
-6991
-3971
-7227
-3911
-7563
-3883
-7699
-3931
-7991
-3947
-8283
-3887
-8471
-3947
-8735
-3879
-8947
-3951
-9155
-3987
-9367
-3963
-9739
-3931
-9955
-3931
-10163
-3987
-10395
-3923
-10643
-3979
-10843
-3963
-11163
-3883
-11363
-3995
-11659
-3979
-11787
-3987
-12131
-3915
-12363
-3963
-12603
-3883
-12771
-3987
-13003
-3979
-13339
-3987
-13587
-3987
-13763
-3899
-14019
-3963
-14259
-3971
-14523
-3899
-14683
-3891
-14931
-3995
-15259
-3947
-15419
-3923
-15683
-3939
-15891
-3891
-16139
-3931
-16347
-3891
-16715
-3963
-16835
-3923
-17091
-3867
-17371
-3979
-17571
-3947
-17811
-3891
-18051
-3987
-18283
-3875
-18571
-3907
-18851
-4175
93
-4111
-67
-4115
-395
-4107
-635
-4207
-723
-4195
-995
-4223
-1339
-4147
-1535
-4159
-1735
-4179
-1971
-4131
-2219
-4111
-2411
-4155
-2751
-4223
-2927
-4143
-3211
-4135
-3471
-4183
-3747
-4191
-3955
-4191
-4147
-4207
-4431
-4179
-4635
-4155
-4835
-4179
-5155
-4159
-5387
-4091
-5663
-4215
-5875
-4155
-6035
-4151
-6283
-4115
-6547
-4207
-6803
-4159
-7027
-4163
-7227
-4159
-7519
-4099
-7727
-4167
-7955
-4151
-8255
-4211
-8427
-4159
-8667
-4211
-9003
-4135
-9239
-4091
-9451
-4203
-9723
-4163
-9971
-4227
-10195
-4179
-10467
-4235
-10619
-4227
-10883
-4211
-11155
-4187
-11363
-4163
-11619
-4115
-11827
-4187
-12091
-4219
-12267
-4235
-12635
-4235
-12755
-4139
-13035
-4211
-13331
-4171
-13587
-4179
-13739
-4163
-14043
-4235
-14211
-4235
-14507
-4123
-14755
-4163
-15027
-4187
-15203
-4219
-15475
-4219
-15715
-4219
-15883
-4123
-16147
-4171
-16395
-4187
-16587
-4179
-16899
-4115
-17187
-4211
-17419
-4147
-17571
-4195
-17803
-4203
-18027
-4211
-18371
-4171
-18595
-4227
-18827
-4323
93
-4403
-31
-4455
-355
-4395
-539
-4451
-783
-4451
-1015
-4371
-1243
-4419
-1507
-4439
-1751
-4427
-2011
-4471
-2243
-4443
-2479
-4387
-2691
-4367
-2963
-4423
-3123
-4403
-3499
-4395
-3743
-4423
-3975
-4427
-4187
-4455
-4379
-4387
-4591
-4339
-4835
-4399
-5079
-4423
-5359
-4339
-5651
-4343
-5851
-4371
-5995
-4475
-6251
-4391
-6507
-4419
-6771
-4419
-7015
-4407
-7263
-4343
-7555
-4427
-7751
-4383
-7927
-4455
-8199
-4431
-8427
-4463
-8703
-4371
-9003
-4419
-9167
-4423
-9483
-4411
-9699
-4419
-9971
-4435
-10195
-4347
-10387
-4411
-10675
-4427
-10931
-4371
-11187
-4467
-11427
-4347
-11635
-4427
-11883
-4403
-12059
-4403
-12267
-4443
-12507
-4363
-12747
-4435
-13011
-4451
-13227
-4443
-13499
-4467
-13715
-4475
-14011
-4371
-14259
-4467
-14499
-4459
-14731
-4387
-14923
-4435
-15163
-4379
-15443
-4467
-15699
-4451
-15875
-4419
-16147
-4467
-16379
-4459
-16675
-4459
-16931
-4419
-17115
-4435
-17387
-4443
-17651
-4451
-17859
-4419
-18035
-4347
-18291
-4363
-18587
-4451
-18875
-4563
125
-4623
-55
-4615
-395
-4679
-491
-4707
-743
-4595
-1027
-4715
-1347
-4595
-1435
-4659
-1747
-4631
-2003
-4691
-2251
-4707
-2463
-4631
-2715
-4655
-2927
-4599
-3159
-4659
-3471
-4611
-3695
-4679
-3959
-4679
-4139
-4707
-4403
-4623
-4587
-4671
-4887
-4599
-5163
-4647
-5347
-4683
-5619
-4659
-5823
-4691
-6071
-4679
-6363
-4683
-6595
-4671
-6775
-4679
-7091
-4679
-7255
-4663
-7515
-4667
-7723
-4711
-8003
-4683
-8227
-4659
-8479
-4687
-8687
-4691
-8931
-4595
-9239
-4711
-9391
-4595
-9715
-4659
-9939
-4651
-10107
-4635
-10411
-4691
-10683
-4683
-10835
-4683
-11131
-4675
-11379
-4699
-11563
-4611
-11851
-4715
-12155
-4667
-12283
-4683
-12571
-4715
-12875
-4691
-13011
-4691
-13227
-4715
-13499
-4691
-13739
-4715
-13987
-4635
-14235
-4619
-14443
-4619
-14771
-4691
-14955
-4691
-15251
-4603
-15419
-4619
-15715
-4683
-15891
-4595
-16107
-4627
-16459
-4667
-16707
-4651
-16907
-4643
-17147
-4699
-17427
-4659
-17563
-4699
-17875
-4667
-18123
-4691
-18323
-4691
-18611
-4667
-18827
-4847
109
-4839
-43
-4911
-363
-4839
-603
-4895
-783
-4875
-1011
-4927
-1211
-4923
-1511
-4863
-1731
-4843
-1995
-4927
-2159
-4931
-2407
-4863
-2767
-4939
-2995
-4879
-3135
-4915
-3459
-4943
-3715
-4883
-3851
-4915
-4207
-4831
-4427
-4859
-4559
-4935
-4911
-4819
-5139
-4843
-5319
-4863
-5563
-4947
-5859
-4815
-6071
-4907
-6351
-4851
-6531
-4839
-6723
-4935
-7107
-4943
-7211
-4887
-7467
-4867
-7675
-4831
-7923
-4907
-8203
-4895
-8479
-4827
-8719
-4943
-8919
-4947
-9143
-4879
-9447
-4955
-9659
-4891
-9907
-4867
-10227
-4867
-10475
-4915
-10627
-4939
-10955
-4827
-11171
-4843
-11427
-4899
-11659
-4947
-11787
-4939
-12035
-4955
-12299
-4859
-12579
-4899
-12763
-4867
-13019
-4923
-13283
-4883
-13547
-4931
-13715
-4947
-13955
-4915
-14195
-4939
-14547
-4955
-14667
-4851
-15027
-4955
-15147
-4883
-15435
-4955
-15739
-4947
-15987
-4955
-16187
-4891
-16387
-4843
-16667
-4851
-16827
-4931
-17139
-4867
-17363
-4915
-17667
-4947
-17819
-4835
-18051
-4907
-18387
-4923
-18539
-4883
-18819
-5087
125
-5067
-91
-5111
-371
-5115
-603
-5051
-835
-5147
-975
-5127
-1315
-5091
-1455
-5147
-1695
-5071
-1947
-5079
-2259
-5099
-2495
-5183
-2639
-5167
-2955
-5151
-3247
-5079
-3463
-5175
-3699
-5067
-3835
-5071
-4183
-5127
-4439
-5071
-4575
-5155
-4835
-5123
-5151
-5115
-5351
-5183
-5615
-5111
-5883
-5083
-6063
-5111
-6339
-5139
-6583
-5167
-6847
-5171
-7075
-5183
-7291
-5127
-7443
-5163
-7687
-5171
-7919
-5167
-8299
-5167
-8415
-5159
-8747
-5155
-8979
-5163
-9191
-5107
-9387
-5075
-9715
-5163
-9939
-5195
-10227
-5115
-10363
-5083
-10683
-5115
-10891
-5195
-11091
-5091
-11427
-5115
-11635
-5107
-11795
-5195
-12059
-5099
-12307
-5187
-12507
-5083
-12755
-5123
-13115
-5115
-13251
-5115
-13587
-5147
-13827
-5195
-14019
-5067
-14267
-5083
-14427
-5179
-14763
-5139
-15019
-5067
-15219
-5195
-15427
-5187
-15699
-5107
-15987
-5187
-16187
-5107
-16371
-5195
-16715
-5099
-16867
-5195
-17163
-5115
-17411
-5155
-17659
-5163
-17851
-5171
-18155
-5091
-18315
-5187
-18627
-5131
-18851
-5387
117
-5427
-43
-5339
-351
-5427
-563
-5371
-739
-5363
-1107
-5363
-1239
-5307
-1503
-5435
-1811
-5427
-2003
-5315
-2243
-5395
-2471
-5315
-2791
-5331
-3011
-5395
-3191
-5323
-3407
-5339
-3711
-5395
-3955
-5387
-4203
-5427
-4467
-5307
-4571
-5347
-4799
-5395
-5083
-5347
-5399
-5435
-5587
-5363
-5879
-5331
-6099
-5331
-6319
-5427
-6619
-5419
-6779
-5435
-7043
-5395
-7247
-5427
-7563
-5427
-7715
-5379
-8019
-5371
-8263
-5395
-8435
-5347
-8759
-5411
-8987
-5315
-9135
-5355
-9499
-5411
-9715
-5307
-9867
-5419
-10123
-5323
-10387
-5347
-10691
-5379
-10955
-5347
-11067
-5427
-11379
-5403
-11659
-5307
-11835
-5315
-12059
-5435
-12395
-5331
-12571
-5323
-12771
-5363
-13091
-5395
-13259
-5347
-13467
-5363
-13835
-5435
-13947
-5387
-14235
-5427
-14483
-5419
-14667
-5419
-15027
-5363
-15195
-5427
-15475
-5387
-15683
-5339
-15923
-5395
-16115
-5427
-16467
-5395
-16611
-5331
-16827
-5371
-17171
-5411
-17331
-5323
-17563
-5323
-17875
-5347
-18075
-5427
-18371
-5395
-18547
-5403
-18811
-5619
125
-5651
-35
-5603
-379
-5635
-507
-5659
-755
-5643
-1107
-5675
-1331
-5571
-1563
-5603
-1747
-5667
-2067
-5667
-2283
-5667
-2531
-5651
-2755
-5603
-3003
-5667
-3259
-5659
-3475
-5659
-3747
-5563
-3915
-5563
-4187
-5547
-4443
-5675
-4587
-5675
-4955
-5595
-5155
-5659
-5403
-5571
-5563
-5579
-5907
-5667
-6059
-5603
-6355
-5619
-6507
-5555
-6827
-5611
-7051
-5555
-7307
-5555
-7475
-5643
-7827
-5627
-8003
-5563
-8219
-5643
-8459
-5587
-8763
-5675
-8947
-5547
-9235
-5659
-9403
-5579
-9747
-5635
-9947
-5587
-10147
-5611
-10403
-5667
-10667
-5627
-10883
-5595
-11075
-5659
-11419
-5667
-11595
-5619
-11811
-5675
-12139
-5571
-12291
-5547
-12571
-5659
-12843
-5627
-13011
-5587
-13315
-5675
-13531
-5643
-13715
-5563
-14003
-5555
-14275
-5627
-14467
-5595
-14667
-5659
-14939
-5643
-15155
-5587
-15467
-5667
-15731
-5587
-15947
-5635
-16123
-5619
-16419
-5563
-16707
-5675
-16875
-5547
-17155
-5603
-17419
-5587
-17555
-5675
-17827
-5579
-18099
-5643
-18291
-5587
-18547
-5667
-18819
-5915
109
-5811
-107
-5915
-283
-5891
-507
-5867
-779
-5915
-1011
-5883
-1267
-5891
-1547
-5835
-1739
-5915
-2051
-5907
-2235
-5907
-2555
-5883
-2675
-5899
-3019
-5859
-3155
-5827
-3419
-5915
-3683
-5899
-3867
-5875
-4187
-5899
-4419
-5835
-4611
-5899
-4947
-5819
-5147
-5875
-5339
-5867
-5659
-5899
-5875
-5835
-6107
-5915
-6299
-5891
-6515
-5851
-6835
-5803
-7051
-5787
-7259
-5787
-7507
-5899
-7811
-5795
-7995
-5851
-8283
-5819
-8499
-5899
-8715
-5875
-8963
-5883
-9275
-5827
-9475
-5891
-9659
-5883
-9955
-5827
-10123
-5859
-10435
-5899
-10587
-5907
-10955
-5915
-11155
-5843
-11403
-5787
-11603
-5843
-11915
-5875
-12139
-5851
-12347
-5819
-12523
-5875
-12843
-5891
-13115
-5803
-13347
-5891
-13467
-5819
-13715
-5883
-14035
-5867
-14315
-5899
-14523
-5915
-14715
-5899
-14923
-5843
-15251
-5795
-15491
-5899
-15667
-5835
-15931
-5915
-16139
-5883
-16467
-5859
-16627
-5827
-16907
-5851
-17115
-5883
-17307
-5915
-17587
-5899
-17883
-5883
-18147
-5907
-18395
-5883
-18587
-5907
-18819
-6083
109
-6147
-99
-6131
-387
-6099
-595
-6067
-811
-6075
-987
-6131
-1347
-6115
-1483
-6115
-1803
-6155
-1955
-6139
-2283
-6139
-2435
-6067
-2667
-6051
-2955
-6131
-3179
-6115
-3515
-6139
-3683
-6115
-3979
-6131
-4171
-6099
-4387
-6083
-4659
-6067
-4899
-6083
-5163
-6083
-5379
-6115
-5579
-6107
-5811
-6059
-6099
-6091
-6347
-6115
-6523
-6099
-6763
-6123
-7075
-6115
-7339
-6075
-7579
-6067
-7739
-6139
-8019
-6155
-8227
-6067
-8507
-6075
-8779
-6059
-8915
-6035
-9259
-6123
-9451
-6131
-9635
-6107
-9995
-6067
-10123
-6115
-10467
-6115
-10611
-6155
-10923
-6091
-11195
-6123
-11331
-6107
-11547
-6099
-11835
-6051
-12051
-6147
-12371
-6155
-12531
-6155
-12787
-6115
-13107
-6155
-13331
-6107
-13499
-6131
-13803
-6027
-14019
-6083
-14299
-6027
-14499
-6091
-14707
-6027
-14931
-6107
-15155
-6147
-15419
-6155
-15667
-6067
-15915
-6155
-16139
-6131
-16371
-6083
-16691
-6075
-16875
-6155
-17115
-6099
-17435
-6083
-17627
-6115
-17883
-6123
-18075
-6147
-18379
-6115
-18555
-6051
-18851
-6275
125
-6307
-139
-6323
-331
-6339
-547
-6363
-779
-6323
-1027
-6275
-1307
-6387
-1507
-6387
-1763
-6363
-2027
-6315
-2299
-6363
-2515
-6395
-2707
-6339
-3003
-6387
-3219
-6395
-3459
-6387
-3715
-6355
-3923
-6331
-4187
-6355
-4475
-6339
-4627
-6379
-4947
-6299
-5083
-6371
-5307
-6299
-5619
-6387
-5827
-6339
-6067
-6387
-6339
-6395
-6635
-6395
-6763
-6323
-7107
-6331
-7267
-6379
-7563
-6395
-7835
-6395
-8059
-6371
-8267
-6371
-8459
-6323
-8667
-6387
-8939
-6339
-9195
-6379
-9459
-6347
-9651
-6395
-9907
-6371
-10155
-6323
-10403
-6275
-10651
-6363
-10899
-6387
-11179
-6299
-11331
-6267
-11619
-6283
-11827
-6331
-12107
-6371
-12283
-6355
-12563
-6379
-12867
-6395
-13035
-6387
-13267
-6379
-13539
-6395
-13771
-6387
-14051
-6291
-14211
-6387
-14499
-6379
-14675
-6371
-14907
-6363
-15155
-6307
-15419
-6387
-15707
-6395
-15875
-6275
-16219
-6371
-16475
-6307
-16675
-6323
-16899
-6387
-17123
-6371
-17403
-6387
-17675
-6291
-17907
-6363
-18067
-6267
-18339
-6371
-18627
-6307
-18835
-6523
85
-6611
-35
-6603
-395
-6619
-531
-6635
-859
-6555
-1051
-6515
-1283
-6635
-1595
-6603
-1779
-6595
-1963
-6507
-2307
-6611
-2515
-6635
-2755
-6531
-3011
-6595
-3227
-6571
-3403
-6611
-3715
-6579
-3939
-6579
-4123
-6595
-4419
-6627
-4611
-6571
-4931
-6579
-5123
-6547
-5387
-6627
-5675
-6579
-5859
-6635
-6051
-6611
-6363
-6555
-6507
-6547
-6771
-6571
-7019
-6587
-7315
-6539
-7483
-6547
-7787
-6515
-7955
-6547
-8219
-6619
-8459
-6539
-8699
-6507
-9003
-6563
-9155
-6627
-9467
-6635
-9731
-6531
-9923
-6595
-10211
-6611
-10355
-6531
-10675
-6635
-10939
-6635
-11147
-6579
-11403
-6547
-11659
-6579
-11899
-6611
-12147
-6619
-12323
-6627
-12563
-6587
-12851
-6547
-13043
-6627
-13235
-6579
-13491
-6587
-13707
-6579
-13979
-6515
-14283
-6635
-14499
-6619
-14675
-6619
-14931
-6635
-15179
-6635
-15435
-6531
-15715
-6619
-15875
-6579
-16107
-6555
-16459
-6571
-16675
-6603
-16883
-6611
-17147
-6627
-17435
-6587
-17619
-6531
-17803
-6611
-18123
-6587
-18339
-6563
-18555
-6555
-18851
-6747
93
-6851
-147
-6787
-363
-6771
-563
-6795
-803
-6867
-1027
-6875
-1243
-6851
-1547
-6859
-1835
-6843
-2067
-6795
-2291
-6835
-2499
-6779
-2779
-6867
-2939
-6843
-3155
-6779
-3435
-6755
-3731
-6843
-3931
-6859
-4163
-6843
-4403
-6851
-4715
-6835
-4907
-6747
-5083
-6819
-5411
-6867
-5563
-6875
-5795
-6819
-6131
-6835
-6323
-6819
-6507
-6859
-6867
-6827
-7043
-6867
-7243
-6811
-7563
-6803
-7819
-6851
-8051
-6835
-8203
-6819
-8507
-6867
-8675
-6851
-9019
-6787
-9275
-6875
-9459
-6835
-9651
-6819
-9939
-6795
-10187
-6755
-10427
-6771
-10659
-6771
-10867
-6859
-11083
-6819
-11363
-6875
-11619
-6803
-11875
-6875
-12059
-6811
-12267
-6747
-12531
-6851
-12803
-6851
-13059
-6843
-13347
-6843
-13571
-6859
-13803
-6859
-14019
-6771
-14243
-6811
-14443
-6835
-14747
-6843
-15003
-6851
-15219
-6763
-15507
-6819
-15747
-6859
-15995
-6811
-16227
-6859
-16379
-6755
-16675
-6827
-16835
-6803
-17155
-6795
-17411
-6843
-17571
-6867
-17859
-6875
-18051
-6867
-18395
-6819
-18627
-6835
-18835
-7115
93
-7091
-59
-7091
-355
-7011
-531
-7019
-819
-6995
-1099
-7083
-1347
-7107
-1499
-7091
-1827
-7115
-2067
-7099
-2259
-7035
-2523
-7091
-2787
-7099
-3003
-6987
-3235
-7099
-3515
-7059
-3739
-7099
-3939
-7091
-4195
-7059
-4387
-7011
-4603
-7011
-4835
-7019
-5187
-7011
-5395
-6987
-5651
-7003
-5915
-7083
-6027
-7067
-6283
-7035
-6507
-7091
-6843
-7035
-6995
-7091
-7291
-7067
-7579
-7107
-7755
-7035
-7987
-7003
-8259
-7035
-8499
-7107
-8675
-6987
-8907
-7107
-9227
-7099
-9435
-7115
-9739
-7099
-9923
-7035
-10107
-7075
-10411
-7083
-10603
-7107
-10851
-7059
-11115
-7115
-11411
-7019
-11587
-7051
-11851
-7067
-12051
-7019
-12371
-7083
-12627
-7099
-12835
-7051
-13115
-7091
-13323
-6987
-13595
-6987
-13731
-7067
-13947
-7083
-14219
-7083
-14443
-7107
-14715
-7091
-14963
-7003
-15235
-7107
-15491
-7019
-15691
-7003
-15891
-7059
-16219
-7035
-16403
-7107
-16683
-7083
-16891
-7091
-17091
-7083
-17387
-7035
-17555
-7091
-17859
-7099
-18131
-7067
-18291
-7067
-18627
-7003
-18859
-7323
109
-7259
-139
-7315
-299
-7267
-595
-7339
-795
-7299
-987
-7283
-1347
-7299
-1563
-7339
-1755
-7243
-1955
-7355
-2251
-7275
-2483
-7315
-2795
-7283
-2947
-7275
-3203
-7323
-3483
-7347
-3715
-7355
-3963
-7299
-4155
-7315
-4435
-7315
-4675
-7347
-4947
-7275
-5195
-7331
-5363
-7291
-5667
-7355
-5795
-7339
-6051
-7275
-6291
-7323
-6531
-7251
-6795
-7291
-7099
-7347
-7275
-7347
-7547
-7347
-7787
-7283
-7971
-7339
-8283
-7331
-8475
-7355
-8699
-7251
-8923
-7339
-9211
-7275
-9435
-7259
-9667
-7299
-9899
-7267
-10235
-7347
-10379
-7347
-10619
-7323
-10947
-7291
-11139
-7291
-11339
-7243
-11547
-7251
-11787
-7283
-12123
-7339
-12395
-7315
-12587
-7299
-12867
-7331
-12987
-7299
-13355
-7347
-13563
-7339
-13731
-7283
-14035
-7347
-14299
-7347
-14539
-7307
-14691
-7283
-14987
-7291
-15267
-7315
-15427
-7315
-15683
-7251
-15931
-7267
-16235
-7299
-16347
-7347
-16595
-7315
-16883
-7227
-17147
-7315
-17403
-7355
-17659
-7339
-17891
-7323
-18027
-7347
-18323
-7355
-18619
-7235
-18875
-7587
93
-7547
-59
-7515
-363
-7539
-547
-7587
-763
-7475
-1003
-7595
-1267
-7523
-1467
-7563
-1779
-7515
-2059
-7571
-2267
-7547
-2547
-7555
-2763
-7555
-2979
-7595
-3251
-7555
-3411
-7515
-3747
-7563
-3915
-7555
-4195
-7595
-4467
-7475
-4595
-7531
-4883
-7587
-5099
-7523
-5419
-7539
-5587
-7571
-5835
-7499
-6091
-7531
-6355
-7507
-6555
-7483
-6803
-7547
-7083
-7531
-7339
-7483
-7491
-7571
-7779
-7523
-8043
-7563
-8259
-7507
-8459
-7539
-8771
-7491
-9027
-7579
-9155
-7523
-9395
-7491
-9731
-7539
-9979
-7507
-10131
-7539
-10347
-7531
-10635
-7547
-10843
-7587
-11107
-7587
-11355
-7555
-11659
-7571
-11851
-7579
-12131
-7587
-12267
-7595
-12603
-7515
-12771
-7507
-13083
-7587
-13267
-7547
-13563
-7483
-13771
-7547
-14003
-7539
-14259
-7475
-14531
-7571
-14739
-7555
-15003
-7555
-15251
-7571
-15387
-7579
-15683
-7587
-15915
-7587
-16227
-7515
-16443
-7579
-16707
-7555
-16851
-7571
-17091
-7491
-17315
-7587
-17659
-7595
-17875
-7547
-18067
-7483
-18339
-7523
-18563
-7555
-18835
-7747
109
-7747
-155
-7835
-315
-7819
-523
-7835
-795
-7811
-1011
-7723
-1259
-7827
-1555
-7747
-1779
-7779
-2019
-7731
-2243
-7811
-2507
-7795
-2715
-7835
-2907
-7723
-3147
-7827
-3499
-7795
-3715
-7779
-3899
-7763
-4203
-7715
-4443
-7763
-4675
-7779
-4843
-7819
-5179
-7835
-5363
-7803
-5547
-7707
-5859
-7747
-6027
-7827
-6347
-7811
-6531
-7827
-6867
-7795
-7107
-7827
-7291
-7795
-7579
-7739
-7819
-7787
-7963
-7771
-8291
-7779
-8507
-7819
-8771
-7835
-8987
-7803
-9275
-7795
-9515
-7795
-9627
-7723
-9979
-7803
-10107
-7835
-10403
-7803
-10635
-7803
-10835
-7723
-11123
-7827
-11339
-7787
-11675
-7731
-11859
-7811
-12107
-7731
-12339
-7811
-12603
-7835
-12811
-7811
-13003
-7795
-13251
-7755
-13547
-7723
-13747
-7763
-14035
-7787
-14235
-7755
-14499
-7835
-14795
-7819
-14979
-7763
-15187
-7715
-15427
-7747
-15635
-7811
-15971
-7755
-16227
-7787
-16475
-7707
-16587
-7795
-16875
-7795
-17099
-7731
-17331
-7771
-17571
-7747
-17867
-7763
-18147
-7811
-18363
-7779
-18595
-7747
-18811
-7995
117
-7987
-67
-8003
-275
-8075
-515
-7971
-803
-8043
-995
-8019
-1267
-8027
-1579
-8059
-1763
-8035
-2027
-8075
-2299
-8003
-2475
-7987
-2795
-7987
-2955
-8067
-3251
-8019
-3515
-8059
-3723
-8051
-3979
-8035
-4139
-7955
-4475
-8043
-4595
-7947
-4923
-8051
-5187
-8011
-5379
-7955
-5547
-8027
-5867
-8035
-6067
-8035
-6291
-8035
-6555
-7987
-6867
-7979
-7059
-7955
-7347
-7963
-7499
-8043
-7819
-8043
-7947
-8059
-8275
-8035
-8459
-8067
-8699
-8059
-8907
-7947
-9251
-8043
-9451
-8051
-9731
-8043
-9883
-8067
-10187
-8043
-10435
-7971
-10691
-8027
-10899
-8043
-11147
-7979
-11403
-8043
-11587
-7987
-11859
-8035
-12147
-8003
-12331
-8011
-12579
-8067
-12803
-8067
-13067
-8027
-13355
-8035
-13499
-7987
-13795
-8051
-14051
-8075
-14267
-7955
-14483
-7971
-14795
-8019
-14907
-8067
-15147
-8067
-15435
-8003
-15755
-8059
-15875
-7971
-16227
-8043
-16347
-7987
-16587
-8043
-16859
-8003
-17155
-8059
-17371
-8075
-17627
-7971
-17819
-8043
-18123
-8051
-18323
-8035
-18563
-8035
-18811
-8195
149
-8243
-99
-8299
-291
-8275
-571
-8243
-771
-8283
-987
-8315
-1267
-8283
-1491
-8227
-1827
-8211
-1979
-8243
-2315
-8315
-2523
-8267
-2723
-8195
-2995
-8267
-3179
-8235
-3443
-8283
-3755
-8283
-3923
-8227
-4163
-8203
-4379
-8259
-4651
-8243
-4947
-8243
-5147
-8267
-5323
-8283
-5635
-8251
-5907
-8299
-6091
-8259
-6355
-8299
-6531
-8243
-6803
-8243
-6987
-8227
-7227
-8299
-7499
-8227
-7835
-8299
-8011
-8219
-8315
-8235
-8435
-8291
-8787
-8227
-8947
-8307
-9211
-8195
-9507
-8299
-9739
-8307
-9979
-8275
-10195
-8251
-10379
-8227
-10627
-8227
-10867
-8235
-11083
-8299
-11435
-8283
-11651
-8275
-11875
-8275
-12067
-8275
-12331
-8259
-12579
-8267
-12843
-8299
-13003
-8251
-13243
-8211
-13499
-8315
-13731
-8315
-14075
-8195
-14187
-8307
-14475
-8315
-14691
-8299
-14915
-8283
-15147
-8195
-15395
-8227
-15715
-8275
-15899
-8251
-16107
-8235
-16403
-8227
-16667
-8187
-16883
-8267
-17123
-8275
-17435
-8299
-17579
-8211
-17907
-8187
-18051
-8267
-18347
-8275
-18579
-8219
-18843
-8499
109
-8435
-59
-8435
-291
-8555
-515
-8515
-803
-8547
-1027
-8531
-1315
-8547
-1499
-8539
-1755
-8435
-1979
-8523
-2219
-8427
-2499
-8435
-2699
-8499
-2955
-8451
-3211
-8427
-3451
-8547
-3691
-8547
-3875
-8475
-4131
-8555
-4355
-8443
-4707
-8467
-4843
-8515
-5147
-8491
-5379
-8539
-5635
-8531
-5851
-8547
-6059
-8539
-6315
-8515
-6579
-8547
-6747
-8547
-7035
-8467
-7347
-8555
-7523
-8555
-7827
-8507
-8067
-8475
-8251
-8483
-8483
-8507
-8771
-8491
-8915
-8443
-9195
-8427
-9507
-8555
-9683
-8555
-9899
-8507
-10235
-8555
-10435
-8451
-10715
-8467
-10939
-8491
-11147
-8499
-11379
-8531
-11547
-8539
-11819
-8523
-12067
-8475
-12363
-8507
-12619
-8547
-12867
-8443
-13075
-8443
-13339
-8491
-13475
-8443
-13747
-8443
-14019
-8555
-14203
-8435
-14427
-8491
-14779
-8467
-14915
-8523
-15195
-8547
-15467
-8555
-15651
-8547
-15963
-8427
-16107
-8547
-16355
-8483
-16667
-8515
-16947
-8531
-17139
-8467
-17347
-8531
-17587
-8515
-17883
-8531
-18051
-8507
-18299
-8459
-18595
-8483
-18835
-8763
85
-8755
-147
-8755
-355
-8675
-579
-8763
-859
-8755
-1011
-8795
-1299
-8763
-1483
-8795
-1731
-8771
-2059
-8755
-2283
-8787
-2531
-8787
-2795
-8731
-3003
-8667
-3259
-8771
-3507
-8795
-3699
-8747
-3955
-8787
-4219
-8771
-4451
-8763
-4675
-8771
-4931
-8715
-5163
-8795
-5395
-8787
-5643
-8707
-5891
-8731
-6155
-8699
-6323
-8771
-6563
-8763
-6787
-8739
-6987
-8787
-7315
-8723
-7467
-8699
-7755
-8715
-7955
-8683
-8267
-8787
-8539
-8795
-8715
-8747
-8963
-8763
-9267
-8779
-9387
-8763
-9731
-8779
-9971
-8787
-10179
-8723
-10355
-8763
-10595
-8739
-10875
-8723
-11075
-8787
-11411
-8739
-11643
-8755
-11859
-8779
-12075
-8795
-12395
-8755
-12531
-8715
-12819
-8787
-13091
-8723
-13267
-8667
-13563
-8747
-13723
-8763
-14059
-8723
-14203
-8723
-14523
-8691
-14707
-8755
-14979
-8755
-15179
-8739
-15499
-8731
-15659
-8739
-15955
-8747
-16123
-8723
-16443
-8723
-16595
-8667
-16923
-8707
-17163
-8747
-17307
-8787
-17651
-8683
-17843
-8723
-18107
-8691
-18291
-8731
-18571
-8763
-18875
-9019
93
-8995
-91
-9035
-283
-8995
-587
-8995
-875
-8963
-987
-8987
-1267
-9035
-1499
-9019
-1763
-9011
-2003
-8971
-2195
-9035
-2547
-9019
-2795
-8963
-2987
-9035
-3163
-9027
-3515
-8915
-3667
-9011
-3947
-9027
-4155
-9019
-4419
-8963
-4619
-9011
-4851
-8995
-5155
-9035
-5379
-8995
-5587
-9027
-5891
-8987
-6035
-9003
-6283
-9011
-6595
-8955
-6747
-8907
-7067
-8915
-7331
-9011
-7475
-9011
-7835
-8907
-7955
-8995
-8267
-9035
-8459
-8947
-8787
-9019
-8955
-8923
-9259
-9019
-9515
-9011
-9723
-8939
-9955
-8979
-10187
-9019
-10451
-8987
-10699
-9027
-10875
-9035
-11091
-9035
-11411
-9011
-11595
-9027
-11827
-8955
-12059
-9019
-12267
-9019
-12595
-9019
-12859
-9019
-13059
-9035
-13315
-9027
-13587
-8915
-13771
-9003
-13971
-8971
-14235
-8979
-14539
-8947
-14739
-9019
-14931
-9003
-15235
-8995
-15499
-8979
-15731
-8995
-15947
-9003
-16155
-8971
-16435
-9027
-16587
-8939
-16883
-8995
-17067
-9011
-17379
-8979
-17595
-8963
-17899
-8995
-18051
-8979
-18283
-8915
-18571
-9027
-18851
-9235
109
-9211
-67
-9195
-395
-9243
-627
-9219
-771
-9219
-1019
-9219
-1331
-9259
-1531
-9203
-1835
-9251
-2003
-9187
-2251
-9219
-2427
-9163
-2755
-9171
-2995
-9275
-3235
-9219
-3507
-9227
-3683
-9275
-3939
-9179
-4179
-9235
-4363
-9187
-4635
-9251
-4939
-9179
-5171
-9147
-5323
-9251
-5619
-9211
-5851
-9251
-6139
-9195
-6339
-9235
-6619
-9147
-6851
-9267
-6995
-9219
-7227
-9251
-7491
-9235
-7739
-9243
-8043
-9195
-8275
-9211
-8483
-9171
-8795
-9243
-8963
-9275
-9211
-9147
-9475
-9267
-9755
-9227
-9875
-9187
-10179
-9259
-10451
-9243
-10611
-9259
-10939
-9203
-11091
-9243
-11435
-9203
-11611
-9171
-11859
-9235
-12091
-9227
-12299
-9235
-12595
-9195
-12875
-9195
-13091
-9187
-13251
-9163
-13555
-9251
-13739
-9147
-14075
-9275
-14187
-9179
-14443
-9211
-14675
-9227
-14995
-9171
-15259
-9243
-15387
-9155
-15627
-9227
-15995
-9195
-16211
-9227
-16443
-9171
-16707
-9203
-16915
-9219
-17091
-9275
-17435
-9227
-17579
-9179
-17787
-9275
-18051
-9187
-18315
-9235
-18595
-9243
-18867
-9427
141
-9507
-59
-9475
-283
-9435
-611
-9419
-875
-9411
-1019
-9499
-1235
-9507
-1555
-9483
-1787
-9475
-1987
-9411
-2187
-9515
-2483
-9467
-2747
-9387
-2907
-9515
-3163
-9435
-3499
-9467
-3755
-9387
-3899
-9467
-4171
-9483
-4427
-9499
-4707
-9483
-4939
-9435
-5155
-9499
-5339
-9515
-5611
-9467
-5915
-9515
-6043
-9467
-6371
-9475
-6611
-9395
-6867
-9403
-7003
-9467
-7275
-9403
-7579
-9507
-7707
-9515
-7963
-9515
-8211
-9451
-8467
-9427
-8675
-9451
-9035
-9483
-9275
-9499
-9427
-9499
-9699
-9499
-9883
-9427
-10107
-9387
-10443
-9451
-10683
-9499
-10883
-9475
-11179
-9451
-11403
-9491
-11635
-9507
-11811
-9451
-12027
-9387
-12291
-9483
-12539
-9491
-12819
-9507
-12987
-9387
-13347
-9483
-13555
-9483
-13763
-9499
-14019
-9459
-14235
-9387
-14515
-9507
-14723
-9491
-14979
-9443
-15251
-9435
-15395
-9491
-15643
-9515
-15955
-9443
-16131
-9467
-16475
-9491
-16707
-9451
-16875
-9467
-17091
-9411
-17339
-9499
-17667
-9419
-17867
-9491
-18123
-9483
-18331
-9483
-18619
-9467
-18843
-9627
117
-9643
-67
-9731
-267
-9691
-603
-9627
-771
-9723
-1051
-9715
-1315
-9715
-1579
-9723
-1779
-9731
-2051
-9651
-2251
-9739
-2547
-9675
-2707
-9683
-3011
-9707
-3267
-9691
-3411
-9699
-3635
-9627
-3931
-9659
-4131
-9755
-4427
-9691
-4715
-9707
-4955
-9739
-5115
-9755
-5403
-9739
-5667
-9739
-5843
-9651
-6115
-9659
-6355
-9747
-6515
-9755
-6747
-9731
-7083
-9667
-7259
-9755
-7531
-9715
-7739
-9691
-8059
-9747
-8219
-9731
-8451
-9739
-8739
-9739
-8915
-9739
-9179
-9675
-9475
-9755
-9651
-9699
-9971
-9635
-10115
-9691
-10371
-9747
-10595
-9675
-10907
-9723
-11139
-9739
-11371
-9723
-11611
-9643
-11835
-9755
-12075
-9667
-12323
-9643
-12603
-9739
-12763
-9691
-13059
-9755
-13291
-9731
-13555
-9739
-13795
-9691
-13995
-9707
-14219
-9715
-14427
-9659
-14739
-9635
-14979
-9659
-15235
-9731
-15491
-9675
-15731
-9659
-15899
-9691
-16163
-9691
-16419
-9691
-16691
-9675
-16899
-9651
-17067
-9707
-17411
-9707
-17651
-9627
-17875
-9659
-18083
-9683
-18395
-9755
-18603
-9755
-18843
-9923
125
-9891
-59
-9995
-387
-9971
-539
-9987
-843
-9963
-987
-9907
-1291
-9915
-1499
-9979
-1779
-9947
-1979
-9995
-2203
-9979
-2539
-9963
-2683
-9995
-2923
-9971
-3211
-9979
-3395
-9883
-3747
-9979
-3915
-9963
-4187
-9923
-4411
-9971
-4635
-9899
-4843
-9923
-5139
-9955
-5363
-9955
-5659
-9955
-5803
-9995
-6123
-9971
-6315
-9947
-6587
-9931
-6755
-9923
-7075
-9947
-7307
-9963
-7515
-9987
-7715
-9947
-8035
-9995
-8187
-9947
-8515
-9923
-8771
-9995
-8979
-9891
-9179
-9987
-9467
-9987
-9707
-9939
-9963
-9939
-10139
-9939
-10387
-9987
-10667
-9955
-10947
-9939
-11115
-9867
-11435
-9995
-11595
-9899
-11915
-9947
-12083
-9907
-12395
-9995
-12515
-9883
-12763
-9939
-13027
-9939
-13259
-9979
-13579
-9867
-13763
-9955
-14035
-9979
-14211
-9931
-14483
-9947
-14707
-9987
-14987
-9867
-15259
-9979
-15411
-9987
-15627
-9979
-15939
-9987
-16107
-9907
-16419
-9875
-16715
-9995
-16907
-9987
-17171
-9987
-17307
-9995
-17571
-9995
-17787
-9907
-18067
-9891
-18307
-9987
-18531
-9995
-18859
-10219
125
-10131
-91
-10139
-283
-10187
-507
-10211
-835
-10219
-1107
-10211
-1315
-10179
-1555
-10211
-1731
-10139
-2035
-10227
-2227
-10195
-2515
-10139
-2755
-10211
-2987
-10131
-3203
-10115
-3395
-10163
-3635
-10203
-3947
-10195
-4179
-10203
-4427
-10227
-4651
-10235
-4827
-10131
-5163
-10203
-5323
-10147
-5547
-10195
-5787
-10235
-6027
-10219
-6347
-10211
-6507
-10195
-6875
-10139
-7051
-10187
-7283
-10155
-7467
-10235
-7819
-10115
-7995
-10123
-8299
-10235
-8491
-10195
-8779
-10147
-8915
-10203
-9211
-10235
-9491
-10211
-9707
-10235
-9899
-10187
-10139
-10163
-10419
-10187
-10691
-10171
-10947
-10171
-11131
-10195
-11307
-10211
-11587
-10179
-11859
-10115
-12035
-10187
-12315
-10139
-12619
-10131
-12779
-10203
-13075
-10235
-13283
-10179
-13571
-10139
-13779
-10131
-13955
-10139
-14283
-10187
-14427
-10203
-14675
-10179
-15027
-10195
-15211
-10203
-15499
-10219
-15651
-10131
-15891
-10235
-16203
-10115
-16363
-10139
-16691
-10115
-16875
-10203
-17147
-10155
-17363
-10235
-17635
-10235
-17891
-10211
-18131
-10155
-18339
-10163
-18531
-10195
-18843
-10459
93
-10451
-75
-10419
-355
-10419
-531
-10467
-867
-10411
-1051
-10427
-1307
-10475
-1515
-10411
-1739
-10467
-1947
-10475
-2235
-10459
-2467
-10459
-2747
-10451
-2939
-10443
-3187
-10451
-3435
-10435
-3691
-10427
-3947
-10467
-4123
-10435
-4347
-10467
-4675
-10443
-4923
-10419
-5115
-10459
-5371
-10475
-5595
-10459
-5787
-10475
-6059
-10459
-6307
-10427
-6571
-10419
-6779
-10435
-7019
-10475
-7251
-10467
-7571
-10459
-7779
-10435
-7955
-10427
-8251
-10419
-8491
-10435
-8755
-10475
-8947
-10419
-9243
-10411
-9499
-10451
-9675
-10467
-9891
-10435
-10219
-10443
-10355
-10467
-10635
-10475
-10931
-10435
-11139
-10451
-11347
-10419
-11643
-10435
-11875
-10419
-12043
-10467
-12315
-10419
-12587
-10443
-12795
-10419
-13059
-10451
-13339
-10427
-13507
-10475
-13819
-10411
-14019
-10427
-14283
-10467
-14475
-10467
-14715
-10419
-15019
-10451
-15203
-10411
-15451
-10475
-15627
-10435
-15979
-10419
-16147
-10451
-16427
-10443
-16675
-10435
-16827
-10475
-17155
-10459
-17387
-10435
-17555
-10459
-17907
-10459
-18107
-10475
-18331
-10475
-18587
-10443
-18819
