101
813
458
-24
144
-337
440
-563
252
-718
414
-986
337
-1308
226
-1534
143
-1753
589
-1927
249
-2245
265
-2511
167
-2673
201
-2977
225
-3167
107
-3463
281
-3631
175
-3857
245
-4121
187
-4387
141
-4547
149
-4867
109
-5091
109
-5323
85
-5579
125
-5803
149
-6011
141
-6363
125
-6563
85
-6735
85
-7091
101
-7215
141
-7587
93
-7707
101
-7983
117
-8219
133
-8467
85
-8675
133
-8983
141
-9227
85
-9515
101
-9627
109
-9947
101
-10211
85
-10443
93
-10715
149
-10859
117
-11123
133
-11307
85
-11603
85
-11891
109
-12043
85
-12299
125
-12579
93
-12795
101
-13075
141
-13291
141
-13523
141
-13811
101
-13987
117
-14299
117
-14523
85
-14707
117
-14955
85
-15243
109
-15403
133
-15731
141
-15987
93
-16115
109
-16443
117
-16643
85
-16923
141
-17083
117
-17427
149
-17619
85
-17915
101
-18035
149
-18355
101
-18523
101
-18851
-27
1677
-63
-25
-31
-343
-101
-610
-140
-751
-81
-1015
-69
-1192
-84
-1526
-34
-1740
-30
-2035
-39
-2279
-55
-2501
-69
-2759
-81
-2961
-133
-3173
-111
-3443
-143
-3659
-107
-3925
-91
-4087
-59
-4385
-39
-4615
-103
-4935
-107
-5175
-139
-5343
-103
-5575
-67
-5787
-39
-6099
-131
-6335
-75
-6587
-123
-6727
-135
-7083
-27
-7315
-95
-7479
-39
-7699
-63
-7995
-123
-8223
-115
-8519
-51
-8759
-103
-8995
-99
-9271
-31
-9483
-147
-9659
-155
-9947
-155
-10139
-91
-10467
-27
-10667
-75
-10883
-107
-11067
-147
-11411
-155
-11643
-131
-11803
-139
-12155
-59
-12299
-91
-12547
-139
-12811
-155
-13035
-155
-13307
-35
-13475
-91
-13723
-99
-13947
-139
-14235
-99
-14443
-107
-14787
-147
-14963
-107
-15235
-99
-15491
-131
-15683
-131
-15955
-67
-16235
-115
-16403
-139
-16627
-123
-16827
-123
-17195
-67
-17331
-123
-17571
-75
-17835
-35
-18115
-67
-18387
-43
-18515
-67
-18811
-315
735
-275
-113
-235
-280
-337
-539
-299
-725
-309
-983
-315
-1301
-269
-1520
-379
-1827
-365
-2008
-370
-2241
-331
-2525
-307
-2675
-351
-2939
-349
-3209
-361
-3495
-307
-3627
-361
-3893
-269
-4233
-337
-4379
-309
-4683
-339
-4835
-371
-5147
-283
-5315
-387
-5627
-307
-5879
-299
-6043
-387
-6339
-331
-6487
-355
-6831
-255
-7027
-355
-7235
-311
-7527
-331
-7747
-363
-7979
-347
-8299
-339
-8491
-319
-8751
-383
-8931
-263
-9143
-367
-9483
-267
-9755
-371
-9867
-363
-10107
-299
-10427
-267
-10611
-355
-10955
-331
-11179
-387
-11395
-347
-11643
-387
-11803
-291
-12099
-387
-12363
-387
-12515
-291
-12779
-347
-13027
-331
-13291
-379
-13515
-275
-13795
-283
-14027
-283
-14187
-323
-14451
-323
-14763
-331
-15019
-299
-15155
-371
-15483
-307
-15691
-323
-15979
-371
-16187
-395
-16363
-363
-16627
-283
-16859
-307
-17099
-363
-17387
-395
-17675
-339
-17795
-267
-18035
-323
-18323
-363
-18603
-299
-18859
-587
874
-563
-72
-572
-315
-621
-581
-627
-851
-495
-1025
-599
-1329
-581
-1531
-612
-1819
-613
-1948
-553
-2287
-615
-2445
-517
-2787
-525
-2909
-539
-3199
-571
-3493
-585
-3667
-625
-3869
-575
-4219
-517
-4423
-491
-4663
-575
-4903
-627
-5075
-619
-5395
-503
-5595
-559
-5835
-619
-6091
-499
-6355
-539
-6483
-587
-6847
-567
-7019
-615
-7271
-595
-7443
-575
-7751
-515
-8015
-627
-8239
-615
-8523
-615
-8719
-535
-8955
-587
-9195
-583
-9515
-531
-9635
-563
-9955
-603
-10219
-611
-10347
-595
-10611
-595
-10899
-611
-11187
-531
-11411
-547
-11603
-627
-11795
-531
-12043
-507
-12379
-587
-12531
-539
-12763
-619
-13075
-635
-13307
-555
-13475
-515
-13739
-587
-14003
-579
-14315
-635
-14467
-627
-14771
-579
-14987
-603
-15147
-619
-15451
-539
-15691
-619
-15915
-587
-16147
-611
-16411
-571
-16707
-635
-16907
-587
-17131
-595
-17347
-539
-17611
-571
-17867
-611
-18075
-507
-18275
-627
-18555
-515
-18851
-827
1500
-830
-115
-745
-237
-765
-545
-754
-823
-841
-1053
-708
-1270
-845
-1557
-779
-1751
-797
-1942
-823
-2298
-857
-2533
-799
-2699
-783
-2963
-835
-3151
-719
-3447
-837
-3675
-783
-3921
-855
-4069
-843
-4427
-747
-4587
-831
-4867
-807
-5035
-747
-5327
-839
-5539
-795
-5779
-783
-6087
-847
-6315
-835
-6531
-791
-6759
-847
-7039
-767
-7247
-807
-7523
-859
-7755
-751
-7979
-847
-8163
-751
-8499
-795
-8763
-767
-8947
-783
-9235
-819
-9439
-875
-9723
-875
-9995
-843
-10131
-851
-10379
-811
-10611
-843
-10875
-875
-11091
-843
-11339
-827
-11603
-859
-11803
-787
-12059
-875
-12371
-763
-12587
-867
-12771
-779
-13035
-771
-13275
-867
-13483
-819
-13739
-779
-13995
-819
-14259
-827
-14427
-851
-14715
-835
-14963
-787
-15163
-867
-15459
-835
-15675
-859
-15899
-875
-16211
-803
-16387
-827
-16587
-827
-16955
-851
-17139
-819
-17403
-787
-17611
-827
-17875
-811
-18139
-859
-18347
-867
-18515
-875
-18811
-1051
611
-1006
-91
-1055
-354
-1115
-538
-991
-721
-962
-1093
-986
-1319
-994
-1579
-1047
-1707
-989
-2039
-1089
-2185
-997
-2509
-1027
-2765
-1055
-2963
-983
-3141
-1095
-3479
-1059
-3619
-1071
-3941
-1067
-4145
-1081
-4443
-975
-4573
-995
-4923
-1071
-5135
-1047
-5367
-1063
-5531
-1035
-5891
-1039
-6027
-1051
-6311
-1115
-6499
-1071
-6863
-1063
-6971
-1107
-7331
-967
-7483
-1003
-7695
-987
-8015
-1103
-8219
-1083
-8503
-1027
-8683
-1063
-8967
-1099
-9235
-1091
-9403
-1059
-9643
-1067
-9963
-1019
-10171
-1099
-10451
-1011
-10595
-1059
-10875
-1107
-11155
-1091
-11371
-1083
-11675
-1107
-11907
-987
-12091
-1099
-12299
-1003
-12571
-1099
-12803
-1059
-13083
-1083
-13315
-1099
-13507
-1099
-13827
-1091
-14043
-1067
-14291
-1075
-14539
-1091
-14699
-1059
-14947
-1099
-15251
-1075
-15419
-1091
-15707
-1099
-15907
-1083
-16107
-1083
-16347
-1059
-16715
-1099
-16907
-1003
-17171
-1051
-17419
-1099
-17619
-1083
-17899
-1035
-18051
-995
-18371
-1107
-18555
-1107
-18851
-1339
1195
-1239
-55
-1290
-252
-1327
-625
-1226
-841
-1337
-979
-1325
-1344
-1293
-1551
-1335
-1797
-1307
-1951
-1337
-2214
-1349
-2469
-1281
-2775
-1319
-2939
-1319
-3201
-1213
-3371
-1321
-3623
-1307
-3891
-1307
-4183
-1267
-4341
-1319
-4603
-1239
-4863
-1335
-5187
-1343
-5387
-1291
-5559
-1307
-5803
-1311
-6051
-1203
-6235
-1287
-6583
-1227
-6735
-1331
-7075
-1319
-7231
-1243
-7563
-1303
-7727
-1299
-8039
-1259
-8291
-1311
-8475
-1291
-8687
-1351
-8987
-1275
-9171
-1339
-9499
-1315
-9739
-1243
-9987
-1347
-10131
-1283
-10387
-1315
-10675
-1235
-10947
-1315
-11099
-1323
-11331
-1259
-11595
-1355
-11819
-1275
-12075
-1251
-12395
-1323
-12539
-1291
-12827
-1291
-13067
-1339
-13259
-1347
-13475
-1315
-13827
-1251
-13963
-1267
-14275
-1347
-14435
-1315
-14747
-1259
-15019
-1331
-15163
-1339
-15427
-1323
-15643
-1355
-15955
-1315
-16179
-1315
-16451
-1267
-16651
-1251
-16931
-1275
-17091
-1259
-17411
-1331
-17659
-1291
-17843
-1243
-18131
-1355
-18371
-1315
-18579
-1259
-18851
-1483
583
-1573
-127
-1483
-261
-1563
-611
-1523
-773
-1591
-1003
-1483
-1245
-1555
-1493
-1561
-1795
-1547
-2047
-1485
-2221
-1539
-2465
-1551
-2711
-1583
-2909
-1591
-3127
-1443
-3379
-1549
-3635
-1523
-3985
-1575
-4111
-1571
-4411
-1587
-4567
-1575
-4855
-1507
-5163
-1463
-5391
-1547
-5531
-1503
-5883
-1531
-6031
-1539
-6291
-1499
-6499
-1523
-6823
-1567
-7039
-1579
-7235
-1527
-7467
-1519
-7775
-1451
-7927
-1531
-8187
-1571
-8415
-1515
-8703
-1459
-8947
-1463
-9195
-1555
-9515
-1523
-9723
-1555
-9867
-1515
-10195
-1507
-10435
-1579
-10619
-1547
-10923
-1531
-11075
-1515
-11307
-1467
-11579
-1587
-11875
-1467
-12027
-1467
-12395
-1475
-12587
-1579
-12859
-1531
-13051
-1507
-13267
-1595
-13499
-1475
-13795
-1507
-14035
-1571
-14283
-1571
-14483
-1539
-14707
-1555
-15027
-1587
-15235
-1491
-15387
-1595
-15739
-1507
-15939
-1571
-16219
-1539
-16395
-1515
-16707
-1475
-16915
-1595
-17099
-1571
-17379
-1555
-17667
-1563
-17803
-1531
-18155
-1491
-18363
-1507
-18603
-1499
-18843
-1747
565
-1791
-135
-1771
-243
-1809
-607
-1759
-819
-1755
-1035
-1775
-1275
-1807
-1553
-1755
-1695
-1743
-2057
-1701
-2167
-1799
-2437
-1811
-2657
-1707
-2983
-1795
-3151
-1759
-3383
-1811
-3619
-1747
-3903
-1723
-4189
-1803
-4367
-1823
-4611
-1807
-4863
-1831
-5075
-1735
-5371
-1771
-5527
-1763
-5903
-1731
-6091
-1795
-6315
-1739
-6579
-1771
-6763
-1739
-6967
-1799
-7267
-1759
-7475
-1835
-7727
-1783
-8051
-1755
-8227
-1807
-8531
-1735
-8687
-1799
-9023
-1763
-9191
-1747
-9491
-1763
-9683
-1755
-9979
-1795
-10171
-1835
-10475
-1811
-10715
-1779
-10907
-1779
-11107
-1819
-11307
-1819
-11595
-1763
-11891
-1835
-12043
-1763
-12387
-1731
-12595
-1835
-12795
-1827
-12995
-1779
-13283
-1731
-13515
-1835
-13763
-1811
-14027
-1803
-14299
-1787
-14475
-1811
-14739
-1755
-15035
-1819
-15187
-1731
-15387
-1707
-15667
-1763
-15923
-1755
-16203
-1723
-16363
-1787
-16683
-1755
-16907
-1771
-17067
-1803
-17435
-1811
-17563
-1763
-17787
-1795
-18139
-1803
-18355
-1747
-18547
-1747
-18819
-1951
587
-2019
-63
-2007
-277
-1945
-589
-2045
-835
-1973
-1075
-2021
-1245
-2053
-1487
-2043
-1739
-2061
-1931
-1941
-2209
-2029
-2485
-1933
-2707
-1941
-2981
-1983
-3161
-2023
-3437
-1977
-3711
-1949
-3867
-2035
-4075
-2039
-4347
-2035
-4667
-2063
-4815
-2019
-5087
-2019
-5303
-1995
-5539
-2043
-5851
-1947
-6087
-2051
-6339
-2007
-6627
-1987
-6767
-2007
-7043
-2067
-7227
-2039
-7519
-2063
-7751
-2023
-7927
-2031
-8187
-2007
-8495
-2075
-8731
-1939
-8899
-2075
-9259
-1995
-9499
-2011
-9747
-2019
-9987
-2059
-10139
-2035
-10395
-2067
-10619
-2067
-10867
-2043
-11075
-2027
-11371
-2067
-11643
-1995
-11803
-2051
-12099
-1971
-12275
-1987
-12579
-2059
-12747
-2019
-13091
-1995
-13251
-2051
-13491
-2035
-13787
-2051
-13979
-2075
-14203
-1963
-14539
-2027
-14683
-1995
-14907
-2067
-15195
-2075
-15451
-2059
-15643
-2003
-15867
-2059
-16107
-2075
-16443
-1971
-16699
-2019
-16843
-2059
-17123
-1979
-17403
-2011
-17555
-2075
-17819
-2075
-18059
-2043
-18315
-2027
-18603
-2075
-18819
-2219
1011
-2177
-55
-2221
-295
-2307
-579
-2283
-743
-2259
-1003
-2273
-1269
-2221
-1565
-2195
-1809
-2267
-1939
-2175
-2271
-2285
-2415
-2213
-2679
-2187
-2907
-2231
-3173
-2267
-3417
-2251
-3637
-2249
-3903
-2285
-4217
-2207
-4403
-2251
-4575
-2267
-4831
-2279
-5071
-2271
-5339
-2227
-5607
-2279
-5811
-2259
-6115
-2279
-6247
-2243
-6595
-2271
-6763
-2275
-7051
-2295
-7243
-2195
-7463
-2291
-7771
-2231
-8059
-2291
-8187
-2267
-8423
-2271
-8659
-2283
-8923
-2223
-9163
-2251
-9491
-2187
-9707
-2283
-9915
-2227
-10235
-2275
-10347
-2275
-10611
-2219
-10915
-2259
-11091
-2267
-11379
-2219
-11571
-2275
-11795
-2235
-12147
-2315
-12339
-2203
-12555
-2259
-12755
-2187
-13083
-2299
-13331
-2275
-13587
-2275
-13771
-2307
-14011
-2227
-14315
-2219
-14427
-2211
-14723
-2299
-14995
-2243
-15243
-2211
-15499
-2187
-15707
-2291
-15875
-2227
-16187
-2195
-16347
-2275
-16675
-2275
-16931
-2267
-17067
-2275
-17307
-2275
-17675
-2211
-17859
-2307
-18051
-2259
-18379
-2235
-18635
-2243
-18851
-2495
1713
-2475
-63
-2423
-307
-2519
-515
-2515
-727
-2417
-957
-2523
-1319
-2393
-1575
-2449
-1769
-2495
-1939
-2459
-2169
-2435
-2539
-2523
-2699
-2495
-2987
-2471
-3173
-2487
-3489
-2547
-3623
-2519
-3961
-2481
-4087
-2515
-4411
-2511
-4659
-2491
-4943
-2487
-5103
-2511
-5335
-2507
-5579
-2523
-5875
-2531
-6091
-2467
-6299
-2519
-6547
-2511
-6755
-2531
-7019
-2535
-7347
-2435
-7495
-2487
-7815
-2495
-7987
-2439
-8223
-2515
-8487
-2467
-8703
-2543
-8995
-2471
-9259
-2487
-9499
-2507
-9651
-2539
-9979
-2555
-10227
-2515
-10419
-2483
-10699
-2539
-10827
-2443
-11115
-2443
-11403
-2459
-11579
-2547
-11827
-2523
-12059
-2427
-12379
-2499
-12539
-2539
-12771
-2523
-13019
-2531
-13315
-2435
-13475
-2467
-13747
-2491
-13995
-2547
-14251
-2451
-14483
-2467
-14795
-2539
-14955
-2491
-15187
-2555
-15475
-2427
-15715
-2499
-15923
-2427
-16219
-2443
-16363
-2523
-16643
-2483
-16883
-2539
-17083
-2555
-17371
-2547
-17643
-2523
-17819
-2459
-18067
-2475
-18363
-2443
-18635
-2555
-18819
-2735
125
-2663
-101
-2691
-259
-2739
-527
-2771
-823
-2699
-1075
-2787
-1335
-2719
-1503
-2731
-1747
-2731
-2007
-2763
-2307
-2783
-2491
-2775
-2663
-2747
-2979
-2751
-3187
-2795
-3403
-2675
-3647
-2687
-3951
-2775
-4119
-2759
-4363
-2755
-4595
-2763
-4823
-2699
-5035
-2751
-5295
-2663
-5627
-2779
-5915
-2739
-6071
-2771
-6311
-2675
-6591
-2759
-6759
-2703
-7051
-2787
-7219
-2703
-7487
-2711
-7703
-2775
-7995
-2687
-8183
-2751
-8479
-2779
-8679
-2767
-8935
-2767
-9179
-2679
-9391
-2763
-9699
-2699
-9947
-2707
-10107
-2795
-10347
-2739
-10643
-2779
-10875
-2787
-11115
-2723
-11331
-2683
-11571
-2755
-11835
-2779
-12139
-2715
-12355
-2787
-12523
-2699
-12779
-2795
-13075
-2795
-13243
-2787
-13499
-2683
-13755
-2779
-14035
-2755
-14195
-2787
-14531
-2691
-14771
-2699
-14915
-2707
-15251
-2683
-15475
-2771
-15747
-2739
-15875
-2675
-16203
-2779
-16411
-2779
-16587
-2675
-16955
-2787
-17067
-2763
-17363
-2739
-17635
-2675
-17899
-2739
-18075
-2779
-18323
-2771
-18515
-2715
-18875
-2955
125
-3027
-83
-2951
-339
-2895
-571
-2907
-787
-2999
-1107
-2999
-1339
-2991
-1471
-2931
-1803
-2915
-2027
-2991
-2283
-3027
-2527
-2979
-2711
-2935
-2915
-3011
-3211
-2903
-3423
-2903
-3659
-2935
-3903
-2975
-4195
-3019
-4331
-2991
-4603
-2899
-4875
-2927
-5079
-2947
-5311
-3023
-5663
-2951
-5863
-3011
-6035
-2931
-6311
-3035
-6611
-2991
-6819
-2975
-7039
-2991
-7279
-2983
-7543
-3007
-7783
-2987
-7963
-2903
-8179
-2979
-8459
-2995
-8715
-2931
-8959
-2983
-9131
-2991
-9499
-3019
-9683
-3027
-9971
-3003
-10211
-2987
-10451
-2979
-10707
-3011
-10947
-3027
-11091
-2915
-11371
-3019
-11659
-3035
-11891
-3003
-12035
-2947
-12283
-3027
-12579
-2987
-12851
-3011
-13059
-2947
-13243
-2947
-13579
-2907
-13755
-2979
-13955
-2987
-14259
-2955
-14443
-2955
-14683
-3035
-14931
-2987
-15171
-2955
-15491
-3003
-15739
-2963
-15915
-3035
-16155
-3027
-16451
-2931
-16691
-2955
-16835
-2923
-17195
-3019
-17419
-2923
-17675
-3019
-17899
-2987
-18147
-2971
-18355
-2955
-18627
-2971
-18867
-3123
93
-3235
-31
-3251
-259
-3231
-587
-3203
-875
-3239
-995
-3187
-1279
-3243
-1543
-3255
-1795
-3271
-1991
-3215
-2291
-3195
-2483
-3211
-2691
-3195
-2967
-3231
-3195
-3251
-3463
-3155
-3711
-3207
-3947
-3199
-4183
-3147
-4335
-3263
-4639
-3135
-4907
-3175
-5071
-3227
-5395
-3247
-5563
-3155
-5907
-3183
-6099
-3227
-6315
-3251
-6607
-3155
-6807
-3235
-7091
-3207
-7323
-3223
-7467
-3207
-7819
-3247
-7931
-3267
-8207
-3155
-8511
-3211
-8699
-3231
-8979
-3223
-9183
-3219
-9491
-3195
-9683
-3259
-9875
-3179
-10227
-3227
-10411
-3243
-10691
-3259
-10851
-3275
-11147
-3163
-11387
-3203
-11547
-3275
-11787
-3259
-12123
-3187
-12307
-3219
-12635
-3235
-12843
-3187
-13011
-3211
-13243
-3203
-13547
-3211
-13795
-3275
-13995
-3211
-14211
-3227
-14523
-3251
-14787
-3227
-15003
-3219
-15195
-3243
-15411
-3155
-15699
-3251
-15947
-3171
-16195
-3259
-16387
-3275
-16667
-3243
-16899
-3195
-17067
-3251
-17315
-3235
-17555
-3203
-17787
-3187
-18027
-3251
-18355
-3211
-18539
-3275
-18835
-3491
93
-3503
5
-3431
-311
-3487
-495
-3395
-847
-3475
-1055
-3399
-1283
-3443
-1527
-3463
-1711
-3471
-1947
-3463
-2207
-3455
-2451
-3403
-2719
-3427
-2919
-3487
-3215
-3391
-3451
-3463
-3687
-3371
-3919
-3443
-4139
-3499
-4459
-3447
-4691
-3471
-4827
-3471
-5179
-3475
-5371
-3435
-5539
-3379
-5851
-3379
-6015
-3491
-6283
-3443
-6615
-3483
-6839
-3391
-7019
-3451
-7219
-3471
-7443
-3503
-7755
-3467
-8043
-3395
-8171
-3467
-8463
-3399
-8691
-3471
-8915
-3439
-9151
-3475
-9475
-3451
-9747
-3499
-9915
-3483
-10227
-3451
-10387
-3451
-10667
-3467
-10947
-3483
-11155
-3451
-11379
-3387
-11659
-3491
-11795
-3403
-12091
-3475
-12291
-3419
-12595
-3475
-12795
-3451
-13059
-3467
-13355
-3459
-13547
-3515
-13787
-3491
-14027
-3499
-14259
-3387
-14555
-3467
-14707
-3499
-14923
-3467
-15235
-3499
-15459
-3395
-15731
-3435
-15939
-3419
-16219
-3467
-16411
-3459
-16715
-3427
-16851
-3483
-17147
-3499
-17371
-3507
-17635
-3459
-17811
-3515
-18027
-3435
-18307
-3515
-18539
-3491
-18835
-3747
149
-3615
5
-3671
-371
-3675
-487
-3703
-835
-3643
-1011
-3755
-1227
-3707
-1523
-3595
-1787
-3635
-2007
-3619
-2235
-3723
-2479
-3663
-2747
-3691
-2979
-3731
-3267
-3711
-3479
-3631
-3619
-3635
-3959
-3631
-4147
-3755
-4411
-3647
-4699
-3679
-4847
-3695
-5151
-3735
-5371
-3715
-5575
-3739
-5795
-3663
-6099
-3643
-6367
-3743
-6531
-3731
-6859
-3711
-6971
-3667
-7291
-3719
-7479
-3695
-7751
-3691
-8015
-3663
-8179
-3699
-8491
-3611
-8699
-3683
-8911
-3739
-9215
-3747
-9399
-3627
-9683
-3723
-9955
-3627
-10227
-3723
-10387
-3683
-10651
-3731
-10931
-3747
-11155
-3699
-11307
-3699
-11603
-3723
-11891
-3683
-12099
-3643
-12267
-3723
-12579
-3755
-12835
-3739
-13075
-3747
-13355
-3675
-13595
-3723
-13739
-3707
-14035
-3731
-14203
-3731
-14507
-3747
-14795
-3667
-14931
-3675
-15211
-3755
-15403
-3667
-15747
-3723
-15987
-3675
-16179
-3707
-16467
-3715
-16587
-3715
-16955
-3659
-17155
-3627
-17371
-3707
-17595
-3683
-17811
-3699
-18099
-3643
-18387
-3699
-18595
-3667
-18851
-3959
101
-3895
-43
-3979
-355
-3979
-619
-3927
-827
-3919
-1063
-3959
-1267
-3955
-1547
-3979
-1763
-3959
-2011
-3939
-2303
-3875
-2471
-3915
-2671
-3931
-2927
-3863
-3231
-3939
-3375
-3951
-3723
-3927
-3951
-3907
-4099
-3875
-4415
-3899
-4715
-3891
-4843
-3879
-5059
-3855
-5351
-3991
-5643
-3875
-5855
-3887
-6019
-3847
-6311
-3851
-6531
-3891
-6851
-3967
-6971
-3915
-7303
-3915
-7567
-3919
-7799
-3947
-7939
-3947
-8291
-3919
-8431
-3855
-8751
-3955
-8991
-3967
-9155
-3911
-9379
-3979
-9675
-3987
-9883
-3995
-10155
-3987
-10395
-3995
-10707
-3995
-10835
-3971
-11075
-3923
-11403
-3971
-11619
-3891
-11899
-3987
-12083
-3923
-12275
-3939
-12611
-3955
-12779
-3963
-13011
-3939
-13267
-3931
-13499
-3971
-13835
-3883
-13971
-3971
-14291
-3907
-14483
-3899
-14787
-3971
-14971
-3891
-15163
-3971
-15387
-3987
-15699
-3939
-15955
-3867
-16155
-3979
-16411
-3995
-16683
-3923
-16843
-3947
-17091
-3931
-17411
-3907
-17595
-3963
-17843
-3931
-18107
-3923
-18395
-3883
-18611
-3891
-18843
-4175
93
-4163
-31
-4187
-267
-4163
-527
-4171
-855
-4099
-1059
-4195
-1315
-4143
-1503
-4179
-1811
-4219
-2051
-4139
-2247
-4151
-2515
-4087
-2667
-4231
-2955
-4151
-3171
-4151
-3455
-4227
-3607
-4195
-3939
-4147
-4203
-4171
-4347
-4159
-4643
-4139
-4835
-4131
-5079
-4211
-5387
-4211
-5667
-4187
-5835
-4083
-6079
-4151
-6319
-4231
-6587
-4187
-6763
-4227
-6983
-4155
-7331
-4191
-7559
-4183
-7763
-4143
-8067
-4195
-8223
-4143
-8431
-4091
-8691
-4147
-8931
-4203
-9167
-4135
-9467
-4203
-9747
-4155
-9891
-4171
-10227
-4235
-10347
-4155
-10691
-4155
-10851
-4203
-11187
-4195
-11307
-4203
-11627
-4227
-11875
-4235
-12147
-4171
-12283
-4211
-12563
-4203
-12859
-4139
-13107
-4227
-13259
-4219
-13547
-4227
-13731
-4147
-14011
-4219
-14195
-4235
-14499
-4171
-14723
-4211
-14947
-4115
-15211
-4235
-15427
-4139
-15715
-4171
-15891
-4131
-16227
-4171
-16467
-4123
-16715
-4163
-16867
-4203
-17179
-4107
-17339
-4163
-17595
-4107
-17819
-4147
-18107
-4163
-18283
-4107
-18523
-4147
-18875
-4335
93
-4443
-79
-4403
-259
-4339
-483
-4419
-719
-4355
-995
-4443
-1319
-4455
-1563
-4455
-1715
-4379
-1971
-4347
-2267
-4343
-2507
-4367
-2743
-4439
-2911
-4447
-3247
-4455
-3371
-4411
-3667
-4399
-3979
-4415
-4187
-4439
-4375
-4367
-4583
-4415
-4831
-4443
-5111
-4471
-5387
-4415
-5539
-4447
-5843
-4435
-6059
-4415
-6351
-4443
-6611
-4455
-6723
-4375
-7083
-4363
-7315
-4395
-7515
-4443
-7675
-4439
-8035
-4387
-8303
-4439
-8435
-4431
-8711
-4427
-8971
-4451
-9191
-4379
-9367
-4403
-9747
-4459
-9891
-4475
-10107
-4443
-10411
-4363
-10667
-4467
-10859
-4475
-11107
-4387
-11355
-4435
-11635
-4355
-11867
-4411
-12099
-4459
-12355
-4475
-12627
-4427
-12771
-4451
-13051
-4451
-13267
-4411
-13475
-4435
-13811
-4379
-14035
-4411
-14299
-4379
-14523
-4403
-14755
-4443
-14915
-4451
-15155
-4419
-15395
-4355
-15707
-4347
-15907
-4403
-16163
-4387
-16371
-4427
-16651
-4371
-16899
-4459
-17083
-4475
-17411
-4419
-17651
-4347
-17835
-4467
-18051
-4443
-18291
-4379
-18611
-4395
-18859
-4639
125
-4643
-35
-4575
-363
-4651
-547
-4619
-831
-4663
-1055
-4627
-1351
-4715
-1527
-4571
-1771
-4643
-2063
-4695
-2307
-4679
-2435
-4583
-2687
-4671
-2935
-4675
-3155
-4675
-3451
-4635
-3727
-4603
-3899
-4671
-4183
-4599
-4459
-4659
-4631
-4691
-4943
-4611
-5139
-4691
-5311
-4623
-5583
-4631
-5851
-4659
-6067
-4687
-6283
-4655
-6563
-4651
-6759
-4675
-7027
-4635
-7299
-4619
-7471
-4659
-7699
-4715
-8015
-4631
-8223
-4591
-8415
-4627
-8723
-4675
-8959
-4595
-9159
-4679
-9499
-4635
-9675
-4595
-9995
-4619
-10115
-4587
-10459
-4619
-10643
-4619
-10875
-4619
-11083
-4595
-11347
-4707
-11651
-4587
-11795
-4659
-12035
-4643
-12291
-4659
-12539
-4643
-12875
-4715
-13003
-4611
-13299
-4675
-13483
-4643
-13715
-4683
-14051
-4635
-14203
-4611
-14451
-4651
-14715
-4643
-14971
-4659
-15235
-4611
-15387
-4635
-15715
-4667
-15875
-4699
-16147
-4619
-16443
-4659
-16651
-4611
-16907
-4715
-17091
-4707
-17411
-4691
-17611
-4659
-17859
-4627
-18051
-4715
-18283
-4651
-18555
-4667
-18811
-4815
133
-4911
-131
-4887
-299
-4907
-591
-4867
-851
-4907
-963
-4891
-1311
-4823
-1479
-4911
-1731
-4895
-1919
-4835
-2287
-4951
-2467
-4943
-2655
-4827
-2931
-4867
-3211
-4907
-3471
-4891
-3715
-4919
-3915
-4903
-4111
-4923
-4431
-4835
-4695
-4883
-4883
-4903
-5135
-4935
-5299
-4879
-5623
-4883
-5863
-4859
-6075
-4887
-6315
-4851
-6579
-4911
-6827
-4839
-7015
-4935
-7347
-4835
-7447
-4891
-7727
-4835
-7947
-4847
-8279
-4927
-8459
-4919
-8755
-4867
-8951
-4839
-9227
-4879
-9387
-4859
-9651
-4947
-9875
-4947
-10123
-4939
-10355
-4827
-10683
-4931
-10843
-4867
-11155
-4899
-11355
-4891
-11611
-4947
-11795
-4915
-12035
-4835
-12355
-4955
-12547
-4947
-12747
-4931
-13091
-4947
-13339
-4883
-13499
-4891
-13811
-4899
-14067
-4835
-14299
-4955
-14443
-4851
-14707
-4891
-15035
-4899
-15147
-4867
-15483
-4851
-15659
-4923
-15899
-4883
-16187
-4915
-16347
-4883
-16595
-4827
-16867
-4947
-17131
-4915
-17435
-4955
-17667
-4931
-17787
-4955
-18059
-4843
-18371
-4947
-18603
-4859
-18811
-5119
109
-5103
-139
-5155
-255
-5155
-595
-5187
-795
-5127
-1015
-5159
-1311
-5131
-1543
-5159
-1807
-5175
-2043
-5071
-2179
-5103
-2475
-5099
-2779
-5063
-3035
-5163
-3247
-5175
-3495
-5087
-3643
-5075
-3871
-5131
-4159
-5151
-4387
-5123
-4695
-5155
-4927
-5051
-5083
-5111
-5363
-5051
-5547
-5091
-5827
-5179
-6027
-5075
-6275
-5103
-6539
-5051
-6747
-5163
-7011
-5155
-7295
-5107
-7483
-5139
-7679
-5183
-8047
-5063
-8167
-5119
-8423
-5059
-8751
-5167
-8919
-5187
-9211
-5147
-9375
-5187
-9659
-5131
-9931
-5115
-10123
-5155
-10459
-5155
-10675
-5123
-10827
-5163
-11067
-5179
-11379
-5195
-11675
-5115
-11891
-5155
-12027
-5091
-12347
-5107
-12571
-5179
-12819
-5131
-13011
-5195
-13339
-5091
-13491
-5179
-13723
-5195
-14027
-5091
-14307
-5147
-14531
-5123
-14723
-5187
-15035
-5131
-15155
-5179
-15507
-5163
-15723
-5131
-15867
-5171
-16171
-5091
-16459
-5147
-16635
-5195
-16867
-5187
-17147
-5155
-17379
-5163
-17643
-5139
-17795
-5171
-18091
-5179
-18307
-5107
-18571
-5083
-18835
-5339
149
-5435
-99
-5419
-363
-5419
-531
-5435
-795
-5435
-1083
-5387
-1303
-5339
-1515
-5411
-1739
-5387
-1979
-5411
-2251
-5355
-2435
-5411
-2779
-5347
-3003
-5387
-3171
-5395
-3435
-5363
-3671
-5323
-3891
-5379
-4187
-5403
-4459
-5411
-4707
-5435
-4835
-5395
-5139
-5355
-5331
-5323
-5635
-5363
-5911
-5419
-6075
-5395
-6275
-5355
-6503
-5355
-6843
-5411
-7091
-5411
-7227
-5411
-7563
-5331
-7723
-5395
-7979
-5411
-8259
-5395
-8419
-5347
-8795
-5307
-8939
-5339
-9199
-5387
-9499
-5419
-9739
-5387
-9915
-5387
-10123
-5427
-10371
-5323
-10619
-5435
-10891
-5411
-11091
-5339
-11371
-5379
-11603
-5435
-11899
-5379
-12139
-5379
-12323
-5379
-12563
-5323
-12811
-5435
-13067
-5435
-13259
-5435
-13531
-5379
-13755
-5419
-13995
-5411
-14307
-5435
-14499
-5427
-14691
-5403
-15019
-5403
-15275
-5339
-15451
-5395
-15723
-5323
-15915
-5347
-16123
-5387
-16355
-5411
-16635
-5315
-16939
-5419
-17179
-5411
-17315
-5331
-17659
-5339
-17859
-5387
-18155
-5427
-18267
-5331
-18595
-5339
-18827
-5667
101
-5651
-147
-5643
-387
-5651
-523
-5667
-835
-5627
-1019
-5659
-1251
-5651
-1475
-5675
-1747
-5547
-1955
-5651
-2283
-5635
-2435
-5619
-2683
-5627
-2979
-5675
-3267
-5651
-3483
-5643
-3755
-5659
-3891
-5635
-4211
-5619
-4419
-5675
-4595
-5643
-4851
-5675
-5123
-5667
-5387
-5659
-5635
-5611
-5907
-5547
-6091
-5619
-6371
-5651
-6507
-5595
-6779
-5667
-7043
-5563
-7275
-5595
-7563
-5547
-7763
-5667
-7971
-5611
-8267
-5643
-8475
-5675
-8667
-5651
-8987
-5603
-9155
-5555
-9515
-5651
-9667
-5603
-9979
-5587
-10187
-5651
-10459
-5579
-10635
-5651
-10843
-5603
-11139
-5619
-11379
-5587
-11651
-5595
-11867
-5627
-12131
-5635
-12347
-5603
-12579
-5667
-12875
-5635
-13107
-5635
-13299
-5571
-13515
-5651
-13723
-5587
-14067
-5643
-14267
-5675
-14443
-5587
-14763
-5651
-15011
-5659
-15179
-5627
-15499
-5619
-15731
-5675
-15899
-5595
-16131
-5651
-16427
-5643
-16651
-5667
-16931
-5627
-17155
-5595
-17363
-5667
-17555
-5667
-17875
-5579
-18155
-5555
-18291
-5659
-18523
-5635
-18867
-5867
109
-5907
-99
-5811
-323
-5875
-611
-5851
-747
-5803
-1019
-5891
-1283
-5891
-1491
-5899
-1819
-5803
-2067
-5835
-2315
-5851
-2539
-5875
-2771
-5859
-2955
-5851
-3163
-5859
-3443
-5851
-3723
-5795
-3907
-5851
-4155
-5883
-4427
-5867
-4587
-5851
-4891
-5899
-5195
-5891
-5331
-5835
-5627
-5907
-5803
-5891
-6067
-5891
-6291
-5835
-6523
-5843
-6803
-5811
-6987
-5795
-7307
-5915
-7523
-5899
-7747
-5891
-7995
-5859
-8315
-5875
-8443
-5907
-8755
-5907
-8915
-5899
-9219
-5891
-9491
-5915
-9731
-5875
-9939
-5875
-10139
-5819
-10427
-5795
-10611
-5795
-10931
-5819
-11067
-5787
-11435
-5915
-11555
-5843
-11819
-5835
-12051
-5787
-12355
-5891
-12547
-5899
-12795
-5843
-13019
-5851
-13291
-5867
-13563
-5875
-13731
-5819
-14043
-5843
-14315
-5859
-14467
-5843
-14787
-5899
-14907
-5819
-15243
-5843
-15451
-5915
-15699
-5859
-15955
-5867
-16195
-5883
-16355
-5787
-16643
-5811
-16931
-5835
-17099
-5811
-17363
-5867
-17619
-5883
-17891
-5819
-18123
-5851
-18267
-5867
-18539
-5859
-18843
-6083
85
-6115
-123
-6131
-387
-6075
-603
-6067
-795
-6051
-1003
-6091
-1347
-6147
-1475
-6051
-1827
-6091
-1979
-6083
-2259
-6115
-2443
-6091
-2739
-6035
-2923
-6075
-3195
-6115
-3411
-6115
-3691
-6067
-3915
-6107
-4179
-6155
-4355
-6043
-4627
-6131
-4915
-6067
-5083
-6155
-5435
-6131
-5563
-6147
-5827
-6155
-6051
-6107
-6315
-6083
-6523
-6131
-6851
-6155
-7115
-6099
-7339
-6147
-7547
-6059
-7811
-6107
-7971
-6123
-8315
-6027
-8531
-6155
-8691
-6059
-9019
-6059
-9251
-6067
-9475
-6155
-9755
-6147
-9875
-6091
-10107
-6131
-10363
-6099
-10619
-6139
-10923
-6147
-11107
-6139
-11371
-6155
-11603
-6123
-11843
-6075
-12059
-6115
-12371
-6099
-12579
-6099
-12859
-6155
-13099
-6147
-13251
-6099
-13507
-6115
-13795
-6083
-13971
-6107
-14243
-6115
-14451
-6155
-14707
-6059
-15035
-6131
-15203
-6131
-15467
-6059
-15659
-6155
-15915
-6131
-16131
-6147
-16395
-6131
-16651
-6059
-16859
-6131
-17067
-6147
-17371
-6099
-17595
-6083
-17867
-6131
-18123
-6131
-18379
-6099
-18507
-6147
-18867
-6331
125
-6331
-123
-6355
-299
-6371
-531
-6299
-771
-6291
-1115
-6275
-1235
-6323
-1499
-6347
-1715
-6395
-1947
-6291
-2291
-6267
-2555
-6323
-2739
-6379
-3011
-6267
-3171
-6275
-3411
-6371
-3683
-6339
-3979
-6331
-4219
-6371
-4451
-6379
-4683
-6307
-4891
-6387
-5123
-6363
-5419
-6371
-5635
-6323
-5843
-6307
-6075
-6339
-6299
-6347
-6507
-6379
-6835
-6355
-7059
-6347
-7299
-6379
-7483
-6339
-7803
-6347
-7995
-6307
-8315
-6307
-8427
-6283
-8699
-6339
-8947
-6331
-9203
-6315
-9475
-6291
-9747
-6387
-9891
-6275
-10235
-6307
-10411
-6371
-10659
-6347
-10955
-6323
-11115
-6363
-11395
-6307
-11587
-6299
-11867
-6291
-12059
-6347
-12315
-6395
-12595
-6387
-12827
-6379
-13115
-6347
-13275
-6347
-13523
-6395
-13819
-6363
-14035
-6379
-14235
-6387
-14483
-6275
-14715
-6363
-14987
-6371
-15155
-6339
-15411
-6371
-15659
-6267
-15963
-6291
-16139
-6371
-16475
-6323
-16667
-6363
-16915
-6331
-17123
-6339
-17363
-6331
-17651
-6315
-17851
-6379
-18131
-6355
-18331
-6347
-18627
-6291
-18867
-6507
125
-6507
-91
-6579
-315
-6635
-563
-6579
-843
-6619
-1043
-6619
-1227
-6531
-1587
-6627
-1755
-6635
-2035
-6555
-2227
-6635
-2547
-6627
-2723
-6611
-2907
-6619
-3195
-6579
-3459
-6619
-3731
-6595
-3995
-6515
-4131
-6587
-4443
-6635
-4627
-6579
-4939
-6595
-5171
-6603
-5427
-6603
-5619
-6547
-5907
-6547
-6155
-6523
-6291
-6603
-6579
-6579
-6811
-6587
-7003
-6635
-7339
-6611
-7483
-6611
-7835
-6603
-8035
-6579
-8203
-6595
-8467
-6555
-8667
-6603
-8995
-6627
-9195
-6579
-9459
-6579
-9667
-6619
-9867
-6595
-10187
-6635
-10395
-6611
-10587
-6619
-10883
-6627
-11147
-6515
-11427
-6603
-11651
-6571
-11827
-6619
-12043
-6595
-12379
-6619
-12579
-6547
-12859
-6603
-13091
-6635
-13243
-6507
-13475
-6571
-13779
-6571
-13995
-6635
-14267
-6611
-14547
-6563
-14699
-6619
-15019
-6619
-15259
-6563
-15427
-6627
-15715
-6579
-15907
-6531
-16179
-6563
-16451
-6619
-16643
-6635
-16891
-6603
-17179
-6547
-17363
-6507
-17555
-6635
-17891
-6531
-18115
-6587
-18339
-6587
-18531
-6603
-18851
-6867
93
-6779
-99
-6843
-291
-6771
-595
-6875
-771
-6867
-1059
-6779
-1347
-6811
-1555
-6771
-1803
-6819
-1987
-6843
-2315
-6779
-2515
-6851
-2747
-6803
-2907
-6875
-3187
-6819
-3499
-6827
-3747
-6795
-3875
-6867
-4203
-6819
-4435
-6875
-4659
-6763
-4947
-6867
-5067
-6875
-5403
-6827
-5555
-6811
-5907
-6763
-6099
-6803
-6371
-6811
-6579
-6875
-6755
-6875
-7051
-6867
-7299
-6875
-7499
-6859
-7755
-6875
-8003
-6867
-8259
-6859
-8499
-6803
-8723
-6843
-8955
-6875
-9203
-6811
-9443
-6859
-9739
-6827
-9867
-6859
-10187
-6827
-10363
-6875
-10595
-6835
-10907
-6835
-11083
-6755
-11395
-6867
-11563
-6875
-11819
-6827
-12155
-6851
-12267
-6867
-12627
-6795
-12803
-6771
-13091
-6875
-13291
-6835
-13579
-6875
-13811
-6875
-14019
-6859
-14259
-6827
-14499
-6811
-14667
-6771
-14979
-6875
-15259
-6859
-15515
-6795
-15731
-6827
-15955
-6859
-16179
-6795
-16395
-6803
-16587
-6859
-16843
-6803
-17179
-6835
-17371
-6827
-17571
-6875
-17835
-6771
-18027
-6747
-18355
-6819
-18627
-6851
-18811
-7083
109
-7011
-35
-7043
-283
-7099
-555
-7067
-787
-7115
-1019
-7099
-1299
-7099
-1571
-7115
-1779
-6995
-2043
-7115
-2235
-7115
-2507
-7027
-2723
-7075
-2947
-7019
-3267
-7099
-3419
-7027
-3715
-7115
-3923
-7027
-4163
-7059
-4419
-7067
-4587
-7051
-4875
-7051
-5083
-7075
-5387
-7035
-5595
-7099
-5867
-7115
-6091
-7107
-6347
-7075
-6571
-7019
-6819
-7091
-7051
-7115
-7283
-7099
-7595
-6987
-7787
-7115
-8035
-6995
-8227
-7035
-8531
-7107
-8731
-7067
-9011
-7075
-9219
-7043
-9475
-7051
-9707
-7027
-9971
-7051
-10203
-7091
-10403
-6995
-10699
-7003
-10939
-7091
-11115
-7035
-11315
-7107
-11595
-6995
-11819
-7051
-12155
-7099
-12331
-7091
-12563
-7083
-12811
-7011
-13067
-7059
-13307
-7075
-13539
-7035
-13811
-7091
-14059
-7115
-14307
-7075
-14507
-7091
-14675
-7035
-14931
-7003
-15275
-7083
-15451
-7083
-15747
-7115
-15947
-7099
-16227
-7099
-16427
-7075
-16595
-7091
-16851
-7027
-17187
-7099
-17363
-7107
-17667
-7107
-17859
-7099
-18131
-7067
-18291
-7067
-18627
-7003
-18859
-7339
109
-7259
-139
-7315
-299
-7339
-531
-7323
-867
-7331
-1091
-7331
-1355
-7227
-1587
-7267
-1819
-7339
-2011
-7355
-2291
-7235
-2467
-7347
-2755
-7291
-2915
-7347
-3267
-7323
-3483
-7307
-3739
-7235
-3883
-7227
-4131
-7259
-4363
-7355
-4715
-7307
-4851
-7339
-5067
-7227
-5315
-7259
-5555
-7339
-5803
-7355
-6091
-7307
-6395
-7283
-6531
-7347
-6763
-7235
-7107
-7307
-7291
-7267
-7475
-7331
-7723
-7275
-7987
-7315
-8291
-7315
-8555
-7347
-8779
-7299
-8939
-7251
-9187
-7315
-9475
-7283
-9707
-7347
-9899
-7323
-10227
-7347
-10419
-7251
-10691
-7275
-10891
-7227
-11179
-7339
-11427
-7347
-11571
-7331
-11851
-7339
-12083
-7291
-12379
-7267
-12619
-7251
-12843
-7299
-13107
-7355
-13355
-7283
-13483
-7235
-13811
-7339
-13947
-7243
-14227
-7347
-14507
-7347
-14771
-7331
-14923
-7283
-15155
-7331
-15427
-7347
-15635
-7339
-15883
-7347
-16123
-7355
-16459
-7267
-16611
-7339
-16883
-7315
-17195
-7331
-17331
-7307
-17595
-7283
-17915
-7315
-18083
-7347
-18323
-7355
-18619
-7235
-18875
-7587
93
-7539
-27
-7539
-275
-7595
-555
-7491
-819
-7563
-1051
-7467
-1315
-7563
-1467
-7499
-1755
-7531
-1963
-7523
-2235
-7563
-2427
-7499
-2771
-7523
-2923
-7555
-3171
-7555
-3443
-7483
-3635
-7571
-3891
-7539
-4131
-7515
-4475
-7595
-4611
-7595
-4883
-7579
-5131
-7563
-5387
-7595
-5571
-7483
-5915
-7483
-6139
-7491
-6371
-7587
-6587
-7523
-6803
-7595
-7019
-7563
-7275
-7467
-7523
-7595
-7819
-7547
-7979
-7595
-8251
-7571
-8435
-7579
-8667
-7515
-8947
-7539
-9227
-7579
-9467
-7523
-9707
-7579
-9939
-7547
-10107
-7587
-10443
-7547
-10675
-7467
-10915
-7523
-11107
-7595
-11435
-7491
-11667
-7579
-11827
-7571
-12091
-7515
-12339
-7587
-12595
-7547
-12819
-7563
-13035
-7579
-13331
-7483
-13499
-7491
-13787
-7547
-13979
-7475
-14267
-7595
-14451
-7547
-14707
-7579
-14947
-7515
-15171
-7555
-15467
-7499
-15755
-7587
-15995
-7563
-16115
-7507
-16435
-7571
-16699
-7539
-16859
-7595
-17195
-7579
-17355
-7475
-17579
-7579
-17915
-7563
-18035
-7483
-18267
-7563
-18563
-7555
-18835
-7747
109
-7731
-155
-7819
-299
-7739
-619
-7779
-811
-7763
-1059
-7803
-1331
-7787
-1531
-7819
-1731
-7787
-2067
-7795
-2195
-7795
-2475
-7827
-2691
-7819
-2987
-7819
-3211
-7747
-3403
-7771
-3627
-7739
-3939
-7803
-4219
-7795
-4443
-7739
-4611
-7771
-4931
-7819
-5187
-7755
-5315
-7811
-5595
-7747
-5795
-7723
-6059
-7739
-6347
-7755
-6523
-7723
-6867
-7707
-7003
-7755
-7235
-7827
-7539
-7827
-7771
-7835
-8067
-7835
-8291
-7827
-8547
-7835
-8667
-7827
-8971
-7731
-9203
-7787
-9387
-7715
-9723
-7819
-9971
-7795
-10115
-7779
-10451
-7755
-10619
-7731
-10915
-7779
-11067
-7827
-11395
-7771
-11635
-7835
-11907
-7787
-12075
-7819
-12371
-7811
-12523
-7755
-12835
-7731
-13027
-7827
-13339
-7795
-13547
-7755
-13763
-7755
-14051
-7747
-14307
-7811
-14531
-7755
-14691
-7819
-14971
-7763
-15147
-7819
-15427
-7715
-15659
-7811
-15867
-7835
-16131
-7835
-16451
-7803
-16611
-7779
-16955
-7819
-17123
-7803
-17387
-7835
-17547
-7827
-17835
-7811
-18083
-7787
-18395
-7811
-18627
-7827
-18835
-7995
117
-7987
-67
-8043
-291
-8059
-595
-7995
-875
-8027
-1091
-8027
-1267
-8019
-1483
-8003
-1795
-7963
-2003
-8059
-2211
-8043
-2467
-7955
-2699
-7979
-2931
-8075
-3195
-7971
-3411
-8043
-3667
-8067
-3899
-7979
-4235
-7979
-4411
-7971
-4683
-7995
-4915
-8067
-5163
-7947
-5347
-8043
-5603
-7979
-5875
-8011
-6075
-8043
-6267
-8051
-6555
-7963
-6747
-8051
-7011
-8019
-7323
-8043
-7515
-8035
-7787
-8003
-8027
-8035
-8275
-8011
-8491
-7979
-8683
-8075
-8995
-7995
-9203
-7995
-9403
-7987
-9707
-8059
-9955
-8027
-10187
-8011
-10387
-8059
-10627
-7947
-10843
-8075
-11155
-7955
-11387
-8067
-11627
-8019
-11883
-8019
-12099
-8019
-12395
-7995
-12635
-8003
-12795
-7995
-13083
-8059
-13227
-8075
-13483
-8011
-13827
-7971
-14003
-7987
-14203
-7995
-14435
-8027
-14795
-8059
-14907
-8075
-15235
-8067
-15483
-8067
-15699
-7987
-15995
-8067
-16195
-8027
-16347
-7963
-16667
-8035
-16859
-7995
-17187
-8035
-17419
-8011
-17667
-8003
-17867
-8051
-18083
-8043
-18355
-8027
-18611
-8035
-18835
-8195
149
-8243
-99
-8211
-331
-8307
-619
-8267
-859
-8243
-1003
-8275
-1283
-8243
-1587
-8291
-1803
-8299
-1947
-8203
-2235
-8243
-2483
-8299
-2763
-8307
-2987
-8315
-3203
-8203
-3451
-8243
-3731
-8195
-3915
-8307
-4139
-8235
-4443
-8267
-4715
-8315
-4827
-8307
-5187
-8187
-5419
-8275
-5555
-8275
-5835
-8267
-6139
-8227
-6323
-8291
-6627
-8307
-6755
-8299
-7035
-8315
-7251
-8275
-7507
-8243
-7731
-8275
-8027
-8299
-8235
-8299
-8531
-8299
-8707
-8299
-9027
-8315
-9187
-8259
-9467
-8307
-9715
-8251
-9907
-8299
-10115
-8283
-10403
-8315
-10659
-8291
-10851
-8211
-11187
-8211
-11371
-8235
-11627
-8275
-11811
-8275
-12107
-8267
-12307
-8299
-12515
-8315
-12771
-8299
-13083
-8307
-13267
-8187
-13547
-8291
-13715
-8307
-13987
-8299
-14315
-8275
-14491
-8299
-14739
-8283
-15019
-8291
-15211
-8243
-15467
-8195
-15707
-8251
-15875
-8235
-16131
-8203
-16387
-8291
-16635
-8251
-16931
-8187
-17083
-8275
-17411
-8267
-17603
-8267
-17811
-8259
-18083
-8307
-18379
-8275
-18595
-8219
-18843
-8499
109
-8451
-59
-8555
-355
-8427
-627
-8555
-747
-8467
-1027
-8555
-1283
-8467
-1467
-8451
-1819
-8435
-1947
-8539
-2283
-8547
-2539
-8499
-2763
-8475
-2907
-8459
-3179
-8531
-3387
-8555
-3643
-8555
-3947
-8483
-4227
-8555
-4395
-8451
-4619
-8443
-4939
-8499
-5139
-8507
-5435
-8475
-5667
-8491
-5915
-8547
-6083
-8555
-6347
-8443
-6563
-8443
-6827
-8539
-7003
-8475
-7267
-8427
-7579
-8539
-7827
-8547
-8051
-8483
-8283
-8523
-8507
-8523
-8755
-8531
-8987
-8555
-9187
-8459
-9403
-8499
-9627
-8443
-9987
-8547
-10203
-8515
-10395
-8547
-10619
-8547
-10939
-8507
-11171
-8451
-11307
-8507
-11675
-8539
-11843
-8443
-12107
-8515
-12315
-8547
-12587
-8555
-12843
-8531
-13027
-8523
-13235
-8539
-13499
-8443
-13739
-8515
-14019
-8451
-14315
-8507
-14499
-8467
-14683
-8531
-14955
-8499
-15147
-8515
-15443
-8547
-15739
-8547
-15899
-8499
-16139
-8491
-16443
-8459
-16643
-8475
-16923
-8555
-17107
-8451
-17339
-8483
-17587
-8555
-17867
-8427
-18099
-8507
-18387
-8475
-18579
-8483
-18835
-8779
133
-8787
-35
-8683
-307
-8675
-563
-8771
-843
-8675
-1027
-8747
-1227
-8787
-1475
-8779
-1739
-8779
-2003
-8763
-2267
-8779
-2499
-8779
-2779
-8763
-3003
-8779
-3203
-8787
-3419
-8667
-3659
-8779
-3867
-8723
-4147
-8715
-4379
-8763
-4587
-8795
-4827
-8739
-5123
-8707
-5419
-8675
-5563
-8771
-5811
-8771
-6059
-8787
-6291
-8795
-6515
-8731
-6755
-8771
-6987
-8683
-7283
-8715
-7483
-8707
-7795
-8691
-8051
-8795
-8307
-8779
-8451
-8763
-8675
-8707
-8995
-8747
-9243
-8715
-9507
-8715
-9739
-8675
-9875
-8731
-10187
-8707
-10347
-8795
-10619
-8787
-10875
-8731
-11115
-8691
-11347
-8723
-11595
-8723
-11875
-8675
-12139
-8763
-12299
-8795
-12579
-8771
-12763
-8763
-12995
-8715
-13267
-8739
-13531
-8683
-13811
-8747
-13995
-8795
-14219
-8771
-14539
-8723
-14755
-8707
-14915
-8787
-15219
-8755
-15499
-8667
-15699
-8731
-15907
-8779
-16195
-8763
-16395
-8683
-16667
-8731
-16947
-8787
-17195
-8795
-17363
-8755
-17611
-8691
-17915
-8795
-18155
-8691
-18291
-8731
-18571
-8763
-18875
-8979
125
-8979
-115
-8971
-379
-9027
-539
-8979
-851
-8939
-987
-9011
-1227
-8971
-1587
-9003
-1747
-8947
-1963
-8931
-2211
-9019
-2539
-8947
-2747
-8915
-2963
-9003
-3147
-9019
-3491
-8947
-3731
-8995
-3995
-8947
-4163
-8979
-4467
-9011
-4699
-9011
-4883
-8907
-5091
-9035
-5323
-8995
-5563
-9035
-5843
-8923
-6027
-8939
-6291
-9035
-6619
-9011
-6747
-9035
-7011
-9035
-7299
-8907
-7571
-8987
-7787
-9035
-7979
-8971
-8299
-9019
-8523
-8915
-8707
-8923
-9019
-9003
-9147
-9027
-9459
-9019
-9627
-8939
-9867
-9019
-10171
-9027
-10395
-8963
-10715
-8971
-10931
-8971
-11155
-8939
-11387
-9003
-11627
-8931
-11883
-8987
-12083
-9035
-12395
-9035
-12627
-9035
-12851
-8947
-13003
-8963
-13227
-8923
-13515
-9035
-13835
-9019
-14051
-8939
-14299
-9003
-14451
-9035
-14779
-9027
-14947
-8963
-15203
-8915
-15483
-8947
-15651
-8947
-15947
-8963
-16235
-8987
-16451
-9003
-16595
-8995
-16843
-9011
-17115
-8963
-17307
-8971
-17635
-8915
-17891
-9035
-18123
-9011
-18307
-8995
-18571
-9027
-18851
-9187
101
-9163
-83
-9219
-395
-9251
-515
-9267
-763
-9251
-1019
-9251
-1331
-9267
-1579
-9171
-1715
-9267
-1963
-9147
-2203
-9219
-2547
-9259
-2787
-9219
-2907
-9219
-3155
-9219
-3459
-9259
-3651
-9259
-3995
-9147
-4155
-9203
-4403
-9275
-4699
-9259
-4923
-9227
-5067
-9219
-5395
-9179
-5547
-9171
-5867
-9251
-6107
-9259
-6347
-9251
-6635
-9219
-6811
-9227
-7019
-9203
-7275
-9259
-7499
-9267
-7779
-9267
-8043
-9275
-8275
-9203
-8515
-9251
-8771
-9187
-9027
-9275
-9155
-9251
-9507
-9227
-9675
-9275
-9947
-9267
-10227
-9251
-10475
-9259
-10683
-9259
-10843
-9259
-11123
-9251
-11371
-9163
-11643
-9219
-11795
-9275
-12131
-9179
-12395
-9219
-12563
-9219
-12779
-9267
-13051
-9227
-13259
-9243
-13595
-9259
-13819
-9227
-14019
-9203
-14203
-9251
-14435
-9227
-14723
-9251
-15011
-9187
-15259
-9259
-15499
-9147
-15747
-9147
-15931
-9243
-16163
-9267
-16443
-9235
-16643
-9195
-16891
-9259
-17107
-9203
-17435
-9171
-17587
-9179
-17787
-9275
-18051
-9171
-18371
-9259
-18579
-9211
-18819
-9467
93
-9483
-67
-9507
-299
-9499
-515
-9499
-851
-9491
-995
-9403
-1323
-9483
-1467
-9419
-1787
-9499
-2011
-9507
-2291
-9491
-2523
-9507
-2699
-9419
-2915
-9467
-3179
-9419
-3499
-9491
-3707
-9515
-3899
-9443
-4163
-9491
-4459
-9451
-4603
-9515
-4955
-9499
-5091
-9427
-5387
-9507
-5587
-9451
-5843
-9491
-6115
-9475
-6355
-9491
-6635
-9411
-6843
-9507
-7051
-9491
-7283
-9507
-7531
-9459
-7739
-9491
-7963
-9427
-8283
-9459
-8427
-9499
-8675
-9499
-9019
-9459
-9195
-9491
-9395
-9507
-9747
-9515
-9971
-9403
-10139
-9483
-10427
-9499
-10683
-9411
-10899
-9387
-11171
-9403
-11435
-9395
-11571
-9387
-11787
-9459
-12059
-9467
-12347
-9387
-12603
-9491
-12835
-9459
-13107
-9459
-13299
-9499
-13467
-9395
-13739
-9403
-14043
-9411
-14307
-9411
-14507
-9459
-14747
-9491
-15027
-9451
-15211
-9483
-15475
-9411
-15643
-9451
-15931
-9459
-16235
-9443
-16363
-9499
-16683
-9467
-16883
-9443
-17155
-9499
-17339
-9403
-17611
-9419
-17851
-9499
-18059
-9507
-18299
-9491
-18587
-9427
-18811
-9723
109
-9699
-59
-9691
-363
-9699
-523
-9667
-827
-9659
-1091
-9667
-1227
-9699
-1587
-9667
-1779
-9723
-1995
-9707
-2227
-9635
-2451
-9691
-2739
-9731
-2971
-9643
-3235
-9723
-3419
-9651
-3731
-9707
-3995
-9651
-4147
-9683
-4475
-9723
-4691
-9699
-4859
-9731
-5091
-9683
-5427
-9691
-5555
-9699
-5803
-9699
-6139
-9723
-6315
-9715
-6611
-9723
-6787
-9707
-7059
-9723
-7315
-9755
-7483
-9651
-7819
-9691
-7987
-9731
-8219
-9723
-8507
-9635
-8779
-9739
-9011
-9667
-9203
-9675
-9427
-9731
-9683
-9755
-9995
-9755
-10219
-9715
-10395
-9747
-10611
-9675
-10827
-9755
-11083
-9723
-11427
-9691
-11579
-9707
-11907
-9755
-12091
-9731
-12283
-9699
-12523
-9651
-12851
-9659
-13099
-9747
-13259
-9755
-13491
-9667
-13835
-9747
-13987
-9675
-14291
-9731
-14515
-9755
-14691
-9739
-15003
-9675
-15243
-9755
-15451
-9747
-15651
-9731
-15955
-9747
-16139
-9699
-16427
-9731
-16683
-9715
-16859
-9715
-17195
-9723
-17315
-9747
-17643
-9691
-17811
-9635
-18115
-9643
-18315
-9723
-18603
-9723
-18859
-9971
117
-9899
-59
-9971
-395
-9955
-611
-9971
-811
-9987
-1011
-9987
-1259
-9931
-1499
-9955
-1715
-9955
-2051
-9939
-2243
-9995
-2467
-9875
-2699
-9923
-3019
-9891
-3195
-9915
-3475
-9883
-3667
-9987
-3939
-9995
-4227
-9883
-4435
-9891
-4651
-9883
-4883
-9939
-5139
-9971
-5387
-9987
-5635
-9987
-5891
-9987
-6075
-9931
-6315
-9979
-6579
-9987
-6859
-9995
-7043
-9915
-7331
-9891
-7507
-9955
-7803
-9979
-7995
-9899
-8219
-9979
-8483
-9979
-8787
-9971
-8947
-9963
-9147
-9883
-9419
-9939
-9627
-9955
-9891
-9995
-10203
-9979
-10427
-9939
-10603
-9931
-10827
-9995
-11115
-9987
-11435
-9891
-11547
-9971
-11875
-9867
-12115
-9955
-12395
-9995
-12627
-9915
-12771
-9899
-12987
-9931
-13259
-9987
-13523
-9947
-13819
-9963
-13955
-9875
-14251
-9979
-14547
-9995
-14747
-9875
-14971
-9907
-15155
-9979
-15467
-9931
-15707
-9867
-15891
-9867
-16203
-9883
-16475
-9987
-16675
-9979
-16851
-9891
-17067
-9995
-17355
-9971
-17659
-9963
-17803
-9931
-18131
-9955
-18371
-9971
-18547
-9971
-18835
-10195
149
-10227
-43
-10195
-395
-10195
-587
-10147
-803
-10139
-1051
-10187
-1299
-10219
-1595
-10187
-1811
-10155
-1971
-10227
-2275
-10115
-2475
-10227
-2731
-10219
-2947
-10163
-3211
-10211
-3387
-10123
-3723
-10203
-3947
-10179
-4147
-10227
-4435
-10139
-4595
-10115
-4883
-10139
-5155
-10155
-5387
-10131
-5547
-10211
-5835
-10195
-6091
-10219
-6291
-10235
-6611
-10219
-6851
-10163
-7003
-10131
-7315
-10171
-7571
-10155
-7723
-10211
-8051
-10163
-8195
-10219
-8467
-10163
-8683
-10107
-9019
-10211
-9243
-10123
-9387
-10163
-9683
-10235
-9995
-10115
-10219
-10227
-10411
-10227
-10691
-10219
-10899
-10187
-11107
-10227
-11307
-10187
-11667
-10171
-11875
-10139
-12035
-10203
-12371
-10171
-12587
-10195
-12843
-10227
-13003
-10211
-13323
-10187
-13563
-10163
-13779
-10211
-13995
-10227
-14243
-10155
-14547
-10155
-14739
-10235
-15011
-10203
-15267
-10203
-15483
-10203
-15699
-10219
-15995
-10235
-16163
-10195
-16379
-10179
-16683
-10163
-16875
-10171
-17091
-10187
-17363
-10235
-17571
-10203
-17891
-10203
-18115
-10187
-18307
-10131
-18555
-10219
-18851
-10435
133
-10459
-139
-10435
-379
-10451
-603
-10427
-827
-10475
-1059
-10419
-1227
-10443
-1483
-10475
-1747
-10451
-2027
-10411
-2275
-10467
-2475
-10435
-2771
-10419
-3035
-10467
-3243
-10467
-3451
-10475
-3747
-10427
-3915
-10419
-4107
-10443
-4395
-10467
-4611
-10459
-4835
-10451
-5067
-10427
-5403
-10435
-5659
-10475
-5875
-10475
-6083
-10411
-6363
-10459
-6547
-10451
-6843
-10435
-7091
-10451
-7307
-10459
-7595
-10467
-7771
-10475
-8011
-10451
-8219
-10475
-8427
-10427
-8667
-10411
-8963
-10443
-9155
-10451
-9515
-10419
-9755
-10459
-9875
-10475
-10123
-10411
-10459
-10459
-10715
-10443
-10883
-10443
-11067
-10475
-11347
-10443
-11579
-10435
-11867
-10451
-12123
-10427
-12395
-10427
-12555
-10427
-12787
-10459
-13027
-10475
-13307
-10411
-13523
-10467
-13827
-10451
-14011
-10411
-14315
-10451
-14451
-10411
-14795
-10459
-14907
-10467
-15219
-10475
-15419
-10435
-15731
-10475
-15947
-10419
-16139
-10427
-16443
-10475
-16643
-10443
-16947
-10467
-17115
-10459
-17427
-10435
-17603
-10443
-17859
-10443
-18131
-10443
-18379
-10459
-18571
-10411
-18859
