149
1619
276
-144
112
-375
504
-565
474
-815
199
-1080
247
-1273
182
-1585
335
-1797
478
-1954
522
-2194
205
-2519
197
-2733
135
-2977
335
-3177
155
-3365
189
-3747
251
-3907
257
-4127
321
-4421
201
-4649
85
-4907
125
-5091
133
-5403
125
-5663
101
-5887
125
-6107
117
-6307
93
-6551
117
-6823
125
-7043
133
-7235
85
-7551
133
-7731
125
-7967
85
-8259
141
-8491
125
-8763
93
-8903
93
-9191
125
-9427
149
-9715
93
-9947
101
-10147
133
-10371
125
-10627
101
-10875
109
-11107
141
-11403
109
-11667
85
-11891
125
-12147
149
-12275
109
-12627
117
-12851
85
-13035
85
-13355
141
-13499
141
-13811
85
-14003
133
-14211
93
-14547
85
-14707
117
-14955
85
-15243
117
-15427
117
-15683
149
-15923
93
-16115
109
-16443
133
-16619
117
-16931
109
-17115
117
-17355
117
-17555
109
-17875
93
-18043
149
-18347
125
-18611
109
-18835
-79
652
-62
-26
-23
-281
-77
-515
-124
-853
-97
-1090
-98
-1290
-86
-1496
-48
-1698
-106
-1937
-72
-2249
-63
-2485
-97
-2743
-75
-2875
-33
-3191
-127
-3433
-95
-3619
-57
-3875
-113
-4131
-33
-4347
-91
-4709
-131
-4823
-91
-5179
-27
-5435
-43
-5559
-79
-5811
-103
-6127
-91
-6283
-75
-6567
-87
-6803
-143
-7031
-123
-7267
-83
-7455
-95
-7795
-127
-7955
-75
-8175
-143
-8427
-115
-8699
-127
-8895
-127
-9207
-139
-9491
-75
-9667
-43
-9955
-155
-10187
-131
-10451
-139
-10667
-139
-10859
-67
-11179
-147
-11411
-155
-11643
-67
-11819
-147
-12035
-83
-12299
-147
-12627
-107
-12763
-147
-13075
-123
-13347
-35
-13475
-147
-13755
-115
-14051
-155
-14187
-83
-14435
-67
-14667
-43
-15003
-59
-15251
-147
-15411
-91
-15723
-43
-15875
-147
-16195
-115
-16403
-83
-16691
-35
-16915
-147
-17155
-123
-17355
-91
-17563
-123
-17811
-155
-18067
-27
-18363
-83
-18619
-75
-18851
-275
871
-276
-147
-365
-263
-305
-546
-356
-759
-391
-1090
-243
-1215
-280
-1548
-271
-1719
-377
-2030
-317
-2176
-275
-2413
-261
-2753
-269
-2891
-287
-3201
-365
-3423
-361
-3681
-313
-3925
-283
-4197
-297
-4425
-269
-4613
-287
-4883
-339
-5083
-355
-5359
-383
-5635
-347
-5763
-371
-6015
-299
-6347
-363
-6591
-311
-6783
-343
-7059
-323
-7343
-363
-7511
-323
-7771
-351
-7955
-335
-8299
-311
-8423
-287
-8635
-367
-8991
-351
-9219
-363
-9467
-355
-9691
-323
-9867
-315
-10123
-387
-10443
-347
-10595
-291
-10915
-291
-11139
-387
-11395
-347
-11643
-275
-11883
-347
-12115
-387
-12283
-371
-12635
-355
-12827
-379
-13035
-307
-13347
-379
-13515
-387
-13747
-379
-13955
-275
-14291
-347
-14451
-387
-14691
-363
-14987
-387
-15163
-395
-15491
-347
-15739
-371
-15963
-339
-16179
-395
-16363
-371
-16627
-363
-16851
-363
-17171
-379
-17403
-371
-17563
-339
-17915
-299
-18115
-315
-18267
-371
-18507
-331
-18835
-479
1449
-599
-15
-583
-335
-545
-501
-578
-826
-543
-1039
-583
-1301
-515
-1481
-598
-1797
-599
-1918
-559
-2209
-561
-2441
-537
-2783
-615
-3023
-511
-3177
-567
-3381
-553
-3617
-581
-3913
-531
-4129
-579
-4403
-513
-4683
-623
-4919
-583
-5067
-519
-5315
-535
-5575
-555
-5891
-535
-6107
-547
-6235
-595
-6491
-583
-6807
-627
-7019
-571
-7271
-483
-7551
-615
-7723
-559
-7951
-515
-8195
-531
-8511
-483
-8727
-543
-8955
-539
-9203
-499
-9483
-563
-9635
-571
-9995
-603
-10163
-603
-10411
-547
-10603
-611
-10931
-507
-11171
-619
-11371
-627
-11595
-603
-11827
-619
-12099
-619
-12283
-627
-12547
-595
-12819
-587
-13067
-595
-13227
-587
-13555
-587
-13779
-611
-13987
-595
-14259
-595
-14475
-595
-14731
-627
-14971
-587
-15155
-595
-15427
-587
-15627
-515
-15923
-587
-16147
-563
-16387
-619
-16651
-603
-16851
-515
-17139
-635
-17435
-611
-17643
-571
-17915
-611
-18115
-619
-18339
-555
-18619
-611
-18819
-795
1817
-846
-93
-751
-343
-778
-579
-854
-826
-822
-1076
-833
-1327
-812
-1473
-781
-1834
-809
-1952
-798
-2276
-783
-2431
-761
-2769
-755
-2915
-755
-3253
-805
-3487
-739
-3673
-759
-3935
-787
-4097
-857
-4441
-797
-4607
-819
-4863
-787
-5139
-851
-5351
-847
-5567
-779
-5815
-827
-6019
-831
-6371
-835
-6511
-811
-6743
-867
-7055
-811
-7311
-863
-7547
-863
-7699
-731
-8003
-775
-8247
-867
-8551
-819
-8715
-755
-8911
-783
-9175
-799
-9467
-875
-9723
-811
-9891
-819
-10187
-771
-10403
-875
-10699
-755
-10931
-779
-11139
-747
-11363
-803
-11595
-763
-11851
-795
-12091
-763
-12315
-763
-12523
-803
-12827
-851
-13019
-811
-13315
-827
-13547
-827
-13787
-843
-14035
-819
-14243
-843
-14539
-819
-14707
-859
-14955
-819
-15235
-867
-15419
-875
-15627
-843
-15963
-851
-16179
-859
-16355
-875
-16635
-835
-16843
-875
-17099
-771
-17403
-843
-17667
-859
-17803
-795
-18027
-859
-18323
-747
-18635
-747
-18859
-1027
875
-1031
-33
-989
-356
-1074
-490
-1045
-785
-1041
-998
-996
-1291
-1089
-1536
-1096
-1816
-981
-1942
-983
-2162
-1031
-2523
-1083
-2679
-1089
-2959
-1041
-3243
-1027
-3427
-987
-3637
-1067
-3939
-1003
-4215
-1055
-4343
-1017
-4623
-1011
-4907
-1055
-5079
-995
-5291
-1051
-5539
-1079
-5791
-1035
-6031
-1051
-6279
-1071
-6551
-1099
-6723
-1063
-7059
-1039
-7235
-1003
-7571
-999
-7755
-1003
-7987
-1091
-8183
-1079
-8547
-1115
-8715
-1087
-9015
-1051
-9243
-1011
-9439
-1051
-9627
-1051
-9979
-987
-10219
-987
-10459
-1091
-10587
-1043
-10947
-1099
-11195
-987
-11323
-1083
-11635
-987
-11803
-1067
-12147
-1091
-12315
-1115
-12619
-1115
-12819
-1091
-13035
-1019
-13323
-995
-13483
-1075
-13787
-1083
-13971
-1019
-14219
-1059
-14427
-1107
-14795
-1083
-14915
-1107
-15259
-1067
-15419
-1019
-15723
-987
-15955
-1115
-16211
-1075
-16475
-1059
-16675
-1091
-16843
-1115
-17195
-1051
-17379
-995
-17611
-1043
-17811
-1075
-18091
-1035
-18307
-987
-18579
-987
-18819
-1339
1111
-1229
-52
-1267
-250
-1282
-532
-1315
-845
-1347
-971
-1280
-1226
-1209
-1499
-1329
-1754
-1288
-1955
-1229
-2208
-1319
-2425
-1227
-2655
-1343
-3013
-1209
-3215
-1283
-3391
-1257
-3739
-1323
-3943
-1279
-4127
-1343
-4357
-1279
-4617
-1251
-4891
-1315
-5083
-1331
-5383
-1315
-5559
-1275
-5883
-1299
-6135
-1299
-6295
-1275
-6491
-1319
-6719
-1355
-7015
-1331
-7231
-1307
-7519
-1315
-7735
-1331
-7995
-1259
-8243
-1307
-8395
-1315
-8683
-1263
-9011
-1223
-9175
-1355
-9507
-1323
-9627
-1355
-9891
-1339
-10163
-1323
-10435
-1291
-10699
-1283
-10883
-1251
-11067
-1323
-11323
-1299
-11651
-1299
-11827
-1339
-12155
-1267
-12395
-1299
-12627
-1315
-12851
-1331
-13083
-1315
-13355
-1259
-13499
-1315
-13803
-1339
-14051
-1227
-14251
-1235
-14555
-1243
-14779
-1355
-14915
-1259
-15187
-1307
-15507
-1299
-15643
-1259
-15939
-1307
-16147
-1331
-16443
-1331
-16603
-1307
-16939
-1251
-17123
-1355
-17403
-1227
-17571
-1355
-17883
-1339
-18115
-1275
-18355
-1283
-18587
-1251
-18875
-1483
445
-1563
-121
-1541
-279
-1451
-515
-1467
-871
-1563
-1099
-1553
-1307
-1487
-1497
-1493
-1799
-1481
-1947
-1461
-2177
-1561
-2423
-1491
-2789
-1503
-2935
-1481
-3263
-1491
-3415
-1543
-3735
-1479
-3879
-1479
-4109
-1481
-4337
-1527
-4611
-1579
-4827
-1523
-5187
-1475
-5315
-1471
-5563
-1511
-5859
-1555
-6103
-1499
-6303
-1523
-6551
-1459
-6851
-1495
-7007
-1515
-7327
-1539
-7487
-1559
-7767
-1487
-7939
-1487
-8183
-1507
-8523
-1531
-8771
-1563
-8995
-1551
-9255
-1571
-9435
-1467
-9731
-1563
-9923
-1595
-10147
-1515
-10363
-1539
-10667
-1515
-10843
-1571
-11067
-1539
-11411
-1563
-11611
-1531
-11883
-1555
-12115
-1499
-12355
-1595
-12507
-1579
-12827
-1531
-13043
-1507
-13259
-1587
-13555
-1587
-13731
-1579
-14011
-1507
-14187
-1523
-14491
-1579
-14787
-1467
-14963
-1467
-15187
-1571
-15515
-1587
-15643
-1571
-15939
-1587
-16195
-1499
-16459
-1579
-16691
-1491
-16859
-1595
-17139
-1539
-17315
-1579
-17659
-1483
-17843
-1515
-18083
-1563
-18363
-1539
-18595
-1531
-18827
-1747
415
-1755
-139
-1737
-357
-1835
-555
-1755
-783
-1769
-1005
-1759
-1237
-1805
-1453
-1825
-1683
-1763
-2007
-1795
-2227
-1701
-2517
-1755
-2709
-1701
-2887
-1779
-3197
-1801
-3391
-1727
-3659
-1763
-3883
-1715
-4201
-1677
-4389
-1783
-4671
-1739
-4867
-1727
-5163
-1723
-5343
-1791
-5567
-1743
-5903
-1731
-6051
-1771
-6299
-1811
-6567
-1743
-6747
-1695
-6979
-1763
-7219
-1811
-7567
-1811
-7691
-1783
-8015
-1771
-8227
-1819
-8527
-1811
-8691
-1719
-9015
-1719
-9211
-1707
-9423
-1771
-9723
-1715
-9947
-1827
-10155
-1755
-10459
-1779
-10587
-1827
-10907
-1787
-11067
-1795
-11379
-1835
-11667
-1803
-11811
-1731
-12123
-1803
-12275
-1771
-12523
-1827
-12803
-1763
-13107
-1723
-13291
-1755
-13547
-1835
-13715
-1747
-13963
-1819
-14251
-1787
-14475
-1715
-14691
-1739
-14923
-1723
-15163
-1787
-15491
-1779
-15723
-1755
-15939
-1819
-16155
-1763
-16355
-1795
-16643
-1755
-16907
-1803
-17179
-1835
-17411
-1819
-17555
-1795
-17867
-1723
-18075
-1795
-18339
-1747
-18563
-1731
-18875
-1951
1039
-2041
-67
-1979
-243
-1989
-521
-1939
-815
-1947
-1005
-2031
-1261
-1995
-1435
-2007
-1719
-1951
-2033
-2013
-2255
-2019
-2539
-1919
-2761
-1999
-2903
-2007
-3203
-2047
-3415
-2035
-3675
-2055
-3963
-1955
-4105
-1951
-4365
-1937
-4651
-2039
-4815
-2063
-5087
-1955
-5331
-1999
-5611
-2035
-5867
-2063
-6119
-2035
-6363
-1959
-6543
-1959
-6847
-1963
-7019
-2019
-7311
-2059
-7503
-2047
-7735
-2011
-7919
-1959
-8235
-2039
-8499
-2019
-8679
-1999
-8927
-1975
-9183
-2007
-9415
-1971
-9627
-2051
-9963
-1947
-10195
-2027
-10387
-2019
-10627
-1955
-10867
-2067
-11083
-2035
-11379
-2075
-11643
-1987
-11859
-1971
-12027
-1979
-12355
-2075
-12603
-2043
-12827
-1995
-13051
-2067
-13315
-1971
-13515
-2067
-13827
-1947
-14059
-2075
-14283
-1963
-14555
-2003
-14675
-2019
-14955
-2059
-15171
-2011
-15443
-2003
-15675
-1987
-15995
-1971
-16163
-2051
-16443
-1963
-16619
-2051
-16931
-1963
-17083
-2035
-17419
-2075
-17595
-2011
-17843
-1979
-18043
-2019
-18307
-2003
-18587
-1987
-18859
-2219
581
-2301
-131
-2225
-369
-2221
-499
-2181
-793
-2189
-1053
-2271
-1259
-2303
-1431
-2245
-1795
-2291
-1971
-2237
-2253
-2287
-2497
-2211
-2659
-2231
-2903
-2183
-3221
-2207
-3451
-2201
-3631
-2183
-3855
-2227
-4159
-2241
-4381
-2159
-4585
-2275
-4843
-2231
-5047
-2195
-5351
-2295
-5575
-2195
-5871
-2223
-6135
-2227
-6287
-2215
-6575
-2219
-6779
-2251
-7067
-2179
-7267
-2219
-7447
-2215
-7707
-2219
-8051
-2283
-8187
-2263
-8543
-2299
-8783
-2223
-8907
-2275
-9243
-2223
-9471
-2307
-9739
-2235
-9891
-2251
-10211
-2187
-10451
-2275
-10627
-2307
-10939
-2283
-11099
-2307
-11419
-2275
-11659
-2259
-11787
-2275
-12107
-2307
-12299
-2235
-12579
-2275
-12819
-2203
-12987
-2267
-13259
-2315
-13499
-2275
-13811
-2187
-14027
-2315
-14187
-2235
-14523
-2291
-14667
-2299
-15011
-2291
-15203
-2283
-15435
-2243
-15723
-2195
-15867
-2291
-16195
-2315
-16435
-2235
-16659
-2227
-16923
-2299
-17195
-2283
-17347
-2283
-17675
-2291
-17867
-2259
-18027
-2291
-18339
-2195
-18563
-2291
-18835
-2495
1079
-2431
1
-2531
-389
-2483
-475
-2461
-783
-2503
-1091
-2539
-1321
-2463
-1521
-2511
-1737
-2521
-1983
-2525
-2175
-2475
-2555
-2523
-2711
-2535
-2969
-2519
-3257
-2455
-3463
-2543
-3711
-2449
-3871
-2487
-4103
-2483
-4383
-2515
-4639
-2523
-4807
-2523
-5075
-2551
-5355
-2463
-5571
-2495
-5791
-2451
-6095
-2511
-6355
-2519
-6515
-2523
-6759
-2515
-7043
-2439
-7343
-2503
-7483
-2531
-7711
-2463
-7995
-2527
-8219
-2483
-8491
-2487
-8667
-2475
-8947
-2443
-9155
-2459
-9427
-2443
-9707
-2451
-9883
-2515
-10203
-2539
-10435
-2547
-10635
-2475
-10843
-2515
-11107
-2547
-11363
-2539
-11571
-2531
-11787
-2491
-12147
-2467
-12299
-2515
-12603
-2467
-12875
-2555
-13083
-2547
-13251
-2555
-13475
-2523
-13819
-2507
-13987
-2539
-14291
-2555
-14475
-2507
-14779
-2475
-14955
-2451
-15179
-2483
-15443
-2499
-15651
-2539
-15963
-2515
-16123
-2483
-16467
-2483
-16603
-2507
-16835
-2547
-17147
-2539
-17323
-2515
-17579
-2555
-17811
-2491
-18043
-2515
-18299
-2531
-18571
-2491
-18867
-2735
125
-2771
-43
-2763
-395
-2755
-499
-2703
-807
-2755
-1051
-2695
-1227
-2675
-1451
-2711
-1739
-2719
-1999
-2751
-2267
-2767
-2503
-2743
-2687
-2723
-2891
-2695
-3199
-2763
-3459
-2675
-3719
-2695
-3935
-2715
-4195
-2767
-4459
-2747
-4651
-2743
-4883
-2667
-5163
-2691
-5435
-2723
-5659
-2723
-5863
-2671
-6043
-2727
-6351
-2751
-6583
-2771
-6755
-2779
-7051
-2703
-7243
-2747
-7507
-2727
-7739
-2759
-7975
-2659
-8287
-2791
-8447
-2747
-8779
-2731
-8947
-2787
-9195
-2703
-9439
-2675
-9643
-2723
-9883
-2763
-10235
-2747
-10347
-2787
-10691
-2763
-10883
-2755
-11083
-2731
-11387
-2755
-11611
-2691
-11787
-2723
-12043
-2795
-12371
-2771
-12595
-2771
-12795
-2779
-13091
-2763
-13307
-2667
-13563
-2723
-13787
-2707
-14051
-2667
-14267
-2787
-14475
-2723
-14699
-2723
-14971
-2715
-15275
-2795
-15475
-2739
-15691
-2723
-15883
-2715
-16179
-2739
-16379
-2755
-16587
-2795
-16915
-2755
-17115
-2739
-17323
-2683
-17571
-2707
-17859
-2779
-18075
-2715
-18283
-2715
-18523
-2755
-18843
-2955
125
-3023
-99
-2899
-371
-3015
-571
-2887
-795
-2923
-1047
-2971
-1295
-3027
-1563
-2931
-1819
-3007
-1971
-2967
-2215
-2959
-2463
-2995
-2755
-2995
-2903
-3003
-3243
-2939
-3427
-2923
-3595
-2887
-3935
-2907
-4207
-3007
-4419
-3011
-4559
-2975
-4867
-2923
-5147
-3019
-5283
-2923
-5587
-3011
-5767
-3011
-6079
-3019
-6375
-3007
-6579
-3015
-6815
-2923
-7059
-2967
-7231
-3027
-7503
-2939
-7787
-2935
-7955
-2975
-8287
-3007
-8431
-2931
-8771
-2951
-8927
-3015
-9195
-2971
-9435
-2971
-9731
-2971
-9939
-2955
-10155
-3019
-10387
-2939
-10635
-2995
-10835
-2939
-11123
-3035
-11339
-2939
-11627
-3027
-11795
-2987
-12059
-2987
-12283
-2979
-12547
-2907
-12763
-2971
-13067
-2987
-13291
-2923
-13555
-2979
-13755
-3035
-14035
-3027
-14307
-2995
-14491
-3027
-14763
-3035
-14947
-3019
-15235
-2971
-15515
-2947
-15691
-3035
-15995
-3035
-16203
-3011
-16451
-2995
-16587
-2987
-16947
-3027
-17131
-3019
-17331
-2995
-17667
-2915
-17867
-2971
-18083
-2931
-18275
-3019
-18507
-2947
-18835
-3171
101
-3267
-47
-3275
-287
-3255
-567
-3179
-843
-3263
-1043
-3223
-1331
-3147
-1531
-3191
-1699
-3159
-1987
-3243
-2255
-3211
-2419
-3243
-2675
-3199
-2983
-3195
-3187
-3191
-3439
-3119
-3687
-3247
-3975
-3239
-4095
-3187
-4447
-3259
-4667
-3227
-4859
-3183
-5123
-3255
-5355
-3211
-5611
-3171
-5899
-3155
-6003
-3263
-6315
-3243
-6531
-3203
-6755
-3239
-7003
-3191
-7291
-3255
-7539
-3203
-7735
-3263
-7943
-3227
-8287
-3251
-8531
-3211
-8671
-3183
-8939
-3239
-9171
-3207
-9395
-3163
-9683
-3235
-9987
-3275
-10211
-3155
-10403
-3171
-10691
-3179
-10883
-3259
-11179
-3187
-11323
-3211
-11555
-3179
-11891
-3275
-12107
-3195
-12315
-3171
-12523
-3211
-12787
-3259
-13011
-3275
-13283
-3227
-13467
-3243
-13787
-3219
-13979
-3235
-14267
-3179
-14467
-3251
-14787
-3243
-14947
-3235
-15267
-3163
-15387
-3219
-15635
-3211
-15987
-3275
-16163
-3275
-16427
-3243
-16699
-3251
-16859
-3251
-17163
-3219
-17315
-3155
-17619
-3267
-17803
-3155
-18107
-3275
-18387
-3275
-18507
-3195
-18835
-3475
101
-3383
-43
-3419
-251
-3487
-603
-3495
-771
-3499
-971
-3467
-1295
-3487
-1495
-3463
-1715
-3435
-1927
-3459
-2275
-3463
-2479
-3395
-2691
-3391
-2947
-3491
-3211
-3403
-3491
-3451
-3639
-3483
-3991
-3403
-4179
-3463
-4455
-3479
-4647
-3463
-4931
-3451
-5071
-3491
-5299
-3395
-5627
-3403
-5895
-3435
-6011
-3475
-6307
-3387
-6511
-3475
-6811
-3455
-7067
-3415
-7347
-3479
-7491
-3431
-7815
-3443
-8035
-3475
-8191
-3447
-8411
-3471
-8735
-3407
-8911
-3479
-9235
-3419
-9391
-3419
-9659
-3507
-9979
-3499
-10163
-3387
-10443
-3451
-10683
-3451
-10915
-3499
-11091
-3515
-11411
-3507
-11571
-3419
-11835
-3483
-12107
-3507
-12275
-3483
-12515
-3515
-12803
-3411
-13107
-3499
-13355
-3491
-13483
-3507
-13763
-3443
-13963
-3515
-14195
-3443
-14555
-3427
-14683
-3451
-15011
-3467
-15259
-3507
-15483
-3395
-15699
-3403
-15907
-3459
-16147
-3451
-16395
-3427
-16635
-3411
-16907
-3507
-17171
-3515
-17435
-3475
-17603
-3499
-17787
-3499
-18155
-3435
-18355
-3443
-18587
-3475
-18867
-3691
109
-3651
-99
-3755
-347
-3715
-583
-3683
-775
-3695
-999
-3639
-1335
-3707
-1539
-3627
-1731
-3671
-1987
-3631
-2235
-3687
-2427
-3623
-2707
-3707
-2975
-3691
-3251
-3675
-3507
-3731
-3691
-3615
-3963
-3707
-4207
-3751
-4411
-3727
-4671
-3711
-4871
-3663
-5119
-3731
-5399
-3711
-5615
-3715
-5851
-3663
-6051
-3651
-6283
-3679
-6579
-3727
-6731
-3627
-7011
-3635
-7303
-3723
-7527
-3723
-7783
-3623
-8031
-3643
-8171
-3727
-8463
-3727
-8667
-3691
-8883
-3715
-9259
-3635
-9411
-3667
-9627
-3699
-9883
-3739
-10235
-3715
-10395
-3715
-10691
-3715
-10915
-3731
-11083
-3755
-11331
-3627
-11579
-3683
-11867
-3691
-12139
-3747
-12275
-3747
-12563
-3683
-12875
-3635
-13099
-3635
-13355
-3747
-13483
-3707
-13707
-3651
-13979
-3747
-14219
-3747
-14427
-3715
-14787
-3731
-14971
-3691
-15235
-3707
-15435
-3699
-15627
-3707
-15923
-3651
-16123
-3723
-16387
-3659
-16691
-3683
-16907
-3731
-17091
-3755
-17403
-3755
-17563
-3627
-17899
-3659
-18035
-3691
-18323
-3707
-18515
-3667
-18851
-3971
117
-3943
-119
-3895
-343
-3951
-499
-3911
-719
-3943
-1027
-3923
-1255
-3847
-1515
-3971
-1811
-3943
-1999
-3919
-2279
-3891
-2531
-3907
-2671
-3895
-2971
-3847
-3135
-3935
-3499
-3919
-3671
-3919
-3971
-3911
-4183
-3863
-4407
-3875
-4675
-3919
-4851
-3903
-5059
-3883
-5319
-3875
-5571
-3971
-5871
-3887
-6027
-3939
-6363
-3883
-6587
-3979
-6831
-3863
-6991
-3947
-7279
-3983
-7507
-3843
-7703
-3923
-8055
-3987
-8199
-3907
-8431
-3915
-8687
-3907
-8915
-3983
-9183
-3987
-9399
-3979
-9667
-3947
-9867
-3971
-10139
-3971
-10395
-3923
-10595
-3987
-10883
-3995
-11091
-3995
-11363
-3891
-11651
-3979
-11787
-3899
-12035
-3931
-12347
-3971
-12539
-3979
-12843
-3915
-13051
-3931
-13275
-3931
-13483
-3963
-13739
-3963
-14059
-3899
-14203
-3915
-14507
-3963
-14667
-3939
-15027
-3971
-15251
-3931
-15491
-3867
-15715
-3947
-15907
-3899
-16131
-3979
-16411
-3931
-16587
-3995
-16947
-3939
-17163
-3979
-17387
-3955
-17563
-3987
-17803
-3923
-18155
-3915
-18339
-3947
-18627
-3891
-18843
-4127
93
-4099
-35
-4207
-311
-4191
-527
-4115
-767
-4203
-995
-4155
-1323
-4219
-1559
-4227
-1739
-4207
-1943
-4175
-2187
-4127
-2419
-4219
-2723
-4127
-3011
-4147
-3187
-4215
-3395
-4195
-3735
-4211
-3975
-4139
-4175
-4171
-4459
-4139
-4571
-4203
-4943
-4203
-5043
-4219
-5427
-4227
-5639
-4191
-5879
-4219
-6011
-4219
-6291
-4231
-6579
-4107
-6867
-4191
-6999
-4207
-7223
-4199
-7559
-4159
-7691
-4195
-7995
-4231
-8203
-4147
-8431
-4179
-8647
-4155
-8927
-4199
-9231
-4103
-9491
-4219
-9659
-4195
-9979
-4195
-10115
-4115
-10435
-4171
-10675
-4227
-10923
-4179
-11139
-4203
-11435
-4147
-11603
-4227
-11883
-4179
-12131
-4211
-12379
-4131
-12611
-4123
-12787
-4107
-13059
-4131
-13227
-4219
-13547
-4187
-13787
-4163
-14051
-4155
-14267
-4219
-14451
-4219
-14739
-4235
-14907
-4123
-15275
-4139
-15435
-4235
-15651
-4107
-15971
-4123
-16163
-4163
-16379
-4219
-16683
-4195
-16923
-4219
-17099
-4187
-17403
-4147
-17579
-4227
-17811
-4227
-18123
-4187
-18315
-4219
-18515
-4139
-18859
-4407
109
-4435
-115
-4435
-311
-4459
-495
-4347
-799
-4451
-1083
-4391
-1343
-4427
-1543
-4467
-1819
-4427
-2023
-4451
-2207
-4347
-2427
-4395
-2651
-4435
-2963
-4439
-3235
-4407
-3459
-4447
-3675
-4375
-3863
-4399
-4151
-4463
-4415
-4427
-4707
-4411
-4835
-4439
-5127
-4463
-5411
-4447
-5591
-4435
-5807
-4335
-6063
-4435
-6351
-4351
-6539
-4431
-6779
-4427
-6995
-4387
-7227
-4455
-7543
-4439
-7715
-4443
-8019
-4371
-8187
-4411
-8499
-4375
-8731
-4407
-8939
-4395
-9235
-4427
-9499
-4451
-9659
-4475
-9875
-4427
-10123
-4451
-10459
-4395
-10627
-4403
-10931
-4347
-11075
-4379
-11395
-4459
-11635
-4467
-11787
-4419
-12155
-4411
-12371
-4371
-12515
-4355
-12747
-4379
-13107
-4443
-13339
-4411
-13515
-4363
-13715
-4379
-13987
-4355
-14299
-4379
-14499
-4451
-14707
-4443
-15035
-4443
-15211
-4451
-15491
-4451
-15675
-4379
-15891
-4411
-16163
-4443
-16371
-4443
-16587
-4451
-16867
-4411
-17179
-4475
-17355
-4451
-17595
-4459
-17859
-4403
-18155
-4419
-18387
-4467
-18571
-4467
-18835
-4651
109
-4615
-71
-4635
-375
-4699
-591
-4631
-799
-4627
-959
-4707
-1287
-4579
-1459
-4671
-1703
-4679
-2059
-4579
-2275
-4659
-2515
-4587
-2763
-4683
-3011
-4591
-3239
-4679
-3443
-4627
-3611
-4655
-3851
-4619
-4207
-4703
-4391
-4659
-4639
-4691
-4839
-4651
-5183
-4575
-5339
-4671
-5635
-4699
-5775
-4703
-6071
-4631
-6331
-4687
-6567
-4615
-6875
-4683
-7035
-4671
-7331
-4663
-7543
-4703
-7759
-4667
-7975
-4687
-8211
-4583
-8431
-4591
-8659
-4671
-8927
-4683
-9171
-4651
-9387
-4707
-9651
-4715
-9987
-4611
-10171
-4595
-10459
-4715
-10619
-4659
-10867
-4643
-11075
-4715
-11419
-4691
-11635
-4627
-11859
-4699
-12107
-4611
-12379
-4643
-12579
-4715
-12867
-4707
-13043
-4611
-13299
-4715
-13483
-4611
-13739
-4627
-13995
-4611
-14227
-4635
-14539
-4715
-14723
-4627
-14915
-4715
-15227
-4635
-15435
-4587
-15635
-4619
-15987
-4635
-16131
-4651
-16355
-4699
-16611
-4659
-16955
-4611
-17115
-4683
-17323
-4715
-17587
-4635
-17883
-4683
-18083
-4643
-18355
-4643
-18531
-4707
-18859
-4911
109
-4927
-27
-4875
-351
-4855
-579
-4831
-795
-4927
-1027
-4819
-1303
-4931
-1539
-4907
-1699
-4939
-2015
-4823
-2155
-4843
-2539
-4859
-2719
-4863
-2959
-4927
-3211
-4935
-3423
-4883
-3719
-4927
-3915
-4899
-4203
-4891
-4447
-4859
-4559
-4943
-4883
-4855
-5095
-4887
-5279
-4851
-5635
-4919
-5867
-4939
-6015
-4843
-6251
-4923
-6619
-4895
-6807
-4951
-7075
-4847
-7295
-4827
-7479
-4891
-7783
-4883
-7931
-4939
-8275
-4943
-8527
-4931
-8699
-4823
-8947
-4891
-9187
-4863
-9391
-4859
-9675
-4947
-9947
-4867
-10171
-4931
-10411
-4843
-10683
-4939
-10947
-4955
-11123
-4867
-11347
-4947
-11603
-4883
-11787
-4939
-12139
-4907
-12347
-4939
-12555
-4931
-12747
-4923
-12995
-4899
-13331
-4907
-13571
-4907
-13827
-4899
-13995
-4923
-14203
-4867
-14491
-4883
-14715
-4939
-14907
-4947
-15179
-4899
-15387
-4939
-15707
-4891
-15939
-4883
-16203
-4875
-16435
-4891
-16611
-4947
-16835
-4947
-17179
-4843
-17379
-4915
-17635
-4955
-17883
-4859
-18107
-4843
-18363
-4899
-18531
-4843
-18867
-5159
117
-5151
-119
-5139
-247
-5095
-603
-5147
-731
-5179
-1083
-5103
-1319
-5123
-1495
-5103
-1723
-5163
-2019
-5151
-2207
-5151
-2451
-5103
-2747
-5071
-2963
-5143
-3187
-5075
-3467
-5047
-3679
-5107
-3911
-5087
-4163
-5059
-4439
-5167
-4583
-5139
-4859
-5099
-5131
-5091
-5415
-5179
-5635
-5043
-5883
-5127
-6119
-5107
-6331
-5131
-6515
-5071
-6835
-5083
-7039
-5079
-7251
-5099
-7495
-5151
-7687
-5127
-8047
-5183
-8287
-5087
-8499
-5051
-8687
-5151
-9003
-5151
-9239
-5063
-9455
-5115
-9707
-5123
-9867
-5179
-10195
-5131
-10419
-5155
-10627
-5155
-10915
-5171
-11083
-5179
-11435
-5139
-11635
-5099
-11867
-5163
-12091
-5083
-12315
-5075
-12635
-5195
-12795
-5107
-12987
-5163
-13307
-5163
-13491
-5179
-13739
-5091
-13971
-5171
-14315
-5091
-14499
-5131
-14771
-5107
-14915
-5075
-15171
-5123
-15499
-5091
-15699
-5131
-15883
-5163
-16235
-5123
-16363
-5075
-16691
-5163
-16867
-5171
-17195
-5171
-17427
-5187
-17611
-5131
-17867
-5179
-18059
-5155
-18339
-5187
-18507
-5195
-18819
-5411
125
-5395
-19
-5379
-323
-5307
-507
-5355
-771
-5387
-1023
-5379
-1323
-5379
-1547
-5339
-1783
-5363
-1971
-5427
-2275
-5387
-2539
-5363
-2687
-5427
-3019
-5315
-3135
-5371
-3435
-5419
-3627
-5379
-3907
-5411
-4131
-5435
-4459
-5331
-4691
-5371
-4811
-5363
-5103
-5435
-5307
-5323
-5595
-5419
-5915
-5339
-6095
-5379
-6303
-5411
-6635
-5307
-6779
-5307
-7055
-5379
-7227
-5371
-7483
-5379
-7755
-5403
-8035
-5435
-8291
-5403
-8467
-5435
-8683
-5387
-9031
-5403
-9179
-5387
-9435
-5355
-9659
-5395
-9963
-5379
-10211
-5411
-10387
-5331
-10699
-5323
-10859
-5419
-11107
-5427
-11395
-5387
-11643
-5403
-11907
-5427
-12091
-5363
-12267
-5371
-12571
-5371
-12827
-5435
-12995
-5347
-13339
-5347
-13499
-5427
-13795
-5427
-14003
-5347
-14251
-5435
-14499
-5419
-14699
-5355
-14987
-5347
-15211
-5411
-15443
-5379
-15699
-5315
-15955
-5339
-16171
-5411
-16467
-5411
-16715
-5355
-16899
-5371
-17123
-5419
-17323
-5427
-17651
-5363
-17835
-5347
-18067
-5355
-18331
-5387
-18523
-5395
-18875
-5547
117
-5675
-139
-5635
-339
-5675
-571
-5587
-851
-5611
-1083
-5603
-1323
-5667
-1523
-5675
-1755
-5611
-1947
-5651
-2251
-5651
-2459
-5595
-2755
-5651
-2995
-5643
-3243
-5579
-3491
-5635
-3715
-5659
-3971
-5619
-4163
-5603
-4427
-5611
-4619
-5659
-4955
-5587
-5123
-5627
-5347
-5643
-5571
-5675
-5819
-5619
-6059
-5555
-6283
-5635
-6627
-5595
-6755
-5635
-7059
-5603
-7323
-5603
-7523
-5571
-7731
-5579
-8043
-5619
-8307
-5651
-8491
-5635
-8763
-5667
-8947
-5675
-9275
-5571
-9435
-5627
-9667
-5659
-9875
-5603
-10203
-5619
-10379
-5579
-10691
-5635
-10955
-5643
-11115
-5547
-11339
-5667
-11611
-5587
-11843
-5563
-12051
-5667
-12371
-5667
-12523
-5643
-12843
-5627
-13019
-5627
-13339
-5619
-13571
-5571
-13779
-5611
-13955
-5659
-14203
-5571
-14451
-5547
-14755
-5579
-15003
-5659
-15227
-5611
-15483
-5675
-15659
-5579
-15883
-5627
-16155
-5571
-16395
-5675
-16635
-5667
-16955
-5635
-17179
-5675
-17427
-5643
-17547
-5667
-17899
-5579
-18075
-5627
-18347
-5667
-18563
-5627
-18875
-5875
149
-5835
-123
-5811
-339
-5843
-547
-5843
-747
-5867
-1035
-5795
-1227
-5915
-1483
-5859
-1803
-5835
-2027
-5859
-2267
-5811
-2555
-5875
-2691
-5915
-2971
-5915
-3251
-5883
-3507
-5795
-3643
-5843
-3939
-5787
-4211
-5907
-4371
-5819
-4611
-5875
-4883
-5907
-5123
-5891
-5379
-5787
-5635
-5867
-5907
-5811
-6147
-5891
-6363
-5875
-6603
-5819
-6819
-5843
-7083
-5907
-7339
-5883
-7587
-5915
-7771
-5811
-8051
-5915
-8219
-5787
-8483
-5811
-8675
-5859
-9035
-5899
-9211
-5883
-9403
-5867
-9731
-5795
-9907
-5835
-10219
-5867
-10475
-5875
-10675
-5867
-10899
-5843
-11179
-5867
-11371
-5875
-11603
-5859
-11875
-5827
-12035
-5891
-12379
-5875
-12563
-5899
-12747
-5899
-13051
-5795
-13235
-5915
-13555
-5843
-13779
-5891
-13947
-5859
-14243
-5891
-14443
-5907
-14715
-5907
-15027
-5811
-15195
-5827
-15411
-5787
-15691
-5843
-15931
-5843
-16139
-5795
-16379
-5787
-16651
-5859
-16891
-5875
-17179
-5843
-17419
-5915
-17643
-5827
-17819
-5867
-18099
-5883
-18387
-5843
-18635
-5867
-18811
-6139
93
-6139
-123
-6147
-331
-6147
-619
-6155
-795
-6051
-1035
-6131
-1315
-6043
-1483
-6139
-1803
-6139
-2075
-6131
-2195
-6059
-2491
-6147
-2675
-6027
-3019
-6147
-3163
-6027
-3395
-6115
-3707
-6115
-3987
-6155
-4203
-6147
-4419
-6155
-4643
-6043
-4883
-6043
-5179
-6059
-5355
-6147
-5643
-6099
-5899
-6131
-6059
-6155
-6323
-6099
-6515
-6043
-6795
-6155
-7115
-6059
-7307
-6099
-7539
-6091
-7723
-6155
-8051
-6147
-8291
-6107
-8507
-6083
-8795
-6027
-8931
-6123
-9243
-6035
-9499
-6115
-9747
-6155
-9931
-6115
-10171
-6083
-10427
-6107
-10611
-6115
-10875
-6155
-11075
-6131
-11355
-6155
-11675
-6131
-11811
-6115
-12083
-6131
-12315
-6099
-12507
-6147
-12859
-6099
-13059
-6139
-13283
-6123
-13515
-6123
-13723
-6123
-14051
-6107
-14195
-6147
-14427
-6067
-14755
-6091
-14907
-6155
-15187
-6131
-15467
-6155
-15699
-6067
-15947
-6123
-16211
-6099
-16371
-6067
-16587
-6139
-16843
-6075
-17083
-6131
-17347
-6043
-17595
-6107
-17859
-6115
-18027
-6131
-18371
-6043
-18635
-6123
-18843
-6267
125
-6307
-67
-6379
-307
-6347
-539
-6323
-827
-6379
-1059
-6355
-1251
-6323
-1579
-6379
-1755
-6395
-2011
-6387
-2275
-6387
-2459
-6307
-2771
-6347
-2979
-6291
-3275
-6267
-3475
-6371
-3699
-6355
-3899
-6331
-4203
-6395
-4475
-6371
-4699
-6355
-4867
-6339
-5171
-6395
-5387
-6347
-5619
-6315
-5915
-6371
-6099
-6363
-6363
-6355
-6539
-6355
-6803
-6387
-7115
-6363
-7307
-6339
-7563
-6331
-7747
-6323
-7955
-6371
-8259
-6291
-8467
-6283
-8779
-6299
-8995
-6323
-9211
-6267
-9483
-6355
-9731
-6275
-9883
-6387
-10219
-6347
-10411
-6395
-10595
-6371
-10867
-6291
-11179
-6339
-11419
-6387
-11651
-6387
-11859
-6363
-12139
-6395
-12379
-6307
-12539
-6307
-12747
-6275
-13091
-6275
-13291
-6387
-13563
-6347
-13795
-6323
-14067
-6347
-14307
-6371
-14451
-6387
-14699
-6299
-14931
-6395
-15267
-6363
-15403
-6339
-15667
-6331
-15923
-6347
-16123
-6363
-16451
-6267
-16635
-6307
-16843
-6275
-17107
-6355
-17411
-6331
-17651
-6283
-17915
-6395
-18083
-6299
-18315
-6331
-18603
-6307
-18875
-6507
117
-6619
-67
-6595
-379
-6539
-635
-6563
-843
-6579
-987
-6595
-1299
-6635
-1467
-6619
-1723
-6635
-2059
-6523
-2235
-6539
-2427
-6539
-2675
-6627
-2915
-6627
-3267
-6555
-3395
-6619
-3747
-6627
-3867
-6635
-4131
-6531
-4459
-6563
-4643
-6611
-4915
-6595
-5099
-6627
-5403
-6555
-5547
-6595
-5907
-6587
-6123
-6611
-6315
-6603
-6579
-6635
-6875
-6555
-7067
-6619
-7307
-6595
-7595
-6627
-7771
-6595
-7995
-6595
-8203
-6603
-8507
-6555
-8691
-6523
-9035
-6619
-9147
-6627
-9427
-6539
-9635
-6563
-9995
-6619
-10115
-6507
-10403
-6603
-10667
-6603
-10899
-6627
-11163
-6611
-11315
-6587
-11595
-6579
-11851
-6603
-12075
-6611
-12299
-6515
-12515
-6619
-12787
-6595
-13027
-6627
-13291
-6627
-13475
-6635
-13715
-6555
-13947
-6531
-14219
-6627
-14491
-6635
-14771
-6635
-15027
-6619
-15259
-6579
-15451
-6531
-15667
-6579
-15947
-6579
-16235
-6579
-16379
-6579
-16683
-6619
-16875
-6515
-17067
-6587
-17427
-6635
-17579
-6635
-17899
-6619
-18115
-6635
-18331
-6627
-18635
-6507
-18875
-6811
85
-6755
-59
-6819
-355
-6835
-515
-6811
-859
-6843
-1043
-6827
-1299
-6859
-1531
-6859
-1755
-6859
-1971
-6851
-2211
-6851
-2547
-6835
-2675
-6755
-2963
-6763
-3187
-6755
-3491
-6867
-3739
-6819
-3987
-6851
-4139
-6843
-4467
-6875
-4627
-6851
-4939
-6755
-5187
-6803
-5387
-6867
-5579
-6747
-5915
-6859
-6091
-6859
-6275
-6851
-6555
-6867
-6811
-6795
-7075
-6875
-7267
-6795
-7475
-6787
-7787
-6843
-8035
-6875
-8283
-6859
-8475
-6851
-8755
-6867
-8923
-6875
-9195
-6875
-9419
-6843
-9739
-6859
-9875
-6859
-10163
-6851
-10443
-6827
-10635
-6875
-10955
-6851
-11099
-6835
-11307
-6827
-11619
-6851
-11827
-6875
-12091
-6851
-12395
-6851
-12619
-6779
-12859
-6851
-13067
-6867
-13315
-6827
-13571
-6803
-13723
-6795
-14035
-6811
-14211
-6875
-14515
-6875
-14675
-6843
-15003
-6843
-15251
-6835
-15491
-6779
-15699
-6795
-15979
-6763
-16203
-6843
-16475
-6851
-16707
-6875
-16899
-6867
-17147
-6843
-17419
-6795
-17603
-6875
-17843
-6819
-18075
-6811
-18387
-6875
-18579
-6875
-18827
-7115
85
-7115
-107
-7075
-291
-7043
-547
-7091
-859
-7003
-1091
-7011
-1243
-7059
-1523
-7067
-1827
-7043
-1955
-7067
-2307
-7043
-2467
-7035
-2787
-7075
-2947
-7003
-3187
-7043
-3499
-7027
-3659
-7075
-3947
-7099
-4139
-7107
-4427
-7075
-4635
-7107
-4883
-7035
-5155
-7019
-5363
-7099
-5643
-7003
-5819
-7067
-6115
-7075
-6291
-7091
-6595
-7043
-6811
-7027
-7011
-7011
-7275
-7091
-7571
-7099
-7819
-7115
-7995
-7083
-8227
-7107
-8443
-7115
-8787
-7115
-9003
-7091
-9267
-7003
-9467
-7043
-9667
-7003
-9923
-7099
-10235
-7051
-10451
-7115
-10691
-7019
-10947
-7011
-11067
-7003
-11427
-7107
-11595
-7091
-11883
-7035
-12099
-7027
-12379
-7115
-12555
-6987
-12803
-7115
-13019
-7035
-13243
-7067
-13491
-7019
-13731
-7011
-13963
-7067
-14195
-7027
-14467
-7051
-14683
-6987
-14955
-7115
-15163
-7107
-15411
-7083
-15635
-7011
-15931
-7107
-16211
-7067
-16403
-7035
-16595
-7083
-16835
-7099
-17155
-7003
-17395
-6995
-17587
-7019
-17811
-7091
-18083
-7027
-18283
-7107
-18555
-7083
-18859
-7331
93
-7299
-147
-7251
-315
-7267
-611
-7259
-843
-7307
-1099
-7331
-1355
-7291
-1579
-7299
-1755
-7259
-2035
-7331
-2227
-7323
-2459
-7283
-2731
-7315
-3035
-7339
-3251
-7331
-3395
-7347
-3715
-7347
-3995
-7267
-4211
-7243
-4363
-7355
-4675
-7331
-4915
-7275
-5131
-7291
-5419
-7307
-5611
-7323
-5819
-7339
-6035
-7315
-6267
-7339
-6555
-7307
-6875
-7347
-7051
-7355
-7339
-7283
-7491
-7291
-7739
-7331
-8035
-7355
-8195
-7347
-8459
-7339
-8707
-7323
-8923
-7251
-9147
-7275
-9435
-7355
-9691
-7339
-9995
-7307
-10203
-7323
-10467
-7291
-10635
-7347
-10955
-7323
-11115
-7267
-11395
-7267
-11667
-7331
-11915
-7347
-12091
-7243
-12371
-7307
-12595
-7251
-12827
-7275
-13107
-7347
-13227
-7339
-13531
-7291
-13755
-7283
-14075
-7355
-14299
-7267
-14515
-7323
-14739
-7259
-14915
-7307
-15251
-7259
-15499
-7315
-15675
-7275
-15963
-7339
-16163
-7339
-16411
-7331
-16707
-7267
-16955
-7259
-17091
-7275
-17339
-7315
-17627
-7323
-17843
-7235
-18051
-7339
-18331
-7339
-18619
-7251
-18827
-7571
117
-7579
-83
-7539
-291
-7563
-563
-7483
-803
-7523
-1107
-7547
-1275
-7555
-1595
-7571
-1723
-7563
-2003
-7579
-2187
-7475
-2523
-7539
-2675
-7483
-2947
-7531
-3219
-7571
-3507
-7595
-3627
-7547
-3987
-7587
-4219
-7555
-4347
-7555
-4683
-7587
-4891
-7579
-5075
-7483
-5387
-7515
-5571
-7515
-5915
-7515
-6131
-7499
-6291
-7547
-6531
-7547
-6851
-7595
-7019
-7571
-7235
-7595
-7547
-7595
-7795
-7563
-7947
-7531
-8275
-7555
-8523
-7539
-8787
-7579
-8907
-7587
-9171
-7579
-9507
-7563
-9707
-7587
-9915
-7531
-10123
-7571
-10427
-7579
-10595
-7539
-10867
-7499
-11139
-7579
-11427
-7571
-11675
-7539
-11787
-7531
-12107
-7587
-12323
-7587
-12531
-7563
-12787
-7467
-13115
-7587
-13267
-7579
-13531
-7523
-13747
-7539
-14043
-7587
-14243
-7579
-14475
-7515
-14747
-7555
-14923
-7531
-15251
-7531
-15483
-7491
-15627
-7539
-15955
-7467
-16219
-7475
-16355
-7539
-16619
-7587
-16843
-7507
-17187
-7483
-17307
-7539
-17619
-7587
-17811
-7467
-18139
-7579
-18339
-7499
-18595
-7571
-18819
-7827
149
-7803
-27
-7755
-363
-7827
-531
-7819
-803
-7787
-1051
-7771
-1315
-7827
-1499
-7803
-1715
-7771
-2075
-7819
-2219
-7763
-2459
-7811
-2747
-7787
-3027
-7819
-3211
-7795
-3387
-7827
-3755
-7771
-3899
-7715
-4163
-7795
-4459
-7771
-4659
-7819
-4907
-7819
-5107
-7723
-5435
-7795
-5667
-7787
-5803
-7819
-6139
-7755
-6291
-7795
-6531
-7827
-6787
-7811
-7035
-7819
-7331
-7739
-7475
-7811
-7707
-7739
-7971
-7787
-8187
-7795
-8515
-7707
-8771
-7827
-8995
-7747
-9211
-7827
-9475
-7707
-9635
-7803
-9867
-7763
-10155
-7803
-10371
-7747
-10587
-7755
-10947
-7755
-11123
-7835
-11339
-7771
-11627
-7731
-11787
-7835
-12155
-7827
-12339
-7811
-12547
-7763
-12851
-7827
-13043
-7811
-13315
-7715
-13587
-7755
-13763
-7787
-14075
-7835
-14195
-7811
-14499
-7715
-14683
-7827
-15035
-7819
-15235
-7835
-15515
-7747
-15691
-7707
-15955
-7835
-16211
-7811
-16435
-7763
-16675
-7795
-16907
-7763
-17115
-7771
-17331
-7835
-17635
-7827
-17851
-7723
-18075
-7795
-18387
-7739
-18611
-7795
-18827
-8059
141
-8075
-123
-7955
-267
-7963
-619
-8075
-763
-8059
-1099
-7987
-1315
-8019
-1523
-7987
-1835
-7979
-1987
-8011
-2195
-7955
-2499
-7995
-2795
-7979
-2995
-8035
-3259
-7963
-3459
-8019
-3675
-7979
-3907
-8075
-4195
-8067
-4347
-7979
-4683
-8067
-4955
-7971
-5075
-7947
-5403
-7955
-5611
-8075
-5835
-8059
-6139
-8027
-6299
-7995
-6515
-8059
-6843
-8043
-7019
-7955
-7251
-8075
-7571
-8075
-7803
-7955
-8067
-8043
-8299
-8043
-8427
-8035
-8795
-8035
-8963
-8067
-9275
-7947
-9515
-7971
-9643
-8075
-9883
-8067
-10123
-8051
-10459
-8043
-10603
-8067
-10867
-8067
-11171
-8027
-11315
-7971
-11563
-8011
-11899
-8019
-12131
-8035
-12283
-8003
-12507
-8043
-12835
-8003
-13083
-7963
-13267
-8035
-13579
-7963
-13827
-8051
-13947
-7979
-14275
-8027
-14515
-8011
-14739
-8043
-15011
-7971
-15211
-7947
-15419
-8059
-15755
-8043
-15947
-8035
-16235
-8067
-16475
-8067
-16611
-8035
-16923
-8067
-17171
-8059
-17379
-7955
-17651
-8075
-17787
-8019
-18107
-8003
-18387
-8011
-18507
-8019
-18875
-8227
141
-8291
-51
-8307
-379
-8283
-587
-8243
-763
-8187
-1107
-8267
-1251
-8315
-1499
-8315
-1779
-8259
-1979
-8203
-2219
-8267
-2483
-8307
-2707
-8251
-3011
-8275
-3267
-8307
-3427
-8267
-3723
-8291
-3947
-8299
-4115
-8307
-4395
-8235
-4587
-8299
-4883
-8195
-5107
-8315
-5355
-8291
-5555
-8307
-5851
-8219
-6035
-8299
-6363
-8283
-6579
-8283
-6819
-8299
-7091
-8243
-7323
-8211
-7507
-8307
-7795
-8315
-8019
-8211
-8267
-8259
-8547
-8315
-8763
-8283
-9027
-8299
-9243
-8315
-9491
-8235
-9627
-8203
-9971
-8291
-10163
-8283
-10347
-8235
-10587
-8283
-10931
-8275
-11067
-8315
-11323
-8283
-11627
-8315
-11843
-8235
-12155
-8275
-12371
-8307
-12587
-8283
-12835
-8187
-13051
-8203
-13227
-8211
-13515
-8235
-13755
-8307
-13971
-8307
-14195
-8251
-14435
-8307
-14787
-8267
-15035
-8251
-15163
-8227
-15515
-8299
-15731
-8219
-15939
-8227
-16179
-8275
-16467
-8315
-16611
-8227
-16875
-8283
-17147
-8219
-17387
-8195
-17635
-8299
-17891
-8315
-18027
-8283
-18347
-8259
-18627
-8251
-18835
-8539
149
-8515
-131
-8467
-275
-8531
-515
-8555
-867
-8515
-1091
-8515
-1259
-8507
-1587
-8499
-1819
-8547
-2051
-8435
-2251
-8451
-2523
-8467
-2699
-8491
-2979
-8539
-3195
-8499
-3419
-8547
-3747
-8547
-3915
-8531
-4227
-8531
-4387
-8499
-4651
-8531
-4915
-8467
-5179
-8555
-5379
-8555
-5555
-8539
-5819
-8531
-6147
-8555
-6275
-8555
-6635
-8547
-6811
-8555
-7035
-8483
-7307
-8475
-7579
-8507
-7795
-8515
-8067
-8499
-8299
-8507
-8547
-8475
-8683
-8507
-8915
-8467
-9251
-8539
-9387
-8539
-9739
-8547
-9963
-8435
-10147
-8547
-10379
-8531
-10603
-8467
-10875
-8555
-11187
-8539
-11307
-8483
-11595
-8459
-11859
-8531
-12131
-8515
-12355
-8515
-12555
-8451
-12811
-8515
-13027
-8443
-13355
-8451
-13579
-8539
-13827
-8427
-13955
-8459
-14315
-8427
-14547
-8475
-14787
-8483
-15003
-8515
-15171
-8515
-15411
-8555
-15755
-8459
-15971
-8531
-16171
-8499
-16467
-8467
-16683
-8515
-16859
-8507
-17195
-8475
-17403
-8499
-17675
-8483
-17835
-8491
-18035
-8547
-18379
-8507
-18507
-8539
-18843
-8779
85
-8723
-107
-8699
-299
-8779
-619
-8707
-811
-8787
-1091
-8779
-1339
-8731
-1555
-8707
-1763
-8723
-2059
-8683
-2259
-8667
-2475
-8699
-2763
-8707
-2971
-8771
-3243
-8787
-3467
-8755
-3651
-8739
-3987
-8707
-4227
-8723
-4427
-8675
-4683
-8763
-4891
-8723
-5147
-8715
-5403
-8739
-5563
-8715
-5851
-8763
-6051
-8795
-6291
-8683
-6603
-8731
-6811
-8763
-7027
-8691
-7283
-8683
-7515
-8779
-7811
-8779
-8051
-8787
-8299
-8787
-8435
-8723
-8755
-8683
-8907
-8779
-9251
-8707
-9491
-8715
-9691
-8723
-9987
-8707
-10147
-8779
-10363
-8667
-10707
-8755
-10859
-8723
-11115
-8787
-11371
-8707
-11651
-8691
-11819
-8683
-12139
-8715
-12379
-8779
-12523
-8779
-12843
-8667
-13091
-8779
-13307
-8723
-13579
-8763
-13811
-8787
-13987
-8723
-14315
-8675
-14475
-8707
-14755
-8707
-14971
-8755
-15147
-8707
-15515
-8667
-15627
-8739
-15963
-8795
-16131
-8779
-16459
-8779
-16603
-8707
-16867
-8779
-17123
-8755
-17339
-8771
-17659
-8779
-17819
-8779
-18027
-8787
-18395
-8675
-18627
-8763
-18835
-9019
117
-8923
-83
-8971
-283
-8931
-571
-9027
-811
-9027
-1075
-9003
-1307
-8955
-1539
-8995
-1787
-9027
-1955
-9003
-2267
-9003
-2523
-9027
-2699
-8971
-2931
-8955
-3179
-8979
-3443
-8923
-3715
-8923
-3947
-9011
-4131
-9035
-4459
-9011
-4635
-8995
-4827
-8971
-5195
-9011
-5355
-8955
-5611
-9035
-5915
-8907
-6091
-8939
-6379
-8907
-6555
-8995
-6843
-8955
-7043
-8931
-7235
-8955
-7483
-9019
-7803
-9027
-7987
-8987
-8219
-8971
-8475
-8963
-8739
-9019
-9019
-8963
-9187
-9011
-9507
-8915
-9651
-9035
-9931
-9003
-10171
-8907
-10387
-9019
-10683
-8995
-10843
-8947
-11131
-9019
-11331
-9011
-11563
-9003
-11899
-8979
-12043
-8979
-12299
-8979
-12515
-8915
-12867
-8963
-13027
-9035
-13267
-8931
-13547
-8923
-13811
-9019
-14051
-9003
-14211
-8955
-14483
-9011
-14771
-8995
-14979
-8963
-15227
-8947
-15499
-8947
-15715
-8987
-15907
-9011
-16147
-8947
-16475
-8971
-16715
-9011
-16859
-8923
-17083
-8979
-17331
-9011
-17643
-8939
-17859
-9011
-18075
-8915
-18371
-8931
-18563
-8907
-18867
-9267
149
-9179
-131
-9179
-371
-9259
-619
-9211
-843
-9227
-1075
-9251
-1227
-9147
-1483
-9211
-1827
-9219
-1963
-9195
-2187
-9243
-2547
-9195
-2747
-9219
-2931
-9187
-3259
-9259
-3395
-9203
-3659
-9227
-3963
-9179
-4171
-9171
-4347
-9243
-4619
-9275
-4835
-9203
-5107
-9227
-5435
-9259
-5659
-9179
-5835
-9227
-6123
-9219
-6267
-9235
-6547
-9275
-6795
-9243
-7019
-9267
-7299
-9195
-7483
-9147
-7755
-9219
-7979
-9251
-8195
-9195
-8483
-9235
-8779
-9243
-8931
-9211
-9163
-9259
-9395
-9195
-9699
-9275
-9971
-9155
-10203
-9171
-10355
-9267
-10619
-9235
-10915
-9243
-11131
-9219
-11419
-9275
-11651
-9267
-11835
-9179
-12115
-9259
-12347
-9275
-12547
-9275
-12835
-9251
-13027
-9275
-13235
-9267
-13531
-9275
-13747
-9259
-14011
-9267
-14243
-9235
-14539
-9203
-14787
-9235
-14923
-9219
-15219
-9275
-15443
-9275
-15691
-9211
-15995
-9219
-16163
-9163
-16475
-9171
-16627
-9227
-16907
-9259
-17147
-9275
-17411
-9267
-17635
-9187
-17795
-9187
-18099
-9211
-18299
-9203
-18515
-9251
-18867
-9411
85
-9491
-59
-9483
-267
-9419
-515
-9467
-827
-9499
-1099
-9515
-1267
-9515
-1587
-9467
-1723
-9507
-2011
-9451
-2283
-9443
-2507
-9411
-2795
-9483
-2923
-9403
-3155
-9507
-3427
-9467
-3667
-9467
-3883
-9491
-4163
-9435
-4451
-9443
-4691
-9387
-4947
-9451
-5107
-9435
-5435
-9515
-5667
-9427
-5891
-9491
-6131
-9443
-6363
-9395
-6531
-9483
-6827
-9491
-7067
-9459
-7243
-9491
-7595
-9483
-7787
-9395
-7947
-9491
-8291
-9491
-8475
-9451
-8675
-9443
-8939
-9467
-9227
-9387
-9507
-9515
-9667
-9467
-9875
-9411
-10131
-9435
-10411
-9403
-10595
-9499
-10931
-9443
-11123
-9491
-11403
-9475
-11627
-9443
-11891
-9483
-12083
-9467
-12283
-9443
-12627
-9403
-12803
-9483
-13091
-9459
-13251
-9451
-13539
-9499
-13811
-9491
-14043
-9459
-14299
-9459
-14467
-9387
-14787
-9475
-15019
-9427
-15171
-9467
-15435
-9515
-15643
-9475
-15955
-9443
-16187
-9467
-16371
-9507
-16635
-9499
-16883
-9499
-17067
-9499
-17315
-9451
-17651
-9419
-17851
-9411
-18059
-9515
-18363
-9507
-18523
-9483
-18827
-9707
109
-9667
-27
-9731
-267
-9651
-547
-9747
-763
-9675
-1051
-9699
-1331
-9635
-1547
-9723
-1803
-9691
-2043
-9739
-2307
-9715
-2483
-9683
-2755
-9707
-2939
-9667
-3155
-9731
-3419
-9747
-3635
-9627
-3891
-9699
-4155
-9683
-4451
-9643
-4659
-9627
-4827
-9723
-5131
-9715
-5395
-9675
-5659
-9739
-5827
-9731
-6139
-9651
-6275
-9723
-6563
-9731
-6795
-9747
-7059
-9667
-7243
-9699
-7547
-9699
-7803
-9707
-8075
-9739
-8219
-9739
-8531
-9643
-8779
-9667
-8907
-9707
-9171
-9683
-9451
-9707
-9755
-9715
-9867
-9691
-10187
-9755
-10379
-9651
-10667
-9723
-10931
-9659
-11163
-9675
-11387
-9651
-11603
-9683
-11787
-9643
-12115
-9643
-12299
-9643
-12579
-9739
-12779
-9723
-13035
-9635
-13315
-9755
-13539
-9651
-13747
-9755
-14075
-9755
-14307
-9667
-14515
-9691
-14763
-9667
-15003
-9699
-15275
-9683
-15459
-9683
-15627
-9739
-15931
-9731
-16115
-9643
-16387
-9739
-16651
-9731
-16891
-9755
-17075
-9651
-17371
-9747
-17603
-9755
-17907
-9699
-18051
-9755
-18267
-9699
-18627
-9635
-18811
-9923
117
-9963
-123
-9923
-323
-9915
-611
-9867
-843
-9955
-1075
-9947
-1283
-9971
-1579
-9995
-1811
-9995
-2027
-9915
-2195
-9939
-2483
-9971
-2779
-9891
-3011
-9979
-3211
-9971
-3475
-9939
-3635
-9987
-3867
-9955
-4163
-9907
-4427
-9875
-4627
-9995
-4827
-9939
-5147
-9947
-5331
-9987
-5563
-9987
-5867
-9987
-6099
-9899
-6331
-9947
-6539
-9971
-6819
-9915
-7091
-9907
-7331
-9883
-7587
-9915
-7803
-9979
-7979
-9907
-8283
-9995
-8467
-9931
-8787
-9883
-9011
-9995
-9251
-9955
-9515
-9963
-9707
-9915
-9931
-9915
-10163
-9867
-10403
-9963
-10611
-9979
-10915
-9899
-11075
-9891
-11395
-9939
-11595
-9987
-11835
-9923
-12027
-9867
-12275
-9883
-12619
-9915
-12803
-9899
-13091
-9955
-13315
-9979
-13499
-9979
-13795
-9875
-13995
-9955
-14315
-9987
-14499
-9947
-14755
-9867
-14971
-9939
-15155
-9955
-15443
-9979
-15739
-9955
-15923
-9915
-16235
-9955
-16451
-9979
-16707
-9987
-16955
-9987
-17187
-9995
-17395
-9931
-17595
-9923
-17891
-9955
-18091
-9907
-18299
-9995
-18547
-9987
-18859
-10179
93
-10179
-67
-10227
-291
-10195
-547
-10195
-771
-10227
-1051
-10187
-1275
-10187
-1515
-10155
-1715
-10155
-2027
-10203
-2259
-10235
-2427
-10131
-2723
-10235
-2995
-10235
-3155
-10163
-3451
-10211
-3707
-10211
-3875
-10147
-4163
-10227
-4435
-10171
-4595
-10219
-4867
-10123
-5195
-10195
-5419
-10211
-5619
-10163
-5907
-10195
-6043
-10123
-6371
-10195
-6563
-10123
-6779
-10227
-7107
-10203
-7291
-10211
-7547
-10211
-7787
-10235
-8019
-10235
-8275
-10203
-8507
-10203
-8715
-10227
-9027
-10235
-9219
-10171
-9427
-10187
-9651
-10203
-9867
-10235
-10147
-10219
-10459
-10219
-10683
-10203
-10955
-10171
-11155
-10195
-11363
-10235
-11627
-10235
-11867
-10139
-12035
-10171
-12323
-10155
-12587
-10131
-12787
-10139
-13059
-10147
-13331
-10155
-13467
-10155
-13747
-10227
-13987
-10211
-14251
-10171
-14483
-10203
-14675
-10211
-14987
-10123
-15155
-10195
-15403
-10163
-15691
-10187
-15923
-10195
-16123
-10203
-16419
-10147
-16619
-10107
-16883
-10187
-17067
-10219
-17331
-10195
-17659
-10163
-17859
-10131
-18123
-10195
-18339
-10203
-18555
-10203
-18851
-10435
133
-10459
-27
-10475
-379
-10475
-603
-10459
-787
-10427
-1011
-10475
-1347
-10475
-1531
-10475
-1811
-10443
-1995
-10427
-2251
-10459
-2443
-10411
-2771
-10443
-2931
-10411
-3235
-10459
-3483
-10475
-3739
-10467
-3891
-10459
-4211
-10419
-4451
-10459
-4691
-10475
-4923
-10467
-5131
-10419
-5347
-10419
-5643
-10411
-5787
-10411
-6099
-10475
-6331
-10475
-6523
-10443
-6755
-10467
-7051
-10475
-7227
-10435
-7483
-10443
-7763
-10427
-8051
-10467
-8275
-10459
-8555
-10467
-8739
-10419
-8939
-10419
-9203
-10443
-9451
-10451
-9683
-10475
-9963
-10475
-10139
-10467
-10379
-10419
-10707
-10451
-10867
-10467
-11155
-10443
-11379
-10459
-11571
-10467
-11787
-10451
-12147
-10467
-12379
-10419
-12555
-10451
-12843
-10459
-13083
-10435
-13299
-10419
-13515
-10451
-13707
-10419
-14075
-10427
-14195
-10435
-14547
-10411
-14739
-10467
-15011
-10443
-15251
-10451
-15387
-10475
-15699
-10475
-15979
-10435
-16115
-10459
-16355
-10411
-16659
-10459
-16867
-10451
-17091
-10443
-17307
-10451
-17587
-10459
-17787
-10411
-18035
-10411
-18363
-10451
-18531
-10435
-18859
