96
617
178
-144
490
-241
177
-494
185
-765
319
-1071
183
-1270
494
-1527
327
-1804
520
-1979
617
-2270
101
-2529
165
-2757
379
-2925
279
-3171
189
-3459
135
-3659
85
-3861
205
-4213
147
-4427
215
-4627
85
-4907
141
-5063
141
-5299
109
-5639
93
-5787
109
-6087
101
-6327
133
-6595
117
-6819
101
-7019
133
-7215
125
-7571
85
-7719
149
-8023
149
-8223
109
-8419
117
-8747
149
-8975
117
-9191
101
-9427
117
-9699
101
-9931
141
-10139
109
-10347
93
-10691
117
-10947
101
-11171
125
-11403
149
-11619
85
-11891
125
-12147
101
-12395
93
-12595
125
-12755
141
-13075
101
-13299
125
-13523
141
-13811
93
-14075
93
-14203
133
-14539
109
-14667
85
-15011
149
-15235
101
-15443
125
-15747
125
-15971
85
-16203
117
-16419
85
-16651
149
-16843
109
-17083
133
-17403
93
-17571
149
-17787
93
-18131
93
-18307
93
-18539
125
-18835
-39
388
-49
-11
-54
-275
-117
-566
-127
-847
-28
-960
-106
-1330
-54
-1499
-40
-1720
-35
-2033
-119
-2297
-49
-2419
-69
-2761
-3
-2909
-47
-3187
-123
-3465
-83
-3647
-107
-3983
-115
-4157
-83
-4369
-113
-4601
-135
-4827
-27
-5131
-127
-5331
-103
-5587
-63
-5851
-95
-6123
-67
-6311
-111
-6547
-75
-6867
-59
-7067
-71
-7319
-127
-7459
-111
-7691
-35
-8007
-71
-8291
-115
-8467
-143
-8679
-83
-9023
-11
-9207
-107
-9507
-155
-9683
-83
-9947
-107
-10107
-139
-10379
-83
-10627
-139
-10923
-131
-11195
-123
-11435
-155
-11603
-155
-11875
-155
-12139
-155
-12283
-155
-12523
-35
-12859
-123
-12995
-91
-13283
-139
-13507
-99
-13771
-147
-13979
-75
-14275
-147
-14499
-147
-14707
-139
-14915
-51
-15275
-99
-15499
-51
-15731
-35
-15979
-155
-16147
-99
-16395
-107
-16691
-75
-16915
-99
-17163
-131
-17395
-83
-17603
-83
-17835
-115
-18115
-147
-18347
-99
-18555
-75
-18843
-331
999
-270
-147
-327
-321
-360
-587
-339
-757
-360
-1066
-326
-1256
-329
-1501
-343
-1807
-347
-1941
-370
-2195
-363
-2473
-367
-2699
-285
-2973
-381
-3131
-379
-3421
-361
-3663
-375
-3857
-271
-4175
-371
-4361
-263
-4581
-287
-4895
-343
-5107
-299
-5371
-383
-5671
-363
-5875
-391
-6031
-343
-6271
-395
-6615
-323
-6795
-319
-7019
-327
-7263
-383
-7511
-367
-7723
-347
-8015
-355
-8171
-319
-8499
-279
-8715
-323
-8947
-267
-9139
-379
-9447
-355
-9755
-371
-9915
-355
-10227
-387
-10347
-339
-10587
-315
-10883
-331
-11155
-379
-11395
-387
-11563
-387
-11859
-347
-12115
-323
-12331
-339
-12587
-395
-12843
-355
-13099
-331
-13283
-387
-13531
-355
-13795
-371
-14043
-315
-14243
-339
-14499
-291
-14723
-371
-14931
-347
-15259
-371
-15395
-283
-15659
-347
-15955
-331
-16155
-379
-16363
-291
-16675
-395
-16883
-307
-17131
-387
-17307
-307
-17619
-275
-17859
-323
-18083
-371
-18339
-267
-18563
-347
-18875
-603
1232
-601
-23
-581
-315
-530
-503
-581
-771
-558
-1073
-613
-1243
-609
-1583
-614
-1743
-597
-2033
-575
-2250
-539
-2459
-557
-2667
-595
-3001
-517
-3171
-553
-3369
-521
-3703
-547
-3855
-569
-4187
-613
-4443
-535
-4623
-567
-4911
-491
-5187
-547
-5347
-559
-5591
-547
-5867
-611
-6131
-555
-6243
-515
-6483
-583
-6831
-519
-7007
-587
-7291
-595
-7587
-615
-7719
-575
-8047
-555
-8207
-551
-8527
-527
-8711
-599
-9015
-547
-9203
-615
-9407
-635
-9667
-627
-9899
-571
-10107
-555
-10427
-603
-10675
-611
-10947
-627
-11107
-563
-11347
-571
-11579
-611
-11843
-619
-12099
-539
-12323
-587
-12579
-627
-12771
-587
-13099
-571
-13243
-619
-13483
-619
-13707
-523
-13963
-635
-14211
-619
-14435
-531
-14707
-603
-14939
-555
-15179
-523
-15427
-595
-15627
-563
-15923
-603
-16195
-507
-16419
-587
-16691
-619
-16827
-507
-17147
-539
-17427
-595
-17635
-507
-17819
-555
-18091
-571
-18299
-587
-18579
-627
-18827
-755
2303
-843
-97
-764
-347
-818
-488
-776
-764
-775
-977
-806
-1282
-862
-1504
-765
-1817
-745
-1949
-827
-2224
-755
-2419
-755
-2763
-745
-2921
-741
-3243
-787
-3463
-795
-3679
-729
-3955
-803
-4099
-737
-4335
-785
-4667
-827
-4839
-803
-5107
-739
-5319
-775
-5527
-835
-5903
-723
-6051
-739
-6243
-851
-6551
-795
-6839
-803
-7091
-795
-7223
-851
-7527
-867
-7679
-751
-7971
-751
-8215
-819
-8427
-843
-8735
-799
-8939
-775
-9155
-851
-9499
-747
-9707
-835
-9907
-867
-10107
-843
-10363
-875
-10611
-835
-10931
-867
-11075
-851
-11315
-875
-11667
-867
-11819
-859
-12059
-867
-12339
-803
-12555
-875
-12771
-843
-13107
-819
-13275
-827
-13579
-827
-13787
-835
-14003
-787
-14187
-843
-14539
-875
-14763
-811
-14979
-827
-15195
-835
-15451
-747
-15739
-843
-15963
-843
-16115
-779
-16435
-811
-16691
-859
-16867
-819
-17123
-811
-17387
-771
-17627
-819
-17811
-875
-18083
-827
-18307
-747
-18547
-851
-18875
-1011
825
-1031
-17
-1069
-351
-1021
-549
-1025
-787
-1091
-1055
-1065
-1196
-1067
-1447
-1037
-1735
-1087
-1955
-1046
-2166
-1073
-2497
-999
-2715
-987
-2957
-953
-3219
-1075
-3423
-979
-3707
-987
-3871
-989
-4217
-963
-4387
-1047
-4599
-1019
-4883
-1067
-5087
-1091
-5339
-1023
-5615
-1071
-5867
-1039
-6091
-987
-6263
-1003
-6615
-1067
-6823
-1015
-7015
-995
-7323
-987
-7555
-1051
-7751
-1047
-7987
-1015
-8235
-1043
-8483
-1115
-8779
-1019
-8979
-1051
-9239
-1039
-9403
-1091
-9675
-1035
-9931
-1011
-10203
-1107
-10395
-1115
-10715
-1107
-10955
-1099
-11123
-1075
-11339
-987
-11651
-1083
-11899
-1091
-12139
-1107
-12395
-1027
-12603
-1091
-12851
-1083
-12995
-1035
-13331
-1083
-13571
-1051
-13739
-1075
-13995
-1027
-14243
-1003
-14475
-1059
-14683
-1115
-15003
-1107
-15187
-1011
-15443
-1091
-15731
-1059
-15939
-1059
-16123
-1075
-16475
-1099
-16603
-1075
-16899
-1051
-17195
-1051
-17315
-1107
-17555
-1107
-17787
-987
-18099
-1043
-18291
-1059
-18635
-1075
-18819
-1259
845
-1195
-57
-1333
-337
-1329
-581
-1311
-803
-1347
-993
-1245
-1301
-1305
-1549
-1337
-1717
-1303
-2007
-1327
-2275
-1319
-2425
-1215
-2679
-1345
-3025
-1267
-3219
-1279
-3393
-1231
-3731
-1239
-3873
-1253
-4113
-1291
-4407
-1333
-4563
-1227
-4887
-1231
-5087
-1235
-5355
-1307
-5595
-1307
-5791
-1315
-6099
-1219
-6271
-1343
-6503
-1271
-6855
-1283
-7095
-1259
-7283
-1219
-7475
-1231
-7723
-1339
-8047
-1255
-8179
-1235
-8435
-1291
-8783
-1279
-8915
-1307
-9207
-1227
-9407
-1331
-9731
-1315
-9939
-1331
-10139
-1235
-10427
-1291
-10659
-1307
-10939
-1323
-11171
-1243
-11395
-1315
-11547
-1259
-11891
-1299
-12083
-1331
-12307
-1339
-12611
-1339
-12763
-1243
-13083
-1243
-13355
-1243
-13467
-1267
-13723
-1355
-13963
-1227
-14211
-1355
-14507
-1275
-14755
-1355
-14931
-1259
-15259
-1323
-15475
-1227
-15731
-1339
-15963
-1331
-16227
-1267
-16403
-1339
-16691
-1331
-16827
-1315
-17171
-1235
-17379
-1323
-17643
-1267
-17827
-1355
-18107
-1283
-18331
-1339
-18563
-1267
-18843
-1531
531
-1559
-135
-1593
-389
-1539
-571
-1531
-839
-1575
-999
-1581
-1229
-1543
-1571
-1481
-1773
-1523
-1993
-1493
-2219
-1579
-2531
-1487
-2795
-1549
-2943
-1531
-3163
-1465
-3423
-1583
-3721
-1559
-3931
-1481
-4109
-1487
-4401
-1475
-4591
-1531
-4831
-1491
-5119
-1515
-5391
-1587
-5527
-1511
-5883
-1507
-6119
-1491
-6355
-1495
-6595
-1547
-6851
-1507
-7019
-1527
-7211
-1587
-7459
-1523
-7719
-1503
-7967
-1567
-8271
-1555
-8503
-1555
-8795
-1575
-8971
-1567
-9251
-1539
-9499
-1467
-9755
-1491
-9915
-1547
-10195
-1555
-10443
-1555
-10691
-1579
-10955
-1531
-11115
-1571
-11387
-1483
-11595
-1555
-11875
-1587
-12131
-1563
-12339
-1571
-12515
-1539
-12851
-1595
-13107
-1571
-13243
-1563
-13515
-1587
-13827
-1547
-13971
-1555
-14315
-1595
-14531
-1579
-14723
-1499
-14939
-1539
-15187
-1579
-15435
-1507
-15755
-1587
-15947
-1539
-16115
-1499
-16459
-1523
-16691
-1515
-16923
-1595
-17139
-1587
-17387
-1499
-17643
-1563
-17899
-1499
-18051
-1579
-18307
-1571
-18579
-1507
-18811
-1747
1213
-1757
-145
-1763
-293
-1747
-483
-1731
-805
-1711
-1103
-1773
-1229
-1741
-1537
-1817
-1683
-1755
-2007
-1829
-2205
-1683
-2519
-1825
-2673
-1723
-2913
-1807
-3179
-1725
-3403
-1789
-3685
-1729
-3883
-1727
-4211
-1749
-4393
-1767
-4603
-1779
-4855
-1751
-5187
-1735
-5399
-1807
-5547
-1823
-5827
-1747
-6051
-1819
-6315
-1827
-6539
-1735
-6767
-1755
-7027
-1787
-7299
-1735
-7483
-1807
-7799
-1723
-7963
-1771
-8227
-1791
-8519
-1695
-8695
-1815
-8911
-1731
-9231
-1735
-9467
-1795
-9707
-1787
-9931
-1731
-10147
-1803
-10387
-1779
-10683
-1763
-10883
-1763
-11139
-1803
-11427
-1747
-11651
-1771
-11899
-1739
-12059
-1771
-12379
-1811
-12595
-1819
-12795
-1715
-13019
-1771
-13355
-1827
-13499
-1835
-13707
-1819
-14003
-1819
-14227
-1811
-14523
-1715
-14691
-1715
-14907
-1763
-15251
-1739
-15499
-1811
-15747
-1795
-15899
-1763
-16163
-1755
-16435
-1723
-16715
-1811
-16859
-1779
-17147
-1835
-17411
-1795
-17643
-1723
-17891
-1827
-18043
-1795
-18395
-1779
-18627
-1787
-18851
-1951
713
-1953
-1
-1967
-271
-1921
-561
-2015
-771
-2037
-959
-1999
-1323
-2039
-1487
-2003
-1723
-2059
-2011
-1999
-2231
-2005
-2535
-1957
-2747
-2033
-3035
-1929
-3179
-2059
-3417
-2053
-3609
-2045
-3939
-1955
-4147
-2033
-4351
-1943
-4663
-2051
-4883
-1963
-5099
-1943
-5363
-2039
-5543
-1935
-5843
-1939
-6127
-2015
-6307
-2007
-6619
-1947
-6747
-1995
-7047
-2003
-7291
-2007
-7531
-2067
-7811
-1923
-7959
-2007
-8187
-2051
-8431
-1971
-8739
-2051
-8959
-2027
-9139
-1999
-9379
-2019
-9627
-2059
-9883
-2003
-10139
-2067
-10475
-2019
-10707
-2003
-10867
-2027
-11115
-1979
-11347
-2059
-11579
-2067
-11819
-2019
-12091
-2019
-12283
-1979
-12611
-2035
-12811
-2075
-13091
-2043
-13307
-2067
-13579
-1971
-13811
-2003
-14035
-1963
-14243
-2035
-14507
-1995
-14779
-2035
-14955
-2003
-15187
-2035
-15403
-1979
-15635
-2075
-15979
-2067
-16107
-2051
-16443
-2051
-16619
-1987
-16931
-2011
-17123
-1971
-17435
-2075
-17555
-2019
-17859
-2027
-18107
-2019
-18347
-2011
-18539
-1971
-18875
-2219
539
-2159
-23
-2227
-381
-2195
-515
-2179
-793
-2261
-973
-2259
-1307
-2263
-1561
-2205
-1695
-2177
-1969
-2295
-2191
-2191
-2495
-2203
-2729
-2207
-2935
-2199
-3211
-2271
-3383
-2219
-3685
-2193
-3927
-2217
-4191
-2251
-4387
-2217
-4681
-2247
-4875
-2299
-5035
-2271
-5379
-2247
-5619
-2219
-5879
-2263
-6015
-2291
-6379
-2303
-6503
-2279
-6767
-2287
-7043
-2219
-7279
-2207
-7555
-2235
-7771
-2251
-8047
-2179
-8219
-2203
-8523
-2275
-8707
-2215
-8923
-2155
-9243
-2275
-9415
-2299
-9627
-2275
-9963
-2291
-10179
-2283
-10419
-2315
-10675
-2283
-10915
-2315
-11091
-2299
-11307
-2275
-11547
-2267
-11907
-2283
-12107
-2299
-12267
-2307
-12587
-2275
-12771
-2259
-13067
-2259
-13283
-2211
-13499
-2243
-13835
-2243
-13963
-2291
-14219
-2235
-14523
-2307
-14699
-2243
-14955
-2267
-15227
-2275
-15459
-2251
-15739
-2307
-15931
-2283
-16227
-2243
-16363
-2307
-16651
-2275
-16875
-2275
-17067
-2243
-17315
-2259
-17675
-2291
-17875
-2187
-18075
-2291
-18379
-2195
-18555
-2211
-18875
-2495
227
-2521
-39
-2529
-315
-2519
-603
-2461
-787
-2509
-1091
-2463
-1299
-2523
-1587
-2479
-1683
-2507
-1921
-2425
-2291
-2535
-2425
-2483
-2729
-2541
-2961
-2531
-3235
-2511
-3361
-2551
-3739
-2515
-3859
-2541
-4187
-2483
-4415
-2523
-4699
-2507
-4919
-2507
-5103
-2503
-5347
-2503
-5643
-2511
-5795
-2447
-6087
-2463
-6351
-2535
-6515
-2531
-6787
-2523
-6971
-2455
-7315
-2435
-7539
-2459
-7727
-2455
-7935
-2531
-8187
-2443
-8431
-2495
-8759
-2475
-8971
-2471
-9259
-2427
-9367
-2531
-9731
-2531
-9891
-2467
-10203
-2547
-10411
-2483
-10611
-2443
-10883
-2539
-11115
-2515
-11371
-2555
-11603
-2427
-11891
-2523
-12067
-2539
-12267
-2515
-12507
-2555
-12835
-2547
-13051
-2539
-13307
-2499
-13507
-2523
-13755
-2491
-13955
-2523
-14203
-2523
-14555
-2475
-14747
-2483
-15011
-2547
-15219
-2539
-15475
-2467
-15675
-2499
-15995
-2555
-16131
-2555
-16347
-2459
-16675
-2451
-16859
-2555
-17115
-2555
-17323
-2475
-17547
-2555
-17819
-2555
-18123
-2555
-18275
-2531
-18507
-2451
-18835
-2735
125
-2679
-117
-2747
-279
-2763
-583
-2703
-807
-2771
-1091
-2751
-1267
-2791
-1547
-2667
-1769
-2771
-2023
-2763
-2291
-2699
-2547
-2735
-2679
-2683
-2905
-2707
-3187
-2707
-3407
-2759
-3715
-2691
-3967
-2763
-4107
-2791
-4387
-2687
-4707
-2787
-4803
-2739
-5179
-2703
-5351
-2663
-5579
-2683
-5875
-2751
-6151
-2751
-6267
-2751
-6587
-2727
-6819
-2763
-7051
-2735
-7255
-2739
-7547
-2703
-7687
-2691
-8039
-2683
-8299
-2715
-8555
-2679
-8667
-2679
-8959
-2727
-9143
-2711
-9435
-2739
-9731
-2771
-9979
-2739
-10131
-2747
-10451
-2747
-10683
-2715
-10931
-2675
-11187
-2747
-11363
-2723
-11675
-2795
-11819
-2787
-12043
-2763
-12299
-2755
-12611
-2739
-12771
-2771
-13059
-2739
-13355
-2723
-13563
-2755
-13803
-2747
-13947
-2675
-14275
-2691
-14467
-2771
-14795
-2755
-14963
-2739
-15259
-2691
-15411
-2739
-15691
-2683
-15915
-2723
-16203
-2683
-16459
-2787
-16707
-2795
-16915
-2755
-17115
-2739
-17323
-2699
-17595
-2731
-17835
-2691
-18043
-2787
-18275
-2723
-18587
-2691
-18811
-2947
125
-2995
-119
-2991
-355
-2979
-523
-2891
-767
-3011
-999
-2999
-1299
-3003
-1587
-3015
-1751
-3007
-1947
-3019
-2231
-2979
-2455
-2955
-2779
-2971
-2895
-2987
-3207
-2879
-3367
-2999
-3715
-2891
-3935
-3003
-4095
-2975
-4339
-2903
-4615
-2939
-4899
-2963
-5083
-2995
-5343
-2987
-5559
-3019
-5759
-3003
-6095
-3011
-6275
-2939
-6575
-2923
-6847
-2943
-7047
-2939
-7339
-3007
-7539
-2991
-7795
-2975
-7995
-2963
-8163
-2911
-8523
-2983
-8723
-2979
-8995
-2991
-9159
-2999
-9459
-2955
-9707
-3019
-9939
-3035
-10131
-3019
-10363
-2939
-10627
-3027
-10867
-2955
-11075
-2995
-11323
-2947
-11595
-3035
-11899
-3019
-12131
-2955
-12315
-3019
-12539
-3019
-12851
-2971
-13051
-2931
-13331
-2963
-13555
-3019
-13811
-2979
-14011
-3035
-14315
-2971
-14467
-2971
-14683
-3011
-14907
-3019
-15267
-3027
-15443
-2947
-15691
-3035
-15931
-3035
-16123
-3035
-16379
-2963
-16595
-2979
-16859
-3035
-17195
-3027
-17339
-2931
-17555
-2907
-17843
-3035
-18147
-2995
-18299
-2979
-18635
-2971
-18867
-3171
101
-3203
-75
-3263
-383
-3151
-499
-3199
-871
-3231
-1039
-3211
-1243
-3147
-1531
-3195
-1771
-3255
-2015
-3159
-2191
-3219
-2419
-3247
-2743
-3151
-2923
-3187
-3183
-3231
-3459
-3255
-3651
-3267
-3971
-3219
-4183
-3187
-4399
-3231
-4659
-3243
-4879
-3235
-5079
-3243
-5347
-3187
-5627
-3191
-5879
-3219
-6131
-3259
-6359
-3211
-6559
-3151
-6751
-3267
-7083
-3191
-7291
-3187
-7491
-3211
-7715
-3239
-7947
-3231
-8235
-3159
-8499
-3235
-8703
-3163
-8947
-3219
-9243
-3151
-9435
-3203
-9691
-3195
-9995
-3179
-10187
-3179
-10371
-3275
-10619
-3147
-10955
-3259
-11171
-3235
-11355
-3275
-11603
-3147
-11867
-3267
-12147
-3259
-12323
-3259
-12571
-3219
-12835
-3251
-13107
-3211
-13267
-3259
-13539
-3251
-13835
-3155
-13987
-3187
-14219
-3219
-14515
-3211
-14667
-3219
-15035
-3155
-15179
-3179
-15483
-3219
-15675
-3171
-15955
-3203
-16211
-3211
-16403
-3227
-16715
-3219
-16859
-3203
-17115
-3195
-17411
-3259
-17627
-3203
-17803
-3211
-18099
-3267
-18347
-3243
-18515
-3163
-18835
-3499
101
-3499
5
-3411
-343
-3383
-515
-3471
-859
-3447
-1043
-3507
-1323
-3487
-1495
-3363
-1719
-3483
-2035
-3407
-2239
-3483
-2483
-3511
-2763
-3463
-2931
-3459
-3235
-3451
-3491
-3379
-3679
-3419
-3939
-3471
-4139
-3399
-4363
-3491
-4659
-3475
-4827
-3475
-5051
-3499
-5315
-3495
-5651
-3503
-5907
-3459
-6127
-3439
-6331
-3395
-6599
-3487
-6831
-3419
-7011
-3483
-7311
-3507
-7531
-3487
-7791
-3443
-8003
-3431
-8307
-3407
-8411
-3391
-8767
-3419
-8999
-3431
-9187
-3395
-9483
-3475
-9755
-3395
-9987
-3507
-10131
-3395
-10435
-3419
-10595
-3475
-10939
-3427
-11179
-3427
-11323
-3483
-11579
-3507
-11843
-3515
-12099
-3435
-12331
-3419
-12571
-3515
-12771
-3507
-13067
-3387
-13291
-3491
-13499
-3467
-13787
-3507
-13979
-3467
-14251
-3499
-14483
-3483
-14739
-3443
-14915
-3459
-15163
-3491
-15411
-3515
-15627
-3515
-15931
-3435
-16123
-3467
-16371
-3443
-16619
-3435
-16843
-3515
-17123
-3467
-17427
-3499
-17595
-3411
-17819
-3515
-18155
-3475
-18267
-3419
-18555
-3475
-18835
-3715
109
-3675
-139
-3675
-363
-3715
-579
-3671
-859
-3643
-1111
-3703
-1319
-3707
-1539
-3735
-1707
-3631
-1931
-3627
-2211
-3715
-2415
-3675
-2675
-3703
-2971
-3691
-3251
-3687
-3447
-3731
-3735
-3627
-3947
-3715
-4163
-3691
-4459
-3735
-4687
-3639
-4891
-3651
-5171
-3731
-5407
-3643
-5635
-3731
-5827
-3651
-6091
-3703
-6283
-3691
-6507
-3707
-6759
-3679
-7063
-3635
-7307
-3687
-7507
-3715
-7763
-3659
-7951
-3647
-8203
-3659
-8479
-3595
-8699
-3691
-8935
-3687
-9123
-3739
-9367
-3739
-9651
-3699
-9931
-3699
-10203
-3715
-10379
-3731
-10667
-3691
-10899
-3731
-11195
-3691
-11355
-3715
-11643
-3731
-11803
-3627
-12075
-3707
-12267
-3747
-12555
-3739
-12859
-3755
-13059
-3731
-13243
-3707
-13475
-3747
-13779
-3755
-13963
-3643
-14251
-3707
-14523
-3739
-14771
-3739
-15019
-3627
-15275
-3699
-15451
-3755
-15731
-3691
-15891
-3731
-16187
-3755
-16355
-3683
-16627
-3683
-16883
-3675
-17147
-3723
-17331
-3715
-17635
-3635
-17859
-3755
-18091
-3747
-18267
-3635
-18539
-3659
-18835
-3987
117
-3943
-131
-3943
-355
-3951
-499
-3943
-751
-3987
-987
-3927
-1287
-3859
-1507
-3963
-1787
-3863
-1927
-3915
-2287
-3963
-2443
-3951
-2743
-3907
-2943
-3879
-3227
-3991
-3399
-3903
-3703
-3935
-3987
-3971
-4187
-3983
-4407
-3883
-4663
-3875
-4899
-3979
-5159
-3975
-5383
-3951
-5587
-3947
-5819
-3967
-6099
-3915
-6259
-3871
-6575
-3891
-6751
-3951
-6987
-3839
-7311
-3991
-7579
-3907
-7759
-3955
-8019
-3915
-8199
-3891
-8523
-3963
-8751
-3919
-8999
-3871
-9223
-3915
-9427
-3875
-9691
-3931
-9955
-3963
-10123
-3963
-10379
-3979
-10595
-3979
-10899
-3955
-11115
-3995
-11411
-3875
-11635
-3923
-11835
-3939
-12139
-3995
-12299
-3955
-12515
-3867
-12867
-3875
-13027
-3995
-13227
-3987
-13579
-3923
-13731
-3915
-14043
-3899
-14275
-3987
-14435
-3915
-14747
-3947
-14971
-3995
-15163
-3899
-15403
-3891
-15667
-3947
-15915
-3987
-16219
-3979
-16395
-3971
-16627
-3899
-16899
-3907
-17195
-3979
-17339
-3987
-17643
-3899
-17907
-3963
-18083
-3971
-18371
-3915
-18539
-3907
-18843
-4135
93
-4107
-19
-4179
-339
-4191
-527
-4199
-791
-4115
-987
-4203
-1315
-4219
-1563
-4135
-1719
-4163
-1947
-4175
-2187
-4175
-2431
-4187
-2687
-4123
-3003
-4151
-3115
-4199
-3415
-4119
-3683
-4215
-3979
-4167
-4119
-4179
-4363
-4131
-4575
-4091
-4875
-4211
-5175
-4227
-5415
-4199
-5579
-4163
-5875
-4203
-6035
-4123
-6291
-4207
-6571
-4139
-6823
-4099
-7039
-4095
-7251
-4163
-7591
-4215
-7799
-4207
-8071
-4107
-8271
-4091
-8463
-4199
-8711
-4231
-8875
-4191
-9227
-4227
-9447
-4147
-9651
-4115
-9875
-4179
-10227
-4147
-10459
-4203
-10611
-4107
-10851
-4203
-11091
-4131
-11419
-4107
-11579
-4219
-11819
-4227
-12131
-4131
-12275
-4187
-12627
-4171
-12851
-4187
-13019
-4179
-13235
-4195
-13563
-4131
-13723
-4163
-14019
-4139
-14267
-4147
-14475
-4107
-14683
-4227
-14939
-4163
-15195
-4203
-15411
-4227
-15755
-4115
-15963
-4147
-16219
-4163
-16371
-4131
-16659
-4211
-16875
-4219
-17179
-4235
-17411
-4195
-17659
-4147
-17819
-4187
-18099
-4123
-18363
-4115
-18547
-4131
-18843
-4463
133
-4355
-71
-4387
-371
-4435
-503
-4331
-819
-4347
-1043
-4423
-1275
-4439
-1535
-4395
-1707
-4379
-2047
-4355
-2303
-4451
-2427
-4427
-2655
-4323
-2939
-4427
-3223
-4415
-3491
-4391
-3619
-4447
-3871
-4467
-4107
-4403
-4443
-4427
-4687
-4427
-4907
-4447
-5139
-4431
-5307
-4415
-5587
-4447
-5831
-4395
-6079
-4451
-6275
-4363
-6531
-4343
-6839
-4367
-7011
-4415
-7323
-4351
-7563
-4423
-7751
-4347
-7959
-4467
-8307
-4331
-8459
-4399
-8683
-4419
-8931
-4375
-9175
-4467
-9383
-4467
-9659
-4475
-9883
-4475
-10147
-4451
-10403
-4427
-10587
-4403
-10859
-4387
-11155
-4475
-11395
-4475
-11651
-4371
-11795
-4387
-12115
-4411
-12395
-4467
-12619
-4459
-12779
-4451
-13091
-4363
-13315
-4443
-13571
-4451
-13739
-4427
-14003
-4363
-14315
-4379
-14483
-4475
-14763
-4451
-14915
-4379
-15275
-4459
-15499
-4371
-15691
-4443
-15891
-4387
-16227
-4451
-16475
-4427
-16691
-4443
-16835
-4347
-17067
-4363
-17323
-4467
-17675
-4419
-17787
-4395
-18083
-4467
-18347
-4387
-18507
-4467
-18811
-4583
141
-4703
-67
-4603
-299
-4699
-595
-4627
-823
-4627
-1043
-4671
-1335
-4643
-1455
-4579
-1743
-4683
-2059
-4611
-2279
-4695
-2491
-4611
-2711
-4695
-2927
-4627
-3143
-4711
-3391
-4703
-3699
-4639
-3863
-4699
-4111
-4603
-4455
-4587
-4603
-4659
-4863
-4627
-5159
-4607
-5299
-4715
-5647
-4607
-5871
-4691
-6059
-4703
-6303
-4671
-6615
-4687
-6843
-4667
-7003
-4695
-7323
-4667
-7543
-4691
-7835
-4611
-7967
-4699
-8191
-4671
-8451
-4555
-8687
-4639
-8911
-4643
-9155
-4603
-9387
-4691
-9715
-4675
-9899
-4627
-10227
-4715
-10451
-4643
-10707
-4651
-10891
-4707
-11155
-4635
-11307
-4619
-11547
-4651
-11883
-4715
-12067
-4707
-12363
-4683
-12635
-4675
-12851
-4707
-12995
-4715
-13315
-4715
-13563
-4643
-13707
-4675
-14027
-4707
-14187
-4659
-14547
-4715
-14723
-4659
-15003
-4627
-15227
-4619
-15419
-4683
-15667
-4715
-15963
-4707
-16195
-4683
-16347
-4603
-16635
-4627
-16867
-4691
-17099
-4715
-17339
-4683
-17547
-4635
-17867
-4675
-18131
-4667
-18267
-4603
-18595
-4691
-18819
-4847
117
-4911
-79
-4835
-259
-4855
-611
-4899
-763
-4851
-1039
-4855
-1311
-4859
-1539
-4907
-1719
-4899
-1999
-4811
-2167
-4899
-2411
-4843
-2755
-4843
-2947
-4903
-3159
-4875
-3411
-4875
-3715
-4935
-3911
-4927
-4095
-4859
-4375
-4851
-4607
-4915
-4919
-4891
-5147
-4879
-5395
-4827
-5527
-4915
-5859
-4871
-6035
-4807
-6355
-4811
-6531
-4819
-6839
-4891
-7035
-4875
-7219
-4807
-7503
-4911
-7683
-4831
-7955
-4871
-8215
-4915
-8515
-4947
-8655
-4899
-8919
-4935
-9139
-4839
-9459
-4907
-9755
-4883
-9979
-4875
-10203
-4939
-10467
-4875
-10651
-4907
-10931
-4907
-11083
-4891
-11347
-4915
-11603
-4907
-11827
-4867
-12107
-4947
-12267
-4947
-12627
-4915
-12819
-4955
-13107
-4867
-13315
-4947
-13547
-4947
-13803
-4923
-14011
-4899
-14203
-4875
-14539
-4939
-14779
-4947
-14955
-4907
-15219
-4915
-15443
-4851
-15691
-4891
-15883
-4891
-16187
-4955
-16355
-4827
-16699
-4955
-16915
-4931
-17187
-4851
-17371
-4955
-17667
-4915
-17851
-4899
-18083
-4899
-18339
-4891
-18611
-4835
-18875
-5103
133
-5071
-75
-5175
-311
-5155
-551
-5167
-747
-5095
-1039
-5139
-1315
-5123
-1495
-5139
-1751
-5067
-2035
-5143
-2219
-5123
-2555
-5035
-2735
-5051
-2963
-5063
-3163
-5127
-3379
-5139
-3747
-5135
-3935
-5091
-4103
-5159
-4407
-5143
-4583
-5139
-4919
-5051
-5095
-5171
-5331
-5187
-5615
-5059
-5867
-5187
-6087
-5111
-6335
-5155
-6591
-5159
-6803
-5183
-6991
-5059
-7215
-5091
-7491
-5183
-7787
-5107
-7951
-5139
-8259
-5159
-8519
-5159
-8739
-5119
-8923
-5043
-9243
-5123
-9459
-5147
-9675
-5187
-9955
-5067
-10123
-5139
-10371
-5147
-10667
-5155
-10923
-5075
-11163
-5163
-11315
-5123
-11611
-5163
-11883
-5099
-12035
-5067
-12363
-5179
-12531
-5179
-12787
-5179
-13083
-5171
-13267
-5179
-13563
-5107
-13819
-5139
-13987
-5155
-14219
-5163
-14499
-5195
-14779
-5067
-14955
-5179
-15187
-5171
-15427
-5067
-15683
-5075
-15931
-5179
-16131
-5131
-16459
-5187
-16707
-5171
-16835
-5139
-17179
-5123
-17315
-5171
-17571
-5155
-17795
-5099
-18083
-5139
-18291
-5099
-18515
-5083
-18819
-5307
149
-5435
-27
-5379
-347
-5307
-511
-5395
-763
-5379
-1015
-5379
-1323
-5427
-1507
-5371
-1807
-5395
-1979
-5427
-2275
-5315
-2435
-5379
-2679
-5315
-2959
-5331
-3179
-5363
-3487
-5347
-3691
-5339
-3891
-5395
-4195
-5403
-4347
-5331
-4707
-5355
-4831
-5387
-5127
-5411
-5387
-5363
-5587
-5347
-5791
-5371
-6071
-5363
-6275
-5411
-6587
-5355
-6747
-5307
-7067
-5323
-7231
-5315
-7503
-5411
-7803
-5395
-7987
-5379
-8275
-5403
-8443
-5387
-8735
-5347
-8915
-5355
-9159
-5411
-9435
-5387
-9691
-5419
-9915
-5323
-10179
-5307
-10451
-5315
-10715
-5427
-10915
-5403
-11067
-5355
-11371
-5315
-11587
-5403
-11875
-5355
-12139
-5355
-12339
-5435
-12627
-5379
-12803
-5395
-13067
-5427
-13307
-5331
-13483
-5371
-13835
-5339
-14059
-5347
-14251
-5379
-14555
-5371
-14779
-5363
-15003
-5419
-15163
-5419
-15451
-5395
-15667
-5387
-15971
-5323
-16171
-5323
-16467
-5371
-16659
-5403
-16851
-5363
-17067
-5355
-17395
-5403
-17603
-5411
-17803
-5427
-18051
-5363
-18363
-5395
-18531
-5427
-18859
-5659
149
-5643
-27
-5659
-387
-5675
-571
-5571
-779
-5555
-1059
-5571
-1235
-5587
-1507
-5651
-1795
-5651
-2011
-5651
-2251
-5643
-2499
-5619
-2667
-5651
-2995
-5643
-3243
-5571
-3459
-5643
-3715
-5675
-3907
-5619
-4219
-5675
-4379
-5619
-4659
-5635
-4939
-5635
-5107
-5619
-5339
-5571
-5651
-5611
-5883
-5547
-6075
-5659
-6347
-5651
-6579
-5659
-6795
-5555
-7051
-5603
-7323
-5571
-7595
-5635
-7779
-5627
-7963
-5603
-8275
-5635
-8443
-5587
-8731
-5619
-8955
-5659
-9187
-5659
-9507
-5675
-9651
-5619
-9915
-5643
-10115
-5643
-10419
-5635
-10683
-5635
-10923
-5579
-11195
-5627
-11339
-5659
-11571
-5603
-11811
-5667
-12107
-5675
-12291
-5619
-12603
-5603
-12811
-5667
-13035
-5643
-13235
-5619
-13587
-5595
-13731
-5611
-13955
-5611
-14315
-5675
-14523
-5619
-14787
-5675
-14947
-5675
-15219
-5651
-15499
-5579
-15675
-5619
-15939
-5643
-16139
-5587
-16459
-5675
-16619
-5627
-16947
-5571
-17195
-5659
-17323
-5667
-17659
-5563
-17875
-5643
-18139
-5659
-18283
-5579
-18627
-5635
-18819
-5907
125
-5899
-59
-5811
-339
-5843
-547
-5787
-819
-5915
-1107
-5899
-1275
-5907
-1587
-5915
-1731
-5915
-1955
-5843
-2275
-5867
-2491
-5915
-2675
-5915
-2971
-5827
-3203
-5835
-3435
-5795
-3643
-5907
-3883
-5891
-4179
-5891
-4355
-5859
-4651
-5851
-4915
-5907
-5123
-5787
-5307
-5843
-5547
-5907
-5891
-5891
-6147
-5835
-6275
-5883
-6547
-5803
-6827
-5843
-7083
-5907
-7339
-5915
-7587
-5883
-7715
-5803
-8003
-5899
-8211
-5899
-8523
-5803
-8795
-5915
-8971
-5891
-9203
-5843
-9507
-5907
-9643
-5915
-9915
-5899
-10123
-5835
-10363
-5899
-10595
-5843
-10883
-5843
-11147
-5883
-11427
-5827
-11675
-5835
-11867
-5795
-12115
-5915
-12275
-5795
-12603
-5867
-12819
-5875
-13027
-5859
-13339
-5819
-13555
-5867
-13835
-5819
-14003
-5883
-14315
-5835
-14459
-5907
-14675
-5867
-15019
-5899
-15203
-5915
-15483
-5891
-15651
-5851
-15915
-5875
-16171
-5891
-16347
-5891
-16627
-5851
-16899
-5907
-17067
-5867
-17371
-5803
-17587
-5915
-17899
-5907
-18027
-5795
-18379
-5899
-18619
-5883
-18851
-6075
149
-6091
-43
-6147
-331
-6147
-619
-6147
-763
-6131
-1003
-6131
-1315
-6067
-1555
-6131
-1803
-6139
-2035
-6091
-2219
-6067
-2435
-6123
-2675
-6027
-3019
-6115
-3163
-6131
-3459
-6115
-3707
-6147
-3899
-6091
-4235
-6147
-4419
-6099
-4587
-6059
-4947
-6043
-5179
-6083
-5395
-6155
-5659
-6075
-5795
-6147
-6147
-6059
-6299
-6131
-6515
-6091
-6875
-6155
-7115
-6115
-7315
-6123
-7571
-6059
-7747
-6107
-8003
-6147
-8195
-6139
-8539
-6067
-8723
-6155
-8995
-6131
-9171
-6099
-9491
-6035
-9667
-6123
-9995
-6091
-10115
-6091
-10395
-6035
-10619
-6123
-10899
-6139
-11179
-6091
-11427
-6155
-11675
-6083
-11851
-6059
-12139
-6075
-12283
-6099
-12627
-6123
-12851
-6059
-13059
-6131
-13259
-6083
-13555
-6099
-13715
-6051
-13963
-6147
-14307
-6115
-14507
-6155
-14731
-6035
-15003
-6139
-15259
-6147
-15387
-6051
-15627
-6123
-15987
-6147
-16131
-6139
-16371
-6043
-16643
-6107
-16955
-6147
-17139
-6131
-17347
-6043
-17595
-6155
-17859
-6035
-18123
-6027
-18275
-6155
-18555
-6067
-18811
-6299
101
-6299
-59
-6379
-307
-6299
-603
-6387
-811
-6323
-1059
-6355
-1251
-6331
-1531
-6395
-1755
-6387
-2011
-6315
-2267
-6363
-2475
-6323
-2779
-6347
-2979
-6387
-3219
-6347
-3435
-6379
-3747
-6291
-3899
-6339
-4107
-6395
-4459
-6315
-4635
-6355
-4827
-6339
-5171
-6355
-5371
-6387
-5651
-6315
-5915
-6291
-6083
-6395
-6299
-6379
-6539
-6379
-6763
-6331
-6995
-6347
-7347
-6291
-7579
-6363
-7739
-6267
-8027
-6395
-8299
-6371
-8435
-6347
-8675
-6355
-9003
-6387
-9251
-6283
-9411
-6371
-9747
-6323
-9867
-6347
-10107
-6387
-10403
-6363
-10691
-6379
-10947
-6339
-11099
-6387
-11363
-6331
-11611
-6387
-11787
-6347
-12083
-6291
-12347
-6379
-12603
-6363
-12747
-6395
-12987
-6291
-13275
-6267
-13539
-6363
-13819
-6299
-14051
-6387
-14267
-6387
-14539
-6307
-14787
-6347
-14939
-6387
-15171
-6395
-15395
-6315
-15627
-6355
-15963
-6395
-16187
-6291
-16475
-6347
-16587
-6395
-16867
-6347
-17187
-6291
-17371
-6331
-17651
-6283
-17915
-6339
-18059
-6379
-18387
-6363
-18563
-6379
-18867
-6571
117
-6595
-91
-6539
-387
-6603
-539
-6635
-803
-6603
-1059
-6595
-1299
-6611
-1595
-6571
-1739
-6587
-2059
-6571
-2251
-6539
-2539
-6611
-2763
-6611
-2923
-6539
-3259
-6619
-3515
-6611
-3643
-6563
-3995
-6635
-4219
-6595
-4403
-6611
-4659
-6587
-4907
-6595
-5099
-6555
-5387
-6531
-5579
-6595
-5907
-6635
-6027
-6635
-6307
-6507
-6515
-6619
-6787
-6627
-7035
-6547
-7307
-6523
-7499
-6563
-7715
-6595
-8043
-6619
-8259
-6595
-8515
-6571
-8731
-6539
-8963
-6595
-9275
-6579
-9411
-6515
-9747
-6531
-9963
-6563
-10147
-6539
-10395
-6603
-10643
-6595
-10851
-6571
-11171
-6515
-11371
-6579
-11571
-6627
-11835
-6523
-12099
-6579
-12291
-6635
-12635
-6619
-12835
-6635
-13099
-6619
-13347
-6627
-13499
-6619
-13707
-6595
-13955
-6571
-14219
-6619
-14539
-6627
-14691
-6579
-15011
-6587
-15203
-6571
-15515
-6587
-15683
-6523
-15947
-6627
-16179
-6635
-16411
-6619
-16691
-6635
-16851
-6571
-17179
-6627
-17371
-6635
-17579
-6635
-17899
-6619
-18115
-6619
-18323
-6547
-18515
-6635
-18835
-6747
101
-6795
-43
-6819
-355
-6811
-627
-6835
-859
-6779
-1003
-6827
-1299
-6763
-1491
-6755
-1755
-6763
-2027
-6819
-2283
-6867
-2523
-6747
-2723
-6755
-2963
-6851
-3227
-6787
-3491
-6835
-3715
-6771
-3931
-6763
-4179
-6827
-4459
-6811
-4659
-6795
-4867
-6827
-5083
-6875
-5323
-6755
-5643
-6859
-5835
-6851
-6115
-6843
-6339
-6875
-6515
-6827
-6787
-6859
-7011
-6747
-7275
-6875
-7491
-6851
-7827
-6851
-7955
-6779
-8195
-6763
-8467
-6827
-8683
-6827
-8923
-6771
-9179
-6851
-9435
-6779
-9683
-6851
-9947
-6747
-10131
-6763
-10379
-6779
-10675
-6787
-10859
-6867
-11163
-6867
-11371
-6827
-11675
-6851
-11827
-6779
-12131
-6755
-12339
-6835
-12627
-6843
-12875
-6795
-13083
-6843
-13323
-6859
-13587
-6851
-13827
-6803
-14043
-6867
-14187
-6859
-14531
-6779
-14699
-6755
-14907
-6859
-15171
-6819
-15515
-6787
-15627
-6851
-15915
-6867
-16123
-6819
-16411
-6835
-16675
-6787
-16915
-6787
-17115
-6827
-17379
-6795
-17603
-6875
-17843
-6819
-18075
-6811
-18387
-6875
-18579
-6875
-18827
-7091
85
-7067
-67
-7075
-291
-7019
-595
-7035
-851
-7115
-1043
-7027
-1283
-7107
-1475
-7011
-1747
-7107
-2011
-7075
-2235
-7099
-2491
-7059
-2699
-7075
-2947
-7043
-3211
-7011
-3467
-7099
-3739
-7107
-3947
-7027
-4195
-7107
-4427
-7115
-4587
-7107
-4827
-7019
-5155
-7059
-5331
-6987
-5587
-7099
-5803
-7003
-6051
-7075
-6347
-7075
-6515
-7107
-6835
-7019
-6987
-7003
-7347
-7115
-7595
-7059
-7827
-7067
-7947
-7019
-8219
-7099
-8523
-7083
-8707
-7067
-8923
-7083
-9155
-7067
-9387
-6987
-9715
-7075
-9939
-7035
-10131
-7027
-10419
-7059
-10627
-7003
-10859
-7099
-11139
-7115
-11355
-7083
-11595
-7099
-11875
-7091
-12147
-6987
-12275
-7107
-12619
-7027
-12771
-7019
-13099
-7099
-13251
-7003
-13467
-7115
-13755
-7099
-14035
-7003
-14259
-6995
-14451
-7083
-14675
-7115
-14987
-6995
-15251
-7075
-15467
-7011
-15739
-7083
-15915
-7083
-16107
-7083
-16435
-7019
-16643
-6995
-16851
-7091
-17115
-7043
-17427
-6995
-17587
-6987
-17851
-7091
-18083
-7027
-18283
-7107
-18555
-7083
-18859
-7323
109
-7267
-59
-7251
-315
-7307
-587
-7307
-819
-7307
-1115
-7331
-1355
-7307
-1515
-7235
-1771
-7347
-2019
-7283
-2315
-7347
-2531
-7235
-2779
-7315
-3035
-7275
-3235
-7347
-3499
-7347
-3715
-7315
-3963
-7315
-4147
-7355
-4379
-7275
-4683
-7339
-4931
-7275
-5131
-7307
-5355
-7355
-5619
-7307
-5795
-7299
-6075
-7339
-6339
-7323
-6587
-7347
-6787
-7347
-7043
-7347
-7323
-7283
-7507
-7267
-7795
-7339
-8051
-7331
-8267
-7259
-8443
-7331
-8795
-7355
-8987
-7315
-9227
-7235
-9491
-7339
-9627
-7251
-9899
-7347
-10171
-7355
-10459
-7355
-10651
-7315
-10915
-7307
-11107
-7227
-11363
-7323
-11619
-7307
-11803
-7355
-12075
-7315
-12291
-7267
-12507
-7283
-12811
-7323
-12995
-7227
-13291
-7299
-13475
-7275
-13715
-7243
-13979
-7331
-14219
-7275
-14435
-7331
-14787
-7355
-15035
-7339
-15267
-7355
-15395
-7275
-15723
-7355
-15995
-7275
-16179
-7307
-16443
-7331
-16715
-7259
-16915
-7251
-17083
-7259
-17307
-7323
-17635
-7355
-17819
-7283
-18035
-7339
-18331
-7339
-18619
-7251
-18827
-7555
101
-7579
-83
-7571
-363
-7579
-539
-7563
-811
-7563
-1051
-7547
-1275
-7571
-1507
-7483
-1763
-7515
-2075
-7467
-2315
-7595
-2451
-7539
-2675
-7467
-2963
-7507
-3259
-7475
-3491
-7595
-3627
-7579
-3979
-7475
-4163
-7579
-4403
-7563
-4627
-7539
-4851
-7571
-5179
-7595
-5331
-7587
-5659
-7547
-5859
-7579
-6107
-7547
-6307
-7523
-6579
-7475
-6819
-7595
-7083
-7515
-7355
-7467
-7507
-7563
-7707
-7483
-7987
-7531
-8291
-7587
-8515
-7475
-8715
-7571
-8995
-7563
-9203
-7523
-9387
-7467
-9747
-7483
-9899
-7579
-10147
-7531
-10355
-7595
-10699
-7531
-10859
-7571
-11171
-7491
-11379
-7587
-11579
-7555
-11827
-7571
-12091
-7499
-12291
-7483
-12539
-7547
-12763
-7563
-13003
-7491
-13243
-7571
-13483
-7499
-13731
-7531
-14051
-7475
-14259
-7515
-14443
-7555
-14731
-7579
-14907
-7523
-15163
-7563
-15419
-7539
-15747
-7563
-15971
-7595
-16235
-7563
-16467
-7587
-16707
-7555
-16955
-7563
-17147
-7523
-17419
-7547
-17675
-7555
-17811
-7547
-18139
-7531
-18267
-7587
-18579
-7571
-18819
-7819
117
-7803
-27
-7755
-363
-7819
-555
-7787
-827
-7787
-1051
-7771
-1315
-7731
-1499
-7811
-1755
-7747
-2035
-7819
-2203
-7803
-2459
-7811
-2747
-7827
-2915
-7747
-3195
-7723
-3451
-7827
-3755
-7819
-3955
-7771
-4115
-7795
-4459
-7707
-4659
-7827
-4947
-7803
-5091
-7771
-5363
-7771
-5667
-7787
-5915
-7835
-6075
-7835
-6323
-7771
-6619
-7771
-6875
-7723
-7019
-7755
-7291
-7715
-7499
-7827
-7755
-7795
-7963
-7779
-8291
-7819
-8523
-7771
-8715
-7803
-9027
-7819
-9171
-7779
-9491
-7835
-9659
-7803
-9979
-7803
-10235
-7803
-10395
-7835
-10619
-7795
-10947
-7755
-11131
-7795
-11395
-7779
-11547
-7835
-11827
-7795
-12099
-7803
-12283
-7811
-12571
-7723
-12763
-7803
-13099
-7835
-13283
-7779
-13563
-7739
-13779
-7787
-14019
-7771
-14251
-7827
-14451
-7715
-14691
-7771
-15003
-7779
-15195
-7819
-15491
-7819
-15723
-7819
-15939
-7763
-16227
-7795
-16411
-7819
-16587
-7835
-16907
-7795
-17123
-7835
-17355
-7715
-17619
-7763
-17835
-7803
-18147
-7803
-18291
-7795
-18587
-7795
-18827
-8043
93
-8059
-107
-8003
-315
-7971
-563
-8019
-747
-8059
-1099
-7971
-1243
-8035
-1507
-8027
-1723
-7995
-1987
-8027
-2219
-7979
-2499
-8067
-2755
-7955
-2995
-8027
-3179
-7963
-3387
-7987
-3691
-8059
-3891
-7955
-4155
-8019
-4459
-8067
-4611
-8019
-4827
-8067
-5099
-8075
-5379
-8003
-5571
-8027
-5875
-8067
-6099
-8027
-6267
-7979
-6515
-8067
-6747
-8051
-7099
-8067
-7267
-8027
-7475
-7955
-7747
-8067
-8067
-8019
-8251
-8027
-8547
-7979
-8715
-8059
-8931
-7979
-9163
-8051
-9475
-7971
-9683
-8059
-9987
-8051
-10187
-8051
-10347
-8075
-10667
-8003
-10915
-8059
-11067
-7987
-11315
-8067
-11563
-8043
-11787
-8019
-12051
-8075
-12323
-7987
-12515
-8067
-12843
-7987
-13051
-7947
-13235
-8043
-13531
-8011
-13779
-8019
-13963
-8067
-14211
-8067
-14515
-7963
-14723
-8043
-14907
-8019
-15163
-8067
-15507
-8011
-15731
-7995
-15867
-8003
-16123
-7963
-16371
-8059
-16699
-8051
-16899
-7963
-17147
-8059
-17363
-8067
-17563
-8075
-17787
-8019
-18107
-8003
-18387
-8011
-18507
-8019
-18875
-8283
141
-8267
-123
-8307
-379
-8267
-555
-8275
-851
-8187
-1107
-8251
-1315
-8299
-1539
-8275
-1819
-8227
-1947
-8243
-2275
-8195
-2539
-8235
-2683
-8267
-2995
-8299
-3267
-8307
-3427
-8267
-3723
-8227
-3915
-8307
-4155
-8219
-4411
-8243
-4627
-8235
-4915
-8259
-5155
-8307
-5387
-8291
-5563
-8315
-5859
-8299
-6107
-8315
-6283
-8275
-6579
-8259
-6779
-8315
-6995
-8275
-7331
-8195
-7507
-8203
-7731
-8315
-7971
-8251
-8243
-8307
-8547
-8267
-8779
-8251
-8995
-8283
-9251
-8203
-9507
-8307
-9667
-8307
-9891
-8251
-10107
-8243
-10467
-8291
-10715
-8291
-10939
-8283
-11107
-8315
-11371
-8227
-11579
-8291
-11859
-8299
-12099
-8299
-12323
-8235
-12547
-8211
-12803
-8291
-13115
-8203
-13299
-8283
-13587
-8211
-13787
-8251
-14011
-8219
-14211
-8235
-14523
-8307
-14691
-8315
-14947
-8307
-15251
-8219
-15483
-8267
-15635
-8307
-15963
-8299
-16195
-8307
-16459
-8315
-16587
-8299
-16923
-8211
-17091
-8195
-17395
-8195
-17635
-8299
-17891
-8315
-18027
-8283
-18347
-8283
-18523
-8211
-18875
-8507
85
-8539
-27
-8491
-299
-8483
-539
-8547
-811
-8515
-1091
-8483
-1347
-8499
-1579
-8451
-1795
-8547
-2043
-8491
-2211
-8555
-2475
-8467
-2699
-8491
-3019
-8499
-3147
-8507
-3459
-8547
-3755
-8467
-3867
-8539
-4227
-8467
-4379
-8523
-4715
-8499
-4939
-8507
-5067
-8435
-5323
-8467
-5595
-8547
-5875
-8499
-6155
-8555
-6363
-8459
-6611
-8539
-6811
-8531
-7083
-8523
-7307
-8491
-7523
-8475
-7771
-8483
-7955
-8475
-8283
-8507
-8531
-8435
-8723
-8483
-8915
-8467
-9267
-8451
-9435
-8435
-9715
-8475
-9883
-8451
-10155
-8523
-10355
-8539
-10667
-8531
-10875
-8467
-11179
-8435
-11347
-8531
-11643
-8523
-11843
-8555
-12035
-8483
-12307
-8443
-12611
-8507
-12763
-8507
-12995
-8443
-13315
-8523
-13587
-8531
-13835
-8499
-13971
-8483
-14195
-8547
-14523
-8507
-14747
-8523
-14931
-8547
-15195
-8555
-15491
-8547
-15755
-8435
-15899
-8523
-16211
-8547
-16355
-8531
-16619
-8539
-16923
-8507
-17139
-8443
-17315
-8555
-17611
-8467
-17907
-8491
-18035
-8547
-18379
-8539
-18539
-8459
-18843
-8779
85
-8723
-107
-8739
-339
-8707
-603
-8731
-851
-8787
-1091
-8723
-1235
-8707
-1587
-8675
-1739
-8755
-2011
-8667
-2315
-8763
-2435
-8699
-2763
-8787
-2987
-8683
-3267
-8795
-3499
-8707
-3635
-8755
-3955
-8755
-4227
-8787
-4379
-8755
-4627
-8747
-4955
-8739
-5075
-8771
-5363
-8747
-5619
-8787
-5787
-8787
-6139
-8795
-6323
-8747
-6547
-8763
-6779
-8747
-7099
-8723
-7315
-8779
-7531
-8675
-7763
-8731
-8075
-8787
-8307
-8691
-8467
-8771
-8675
-8707
-8939
-8755
-9171
-8747
-9467
-8683
-9699
-8723
-9947
-8675
-10227
-8747
-10451
-8779
-10667
-8747
-10931
-8795
-11115
-8699
-11435
-8739
-11675
-8795
-11819
-8739
-12067
-8723
-12339
-8771
-12507
-8715
-12859
-8715
-13043
-8779
-13331
-8675
-13571
-8739
-13811
-8771
-14019
-8683
-14283
-8699
-14555
-8763
-14755
-8707
-15019
-8667
-15203
-8739
-15403
-8731
-15651
-8683
-15931
-8691
-16107
-8795
-16355
-8683
-16715
-8755
-16947
-8779
-17179
-8771
-17315
-8755
-17667
-8779
-17819
-8779
-18027
-8787
-18395
-8675
-18627
-8771
-18819
-9035
125
-8971
-115
-9027
-315
-9035
-611
-8979
-747
-8987
-987
-8995
-1339
-8987
-1531
-8939
-1827
-8987
-1971
-9019
-2219
-8971
-2443
-9027
-2699
-8963
-2987
-8907
-3227
-8979
-3443
-8987
-3707
-8907
-3947
-9035
-4195
-9003
-4403
-9003
-4707
-8995
-4947
-8915
-5067
-9035
-5315
-8963
-5667
-8907
-5867
-8987
-6115
-8915
-6323
-9011
-6587
-8987
-6771
-8979
-7003
-9027
-7251
-9003
-7555
-8963
-7739
-8955
-7995
-9035
-8307
-9011
-8547
-8995
-8683
-8971
-9011
-8947
-9147
-8987
-9515
-8931
-9659
-8955
-9907
-8923
-10227
-9027
-10419
-8971
-10667
-9027
-10827
-8947
-11187
-8995
-11435
-8939
-11563
-8947
-11859
-9019
-12083
-9035
-12323
-9019
-12579
-8995
-12747
-9019
-13059
-8971
-13267
-9011
-13491
-8955
-13739
-9019
-13963
-9035
-14251
-8995
-14475
-9011
-14715
-9003
-14995
-9011
-15195
-9035
-15475
-8979
-15739
-8987
-15931
-8979
-16171
-8915
-16475
-9027
-16675
-8947
-16875
-9003
-17187
-9019
-17355
-9011
-17643
-8939
-17859
-9011
-18075
-8915
-18371
-8931
-18563
-8907
-18867
-9259
125
-9251
-115
-9155
-291
-9235
-579
-9243
-803
-9155
-1075
-9163
-1291
-9235
-1595
-9275
-1731
-9275
-2003
-9155
-2291
-9211
-2475
-9195
-2747
-9251
-2931
-9203
-3171
-9259
-3395
-9147
-3723
-9235
-3955
-9179
-4171
-9259
-4347
-9155
-4699
-9187
-4859
-9179
-5099
-9243
-5387
-9187
-5595
-9259
-5819
-9163
-6099
-9195
-6291
-9219
-6587
-9267
-6867
-9267
-7107
-9155
-7355
-9251
-7579
-9251
-7739
-9267
-7971
-9203
-8235
-9195
-8459
-9219
-8715
-9195
-8947
-9171
-9171
-9235
-9515
-9211
-9651
-9147
-9891
-9251
-10123
-9211
-10419
-9195
-10683
-9195
-10843
-9243
-11155
-9275
-11363
-9219
-11635
-9227
-11843
-9227
-12139
-9147
-12387
-9227
-12539
-9171
-12843
-9179
-13115
-9235
-13339
-9203
-13563
-9155
-13787
-9219
-13979
-9259
-14235
-9179
-14475
-9195
-14707
-9219
-14963
-9259
-15179
-9171
-15403
-9259
-15739
-9251
-15979
-9195
-16179
-9251
-16467
-9211
-16715
-9163
-16907
-9211
-17115
-9219
-17339
-9267
-17635
-9219
-17915
-9155
-18083
-9211
-18299
-9203
-18515
-9251
-18867
-9411
85
-9491
-75
-9491
-371
-9483
-539
-9507
-859
-9387
-1011
-9411
-1275
-9483
-1539
-9475
-1819
-9515
-2075
-9475
-2283
-9483
-2443
-9419
-2747
-9451
-2963
-9507
-3211
-9483
-3387
-9443
-3747
-9427
-3899
-9491
-4163
-9515
-4467
-9459
-4691
-9483
-4835
-9419
-5163
-9515
-5435
-9507
-5643
-9459
-5835
-9459
-6123
-9499
-6387
-9499
-6603
-9507
-6859
-9483
-7067
-9491
-7339
-9451
-7563
-9443
-7723
-9451
-8067
-9483
-8195
-9475
-8547
-9515
-8699
-9483
-8971
-9491
-9227
-9411
-9491
-9499
-9699
-9499
-9899
-9475
-10203
-9395
-10443
-9451
-10635
-9475
-10939
-9467
-11115
-9459
-11435
-9387
-11595
-9475
-11835
-9451
-12059
-9419
-12355
-9459
-12547
-9395
-12811
-9403
-13011
-9419
-13331
-9515
-13555
-9483
-13779
-9435
-13955
-9443
-14299
-9483
-14451
-9475
-14747
-9483
-15019
-9499
-15211
-9491
-15491
-9443
-15715
-9419
-15923
-9387
-16139
-9515
-16427
-9475
-16659
-9475
-16923
-9483
-17083
-9515
-17435
-9435
-17587
-9419
-17851
-9507
-18067
-9515
-18363
-9507
-18523
-9483
-18827
-9667
101
-9747
-123
-9683
-323
-9755
-611
-9723
-859
-9651
-1035
-9675
-1331
-9683
-1539
-9651
-1755
-9755
-2003
-9635
-2315
-9739
-2547
-9747
-2667
-9651
-2971
-9635
-3203
-9755
-3467
-9627
-3723
-9683
-3955
-9731
-4219
-9739
-4475
-9723
-4619
-9715
-4859
-9755
-5123
-9739
-5387
-9699
-5587
-9739
-5827
-9731
-6155
-9739
-6307
-9755
-6627
-9691
-6811
-9747
-7043
-9731
-7251
-9715
-7571
-9691
-7715
-9683
-8035
-9659
-8275
-9723
-8443
-9627
-8715
-9723
-8915
-9739
-9251
-9635
-9491
-9627
-9747
-9683
-9891
-9667
-10211
-9643
-10411
-9731
-10587
-9707
-10955
-9755
-11187
-9635
-11339
-9659
-11603
-9651
-11859
-9667
-12059
-9747
-12363
-9707
-12515
-9627
-12771
-9747
-13027
-9739
-13331
-9731
-13491
-9731
-13723
-9667
-13987
-9683
-14203
-9715
-14483
-9699
-14779
-9715
-14955
-9747
-15235
-9707
-15491
-9755
-15691
-9755
-15971
-9699
-16179
-9675
-16411
-9747
-16643
-9739
-16939
-9683
-17171
-9691
-17435
-9715
-17603
-9707
-17907
-9699
-18051
-9755
-18267
-9699
-18627
-9635
-18811
-9939
125
-9883
-59
-9891
-315
-9963
-547
-9899
-771
-9979
-1035
-9979
-1267
-9891
-1507
-9963
-1819
-9955
-1955
-9931
-2251
-9955
-2555
-9995
-2691
-9931
-3027
-9995
-3219
-9915
-3419
-9939
-3667
-9875
-3899
-9955
-4235
-9971
-4459
-9971
-4683
-9987
-4907
-9915
-5083
-9947
-5371
-9939
-5547
-9947
-5843
-9971
-6131
-9955
-6395
-9971
-6595
-9931
-6787
-9867
-7019
-9955
-7347
-9963
-7579
-9987
-7731
-9891
-8027
-9955
-8299
-9915
-8427
-9963
-8683
-9963
-8907
-9987
-9195
-9939
-9491
-9995
-9635
-9875
-9875
-9995
-10123
-9947
-10427
-9963
-10707
-9987
-10907
-9979
-11067
-9931
-11435
-9867
-11627
-9939
-11843
-9987
-12059
-9867
-12387
-9947
-12523
-9907
-12779
-9867
-13115
-9955
-13283
-9875
-13467
-9995
-13787
-9979
-14003
-9891
-14299
-9899
-14507
-9995
-14707
-9963
-14995
-9963
-15203
-9955
-15395
-9915
-15667
-9979
-15867
-9963
-16179
-9995
-16371
-9995
-16611
-9971
-16883
-9987
-17099
-9875
-17315
-9963
-17667
-9939
-17883
-9979
-18115
-9979
-18267
-9971
-18579
-9899
-18859
-10123
149
-10211
-147
-10147
-283
-10155
-555
-10171
-755
-10171
-987
-10179
-1283
-10155
-1467
-10139
-1771
-10131
-2059
-10235
-2235
-10195
-2459
-10155
-2691
-10203
-3027
-10203
-3235
-10227
-3491
-10219
-3739
-10123
-3915
-10203
-4147
-10227
-4475
-10187
-4651
-10203
-4875
-10227
-5171
-10171
-5307
-10163
-5571
-10195
-5891
-10203
-6107
-10203
-6323
-10171
-6507
-10227
-6827
-10179
-7075
-10219
-7275
-10155
-7515
-10235
-7827
-10155
-8027
-10195
-8211
-10155
-8467
-10123
-8747
-10235
-8923
-10219
-9219
-10131
-9483
-10179
-9723
-10123
-9891
-10227
-10227
-10131
-10403
-10115
-10651
-10147
-10915
-10131
-11091
-10235
-11435
-10171
-11627
-10107
-11899
-10179
-12107
-10211
-12307
-10171
-12619
-10219
-12875
-10123
-13019
-10227
-13299
-10147
-13547
-10203
-13811
-10115
-13979
-10219
-14243
-10219
-14427
-10211
-14715
-10211
-14947
-10107
-15243
-10187
-15411
-10227
-15731
-10131
-15883
-10235
-16107
-10211
-16443
-10227
-16707
-10163
-16835
-10179
-17115
-10147
-17363
-10235
-17587
-10203
-17915
-10227
-18075
-10195
-18347
-10179
-18563
-10203
-18811
-10435
141
-10467
-35
-10475
-291
-10475
-571
-10475
-875
-10427
-1003
-10419
-1331
-10467
-1507
-10427
-1771
-10451
-2035
-10419
-2219
-10467
-2451
-10451
-2755
-10443
-2931
-10411
-3235
-10459
-3483
-10419
-3635
-10451
-3987
-10459
-4235
-10419
-4347
-10435
-4707
-10419
-4827
-10475
-5075
-10467
-5323
-10443
-5651
-10467
-5795
-10467
-6147
-10459
-6387
-10475
-6563
-10411
-6803
-10419
-7115
-10427
-7299
-10411
-7523
-10475
-7811
-10451
-7963
-10459
-8267
-10427
-8451
-10475
-8691
-10451
-8971
-10419
-9235
-10443
-9459
-10475
-9739
-10427
-9891
-10467
-10179
-10435
-10435
-10411
-10675
-10419
-10915
-10459
-11075
-10451
-11323
-10443
-11635
-10427
-11907
-10435
-12115
-10475
-12339
-10427
-12587
-10427
-12755
-10475
-13115
-10427
-13235
-10475
-13515
-10451
-13715
-10451
-13955
-10451
-14251
-10419
-14443
-10411
-14691
-10467
-14955
-10475
-15155
-10435
-15387
-10427
-15731
-10459
-15931
-10459
-16171
-10475
-16363
-10435
-16635
-10451
-16915
-10475
-17139
-10435
-17347
-10451
-17579
-10451
-17907
-10419
-18075
-10459
-18299
-10443
-18507
-10419
-18859
