149
360
271
-126
378
-291
284
-571
180
-739
510
-1079
308
-1245
161
-1535
128
-1822
547
-1956
232
-2151
263
-2427
157
-2753
173
-2999
121
-3219
221
-3371
289
-3693
239
-3909
125
-4111
119
-4401
225
-4689
109
-4887
93
-5147
117
-5383
149
-5567
133
-5803
93
-6155
85
-6331
125
-6607
109
-6739
85
-7063
117
-7291
101
-7471
101
-7767
85
-7943
109
-8215
133
-8419
141
-8715
125
-8995
125
-9223
85
-9435
101
-9699
101
-9963
85
-10187
109
-10443
93
-10675
101
-10923
133
-11091
101
-11323
85
-11579
85
-11875
93
-12083
133
-12315
117
-12587
101
-12835
149
-13091
101
-13291
117
-13467
117
-13739
141
-13955
93
-14275
125
-14507
85
-14771
93
-15035
133
-15219
93
-15483
93
-15715
133
-15915
133
-16203
125
-16371
149
-16619
93
-16883
109
-17075
93
-17411
93
-17659
101
-17867
101
-18027
101
-18331
109
-18603
117
-18811
-114
1611
-62
-50
-86
-279
-31
-527
-98
-818
-117
-1041
-69
-1315
-42
-1495
-85
-1689
-53
-1941
-19
-2273
-81
-2515
-55
-2747
-99
-2883
-17
-3259
-141
-3453
-79
-3707
-27
-3837
-139
-4187
-31
-4375
-79
-4655
-119
-4951
-95
-5099
-123
-5427
-135
-5539
-63
-5883
-135
-6127
-143
-6323
-51
-6635
-59
-6827
-99
-7007
-59
-7283
-111
-7491
-99
-7783
-87
-7943
-131
-8199
-31
-8475
-99
-8755
-119
-8911
-131
-9267
-51
-9491
-43
-9723
-43
-9963
-115
-10163
-139
-10467
-131
-10707
-139
-10931
-91
-11083
-83
-11347
-51
-11627
-51
-11811
-147
-12155
-139
-12371
-107
-12619
-139
-12755
-75
-13075
-155
-13259
-147
-13539
-123
-13779
-107
-13979
-139
-14195
-139
-14483
-131
-14771
-107
-14915
-107
-15203
-91
-15515
-131
-15691
-99
-15955
-139
-16115
-107
-16403
-91
-16643
-83
-16899
-67
-17083
-83
-17427
-51
-17595
-155
-17875
-107
-18035
-123
-18347
-59
-18547
-83
-18875
-351
343
-269
-23
-339
-329
-392
-603
-335
-829
-334
-1055
-293
-1269
-358
-1466
-283
-1734
-307
-2041
-249
-2179
-251
-2417
-335
-2675
-391
-3007
-341
-3173
-301
-3375
-291
-3615
-315
-3891
-313
-4195
-355
-4379
-323
-4663
-283
-4887
-379
-5123
-367
-5359
-379
-5655
-387
-5795
-287
-6079
-279
-6387
-367
-6475
-311
-6831
-287
-7091
-363
-7271
-347
-7535
-327
-7759
-283
-8015
-315
-8219
-311
-8415
-263
-8731
-283
-8975
-311
-9243
-263
-9415
-379
-9739
-379
-9915
-347
-10115
-323
-10355
-371
-10651
-347
-10883
-379
-11171
-323
-11435
-387
-11563
-315
-11795
-291
-12051
-307
-12307
-307
-12555
-307
-12875
-395
-13043
-371
-13331
-371
-13515
-307
-13795
-347
-14003
-299
-14203
-355
-14491
-339
-14707
-339
-14939
-355
-15243
-299
-15435
-355
-15667
-339
-15939
-275
-16139
-379
-16419
-371
-16611
-355
-16947
-339
-17187
-331
-17363
-395
-17659
-291
-17843
-371
-18147
-379
-18275
-363
-18539
-267
-18851
-603
459
-569
-33
-584
-231
-531
-563
-595
-746
-547
-1022
-517
-1265
-528
-1509
-581
-1777
-613
-2044
-598
-2220
-543
-2549
-523
-2653
-607
-2987
-567
-3147
-571
-3439
-575
-3701
-499
-3981
-555
-4147
-601
-4359
-507
-4697
-523
-4899
-539
-5167
-507
-5343
-599
-5547
-475
-5883
-603
-6131
-567
-6283
-619
-6527
-539
-6835
-495
-7059
-523
-7331
-567
-7523
-515
-7831
-579
-7963
-547
-8171
-591
-8483
-579
-8659
-519
-8943
-631
-9219
-615
-9391
-507
-9691
-539
-9939
-507
-10227
-579
-10387
-547
-10675
-571
-10891
-611
-11123
-603
-11307
-587
-11627
-539
-11899
-595
-12083
-547
-12363
-595
-12523
-523
-12795
-611
-13027
-619
-13323
-635
-13579
-595
-13819
-603
-14027
-571
-14203
-635
-14539
-627
-14675
-595
-15027
-579
-15259
-587
-15499
-611
-15635
-579
-15955
-627
-16203
-523
-16363
-579
-16619
-635
-16851
-627
-17131
-587
-17411
-619
-17611
-579
-17907
-635
-18115
-563
-18371
-595
-18595
-611
-18819
-759
727
-838
-100
-865
-335
-747
-501
-853
-821
-758
-982
-761
-1241
-755
-1585
-837
-1739
-766
-1982
-858
-2183
-803
-2503
-833
-2727
-717
-2891
-811
-3135
-835
-3419
-847
-3701
-859
-3995
-827
-4091
-829
-4409
-765
-4661
-819
-4859
-771
-5075
-819
-5343
-867
-5623
-819
-5803
-831
-6071
-823
-6339
-819
-6559
-755
-6791
-819
-7103
-839
-7279
-843
-7459
-811
-7731
-819
-7967
-827
-8295
-755
-8531
-851
-8743
-859
-8947
-819
-9239
-791
-9507
-835
-9675
-875
-9891
-843
-10171
-803
-10411
-747
-10707
-755
-10883
-803
-11107
-803
-11427
-803
-11659
-747
-11819
-851
-12147
-859
-12283
-795
-12579
-859
-12819
-875
-13059
-851
-13227
-787
-13523
-819
-13795
-787
-13995
-811
-14219
-755
-14443
-867
-14779
-851
-14963
-755
-15179
-867
-15427
-867
-15683
-827
-15931
-851
-16195
-755
-16411
-811
-16627
-755
-16851
-843
-17099
-803
-17323
-835
-17547
-875
-17915
-819
-18027
-779
-18307
-859
-18595
-859
-18827
-1059
268
-1025
-3
-975
-288
-987
-584
-1093
-761
-1058
-948
-1077
-1279
-1077
-1490
-1031
-1747
-1085
-1939
-1011
-2227
-1055
-2391
-987
-2691
-975
-2903
-1097
-3161
-1029
-3433
-1031
-3659
-1085
-3905
-1003
-4161
-1029
-4379
-1051
-4671
-1031
-4931
-1059
-5047
-983
-5347
-999
-5623
-1039
-5883
-1115
-6011
-1107
-6303
-1091
-6535
-1055
-6731
-999
-6959
-1043
-7303
-1075
-7503
-1071
-7807
-1023
-7955
-1075
-8255
-1043
-8519
-1103
-8763
-1087
-9011
-1075
-9183
-1079
-9499
-1115
-9755
-1115
-9923
-1003
-10171
-1083
-10435
-1107
-10707
-1051
-10875
-1059
-11099
-1091
-11323
-1027
-11643
-1027
-11787
-1027
-12155
-1099
-12347
-1075
-12595
-1091
-12843
-1091
-13059
-1067
-13339
-1043
-13571
-1019
-13755
-1035
-14051
-1115
-14203
-1099
-14475
-1067
-14755
-1091
-14923
-1051
-15171
-1075
-15507
-1043
-15691
-1099
-15979
-1075
-16195
-1059
-16435
-1091
-16675
-1043
-16939
-1003
-17131
-1099
-17363
-1059
-17603
-1067
-17851
-1075
-18155
-1027
-18331
-1115
-18563
-1091
-18875
-1355
355
-1255
-52
-1242
-253
-1277
-535
-1238
-777
-1343
-1033
-1313
-1241
-1212
-1524
-1273
-1708
-1275
-1937
-1304
-2249
-1319
-2515
-1277
-2711
-1345
-2903
-1243
-3183
-1261
-3453
-1261
-3727
-1231
-3871
-1259
-4155
-1279
-4365
-1247
-4633
-1311
-4803
-1283
-5103
-1303
-5347
-1271
-5555
-1247
-5867
-1275
-6087
-1331
-6239
-1351
-6571
-1327
-6843
-1219
-7063
-1287
-7235
-1227
-7495
-1351
-7747
-1235
-7955
-1319
-8239
-1207
-8499
-1295
-8759
-1263
-8903
-1343
-9175
-1215
-9463
-1299
-9747
-1251
-9931
-1347
-10187
-1243
-10347
-1307
-10635
-1315
-10859
-1235
-11163
-1307
-11371
-1315
-11587
-1339
-11803
-1315
-12099
-1291
-12283
-1283
-12635
-1315
-12779
-1267
-13107
-1283
-13339
-1315
-13531
-1355
-13819
-1299
-14075
-1355
-14315
-1331
-14459
-1243
-14779
-1339
-14955
-1291
-15251
-1323
-15419
-1299
-15627
-1267
-15883
-1267
-16195
-1347
-16459
-1323
-16707
-1275
-16867
-1227
-17067
-1315
-17347
-1355
-17547
-1251
-17891
-1227
-18131
-1283
-18283
-1315
-18579
-1283
-18867
-1467
1517
-1551
-123
-1439
-283
-1573
-487
-1479
-783
-1585
-991
-1551
-1203
-1569
-1509
-1535
-1751
-1539
-1967
-1565
-2225
-1565
-2543
-1499
-2645
-1557
-2997
-1447
-3259
-1473
-3407
-1561
-3695
-1491
-3933
-1467
-4195
-1465
-4395
-1585
-4691
-1551
-4835
-1559
-5051
-1579
-5387
-1507
-5615
-1523
-5875
-1571
-6123
-1567
-6315
-1507
-6495
-1499
-6803
-1491
-6971
-1539
-7339
-1523
-7563
-1547
-7707
-1539
-8007
-1563
-8183
-1519
-8463
-1571
-8671
-1587
-8951
-1515
-9119
-1499
-9483
-1539
-9635
-1547
-9875
-1491
-10171
-1579
-10403
-1555
-10715
-1491
-10851
-1579
-11131
-1515
-11379
-1499
-11651
-1579
-11907
-1571
-12091
-1595
-12267
-1563
-12595
-1483
-12867
-1499
-13099
-1555
-13275
-1595
-13595
-1467
-13835
-1507
-13995
-1467
-14227
-1547
-14451
-1579
-14795
-1555
-14931
-1531
-15147
-1579
-15403
-1563
-15691
-1595
-15995
-1595
-16211
-1571
-16411
-1571
-16627
-1531
-16875
-1579
-17075
-1571
-17395
-1587
-17643
-1555
-17843
-1467
-18155
-1507
-18331
-1595
-18587
-1507
-18827
-1747
815
-1811
-123
-1769
-321
-1751
-519
-1757
-751
-1833
-1013
-1791
-1343
-1779
-1587
-1737
-1719
-1759
-2041
-1813
-2171
-1787
-2479
-1801
-2753
-1805
-2979
-1783
-3191
-1787
-3457
-1807
-3709
-1785
-3937
-1797
-4139
-1747
-4371
-1731
-4625
-1763
-4803
-1703
-5095
-1731
-5399
-1783
-5551
-1771
-5811
-1759
-6035
-1711
-6255
-1735
-6523
-1727
-6731
-1763
-6979
-1775
-7347
-1807
-7531
-1739
-7763
-1711
-8031
-1827
-8259
-1823
-8511
-1767
-8755
-1803
-9011
-1795
-9275
-1707
-9411
-1835
-9667
-1787
-9987
-1795
-10139
-1835
-10427
-1755
-10635
-1819
-10947
-1811
-11083
-1731
-11379
-1795
-11611
-1827
-11843
-1835
-12035
-1739
-12323
-1755
-12579
-1779
-12779
-1763
-13067
-1755
-13291
-1747
-13499
-1835
-13787
-1715
-14035
-1715
-14299
-1827
-14475
-1787
-14795
-1835
-14939
-1835
-15251
-1803
-15483
-1827
-15755
-1827
-15939
-1747
-16131
-1795
-16403
-1763
-16667
-1811
-16899
-1731
-17171
-1827
-17323
-1835
-17547
-1755
-17795
-1771
-18147
-1707
-18363
-1827
-18547
-1747
-18851
-1951
405
-2061
-109
-1971
-291
-1967
-561
-1941
-823
-2047
-1063
-1975
-1275
-2019
-1479
-2007
-1735
-2059
-2003
-2007
-2269
-1983
-2525
-1995
-2649
-1919
-2919
-2033
-3193
-2063
-3409
-1937
-3693
-2021
-3933
-1991
-4145
-1933
-4427
-2059
-4671
-1955
-4831
-1975
-5151
-2023
-5283
-1995
-5543
-1947
-5859
-1983
-6019
-1923
-6327
-1991
-6579
-2007
-6715
-1995
-7071
-2019
-7311
-2047
-7455
-2031
-7763
-1991
-8003
-2019
-8231
-2075
-8427
-2067
-8763
-2027
-8919
-1931
-9167
-2055
-9471
-2035
-9715
-1955
-9955
-2019
-10235
-2011
-10347
-1987
-10675
-1987
-10843
-1987
-11115
-1963
-11347
-2067
-11619
-2059
-11883
-2059
-12107
-2059
-12267
-2003
-12603
-1979
-12811
-2035
-13091
-2019
-13331
-1979
-13467
-2027
-13771
-2019
-14011
-2067
-14235
-2027
-14475
-2051
-14731
-2035
-14971
-2035
-15195
-1955
-15395
-2075
-15675
-2035
-15883
-2067
-16179
-2027
-16443
-2035
-16691
-2067
-16859
-2059
-17147
-2035
-17355
-2003
-17611
-2059
-17851
-2043
-18075
-2027
-18363
-2051
-18539
-2067
-18867
-2219
1301
-2279
-55
-2295
-309
-2219
-571
-2261
-835
-2261
-1023
-2289
-1289
-2165
-1559
-2243
-1709
-2271
-2071
-2305
-2195
-2211
-2515
-2219
-2673
-2227
-2933
-2267
-3213
-2235
-3391
-2275
-3691
-2295
-3953
-2283
-4143
-2267
-4325
-2231
-4667
-2211
-4851
-2295
-5071
-2283
-5327
-2239
-5587
-2259
-5767
-2207
-6119
-2275
-6371
-2203
-6587
-2275
-6747
-2291
-7051
-2295
-7231
-2243
-7491
-2227
-7831
-2279
-7971
-2239
-8227
-2251
-8455
-2163
-8747
-2267
-8875
-2267
-9247
-2251
-9459
-2267
-9747
-2227
-9907
-2195
-10171
-2307
-10475
-2307
-10611
-2299
-10843
-2315
-11131
-2251
-11419
-2307
-11547
-2219
-11795
-2291
-12091
-2251
-12291
-2275
-12515
-2243
-12795
-2267
-13051
-2315
-13267
-2299
-13531
-2259
-13747
-2251
-13995
-2251
-14203
-2219
-14531
-2283
-14683
-2203
-14987
-2299
-15267
-2299
-15483
-2251
-15651
-2259
-15987
-2195
-16195
-2267
-16387
-2219
-16659
-2211
-16867
-2187
-17163
-2259
-17347
-2243
-17555
-2243
-17835
-2283
-18131
-2315
-18267
-2267
-18555
-2307
-18851
-2495
165
-2509
-31
-2443
-387
-2511
-491
-2481
-807
-2537
-983
-2475
-1277
-2425
-1561
-2419
-1763
-2487
-1983
-2519
-2273
-2485
-2543
-2511
-2675
-2429
-2939
-2515
-3251
-2553
-3485
-2437
-3725
-2437
-3933
-2469
-4191
-2531
-4457
-2433
-4675
-2507
-4867
-2475
-5099
-2463
-5371
-2407
-5627
-2483
-5779
-2523
-6075
-2431
-6371
-2423
-6527
-2535
-6731
-2543
-7003
-2507
-7263
-2551
-7507
-2551
-7755
-2515
-8011
-2535
-8195
-2555
-8411
-2527
-8739
-2535
-8975
-2459
-9219
-2515
-9415
-2507
-9739
-2555
-9923
-2467
-10219
-2555
-10467
-2499
-10635
-2459
-10915
-2459
-11187
-2427
-11411
-2531
-11595
-2459
-11795
-2435
-12115
-2547
-12267
-2531
-12627
-2499
-12771
-2483
-13003
-2507
-13275
-2523
-13579
-2467
-13763
-2555
-13947
-2547
-14283
-2427
-14531
-2547
-14683
-2483
-14923
-2451
-15171
-2523
-15507
-2539
-15739
-2523
-15987
-2451
-16179
-2427
-16347
-2555
-16699
-2435
-16955
-2459
-17099
-2467
-17315
-2547
-17563
-2483
-17859
-2467
-18059
-2523
-18387
-2507
-18587
-2539
-18875
-2735
125
-2779
-155
-2679
-319
-2751
-563
-2675
-835
-2687
-1095
-2775
-1255
-2747
-1439
-2779
-1707
-2695
-1979
-2775
-2307
-2779
-2499
-2763
-2731
-2675
-2993
-2663
-3209
-2679
-3443
-2739
-3695
-2779
-3975
-2775
-4099
-2659
-4371
-2759
-4635
-2771
-4839
-2731
-5083
-2715
-5295
-2751
-5595
-2699
-5843
-2667
-6035
-2719
-6263
-2787
-6591
-2711
-6803
-2707
-7003
-2755
-7279
-2763
-7543
-2667
-7783
-2679
-7951
-2735
-8287
-2683
-8487
-2711
-8743
-2679
-9015
-2711
-9219
-2707
-9403
-2747
-9715
-2795
-9947
-2715
-10179
-2715
-10347
-2723
-10643
-2795
-10867
-2739
-11083
-2755
-11331
-2763
-11547
-2675
-11883
-2763
-12083
-2787
-12355
-2699
-12587
-2771
-12827
-2779
-13011
-2771
-13323
-2787
-13555
-2763
-13779
-2667
-14067
-2755
-14219
-2707
-14443
-2763
-14683
-2771
-15003
-2707
-15251
-2755
-15491
-2699
-15627
-2795
-15931
-2723
-16211
-2779
-16379
-2675
-16699
-2723
-16907
-2723
-17115
-2691
-17419
-2675
-17603
-2699
-17859
-2747
-18139
-2763
-18283
-2763
-18563
-2691
-18811
-2923
125
-2911
-127
-2987
-243
-3015
-575
-2947
-731
-2971
-1039
-3011
-1347
-2891
-1443
-2931
-1747
-3015
-1995
-2931
-2203
-2911
-2535
-2959
-2707
-3023
-2951
-2899
-3199
-2963
-3423
-2987
-3691
-2975
-3867
-2971
-4127
-2999
-4335
-2883
-4639
-2907
-4831
-2987
-5075
-3003
-5375
-3035
-5563
-2915
-5855
-3011
-6059
-2963
-6355
-3019
-6583
-2991
-6795
-3007
-7071
-2899
-7199
-2979
-7463
-2915
-7799
-3011
-7995
-3027
-8223
-2919
-8451
-2907
-8667
-3003
-8963
-3007
-9171
-3003
-9391
-2955
-9755
-3019
-9995
-2947
-10147
-2955
-10443
-2907
-10699
-2995
-10923
-2963
-11163
-2979
-11331
-3035
-11547
-3027
-11867
-2915
-12027
-2963
-12395
-3035
-12579
-2947
-12875
-2995
-13059
-2971
-13315
-3027
-13595
-2979
-13827
-2947
-14011
-2987
-14291
-3003
-14547
-2955
-14675
-3035
-15027
-3035
-15243
-3003
-15459
-3027
-15747
-3027
-15923
-2963
-16139
-2931
-16379
-2939
-16627
-2955
-16915
-3019
-17083
-3035
-17323
-2931
-17611
-3003
-17899
-3019
-18107
-2979
-18347
-3035
-18571
-2939
-18851
-3167
141
-3155
-91
-3239
-379
-3199
-487
-3255
-751
-3143
-995
-3215
-1335
-3211
-1495
-3219
-1711
-3207
-1995
-3171
-2183
-3203
-2399
-3255
-2715
-3215
-2995
-3195
-3175
-3247
-3415
-3239
-3635
-3239
-3939
-3211
-4187
-3235
-4355
-3239
-4663
-3187
-4863
-3151
-5155
-3255
-5335
-3171
-5599
-3187
-5819
-3239
-6027
-3243
-6327
-3251
-6571
-3267
-6787
-3231
-7031
-3215
-7251
-3191
-7495
-3171
-7763
-3259
-7967
-3243
-8251
-3155
-8503
-3187
-8783
-3247
-8995
-3219
-9143
-3199
-9391
-3211
-9651
-3179
-9971
-3219
-10219
-3275
-10411
-3179
-10715
-3243
-10867
-3275
-11067
-3211
-11371
-3195
-11547
-3243
-11827
-3203
-12155
-3251
-12315
-3235
-12579
-3235
-12811
-3147
-12995
-3243
-13267
-3259
-13491
-3243
-13715
-3219
-14011
-3187
-14283
-3275
-14515
-3171
-14787
-3243
-15027
-3267
-15195
-3195
-15395
-3163
-15723
-3211
-15947
-3267
-16227
-3171
-16395
-3203
-16595
-3163
-16851
-3227
-17115
-3203
-17379
-3163
-17547
-3243
-17795
-3163
-18067
-3155
-18387
-3235
-18507
-3275
-18835
-3391
93
-3415
-67
-3399
-367
-3467
-559
-3363
-743
-3491
-1099
-3419
-1343
-3499
-1511
-3479
-1731
-3467
-2003
-3507
-2267
-3383
-2431
-3447
-2679
-3495
-2951
-3467
-3239
-3375
-3403
-3459
-3695
-3443
-3975
-3463
-4155
-3455
-4363
-3495
-4659
-3503
-4851
-3483
-5139
-3427
-5343
-3379
-5615
-3359
-5823
-3507
-6047
-3483
-6263
-3403
-6587
-3407
-6827
-3479
-7043
-3475
-7287
-3411
-7499
-3511
-7747
-3503
-8027
-3379
-8243
-3487
-8531
-3515
-8747
-3383
-8931
-3383
-9115
-3399
-9363
-3483
-9755
-3507
-9915
-3499
-10155
-3403
-10443
-3467
-10627
-3491
-10835
-3515
-11067
-3403
-11395
-3451
-11635
-3403
-11811
-3443
-12027
-3395
-12355
-3475
-12595
-3387
-12787
-3435
-13051
-3435
-13355
-3467
-13595
-3467
-13803
-3507
-14011
-3499
-14267
-3395
-14443
-3483
-14675
-3499
-15003
-3395
-15251
-3491
-15419
-3507
-15659
-3451
-15995
-3459
-16115
-3507
-16411
-3507
-16667
-3451
-16859
-3515
-17067
-3435
-17387
-3499
-17563
-3507
-17875
-3451
-18107
-3483
-18355
-3507
-18563
-3395
-18859
-3635
149
-3739
-59
-3643
-315
-3747
-571
-3627
-851
-3691
-1035
-3747
-1219
-3631
-1467
-3699
-1779
-3687
-2071
-3679
-2163
-3715
-2435
-3703
-2707
-3715
-2987
-3659
-3139
-3647
-3459
-3663
-3635
-3635
-3995
-3755
-4199
-3743
-4375
-3655
-4579
-3623
-4883
-3703
-5139
-3743
-5403
-3647
-5547
-3627
-5855
-3667
-6067
-3619
-6371
-3643
-6611
-3615
-6779
-3671
-7019
-3659
-7211
-3667
-7455
-3683
-7827
-3691
-8055
-3671
-8199
-3639
-8451
-3719
-8747
-3603
-8923
-3667
-9251
-3699
-9427
-3723
-9699
-3651
-9931
-3651
-10219
-3675
-10347
-3723
-10603
-3747
-10851
-3627
-11067
-3739
-11435
-3683
-11579
-3755
-11867
-3731
-12147
-3707
-12315
-3651
-12563
-3747
-12827
-3691
-13115
-3659
-13347
-3731
-13555
-3723
-13747
-3739
-14067
-3699
-14211
-3739
-14443
-3715
-14675
-3739
-14971
-3699
-15211
-3699
-15459
-3747
-15707
-3691
-15939
-3723
-16219
-3651
-16411
-3683
-16659
-3755
-16923
-3635
-17115
-3699
-17411
-3715
-17627
-3667
-17891
-3731
-18107
-3723
-18291
-3739
-18619
-3739
-18819
-3887
93
-3883
-75
-3883
-355
-3951
-531
-3911
-855
-3959
-1047
-3911
-1295
-3971
-1523
-3955
-1703
-3915
-2003
-3887
-2303
-3939
-2459
-3959
-2751
-3923
-2975
-3915
-3115
-3863
-3375
-3855
-3699
-3875
-3851
-3959
-4147
-3855
-4367
-3947
-4579
-3979
-4883
-3875
-5187
-3931
-5383
-3955
-5647
-3883
-5799
-3947
-6031
-3983
-6331
-3899
-6619
-3867
-6855
-3979
-6975
-3955
-7251
-3939
-7571
-3963
-7715
-3959
-7943
-3951
-8283
-3899
-8547
-3883
-8731
-3887
-8943
-3947
-9207
-3915
-9431
-3915
-9731
-3939
-9955
-3987
-10139
-3923
-10427
-3987
-10611
-3971
-10843
-3899
-11139
-3955
-11403
-3923
-11587
-3979
-11907
-3987
-12075
-3987
-12355
-3907
-12595
-3883
-12859
-3891
-13027
-3947
-13299
-3931
-13507
-3963
-13755
-3947
-13995
-3963
-14299
-3971
-14451
-3995
-14779
-3995
-14955
-3891
-15195
-3907
-15419
-3891
-15715
-3971
-15931
-3987
-16211
-3899
-16427
-3995
-16699
-3883
-16891
-3899
-17187
-3899
-17363
-3939
-17643
-3979
-17867
-3987
-18075
-3979
-18371
-3979
-18603
-3995
-18867
-4147
85
-4223
-135
-4127
-375
-4171
-543
-4187
-727
-4111
-1015
-4203
-1291
-4207
-1559
-4207
-1679
-4159
-2059
-4203
-2227
-4199
-2523
-4119
-2687
-4127
-2963
-4175
-3147
-4195
-3391
-4131
-3703
-4119
-3859
-4167
-4187
-4179
-4471
-4131
-4611
-4215
-4867
-4203
-5171
-4211
-5399
-4163
-5591
-4163
-5895
-4175
-6087
-4127
-6379
-4195
-6583
-4119
-6767
-4203
-7075
-4179
-7291
-4175
-7539
-4147
-7763
-4231
-8051
-4219
-8211
-4175
-8419
-4211
-8719
-4211
-8951
-4143
-9187
-4199
-9403
-4187
-9643
-4179
-9971
-4171
-10187
-4195
-10443
-4163
-10643
-4211
-10859
-4163
-11195
-4203
-11403
-4235
-11643
-4203
-11907
-4219
-12091
-4139
-12315
-4227
-12507
-4235
-12803
-4147
-13075
-4139
-13355
-4147
-13579
-4211
-13827
-4163
-13995
-4179
-14235
-4227
-14523
-4107
-14699
-4211
-14931
-4219
-15171
-4147
-15507
-4227
-15723
-4187
-15923
-4171
-16227
-4235
-16395
-4227
-16587
-4123
-16955
-4235
-17091
-4171
-17371
-4147
-17667
-4227
-17795
-4195
-18035
-4203
-18283
-4219
-18619
-4123
-18851
-4419
93
-4459
-7
-4443
-243
-4423
-587
-4323
-827
-4359
-1115
-4419
-1299
-4431
-1579
-4447
-1823
-4431
-1931
-4419
-2163
-4383
-2515
-4355
-2703
-4387
-2975
-4439
-3251
-4367
-3459
-4387
-3631
-4383
-3963
-4359
-4127
-4371
-4395
-4363
-4667
-4427
-4875
-4419
-5111
-4431
-5315
-4375
-5587
-4427
-5859
-4327
-6059
-4411
-6287
-4439
-6627
-4443
-6827
-4403
-7007
-4355
-7267
-4339
-7455
-4379
-7755
-4451
-7987
-4443
-8279
-4415
-8419
-4327
-8691
-4475
-8951
-4347
-9115
-4451
-9515
-4467
-9683
-4363
-9947
-4355
-10155
-4467
-10355
-4475
-10603
-4411
-10899
-4419
-11099
-4379
-11435
-4443
-11611
-4427
-11867
-4467
-12131
-4443
-12371
-4467
-12611
-4459
-12763
-4363
-13003
-4443
-13259
-4459
-13563
-4411
-13795
-4427
-14043
-4355
-14315
-4395
-14555
-4475
-14723
-4443
-15027
-4371
-15259
-4459
-15467
-4427
-15667
-4467
-15979
-4363
-16123
-4443
-16395
-4371
-16659
-4435
-16907
-4419
-17131
-4459
-17403
-4411
-17619
-4443
-17907
-4467
-18147
-4363
-18363
-4387
-18563
-4379
-18851
-4667
93
-4635
-31
-4667
-259
-4659
-543
-4595
-747
-4631
-1075
-4639
-1311
-4575
-1471
-4627
-1703
-4687
-1931
-4651
-2299
-4651
-2467
-4651
-2691
-4651
-3015
-4599
-3139
-4663
-3467
-4667
-3703
-4579
-3879
-4575
-4211
-4643
-4371
-4619
-4583
-4699
-4851
-4635
-5115
-4583
-5347
-4571
-5579
-4643
-5871
-4579
-6059
-4631
-6291
-4691
-6487
-4711
-6755
-4587
-6983
-4655
-7235
-4623
-7595
-4631
-7699
-4571
-8019
-4707
-8251
-4623
-8419
-4703
-8763
-4647
-9007
-4671
-9135
-4615
-9459
-4611
-9747
-4707
-9995
-4587
-10235
-4595
-10411
-4675
-10635
-4675
-10923
-4715
-11091
-4675
-11355
-4667
-11555
-4675
-11811
-4691
-12131
-4611
-12395
-4659
-12579
-4683
-12843
-4667
-13043
-4691
-13347
-4715
-13483
-4707
-13739
-4683
-13987
-4683
-14243
-4715
-14523
-4619
-14739
-4619
-14931
-4627
-15219
-4627
-15387
-4683
-15683
-4619
-15971
-4603
-16179
-4675
-16379
-4691
-16603
-4675
-16923
-4691
-17147
-4691
-17379
-4659
-17563
-4587
-17795
-4667
-18099
-4595
-18275
-4643
-18539
-4643
-18827
-4907
109
-4847
-27
-4919
-279
-4843
-619
-4891
-771
-4879
-1087
-4911
-1227
-4907
-1479
-4935
-1815
-4923
-1959
-4827
-2259
-4935
-2483
-4879
-2667
-4939
-2967
-4875
-3183
-4899
-3507
-4851
-3683
-4843
-3851
-4891
-4171
-4811
-4463
-4875
-4603
-4819
-4895
-4947
-5103
-4879
-5403
-4875
-5675
-4947
-5855
-4903
-6031
-4847
-6355
-4923
-6587
-4883
-6783
-4915
-7087
-4847
-7195
-4883
-7507
-4887
-7703
-4851
-7995
-4891
-8239
-4819
-8451
-4931
-8723
-4843
-8971
-4911
-9235
-4903
-9499
-4827
-9707
-4883
-9907
-4859
-10139
-4915
-10451
-4923
-10715
-4907
-10851
-4955
-11147
-4923
-11339
-4939
-11619
-4907
-11875
-4891
-12083
-4947
-12379
-4875
-12627
-4907
-12843
-4947
-13075
-4955
-13315
-4827
-13483
-4883
-13731
-4859
-14011
-4851
-14211
-4947
-14459
-4891
-14707
-4851
-15035
-4899
-15235
-4931
-15395
-4931
-15707
-4931
-15963
-4891
-16115
-4923
-16435
-4939
-16667
-4955
-16939
-4827
-17075
-4931
-17323
-4939
-17675
-4939
-17915
-4851
-18115
-4907
-18323
-4947
-18555
-4923
-18843
-5107
133
-5043
-107
-5051
-315
-5139
-531
-5131
-819
-5123
-995
-5103
-1323
-5051
-1491
-5179
-1683
-5163
-1939
-5091
-2195
-5067
-2503
-5179
-2779
-5099
-2907
-5135
-3179
-5135
-3371
-5067
-3707
-5139
-3927
-5135
-4171
-5051
-4367
-5071
-4615
-5099
-4867
-5091
-5131
-5119
-5415
-5127
-5539
-5051
-5855
-5195
-6051
-5063
-6327
-5175
-6607
-5135
-6751
-5083
-7039
-5071
-7287
-5107
-7587
-5091
-7779
-5183
-8075
-5123
-8155
-5175
-8519
-5171
-8695
-5071
-8911
-5059
-9203
-5163
-9483
-5075
-9627
-5115
-9987
-5107
-10123
-5179
-10467
-5147
-10603
-5171
-10867
-5155
-11131
-5179
-11363
-5107
-11571
-5187
-11883
-5179
-12139
-5123
-12339
-5187
-12547
-5187
-12835
-5155
-12987
-5147
-13347
-5163
-13587
-5179
-13803
-5187
-13963
-5155
-14219
-5171
-14443
-5187
-14771
-5075
-14915
-5187
-15219
-5147
-15395
-5187
-15643
-5091
-15899
-5171
-16227
-5067
-16395
-5187
-16659
-5131
-16875
-5123
-17075
-5091
-17363
-5075
-17555
-5083
-17915
-5139
-18107
-5171
-18315
-5195
-18587
-5115
-18867
-5379
85
-5347
-99
-5435
-267
-5427
-547
-5395
-739
-5395
-1055
-5355
-1295
-5411
-1587
-5435
-1819
-5395
-1995
-5427
-2291
-5363
-2407
-5427
-2739
-5427
-3011
-5331
-3127
-5323
-3475
-5403
-3675
-5379
-3927
-5411
-4131
-5435
-4459
-5403
-4595
-5339
-4851
-5347
-5139
-5411
-5387
-5427
-5547
-5379
-5835
-5371
-6059
-5395
-6259
-5411
-6507
-5427
-6851
-5435
-7115
-5347
-7307
-5411
-7595
-5387
-7791
-5435
-7987
-5347
-8199
-5427
-8475
-5403
-8779
-5411
-8939
-5403
-9243
-5363
-9483
-5379
-9739
-5379
-9915
-5419
-10115
-5307
-10387
-5395
-10619
-5435
-10899
-5371
-11123
-5323
-11427
-5323
-11611
-5427
-11843
-5363
-12099
-5331
-12323
-5323
-12515
-5435
-12835
-5379
-13027
-5419
-13259
-5427
-13595
-5411
-13771
-5307
-14043
-5323
-14267
-5435
-14475
-5419
-14731
-5395
-14923
-5387
-15275
-5387
-15443
-5339
-15675
-5403
-15923
-5371
-16115
-5363
-16443
-5395
-16587
-5323
-16891
-5435
-17163
-5395
-17355
-5387
-17595
-5403
-17899
-5371
-18027
-5403
-18387
-5427
-18563
-5411
-18819
-5651
93
-5595
-107
-5635
-355
-5675
-563
-5555
-835
-5619
-1091
-5603
-1339
-5627
-1547
-5675
-1779
-5667
-2035
-5603
-2203
-5579
-2499
-5603
-2771
-5627
-2915
-5595
-3227
-5627
-3467
-5635
-3715
-5667
-3995
-5667
-4235
-5651
-4347
-5571
-4667
-5675
-4867
-5619
-5099
-5595
-5395
-5611
-5547
-5555
-5851
-5627
-6083
-5619
-6275
-5659
-6603
-5587
-6875
-5587
-7107
-5635
-7243
-5619
-7507
-5643
-7715
-5611
-8075
-5547
-8227
-5571
-8523
-5611
-8747
-5603
-9003
-5547
-9227
-5595
-9491
-5635
-9691
-5587
-9915
-5611
-10163
-5643
-10371
-5651
-10635
-5619
-10939
-5667
-11179
-5611
-11427
-5659
-11635
-5635
-11883
-5667
-12155
-5667
-12267
-5643
-12635
-5659
-12779
-5651
-13035
-5635
-13251
-5571
-13595
-5667
-13747
-5659
-14051
-5635
-14211
-5555
-14475
-5651
-14699
-5643
-15003
-5595
-15259
-5555
-15515
-5643
-15755
-5603
-15883
-5555
-16163
-5603
-16443
-5627
-16699
-5675
-16875
-5635
-17115
-5635
-17419
-5619
-17571
-5547
-17859
-5675
-18131
-5603
-18283
-5595
-18563
-5627
-18875
-5867
149
-5859
-91
-5875
-275
-5827
-523
-5859
-835
-5899
-995
-5795
-1259
-5891
-1547
-5843
-1835
-5875
-2019
-5907
-2275
-5811
-2451
-5915
-2699
-5899
-3027
-5907
-3179
-5787
-3483
-5795
-3635
-5835
-3995
-5907
-4155
-5843
-4395
-5899
-4595
-5843
-4827
-5907
-5139
-5835
-5387
-5891
-5571
-5867
-5867
-5867
-6123
-5907
-6395
-5867
-6603
-5787
-6787
-5835
-7099
-5851
-7275
-5915
-7555
-5843
-7819
-5915
-7987
-5883
-8227
-5883
-8483
-5787
-8691
-5907
-9019
-5843
-9211
-5907
-9459
-5883
-9667
-5835
-9995
-5843
-10235
-5875
-10363
-5811
-10651
-5875
-10907
-5787
-11187
-5803
-11363
-5883
-11643
-5915
-11835
-5843
-12155
-5875
-12339
-5883
-12539
-5915
-12851
-5915
-13083
-5907
-13339
-5867
-13475
-5867
-13755
-5859
-13955
-5899
-14211
-5915
-14483
-5899
-14715
-5875
-14931
-5787
-15235
-5899
-15387
-5811
-15739
-5891
-15907
-5835
-16195
-5899
-16379
-5907
-16635
-5827
-16923
-5883
-17187
-5891
-17371
-5907
-17587
-5883
-17891
-5843
-18123
-5875
-18267
-5787
-18547
-5835
-18859
-6107
101
-6043
-99
-6147
-347
-6099
-595
-6139
-827
-6131
-1115
-6131
-1331
-6051
-1515
-6131
-1755
-6155
-1947
-6091
-2307
-6147
-2507
-6131
-2795
-6027
-3035
-6147
-3235
-6083
-3483
-6115
-3723
-6091
-3931
-6123
-4195
-6043
-4475
-6123
-4643
-6083
-4931
-6115
-5163
-6099
-5371
-6107
-5611
-6099
-5915
-6123
-6075
-6155
-6355
-6099
-6531
-6123
-6875
-6107
-7051
-6139
-7275
-6131
-7531
-6099
-7715
-6099
-8075
-6035
-8227
-6075
-8507
-6059
-8731
-6147
-9035
-6139
-9235
-6035
-9467
-6091
-9651
-6155
-9931
-6075
-10107
-6027
-10419
-6139
-10699
-6035
-10899
-6075
-11091
-6051
-11347
-6067
-11563
-6099
-11811
-6147
-12075
-6027
-12307
-6155
-12619
-6155
-12787
-6099
-13083
-6131
-13227
-6075
-13595
-6099
-13723
-6099
-13987
-6075
-14211
-6051
-14467
-6035
-14707
-6123
-14971
-6099
-15187
-6067
-15403
-6123
-15683
-6099
-15955
-6123
-16107
-6027
-16395
-6099
-16691
-6075
-16891
-6067
-17155
-6139
-17331
-6043
-17555
-6139
-17891
-6123
-18115
-6139
-18323
-6115
-18539
-6099
-18843
-6395
133
-6323
-83
-6379
-323
-6339
-603
-6371
-747
-6275
-987
-6355
-1267
-6299
-1563
-6395
-1723
-6307
-2019
-6307
-2235
-6331
-2443
-6395
-2739
-6323
-3027
-6347
-3195
-6387
-3483
-6395
-3755
-6363
-3979
-6331
-4203
-6275
-4443
-6387
-4595
-6395
-4915
-6339
-5179
-6323
-5411
-6363
-5595
-6395
-5891
-6291
-6099
-6331
-6315
-6307
-6507
-6379
-6803
-6355
-7035
-6331
-7355
-6371
-7539
-6395
-7715
-6379
-7947
-6299
-8251
-6291
-8547
-6315
-8739
-6315
-9011
-6331
-9155
-6299
-9515
-6379
-9715
-6379
-9883
-6355
-10171
-6299
-10427
-6387
-10699
-6267
-10955
-6371
-11115
-6355
-11371
-6315
-11635
-6291
-11819
-6283
-12075
-6339
-12379
-6395
-12507
-6307
-12755
-6307
-13067
-6299
-13339
-6339
-13539
-6331
-13803
-6355
-13995
-6387
-14299
-6339
-14459
-6267
-14699
-6315
-14923
-6355
-15275
-6387
-15467
-6291
-15667
-6307
-15923
-6387
-16131
-6315
-16379
-6339
-16635
-6395
-16835
-6371
-17187
-6307
-17323
-6395
-17603
-6323
-17851
-6387
-18099
-6355
-18339
-6363
-18611
-6275
-18827
-6563
117
-6635
-27
-6595
-331
-6523
-571
-6603
-859
-6523
-1043
-6595
-1315
-6627
-1483
-6555
-1763
-6563
-2051
-6627
-2259
-6611
-2475
-6539
-2691
-6627
-2931
-6555
-3179
-6579
-3403
-6619
-3699
-6515
-3867
-6515
-4235
-6595
-4419
-6555
-4603
-6595
-4875
-6635
-5179
-6595
-5387
-6595
-5547
-6531
-5827
-6627
-6099
-6563
-6371
-6627
-6563
-6587
-6867
-6627
-7003
-6603
-7283
-6611
-7571
-6571
-7803
-6571
-8011
-6531
-8299
-6515
-8491
-6619
-8675
-6619
-8995
-6627
-9171
-6579
-9451
-6595
-9699
-6555
-9987
-6523
-10139
-6619
-10427
-6547
-10707
-6635
-10835
-6627
-11075
-6531
-11411
-6611
-11651
-6571
-11803
-6507
-12115
-6627
-12307
-6635
-12547
-6595
-12819
-6635
-13051
-6531
-13291
-6587
-13515
-6611
-13755
-6635
-14051
-6627
-14307
-6507
-14531
-6555
-14731
-6611
-15011
-6555
-15267
-6635
-15499
-6555
-15675
-6635
-15883
-6571
-16235
-6531
-16347
-6571
-16603
-6627
-16859
-6579
-17123
-6563
-17387
-6531
-17547
-6547
-17859
-6619
-18131
-6611
-18355
-6507
-18587
-6627
-18827
-6779
149
-6843
-67
-6835
-331
-6819
-579
-6835
-835
-6851
-1059
-6755
-1347
-6875
-1523
-6851
-1811
-6859
-2051
-6867
-2235
-6747
-2483
-6771
-2787
-6755
-2979
-6803
-3235
-6867
-3515
-6859
-3627
-6747
-3899
-6755
-4155
-6851
-4435
-6827
-4659
-6795
-4899
-6851
-5155
-6747
-5323
-6867
-5547
-6835
-5883
-6859
-6139
-6787
-6291
-6755
-6555
-6875
-6867
-6835
-7115
-6779
-7315
-6843
-7595
-6835
-7715
-6755
-8003
-6827
-8243
-6763
-8555
-6803
-8795
-6859
-8979
-6795
-9187
-6859
-9459
-6819
-9747
-6787
-9963
-6851
-10235
-6795
-10371
-6763
-10587
-6867
-10859
-6819
-11131
-6819
-11395
-6779
-11611
-6827
-11883
-6875
-12067
-6843
-12363
-6827
-12627
-6763
-12827
-6867
-13083
-6819
-13323
-6795
-13531
-6875
-13811
-6851
-14019
-6859
-14283
-6787
-14435
-6867
-14691
-6875
-15027
-6851
-15195
-6827
-15411
-6811
-15755
-6827
-15931
-6787
-16171
-6811
-16387
-6859
-16691
-6771
-16939
-6779
-17187
-6763
-17371
-6795
-17619
-6795
-17875
-6763
-18075
-6803
-18355
-6867
-18563
-6795
-18851
-6995
101
-7115
-59
-7075
-307
-7059
-571
-7083
-851
-7027
-1115
-7099
-1355
-7067
-1539
-7051
-1811
-7115
-2019
-7099
-2187
-7043
-2491
-7027
-2787
-7075
-2963
-7059
-3179
-7035
-3507
-7051
-3627
-7043
-3875
-6995
-4203
-7107
-4443
-7083
-4619
-7099
-4899
-7051
-5123
-7091
-5371
-7051
-5635
-7107
-5883
-7051
-6083
-7027
-6355
-7051
-6619
-7083
-6755
-7083
-7059
-7091
-7243
-7035
-7483
-7099
-7803
-7075
-8027
-7067
-8307
-7091
-8555
-7043
-8763
-7059
-9027
-7019
-9195
-7035
-9467
-6987
-9739
-7091
-9995
-7091
-10123
-7075
-10435
-7027
-10659
-7099
-10939
-7091
-11187
-7035
-11323
-7011
-11603
-6995
-11859
-7083
-12091
-7059
-12283
-7059
-12555
-7107
-12787
-7091
-13027
-7027
-13251
-7027
-13491
-6987
-13827
-7075
-13971
-7115
-14227
-7091
-14443
-7067
-14707
-7067
-14963
-7107
-15259
-7043
-15451
-7107
-15691
-7099
-15907
-7019
-16187
-7043
-16411
-7091
-16707
-7099
-16867
-7099
-17107
-7035
-17411
-6987
-17611
-7091
-17843
-7003
-18115
-7043
-18299
-7035
-18515
-7035
-18859
-7347
149
-7235
-83
-7339
-339
-7227
-627
-7339
-875
-7291
-1115
-7331
-1355
-7235
-1563
-7235
-1707
-7275
-2059
-7275
-2219
-7339
-2539
-7355
-2707
-7323
-2987
-7275
-3251
-7323
-3475
-7347
-3731
-7307
-3971
-7355
-4179
-7331
-4395
-7339
-4675
-7323
-4867
-7275
-5147
-7259
-5403
-7315
-5675
-7331
-5787
-7275
-6083
-7355
-6387
-7347
-6595
-7339
-6859
-7339
-7027
-7331
-7299
-7347
-7491
-7307
-7811
-7291
-7995
-7355
-8195
-7307
-8427
-7299
-8723
-7307
-8987
-7307
-9155
-7315
-9499
-7251
-9667
-7251
-9971
-7259
-10123
-7283
-10363
-7339
-10699
-7283
-10875
-7275
-11195
-7227
-11403
-7291
-11667
-7339
-11867
-7291
-12107
-7347
-12307
-7315
-12563
-7347
-12851
-7331
-13107
-7243
-13339
-7331
-13587
-7291
-13835
-7243
-13963
-7251
-14187
-7275
-14531
-7315
-14723
-7307
-14971
-7355
-15219
-7267
-15459
-7251
-15691
-7243
-15875
-7339
-16211
-7339
-16419
-7299
-16691
-7299
-16955
-7331
-17123
-7267
-17379
-7347
-17563
-7259
-17899
-7347
-18075
-7331
-18355
-7339
-18595
-7251
-18827
-7507
133
-7555
-115
-7579
-299
-7563
-507
-7467
-803
-7563
-1067
-7571
-1267
-7595
-1587
-7579
-1803
-7563
-2027
-7515
-2211
-7531
-2443
-7579
-2763
-7595
-2939
-7523
-3219
-7507
-3395
-7531
-3643
-7587
-3875
-7483
-4179
-7555
-4379
-7547
-4699
-7579
-4883
-7507
-5091
-7555
-5323
-7483
-5547
-7571
-5859
-7547
-6147
-7595
-6315
-7507
-6523
-7523
-6787
-7595
-7083
-7515
-7291
-7515
-7547
-7515
-7771
-7579
-7979
-7595
-8203
-7507
-8507
-7475
-8739
-7571
-8955
-7483
-9155
-7595
-9387
-7587
-9659
-7587
-9907
-7539
-10163
-7595
-10475
-7531
-10667
-7539
-10875
-7587
-11099
-7571
-11347
-7579
-11619
-7587
-11891
-7587
-12027
-7563
-12379
-7579
-12587
-7571
-12851
-7531
-13107
-7523
-13347
-7563
-13475
-7571
-13819
-7587
-13979
-7587
-14259
-7547
-14475
-7507
-14779
-7563
-14979
-7475
-15187
-7595
-15491
-7571
-15699
-7563
-15867
-7499
-16163
-7571
-16395
-7539
-16715
-7531
-16899
-7531
-17075
-7571
-17395
-7539
-17643
-7515
-17827
-7555
-18075
-7483
-18315
-7531
-18539
-7499
-18867
-7763
125
-7803
-27
-7755
-307
-7739
-619
-7763
-787
-7787
-1067
-7795
-1227
-7803
-1563
-7811
-1819
-7795
-2075
-7827
-2227
-7819
-2499
-7811
-2763
-7779
-3027
-7811
-3203
-7763
-3435
-7827
-3755
-7707
-3955
-7835
-4123
-7795
-4475
-7763
-4675
-7795
-4883
-7795
-5179
-7731
-5315
-7739
-5603
-7731
-5883
-7835
-6075
-7787
-6387
-7795
-6547
-7811
-6803
-7739
-7075
-7827
-7299
-7747
-7467
-7795
-7819
-7835
-8075
-7811
-8267
-7771
-8467
-7811
-8739
-7731
-9003
-7771
-9211
-7747
-9451
-7779
-9627
-7811
-9931
-7835
-10147
-7827
-10475
-7771
-10659
-7787
-10939
-7779
-11083
-7739
-11355
-7819
-11611
-7747
-11819
-7795
-12131
-7755
-12387
-7811
-12587
-7771
-12867
-7835
-13019
-7755
-13267
-7811
-13467
-7795
-13771
-7811
-14035
-7707
-14275
-7803
-14467
-7747
-14731
-7707
-14915
-7755
-15219
-7787
-15403
-7819
-15627
-7755
-15931
-7747
-16227
-7715
-16451
-7763
-16675
-7835
-16931
-7811
-17067
-7811
-17379
-7819
-17627
-7739
-17851
-7707
-18043
-7827
-18331
-7707
-18571
-7803
-18827
-8059
93
-8003
-91
-7987
-291
-8067
-603
-8067
-819
-8059
-1115
-7995
-1283
-8059
-1587
-8003
-1779
-7971
-2019
-8011
-2235
-8075
-2507
-7963
-2739
-7955
-2995
-8067
-3163
-8003
-3411
-8051
-3731
-8059
-3907
-8075
-4211
-7971
-4371
-8067
-4691
-8011
-4939
-8067
-5179
-8059
-5419
-8051
-5675
-8003
-5803
-8027
-6115
-7979
-6371
-8075
-6531
-7947
-6827
-7947
-7059
-8043
-7307
-7971
-7507
-7987
-7771
-7955
-8051
-8051
-8275
-7995
-8499
-7971
-8715
-8011
-9003
-8067
-9227
-7955
-9411
-7971
-9683
-7955
-9915
-8003
-10155
-8067
-10411
-8027
-10587
-8067
-10851
-7987
-11091
-8035
-11339
-7987
-11643
-8035
-11915
-8059
-12067
-8011
-12307
-8059
-12627
-8011
-12835
-8035
-13075
-8043
-13339
-8067
-13539
-8051
-13795
-8035
-14043
-7947
-14307
-7995
-14507
-7971
-14755
-8051
-14931
-8075
-15251
-8011
-15403
-8011
-15707
-8003
-15995
-8035
-16163
-8035
-16419
-8035
-16715
-8043
-16931
-7963
-17155
-8035
-17371
-8067
-17579
-8051
-17835
-8003
-18139
-8011
-18387
-8035
-18579
-8027
-18867
-8267
133
-8307
-147
-8307
-387
-8259
-555
-8315
-811
-8195
-1043
-8227
-1323
-8243
-1555
-8267
-1763
-8203
-2075
-8283
-2315
-8251
-2507
-8299
-2771
-8243
-3027
-8283
-3163
-8187
-3515
-8299
-3659
-8299
-3899
-8315
-4227
-8219
-4427
-8227
-4651
-8283
-4955
-8251
-5083
-8283
-5411
-8195
-5627
-8243
-5819
-8235
-6043
-8315
-6299
-8243
-6595
-8275
-6875
-8267
-7075
-8203
-7227
-8251
-7571
-8283
-7715
-8195
-8043
-8259
-8219
-8299
-8475
-8299
-8763
-8235
-9011
-8251
-9171
-8235
-9427
-8211
-9643
-8299
-9867
-8259
-10179
-8299
-10379
-8307
-10603
-8307
-10875
-8267
-11067
-8299
-11435
-8315
-11675
-8267
-11811
-8291
-12091
-8267
-12387
-8251
-12611
-8291
-12747
-8291
-13107
-8267
-13251
-8219
-13539
-8227
-13835
-8243
-14075
-8315
-14235
-8291
-14555
-8259
-14675
-8259
-14963
-8203
-15235
-8227
-15411
-8227
-15739
-8315
-15939
-8235
-16123
-8243
-16363
-8251
-16683
-8267
-16851
-8275
-17099
-8227
-17395
-8267
-17603
-8275
-17867
-8307
-18147
-8267
-18323
-8307
-18507
-8291
-18811
-8499
101
-8547
-131
-8507
-291
-8475
-531
-8555
-875
-8459
-995
-8539
-1251
-8531
-1547
-8531
-1715
-8555
-1995
-8451
-2307
-8547
-2459
-8467
-2715
-8523
-2987
-8547
-3179
-8483
-3483
-8523
-3667
-8451
-3923
-8467
-4131
-8539
-4347
-8555
-4595
-8435
-4939
-8555
-5131
-8547
-5331
-8467
-5555
-8507
-5843
-8467
-6107
-8547
-6355
-8435
-6611
-8499
-6843
-8475
-7115
-8475
-7355
-8547
-7475
-8499
-7795
-8491
-8043
-8475
-8267
-8491
-8507
-8435
-8779
-8475
-8955
-8483
-9251
-8491
-9459
-8483
-9731
-8555
-9931
-8427
-10147
-8555
-10475
-8539
-10643
-8547
-10883
-8507
-11139
-8555
-11339
-8531
-11627
-8507
-11819
-8555
-12043
-8515
-12379
-8499
-12635
-8515
-12763
-8531
-13083
-8523
-13259
-8539
-13475
-8547
-13715
-8531
-13979
-8451
-14267
-8547
-14435
-8539
-14747
-8547
-15027
-8531
-15203
-8523
-15499
-8499
-15627
-8555
-15867
-8467
-16235
-8555
-16427
-8491
-16683
-8555
-16851
-8531
-17187
-8531
-17379
-8515
-17587
-8539
-17795
-8531
-18083
-8483
-18339
-8467
-18523
-8515
-18875
-8787
93
-8723
-67
-8683
-379
-8795
-547
-8691
-827
-8771
-1035
-8795
-1283
-8779
-1507
-8731
-1755
-8739
-2011
-8699
-2219
-8707
-2467
-8699
-2779
-8763
-2995
-8771
-3195
-8771
-3507
-8795
-3723
-8667
-3947
-8667
-4235
-8787
-4363
-8771
-4611
-8739
-4907
-8787
-5131
-8731
-5419
-8795
-5675
-8771
-5819
-8779
-6059
-8683
-6267
-8739
-6595
-8795
-6827
-8755
-7091
-8771
-7235
-8763
-7595
-8787
-7763
-8795
-7963
-8795
-8211
-8787
-8523
-8779
-8667
-8747
-9011
-8699
-9179
-8787
-9491
-8731
-9683
-8771
-9923
-8739
-10179
-8715
-10411
-8691
-10699
-8667
-10947
-8771
-11107
-8795
-11403
-8739
-11675
-8707
-11907
-8747
-12131
-8715
-12315
-8747
-12571
-8763
-12747
-8771
-13107
-8795
-13307
-8667
-13483
-8731
-13835
-8723
-14011
-8787
-14267
-8715
-14427
-8771
-14795
-8795
-14923
-8779
-15243
-8763
-15483
-8691
-15731
-8739
-15963
-8747
-16235
-8787
-16363
-8683
-16643
-8763
-16923
-8779
-17107
-8779
-17419
-8731
-17635
-8787
-17891
-8787
-18027
-8771
-18363
-8723
-18603
-8755
-18827
-8939
85
-9011
-59
-8963
-315
-8963
-563
-8995
-795
-9035
-1011
-8923
-1243
-9003
-1571
-8923
-1827
-8971
-2003
-8915
-2267
-8907
-2443
-9027
-2715
-9011
-3027
-8963
-3275
-8979
-3459
-8979
-3739
-8995
-3891
-9011
-4147
-8995
-4395
-8931
-4715
-8923
-4859
-8979
-5179
-8947
-5355
-8939
-5563
-8971
-5875
-9027
-6051
-8915
-6283
-8923
-6635
-8947
-6875
-8955
-6987
-8971
-7299
-9035
-7507
-9035
-7795
-8939
-7979
-8987
-8307
-8947
-8427
-9019
-8707
-8987
-8971
-8939
-9171
-9003
-9435
-9011
-9635
-8979
-9995
-9035
-10147
-8963
-10411
-8987
-10683
-8979
-10835
-8963
-11139
-8987
-11419
-8931
-11563
-9035
-11883
-8987
-12091
-9011
-12267
-8995
-12555
-8971
-12859
-9027
-12987
-9003
-13307
-9027
-13467
-9011
-13811
-8979
-13947
-8987
-14235
-9027
-14467
-9003
-14699
-8987
-15027
-8939
-15147
-9003
-15411
-8995
-15715
-8979
-15939
-8923
-16227
-8971
-16347
-9027
-16707
-9027
-16843
-8931
-17171
-8987
-17355
-8955
-17547
-8987
-17867
-9035
-18075
-8915
-18371
-9027
-18523
-8907
-18867
-9155
93
-9243
-75
-9235
-275
-9203
-563
-9259
-859
-9275
-987
-9275
-1339
-9195
-1523
-9259
-1771
-9219
-2003
-9275
-2187
-9179
-2459
-9195
-2763
-9259
-2915
-9243
-3163
-9259
-3411
-9179
-3699
-9243
-3923
-9195
-4211
-9163
-4475
-9251
-4619
-9243
-4867
-9243
-5195
-9267
-5315
-9235
-5675
-9147
-5835
-9219
-6099
-9227
-6395
-9235
-6579
-9187
-6755
-9259
-7083
-9163
-7259
-9147
-7491
-9259
-7835
-9147
-8035
-9211
-8283
-9243
-8435
-9163
-8771
-9211
-8979
-9251
-9275
-9203
-9483
-9187
-9723
-9267
-9891
-9211
-10147
-9259
-10435
-9179
-10603
-9219
-10835
-9219
-11155
-9219
-11331
-9275
-11651
-9171
-11843
-9163
-12075
-9219
-12323
-9155
-12627
-9179
-12747
-9227
-13011
-9259
-13331
-9227
-13595
-9275
-13803
-9163
-14059
-9227
-14275
-9275
-14499
-9195
-14739
-9163
-14915
-9211
-15243
-9195
-15443
-9211
-15715
-9219
-15939
-9259
-16163
-9235
-16467
-9219
-16611
-9235
-16883
-9203
-17195
-9179
-17427
-9275
-17611
-9243
-17811
-9267
-18139
-9211
-18299
-9203
-18515
-9251
-18867
-9387
101
-9507
-107
-9483
-355
-9387
-563
-9483
-755
-9507
-1043
-9515
-1259
-9435
-1563
-9499
-1755
-9435
-1955
-9411
-2243
-9443
-2539
-9443
-2667
-9451
-2995
-9387
-3155
-9475
-3499
-9475
-3747
-9403
-3899
-9491
-4179
-9475
-4427
-9467
-4715
-9507
-4915
-9395
-5123
-9443
-5355
-9451
-5563
-9491
-5811
-9451
-6123
-9491
-6355
-9419
-6539
-9451
-6795
-9443
-7043
-9443
-7291
-9499
-7579
-9451
-7731
-9491
-8043
-9483
-8259
-9411
-8499
-9491
-8683
-9499
-8979
-9483
-9187
-9395
-9451
-9515
-9643
-9483
-9955
-9475
-10219
-9459
-10467
-9515
-10691
-9499
-10931
-9459
-11139
-9451
-11363
-9483
-11627
-9483
-11803
-9507
-12099
-9443
-12291
-9427
-12531
-9467
-12827
-9475
-13043
-9483
-13251
-9387
-13555
-9403
-13803
-9403
-14067
-9491
-14219
-9491
-14467
-9475
-14739
-9491
-15035
-9411
-15179
-9419
-15387
-9483
-15651
-9499
-15987
-9467
-16147
-9475
-16395
-9451
-16651
-9515
-16867
-9483
-17075
-9467
-17323
-9475
-17667
-9499
-17859
-9499
-18027
-9443
-18307
-9507
-18523
-9483
-18827
-9715
109
-9723
-27
-9747
-339
-9715
-555
-9747
-859
-9667
-1067
-9723
-1227
-9755
-1547
-9755
-1739
-9659
-2067
-9667
-2275
-9723
-2483
-9691
-2787
-9659
-2939
-9691
-3203
-9755
-3475
-9715
-3731
-9723
-3891
-9731
-4163
-9723
-4371
-9699
-4603
-9659
-4923
-9651
-5195
-9715
-5387
-9691
-5675
-9715
-5819
-9731
-6091
-9691
-6267
-9659
-6611
-9723
-6779
-9739
-7019
-9747
-7283
-9747
-7563
-9683
-7771
-9699
-7979
-9731
-8299
-9675
-8459
-9755
-8715
-9699
-8995
-9699
-9179
-9723
-9475
-9707
-9739
-9731
-9995
-9731
-10163
-9747
-10371
-9707
-10643
-9715
-10939
-9755
-11163
-9651
-11427
-9747
-11667
-9723
-11915
-9755
-12083
-9643
-12387
-9747
-12579
-9691
-12875
-9691
-13075
-9691
-13251
-9739
-13507
-9747
-13795
-9747
-14051
-9675
-14243
-9667
-14555
-9651
-14675
-9747
-15011
-9747
-15155
-9699
-15427
-9651
-15723
-9675
-15947
-9731
-16227
-9643
-16387
-9755
-16651
-9747
-16843
-9731
-17091
-9707
-17315
-9731
-17579
-9675
-17907
-9659
-18139
-9715
-18355
-9627
-18507
-9675
-18811
-9979
109
-9979
-35
-9931
-323
-9883
-595
-9979
-811
-9971
-1051
-9971
-1331
-9891
-1483
-9907
-1707
-9987
-1947
-9955
-2291
-9875
-2515
-9899
-2715
-9891
-2971
-9947
-3171
-9875
-3475
-9875
-3715
-9963
-3979
-9907
-4227
-9947
-4355
-9987
-4619
-9907
-4891
-9939
-5187
-9891
-5339
-9963
-5595
-9979
-5803
-9923
-6035
-9915
-6395
-9931
-6555
-9995
-6747
-9963
-7059
-9987
-7331
-9915
-7475
-9995
-7819
-9971
-8027
-9987
-8315
-9907
-8475
-9971
-8795
-9955
-8995
-9891
-9211
-9883
-9483
-9907
-9707
-9995
-9907
-9971
-10131
-9939
-10443
-9875
-10651
-9875
-10923
-9867
-11195
-9947
-11323
-9891
-11675
-9995
-11827
-9955
-12123
-9995
-12307
-9931
-12531
-9995
-12803
-9915
-13019
-9923
-13291
-9899
-13523
-9923
-13755
-9963
-13947
-9979
-14195
-9963
-14459
-9995
-14723
-9979
-14907
-9995
-15259
-9979
-15395
-9987
-15731
-9867
-15979
-9931
-16187
-9987
-16347
-9899
-16603
-9947
-16859
-9963
-17155
-9995
-17387
-9947
-17547
-9963
-17835
-9955
-18083
-9931
-18355
-9947
-18515
-9979
-18827
-10171
101
-10187
-155
-10115
-323
-10235
-563
-10163
-803
-10171
-995
-10227
-1339
-10235
-1571
-10211
-1779
-10235
-2075
-10163
-2267
-10155
-2467
-10219
-2715
-10219
-3019
-10187
-3251
-10187
-3483
-10227
-3643
-10211
-3899
-10227
-4131
-10195
-4435
-10219
-4667
-10179
-4827
-10147
-5163
-10227
-5363
-10147
-5611
-10235
-5811
-10219
-6067
-10107
-6267
-10219
-6571
-10139
-6851
-10147
-7051
-10171
-7299
-10211
-7483
-10187
-7707
-10163
-8043
-10195
-8299
-10219
-8451
-10219
-8707
-10131
-8947
-10155
-9163
-10131
-9459
-10171
-9731
-10155
-9915
-10195
-10107
-10195
-10411
-10139
-10651
-10147
-10827
-10171
-11147
-10235
-11411
-10219
-11675
-10219
-11851
-10155
-12083
-10115
-12395
-10195
-12523
-10107
-12755
-10187
-13083
-10227
-13267
-10219
-13515
-10219
-13755
-10227
-14003
-10139
-14307
-10227
-14523
-10211
-14723
-10195
-14971
-10179
-15211
-10211
-15475
-10227
-15723
-10163
-15931
-10147
-16139
-10179
-16475
-10123
-16699
-10131
-16907
-10227
-17067
-10203
-17355
-10179
-17587
-10211
-17827
-10187
-18099
-10163
-18339
-10195
-18619
-10211
-18835
-10459
133
-10435
-35
-10427
-323
-10411
-555
-10467
-771
-10411
-1075
-10467
-1283
-10443
-1555
-10411
-1811
-10435
-2011
-10443
-2283
-10459
-2515
-10459
-2699
-10443
-2947
-10411
-3251
-10459
-3499
-10443
-3739
-10459
-3907
-10443
-4107
-10419
-4459
-10467
-4603
-10459
-4923
-10419
-5107
-10451
-5395
-10411
-5579
-10459
-5891
-10419
-6059
-10443
-6331
-10467
-6587
-10419
-6811
-10411
-7011
-10467
-7251
-10443
-7507
-10451
-7747
-10427
-7979
-10419
-8227
-10451
-8459
-10427
-8795
-10411
-9003
-10419
-9235
-10427
-9483
-10435
-9747
-10419
-9971
-10467
-10179
-10427
-10347
-10451
-10643
-10467
-10939
-10419
-11123
-10467
-11307
-10451
-11595
-10419
-11787
-10467
-12043
-10451
-12347
-10459
-12523
-10459
-12771
-10475
-13075
-10467
-13243
-10451
-13563
-10475
-13827
-10443
-13979
-10459
-14267
-10451
-14451
-10451
-14739
-10459
-15019
-10451
-15267
-10411
-15451
-10467
-15715
-10475
-15915
-10451
-16115
-10411
-16451
-10427
-16651
-10411
-16915
-10411
-17139
-10467
-17435
-10475
-17643
-10459
-17907
-10411
-18139
-10435
-18395
-10475
-18507
-10467
-18811
