133
362
542
-117
207
-295
237
-540
245
-811
255
-979
411
-1337
313
-1515
340
-1775
274
-1958
331
-2224
153
-2537
153
-2743
289
-2931
263
-3221
441
-3451
141
-3623
97
-3855
145
-4163
133
-4339
297
-4659
125
-4947
141
-5083
109
-5307
85
-5631
85
-5815
101
-6063
85
-6323
101
-6523
101
-6815
101
-7087
93
-7231
117
-7491
133
-7827
133
-7943
101
-8299
93
-8523
93
-8707
93
-9011
117
-9147
85
-9435
149
-9659
85
-9915
93
-10115
133
-10459
85
-10699
149
-10867
133
-11171
125
-11419
125
-11547
85
-11907
125
-12099
85
-12371
109
-12619
133
-12827
85
-13059
117
-13291
117
-13547
117
-13731
101
-14011
93
-14267
133
-14499
93
-14763
109
-14955
117
-15203
149
-15443
133
-15683
85
-15963
141
-16179
109
-16459
149
-16627
133
-16875
109
-17179
109
-17403
85
-17571
133
-17907
117
-18027
101
-18347
109
-18571
125
-18811
-87
549
-115
-40
-113
-283
-130
-626
-87
-833
-90
-1030
-25
-1271
-90
-1527
-103
-1749
-65
-1939
-149
-2249
-87
-2423
-45
-2705
-113
-3023
-25
-3259
-123
-3481
-139
-3665
-39
-3953
-123
-4177
-59
-4349
-75
-4659
-55
-4927
-151
-5183
-11
-5351
-139
-5671
-103
-5871
-127
-6095
-115
-6243
-131
-6587
-107
-6815
-111
-7091
-99
-7235
-63
-7523
-83
-7799
-43
-8011
-107
-8179
-139
-8427
-35
-8691
-99
-8943
-103
-9203
-59
-9419
-107
-9643
-155
-9955
-147
-10155
-115
-10395
-155
-10595
-27
-10851
-123
-11075
-99
-11315
-35
-11603
-123
-11891
-67
-12107
-35
-12315
-99
-12547
-35
-12859
-83
-13019
-43
-13251
-131
-13467
-35
-13835
-139
-14051
-131
-14187
-115
-14443
-107
-14723
-147
-14947
-123
-15147
-147
-15499
-123
-15683
-83
-15939
-147
-16179
-75
-16467
-107
-16587
-115
-16859
-43
-17171
-107
-17315
-115
-17643
-139
-17867
-131
-18123
-139
-18275
-115
-18555
-155
-18827
-243
1093
-294
-50
-322
-348
-290
-562
-269
-859
-337
-1037
-347
-1230
-243
-1577
-356
-1779
-349
-2026
-345
-2303
-355
-2485
-363
-2637
-363
-2925
-335
-3183
-363
-3499
-357
-3665
-285
-3851
-321
-4199
-311
-4399
-347
-4645
-319
-4815
-251
-5035
-263
-5391
-387
-5655
-375
-5811
-291
-6059
-351
-6363
-375
-6519
-379
-6799
-351
-7091
-263
-7223
-347
-7487
-359
-7763
-363
-8007
-263
-8239
-335
-8515
-359
-8695
-263
-8991
-387
-9135
-235
-9435
-387
-9699
-371
-9875
-323
-10163
-307
-10355
-371
-10643
-275
-10923
-339
-11155
-395
-11339
-355
-11627
-339
-11835
-347
-12067
-395
-12315
-395
-12603
-347
-12819
-315
-13075
-331
-13291
-355
-13467
-323
-13723
-371
-13979
-395
-14203
-379
-14531
-355
-14747
-371
-15027
-371
-15259
-291
-15499
-387
-15731
-299
-15867
-379
-16155
-283
-16475
-299
-16707
-371
-16931
-347
-17099
-387
-17387
-267
-17571
-379
-17795
-331
-18147
-315
-18331
-323
-18619
-323
-18819
-515
1870
-528
-131
-546
-235
-582
-553
-612
-839
-532
-1063
-520
-1267
-541
-1503
-603
-1739
-576
-1944
-605
-2187
-485
-2435
-515
-2677
-579
-2985
-597
-3151
-587
-3507
-595
-3651
-545
-3955
-555
-4121
-549
-4435
-613
-4621
-563
-4895
-511
-5059
-599
-5399
-587
-5599
-615
-5795
-575
-6131
-551
-6331
-587
-6519
-551
-6855
-587
-7019
-571
-7203
-607
-7531
-511
-7715
-507
-7971
-547
-8223
-603
-8471
-523
-8655
-615
-8979
-563
-9259
-607
-9411
-563
-9707
-571
-9987
-635
-10235
-507
-10451
-635
-10715
-619
-10851
-611
-11123
-603
-11347
-595
-11595
-619
-11915
-587
-12067
-595
-12315
-571
-12579
-579
-12867
-523
-13083
-627
-13347
-563
-13523
-611
-13755
-635
-13971
-531
-14243
-595
-14435
-563
-14707
-547
-14987
-595
-15259
-571
-15475
-603
-15707
-531
-15915
-547
-16123
-603
-16363
-563
-16675
-571
-16859
-523
-17139
-579
-17411
-507
-17651
-579
-17827
-547
-18075
-579
-18323
-619
-18523
-539
-18811
-759
407
-839
-100
-827
-351
-752
-565
-809
-817
-729
-1026
-745
-1261
-745
-1442
-794
-1797
-791
-2054
-809
-2209
-749
-2517
-809
-2751
-857
-2965
-811
-3211
-821
-3421
-775
-3699
-811
-3905
-783
-4181
-747
-4381
-803
-4637
-851
-4923
-747
-5187
-847
-5427
-823
-5563
-835
-5843
-863
-6011
-819
-6303
-767
-6507
-763
-6827
-819
-6991
-871
-7235
-771
-7475
-843
-7731
-771
-8047
-831
-8251
-791
-8475
-855
-8731
-851
-8975
-831
-9203
-795
-9515
-875
-9675
-787
-9931
-811
-10227
-867
-10459
-867
-10627
-859
-10835
-763
-11099
-835
-11331
-875
-11635
-811
-11867
-875
-12139
-771
-12275
-763
-12611
-811
-12787
-787
-13027
-875
-13235
-835
-13579
-859
-13803
-867
-14059
-843
-14267
-827
-14483
-795
-14691
-875
-14907
-787
-15227
-835
-15499
-771
-15683
-819
-15995
-835
-16123
-803
-16379
-851
-16587
-827
-16899
-827
-17123
-819
-17419
-859
-17571
-875
-17907
-795
-18059
-875
-18379
-875
-18555
-843
-18859
-1059
843
-998
-119
-1068
-335
-1001
-555
-1067
-743
-1065
-1030
-1035
-1290
-1024
-1454
-1022
-1803
-1013
-2012
-1061
-2286
-1009
-2481
-987
-2689
-1079
-2967
-1021
-3215
-1039
-3397
-1075
-3707
-1043
-3931
-981
-4199
-1057
-4431
-1069
-4603
-1015
-4799
-1075
-5103
-1083
-5415
-1043
-5519
-1091
-5879
-1111
-6043
-1087
-6311
-1071
-6571
-1083
-6851
-1047
-7035
-1095
-7235
-1059
-7451
-1003
-7779
-1051
-7963
-1043
-8307
-1003
-8555
-1035
-8651
-1027
-8907
-1023
-9155
-1067
-9475
-1059
-9627
-987
-9875
-1091
-10123
-1003
-10427
-1051
-10627
-987
-10899
-1067
-11107
-1083
-11419
-1043
-11603
-1107
-11835
-1099
-12139
-1051
-12267
-1043
-12555
-1019
-12747
-1115
-13011
-1115
-13267
-1059
-13595
-1099
-13763
-1043
-14027
-1011
-14243
-1067
-14539
-1115
-14723
-995
-14947
-1075
-15187
-1019
-15483
-1003
-15699
-1043
-15923
-1067
-16203
-987
-16403
-1091
-16683
-1099
-16899
-1011
-17131
-1035
-17403
-1051
-17611
-1011
-17899
-1075
-18059
-1115
-18387
-1107
-18635
-1051
-18851
-1291
599
-1257
-53
-1233
-250
-1280
-543
-1235
-850
-1347
-1003
-1327
-1293
-1203
-1493
-1337
-1762
-1242
-1969
-1300
-2233
-1327
-2541
-1245
-2681
-1337
-2951
-1301
-3235
-1259
-3467
-1313
-3709
-1289
-3891
-1331
-4159
-1241
-4397
-1315
-4663
-1207
-4827
-1275
-5055
-1339
-5363
-1311
-5567
-1319
-5871
-1343
-6155
-1263
-6267
-1215
-6523
-1335
-6823
-1315
-7067
-1347
-7291
-1343
-7487
-1255
-7735
-1299
-8035
-1339
-8235
-1251
-8399
-1291
-8655
-1315
-8959
-1315
-9247
-1203
-9383
-1323
-9731
-1331
-9971
-1339
-10131
-1283
-10355
-1323
-10651
-1227
-10955
-1259
-11155
-1291
-11419
-1259
-11595
-1355
-11819
-1291
-12107
-1355
-12379
-1339
-12515
-1291
-12771
-1339
-13091
-1307
-13243
-1331
-13475
-1331
-13763
-1299
-14043
-1275
-14211
-1355
-14523
-1299
-14699
-1259
-14979
-1315
-15219
-1235
-15419
-1299
-15747
-1259
-15931
-1347
-16115
-1227
-16459
-1299
-16667
-1299
-16915
-1339
-17155
-1243
-17307
-1267
-17563
-1355
-17803
-1355
-18059
-1347
-18395
-1355
-18563
-1275
-18835
-1563
459
-1579
-135
-1499
-247
-1541
-521
-1509
-735
-1499
-993
-1591
-1313
-1491
-1485
-1589
-1793
-1511
-2047
-1579
-2189
-1541
-2507
-1507
-2695
-1565
-2909
-1525
-3175
-1477
-3423
-1467
-3733
-1551
-3923
-1555
-4191
-1471
-4451
-1543
-4657
-1467
-4823
-1547
-5059
-1475
-5403
-1463
-5559
-1583
-5863
-1507
-6039
-1547
-6343
-1459
-6603
-1579
-6727
-1543
-7035
-1555
-7355
-1499
-7499
-1559
-7763
-1455
-7983
-1487
-8291
-1595
-8479
-1507
-8759
-1555
-8915
-1559
-9227
-1471
-9367
-1587
-9643
-1571
-9875
-1475
-10227
-1499
-10459
-1587
-10651
-1579
-10915
-1523
-11179
-1531
-11395
-1563
-11579
-1563
-11899
-1547
-12147
-1563
-12379
-1499
-12555
-1563
-12755
-1547
-13043
-1595
-13251
-1531
-13515
-1555
-13835
-1587
-14051
-1555
-14251
-1475
-14515
-1555
-14715
-1579
-15003
-1467
-15147
-1515
-15411
-1547
-15651
-1515
-15963
-1579
-16123
-1539
-16411
-1475
-16675
-1547
-16939
-1579
-17147
-1507
-17323
-1467
-17643
-1595
-17851
-1587
-18115
-1563
-18331
-1467
-18515
-1539
-18835
-1747
557
-1807
-3
-1785
-259
-1795
-583
-1775
-721
-1795
-1021
-1695
-1247
-1747
-1563
-1783
-1683
-1817
-1965
-1735
-2197
-1777
-2469
-1757
-2703
-1749
-2891
-1785
-3215
-1817
-3399
-1757
-3639
-1721
-3885
-1819
-4207
-1813
-4371
-1777
-4695
-1747
-4907
-1819
-5043
-1795
-5387
-1755
-5587
-1795
-5807
-1751
-6079
-1807
-6355
-1783
-6519
-1747
-6795
-1771
-6975
-1811
-7267
-1791
-7571
-1719
-7707
-1807
-7987
-1779
-8267
-1743
-8411
-1835
-8647
-1771
-8983
-1803
-9187
-1715
-9375
-1819
-9723
-1835
-9979
-1827
-10219
-1707
-10395
-1739
-10715
-1819
-10923
-1803
-11155
-1715
-11363
-1827
-11611
-1835
-11819
-1835
-12115
-1779
-12387
-1739
-12547
-1803
-12859
-1779
-13051
-1811
-13307
-1835
-13571
-1795
-13827
-1731
-14027
-1827
-14283
-1731
-14451
-1755
-14683
-1811
-14987
-1835
-15267
-1827
-15467
-1763
-15643
-1835
-15931
-1811
-16171
-1779
-16475
-1803
-16675
-1707
-16899
-1763
-17131
-1787
-17363
-1755
-17547
-1771
-17835
-1755
-18131
-1811
-18267
-1835
-18587
-1827
-18835
-1951
853
-2067
-103
-2049
-361
-2007
-523
-1971
-741
-2035
-1097
-1907
-1275
-1991
-1561
-2027
-1699
-1979
-2003
-2043
-2177
-2031
-2523
-2047
-2679
-2047
-2973
-2041
-3231
-2065
-3399
-2005
-3623
-1989
-3933
-1969
-4115
-2041
-4331
-2029
-4651
-2011
-4911
-2003
-5115
-2015
-5367
-2027
-5659
-2027
-5799
-2007
-6107
-2027
-6339
-1979
-6595
-1983
-6747
-1979
-7099
-2015
-7331
-2055
-7535
-2019
-7739
-2071
-8011
-1963
-8259
-2015
-8507
-1967
-8771
-2019
-9031
-1943
-9175
-2023
-9419
-2075
-9755
-1947
-9987
-1995
-10139
-1947
-10467
-2075
-10651
-2059
-10939
-1947
-11155
-2043
-11419
-2075
-11651
-2035
-11867
-2051
-12099
-2043
-12347
-2027
-12627
-2035
-12787
-2059
-13075
-2011
-13267
-1979
-13523
-1971
-13827
-2051
-14075
-2051
-14187
-2059
-14507
-1995
-14683
-2035
-14995
-2075
-15187
-2059
-15435
-2051
-15667
-1947
-15907
-2027
-16235
-2003
-16419
-2043
-16707
-1979
-16939
-1971
-17123
-2051
-17371
-2003
-17563
-2075
-17859
-2051
-18147
-1995
-18339
-2011
-18627
-2075
-18835
-2219
577
-2277
-57
-2261
-253
-2189
-535
-2195
-851
-2173
-997
-2273
-1251
-2263
-1435
-2253
-1691
-2279
-1995
-2227
-2201
-2203
-2525
-2211
-2691
-2159
-2975
-2273
-3183
-2311
-3403
-2231
-3647
-2297
-3969
-2235
-4177
-2183
-4457
-2239
-4573
-2279
-4899
-2279
-5091
-2255
-5403
-2187
-5643
-2255
-5867
-2219
-6011
-2259
-6279
-2167
-6491
-2259
-6763
-2275
-7019
-2211
-7327
-2283
-7447
-2271
-7715
-2187
-8031
-2295
-8263
-2267
-8507
-2291
-8639
-2159
-8987
-2195
-9183
-2235
-9467
-2219
-9635
-2235
-9955
-2203
-10203
-2259
-10459
-2299
-10627
-2291
-10947
-2235
-11131
-2283
-11355
-2203
-11643
-2243
-11795
-2227
-12099
-2291
-12323
-2307
-12507
-2243
-12803
-2307
-13035
-2227
-13251
-2267
-13563
-2235
-13755
-2259
-13987
-2259
-14243
-2195
-14491
-2315
-14675
-2243
-15027
-2195
-15227
-2211
-15459
-2259
-15643
-2243
-15883
-2315
-16227
-2235
-16363
-2291
-16683
-2251
-16923
-2219
-17123
-2235
-17323
-2203
-17659
-2259
-17891
-2307
-18067
-2315
-18363
-2283
-18587
-2251
-18851
-2495
1399
-2463
-17
-2533
-259
-2485
-585
-2487
-777
-2467
-1047
-2407
-1277
-2483
-1489
-2443
-1739
-2505
-1973
-2457
-2257
-2515
-2537
-2437
-2707
-2523
-2903
-2503
-3199
-2463
-3347
-2525
-3649
-2463
-3851
-2493
-4195
-2433
-4411
-2459
-4603
-2503
-4843
-2431
-5147
-2519
-5351
-2475
-5535
-2499
-5851
-2487
-6027
-2547
-6291
-2455
-6579
-2527
-6747
-2479
-7023
-2531
-7311
-2435
-7543
-2423
-7807
-2543
-8023
-2531
-8227
-2503
-8507
-2419
-8755
-2479
-8951
-2499
-9223
-2483
-9411
-2475
-9659
-2539
-9939
-2483
-10211
-2555
-10411
-2531
-10603
-2531
-10883
-2555
-11187
-2499
-11411
-2467
-11571
-2555
-11883
-2523
-12091
-2515
-12299
-2531
-12627
-2539
-12819
-2507
-13043
-2555
-13235
-2467
-13475
-2435
-13731
-2499
-14035
-2507
-14211
-2435
-14483
-2435
-14779
-2539
-15027
-2531
-15219
-2451
-15459
-2547
-15715
-2555
-15891
-2467
-16203
-2507
-16459
-2499
-16699
-2499
-16883
-2523
-17083
-2451
-17323
-2475
-17651
-2507
-17795
-2475
-18123
-2499
-18387
-2507
-18523
-2451
-18867
-2735
125
-2719
-119
-2699
-319
-2699
-491
-2763
-847
-2779
-1099
-2719
-1283
-2699
-1459
-2763
-1711
-2723
-1983
-2731
-2259
-2759
-2531
-2635
-2723
-2751
-2999
-2747
-3211
-2751
-3487
-2691
-3699
-2739
-3879
-2731
-4179
-2779
-4415
-2723
-4691
-2707
-4907
-2739
-5143
-2711
-5327
-2775
-5619
-2751
-5879
-2755
-6039
-2715
-6379
-2767
-6547
-2747
-6815
-2691
-7047
-2647
-7343
-2731
-7587
-2731
-7807
-2771
-7975
-2703
-8183
-2679
-8471
-2735
-8667
-2663
-8899
-2715
-9211
-2783
-9447
-2707
-9699
-2691
-9931
-2755
-10227
-2787
-10443
-2755
-10595
-2675
-10899
-2731
-11091
-2787
-11347
-2691
-11635
-2747
-11907
-2795
-12115
-2683
-12363
-2771
-12595
-2795
-12819
-2667
-13115
-2723
-13243
-2779
-13515
-2731
-13747
-2747
-14075
-2779
-14187
-2787
-14555
-2723
-14779
-2779
-14987
-2683
-15275
-2763
-15459
-2763
-15699
-2747
-15947
-2795
-16211
-2795
-16419
-2715
-16627
-2755
-16947
-2723
-17115
-2795
-17339
-2755
-17643
-2779
-17843
-2747
-18123
-2723
-18387
-2771
-18539
-2691
-18811
-2923
125
-3027
-127
-2907
-283
-3011
-583
-2947
-731
-3023
-1075
-2931
-1295
-2939
-1467
-2971
-1803
-3011
-2071
-3019
-2207
-3003
-2455
-2979
-2787
-3003
-2923
-2979
-3231
-2899
-3479
-2983
-3611
-2895
-3915
-2971
-4095
-2943
-4431
-2979
-4583
-2887
-4859
-3023
-5107
-2935
-5323
-2903
-5543
-2887
-5867
-3011
-6043
-2903
-6387
-3003
-6563
-2983
-6855
-2983
-7063
-2915
-7263
-2983
-7467
-2891
-7787
-2955
-7963
-2915
-8259
-2955
-8487
-2955
-8683
-2979
-8983
-2939
-9151
-2935
-9383
-3003
-9707
-2931
-9875
-2939
-10115
-3019
-10435
-3019
-10587
-3003
-10939
-3011
-11163
-2971
-11379
-3019
-11555
-2971
-11915
-3019
-12131
-3019
-12379
-2947
-12515
-3027
-12803
-2995
-13051
-2923
-13259
-3035
-13595
-3003
-13755
-3011
-14043
-3011
-14267
-2979
-14539
-2931
-14779
-2963
-14955
-2931
-15219
-2971
-15467
-2915
-15651
-2995
-15883
-2907
-16115
-2995
-16403
-3035
-16675
-3027
-16955
-3003
-17083
-2931
-17315
-3027
-17555
-2955
-17875
-2939
-18155
-2995
-18291
-3019
-18611
-2907
-18851
-3167
141
-3215
-79
-3151
-347
-3187
-587
-3183
-847
-3219
-1083
-3187
-1263
-3263
-1559
-3139
-1803
-3207
-2047
-3247
-2195
-3147
-2543
-3195
-2719
-3203
-3019
-3199
-3171
-3247
-3435
-3227
-3707
-3259
-3971
-3139
-4135
-3243
-4411
-3215
-4591
-3183
-4899
-3235
-5163
-3255
-5315
-3235
-5563
-3235
-5859
-3187
-6099
-3223
-6307
-3263
-6563
-3247
-6807
-3211
-7019
-3215
-7251
-3203
-7555
-3243
-7715
-3215
-7967
-3219
-8251
-3239
-8443
-3263
-8767
-3183
-9003
-3251
-9171
-3191
-9499
-3243
-9643
-3203
-9867
-3195
-10107
-3251
-10451
-3243
-10627
-3243
-10883
-3275
-11083
-3219
-11307
-3163
-11627
-3227
-11915
-3235
-12067
-3219
-12363
-3235
-12611
-3235
-12755
-3275
-13115
-3243
-13259
-3195
-13523
-3211
-13835
-3275
-14019
-3163
-14315
-3195
-14515
-3187
-14787
-3267
-14939
-3195
-15195
-3251
-15507
-3187
-15707
-3219
-15875
-3203
-16187
-3187
-16355
-3275
-16675
-3203
-16939
-3187
-17131
-3275
-17435
-3147
-17627
-3203
-17803
-3275
-18059
-3227
-18379
-3163
-18515
-3171
-18827
-3375
101
-3399
-91
-3395
-379
-3467
-539
-3459
-803
-3507
-1011
-3423
-1323
-3475
-1503
-3443
-1707
-3511
-2015
-3459
-2223
-3383
-2419
-3483
-2659
-3411
-2967
-3471
-3239
-3459
-3407
-3431
-3683
-3399
-3951
-3423
-4187
-3439
-4419
-3463
-4659
-3395
-4863
-3455
-5171
-3407
-5391
-3471
-5627
-3427
-5831
-3455
-6031
-3487
-6307
-3427
-6515
-3407
-6831
-3499
-7027
-3483
-7287
-3455
-7459
-3467
-7755
-3403
-7951
-3419
-8199
-3507
-8459
-3455
-8747
-3427
-8899
-3423
-9163
-3451
-9423
-3459
-9627
-3499
-9867
-3467
-10235
-3411
-10411
-3515
-10635
-3507
-10859
-3515
-11155
-3459
-11435
-3475
-11595
-3515
-11899
-3419
-12027
-3435
-12323
-3467
-12635
-3387
-12763
-3515
-13099
-3443
-13315
-3411
-13467
-3451
-13819
-3499
-14067
-3387
-14187
-3419
-14443
-3499
-14755
-3491
-14955
-3499
-15267
-3427
-15459
-3475
-15659
-3499
-15939
-3427
-16211
-3435
-16355
-3499
-16699
-3475
-16891
-3459
-17107
-3507
-17403
-3443
-17595
-3507
-17827
-3507
-18067
-3475
-18355
-3427
-18635
-3515
-18811
-3659
149
-3635
-127
-3715
-375
-3683
-483
-3715
-851
-3731
-1107
-3623
-1319
-3631
-1467
-3715
-1747
-3671
-2007
-3635
-2175
-3731
-2435
-3715
-2659
-3727
-2987
-3727
-3195
-3731
-3471
-3659
-3679
-3603
-3975
-3631
-4211
-3611
-4439
-3659
-4583
-3627
-4847
-3703
-5099
-3731
-5371
-3667
-5655
-3631
-5915
-3655
-6067
-3611
-6367
-3623
-6495
-3747
-6819
-3691
-7083
-3647
-7207
-3723
-7563
-3707
-7691
-3707
-7983
-3707
-8263
-3743
-8487
-3675
-8743
-3735
-8943
-3647
-9155
-3687
-9483
-3683
-9707
-3627
-9971
-3755
-10227
-3731
-10387
-3699
-10603
-3683
-10939
-3747
-11147
-3755
-11331
-3635
-11675
-3747
-11811
-3699
-12027
-3667
-12339
-3651
-12619
-3715
-12867
-3699
-13075
-3627
-13283
-3739
-13523
-3747
-13779
-3755
-14059
-3715
-14275
-3723
-14483
-3731
-14731
-3739
-15035
-3731
-15235
-3659
-15419
-3675
-15635
-3715
-15883
-3691
-16107
-3699
-16371
-3723
-16587
-3651
-16915
-3723
-17083
-3739
-17427
-3723
-17667
-3707
-17915
-3635
-18115
-3667
-18331
-3747
-18531
-3739
-18819
-3907
93
-3927
-91
-3891
-347
-3955
-511
-3907
-787
-3963
-979
-3947
-1279
-3955
-1527
-3847
-1775
-3931
-2043
-3851
-2247
-3895
-2395
-3935
-2727
-3879
-2995
-3879
-3239
-3891
-3427
-3955
-3639
-3915
-3863
-3871
-4179
-3887
-4327
-3891
-4667
-3879
-4907
-3931
-5067
-3951
-5375
-3887
-5671
-3931
-5831
-3907
-6079
-3951
-6375
-3955
-6539
-3939
-6751
-3899
-6995
-3955
-7307
-3983
-7587
-3935
-7739
-3915
-7967
-3955
-8203
-3887
-8523
-3947
-8731
-3895
-8875
-3979
-9207
-3947
-9483
-3979
-9643
-3915
-9939
-3899
-10227
-3947
-10443
-3899
-10635
-3891
-10955
-3971
-11099
-3875
-11379
-3907
-11627
-3867
-11819
-3931
-12051
-3979
-12299
-3923
-12531
-3875
-12867
-3891
-12987
-3915
-13355
-3963
-13483
-3995
-13731
-3939
-13995
-3987
-14299
-3995
-14523
-3899
-14667
-3891
-14931
-3971
-15235
-3987
-15419
-3947
-15691
-3899
-15907
-3899
-16123
-3955
-16355
-3947
-16659
-3987
-16851
-3923
-17091
-3947
-17427
-3955
-17595
-3899
-17899
-3939
-18083
-3883
-18323
-3979
-18523
-3963
-18851
-4207
149
-4207
-111
-4139
-363
-4195
-551
-4111
-815
-4211
-1055
-4211
-1335
-4195
-1519
-4087
-1799
-4163
-2035
-4079
-2203
-4139
-2491
-4179
-2671
-4091
-2971
-4127
-3147
-4115
-3415
-4167
-3619
-4207
-3963
-4135
-4143
-4143
-4419
-4131
-4675
-4203
-4931
-4135
-5083
-4147
-5311
-4211
-5555
-4139
-5827
-4187
-6019
-4091
-6363
-4127
-6555
-4171
-6759
-4163
-6999
-4179
-7351
-4211
-7511
-4147
-7767
-4203
-7971
-4155
-8199
-4223
-8507
-4199
-8695
-4215
-8951
-4151
-9247
-4199
-9515
-4219
-9675
-4227
-9995
-4147
-10211
-4147
-10451
-4219
-10627
-4131
-10939
-4187
-11155
-4195
-11371
-4187
-11667
-4139
-11827
-4171
-12051
-4219
-12323
-4187
-12515
-4219
-12787
-4219
-13035
-4195
-13323
-4227
-13491
-4107
-13835
-4203
-14075
-4123
-14187
-4107
-14499
-4203
-14715
-4235
-14923
-4227
-15251
-4211
-15403
-4227
-15715
-4195
-15891
-4203
-16187
-4219
-16427
-4147
-16659
-4179
-16899
-4187
-17107
-4235
-17339
-4219
-17579
-4171
-17891
-4139
-18131
-4235
-18347
-4235
-18595
-4195
-18827
-4363
149
-4395
-119
-4467
-391
-4423
-587
-4343
-755
-4343
-1043
-4467
-1227
-4359
-1471
-4443
-1771
-4403
-2031
-4451
-2267
-4435
-2455
-4403
-2663
-4343
-3003
-4471
-3123
-4387
-3471
-4367
-3731
-4435
-3843
-4455
-4151
-4423
-4447
-4455
-4583
-4439
-4871
-4475
-5075
-4399
-5311
-4383
-5639
-4447
-5843
-4327
-6067
-4443
-6275
-4447
-6595
-4351
-6831
-4415
-6987
-4415
-7259
-4451
-7543
-4343
-7827
-4463
-8043
-4355
-8207
-4351
-8543
-4411
-8795
-4363
-8987
-4431
-9219
-4383
-9395
-4451
-9643
-4459
-9891
-4395
-10131
-4451
-10411
-4387
-10651
-4443
-10923
-4419
-11139
-4451
-11395
-4443
-11563
-4371
-11915
-4411
-12131
-4443
-12291
-4459
-12627
-4435
-12803
-4435
-12995
-4347
-13251
-4403
-13515
-4363
-13739
-4475
-13947
-4475
-14267
-4475
-14547
-4467
-14739
-4347
-14947
-4475
-15259
-4411
-15427
-4443
-15707
-4403
-15875
-4379
-16203
-4475
-16419
-4475
-16675
-4459
-16883
-4347
-17131
-4475
-17427
-4435
-17603
-4459
-17851
-4443
-18147
-4467
-18331
-4379
-18507
-4443
-18843
-4707
141
-4631
-11
-4643
-259
-4655
-579
-4599
-735
-4611
-1051
-4639
-1323
-4631
-1487
-4675
-1739
-4663
-1967
-4691
-2231
-4579
-2499
-4679
-2779
-4607
-2947
-4647
-3247
-4595
-3467
-4655
-3699
-4679
-3907
-4683
-4155
-4599
-4415
-4627
-4559
-4671
-4943
-4635
-5115
-4627
-5307
-4699
-5655
-4667
-5783
-4647
-6007
-4639
-6263
-4619
-6539
-4631
-6811
-4683
-7099
-4651
-7239
-4667
-7515
-4631
-7787
-4631
-8039
-4595
-8267
-4587
-8475
-4627
-8655
-4603
-8939
-4595
-9135
-4631
-9395
-4707
-9747
-4635
-9971
-4691
-10179
-4667
-10451
-4603
-10651
-4651
-10875
-4587
-11091
-4707
-11323
-4667
-11579
-4699
-11835
-4707
-12107
-4699
-12355
-4715
-12547
-4659
-12859
-4603
-13051
-4715
-13339
-4635
-13491
-4595
-13827
-4643
-13995
-4691
-14283
-4635
-14467
-4627
-14739
-4683
-14971
-4603
-15171
-4627
-15443
-4667
-15667
-4611
-15995
-4675
-16203
-4643
-16451
-4699
-16595
-4627
-16859
-4691
-17171
-4587
-17355
-4659
-17595
-4691
-17843
-4651
-18043
-4715
-18363
-4619
-18627
-4675
-18835
-4835
117
-4943
-19
-4923
-239
-4915
-535
-4887
-739
-4819
-1055
-4939
-1279
-4887
-1511
-4915
-1711
-4939
-2043
-4851
-2283
-4867
-2531
-4895
-2671
-4939
-2959
-4927
-3187
-4923
-3363
-4839
-3695
-4867
-3903
-4895
-4203
-4843
-4363
-4883
-4591
-4819
-4855
-4939
-5159
-4915
-5431
-4907
-5535
-4871
-5823
-4903
-6007
-4899
-6339
-4915
-6495
-4931
-6807
-4899
-7099
-4811
-7275
-4919
-7523
-4947
-7791
-4951
-8011
-4947
-8211
-4807
-8487
-4879
-8779
-4911
-8907
-4815
-9203
-4891
-9427
-4939
-9715
-4843
-9931
-4907
-10195
-4931
-10403
-4883
-10611
-4859
-10939
-4939
-11091
-4947
-11307
-4883
-11675
-4931
-11811
-4875
-12139
-4939
-12275
-4947
-12603
-4939
-12851
-4851
-13027
-4955
-13315
-4883
-13563
-4955
-13707
-4851
-14011
-4947
-14211
-4955
-14427
-4915
-14779
-4939
-15011
-4891
-15187
-4939
-15475
-4851
-15715
-4899
-15987
-4899
-16155
-4955
-16379
-4939
-16643
-4907
-16915
-4923
-17187
-4955
-17395
-4931
-17579
-4955
-17907
-4923
-18099
-4955
-18339
-4843
-18547
-4835
-18859
-5119
93
-5143
-67
-5175
-335
-5139
-595
-5155
-791
-5143
-1035
-5103
-1347
-5163
-1471
-5151
-1743
-5163
-2051
-5139
-2227
-5147
-2507
-5171
-2667
-5095
-2907
-5115
-3199
-5167
-3355
-5059
-3691
-5179
-3867
-5163
-4075
-5151
-4455
-5155
-4595
-5143
-4903
-5183
-5067
-5099
-5387
-5143
-5559
-5075
-5891
-5183
-6063
-5151
-6331
-5119
-6571
-5091
-6831
-5055
-6967
-5075
-7287
-5051
-7531
-5063
-7719
-5143
-8019
-5083
-8243
-5163
-8399
-5139
-8779
-5131
-8959
-5171
-9267
-5123
-9399
-5187
-9755
-5187
-9891
-5107
-10219
-5139
-10347
-5171
-10595
-5091
-10859
-5123
-11179
-5163
-11371
-5107
-11651
-5115
-11899
-5115
-12123
-5123
-12339
-5139
-12539
-5131
-12875
-5075
-13043
-5067
-13355
-5195
-13507
-5171
-13731
-5075
-14067
-5147
-14283
-5123
-14547
-5163
-14795
-5091
-14995
-5099
-15227
-5107
-15475
-5155
-15731
-5163
-15947
-5163
-16123
-5187
-16363
-5107
-16651
-5099
-16955
-5155
-17099
-5163
-17411
-5139
-17611
-5147
-17827
-5123
-18139
-5147
-18275
-5123
-18563
-5179
-18851
-5331
117
-5395
-99
-5435
-267
-5355
-603
-5419
-811
-5435
-1019
-5387
-1275
-5427
-1499
-5355
-1739
-5411
-2003
-5315
-2191
-5427
-2515
-5379
-2751
-5427
-2947
-5331
-3227
-5395
-3467
-5435
-3659
-5307
-3859
-5347
-4099
-5395
-4371
-5347
-4691
-5371
-4827
-5363
-5183
-5435
-5363
-5419
-5627
-5427
-5883
-5371
-6071
-5387
-6267
-5411
-6539
-5403
-6819
-5427
-7051
-5435
-7227
-5435
-7587
-5379
-7731
-5411
-7995
-5371
-8243
-5331
-8423
-5395
-8767
-5435
-8979
-5323
-9215
-5371
-9383
-5387
-9707
-5427
-9931
-5427
-10123
-5411
-10443
-5411
-10707
-5411
-10923
-5403
-11187
-5427
-11427
-5363
-11547
-5387
-11859
-5403
-12091
-5411
-12387
-5427
-12619
-5355
-12835
-5395
-13083
-5411
-13347
-5355
-13515
-5435
-13747
-5379
-14035
-5347
-14227
-5387
-14443
-5403
-14779
-5355
-14939
-5419
-15211
-5411
-15491
-5339
-15747
-5395
-15987
-5331
-16179
-5411
-16411
-5403
-16603
-5339
-16955
-5395
-17155
-5403
-17411
-5339
-17659
-5387
-17843
-5379
-18027
-5427
-18299
-5427
-18635
-5331
-18811
-5675
125
-5659
-131
-5643
-339
-5643
-611
-5611
-779
-5659
-1107
-5555
-1251
-5667
-1555
-5619
-1763
-5611
-2059
-5619
-2219
-5547
-2539
-5651
-2675
-5635
-3003
-5643
-3227
-5627
-3443
-5619
-3699
-5571
-3875
-5643
-4227
-5611
-4475
-5651
-4643
-5555
-4915
-5675
-5083
-5595
-5331
-5635
-5635
-5587
-5899
-5603
-6099
-5659
-6379
-5603
-6603
-5643
-6755
-5555
-7115
-5587
-7291
-5571
-7555
-5619
-7739
-5643
-8019
-5651
-8259
-5675
-8499
-5547
-8795
-5651
-8955
-5627
-9155
-5643
-9515
-5675
-9651
-5667
-9899
-5627
-10187
-5627
-10467
-5643
-10619
-5651
-10883
-5627
-11155
-5643
-11315
-5595
-11547
-5675
-11899
-5555
-12043
-5603
-12323
-5635
-12531
-5619
-12819
-5555
-13115
-5651
-13259
-5603
-13579
-5675
-13819
-5667
-13955
-5659
-14307
-5555
-14451
-5675
-14715
-5659
-14931
-5619
-15171
-5547
-15483
-5563
-15659
-5635
-15979
-5579
-16219
-5659
-16411
-5675
-16643
-5547
-16843
-5627
-17131
-5675
-17387
-5555
-17587
-5587
-17795
-5627
-18051
-5675
-18387
-5547
-18563
-5635
-18859
-5851
117
-5907
-139
-5875
-275
-5915
-619
-5891
-795
-5843
-1091
-5795
-1259
-5891
-1547
-5827
-1755
-5915
-2067
-5811
-2243
-5899
-2499
-5883
-2699
-5907
-3035
-5859
-3227
-5803
-3515
-5795
-3659
-5819
-3867
-5795
-4211
-5843
-4363
-5915
-4659
-5811
-4923
-5827
-5075
-5859
-5419
-5915
-5579
-5899
-5867
-5875
-6043
-5875
-6283
-5899
-6523
-5891
-6763
-5827
-7059
-5907
-7259
-5819
-7571
-5875
-7835
-5867
-8051
-5851
-8307
-5843
-8547
-5883
-8747
-5811
-8947
-5819
-9179
-5875
-9507
-5851
-9731
-5827
-9963
-5843
-10147
-5883
-10467
-5891
-10635
-5907
-10907
-5915
-11115
-5795
-11435
-5891
-11595
-5875
-11811
-5795
-12131
-5915
-12299
-5875
-12603
-5851
-12851
-5819
-13011
-5819
-13299
-5899
-13475
-5827
-13787
-5907
-14059
-5787
-14203
-5907
-14443
-5819
-14731
-5883
-14979
-5875
-15275
-5867
-15419
-5915
-15699
-5875
-15947
-5899
-16211
-5875
-16379
-5891
-16691
-5827
-16947
-5835
-17107
-5899
-17395
-5899
-17643
-5803
-17907
-5859
-18075
-5867
-18371
-5907
-18571
-5883
-18867
-6099
133
-6075
-147
-6139
-387
-6115
-555
-6059
-803
-6051
-1083
-6107
-1235
-6147
-1555
-6043
-1723
-6155
-2019
-6043
-2187
-6131
-2483
-6059
-2747
-6107
-3035
-6059
-3259
-6123
-3507
-6067
-3683
-6099
-3923
-6147
-4187
-6043
-4435
-6091
-4659
-6027
-4875
-6115
-5099
-6091
-5355
-6139
-5563
-6067
-5883
-6147
-6075
-6099
-6355
-6035
-6531
-6147
-6787
-6139
-7027
-6115
-7267
-6107
-7571
-6067
-7787
-6027
-7963
-6099
-8235
-6067
-8435
-6155
-8747
-6115
-8971
-6075
-9203
-6147
-9515
-6123
-9667
-6107
-9979
-6123
-10203
-6139
-10419
-6147
-10635
-6091
-10915
-6147
-11171
-6075
-11339
-6051
-11635
-6139
-11891
-6107
-12059
-6043
-12339
-6067
-12547
-6123
-12859
-6115
-13099
-6139
-13355
-6035
-13571
-6131
-13779
-6155
-14051
-6091
-14187
-6155
-14531
-6067
-14667
-6027
-14995
-6123
-15203
-6107
-15507
-6131
-15683
-6147
-15899
-6091
-16107
-6059
-16419
-6107
-16603
-6139
-16947
-6083
-17195
-6131
-17347
-6091
-17595
-6051
-17851
-6115
-18139
-6139
-18291
-6131
-18507
-6067
-18811
-6283
93
-6299
-91
-6355
-387
-6323
-619
-6323
-787
-6291
-1107
-6347
-1315
-6267
-1483
-6315
-1723
-6395
-2003
-6395
-2267
-6363
-2459
-6395
-2675
-6387
-3035
-6363
-3195
-6307
-3499
-6371
-3691
-6379
-3931
-6323
-4147
-6275
-4475
-6355
-4659
-6275
-4907
-6379
-5107
-6387
-5395
-6363
-5595
-6315
-5875
-6267
-6139
-6331
-6355
-6371
-6523
-6395
-6763
-6331
-7003
-6307
-7339
-6275
-7467
-6395
-7803
-6331
-8011
-6387
-8275
-6363
-8499
-6267
-8667
-6371
-8979
-6331
-9259
-6395
-9451
-6363
-9675
-6291
-9971
-6347
-10235
-6267
-10363
-6347
-10635
-6379
-10931
-6331
-11083
-6331
-11307
-6267
-11635
-6363
-11803
-6379
-12123
-6323
-12307
-6355
-12531
-6387
-12771
-6323
-13027
-6371
-13275
-6395
-13475
-6331
-13811
-6395
-14059
-6387
-14219
-6347
-14459
-6355
-14723
-6395
-14955
-6331
-15267
-6363
-15491
-6331
-15755
-6347
-15923
-6267
-16155
-6355
-16387
-6347
-16619
-6347
-16883
-6347
-17163
-6331
-17403
-6387
-17643
-6387
-17835
-6363
-18035
-6339
-18347
-6371
-18555
-6355
-18843
-6555
117
-6619
-115
-6515
-315
-6555
-515
-6611
-827
-6563
-1099
-6603
-1235
-6635
-1531
-6531
-1819
-6539
-1987
-6587
-2259
-6579
-2539
-6523
-2795
-6627
-2931
-6547
-3187
-6603
-3499
-6627
-3715
-6611
-3971
-6547
-4155
-6531
-4419
-6563
-4691
-6611
-4907
-6611
-5091
-6619
-5363
-6595
-5643
-6619
-5875
-6579
-6059
-6587
-6323
-6611
-6563
-6587
-6843
-6523
-6987
-6539
-7267
-6547
-7547
-6587
-7835
-6627
-8003
-6539
-8227
-6571
-8499
-6523
-8731
-6515
-9003
-6619
-9259
-6571
-9475
-6539
-9683
-6555
-9915
-6627
-10211
-6619
-10435
-6523
-10651
-6515
-10843
-6555
-11147
-6635
-11307
-6635
-11595
-6547
-11827
-6579
-12139
-6611
-12331
-6627
-12507
-6563
-12763
-6619
-12995
-6635
-13291
-6531
-13515
-6555
-13763
-6635
-14067
-6531
-14243
-6595
-14515
-6627
-14731
-6627
-15011
-6627
-15163
-6547
-15499
-6627
-15715
-6603
-15899
-6635
-16203
-6611
-16371
-6507
-16643
-6619
-16835
-6531
-17091
-6507
-17355
-6531
-17643
-6547
-17867
-6635
-18115
-6563
-18371
-6635
-18555
-6531
-18819
-6771
141
-6867
-131
-6787
-307
-6771
-619
-6835
-755
-6859
-1019
-6747
-1315
-6875
-1531
-6819
-1787
-6843
-2003
-6763
-2299
-6843
-2459
-6779
-2667
-6755
-2923
-6819
-3243
-6787
-3459
-6779
-3627
-6803
-3963
-6875
-4147
-6795
-4403
-6875
-4715
-6763
-4947
-6851
-5091
-6819
-5403
-6843
-5587
-6859
-5851
-6803
-6099
-6755
-6371
-6811
-6595
-6867
-6755
-6771
-7035
-6755
-7283
-6747
-7467
-6875
-7755
-6851
-7947
-6819
-8299
-6787
-8475
-6771
-8691
-6875
-9027
-6859
-9211
-6811
-9419
-6755
-9715
-6819
-9875
-6763
-10235
-6755
-10379
-6859
-10699
-6827
-10867
-6843
-11083
-6803
-11403
-6867
-11675
-6771
-11835
-6867
-12035
-6827
-12323
-6795
-12595
-6867
-12771
-6851
-13115
-6859
-13243
-6811
-13539
-6851
-13819
-6795
-13995
-6835
-14227
-6763
-14451
-6763
-14795
-6867
-14979
-6811
-15227
-6851
-15443
-6787
-15715
-6867
-15883
-6811
-16195
-6811
-16459
-6787
-16715
-6875
-16891
-6875
-17171
-6835
-17315
-6843
-17547
-6779
-17899
-6875
-18035
-6851
-18315
-6747
-18571
-6787
-18867
-7035
117
-7067
-43
-7107
-283
-7107
-539
-7075
-843
-7067
-1027
-7099
-1355
-7115
-1547
-7027
-1707
-7115
-2011
-7075
-2227
-7059
-2459
-7043
-2715
-7075
-2947
-7091
-3219
-7091
-3459
-6987
-3627
-7035
-3955
-7019
-4139
-7107
-4443
-7091
-4651
-7115
-4939
-7083
-5075
-7091
-5379
-7075
-5563
-7067
-5819
-7035
-6123
-7099
-6315
-6987
-6571
-7083
-6763
-7075
-7059
-7059
-7331
-7107
-7483
-7075
-7811
-7083
-7979
-7043
-8267
-6995
-8483
-7115
-8731
-7067
-8971
-7067
-9179
-7059
-9515
-7091
-9675
-7003
-9923
-7011
-10131
-7107
-10395
-7091
-10651
-7067
-10835
-7027
-11099
-7099
-11339
-7091
-11571
-7003
-11907
-7027
-12067
-7099
-12387
-7043
-12523
-7115
-12819
-7107
-13059
-7115
-13315
-7067
-13587
-7099
-13787
-7019
-14051
-7083
-14187
-7011
-14483
-7075
-14699
-7115
-14955
-7091
-15275
-7107
-15491
-6987
-15691
-7067
-15939
-7003
-16163
-7043
-16435
-7091
-16675
-7075
-16955
-7027
-17083
-7075
-17307
-7115
-17651
-7083
-17787
-7075
-18043
-7059
-18267
-7035
-18515
-7091
-18835
-7275
133
-7291
-147
-7355
-395
-7267
-523
-7307
-779
-7307
-1115
-7331
-1355
-7307
-1539
-7291
-1739
-7339
-2067
-7355
-2243
-7347
-2507
-7315
-2795
-7339
-2923
-7307
-3275
-7347
-3411
-7347
-3731
-7251
-3899
-7315
-4107
-7267
-4347
-7291
-4659
-7315
-4947
-7339
-5115
-7347
-5323
-7235
-5659
-7267
-5899
-7355
-6131
-7347
-6371
-7267
-6627
-7347
-6771
-7339
-7099
-7355
-7283
-7299
-7515
-7355
-7723
-7299
-8011
-7283
-8267
-7315
-8483
-7299
-8779
-7339
-9035
-7355
-9155
-7307
-9491
-7235
-9635
-7243
-9923
-7331
-10131
-7291
-10403
-7339
-10715
-7243
-10939
-7283
-11187
-7275
-11411
-7259
-11547
-7267
-11867
-7315
-12027
-7251
-12307
-7275
-12539
-7339
-12787
-7299
-13083
-7347
-13275
-7275
-13539
-7339
-13835
-7355
-14043
-7267
-14299
-7315
-14499
-7283
-14779
-7243
-15003
-7291
-15163
-7347
-15483
-7339
-15739
-7347
-15923
-7315
-16235
-7227
-16443
-7347
-16675
-7251
-16923
-7331
-17139
-7331
-17307
-7331
-17571
-7339
-17915
-7259
-18075
-7243
-18355
-7323
-18619
-7251
-18827
-7595
101
-7555
-115
-7579
-275
-7587
-515
-7539
-859
-7563
-1051
-7547
-1267
-7595
-1539
-7467
-1715
-7563
-1987
-7555
-2259
-7587
-2491
-7571
-2691
-7507
-2955
-7467
-3203
-7595
-3515
-7595
-3643
-7523
-3939
-7587
-4195
-7595
-4355
-7587
-4643
-7483
-4835
-7571
-5083
-7555
-5379
-7595
-5579
-7555
-5835
-7563
-6155
-7579
-6323
-7531
-6611
-7595
-6859
-7587
-6995
-7539
-7291
-7539
-7531
-7539
-7835
-7475
-7955
-7515
-8315
-7595
-8491
-7531
-8787
-7555
-9035
-7547
-9219
-7531
-9403
-7579
-9667
-7571
-9867
-7595
-10187
-7539
-10443
-7555
-10619
-7579
-10883
-7483
-11171
-7579
-11403
-7499
-11579
-7587
-11827
-7595
-12051
-7483
-12371
-7571
-12595
-7579
-12811
-7531
-13091
-7515
-13243
-7499
-13491
-7491
-13803
-7531
-13995
-7571
-14243
-7563
-14491
-7595
-14779
-7571
-15011
-7539
-15275
-7563
-15387
-7587
-15699
-7475
-15939
-7595
-16123
-7587
-16443
-7563
-16595
-7547
-16891
-7539
-17107
-7491
-17403
-7475
-17555
-7587
-17787
-7515
-18147
-7563
-18395
-7507
-18603
-7499
-18867
-7819
133
-7779
-51
-7723
-363
-7779
-507
-7715
-867
-7819
-1035
-7755
-1267
-7715
-1531
-7731
-1779
-7835
-2003
-7771
-2259
-7827
-2523
-7747
-2787
-7763
-2947
-7755
-3251
-7827
-3467
-7707
-3731
-7747
-3907
-7787
-4139
-7795
-4475
-7819
-4643
-7835
-4891
-7739
-5067
-7803
-5355
-7771
-5643
-7747
-5859
-7787
-6123
-7779
-6363
-7803
-6587
-7827
-6859
-7779
-7043
-7771
-7339
-7731
-7555
-7787
-7763
-7795
-7995
-7811
-8315
-7795
-8483
-7819
-8795
-7787
-9011
-7755
-9243
-7779
-9491
-7827
-9683
-7827
-9891
-7835
-10235
-7819
-10435
-7755
-10691
-7763
-10899
-7787
-11163
-7731
-11323
-7811
-11659
-7787
-11891
-7835
-12067
-7827
-12339
-7787
-12571
-7787
-12747
-7835
-13083
-7707
-13235
-7747
-13595
-7835
-13803
-7779
-13963
-7747
-14267
-7747
-14459
-7819
-14771
-7747
-14979
-7779
-15179
-7827
-15515
-7787
-15651
-7755
-15891
-7779
-16107
-7835
-16411
-7835
-16683
-7835
-16899
-7771
-17115
-7779
-17411
-7739
-17595
-7827
-17827
-7811
-18099
-7795
-18323
-7787
-18515
-7763
-18875
-8075
117
-7947
-155
-8011
-387
-8067
-539
-8003
-835
-8051
-1051
-8003
-1259
-8067
-1595
-8019
-1779
-8011
-2067
-8075
-2235
-7971
-2523
-8051
-2723
-8019
-2987
-8003
-3251
-8059
-3467
-8059
-3667
-8067
-3899
-8027
-4219
-8011
-4371
-8075
-4683
-8059
-4827
-8051
-5107
-8067
-5339
-8051
-5619
-8067
-5819
-8067
-6091
-7987
-6331
-8059
-6515
-7955
-6755
-8075
-7019
-8027
-7323
-8067
-7483
-8043
-7723
-8067
-8075
-8059
-8291
-8059
-8523
-8027
-8747
-7971
-8915
-8067
-9187
-8059
-9499
-8067
-9667
-7987
-9987
-8067
-10123
-8043
-10355
-8003
-10715
-8075
-10827
-7955
-11187
-7955
-11363
-7963
-11659
-8067
-11851
-8051
-12043
-8035
-12275
-7947
-12523
-8043
-12803
-7955
-13051
-8011
-13315
-8059
-13555
-8067
-13803
-8011
-14051
-7963
-14291
-7987
-14475
-8043
-14683
-8011
-15027
-7979
-15187
-8059
-15443
-8075
-15627
-8003
-15907
-7971
-16123
-7979
-16411
-7963
-16611
-8051
-16827
-8003
-17099
-7995
-17307
-8067
-17587
-7947
-17907
-8043
-18107
-8051
-18291
-8059
-18587
-8043
-18851
-8259
149
-8307
-35
-8291
-299
-8219
-635
-8243
-755
-8307
-1019
-8283
-1259
-8243
-1563
-8243
-1771
-8251
-1971
-8219
-2307
-8267
-2467
-8299
-2771
-8219
-3019
-8219
-3203
-8283
-3419
-8187
-3643
-8315
-3955
-8251
-4131
-8307
-4403
-8211
-4667
-8315
-4867
-8243
-5123
-8291
-5371
-8235
-5587
-8203
-5803
-8243
-6147
-8211
-6387
-8275
-6603
-8211
-6811
-8243
-7083
-8291
-7251
-8307
-7507
-8307
-7771
-8243
-8067
-8227
-8187
-8283
-8483
-8235
-8771
-8243
-8907
-8291
-9155
-8307
-9395
-8291
-9667
-8211
-9867
-8315
-10147
-8227
-10435
-8315
-10691
-8307
-10939
-8243
-11131
-8203
-11379
-8283
-11603
-8315
-11835
-8283
-12155
-8259
-12283
-8195
-12507
-8307
-12763
-8259
-13107
-8315
-13243
-8235
-13507
-8315
-13707
-8219
-13979
-8291
-14235
-8307
-14467
-8267
-14683
-8227
-14995
-8235
-15155
-8227
-15467
-8283
-15651
-8235
-15971
-8211
-16139
-8299
-16371
-8315
-16683
-8291
-16947
-8251
-17091
-8227
-17339
-8259
-17627
-8315
-17859
-8203
-18035
-8267
-18323
-8315
-18547
-8283
-18867
-8539
117
-8467
-123
-8483
-379
-8539
-579
-8459
-795
-8539
-1059
-8427
-1307
-8459
-1467
-8523
-1787
-8539
-2011
-8475
-2235
-8555
-2539
-8555
-2779
-8555
-2979
-8427
-3203
-8531
-3395
-8547
-3723
-8499
-3891
-8515
-4235
-8427
-4355
-8475
-4675
-8427
-4883
-8539
-5139
-8507
-5387
-8523
-5555
-8451
-5827
-8547
-6155
-8539
-6371
-8443
-6635
-8499
-6875
-8531
-7059
-8491
-7259
-8515
-7499
-8483
-7795
-8483
-8075
-8467
-8195
-8515
-8459
-8515
-8707
-8515
-8979
-8539
-9147
-8499
-9507
-8531
-9675
-8443
-9915
-8467
-10235
-8451
-10355
-8451
-10603
-8531
-10843
-8515
-11123
-8435
-11387
-8491
-11571
-8451
-11795
-8507
-12043
-8547
-12395
-8435
-12531
-8467
-12827
-8539
-13115
-8555
-13299
-8499
-13587
-8459
-13827
-8475
-14003
-8515
-14259
-8491
-14499
-8435
-14755
-8547
-14979
-8547
-15243
-8483
-15387
-8523
-15659
-8523
-15955
-8483
-16163
-8475
-16427
-8507
-16587
-8531
-16915
-8531
-17107
-8459
-17339
-8547
-17611
-8459
-17827
-8555
-18067
-8499
-18267
-8475
-18547
-8539
-18867
-8763
141
-8795
-123
-8771
-307
-8747
-523
-8771
-771
-8787
-1091
-8731
-1323
-8667
-1499
-8739
-1747
-8699
-2043
-8747
-2267
-8683
-2475
-8707
-2763
-8779
-2907
-8739
-3187
-8739
-3443
-8667
-3643
-8771
-3907
-8755
-4131
-8747
-4451
-8787
-4643
-8667
-4875
-8755
-5163
-8779
-5419
-8747
-5579
-8707
-5835
-8739
-6115
-8675
-6299
-8771
-6507
-8675
-6875
-8779
-7067
-8723
-7235
-8755
-7475
-8723
-7819
-8787
-8051
-8795
-8227
-8731
-8555
-8739
-8739
-8683
-9035
-8699
-9251
-8723
-9499
-8667
-9755
-8771
-9971
-8755
-10203
-8739
-10355
-8795
-10611
-8691
-10947
-8795
-11171
-8763
-11411
-8731
-11547
-8715
-11819
-8731
-12115
-8731
-12371
-8739
-12531
-8739
-12747
-8731
-13019
-8755
-13307
-8787
-13571
-8763
-13803
-8795
-14035
-8771
-14187
-8739
-14507
-8779
-14763
-8787
-14947
-8763
-15171
-8787
-15451
-8699
-15651
-8739
-15923
-8699
-16211
-8795
-16459
-8667
-16627
-8747
-16883
-8723
-17171
-8771
-17331
-8787
-17627
-8723
-17891
-8699
-18155
-8731
-18371
-8779
-18595
-8763
-18819
-8979
125
-8979
-107
-8955
-363
-9003
-579
-9027
-835
-9027
-987
-8995
-1259
-8915
-1515
-8995
-1779
-8931
-1987
-9027
-2315
-8979
-2507
-9019
-2779
-8939
-3035
-8955
-3259
-8987
-3443
-8939
-3691
-9035
-3939
-9035
-4123
-8963
-4427
-9003
-4627
-9003
-4891
-8955
-5155
-8963
-5307
-8995
-5667
-9035
-5915
-8979
-6035
-9035
-6267
-8995
-6635
-9019
-6811
-9011
-7043
-9011
-7347
-8971
-7523
-8995
-7811
-9035
-7971
-9011
-8315
-8979
-8539
-9011
-8739
-9011
-9035
-8971
-9187
-9003
-9475
-9027
-9635
-9011
-9979
-8971
-10155
-8979
-10411
-8907
-10699
-9011
-10915
-8931
-11171
-8955
-11387
-8963
-11675
-8987
-11899
-8987
-12083
-8923
-12339
-9003
-12547
-8995
-12763
-8987
-13107
-9035
-13235
-9027
-13587
-9011
-13803
-9011
-14043
-8971
-14267
-9027
-14467
-8939
-14691
-9019
-14907
-8931
-15259
-8995
-15459
-8979
-15747
-9027
-15899
-8915
-16227
-8987
-16467
-8971
-16595
-8979
-16859
-8971
-17099
-8923
-17363
-8971
-17563
-9027
-17819
-9003
-18107
-8915
-18371
-9027
-18523
-8963
-18859
-9195
117
-9267
-147
-9227
-323
-9179
-619
-9275
-811
-9219
-1075
-9275
-1315
-9275
-1491
-9195
-1763
-9227
-2003
-9235
-2195
-9227
-2515
-9203
-2731
-9195
-2907
-9267
-3243
-9259
-3411
-9187
-3715
-9147
-3987
-9203
-4155
-9243
-4371
-9227
-4651
-9195
-4955
-9187
-5115
-9251
-5427
-9251
-5643
-9211
-5907
-9219
-6147
-9243
-6291
-9203
-6627
-9155
-6803
-9187
-7115
-9211
-7291
-9187
-7595
-9259
-7819
-9203
-8067
-9171
-8195
-9203
-8483
-9259
-8771
-9187
-8939
-9147
-9235
-9171
-9515
-9203
-9739
-9235
-9955
-9195
-10195
-9171
-10403
-9259
-10627
-9235
-10859
-9155
-11147
-9211
-11355
-9243
-11611
-9251
-11915
-9267
-12043
-9235
-12347
-9267
-12635
-9243
-12859
-9259
-13067
-9243
-13331
-9203
-13539
-9155
-13739
-9147
-13963
-9251
-14251
-9235
-14523
-9267
-14691
-9163
-14939
-9251
-15275
-9259
-15395
-9179
-15715
-9267
-15971
-9203
-16147
-9267
-16379
-9235
-16603
-9267
-16851
-9203
-17147
-9275
-17363
-9227
-17595
-9243
-17811
-9187
-18043
-9211
-18299
-9203
-18515
-9251
-18867
-9483
93
-9475
-75
-9491
-363
-9387
-603
-9483
-843
-9475
-1115
-9507
-1275
-9507
-1547
-9467
-1787
-9467
-2003
-9443
-2299
-9451
-2451
-9515
-2715
-9499
-2931
-9411
-3147
-9507
-3411
-9507
-3739
-9411
-3875
-9499
-4139
-9483
-4443
-9467
-4651
-9467
-4843
-9491
-5195
-9419
-5427
-9475
-5579
-9483
-5875
-9443
-6155
-9411
-6339
-9427
-6587
-9451
-6859
-9515
-7059
-9475
-7307
-9491
-7531
-9387
-7747
-9507
-7971
-9483
-8235
-9459
-8539
-9483
-8795
-9467
-9011
-9499
-9187
-9403
-9499
-9419
-9675
-9467
-9939
-9387
-10203
-9491
-10363
-9459
-10699
-9491
-10947
-9451
-11099
-9451
-11419
-9459
-11587
-9451
-11811
-9475
-12059
-9483
-12347
-9499
-12579
-9507
-12779
-9467
-13099
-9491
-13259
-9411
-13579
-9515
-13787
-9459
-13963
-9427
-14259
-9459
-14515
-9411
-14675
-9443
-14931
-9499
-15155
-9507
-15395
-9475
-15707
-9451
-15923
-9459
-16219
-9403
-16419
-9515
-16595
-9395
-16891
-9499
-17179
-9499
-17411
-9491
-17579
-9387
-17907
-9443
-18099
-9475
-18315
-9507
-18523
-9483
-18827
-9683
85
-9635
-99
-9643
-355
-9747
-603
-9731
-779
-9643
-1019
-9675
-1355
-9707
-1539
-9715
-1835
-9739
-1955
-9659
-2227
-9723
-2507
-9723
-2691
-9715
-2963
-9691
-3203
-9675
-3395
-9731
-3691
-9755
-3899
-9731
-4131
-9659
-4451
-9739
-4587
-9723
-4947
-9739
-5171
-9643
-5347
-9675
-5675
-9683
-5843
-9659
-6099
-9747
-6275
-9691
-6587
-9675
-6771
-9755
-7115
-9627
-7251
-9707
-7579
-9675
-7731
-9683
-7947
-9659
-8203
-9699
-8539
-9715
-8755
-9715
-9027
-9731
-9251
-9715
-9395
-9699
-9739
-9635
-9899
-9739
-10203
-9699
-10363
-9659
-10691
-9643
-10923
-9731
-11131
-9707
-11411
-9723
-11563
-9747
-11819
-9659
-12123
-9707
-12283
-9755
-12579
-9755
-12875
-9715
-13099
-9739
-13251
-9723
-13579
-9675
-13763
-9723
-13995
-9659
-14267
-9675
-14459
-9659
-14763
-9651
-14907
-9667
-15275
-9731
-15395
-9691
-15643
-9691
-15891
-9755
-16115
-9723
-16435
-9723
-16603
-9715
-16867
-9723
-17131
-9699
-17315
-9659
-17659
-9755
-17803
-9723
-18035
-9683
-18339
-9723
-18507
-9651
-18811
-9867
117
-9923
-75
-9987
-299
-9923
-515
-9907
-779
-9963
-1011
-9963
-1243
-9939
-1555
-9979
-1803
-9939
-1995
-9987
-2259
-9883
-2499
-9963
-2699
-9995
-3027
-9939
-3211
-9955
-3435
-9923
-3755
-9955
-3907
-9891
-4115
-9939
-4371
-9931
-4699
-9979
-4843
-9939
-5187
-9955
-5347
-9923
-5659
-9963
-5787
-9995
-6067
-9947
-6283
-9979
-6603
-9923
-6755
-9947
-7051
-9979
-7331
-9939
-7555
-9915
-7707
-9955
-7971
-9971
-8259
-9979
-8539
-9939
-8747
-9995
-9035
-9899
-9219
-9987
-9475
-9931
-9675
-9923
-9923
-9939
-10235
-9883
-10443
-9963
-10715
-9907
-10899
-9875
-11187
-9995
-11371
-9987
-11667
-9939
-11875
-9979
-12075
-9947
-12275
-9971
-12611
-9963
-12867
-9947
-13091
-9947
-13323
-9971
-13531
-9939
-13747
-9867
-14019
-9955
-14195
-9987
-14435
-9939
-14683
-9987
-15011
-9987
-15211
-9987
-15459
-9979
-15755
-9979
-15923
-9987
-16203
-9931
-16475
-9955
-16651
-9995
-16899
-9875
-17067
-9875
-17427
-9907
-17651
-9939
-17867
-9939
-18107
-9979
-18379
-9995
-18539
-9979
-18835
-10211
149
-10155
-51
-10155
-347
-10195
-531
-10155
-875
-10187
-1035
-10227
-1323
-10171
-1571
-10235
-1739
-10107
-2043
-10235
-2235
-10203
-2435
-10163
-2699
-10227
-2915
-10219
-3219
-10179
-3443
-10235
-3731
-10171
-3963
-10131
-4163
-10227
-4443
-10139
-4691
-10123
-4939
-10227
-5171
-10123
-5355
-10235
-5611
-10155
-5803
-10219
-6123
-10163
-6395
-10131
-6579
-10147
-6803
-10219
-7099
-10187
-7331
-10235
-7483
-10171
-7795
-10219
-7987
-10147
-8219
-10123
-8451
-10219
-8667
-10211
-8931
-10131
-9163
-10195
-9475
-10179
-9635
-10195
-9923
-10171
-10203
-10235
-10435
-10219
-10715
-10131
-10915
-10227
-11083
-10187
-11419
-10171
-11651
-10211
-11811
-10219
-12051
-10219
-12379
-10107
-12627
-10107
-12851
-10203
-13115
-10139
-13355
-10147
-13587
-10139
-13731
-10235
-14067
-10211
-14219
-10195
-14491
-10139
-14795
-10179
-15035
-10123
-15187
-10235
-15459
-10219
-15667
-10187
-15995
-10203
-16155
-10235
-16379
-10163
-16659
-10195
-16891
-10227
-17131
-10147
-17379
-10235
-17555
-10235
-17867
-10227
-18107
-10139
-18379
-10147
-18539
-10123
-18867
-10467
117
-10443
-35
-10459
-267
-10411
-587
-10459
-819
-10419
-1099
-10467
-1267
-10459
-1507
-10427
-1707
-10451
-2067
-10459
-2211
-10451
-2523
-10451
-2787
-10451
-2915
-10475
-3267
-10467
-3403
-10451
-3755
-10451
-3883
-10475
-4187
-10475
-4371
-10411
-4675
-10475
-4851
-10459
-5179
-10475
-5315
-10443
-5555
-10467
-5899
-10467
-6131
-10443
-6267
-10411
-6507
-10451
-6843
-10467
-7075
-10427
-7307
-10427
-7539
-10467
-7779
-10467
-7947
-10427
-8187
-10451
-8443
-10411
-8723
-10451
-8923
-10435
-9147
-10443
-9475
-10443
-9707
-10459
-9963
-10435
-10235
-10427
-10403
-10419
-10643
-10475
-10931
-10427
-11171
-10411
-11435
-10411
-11619
-10443
-11787
-10475
-12035
-10443
-12363
-10459
-12579
-10459
-12875
-10411
-13067
-10475
-13259
-10443
-13467
-10467
-13803
-10419
-13979
-10475
-14211
-10459
-14427
-10427
-14691
-10443
-14979
-10475
-15147
-10427
-15467
-10451
-15691
-10443
-15971
-10451
-16147
-10427
-16355
-10451
-16651
-10475
-16939
-10467
-17179
-10443
-17371
-10411
-17595
-10467
-17795
-10419
-18075
-10443
-18267
-10435
-18603
-10411
-18875
