101
1074
385
-124
615
-340
274
-521
134
-836
205
-1045
177
-1269
465
-1581
517
-1701
185
-2021
274
-2182
477
-2511
119
-2643
167
-2977
121
-3219
169
-3371
161
-3695
165
-3865
217
-4189
163
-4321
137
-4679
109
-4935
149
-5103
101
-5363
101
-5643
117
-5847
125
-6043
85
-6291
133
-6531
85
-6771
117
-7015
117
-7351
109
-7547
93
-7727
93
-7999
117
-8291
93
-8463
149
-8763
125
-8967
85
-9187
133
-9463
85
-9691
125
-9971
149
-10107
141
-10467
93
-10667
109
-10931
109
-11075
141
-11411
93
-11603
93
-11915
125
-12155
101
-12331
125
-12627
109
-12811
149
-13091
85
-13315
141
-13475
141
-13827
101
-13979
133
-14203
109
-14451
109
-14763
149
-14923
109
-15267
125
-15467
93
-15659
109
-15899
85
-16171
117
-16419
141
-16707
85
-16883
133
-17187
93
-17395
109
-17571
125
-17811
93
-18083
149
-18363
85
-18611
125
-18851
-95
1759
-71
-18
-124
-290
-91
-608
-23
-827
-76
-1046
-8
-1242
-47
-1574
-123
-1701
-138
-1937
-87
-2173
-31
-2491
-127
-2713
-113
-2927
-95
-3203
-121
-3427
-135
-3643
-103
-3857
-91
-4187
-145
-4403
-121
-4629
-99
-4847
-139
-5131
-131
-5315
-19
-5587
-147
-5771
-31
-6119
-135
-6291
-115
-6615
-119
-6863
-107
-6983
-127
-7235
-87
-7543
-135
-7759
-39
-8011
-3
-8211
-59
-8515
-95
-8763
-87
-8959
-83
-9155
-71
-9475
-115
-9715
-115
-9883
-75
-10171
-147
-10347
-75
-10715
-123
-10883
-131
-11115
-43
-11379
-27
-11675
-67
-11851
-91
-12099
-43
-12379
-131
-12571
-107
-12875
-155
-13011
-27
-13331
-91
-13563
-67
-13763
-67
-14035
-83
-14203
-115
-14507
-147
-14771
-91
-15019
-107
-15275
-123
-15427
-115
-15723
-155
-15875
-35
-16163
-155
-16403
-83
-16587
-147
-16867
-139
-17123
-67
-17331
-155
-17635
-83
-17811
-51
-18131
-107
-18275
-155
-18603
-131
-18843
-375
794
-301
-19
-288
-327
-227
-567
-369
-787
-254
-1067
-307
-1336
-354
-1513
-343
-1785
-323
-1998
-378
-2251
-309
-2515
-359
-2687
-309
-2961
-281
-3223
-361
-3403
-355
-3625
-379
-3949
-293
-4185
-333
-4391
-343
-4645
-367
-4895
-299
-5131
-395
-5371
-311
-5639
-383
-5843
-379
-6079
-263
-6251
-315
-6507
-251
-6799
-291
-7051
-299
-7283
-355
-7543
-287
-7763
-371
-8067
-283
-8291
-315
-8479
-395
-8719
-331
-8979
-355
-9215
-327
-9499
-331
-9739
-323
-9923
-379
-10115
-323
-10347
-379
-10635
-291
-10899
-331
-11171
-315
-11347
-339
-11563
-355
-11787
-395
-12155
-371
-12275
-275
-12635
-387
-12843
-363
-13115
-371
-13315
-371
-13483
-387
-13755
-363
-13987
-267
-14203
-323
-14467
-331
-14739
-371
-15035
-379
-15227
-355
-15443
-307
-15707
-291
-15875
-371
-16123
-283
-16371
-299
-16699
-379
-16891
-299
-17155
-323
-17315
-371
-17595
-363
-17875
-379
-18035
-371
-18363
-371
-18531
-267
-18843
-515
798
-601
-72
-504
-343
-555
-481
-620
-787
-485
-1052
-604
-1313
-624
-1497
-593
-1770
-571
-1938
-575
-2259
-607
-2521
-621
-2693
-519
-2939
-601
-3179
-573
-3459
-625
-3647
-591
-3843
-591
-4167
-543
-4453
-497
-4689
-531
-4875
-631
-5071
-555
-5343
-559
-5643
-547
-5807
-607
-6027
-515
-6355
-547
-6563
-603
-6783
-527
-6987
-583
-7283
-599
-7459
-603
-7779
-555
-7975
-551
-8243
-547
-8487
-603
-8671
-579
-8991
-515
-9155
-527
-9507
-515
-9675
-611
-9867
-531
-10211
-555
-10411
-531
-10667
-587
-10907
-611
-11099
-563
-11371
-635
-11667
-515
-11891
-507
-12059
-619
-12387
-587
-12539
-587
-12867
-531
-13059
-627
-13235
-603
-13531
-555
-13715
-619
-14051
-627
-14203
-547
-14555
-595
-14691
-507
-14947
-611
-15227
-627
-15427
-603
-15723
-603
-15875
-571
-16179
-587
-16403
-603
-16707
-595
-16955
-563
-17123
-531
-17355
-507
-17595
-619
-17867
-635
-18131
-595
-18323
-611
-18627
-619
-18827
-759
764
-827
-93
-791
-338
-841
-497
-855
-791
-829
-995
-811
-1317
-861
-1562
-821
-1730
-871
-1947
-787
-2218
-743
-2501
-871
-2643
-735
-2995
-749
-3113
-799
-3373
-723
-3725
-841
-3947
-835
-4095
-843
-4353
-827
-4563
-759
-4915
-795
-5111
-851
-5407
-739
-5595
-803
-5787
-827
-6055
-791
-6299
-839
-6559
-787
-6811
-827
-7015
-855
-7219
-843
-7507
-851
-7767
-767
-7975
-783
-8291
-759
-8523
-791
-8707
-863
-8919
-831
-9227
-787
-9399
-867
-9723
-875
-9987
-867
-10147
-859
-10419
-875
-10619
-779
-10923
-843
-11171
-867
-11387
-819
-11627
-875
-11859
-755
-12075
-803
-12347
-811
-12515
-779
-12835
-835
-13043
-811
-13347
-771
-13499
-779
-13763
-819
-13955
-827
-14275
-875
-14539
-827
-14795
-795
-14907
-867
-15251
-811
-15515
-795
-15723
-859
-15891
-859
-16147
-827
-16411
-875
-16699
-835
-16891
-827
-17171
-867
-17331
-779
-17675
-835
-17827
-835
-18051
-819
-18395
-763
-18627
-843
-18843
-1058
1547
-1013
-139
-967
-297
-1061
-539
-1069
-843
-1033
-1002
-961
-1209
-1067
-1549
-1088
-1681
-1020
-1944
-1042
-2187
-957
-2495
-1069
-2727
-1079
-2925
-995
-3241
-1115
-3359
-1001
-3655
-1057
-3843
-1015
-4227
-1059
-4395
-1027
-4621
-1019
-4927
-1011
-5115
-1007
-5379
-1031
-5563
-991
-5843
-1019
-6059
-999
-6375
-1099
-6563
-1059
-6783
-1055
-7003
-999
-7327
-1011
-7587
-1035
-7743
-1087
-7959
-1031
-8199
-1051
-8519
-1003
-8727
-995
-8923
-1099
-9203
-1051
-9423
-1059
-9691
-1059
-9971
-1059
-10123
-1027
-10379
-1099
-10627
-1099
-10955
-1019
-11131
-1043
-11379
-1035
-11659
-1091
-11827
-1091
-12091
-1099
-12395
-1027
-12611
-1083
-12771
-1067
-13027
-1099
-13339
-987
-13547
-1067
-13787
-1091
-13995
-995
-14203
-1043
-14555
-1107
-14715
-1043
-14987
-1091
-15267
-1107
-15475
-1107
-15707
-1099
-15963
-1083
-16219
-1091
-16403
-1115
-16643
-1115
-16931
-1019
-17091
-1075
-17419
-1115
-17619
-1027
-17811
-1099
-18043
-1099
-18395
-1067
-18595
-1091
-18851
-1250
2454
-1213
-34
-1295
-347
-1259
-492
-1331
-833
-1282
-1002
-1254
-1295
-1315
-1495
-1206
-1719
-1296
-1963
-1273
-2217
-1309
-2507
-1247
-2739
-1327
-2953
-1231
-3211
-1279
-3365
-1317
-3635
-1227
-3855
-1257
-4197
-1243
-4425
-1273
-4627
-1215
-4875
-1223
-5115
-1251
-5355
-1347
-5579
-1315
-5811
-1327
-6115
-1343
-6291
-1243
-6579
-1287
-6799
-1259
-6979
-1331
-7227
-1263
-7507
-1239
-7711
-1307
-7943
-1235
-8227
-1331
-8471
-1291
-8667
-1279
-9011
-1291
-9139
-1355
-9507
-1339
-9715
-1339
-9947
-1355
-10235
-1275
-10347
-1227
-10699
-1347
-10867
-1267
-11091
-1275
-11307
-1307
-11667
-1283
-11907
-1347
-12051
-1315
-12299
-1315
-12555
-1347
-12835
-1307
-13019
-1315
-13315
-1291
-13523
-1355
-13771
-1283
-14003
-1235
-14267
-1267
-14523
-1251
-14699
-1291
-15003
-1299
-15155
-1307
-15491
-1315
-15715
-1315
-15907
-1331
-16107
-1283
-16363
-1283
-16611
-1299
-16851
-1331
-17075
-1315
-17387
-1299
-17547
-1259
-17907
-1355
-18123
-1283
-18267
-1267
-18603
-1251
-18875
-1563
469
-1583
-105
-1481
-263
-1525
-555
-1521
-739
-1447
-981
-1549
-1187
-1485
-1547
-1519
-1821
-1525
-1961
-1475
-2223
-1569
-2475
-1515
-2725
-1527
-2959
-1519
-3225
-1537
-3471
-1507
-3641
-1555
-3901
-1467
-4137
-1515
-4363
-1571
-4627
-1563
-4819
-1519
-5155
-1567
-5431
-1587
-5615
-1547
-5803
-1455
-6095
-1531
-6267
-1511
-6563
-1531
-6787
-1575
-7019
-1495
-7271
-1523
-7495
-1563
-7771
-1579
-7991
-1547
-8275
-1467
-8439
-1503
-8691
-1535
-8875
-1507
-9191
-1571
-9491
-1555
-9707
-1531
-9915
-1595
-10139
-1595
-10459
-1555
-10595
-1499
-10915
-1539
-11195
-1531
-11331
-1523
-11579
-1491
-11899
-1579
-12027
-1531
-12275
-1579
-12627
-1547
-12771
-1467
-13099
-1579
-13347
-1547
-13531
-1499
-13827
-1507
-13963
-1563
-14211
-1563
-14499
-1555
-14755
-1467
-14939
-1555
-15275
-1587
-15451
-1547
-15635
-1547
-15947
-1467
-16219
-1587
-16387
-1507
-16619
-1587
-16939
-1483
-17171
-1515
-17379
-1523
-17555
-1563
-17795
-1547
-18139
-1587
-18387
-1571
-18539
-1587
-18843
-1747
551
-1801
-107
-1831
-279
-1813
-575
-1735
-773
-1815
-989
-1741
-1243
-1793
-1573
-1703
-1681
-1755
-1979
-1785
-2205
-1765
-2555
-1739
-2721
-1807
-2931
-1763
-3227
-1731
-3439
-1807
-3711
-1691
-3925
-1747
-4191
-1745
-4427
-1733
-4659
-1795
-4851
-1707
-5099
-1779
-5335
-1707
-5611
-1715
-5827
-1779
-6123
-1719
-6331
-1783
-6547
-1751
-6779
-1683
-7011
-1715
-7303
-1719
-7555
-1803
-7755
-1755
-7947
-1803
-8219
-1775
-8503
-1823
-8723
-1763
-8899
-1767
-9251
-1755
-9491
-1835
-9659
-1787
-9883
-1803
-10187
-1827
-10467
-1835
-10611
-1755
-10827
-1763
-11083
-1819
-11347
-1819
-11659
-1739
-11883
-1787
-12115
-1787
-12347
-1779
-12531
-1827
-12787
-1771
-13051
-1811
-13227
-1747
-13571
-1803
-13779
-1819
-14043
-1787
-14283
-1819
-14539
-1763
-14755
-1771
-14979
-1819
-15275
-1731
-15475
-1771
-15635
-1835
-15947
-1739
-16139
-1731
-16435
-1707
-16651
-1819
-16883
-1795
-17123
-1771
-17379
-1811
-17619
-1723
-17811
-1803
-18051
-1739
-18371
-1707
-18555
-1803
-18867
-1951
811
-1949
-23
-2023
-327
-1951
-589
-2023
-785
-1993
-969
-1951
-1241
-1997
-1451
-2029
-1711
-2061
-1985
-1995
-2197
-1931
-2451
-2043
-2697
-2027
-2963
-1965
-3247
-1921
-3479
-1939
-3687
-2039
-3967
-1949
-4167
-1965
-4367
-2007
-4691
-2039
-4839
-2067
-5151
-2035
-5363
-2039
-5543
-2031
-5767
-2067
-6075
-2023
-6347
-2047
-6579
-1959
-6751
-2043
-6991
-2043
-7331
-2035
-7471
-1939
-7763
-2027
-8051
-2055
-8227
-2039
-8447
-1991
-8719
-2043
-8931
-2055
-9227
-2007
-9483
-2059
-9675
-2075
-9883
-1963
-10147
-2075
-10387
-2027
-10619
-1963
-10931
-1987
-11091
-2003
-11387
-2043
-11555
-1971
-11907
-1955
-12139
-1947
-12371
-1971
-12603
-2027
-12859
-1947
-13107
-2059
-13323
-1971
-13563
-2019
-13739
-2019
-14043
-2075
-14283
-1963
-14491
-1955
-14683
-2067
-14995
-2027
-15171
-2051
-15499
-2035
-15691
-2067
-15923
-1995
-16171
-1947
-16363
-2059
-16683
-2051
-16875
-2075
-17179
-2027
-17355
-1947
-17611
-1955
-17803
-2011
-18027
-2003
-18387
-2067
-18571
-2051
-18867
-2219
571
-2267
-109
-2287
-283
-2179
-517
-2207
-751
-2279
-1087
-2305
-1327
-2293
-1539
-2237
-1699
-2235
-1967
-2233
-2235
-2299
-2459
-2235
-2711
-2307
-3027
-2283
-3177
-2215
-3493
-2219
-3701
-2195
-3917
-2187
-4169
-2219
-4415
-2289
-4583
-2271
-4899
-2191
-5095
-2283
-5323
-2211
-5663
-2183
-5875
-2243
-6039
-2239
-6359
-2207
-6587
-2223
-6791
-2243
-7027
-2275
-7243
-2271
-7535
-2227
-7727
-2275
-8071
-2191
-8259
-2251
-8431
-2263
-8683
-2307
-8963
-2239
-9131
-2287
-9471
-2211
-9643
-2203
-9907
-2299
-10171
-2275
-10427
-2283
-10707
-2203
-10867
-2291
-11139
-2307
-11395
-2291
-11547
-2227
-11915
-2291
-12067
-2275
-12371
-2235
-12627
-2227
-12803
-2283
-13107
-2299
-13339
-2243
-13571
-2211
-13755
-2299
-13971
-2195
-14299
-2291
-14451
-2227
-14683
-2227
-14979
-2283
-15211
-2307
-15395
-2291
-15699
-2227
-15891
-2291
-16107
-2211
-16379
-2315
-16699
-2283
-16827
-2235
-17147
-2307
-17355
-2267
-17563
-2219
-17795
-2203
-18147
-2283
-18379
-2283
-18635
-2299
-18851
-2495
687
-2483
-73
-2541
-301
-2467
-511
-2427
-743
-2463
-1097
-2441
-1199
-2411
-1515
-2513
-1683
-2473
-2025
-2511
-2281
-2513
-2495
-2501
-2697
-2441
-2971
-2527
-3179
-2477
-3407
-2531
-3647
-2465
-3961
-2451
-4139
-2475
-4327
-2539
-4665
-2419
-4811
-2543
-5095
-2419
-5355
-2499
-5519
-2403
-5775
-2499
-6131
-2535
-6299
-2511
-6619
-2483
-6735
-2539
-7083
-2515
-7251
-2483
-7519
-2527
-7679
-2543
-7971
-2519
-8183
-2427
-8551
-2475
-8699
-2435
-8987
-2415
-9219
-2507
-9367
-2547
-9643
-2555
-9931
-2491
-10187
-2555
-10411
-2515
-10643
-2547
-10955
-2507
-11123
-2515
-11347
-2547
-11547
-2547
-11827
-2523
-12155
-2539
-12395
-2483
-12539
-2443
-12859
-2467
-12995
-2555
-13299
-2459
-13579
-2435
-13779
-2515
-14003
-2427
-14299
-2555
-14531
-2499
-14763
-2547
-15003
-2435
-15211
-2451
-15387
-2531
-15675
-2539
-15907
-2435
-16139
-2491
-16355
-2427
-16667
-2531
-16923
-2443
-17171
-2459
-17363
-2531
-17619
-2475
-17867
-2523
-18155
-2523
-18283
-2547
-18627
-2555
-18827
-2775
141
-2719
-47
-2715
-371
-2695
-491
-2779
-727
-2747
-1091
-2763
-1239
-2707
-1495
-2755
-1703
-2687
-2031
-2791
-2283
-2771
-2483
-2659
-2679
-2699
-2939
-2755
-3199
-2783
-3451
-2719
-3707
-2767
-3903
-2719
-4139
-2719
-4387
-2687
-4591
-2679
-4843
-2647
-5127
-2715
-5415
-2759
-5627
-2667
-5839
-2779
-6111
-2687
-6243
-2663
-6591
-2683
-6759
-2787
-6967
-2739
-7283
-2675
-7475
-2759
-7795
-2775
-8031
-2771
-8167
-2787
-8495
-2735
-8731
-2723
-8975
-2779
-9147
-2755
-9475
-2779
-9715
-2795
-9875
-2771
-10211
-2755
-10347
-2763
-10651
-2779
-10891
-2763
-11115
-2779
-11339
-2715
-11571
-2683
-11787
-2787
-12091
-2699
-12347
-2699
-12627
-2707
-12787
-2683
-13083
-2787
-13331
-2731
-13499
-2731
-13811
-2675
-14059
-2747
-14195
-2739
-14435
-2771
-14771
-2675
-14923
-2739
-15187
-2675
-15491
-2691
-15659
-2787
-15955
-2755
-16155
-2771
-16403
-2699
-16715
-2731
-16955
-2707
-17171
-2779
-17347
-2755
-17571
-2787
-17827
-2739
-18051
-2795
-18331
-2667
-18595
-2683
-18851
-2899
133
-3003
-19
-3027
-387
-2907
-619
-2999
-795
-3011
-987
-2999
-1303
-3023
-1475
-3027
-1679
-2907
-2047
-2899
-2263
-2943
-2407
-2911
-2771
-2935
-2935
-3011
-3259
-2963
-3499
-2931
-3735
-2983
-3839
-2995
-4203
-2955
-4411
-2907
-4611
-2971
-4903
-2947
-5103
-2967
-5335
-2899
-5527
-2947
-5867
-2919
-6011
-2931
-6387
-2947
-6527
-2987
-6819
-3007
-7071
-3023
-7203
-3035
-7507
-2999
-7747
-3031
-8047
-2939
-8291
-2975
-8475
-3031
-8679
-3011
-8907
-2975
-9183
-2971
-9507
-2939
-9651
-2939
-9979
-3035
-10203
-2987
-10379
-2979
-10651
-2931
-10891
-2987
-11179
-2947
-11387
-2963
-11659
-3035
-11827
-2931
-12099
-3011
-12291
-2995
-12523
-2971
-12819
-2979
-13099
-2971
-13227
-3027
-13555
-3019
-13763
-2915
-14035
-2971
-14251
-3035
-14467
-2979
-14675
-2987
-15019
-3011
-15267
-2995
-15459
-2931
-15683
-3035
-15867
-2987
-16147
-2979
-16459
-3011
-16715
-2963
-16907
-2995
-17067
-2907
-17435
-3011
-17627
-2971
-17803
-3019
-18059
-2955
-18275
-2963
-18515
-2995
-18867
-3191
141
-3179
-103
-3143
-299
-3155
-603
-3171
-819
-3219
-955
-3147
-1323
-3151
-1495
-3251
-1723
-3267
-2047
-3203
-2179
-3195
-2403
-3243
-2707
-3123
-2951
-3239
-3163
-3191
-3471
-3227
-3683
-3243
-3891
-3211
-4215
-3235
-4363
-3251
-4631
-3251
-4895
-3175
-5103
-3131
-5367
-3259
-5571
-3147
-5855
-3163
-6139
-3167
-6299
-3231
-6579
-3151
-6747
-3211
-6967
-3247
-7271
-3195
-7575
-3267
-7755
-3215
-7987
-3227
-8287
-3247
-8483
-3187
-8667
-3179
-9019
-3243
-9143
-3243
-9491
-3147
-9723
-3219
-9971
-3251
-10155
-3243
-10379
-3219
-10587
-3171
-10931
-3259
-11123
-3275
-11411
-3267
-11579
-3171
-11787
-3195
-12131
-3163
-12331
-3163
-12595
-3227
-12787
-3163
-13067
-3219
-13283
-3259
-13523
-3163
-13795
-3203
-13987
-3163
-14259
-3187
-14483
-3251
-14723
-3171
-14995
-3203
-15267
-3147
-15451
-3235
-15635
-3243
-15891
-3147
-16131
-3195
-16419
-3235
-16707
-3195
-16891
-3259
-17187
-3203
-17379
-3179
-17587
-3163
-17891
-3251
-18131
-3179
-18339
-3147
-18587
-3227
-18811
-3511
125
-3483
-151
-3363
-331
-3507
-499
-3491
-851
-3447
-1083
-3467
-1307
-3471
-1551
-3387
-1707
-3443
-1951
-3463
-2227
-3431
-2435
-3399
-2667
-3439
-3011
-3435
-3223
-3503
-3419
-3483
-3655
-3451
-3867
-3407
-4139
-3479
-4427
-3475
-4579
-3475
-4931
-3367
-5055
-3451
-5339
-3451
-5527
-3479
-5787
-3439
-6091
-3419
-6267
-3475
-6507
-3443
-6727
-3395
-7019
-3475
-7239
-3475
-7459
-3411
-7819
-3423
-7991
-3363
-8215
-3475
-8547
-3403
-8775
-3419
-8975
-3435
-9171
-3515
-9467
-3483
-9715
-3443
-9979
-3427
-10115
-3491
-10459
-3483
-10643
-3499
-10947
-3443
-11187
-3395
-11427
-3403
-11627
-3499
-11899
-3467
-12075
-3451
-12267
-3419
-12539
-3451
-12867
-3499
-13011
-3467
-13347
-3475
-13547
-3507
-13787
-3475
-14003
-3395
-14243
-3507
-14451
-3403
-14795
-3427
-14907
-3395
-15259
-3435
-15499
-3467
-15627
-3491
-15907
-3491
-16235
-3451
-16395
-3507
-16683
-3475
-16867
-3459
-17187
-3435
-17331
-3419
-17547
-3515
-17843
-3499
-18027
-3427
-18267
-3499
-18603
-3443
-18819
-3643
149
-3619
-131
-3683
-311
-3731
-563
-3727
-727
-3663
-971
-3683
-1275
-3691
-1491
-3711
-1779
-3679
-2039
-3711
-2223
-3707
-2459
-3611
-2755
-3715
-2971
-3659
-3155
-3687
-3491
-3715
-3667
-3615
-3851
-3667
-4147
-3747
-4383
-3723
-4555
-3751
-4923
-3603
-5095
-3675
-5363
-3699
-5567
-3659
-5839
-3671
-6115
-3723
-6275
-3707
-6603
-3723
-6763
-3671
-7059
-3703
-7235
-3603
-7555
-3655
-7711
-3691
-8055
-3683
-8251
-3711
-8443
-3711
-8747
-3655
-9027
-3687
-9175
-3635
-9467
-3675
-9747
-3755
-9907
-3731
-10123
-3755
-10435
-3747
-10699
-3699
-10947
-3683
-11107
-3691
-11419
-3691
-11579
-3739
-11899
-3683
-12155
-3723
-12267
-3739
-12539
-3723
-12851
-3691
-13075
-3699
-13275
-3627
-13539
-3651
-13731
-3635
-13979
-3739
-14267
-3747
-14427
-3659
-14779
-3643
-15035
-3651
-15259
-3715
-15483
-3755
-15675
-3707
-15875
-3659
-16179
-3707
-16387
-3691
-16659
-3723
-16947
-3715
-17163
-3755
-17307
-3755
-17635
-3723
-17819
-3667
-18075
-3667
-18331
-3747
-18587
-3747
-18851
-3891
141
-3935
-131
-3923
-371
-3987
-583
-3911
-779
-3899
-979
-3915
-1219
-3907
-1475
-3963
-1711
-3939
-1959
-3907
-2279
-3975
-2543
-3947
-2743
-3979
-2959
-3939
-3187
-3983
-3407
-3955
-3611
-3907
-3879
-3943
-4191
-3967
-4471
-3907
-4671
-3879
-4803
-3863
-5091
-3863
-5355
-3871
-5579
-3935
-5811
-3875
-6043
-3979
-6275
-3983
-6559
-3927
-6823
-3963
-6971
-3931
-7287
-3927
-7515
-3915
-7695
-3899
-7971
-3891
-8207
-3995
-8475
-3927
-8715
-3907
-8879
-3875
-9143
-3935
-9483
-3883
-9747
-3971
-9891
-3995
-10163
-3955
-10371
-3979
-10691
-3987
-10827
-3963
-11147
-3939
-11411
-3907
-11659
-3899
-11795
-3947
-12043
-3947
-12275
-3947
-12587
-3995
-12835
-3979
-13083
-3963
-13347
-3995
-13539
-3947
-13747
-3923
-14059
-3875
-14211
-3987
-14451
-3971
-14755
-3987
-14979
-3971
-15147
-3995
-15459
-3971
-15699
-3963
-15971
-3963
-16203
-3923
-16403
-3875
-16683
-3939
-16827
-3891
-17163
-3979
-17307
-3987
-17579
-3899
-17867
-3955
-18155
-3987
-18355
-3963
-18611
-3867
-18835
-4115
117
-4231
-15
-4187
-295
-4203
-535
-4143
-779
-4203
-1087
-4211
-1279
-4139
-1563
-4135
-1779
-4079
-2027
-4171
-2175
-4175
-2463
-4223
-2759
-4215
-2991
-4179
-3131
-4211
-3483
-4119
-3723
-4151
-3859
-4115
-4211
-4147
-4403
-4123
-4591
-4171
-4819
-4203
-5167
-4195
-5323
-4187
-5583
-4139
-5879
-4227
-6015
-4207
-6383
-4187
-6603
-4227
-6855
-4155
-7091
-4195
-7319
-4179
-7503
-4131
-7723
-4183
-7919
-4187
-8283
-4151
-8507
-4223
-8755
-4135
-8987
-4195
-9275
-4187
-9399
-4131
-9675
-4203
-9931
-4219
-10155
-4147
-10427
-4211
-10699
-4187
-10915
-4163
-11115
-4123
-11323
-4203
-11675
-4123
-11811
-4195
-12035
-4171
-12395
-4211
-12579
-4187
-12803
-4235
-13011
-4211
-13243
-4235
-13563
-4187
-13715
-4211
-13971
-4123
-14307
-4195
-14475
-4195
-14675
-4147
-15019
-4139
-15227
-4171
-15467
-4227
-15643
-4211
-15963
-4123
-16115
-4131
-16355
-4155
-16659
-4203
-16915
-4147
-17195
-4211
-17379
-4123
-17667
-4219
-17867
-4179
-18067
-4123
-18371
-4187
-18523
-4107
-18859
-4331
109
-4443
-23
-4347
-283
-4407
-551
-4371
-811
-4443
-1027
-4355
-1343
-4371
-1579
-4443
-1791
-4423
-1939
-4415
-2275
-4383
-2515
-4475
-2739
-4359
-3035
-4415
-3167
-4403
-3403
-4459
-3707
-4443
-3887
-4435
-4187
-4375
-4443
-4411
-4699
-4375
-4803
-4467
-5107
-4319
-5287
-4463
-5655
-4475
-5851
-4363
-6031
-4415
-6355
-4443
-6587
-4375
-6763
-4443
-7071
-4359
-7259
-4447
-7583
-4403
-7779
-4415
-8003
-4451
-8167
-4415
-8543
-4435
-8687
-4343
-8991
-4379
-9135
-4443
-9383
-4475
-9715
-4371
-9939
-4467
-10211
-4467
-10459
-4459
-10667
-4387
-10899
-4467
-11091
-4419
-11315
-4355
-11627
-4467
-11907
-4387
-12027
-4363
-12331
-4379
-12611
-4403
-12795
-4475
-13067
-4435
-13339
-4451
-13587
-4403
-13819
-4387
-13987
-4435
-14315
-4443
-14491
-4475
-14755
-4355
-14939
-4475
-15235
-4451
-15483
-4467
-15675
-4459
-15939
-4475
-16107
-4435
-16443
-4395
-16699
-4459
-16835
-4371
-17163
-4411
-17403
-4347
-17571
-4395
-17787
-4443
-18035
-4427
-18315
-4427
-18563
-4443
-18835
-4607
109
-4671
-87
-4583
-327
-4679
-595
-4655
-759
-4639
-1083
-4563
-1247
-4595
-1551
-4655
-1819
-4683
-1995
-4675
-2211
-4615
-2443
-4603
-2755
-4683
-2979
-4631
-3195
-4659
-3475
-4623
-3631
-4655
-3863
-4619
-4215
-4675
-4391
-4579
-4631
-4627
-4875
-4667
-5099
-4687
-5311
-4627
-5611
-4687
-5811
-4667
-6087
-4671
-6315
-4591
-6595
-4595
-6839
-4667
-7043
-4687
-7319
-4643
-7587
-4687
-7831
-4667
-7983
-4659
-8211
-4683
-8543
-4675
-8691
-4643
-8907
-4583
-9179
-4587
-9447
-4587
-9691
-4667
-9907
-4675
-10139
-4651
-10419
-4683
-10619
-4707
-10859
-4683
-11187
-4611
-11427
-4619
-11547
-4651
-11915
-4683
-12115
-4691
-12395
-4699
-12595
-4675
-12795
-4659
-13003
-4699
-13355
-4667
-13507
-4707
-13755
-4643
-14051
-4603
-14243
-4667
-14467
-4667
-14763
-4627
-14995
-4691
-15259
-4667
-15491
-4619
-15723
-4619
-15963
-4603
-16139
-4643
-16371
-4683
-16699
-4667
-16899
-4643
-17187
-4659
-17339
-4603
-17675
-4619
-17883
-4675
-18059
-4699
-18371
-4707
-18547
-4595
-18859
-4835
109
-4811
-79
-4823
-279
-4931
-619
-4915
-763
-4931
-1027
-4947
-1351
-4899
-1499
-4891
-1675
-4835
-2059
-4823
-2263
-4811
-2463
-4919
-2747
-4883
-2959
-4863
-3191
-4879
-3475
-4915
-3647
-4923
-3951
-4899
-4195
-4923
-4451
-4899
-4599
-4891
-4859
-4935
-5155
-4819
-5411
-4923
-5655
-4943
-5887
-4867
-6087
-4947
-6267
-4935
-6507
-4875
-6787
-4923
-7055
-4847
-7287
-4867
-7503
-4943
-7771
-4931
-8063
-4855
-8187
-4907
-8471
-4831
-8699
-4927
-8963
-4919
-9259
-4899
-9383
-4939
-9739
-4947
-9971
-4923
-10219
-4899
-10395
-4835
-10619
-4931
-10947
-4955
-11139
-4923
-11339
-4867
-11595
-4947
-11875
-4923
-12115
-4939
-12395
-4899
-12579
-4931
-12771
-4947
-13115
-4931
-13227
-4835
-13547
-4891
-13739
-4851
-13995
-4859
-14251
-4947
-14531
-4915
-14723
-4947
-14939
-4907
-15227
-4939
-15435
-4899
-15723
-4947
-15995
-4907
-16219
-4907
-16443
-4955
-16643
-4827
-16867
-4827
-17131
-4883
-17427
-4827
-17579
-4859
-17795
-4939
-18043
-4859
-18347
-4931
-18627
-4851
-18835
-5091
93
-5135
-79
-5155
-275
-5175
-563
-5107
-723
-5067
-1067
-5039
-1271
-5167
-1583
-5087
-1791
-5123
-1955
-5171
-2255
-5163
-2519
-5183
-2775
-5131
-3019
-5091
-3175
-5143
-3419
-5099
-3627
-5119
-3923
-5163
-4159
-5151
-4403
-5099
-4623
-5091
-4907
-5175
-5195
-5179
-5307
-5147
-5591
-5175
-5851
-5099
-6107
-5111
-6275
-5083
-6595
-5055
-6787
-5119
-7099
-5163
-7243
-5103
-7451
-5083
-7771
-5119
-7971
-5163
-8243
-5175
-8519
-5191
-8747
-5163
-9019
-5067
-9167
-5151
-9463
-5195
-9691
-5131
-9891
-5163
-10203
-5123
-10347
-5123
-10675
-5187
-10899
-5163
-11139
-5155
-11315
-5067
-11651
-5083
-11803
-5195
-12115
-5179
-12379
-5123
-12579
-5179
-12835
-5195
-12995
-5139
-13275
-5123
-13579
-5163
-13755
-5107
-14043
-5131
-14275
-5179
-14555
-5155
-14787
-5099
-14907
-5171
-15275
-5099
-15467
-5195
-15635
-5179
-15899
-5187
-16107
-5083
-16403
-5163
-16683
-5099
-16931
-5075
-17131
-5187
-17363
-5187
-17595
-5195
-17803
-5163
-18147
-5115
-18347
-5131
-18563
-5155
-18811
-5347
125
-5371
-19
-5379
-371
-5347
-619
-5363
-775
-5419
-1051
-5427
-1283
-5411
-1555
-5363
-1703
-5435
-2075
-5355
-2251
-5411
-2443
-5395
-2707
-5427
-2995
-5331
-3199
-5315
-3483
-5379
-3703
-5427
-3955
-5395
-4131
-5307
-4427
-5355
-4619
-5435
-4843
-5315
-5119
-5379
-5303
-5435
-5611
-5363
-5763
-5339
-6107
-5427
-6339
-5419
-6579
-5411
-6755
-5427
-7059
-5427
-7331
-5323
-7443
-5411
-7763
-5427
-7995
-5387
-8183
-5435
-8539
-5435
-8715
-5387
-8931
-5395
-9191
-5331
-9407
-5435
-9635
-5435
-9955
-5419
-10139
-5403
-10419
-5411
-10603
-5363
-10939
-5323
-11139
-5435
-11411
-5427
-11555
-5419
-11891
-5363
-12027
-5403
-12323
-5427
-12611
-5419
-12843
-5395
-13043
-5387
-13235
-5435
-13571
-5339
-13763
-5411
-13963
-5323
-14283
-5307
-14539
-5371
-14667
-5307
-15003
-5323
-15187
-5363
-15435
-5347
-15731
-5419
-15987
-5355
-16179
-5427
-16443
-5363
-16683
-5331
-16835
-5315
-17131
-5315
-17371
-5323
-17627
-5411
-17859
-5435
-18035
-5347
-18267
-5379
-18611
-5331
-18819
-5651
117
-5611
-115
-5571
-387
-5635
-555
-5571
-867
-5595
-1107
-5675
-1339
-5667
-1483
-5563
-1819
-5603
-2059
-5595
-2299
-5659
-2483
-5547
-2755
-5611
-2955
-5627
-3219
-5643
-3451
-5635
-3723
-5659
-3923
-5667
-4131
-5611
-4443
-5619
-4595
-5651
-4923
-5667
-5147
-5603
-5339
-5627
-5603
-5667
-5899
-5659
-6091
-5547
-6355
-5619
-6579
-5571
-6771
-5667
-6995
-5635
-7259
-5635
-7475
-5563
-7819
-5651
-8035
-5667
-8219
-5651
-8459
-5611
-8707
-5659
-8979
-5603
-9219
-5603
-9443
-5635
-9635
-5667
-9995
-5659
-10179
-5547
-10427
-5675
-10707
-5635
-10875
-5635
-11099
-5603
-11347
-5571
-11643
-5603
-11899
-5571
-12067
-5643
-12323
-5659
-12555
-5627
-12779
-5675
-12987
-5675
-13243
-5675
-13475
-5675
-13755
-5667
-14075
-5627
-14227
-5579
-14443
-5675
-14739
-5651
-14955
-5675
-15219
-5547
-15435
-5675
-15651
-5675
-15971
-5659
-16171
-5643
-16371
-5675
-16611
-5651
-16955
-5547
-17115
-5675
-17363
-5651
-17571
-5675
-17819
-5619
-18067
-5619
-18347
-5563
-18619
-5635
-18843
-5899
149
-5819
-91
-5843
-275
-5835
-547
-5883
-867
-5843
-1011
-5851
-1251
-5883
-1571
-5891
-1771
-5827
-2059
-5843
-2307
-5891
-2459
-5787
-2787
-5859
-3027
-5915
-3211
-5851
-3483
-5795
-3755
-5859
-3955
-5891
-4155
-5835
-4475
-5795
-4643
-5915
-4867
-5899
-5187
-5859
-5411
-5891
-5595
-5811
-5867
-5787
-6147
-5899
-6387
-5843
-6523
-5819
-6843
-5835
-7115
-5915
-7315
-5875
-7563
-5883
-7803
-5787
-7987
-5803
-8235
-5891
-8555
-5883
-8731
-5875
-9027
-5915
-9187
-5803
-9419
-5899
-9731
-5819
-9963
-5867
-10147
-5915
-10475
-5811
-10675
-5899
-10859
-5915
-11115
-5827
-11419
-5867
-11563
-5875
-11795
-5835
-12035
-5915
-12299
-5843
-12507
-5891
-12787
-5915
-13019
-5915
-13267
-5907
-13579
-5843
-13835
-5787
-13995
-5907
-14275
-5899
-14467
-5803
-14715
-5843
-15019
-5851
-15147
-5851
-15459
-5883
-15739
-5819
-15955
-5867
-16123
-5787
-16435
-5891
-16707
-5859
-16843
-5899
-17091
-5843
-17363
-5867
-17595
-5915
-17867
-5875
-18099
-5891
-18299
-5891
-18539
-5891
-18819
-6131
117
-6099
-83
-6099
-323
-6131
-579
-6091
-795
-6115
-1035
-6067
-1251
-6075
-1507
-6035
-1779
-6155
-2011
-6115
-2227
-6099
-2459
-6139
-2763
-6067
-3003
-6083
-3163
-6083
-3427
-6147
-3755
-6123
-3915
-6139
-4131
-6131
-4451
-6147
-4595
-6043
-4923
-6147
-5107
-6043
-5307
-6155
-5643
-6115
-5795
-6115
-6059
-6107
-6331
-6155
-6507
-6027
-6795
-6155
-7051
-6139
-7251
-6147
-7483
-6083
-7731
-6107
-8011
-6107
-8275
-6067
-8467
-6035
-8747
-6147
-8947
-6155
-9227
-6131
-9499
-6131
-9683
-6091
-9947
-6051
-10171
-6155
-10395
-6147
-10643
-6059
-10907
-6035
-11195
-6123
-11323
-6147
-11587
-6107
-11819
-6123
-12107
-6083
-12283
-6115
-12595
-6027
-12819
-6107
-13115
-6067
-13227
-6139
-13475
-6123
-13731
-6155
-14075
-6027
-14275
-6035
-14499
-6139
-14771
-6083
-14963
-6091
-15227
-6115
-15395
-6115
-15659
-6147
-15987
-6051
-16219
-6043
-16459
-6099
-16635
-6147
-16891
-6115
-17147
-6131
-17323
-6075
-17595
-6147
-17875
-6155
-18115
-6139
-18363
-6115
-18539
-6051
-18835
-6283
117
-6395
-139
-6323
-379
-6283
-571
-6379
-875
-6275
-987
-6347
-1227
-6371
-1579
-6347
-1763
-6267
-1995
-6307
-2259
-6371
-2515
-6395
-2691
-6283
-2915
-6331
-3147
-6323
-3475
-6387
-3635
-6395
-3907
-6339
-4227
-6395
-4371
-6395
-4715
-6299
-4947
-6283
-5067
-6363
-5323
-6371
-5595
-6339
-5795
-6307
-6059
-6291
-6299
-6315
-6595
-6387
-6763
-6291
-7043
-6315
-7259
-6371
-7563
-6395
-7819
-6291
-7979
-6339
-8235
-6283
-8523
-6347
-8667
-6371
-8915
-6371
-9251
-6395
-9491
-6339
-9667
-6347
-9891
-6395
-10107
-6395
-10379
-6323
-10627
-6387
-10915
-6267
-11147
-6307
-11307
-6371
-11571
-6379
-11867
-6283
-12051
-6347
-12339
-6339
-12603
-6371
-12827
-6363
-13091
-6371
-13307
-6395
-13555
-6339
-13707
-6387
-13995
-6379
-14267
-6395
-14459
-6339
-14779
-6339
-15003
-6307
-15275
-6339
-15515
-6323
-15747
-6307
-15875
-6379
-16195
-6307
-16467
-6355
-16643
-6379
-16843
-6387
-17163
-6371
-17347
-6363
-17595
-6379
-17867
-6323
-18115
-6395
-18323
-6331
-18611
-6291
-18859
-6635
117
-6579
-51
-6627
-371
-6619
-547
-6627
-851
-6539
-1051
-6555
-1347
-6539
-1523
-6619
-1779
-6507
-2003
-6619
-2211
-6579
-2427
-6531
-2691
-6555
-2923
-6611
-3235
-6587
-3467
-6595
-3739
-6595
-3883
-6595
-4211
-6611
-4451
-6611
-4635
-6547
-4843
-6563
-5091
-6603
-5411
-6555
-5635
-6595
-5851
-6627
-6147
-6547
-6299
-6619
-6603
-6595
-6779
-6507
-7075
-6515
-7243
-6507
-7531
-6547
-7819
-6611
-8051
-6619
-8275
-6563
-8523
-6603
-8715
-6611
-8947
-6635
-9259
-6547
-9435
-6579
-9691
-6571
-9979
-6611
-10179
-6539
-10475
-6515
-10699
-6539
-10915
-6595
-11147
-6595
-11331
-6611
-11603
-6531
-11875
-6627
-12155
-6603
-12379
-6571
-12547
-6547
-12811
-6531
-13083
-6619
-13267
-6571
-13579
-6611
-13835
-6635
-13955
-6555
-14235
-6635
-14427
-6507
-14747
-6627
-14971
-6507
-15219
-6595
-15427
-6635
-15699
-6563
-15915
-6539
-16155
-6619
-16443
-6579
-16627
-6579
-16947
-6627
-17131
-6619
-17347
-6555
-17563
-6523
-17851
-6531
-18083
-6507
-18355
-6531
-18563
-6603
-18843
-6811
93
-6803
-155
-6851
-347
-6875
-619
-6851
-867
-6835
-1051
-6843
-1307
-6851
-1547
-6835
-1771
-6763
-2051
-6835
-2235
-6763
-2451
-6811
-2699
-6827
-2907
-6867
-3275
-6795
-3411
-6779
-3651
-6763
-3899
-6859
-4227
-6867
-4355
-6875
-4587
-6827
-4827
-6803
-5107
-6851
-5347
-6787
-5635
-6867
-5819
-6827
-6123
-6811
-6387
-6875
-6587
-6811
-6875
-6835
-7011
-6787
-7307
-6819
-7571
-6803
-7795
-6779
-7955
-6859
-8195
-6867
-8507
-6859
-8683
-6755
-8923
-6867
-9267
-6827
-9395
-6803
-9747
-6747
-9971
-6811
-10107
-6755
-10475
-6811
-10627
-6795
-10915
-6875
-11163
-6755
-11323
-6779
-11635
-6819
-11819
-6755
-12115
-6779
-12355
-6755
-12523
-6867
-12747
-6851
-13083
-6851
-13291
-6827
-13587
-6787
-13739
-6867
-14059
-6875
-14267
-6803
-14475
-6819
-14731
-6827
-14995
-6851
-15195
-6875
-15411
-6795
-15651
-6835
-15955
-6851
-16235
-6835
-16435
-6779
-16715
-6835
-16875
-6835
-17179
-6867
-17387
-6835
-17563
-6875
-17787
-6819
-18075
-6851
-18371
-6747
-18627
-6875
-18851
-7019
149
-7091
-115
-7027
-323
-7051
-547
-7003
-843
-7067
-1027
-7043
-1227
-7099
-1491
-7035
-1755
-7107
-2035
-7107
-2195
-7115
-2523
-7027
-2667
-6987
-3027
-7067
-3171
-7019
-3483
-7099
-3643
-7051
-3947
-7011
-4163
-7067
-4371
-7083
-4611
-7099
-4899
-7083
-5139
-7011
-5355
-7027
-5627
-7051
-5835
-7027
-6035
-7099
-6291
-7051
-6539
-7115
-6763
-7059
-7051
-7115
-7251
-7019
-7595
-7083
-7739
-7115
-8035
-7075
-8315
-7035
-8451
-7067
-8779
-7067
-8907
-7051
-9259
-7115
-9475
-7059
-9691
-6987
-9971
-6987
-10219
-7091
-10435
-7107
-10587
-7075
-10939
-7003
-11179
-7115
-11371
-7011
-11619
-7107
-11907
-7059
-12091
-7115
-12347
-7107
-12539
-7083
-12795
-7091
-13027
-7115
-13243
-7043
-13571
-7011
-13715
-7083
-14043
-7003
-14259
-7099
-14443
-7011
-14771
-7083
-15003
-7115
-15251
-7099
-15491
-7067
-15683
-7115
-15955
-7027
-16155
-7003
-16379
-7115
-16587
-7003
-16843
-7115
-17099
-7003
-17307
-7115
-17603
-6995
-17899
-7107
-18147
-7059
-18267
-7051
-18547
-7003
-18827
-7355
141
-7283
-107
-7299
-291
-7291
-515
-7307
-771
-7331
-1003
-7331
-1355
-7291
-1491
-7267
-1715
-7355
-2051
-7299
-2235
-7347
-2531
-7267
-2723
-7291
-2979
-7355
-3251
-7331
-3395
-7347
-3755
-7307
-3931
-7283
-4219
-7275
-4387
-7259
-4643
-7259
-4955
-7339
-5147
-7339
-5435
-7259
-5667
-7299
-5891
-7299
-6099
-7259
-6267
-7331
-6611
-7275
-6747
-7299
-7003
-7323
-7339
-7355
-7467
-7267
-7723
-7283
-7947
-7307
-8227
-7299
-8459
-7259
-8787
-7347
-9003
-7235
-9243
-7235
-9443
-7251
-9667
-7331
-9971
-7307
-10195
-7243
-10459
-7347
-10603
-7251
-10923
-7267
-11131
-7251
-11363
-7299
-11651
-7347
-11843
-7283
-12131
-7243
-12339
-7243
-12539
-7315
-12827
-7355
-13019
-7331
-13283
-7323
-13499
-7331
-13755
-7331
-14067
-7339
-14187
-7259
-14475
-7275
-14779
-7315
-14947
-7347
-15147
-7283
-15387
-7315
-15699
-7307
-15891
-7275
-16139
-7259
-16371
-7331
-16587
-7227
-16875
-7299
-17171
-7235
-17379
-7243
-17675
-7347
-17891
-7291
-18035
-7307
-18379
-7283
-18547
-7251
-18851
-7531
117
-7571
-147
-7523
-347
-7595
-507
-7595
-867
-7563
-1051
-7523
-1355
-7579
-1467
-7467
-1715
-7523
-1971
-7531
-2195
-7507
-2491
-7475
-2731
-7499
-2947
-7523
-3147
-7571
-3515
-7491
-3667
-7555
-3891
-7595
-4179
-7547
-4403
-7531
-4643
-7515
-4883
-7539
-5139
-7539
-5411
-7579
-5603
-7547
-5787
-7539
-6155
-7483
-6387
-7587
-6603
-7547
-6811
-7555
-7091
-7595
-7307
-7595
-7491
-7555
-7779
-7595
-7971
-7571
-8195
-7563
-8547
-7539
-8787
-7523
-9035
-7531
-9259
-7515
-9507
-7595
-9651
-7539
-9891
-7491
-10147
-7555
-10467
-7515
-10715
-7571
-10931
-7571
-11067
-7587
-11419
-7547
-11659
-7475
-11787
-7587
-12155
-7523
-12387
-7531
-12547
-7539
-12811
-7579
-13059
-7563
-13275
-7555
-13563
-7587
-13723
-7571
-13979
-7507
-14259
-7467
-14547
-7579
-14771
-7507
-14931
-7595
-15275
-7563
-15403
-7555
-15675
-7547
-15883
-7587
-16187
-7595
-16419
-7531
-16691
-7555
-16923
-7563
-17155
-7475
-17387
-7515
-17627
-7571
-17915
-7475
-18155
-7499
-18299
-7595
-18531
-7467
-18811
-7763
109
-7803
-35
-7771
-387
-7811
-587
-7819
-835
-7795
-1019
-7747
-1243
-7747
-1555
-7787
-1723
-7779
-1955
-7755
-2227
-7827
-2523
-7731
-2683
-7787
-2955
-7747
-3171
-7771
-3411
-7779
-3731
-7715
-3915
-7763
-4219
-7835
-4347
-7795
-4667
-7715
-4851
-7763
-5083
-7787
-5323
-7739
-5667
-7803
-5827
-7811
-6139
-7803
-6379
-7771
-6507
-7803
-6851
-7779
-7115
-7771
-7347
-7835
-7523
-7739
-7827
-7707
-8051
-7787
-8219
-7723
-8539
-7811
-8747
-7795
-8979
-7763
-9251
-7835
-9443
-7811
-9699
-7779
-9891
-7715
-10235
-7827
-10403
-7739
-10651
-7763
-10835
-7827
-11107
-7747
-11411
-7731
-11571
-7827
-11915
-7723
-12123
-7787
-12323
-7731
-12619
-7731
-12835
-7771
-13027
-7811
-13251
-7827
-13547
-7771
-13739
-7739
-14019
-7771
-14235
-7779
-14523
-7771
-14699
-7771
-14947
-7779
-15227
-7795
-15403
-7827
-15667
-7779
-15987
-7779
-16131
-7715
-16387
-7811
-16683
-7707
-16923
-7715
-17107
-7811
-17355
-7795
-17659
-7739
-17787
-7835
-18027
-7755
-18339
-7779
-18635
-7771
-18811
-8067
125
-8067
-51
-7995
-283
-8051
-635
-8067
-795
-7947
-1035
-7979
-1227
-7955
-1507
-8019
-1803
-8067
-2043
-8043
-2315
-8003
-2475
-7955
-2699
-8003
-2971
-7987
-3251
-8035
-3387
-8011
-3675
-8003
-3875
-8027
-4171
-8003
-4459
-7955
-4587
-7987
-4947
-7979
-5115
-8003
-5403
-7979
-5659
-7987
-5883
-7963
-6035
-8011
-6275
-8035
-6579
-8035
-6787
-8059
-7083
-8067
-7243
-8019
-7515
-8051
-7819
-8043
-7963
-7963
-8211
-8051
-8491
-8011
-8795
-8059
-8987
-7979
-9275
-8027
-9395
-7971
-9755
-7995
-9883
-8075
-10179
-8075
-10467
-8051
-10619
-8075
-10891
-7979
-11075
-7971
-11363
-7971
-11619
-7955
-11803
-8019
-12099
-8075
-12379
-8051
-12547
-8035
-12867
-8059
-13051
-8067
-13323
-7987
-13579
-8075
-13779
-8075
-14011
-7987
-14251
-7995
-14459
-8011
-14723
-8043
-14923
-7947
-15259
-8019
-15395
-7987
-15643
-8075
-15899
-8075
-16227
-8059
-16403
-8027
-16587
-7963
-16891
-8059
-17099
-7971
-17363
-8043
-17555
-8059
-17819
-8051
-18139
-8075
-18283
-8051
-18571
-7971
-18819
-8283
133
-8259
-115
-8211
-315
-8211
-603
-8259
-755
-8243
-1027
-8227
-1235
-8267
-1595
-8187
-1819
-8211
-1971
-8307
-2251
-8299
-2531
-8275
-2771
-8227
-3035
-8227
-3227
-8187
-3467
-8275
-3731
-8195
-3915
-8291
-4227
-8211
-4459
-8211
-4587
-8243
-4859
-8251
-5187
-8275
-5355
-8307
-5627
-8251
-5851
-8275
-6075
-8315
-6315
-8267
-6571
-8235
-6787
-8259
-7091
-8307
-7243
-8299
-7579
-8283
-7819
-8291
-8035
-8219
-8283
-8307
-8499
-8211
-8787
-8283
-9003
-8243
-9243
-8307
-9483
-8299
-9667
-8275
-9971
-8259
-10203
-8235
-10451
-8275
-10619
-8283
-10851
-8275
-11131
-8275
-11355
-8275
-11603
-8307
-11883
-8259
-12051
-8315
-12307
-8211
-12531
-8227
-12835
-8203
-13059
-8291
-13275
-8195
-13483
-8291
-13715
-8307
-14067
-8275
-14259
-8219
-14515
-8243
-14787
-8251
-15035
-8211
-15251
-8187
-15459
-8243
-15723
-8227
-15915
-8267
-16123
-8315
-16347
-8291
-16587
-8315
-16939
-8267
-17155
-8227
-17395
-8219
-17659
-8307
-17891
-8307
-18155
-8251
-18315
-8259
-18539
-8211
-18811
-8451
101
-8539
-35
-8515
-339
-8539
-635
-8547
-875
-8523
-1115
-8547
-1347
-8547
-1587
-8523
-1819
-8427
-1979
-8459
-2227
-8507
-2523
-8547
-2763
-8547
-3019
-8435
-3179
-8499
-3427
-8507
-3731
-8539
-3947
-8507
-4227
-8483
-4347
-8555
-4715
-8467
-4915
-8475
-5163
-8467
-5387
-8515
-5619
-8435
-5891
-8555
-6099
-8435
-6355
-8523
-6563
-8539
-6843
-8515
-7043
-8491
-7227
-8499
-7571
-8459
-7795
-8555
-8019
-8531
-8187
-8467
-8443
-8531
-8779
-8515
-8947
-8467
-9211
-8475
-9491
-8491
-9731
-8523
-9931
-8467
-10219
-8451
-10459
-8435
-10691
-8523
-10947
-8523
-11107
-8451
-11379
-8547
-11651
-8523
-11875
-8499
-12139
-8523
-12299
-8523
-12627
-8491
-12803
-8547
-13067
-8515
-13299
-8491
-13523
-8443
-13827
-8499
-13955
-8475
-14243
-8515
-14547
-8459
-14699
-8523
-15003
-8427
-15171
-8475
-15419
-8499
-15755
-8507
-15915
-8467
-16211
-8515
-16379
-8459
-16627
-8547
-16883
-8531
-17163
-8515
-17403
-8507
-17587
-8539
-17851
-8555
-18067
-8523
-18275
-8499
-18587
-8515
-18835
-8763
141
-8683
-35
-8739
-331
-8699
-507
-8787
-827
-8771
-1011
-8675
-1275
-8795
-1547
-8779
-1779
-8755
-2019
-8715
-2219
-8715
-2523
-8795
-2763
-8747
-2939
-8779
-3187
-8787
-3467
-8787
-3739
-8675
-3891
-8683
-4155
-8723
-4419
-8715
-4699
-8771
-4939
-8675
-5163
-8739
-5419
-8699
-5667
-8707
-5899
-8795
-6107
-8779
-6267
-8699
-6571
-8779
-6771
-8763
-7035
-8739
-7251
-8755
-7547
-8731
-7715
-8683
-7995
-8707
-8219
-8731
-8475
-8723
-8691
-8795
-8971
-8763
-9243
-8795
-9507
-8771
-9675
-8763
-9875
-8747
-10163
-8747
-10451
-8739
-10635
-8795
-10931
-8691
-11139
-8787
-11315
-8675
-11635
-8779
-11891
-8763
-12131
-8787
-12395
-8715
-12619
-8675
-12747
-8747
-13011
-8691
-13267
-8723
-13547
-8699
-13811
-8723
-13987
-8699
-14219
-8723
-14483
-8771
-14771
-8771
-15019
-8795
-15259
-8739
-15387
-8771
-15707
-8739
-15923
-8747
-16195
-8747
-16443
-8771
-16683
-8795
-16907
-8787
-17131
-8723
-17411
-8731
-17595
-8675
-17867
-8699
-18155
-8731
-18371
-8787
-18595
-8755
-18811
-8963
93
-8955
-99
-9003
-323
-8947
-611
-9003
-819
-9019
-1083
-8995
-1283
-9003
-1579
-8971
-1835
-9035
-1987
-8971
-2267
-9035
-2507
-8971
-2723
-8979
-2923
-8971
-3259
-9019
-3483
-8907
-3699
-8915
-3979
-8971
-4203
-9027
-4371
-9027
-4707
-8987
-4851
-8923
-5091
-8971
-5419
-8915
-5555
-8947
-5843
-9027
-6051
-8939
-6371
-8971
-6515
-8931
-6747
-8971
-7019
-9003
-7331
-8931
-7483
-9035
-7723
-8963
-8003
-8939
-8211
-8939
-8515
-8987
-8787
-8971
-8987
-9035
-9155
-8995
-9395
-8995
-9651
-8987
-9931
-9011
-10171
-9011
-10379
-9027
-10715
-8955
-10915
-8907
-11195
-8971
-11379
-9027
-11579
-8915
-11851
-8987
-12115
-9019
-12387
-8963
-12579
-8963
-12811
-8971
-13115
-8939
-13243
-8979
-13555
-8955
-13835
-9035
-14043
-8907
-14283
-8987
-14499
-8907
-14715
-8907
-15019
-9019
-15275
-9003
-15507
-9011
-15739
-8963
-15891
-8987
-16179
-9027
-16451
-9003
-16619
-8923
-16843
-8939
-17091
-9027
-17395
-9035
-17579
-9027
-17819
-9003
-18107
-9011
-18291
-9027
-18515
-9003
-18843
-9147
101
-9243
-27
-9219
-283
-9227
-523
-9275
-867
-9251
-1075
-9219
-1259
-9187
-1595
-9267
-1739
-9275
-1955
-9163
-2195
-9243
-2547
-9251
-2683
-9235
-2907
-9235
-3203
-9259
-3435
-9227
-3667
-9275
-3995
-9187
-4163
-9243
-4355
-9267
-4587
-9275
-4931
-9219
-5107
-9267
-5411
-9259
-5587
-9235
-5803
-9275
-6123
-9259
-6283
-9227
-6635
-9203
-6843
-9267
-7107
-9219
-7235
-9275
-7595
-9219
-7787
-9259
-8011
-9187
-8235
-9163
-8523
-9275
-8715
-9171
-8995
-9155
-9219
-9163
-9435
-9219
-9635
-9275
-9923
-9235
-10211
-9267
-10379
-9163
-10643
-9267
-10883
-9171
-11075
-9227
-11395
-9195
-11555
-9147
-11851
-9267
-12099
-9251
-12275
-9275
-12603
-9227
-12811
-9259
-12995
-9259
-13347
-9227
-13595
-9227
-13787
-9195
-14059
-9267
-14235
-9267
-14443
-9203
-14787
-9251
-14987
-9171
-15235
-9267
-15451
-9235
-15755
-9219
-15899
-9259
-16219
-9219
-16355
-9219
-16651
-9227
-16859
-9187
-17123
-9227
-17435
-9163
-17627
-9243
-17811
-9267
-18027
-9243
-18299
-9203
-18579
-9179
-18843
-9507
141
-9483
-115
-9483
-387
-9443
-619
-9411
-787
-9515
-1115
-9475
-1251
-9435
-1587
-9491
-1819
-9491
-2043
-9443
-2267
-9515
-2547
-9483
-2707
-9467
-2955
-9387
-3275
-9483
-3451
-9499
-3643
-9475
-3987
-9507
-4179
-9475
-4411
-9499
-4619
-9475
-4827
-9499
-5179
-9515
-5387
-9411
-5603
-9435
-5915
-9387
-6091
-9515
-6355
-9387
-6611
-9507
-6755
-9483
-7043
-9467
-7291
-9515
-7587
-9491
-7739
-9483
-8027
-9515
-8299
-9475
-8507
-9499
-8731
-9507
-9027
-9515
-9275
-9515
-9387
-9507
-9715
-9395
-9915
-9515
-10187
-9387
-10475
-9483
-10675
-9395
-10955
-9411
-11099
-9515
-11315
-9459
-11675
-9483
-11835
-9403
-12083
-9507
-12291
-9427
-12531
-9499
-12819
-9475
-13043
-9387
-13355
-9499
-13579
-9451
-13715
-9475
-13955
-9427
-14275
-9443
-14483
-9411
-14731
-9435
-15027
-9483
-15227
-9451
-15515
-9443
-15747
-9427
-15875
-9467
-16179
-9475
-16419
-9451
-16627
-9467
-16827
-9395
-17187
-9499
-17315
-9435
-17563
-9507
-17795
-9475
-18027
-9411
-18355
-9435
-18515
-9491
-18819
-9699
141
-9659
-83
-9723
-315
-9723
-587
-9651
-779
-9659
-1083
-9731
-1227
-9707
-1579
-9747
-1811
-9731
-2051
-9747
-2299
-9707
-2539
-9683
-2787
-9667
-2947
-9659
-3211
-9675
-3499
-9667
-3675
-9715
-3947
-9691
-4187
-9723
-4371
-9747
-4611
-9643
-4883
-9635
-5107
-9683
-5363
-9747
-5675
-9723
-5907
-9643
-6115
-9723
-6355
-9715
-6563
-9691
-6859
-9715
-7075
-9755
-7307
-9739
-7579
-9755
-7827
-9723
-7979
-9699
-8195
-9635
-8451
-9739
-8779
-9739
-8907
-9675
-9171
-9739
-9451
-9739
-9755
-9683
-9955
-9683
-10171
-9667
-10403
-9755
-10595
-9739
-10851
-9699
-11099
-9651
-11347
-9707
-11627
-9739
-11835
-9747
-12147
-9643
-12387
-9731
-12571
-9643
-12755
-9723
-13067
-9635
-13291
-9731
-13491
-9699
-13827
-9683
-13963
-9723
-14227
-9731
-14483
-9699
-14723
-9699
-14947
-9699
-15155
-9707
-15395
-9659
-15643
-9707
-15947
-9683
-16171
-9659
-16443
-9715
-16651
-9731
-16931
-9739
-17147
-9643
-17395
-9755
-17547
-9739
-17907
-9723
-18051
-9755
-18355
-9755
-18555
-9675
-18851
-9939
85
-9899
-67
-9875
-371
-9971
-539
-9931
-859
-9995
-1115
-9947
-1355
-9931
-1483
-9995
-1803
-9979
-1979
-9875
-2203
-9867
-2547
-9947
-2675
-9939
-2987
-9907
-3187
-9939
-3515
-9939
-3747
-9947
-3883
-9939
-4147
-9987
-4443
-9987
-4619
-9979
-4939
-9955
-5139
-9883
-5435
-9939
-5627
-9955
-5811
-9979
-6091
-9931
-6331
-9995
-6587
-9995
-6843
-9995
-7003
-9923
-7243
-9915
-7563
-9899
-7835
-9971
-8011
-9963
-8267
-9979
-8531
-9891
-8755
-9899
-9003
-9915
-9179
-9875
-9395
-9923
-9675
-9979
-9963
-9915
-10211
-9987
-10435
-9923
-10715
-9971
-10947
-9963
-11123
-9955
-11371
-9875
-11627
-9867
-11827
-9939
-12035
-9947
-12355
-9907
-12523
-9987
-12835
-9923
-13099
-9867
-13331
-9995
-13571
-9971
-13739
-9907
-14011
-9923
-14283
-9875
-14475
-9987
-14755
-9995
-14939
-9955
-15203
-9979
-15515
-9955
-15731
-9963
-15867
-9995
-16179
-9923
-16467
-9939
-16707
-9955
-16867
-9987
-17083
-9995
-17371
-9923
-17619
-9891
-17883
-9963
-18075
-9931
-18355
-9947
-18523
-9907
-18843
-10155
93
-10235
-43
-10203
-347
-10155
-635
-10115
-763
-10171
-1075
-10227
-1235
-10195
-1579
-10155
-1819
-10227
-2019
-10235
-2211
-10235
-2475
-10155
-2691
-10203
-3003
-10187
-3211
-10107
-3443
-10171
-3707
-10115
-3971
-10179
-4227
-10211
-4395
-10147
-4715
-10115
-4851
-10155
-5099
-10235
-5419
-10219
-5547
-10203
-5875
-10235
-6075
-10147
-6315
-10163
-6611
-10107
-6811
-10227
-7115
-10195
-7243
-10187
-7507
-10227
-7827
-10227
-8059
-10235
-8203
-10211
-8451
-10203
-8699
-10187
-8907
-10203
-9211
-10227
-9499
-10219
-9675
-10235
-9939
-10179
-10203
-10195
-10395
-10235
-10619
-10195
-10883
-10203
-11091
-10187
-11435
-10203
-11603
-10187
-11787
-10171
-12075
-10211
-12299
-10115
-12555
-10123
-12763
-10195
-13083
-10115
-13323
-10219
-13515
-10115
-13819
-10227
-14067
-10227
-14299
-10147
-14523
-10219
-14707
-10115
-14931
-10195
-15187
-10235
-15427
-10131
-15747
-10107
-15883
-10227
-16187
-10219
-16379
-10163
-16691
-10235
-16875
-10227
-17123
-10203
-17435
-10179
-17579
-10139
-17819
-10147
-18083
-10203
-18371
-10211
-18619
-10171
-18835
-10459
101
-10435
-147
-10467
-363
-10459
-515
-10467
-875
-10475
-1059
-10443
-1347
-10459
-1571
-10419
-1827
-10419
-2011
-10467
-2283
-10475
-2523
-10419
-2763
-10435
-2931
-10419
-3179
-10475
-3507
-10475
-3755
-10467
-3883
-10435
-4147
-10459
-4427
-10419
-4643
-10467
-4939
-10435
-5139
-10427
-5387
-10443
-5667
-10411
-5899
-10427
-6091
-10427
-6379
-10475
-6619
-10451
-6795
-10443
-6987
-10443
-7283
-10451
-7547
-10435
-7811
-10443
-8035
-10459
-8299
-10451
-8491
-10427
-8691
-10419
-9027
-10451
-9195
-10443
-9395
-10419
-9723
-10427
-9939
-10451
-10219
-10419
-10475
-10411
-10691
-10459
-10939
-10443
-11099
-10467
-11323
-10451
-11547
-10427
-11819
-10435
-12043
-10427
-12315
-10451
-12563
-10459
-12771
-10427
-12995
-10419
-13315
-10427
-13531
-10435
-13771
-10467
-13955
-10411
-14227
-10411
-14515
-10467
-14699
-10459
-14955
-10451
-15147
-10467
-15435
-10411
-15699
-10435
-15883
-10427
-16211
-10467
-16467
-10459
-16715
-10475
-16835
-10419
-17115
-10419
-17331
-10427
-17651
-10443
-17907
-10459
-18043
-10467
-18307
-10467
-18507
-10451
-18859
