110
1605
238
-127
401
-319
450
-523
187
-787
344
-978
171
-1266
183
-1542
471
-1683
236
-1960
218
-2177
357
-2511
111
-2683
317
-2935
299
-3189
181
-3373
217
-3677
231
-3889
271
-4187
233
-4383
193
-4593
109
-4843
149
-5083
117
-5423
101
-5675
93
-5899
85
-6019
93
-6339
109
-6607
85
-6735
125
-7095
133
-7315
101
-7531
133
-7699
93
-8027
85
-8155
149
-8479
149
-8743
125
-9035
133
-9163
149
-9483
117
-9755
93
-9891
85
-10171
133
-10371
133
-10595
141
-10883
133
-11075
85
-11347
117
-11635
101
-11875
149
-12107
93
-12387
109
-12555
149
-12867
125
-12987
125
-13267
109
-13587
85
-13755
117
-14027
149
-14243
85
-14539
101
-14771
149
-14923
109
-15267
141
-15395
93
-15659
109
-15899
133
-16219
117
-16419
117
-16683
117
-16923
93
-17179
85
-17371
133
-17667
149
-17859
85
-18035
117
-18307
101
-18635
125
-18851
-95
451
-71
-19
-101
-261
-67
-547
-105
-760
-99
-963
-133
-1310
-88
-1461
-124
-1701
-118
-2009
-121
-2244
-111
-2447
-51
-2647
-27
-2983
-75
-3199
-125
-3427
-67
-3683
-69
-3867
-81
-4155
-99
-4409
-101
-4661
-55
-4935
-107
-5087
-143
-5395
-7
-5603
-155
-5891
-87
-6119
-123
-6259
-95
-6515
-3
-6755
-115
-7059
-31
-7327
-111
-7515
-31
-7751
-75
-8059
-119
-8195
-123
-8475
-75
-8763
-31
-8983
-127
-9219
-155
-9507
-35
-9755
-91
-9875
-75
-10179
-67
-10467
-139
-10659
-59
-10923
-131
-11187
-147
-11339
-27
-11643
-115
-11899
-99
-12059
-107
-12283
-75
-12563
-123
-12803
-99
-13099
-147
-13251
-131
-13563
-147
-13771
-123
-14027
-83
-14283
-27
-14467
-67
-14739
-147
-14915
-107
-15275
-155
-15411
-115
-15723
-67
-15955
-139
-16227
-91
-16451
-91
-16635
-75
-16827
-83
-17147
-107
-17331
-147
-17619
-139
-17915
-67
-18035
-139
-18323
-91
-18571
-131
-18835
-375
410
-367
-69
-359
-314
-363
-604
-334
-737
-267
-1085
-331
-1321
-261
-1565
-257
-1775
-339
-1929
-285
-2197
-301
-2443
-343
-2749
-319
-2941
-367
-3119
-355
-3399
-325
-3689
-365
-3863
-271
-4199
-299
-4443
-273
-4583
-287
-4935
-359
-5131
-343
-5427
-319
-5639
-331
-5803
-379
-6067
-255
-6267
-339
-6519
-335
-6787
-331
-6995
-387
-7243
-275
-7487
-391
-7767
-255
-8031
-315
-8195
-351
-8511
-319
-8675
-331
-8995
-243
-9175
-319
-9391
-347
-9659
-395
-9899
-371
-10163
-331
-10387
-371
-10603
-307
-10947
-315
-11107
-347
-11387
-339
-11587
-371
-11883
-323
-12059
-395
-12331
-371
-12555
-275
-12859
-347
-13099
-363
-13291
-355
-13587
-379
-13763
-275
-13963
-339
-14291
-275
-14523
-371
-14699
-315
-14915
-379
-15227
-371
-15491
-387
-15683
-291
-15875
-323
-16203
-371
-16395
-339
-16699
-283
-16915
-395
-17067
-275
-17363
-379
-17667
-347
-17843
-395
-18027
-395
-18339
-339
-18595
-339
-18867
-515
1169
-537
-65
-611
-271
-537
-533
-524
-740
-591
-1087
-500
-1299
-618
-1491
-601
-1779
-542
-1993
-540
-2208
-631
-2467
-597
-2691
-567
-2927
-527
-3247
-567
-3439
-559
-3631
-489
-3979
-595
-4179
-585
-4349
-541
-4689
-495
-4823
-607
-5103
-563
-5375
-563
-5619
-591
-5819
-595
-6051
-579
-6303
-495
-6599
-491
-6803
-531
-7063
-555
-7311
-595
-7531
-523
-7731
-575
-8035
-543
-8223
-583
-8503
-535
-8719
-483
-8987
-571
-9115
-515
-9499
-579
-9707
-547
-9947
-595
-10203
-587
-10363
-619
-10651
-523
-10859
-635
-11171
-635
-11403
-579
-11659
-587
-11867
-627
-12099
-635
-12355
-627
-12555
-563
-12843
-635
-13051
-531
-13283
-539
-13595
-555
-13755
-523
-14019
-603
-14243
-515
-14475
-539
-14667
-595
-15035
-563
-15163
-555
-15411
-571
-15739
-603
-15875
-579
-16115
-595
-16467
-627
-16707
-595
-16827
-507
-17091
-563
-17395
-515
-17603
-595
-17843
-635
-18027
-547
-18339
-635
-18579
-547
-18835
-759
415
-834
-99
-845
-244
-722
-603
-845
-801
-850
-998
-799
-1219
-826
-1498
-817
-1691
-849
-1973
-774
-2189
-765
-2423
-739
-2675
-859
-2969
-821
-3203
-741
-3417
-843
-3661
-857
-3883
-823
-4121
-725
-4391
-819
-4653
-835
-4851
-743
-5067
-811
-5395
-811
-5539
-815
-5907
-851
-6047
-851
-6363
-823
-6587
-783
-6723
-803
-7099
-791
-7235
-835
-7495
-847
-7791
-783
-7959
-827
-8183
-835
-8411
-795
-8771
-843
-8903
-847
-9175
-871
-9507
-851
-9651
-875
-9987
-747
-10179
-835
-10419
-843
-10659
-763
-10899
-755
-11171
-827
-11363
-875
-11635
-763
-11891
-851
-12099
-843
-12387
-763
-12611
-803
-12819
-747
-13059
-819
-13259
-843
-13507
-851
-13795
-771
-13971
-835
-14243
-795
-14427
-811
-14691
-755
-14979
-843
-15259
-859
-15443
-819
-15755
-859
-15891
-763
-16195
-819
-16475
-875
-16659
-803
-16947
-779
-17091
-763
-17403
-875
-17675
-851
-17867
-811
-18051
-755
-18363
-827
-18563
-795
-18851
-1059
1471
-1035
-134
-1070
-302
-1030
-589
-986
-834
-1074
-971
-1034
-1191
-950
-1532
-1022
-1713
-969
-2019
-1087
-2211
-1019
-2487
-1027
-2699
-987
-3015
-1075
-3189
-1079
-3425
-1059
-3715
-1059
-3855
-1059
-4195
-1059
-4443
-1059
-4623
-1107
-4887
-1083
-5103
-1071
-5419
-1083
-5595
-1039
-5851
-995
-6051
-1091
-6331
-1107
-6523
-1003
-6755
-1099
-7011
-995
-7327
-979
-7567
-1019
-7731
-1107
-7999
-1015
-8179
-1027
-8519
-1071
-8707
-987
-8911
-987
-9191
-1099
-9375
-1067
-9731
-1075
-9987
-1067
-10139
-1043
-10435
-1115
-10643
-1091
-10859
-1059
-11147
-1107
-11395
-1043
-11603
-1051
-11795
-1099
-12091
-1091
-12323
-1107
-12507
-1019
-12875
-1091
-13019
-1051
-13259
-1083
-13563
-1099
-13811
-1099
-14027
-1051
-14291
-1075
-14531
-1003
-14691
-1099
-15011
-1059
-15163
-1107
-15499
-1043
-15643
-1099
-15963
-1043
-16179
-1035
-16379
-1115
-16619
-1067
-16843
-1067
-17123
-1051
-17403
-1091
-17587
-1091
-17819
-1099
-18123
-1043
-18387
-1067
-18571
-987
-18843
-1251
1316
-1213
-35
-1210
-273
-1327
-509
-1253
-771
-1331
-1109
-1277
-1337
-1276
-1540
-1268
-1699
-1309
-2033
-1296
-2210
-1273
-2419
-1323
-2737
-1213
-2953
-1315
-3185
-1263
-3363
-1253
-3725
-1303
-3965
-1249
-4195
-1267
-4439
-1323
-4649
-1275
-4855
-1307
-5139
-1355
-5403
-1335
-5575
-1307
-5811
-1275
-6055
-1315
-6379
-1323
-6511
-1323
-6863
-1331
-6991
-1263
-7283
-1335
-7507
-1207
-7771
-1327
-7991
-1291
-8215
-1299
-8535
-1263
-8739
-1259
-8911
-1279
-9271
-1275
-9507
-1355
-9635
-1283
-9875
-1315
-10195
-1339
-10411
-1275
-10627
-1331
-10931
-1339
-11195
-1299
-11435
-1275
-11667
-1299
-11787
-1331
-12123
-1347
-12395
-1267
-12587
-1251
-12859
-1339
-13075
-1235
-13347
-1275
-13571
-1299
-13747
-1235
-14067
-1355
-14291
-1347
-14507
-1331
-14779
-1299
-15019
-1355
-15163
-1315
-15387
-1347
-15659
-1315
-15939
-1291
-16235
-1331
-16459
-1339
-16691
-1331
-16883
-1259
-17115
-1339
-17363
-1331
-17675
-1339
-17787
-1235
-18083
-1259
-18379
-1259
-18595
-1299
-18819
-1561
165
-1571
-117
-1575
-347
-1543
-583
-1541
-769
-1503
-1095
-1557
-1255
-1559
-1573
-1507
-1731
-1511
-1965
-1519
-2291
-1563
-2425
-1555
-2765
-1507
-2995
-1555
-3261
-1553
-3413
-1451
-3631
-1551
-3943
-1521
-4187
-1471
-4407
-1485
-4563
-1587
-4891
-1575
-5187
-1491
-5415
-1511
-5579
-1591
-5767
-1507
-6075
-1559
-6375
-1543
-6527
-1455
-6787
-1547
-7043
-1487
-7271
-1567
-7459
-1539
-7727
-1571
-8011
-1555
-8291
-1563
-8499
-1467
-8775
-1511
-8967
-1567
-9203
-1471
-9443
-1523
-9635
-1579
-9931
-1563
-10123
-1555
-10475
-1507
-10587
-1595
-10843
-1595
-11075
-1587
-11379
-1555
-11627
-1531
-11883
-1563
-12059
-1579
-12291
-1547
-12507
-1507
-12875
-1563
-13011
-1499
-13331
-1547
-13491
-1467
-13771
-1571
-13987
-1563
-14307
-1587
-14515
-1491
-14747
-1539
-14915
-1539
-15211
-1571
-15459
-1547
-15635
-1547
-15947
-1491
-16203
-1587
-16387
-1467
-16707
-1587
-16939
-1547
-17075
-1547
-17363
-1579
-17643
-1571
-17915
-1587
-18059
-1547
-18363
-1483
-18523
-1587
-18843
-1747
425
-1787
-95
-1809
-345
-1705
-515
-1713
-803
-1827
-1039
-1805
-1269
-1811
-1547
-1693
-1761
-1723
-2021
-1829
-2205
-1745
-2413
-1823
-2751
-1795
-2991
-1831
-3243
-1783
-3439
-1781
-3657
-1715
-3875
-1687
-4215
-1725
-4369
-1717
-4701
-1727
-4859
-1795
-5127
-1727
-5339
-1799
-5539
-1803
-5891
-1811
-6067
-1723
-6299
-1791
-6623
-1803
-6771
-1763
-7031
-1703
-7347
-1783
-7519
-1715
-7819
-1795
-8051
-1719
-8283
-1811
-8519
-1823
-8671
-1715
-8883
-1771
-9119
-1783
-9403
-1755
-9755
-1771
-9979
-1803
-10219
-1731
-10347
-1819
-10707
-1803
-10899
-1803
-11115
-1715
-11411
-1755
-11611
-1819
-11915
-1763
-12035
-1819
-12371
-1827
-12555
-1811
-12771
-1835
-13099
-1731
-13275
-1835
-13475
-1755
-13755
-1827
-13987
-1819
-14211
-1811
-14539
-1747
-14675
-1723
-14979
-1779
-15259
-1827
-15491
-1787
-15739
-1771
-15987
-1795
-16211
-1811
-16435
-1715
-16675
-1819
-16883
-1811
-17179
-1747
-17323
-1707
-17579
-1715
-17835
-1739
-18091
-1771
-18395
-1771
-18635
-1803
-18867
-1951
1323
-2043
-71
-2009
-363
-1991
-583
-2019
-793
-1923
-1005
-2063
-1243
-1975
-1541
-2033
-1723
-2029
-1993
-1991
-2199
-1953
-2403
-2027
-2715
-2037
-2961
-2035
-3253
-1959
-3445
-1975
-3609
-1987
-3963
-2015
-4159
-2007
-4425
-2019
-4629
-1999
-4863
-1967
-5159
-2043
-5303
-1963
-5635
-2035
-5811
-2031
-6103
-2023
-6387
-2035
-6627
-1979
-6863
-2071
-7083
-2019
-7279
-2011
-7559
-1983
-7735
-1987
-7999
-2059
-8203
-2051
-8435
-2051
-8707
-1987
-8983
-1955
-9183
-1975
-9443
-1947
-9627
-1987
-9907
-2051
-10171
-1947
-10363
-2035
-10659
-2075
-10955
-2059
-11067
-1971
-11435
-2011
-11659
-1979
-11795
-2011
-12139
-1987
-12363
-1971
-12507
-1979
-12811
-2059
-13075
-2075
-13283
-1995
-13571
-1979
-13771
-2067
-14011
-2067
-14203
-2003
-14483
-1995
-14707
-2051
-14947
-1971
-15203
-2035
-15435
-2067
-15675
-2035
-15963
-1971
-16123
-1979
-16475
-2035
-16667
-2035
-16851
-2003
-17187
-1947
-17339
-2011
-17675
-1947
-17835
-1995
-18083
-2019
-18387
-2027
-18603
-2051
-18867
-2219
569
-2269
-105
-2283
-235
-2189
-531
-2235
-771
-2177
-1007
-2263
-1255
-2207
-1521
-2269
-1719
-2161
-2005
-2257
-2277
-2287
-2453
-2295
-2681
-2249
-3009
-2295
-3227
-2161
-3419
-2215
-3697
-2195
-3925
-2265
-4107
-2275
-4393
-2281
-4707
-2203
-4871
-2203
-5175
-2287
-5339
-2291
-5559
-2279
-5799
-2267
-6123
-2215
-6339
-2167
-6503
-2275
-6787
-2235
-7075
-2251
-7295
-2263
-7451
-2259
-7747
-2247
-7991
-2219
-8227
-2267
-8523
-2291
-8675
-2263
-8995
-2231
-9219
-2291
-9427
-2251
-9643
-2283
-9955
-2203
-10139
-2243
-10411
-2267
-10715
-2275
-10859
-2235
-11067
-2243
-11331
-2251
-11563
-2203
-11851
-2307
-12083
-2259
-12283
-2315
-12531
-2291
-12827
-2275
-13075
-2299
-13251
-2195
-13547
-2299
-13795
-2315
-13979
-2275
-14227
-2195
-14443
-2219
-14667
-2299
-14939
-2235
-15267
-2307
-15411
-2259
-15731
-2219
-15923
-2315
-16179
-2283
-16355
-2203
-16587
-2291
-16899
-2283
-17179
-2291
-17387
-2227
-17611
-2299
-17851
-2299
-18115
-2267
-18331
-2283
-18635
-2299
-18851
-2495
301
-2461
-127
-2463
-263
-2469
-595
-2469
-841
-2473
-1111
-2509
-1325
-2537
-1459
-2431
-1709
-2513
-1963
-2447
-2253
-2507
-2489
-2529
-2663
-2505
-2959
-2489
-3225
-2483
-3377
-2449
-3733
-2487
-3953
-2455
-4175
-2501
-4397
-2505
-4681
-2431
-4887
-2483
-5095
-2547
-5351
-2523
-5555
-2499
-5787
-2527
-6011
-2459
-6347
-2495
-6539
-2451
-6767
-2515
-7059
-2447
-7311
-2527
-7547
-2463
-7811
-2555
-8019
-2435
-8179
-2535
-8503
-2507
-8667
-2511
-8955
-2447
-9187
-2511
-9447
-2523
-9627
-2459
-9907
-2515
-10187
-2547
-10371
-2547
-10643
-2475
-10843
-2555
-11187
-2507
-11315
-2547
-11643
-2555
-11787
-2515
-12123
-2539
-12363
-2467
-12539
-2547
-12867
-2483
-13043
-2451
-13339
-2523
-13531
-2539
-13747
-2555
-14027
-2523
-14243
-2507
-14491
-2547
-14715
-2515
-14939
-2443
-15251
-2483
-15387
-2427
-15747
-2483
-15875
-2515
-16227
-2555
-16459
-2443
-16715
-2547
-16955
-2539
-17091
-2539
-17355
-2491
-17659
-2515
-17915
-2515
-18123
-2523
-18283
-2451
-18603
-2555
-18827
-2695
141
-2787
-99
-2747
-315
-2731
-551
-2655
-785
-2775
-1039
-2687
-1259
-2679
-1499
-2735
-1727
-2791
-2043
-2739
-2259
-2787
-2499
-2675
-2775
-2747
-2955
-2691
-3155
-2739
-3515
-2759
-3615
-2771
-3899
-2651
-4151
-2755
-4443
-2683
-4679
-2731
-4935
-2687
-5079
-2687
-5303
-2679
-5551
-2715
-5819
-2767
-6083
-2771
-6243
-2699
-6495
-2667
-6819
-2683
-7047
-2707
-7283
-2731
-7535
-2735
-7699
-2771
-8059
-2723
-8199
-2735
-8455
-2719
-8651
-2775
-8907
-2755
-9183
-2767
-9463
-2787
-9739
-2787
-9883
-2763
-10203
-2787
-10411
-2691
-10667
-2771
-10891
-2763
-11107
-2739
-11395
-2755
-11667
-2755
-11907
-2795
-12091
-2763
-12323
-2699
-12595
-2763
-12851
-2739
-13115
-2747
-13251
-2739
-13531
-2723
-13715
-2763
-14011
-2683
-14235
-2795
-14547
-2707
-14667
-2691
-15003
-2755
-15195
-2691
-15451
-2787
-15667
-2787
-15891
-2739
-16203
-2787
-16371
-2707
-16707
-2771
-16955
-2787
-17075
-2787
-17355
-2763
-17579
-2691
-17819
-2747
-18155
-2795
-18331
-2691
-18515
-2683
-18851
-2927
141
-2923
-7
-2979
-315
-3015
-575
-2891
-759
-2939
-991
-2979
-1275
-2927
-1559
-2915
-1783
-2987
-1991
-2947
-2195
-2963
-2475
-2967
-2763
-3011
-3019
-3027
-3179
-3019
-3451
-2979
-3667
-2991
-3839
-2979
-4159
-2991
-4423
-2955
-4659
-2951
-4915
-2963
-5091
-3015
-5383
-2911
-5603
-2971
-5899
-2931
-6067
-2907
-6347
-2959
-6511
-3011
-6823
-3003
-7003
-3019
-7203
-3007
-7463
-2955
-7783
-2995
-7915
-2955
-8259
-2999
-8475
-3027
-8755
-2983
-8891
-2935
-9219
-2991
-9499
-3019
-9675
-2963
-9931
-2931
-10131
-3035
-10347
-2995
-10627
-2979
-10827
-2971
-11123
-3003
-11387
-2947
-11587
-3035
-11795
-2907
-12131
-3003
-12331
-3027
-12555
-3003
-12787
-2963
-13059
-3019
-13291
-2963
-13595
-2987
-13819
-3019
-14067
-3035
-14291
-2979
-14531
-2979
-14715
-3003
-14995
-2995
-15227
-3003
-15435
-3019
-15651
-2963
-15875
-2947
-16195
-2915
-16403
-3003
-16683
-2955
-16899
-3019
-17083
-3035
-17435
-3027
-17643
-3035
-17915
-3011
-18107
-3027
-18347
-3011
-18603
-2995
-18867
-3219
125
-3223
-59
-3219
-355
-3163
-599
-3195
-831
-3247
-1071
-3179
-1327
-3243
-1559
-3187
-1779
-3155
-2023
-3243
-2219
-3183
-2475
-3151
-2707
-3235
-3011
-3239
-3183
-3171
-3443
-3171
-3703
-3247
-3899
-3275
-4167
-3203
-4371
-3259
-4579
-3179
-4887
-3127
-5119
-3227
-5327
-3171
-5615
-3263
-5803
-3235
-6035
-3199
-6335
-3183
-6575
-3255
-6787
-3203
-6987
-3231
-7279
-3179
-7539
-3227
-7723
-3231
-7947
-3199
-8251
-3159
-8511
-3171
-8755
-3259
-8999
-3247
-9143
-3199
-9491
-3275
-9659
-3227
-9907
-3195
-10155
-3275
-10411
-3243
-10715
-3227
-10883
-3227
-11171
-3227
-11355
-3251
-11651
-3219
-11795
-3275
-12059
-3219
-12371
-3259
-12611
-3203
-12835
-3187
-13115
-3211
-13243
-3195
-13483
-3235
-13755
-3275
-14067
-3163
-14267
-3275
-14483
-3267
-14667
-3171
-14931
-3203
-15187
-3203
-15499
-3203
-15731
-3179
-15995
-3171
-16163
-3195
-16475
-3275
-16595
-3243
-16867
-3211
-17099
-3187
-17411
-3243
-17595
-3235
-17811
-3227
-18067
-3259
-18323
-3227
-18579
-3227
-18811
-3515
125
-3391
-47
-3487
-347
-3447
-587
-3463
-843
-3439
-1087
-3515
-1247
-3423
-1459
-3467
-1771
-3499
-2043
-3463
-2239
-3483
-2467
-3503
-2767
-3375
-2939
-3431
-3199
-3423
-3371
-3455
-3691
-3403
-3947
-3395
-4147
-3427
-4323
-3395
-4579
-3463
-4827
-3427
-5075
-3427
-5367
-3419
-5651
-3487
-5899
-3439
-6103
-3483
-6299
-3415
-6635
-3491
-6779
-3487
-7015
-3487
-7231
-3499
-7523
-3459
-7731
-3387
-8059
-3459
-8187
-3495
-8543
-3427
-8739
-3463
-8999
-3443
-9247
-3475
-9507
-3475
-9747
-3467
-9907
-3499
-10147
-3483
-10371
-3491
-10603
-3475
-10851
-3515
-11099
-3475
-11435
-3451
-11619
-3435
-11851
-3467
-12051
-3475
-12363
-3507
-12539
-3459
-12811
-3499
-13075
-3435
-13235
-3475
-13571
-3451
-13739
-3515
-14003
-3499
-14211
-3515
-14555
-3443
-14731
-3491
-14907
-3475
-15187
-3443
-15419
-3475
-15747
-3443
-15995
-3419
-16115
-3507
-16459
-3427
-16667
-3483
-16947
-3419
-17099
-3507
-17355
-3419
-17659
-3499
-17907
-3515
-18147
-3459
-18275
-3491
-18611
-3443
-18819
-3735
109
-3667
-71
-3679
-315
-3727
-555
-3743
-851
-3719
-1095
-3643
-1347
-3707
-1595
-3675
-1731
-3671
-2043
-3607
-2235
-3635
-2475
-3627
-2747
-3727
-2943
-3651
-3163
-3703
-3391
-3667
-3671
-3723
-3875
-3719
-4095
-3663
-4411
-3695
-4603
-3631
-4931
-3735
-5087
-3615
-5371
-3635
-5555
-3671
-5843
-3707
-6127
-3739
-6303
-3683
-6491
-3671
-6755
-3687
-7019
-3675
-7227
-3671
-7483
-3607
-7783
-3731
-7991
-3719
-8255
-3699
-8447
-3703
-8659
-3623
-8891
-3691
-9175
-3735
-9423
-3747
-9723
-3731
-9883
-3731
-10219
-3643
-10467
-3747
-10715
-3755
-10955
-3723
-11179
-3683
-11427
-3747
-11627
-3667
-11915
-3651
-12147
-3715
-12395
-3755
-12619
-3699
-12771
-3747
-13099
-3691
-13235
-3731
-13579
-3643
-13795
-3635
-14035
-3747
-14259
-3659
-14435
-3731
-14691
-3755
-15035
-3675
-15195
-3715
-15427
-3675
-15659
-3691
-15891
-3683
-16163
-3691
-16451
-3643
-16619
-3739
-16851
-3731
-17091
-3675
-17307
-3691
-17627
-3635
-17795
-3691
-18043
-3635
-18379
-3659
-18507
-3747
-18851
-3835
125
-3923
-55
-3915
-343
-3987
-587
-3939
-751
-3955
-1019
-3847
-1299
-3951
-1483
-3979
-1679
-3923
-1963
-3851
-2187
-3907
-2395
-3963
-2759
-3963
-2999
-3947
-3219
-3895
-3419
-3879
-3735
-3959
-3859
-3891
-4103
-3899
-4423
-3947
-4603
-3991
-4839
-3963
-5111
-3895
-5415
-3947
-5587
-3875
-5859
-3943
-6099
-3943
-6287
-3943
-6547
-3931
-6739
-3987
-7083
-3979
-7343
-3947
-7515
-3987
-7707
-3923
-8011
-3951
-8303
-3911
-8439
-3919
-8755
-3903
-8975
-3863
-9131
-3967
-9499
-3971
-9731
-3891
-9979
-3987
-10227
-3963
-10427
-3867
-10707
-3995
-10899
-3955
-11163
-3995
-11331
-3963
-11675
-3979
-11827
-3931
-12139
-3883
-12307
-3907
-12515
-3915
-12763
-3891
-13099
-3979
-13355
-3979
-13515
-3971
-13723
-3947
-14019
-3947
-14259
-3939
-14443
-3955
-14715
-3939
-15027
-3947
-15251
-3923
-15451
-3979
-15755
-3883
-15987
-3971
-16155
-3995
-16443
-3995
-16627
-3955
-16843
-3971
-17155
-3915
-17371
-3987
-17627
-3987
-17883
-3995
-18123
-3947
-18283
-3907
-18515
-3907
-18867
-4231
125
-4199
-123
-4175
-323
-4179
-555
-4199
-747
-4115
-1035
-4131
-1275
-4111
-1571
-4099
-1731
-4207
-2039
-4175
-2191
-4187
-2519
-4167
-2647
-4151
-3003
-4179
-3147
-4099
-3475
-4199
-3643
-4171
-3859
-4171
-4099
-4131
-4387
-4207
-4567
-4103
-4883
-4191
-5095
-4187
-5399
-4103
-5603
-4167
-5811
-4191
-6047
-4207
-6279
-4151
-6567
-4139
-6819
-4175
-7039
-4175
-7287
-4207
-7527
-4111
-7827
-4135
-7943
-4203
-8171
-4163
-8527
-4103
-8767
-4195
-8931
-4199
-9187
-4219
-9483
-4107
-9755
-4123
-9875
-4203
-10203
-4147
-10419
-4187
-10635
-4195
-10955
-4107
-11123
-4179
-11355
-4203
-11635
-4163
-11883
-4155
-12075
-4235
-12299
-4123
-12571
-4235
-12827
-4107
-13027
-4171
-13331
-4219
-13579
-4203
-13779
-4107
-14003
-4235
-14307
-4131
-14427
-4219
-14787
-4163
-15011
-4235
-15243
-4227
-15499
-4203
-15747
-4203
-15955
-4227
-16187
-4187
-16355
-4195
-16699
-4187
-16931
-4219
-17091
-4131
-17419
-4155
-17667
-4227
-17795
-4203
-18099
-4203
-18267
-4195
-18547
-4187
-18859
-4419
149
-4367
-107
-4383
-295
-4407
-551
-4395
-755
-4463
-1075
-4415
-1283
-4459
-1563
-4455
-1771
-4435
-2007
-4431
-2267
-4399
-2539
-4455
-2767
-4431
-2911
-4427
-3195
-4387
-3499
-4359
-3651
-4411
-3899
-4387
-4227
-4383
-4347
-4455
-4687
-4419
-4859
-4339
-5123
-4419
-5299
-4459
-5623
-4459
-5799
-4375
-5999
-4455
-6267
-4403
-6607
-4431
-6755
-4443
-7067
-4431
-7307
-4447
-7563
-4315
-7795
-4423
-7947
-4435
-8167
-4427
-8439
-4455
-8759
-4407
-8975
-4379
-9223
-4407
-9459
-4459
-9699
-4475
-9923
-4475
-10147
-4475
-10387
-4427
-10587
-4451
-10955
-4411
-11187
-4419
-11363
-4419
-11659
-4419
-11827
-4419
-12051
-4451
-12299
-4403
-12587
-4467
-12755
-4347
-12995
-4467
-13283
-4451
-13491
-4435
-13787
-4443
-14019
-4459
-14211
-4435
-14491
-4419
-14715
-4459
-15003
-4363
-15243
-4395
-15459
-4467
-15683
-4435
-15923
-4467
-16211
-4475
-16379
-4435
-16603
-4363
-16931
-4411
-17083
-4379
-17379
-4435
-17547
-4387
-17827
-4427
-18051
-4459
-18371
-4467
-18547
-4443
-18835
-4635
109
-4655
-107
-4607
-327
-4671
-583
-4567
-775
-4667
-1111
-4671
-1335
-4695
-1471
-4635
-1675
-4631
-2063
-4671
-2251
-4619
-2475
-4699
-2683
-4695
-2987
-4659
-3191
-4655
-3455
-4623
-3623
-4655
-3879
-4655
-4147
-4683
-4443
-4675
-4591
-4619
-4899
-4659
-5155
-4643
-5407
-4579
-5631
-4643
-5827
-4675
-6111
-4687
-6283
-4567
-6619
-4571
-6831
-4627
-6995
-4555
-7243
-4683
-7463
-4667
-7755
-4687
-7979
-4667
-8231
-4575
-8435
-4667
-8755
-4631
-8959
-4691
-9243
-4683
-9463
-4603
-9667
-4667
-9923
-4619
-10195
-4707
-10443
-4699
-10635
-4651
-10843
-4667
-11131
-4611
-11331
-4675
-11651
-4627
-11835
-4587
-12051
-4611
-12371
-4691
-12531
-4707
-12755
-4699
-13115
-4675
-13347
-4603
-13587
-4715
-13795
-4643
-13971
-4595
-14291
-4635
-14459
-4627
-14675
-4699
-15011
-4675
-15187
-4667
-15419
-4667
-15635
-4691
-15939
-4699
-16131
-4715
-16355
-4667
-16699
-4587
-16939
-4675
-17083
-4587
-17339
-4691
-17571
-4603
-17867
-4691
-18099
-4707
-18283
-4707
-18515
-4595
-18827
-4839
109
-4951
-95
-4819
-367
-4951
-619
-4907
-803
-4863
-1015
-4947
-1323
-4911
-1487
-4843
-1807
-4919
-2019
-4875
-2203
-4815
-2463
-4899
-2775
-4883
-2983
-4859
-3227
-4907
-3455
-4923
-3647
-4911
-3963
-4827
-4199
-4843
-4451
-4931
-4635
-4839
-4823
-4843
-5043
-4827
-5383
-4847
-5543
-4859
-5883
-4843
-6035
-4923
-6311
-4883
-6511
-4843
-6799
-4875
-7079
-4875
-7211
-4835
-7543
-4935
-7799
-4823
-8019
-4923
-8215
-4887
-8475
-4887
-8727
-4839
-8971
-4883
-9235
-4843
-9423
-4923
-9667
-4955
-9899
-4843
-10219
-4867
-10419
-4923
-10587
-4891
-10915
-4867
-11115
-4931
-11395
-4923
-11611
-4859
-11883
-4867
-12035
-4931
-12387
-4851
-12595
-4875
-12795
-4859
-13027
-4931
-13283
-4899
-13475
-4899
-13835
-4883
-13995
-4931
-14315
-4899
-14523
-4883
-14699
-4947
-14947
-4947
-15195
-4923
-15491
-4875
-15691
-4891
-15947
-4867
-16179
-4939
-16403
-4947
-16715
-4955
-16827
-4947
-17091
-4955
-17427
-4915
-17643
-4907
-17795
-4915
-18059
-4939
-18323
-4955
-18555
-4915
-18859
-5103
93
-5151
-23
-5155
-259
-5159
-555
-5103
-827
-5059
-1039
-5063
-1287
-5183
-1455
-5187
-1763
-5163
-2043
-5179
-2239
-5167
-2443
-5127
-2667
-5107
-2935
-5127
-3199
-5087
-3439
-5175
-3719
-5091
-3871
-5047
-4107
-5139
-4459
-5147
-4571
-5103
-4923
-5131
-5155
-5107
-5355
-5147
-5599
-5147
-5887
-5175
-6111
-5131
-6311
-5163
-6535
-5087
-6779
-5123
-7103
-5155
-7283
-5183
-7507
-5167
-7711
-5123
-8007
-5119
-8247
-5139
-8443
-5051
-8659
-5035
-8979
-5123
-9135
-5063
-9435
-5171
-9707
-5115
-9963
-5099
-10235
-5075
-10411
-5155
-10667
-5147
-10947
-5155
-11067
-5171
-11387
-5171
-11595
-5139
-11811
-5123
-12091
-5067
-12283
-5187
-12555
-5171
-12867
-5187
-13067
-5115
-13259
-5187
-13483
-5195
-13819
-5187
-14059
-5171
-14187
-5187
-14467
-5115
-14731
-5139
-15011
-5139
-15163
-5179
-15419
-5171
-15667
-5083
-15907
-5115
-16179
-5155
-16371
-5091
-16683
-5147
-16827
-5091
-17091
-5187
-17427
-5195
-17667
-5187
-17915
-5131
-18139
-5099
-18283
-5067
-18563
-5099
-18867
-5395
133
-5315
-71
-5387
-395
-5435
-587
-5427
-779
-5355
-1051
-5347
-1235
-5435
-1595
-5331
-1807
-5379
-2019
-5387
-2199
-5411
-2539
-5371
-2735
-5427
-3003
-5411
-3155
-5427
-3419
-5411
-3731
-5411
-3923
-5347
-4147
-5387
-4347
-5323
-4575
-5403
-4939
-5347
-5059
-5363
-5379
-5403
-5595
-5395
-5787
-5379
-6019
-5363
-6383
-5315
-6587
-5435
-6803
-5427
-7003
-5419
-7251
-5363
-7511
-5395
-7711
-5371
-7979
-5427
-8235
-5427
-8507
-5323
-8683
-5427
-8963
-5435
-9219
-5387
-9427
-5427
-9731
-5379
-9979
-5435
-10131
-5419
-10355
-5379
-10619
-5347
-10859
-5427
-11139
-5347
-11347
-5395
-11667
-5315
-11867
-5347
-12131
-5315
-12299
-5323
-12627
-5419
-12771
-5315
-13099
-5419
-13243
-5355
-13555
-5347
-13795
-5411
-13963
-5355
-14219
-5427
-14483
-5323
-14707
-5411
-15003
-5395
-15211
-5339
-15403
-5339
-15627
-5323
-15939
-5355
-16155
-5419
-16475
-5387
-16587
-5387
-16947
-5307
-17075
-5403
-17395
-5395
-17643
-5347
-17795
-5427
-18075
-5419
-18315
-5435
-18507
-5379
-18819
-5643
141
-5611
-139
-5571
-395
-5619
-547
-5627
-827
-5675
-1067
-5635
-1227
-5643
-1499
-5659
-1731
-5651
-2035
-5595
-2307
-5659
-2523
-5571
-2707
-5651
-2915
-5675
-3267
-5595
-3475
-5619
-3755
-5611
-3875
-5603
-4235
-5603
-4443
-5675
-4715
-5547
-4915
-5571
-5195
-5651
-5387
-5675
-5611
-5675
-5787
-5659
-6155
-5675
-6315
-5603
-6603
-5555
-6867
-5587
-6995
-5627
-7339
-5635
-7587
-5651
-7787
-5667
-7955
-5675
-8299
-5675
-8427
-5595
-8707
-5675
-8963
-5651
-9187
-5667
-9427
-5675
-9715
-5587
-9899
-5571
-10115
-5579
-10363
-5627
-10619
-5619
-10859
-5659
-11075
-5667
-11307
-5675
-11643
-5635
-11851
-5619
-12027
-5619
-12371
-5627
-12595
-5619
-12835
-5659
-13107
-5651
-13323
-5627
-13483
-5635
-13779
-5675
-14019
-5675
-14195
-5587
-14435
-5603
-14683
-5587
-14923
-5611
-15179
-5563
-15435
-5603
-15747
-5587
-15891
-5555
-16155
-5659
-16443
-5651
-16603
-5659
-16915
-5619
-17179
-5667
-17395
-5659
-17595
-5627
-17859
-5627
-18067
-5675
-18315
-5603
-18555
-5651
-18843
-5875
109
-5867
-83
-5843
-275
-5883
-523
-5907
-787
-5827
-1107
-5907
-1235
-5851
-1499
-5915
-1747
-5883
-2035
-5859
-2275
-5827
-2531
-5835
-2667
-5859
-3035
-5875
-3171
-5899
-3467
-5787
-3755
-5899
-3939
-5907
-4179
-5891
-4451
-5835
-4707
-5859
-4851
-5819
-5179
-5883
-5371
-5891
-5603
-5907
-5811
-5875
-6027
-5827
-6355
-5859
-6547
-5883
-6835
-5835
-7115
-5811
-7315
-5843
-7563
-5915
-7723
-5891
-7955
-5883
-8219
-5875
-8499
-5891
-8699
-5851
-8987
-5899
-9275
-5891
-9499
-5787
-9747
-5811
-9979
-5851
-10187
-5867
-10419
-5883
-10651
-5875
-10947
-5859
-11163
-5899
-11427
-5859
-11555
-5899
-11843
-5891
-12027
-5875
-12355
-5859
-12595
-5899
-12787
-5827
-13003
-5891
-13267
-5835
-13571
-5907
-13755
-5915
-13987
-5883
-14283
-5899
-14507
-5883
-14675
-5827
-14987
-5899
-15147
-5843
-15419
-5851
-15635
-5819
-15915
-5859
-16195
-5899
-16363
-5859
-16627
-5859
-16915
-5867
-17179
-5835
-17331
-5899
-17579
-5915
-17803
-5907
-18067
-5915
-18323
-5875
-18531
-5867
-18875
-6115
85
-6067
-43
-6155
-395
-6083
-571
-6099
-779
-6083
-987
-6035
-1307
-6083
-1491
-6035
-1811
-6147
-2043
-6147
-2211
-6139
-2515
-6139
-2755
-6099
-3019
-6147
-3275
-6099
-3475
-6115
-3755
-6107
-3939
-6099
-4211
-6067
-4459
-6147
-4611
-6139
-4947
-6147
-5107
-6107
-5435
-6147
-5635
-6091
-5819
-6099
-6091
-6107
-6307
-6099
-6531
-6099
-6867
-6115
-7003
-6139
-7339
-6099
-7515
-6131
-7715
-6059
-8019
-6067
-8251
-6059
-8443
-6115
-8755
-6147
-8963
-6091
-9195
-6115
-9499
-6091
-9659
-6147
-9931
-6123
-10179
-6075
-10379
-6099
-10699
-6139
-10827
-6139
-11195
-6139
-11403
-6051
-11667
-6059
-11787
-6123
-12091
-6027
-12291
-6123
-12523
-6139
-12875
-6027
-13083
-6131
-13339
-6147
-13515
-6123
-13715
-6107
-14075
-6051
-14307
-6059
-14483
-6099
-14771
-6107
-15027
-6155
-15203
-6035
-15467
-6123
-15747
-6083
-15907
-6051
-16171
-6115
-16475
-6099
-16675
-6115
-16907
-6123
-17187
-6139
-17307
-6083
-17667
-6155
-17835
-6091
-18059
-6099
-18291
-6043
-18571
-6027
-18867
-6315
93
-6267
-131
-6291
-283
-6387
-635
-6395
-827
-6355
-987
-6323
-1307
-6371
-1539
-6339
-1771
-6267
-1971
-6339
-2243
-6315
-2523
-6355
-2723
-6347
-2939
-6315
-3211
-6307
-3435
-6395
-3627
-6307
-3963
-6355
-4147
-6395
-4355
-6395
-4659
-6395
-4915
-6331
-5139
-6347
-5307
-6395
-5675
-6331
-5803
-6299
-6099
-6283
-6339
-6275
-6547
-6363
-6827
-6363
-7051
-6331
-7259
-6371
-7483
-6395
-7827
-6371
-8027
-6363
-8235
-6395
-8443
-6371
-8779
-6283
-9027
-6331
-9163
-6363
-9459
-6323
-9659
-6275
-9939
-6347
-10147
-6331
-10451
-6331
-10683
-6275
-10899
-6395
-11171
-6387
-11395
-6387
-11603
-6371
-11875
-6331
-12043
-6323
-12299
-6291
-12627
-6307
-12843
-6395
-13059
-6363
-13267
-6347
-13555
-6307
-13835
-6371
-14011
-6331
-14235
-6315
-14547
-6355
-14755
-6379
-14987
-6347
-15147
-6339
-15403
-6347
-15675
-6323
-15923
-6387
-16179
-6339
-16363
-6315
-16707
-6267
-16859
-6395
-17155
-6355
-17427
-6363
-17595
-6387
-17859
-6355
-18131
-6387
-18387
-6307
-18579
-6275
-18835
-6627
149
-6547
-83
-6627
-371
-6563
-595
-6635
-843
-6563
-1027
-6611
-1259
-6635
-1563
-6603
-1707
-6579
-2011
-6611
-2275
-6539
-2547
-6547
-2715
-6627
-2915
-6587
-3275
-6539
-3515
-6595
-3739
-6595
-3907
-6531
-4187
-6611
-4459
-6627
-4699
-6611
-4827
-6627
-5187
-6579
-5427
-6555
-5635
-6595
-5851
-6563
-6123
-6627
-6395
-6571
-6579
-6563
-6811
-6619
-7091
-6611
-7227
-6563
-7555
-6595
-7803
-6563
-8043
-6627
-8291
-6507
-8523
-6507
-8787
-6547
-9019
-6515
-9275
-6579
-9387
-6635
-9755
-6627
-9963
-6635
-10219
-6619
-10347
-6555
-10675
-6635
-10875
-6555
-11099
-6579
-11427
-6635
-11603
-6579
-11859
-6515
-12155
-6547
-12395
-6531
-12563
-6627
-12835
-6627
-12995
-6531
-13283
-6603
-13475
-6603
-13787
-6555
-13963
-6531
-14275
-6579
-14539
-6587
-14763
-6627
-14971
-6555
-15171
-6555
-15387
-6579
-15675
-6539
-15907
-6539
-16155
-6579
-16459
-6619
-16619
-6587
-16883
-6563
-17115
-6619
-17347
-6563
-17587
-6515
-17851
-6531
-18083
-6619
-18283
-6563
-18531
-6531
-18859
-6779
141
-6755
-27
-6851
-347
-6747
-611
-6851
-811
-6787
-1115
-6771
-1291
-6747
-1563
-6803
-1787
-6827
-1971
-6747
-2259
-6867
-2507
-6835
-2683
-6787
-2963
-6859
-3227
-6859
-3419
-6779
-3651
-6875
-3947
-6803
-4211
-6867
-4355
-6875
-4619
-6811
-4883
-6803
-5107
-6835
-5315
-6875
-5595
-6867
-5859
-6819
-6075
-6819
-6291
-6819
-6555
-6875
-6747
-6875
-7075
-6843
-7227
-6875
-7475
-6763
-7755
-6835
-8067
-6859
-8211
-6763
-8515
-6875
-8763
-6747
-8931
-6843
-9235
-6787
-9483
-6867
-9635
-6875
-9875
-6755
-10171
-6795
-10403
-6875
-10691
-6843
-10907
-6843
-11155
-6835
-11339
-6811
-11643
-6867
-11875
-6819
-12059
-6851
-12347
-6835
-12611
-6803
-12795
-6811
-13083
-6787
-13259
-6867
-13515
-6755
-13819
-6859
-14067
-6747
-14251
-6835
-14467
-6787
-14747
-6763
-15003
-6795
-15187
-6819
-15507
-6747
-15731
-6771
-15979
-6875
-16171
-6875
-16427
-6755
-16627
-6867
-16931
-6875
-17163
-6747
-17419
-6755
-17627
-6875
-17907
-6811
-18083
-6843
-18371
-6755
-18547
-6875
-18819
-7083
85
-7019
-131
-7115
-267
-7115
-627
-7099
-747
-7059
-1011
-7075
-1227
-7099
-1467
-7027
-1715
-7107
-1995
-7115
-2315
-7003
-2483
-7075
-2667
-7019
-3035
-7075
-3195
-7099
-3427
-7107
-3667
-7083
-3939
-7099
-4139
-7091
-4347
-7043
-4603
-7003
-4835
-7027
-5099
-7115
-5379
-7003
-5651
-7107
-5835
-7027
-6139
-7011
-6267
-7083
-6635
-7067
-6851
-7099
-7059
-7067
-7251
-7067
-7483
-7043
-7803
-7027
-8059
-7051
-8195
-7027
-8427
-7075
-8699
-7115
-8915
-7115
-9259
-7091
-9411
-7011
-9699
-7067
-9875
-7075
-10211
-6987
-10467
-7027
-10627
-7075
-10867
-7059
-11195
-6987
-11387
-7059
-11555
-7107
-11883
-7067
-12043
-7043
-12339
-7059
-12555
-7115
-12747
-7091
-13043
-7011
-13235
-7019
-13579
-7091
-13819
-7003
-13987
-7075
-14227
-7003
-14475
-7115
-14739
-7083
-14923
-7099
-15251
-7059
-15427
-7083
-15635
-7075
-15923
-7019
-16179
-7091
-16347
-7083
-16587
-7099
-16851
-7051
-17075
-7075
-17419
-7115
-17579
-7019
-17851
-7019
-18155
-7027
-18283
-7051
-18611
-7075
-18835
-7267
109
-7283
-107
-7299
-291
-7331
-547
-7307
-755
-7291
-1115
-7339
-1251
-7331
-1507
-7299
-1715
-7339
-2067
-7323
-2291
-7347
-2539
-7267
-2731
-7243
-2979
-7355
-3171
-7275
-3467
-7355
-3643
-7339
-3915
-7259
-4147
-7275
-4387
-7275
-4619
-7243
-4867
-7323
-5195
-7347
-5323
-7347
-5611
-7283
-5859
-7267
-6155
-7323
-6347
-7347
-6587
-7331
-6867
-7315
-7075
-7347
-7339
-7227
-7547
-7275
-7747
-7283
-8059
-7323
-8315
-7347
-8547
-7227
-8699
-7355
-9027
-7259
-9155
-7323
-9427
-7283
-9635
-7227
-9915
-7339
-10219
-7331
-10427
-7315
-10699
-7307
-10923
-7243
-11187
-7307
-11395
-7291
-11659
-7243
-11875
-7347
-12123
-7299
-12283
-7315
-12555
-7267
-12779
-7251
-13083
-7355
-13299
-7315
-13515
-7299
-13747
-7251
-14035
-7347
-14187
-7323
-14547
-7227
-14763
-7275
-15035
-7251
-15203
-7347
-15435
-7347
-15715
-7339
-15955
-7315
-16203
-7315
-16467
-7235
-16595
-7251
-16939
-7307
-17195
-7315
-17387
-7355
-17667
-7339
-17851
-7331
-18099
-7243
-18387
-7259
-18555
-7235
-18851
-7531
117
-7571
-147
-7523
-347
-7515
-619
-7539
-843
-7515
-1107
-7499
-1299
-7467
-1483
-7523
-1827
-7579
-2027
-7555
-2299
-7499
-2459
-7475
-2739
-7515
-2995
-7595
-3179
-7547
-3483
-7491
-3667
-7579
-3875
-7475
-4155
-7547
-4403
-7539
-4707
-7595
-4843
-7523
-5131
-7595
-5395
-7555
-5627
-7531
-5867
-7579
-6123
-7579
-6339
-7499
-6539
-7579
-6843
-7547
-7115
-7587
-7323
-7563
-7579
-7547
-7835
-7523
-7963
-7587
-8275
-7595
-8539
-7595
-8755
-7563
-8923
-7555
-9147
-7555
-9499
-7579
-9683
-7571
-9891
-7563
-10171
-7491
-10419
-7515
-10627
-7571
-10947
-7491
-11131
-7579
-11347
-7491
-11563
-7563
-11851
-7547
-12035
-7467
-12347
-7555
-12507
-7483
-12867
-7595
-12987
-7523
-13291
-7555
-13571
-7579
-13795
-7531
-13971
-7491
-14235
-7579
-14515
-7539
-14699
-7483
-15019
-7571
-15171
-7563
-15443
-7563
-15683
-7547
-15979
-7587
-16131
-7531
-16379
-7475
-16611
-7547
-16859
-7579
-17195
-7523
-17363
-7587
-17643
-7579
-17835
-7475
-18059
-7491
-18339
-7563
-18635
-7571
-18867
-7763
109
-7803
-35
-7795
-299
-7827
-507
-7819
-819
-7723
-987
-7803
-1259
-7771
-1531
-7755
-1819
-7835
-2067
-7787
-2243
-7787
-2435
-7731
-2691
-7795
-2931
-7835
-3219
-7771
-3499
-7819
-3755
-7827
-3971
-7763
-4203
-7739
-4387
-7803
-4707
-7827
-4923
-7771
-5179
-7795
-5315
-7835
-5595
-7779
-5843
-7827
-6155
-7811
-6355
-7747
-6595
-7819
-6875
-7827
-6987
-7755
-7251
-7795
-7571
-7715
-7779
-7763
-7963
-7771
-8243
-7731
-8467
-7827
-8715
-7763
-8923
-7755
-9203
-7835
-9467
-7803
-9699
-7835
-9875
-7819
-10227
-7803
-10475
-7819
-10587
-7811
-10907
-7747
-11179
-7779
-11363
-7779
-11587
-7835
-11875
-7747
-12107
-7723
-12315
-7811
-12611
-7755
-12795
-7747
-13043
-7811
-13323
-7795
-13579
-7747
-13707
-7827
-13947
-7747
-14227
-7795
-14435
-7835
-14723
-7755
-15011
-7755
-15147
-7795
-15451
-7779
-15739
-7771
-15883
-7747
-16163
-7707
-16347
-7739
-16699
-7731
-16939
-7795
-17075
-7811
-17355
-7747
-17651
-7707
-17899
-7819
-18107
-7707
-18267
-7771
-18635
-7819
-18867
-8067
125
-8067
-51
-8035
-291
-8019
-619
-8075
-779
-8059
-987
-7987
-1331
-7979
-1539
-8035
-1739
-8075
-2011
-8003
-2211
-8027
-2523
-8003
-2667
-8075
-2939
-8035
-3251
-8075
-3515
-8059
-3659
-8027
-3899
-8043
-4139
-8003
-4459
-7947
-4707
-8067
-4899
-8027
-5139
-8019
-5411
-8075
-5579
-8067
-5843
-7995
-6147
-8051
-6275
-8059
-6555
-8043
-6875
-8035
-7067
-8027
-7355
-8003
-7547
-7963
-7819
-8035
-8051
-8059
-8315
-8019
-8475
-8019
-8731
-8051
-9019
-8003
-9219
-8027
-9515
-7979
-9683
-8051
-9867
-8011
-10123
-8035
-10363
-8035
-10691
-8043
-10827
-7947
-11131
-8067
-11387
-8019
-11587
-8043
-11835
-8075
-12059
-8019
-12355
-8059
-12627
-7987
-12755
-8051
-13067
-7987
-13259
-8059
-13539
-8035
-13795
-8043
-14059
-8051
-14219
-8035
-14443
-8075
-14795
-8027
-14995
-8059
-15243
-8043
-15515
-8043
-15659
-8043
-15979
-7947
-16187
-8067
-16395
-7963
-16667
-8059
-16867
-8019
-17083
-8027
-17331
-7979
-17603
-8003
-17843
-8027
-18107
-8027
-18331
-8051
-18635
-7987
-18835
-8283
133
-8259
-115
-8307
-275
-8195
-603
-8307
-811
-8275
-1003
-8227
-1259
-8283
-1475
-8227
-1763
-8275
-2019
-8227
-2251
-8211
-2459
-8307
-2707
-8219
-2907
-8283
-3203
-8195
-3443
-8243
-3707
-8299
-3915
-8211
-4131
-8299
-4403
-8203
-4659
-8235
-4891
-8187
-5171
-8315
-5355
-8243
-5635
-8299
-5811
-8219
-6027
-8227
-6371
-8307
-6515
-8299
-6747
-8243
-7067
-8219
-7235
-8299
-7587
-8267
-7747
-8243
-7971
-8315
-8275
-8307
-8499
-8251
-8747
-8251
-8971
-8307
-9155
-8315
-9451
-8195
-9675
-8315
-9883
-8195
-10179
-8235
-10363
-8211
-10715
-8187
-10923
-8275
-11123
-8251
-11363
-8307
-11603
-8187
-11835
-8307
-12139
-8307
-12355
-8307
-12531
-8211
-12787
-8315
-13027
-8259
-13355
-8291
-13467
-8243
-13707
-8315
-14043
-8267
-14307
-8315
-14515
-8259
-14739
-8315
-15003
-8259
-15211
-8291
-15483
-8251
-15691
-8195
-15867
-8243
-16163
-8275
-16443
-8243
-16715
-8227
-16867
-8227
-17131
-8251
-17395
-8267
-17571
-8299
-17883
-8211
-18099
-8299
-18323
-8227
-18547
-8243
-18819
-8451
101
-8539
-35
-8539
-363
-8539
-619
-8451
-787
-8475
-1059
-8443
-1323
-8539
-1555
-8507
-1827
-8555
-2075
-8555
-2243
-8459
-2443
-8531
-2763
-8475
-2947
-8459
-3195
-8435
-3419
-8491
-3651
-8459
-3931
-8467
-4203
-8555
-4355
-8515
-4587
-8547
-4899
-8539
-5099
-8483
-5395
-8499
-5667
-8547
-5827
-8539
-6075
-8483
-6331
-8491
-6547
-8475
-6875
-8555
-7099
-8515
-7259
-8443
-7555
-8467
-7819
-8555
-8075
-8435
-8307
-8531
-8523
-8427
-8771
-8483
-8931
-8507
-9275
-8443
-9491
-8523
-9659
-8515
-9995
-8483
-10211
-8531
-10363
-8547
-10643
-8507
-10827
-8547
-11163
-8499
-11419
-8523
-11643
-8491
-11795
-8515
-12075
-8443
-12363
-8499
-12547
-8523
-12835
-8531
-13091
-8555
-13275
-8507
-13507
-8499
-13819
-8555
-14075
-8555
-14307
-8499
-14451
-8555
-14667
-8555
-14923
-8539
-15187
-8491
-15419
-8443
-15731
-8499
-15971
-8515
-16163
-8531
-16379
-8507
-16611
-8475
-16931
-8531
-17155
-8523
-17371
-8531
-17555
-8475
-17875
-8547
-18027
-8451
-18315
-8555
-18611
-8483
-18827
-8699
125
-8723
-91
-8723
-323
-8667
-523
-8691
-795
-8787
-1011
-8707
-1291
-8739
-1595
-8747
-1827
-8731
-1955
-8755
-2243
-8683
-2507
-8763
-2763
-8771
-3027
-8739
-3187
-8723
-3459
-8683
-3715
-8779
-3987
-8723
-4139
-8787
-4347
-8787
-4595
-8763
-4907
-8691
-5163
-8683
-5339
-8771
-5659
-8723
-5835
-8715
-6139
-8747
-6299
-8699
-6563
-8691
-6867
-8763
-7019
-8699
-7267
-8771
-7555
-8779
-7827
-8787
-8067
-8779
-8203
-8699
-8547
-8755
-8683
-8787
-8987
-8747
-9275
-8747
-9459
-8715
-9675
-8763
-9995
-8755
-10227
-8699
-10403
-8787
-10683
-8787
-10827
-8787
-11099
-8747
-11403
-8763
-11571
-8771
-11827
-8747
-12099
-8795
-12267
-8691
-12515
-8707
-12803
-8739
-13099
-8795
-13291
-8667
-13491
-8675
-13747
-8739
-13963
-8683
-14187
-8787
-14467
-8755
-14683
-8667
-14955
-8787
-15275
-8763
-15427
-8755
-15675
-8787
-15955
-8739
-16115
-8739
-16411
-8787
-16715
-8771
-16955
-8779
-17123
-8779
-17403
-8675
-17579
-8771
-17819
-8731
-18091
-8731
-18387
-8771
-18555
-8699
-18843
-9011
93
-9027
-27
-8971
-291
-9011
-563
-8971
-795
-9019
-1083
-9035
-1275
-9019
-1499
-9027
-1787
-8987
-1995
-8979
-2195
-9011
-2523
-8995
-2667
-8955
-3035
-8979
-3219
-9019
-3491
-9035
-3627
-8979
-3931
-8995
-4131
-9011
-4411
-9003
-4635
-9027
-4931
-8995
-5179
-8963
-5355
-9027
-5547
-8955
-5915
-9011
-6083
-8979
-6323
-8947
-6539
-9035
-6819
-9027
-7107
-8987
-7323
-9011
-7547
-8915
-7739
-9019
-7995
-8939
-8211
-9035
-8435
-8955
-8723
-8995
-8947
-9035
-9179
-9011
-9395
-9011
-9715
-8987
-9891
-9035
-10107
-9003
-10347
-9019
-10683
-9035
-10835
-8923
-11163
-9011
-11323
-8923
-11547
-8955
-11907
-9011
-12043
-8939
-12395
-8995
-12571
-9035
-12763
-9035
-13115
-9011
-13267
-9011
-13515
-8971
-13827
-8923
-14067
-8979
-14227
-9019
-14507
-9011
-14795
-8915
-14923
-9035
-15171
-8939
-15387
-8987
-15755
-8947
-15979
-8979
-16227
-8931
-16467
-9035
-16651
-9003
-16835
-8915
-17123
-8955
-17371
-8955
-17571
-9027
-17891
-8915
-18067
-8979
-18267
-8931
-18531
-9027
-18819
-9179
109
-9179
-67
-9275
-355
-9203
-531
-9227
-859
-9227
-1099
-9243
-1243
-9275
-1595
-9155
-1747
-9211
-1987
-9203
-2235
-9275
-2491
-9267
-2787
-9275
-3003
-9275
-3243
-9259
-3435
-9187
-3755
-9219
-3987
-9203
-4211
-9259
-4411
-9235
-4643
-9259
-4827
-9179
-5091
-9235
-5371
-9243
-5627
-9187
-5835
-9203
-6027
-9195
-6299
-9243
-6555
-9275
-6747
-9251
-6987
-9235
-7259
-9243
-7467
-9227
-7819
-9171
-8027
-9243
-8275
-9155
-8491
-9275
-8747
-9235
-8907
-9163
-9155
-9227
-9395
-9203
-9739
-9251
-9979
-9155
-10155
-9267
-10395
-9243
-10675
-9275
-10851
-9235
-11091
-9275
-11419
-9203
-11635
-9251
-11907
-9179
-12035
-9243
-12355
-9211
-12539
-9243
-12763
-9195
-13091
-9163
-13331
-9243
-13595
-9259
-13835
-9267
-13987
-9227
-14219
-9179
-14483
-9163
-14771
-9211
-15003
-9275
-15171
-9259
-15387
-9235
-15723
-9171
-15963
-9259
-16203
-9211
-16459
-9243
-16635
-9267
-16923
-9203
-17123
-9195
-17411
-9251
-17619
-9275
-17915
-9235
-18067
-9267
-18283
-9243
-18547
-9227
-18859
-9499
117
-9491
-155
-9499
-355
-9435
-611
-9451
-827
-9435
-1107
-9499
-1307
-9419
-1571
-9467
-1731
-9483
-1987
-9499
-2187
-9507
-2475
-9515
-2787
-9387
-2963
-9435
-3155
-9507
-3451
-9499
-3723
-9443
-3987
-9427
-4179
-9483
-4387
-9451
-4611
-9443
-4843
-9467
-5187
-9387
-5419
-9419
-5667
-9387
-5835
-9451
-6147
-9467
-6331
-9483
-6603
-9443
-6867
-9483
-7011
-9403
-7227
-9459
-7523
-9475
-7715
-9507
-7971
-9499
-8315
-9507
-8443
-9483
-8763
-9507
-9035
-9443
-9227
-9475
-9403
-9483
-9635
-9475
-9995
-9475
-10203
-9459
-10355
-9515
-10667
-9459
-10955
-9483
-11179
-9435
-11411
-9467
-11627
-9483
-11875
-9443
-12115
-9515
-12395
-9403
-12595
-9475
-12819
-9459
-13003
-9427
-13283
-9451
-13483
-9427
-13723
-9459
-14051
-9459
-14315
-9507
-14491
-9491
-14795
-9443
-14939
-9515
-15243
-9515
-15507
-9475
-15715
-9483
-15963
-9467
-16115
-9475
-16403
-9443
-16675
-9467
-16867
-9403
-17195
-9427
-17371
-9467
-17659
-9507
-17795
-9475
-18027
-9411
-18355
-9427
-18579
-9467
-18867
-9667
101
-9707
-155
-9715
-355
-9699
-595
-9707
-811
-9731
-1027
-9683
-1307
-9723
-1571
-9739
-1763
-9715
-1963
-9731
-2283
-9691
-2427
-9747
-2707
-9731
-2971
-9707
-3147
-9731
-3387
-9691
-3651
-9723
-3907
-9667
-4171
-9739
-4427
-9731
-4595
-9723
-4899
-9643
-5091
-9739
-5315
-9739
-5555
-9643
-5883
-9659
-6139
-9723
-6267
-9643
-6603
-9755
-6867
-9739
-7067
-9691
-7307
-9627
-7507
-9635
-7715
-9739
-7947
-9715
-8299
-9683
-8451
-9651
-8699
-9731
-9035
-9667
-9171
-9747
-9491
-9627
-9635
-9715
-9907
-9699
-10195
-9731
-10379
-9747
-10715
-9675
-10899
-9667
-11147
-9739
-11363
-9723
-11603
-9699
-11795
-9747
-12059
-9643
-12275
-9699
-12603
-9755
-12835
-9659
-13067
-9731
-13307
-9691
-13547
-9707
-13747
-9627
-13995
-9723
-14291
-9731
-14555
-9699
-14787
-9635
-14963
-9715
-15243
-9739
-15443
-9707
-15755
-9675
-15907
-9635
-16195
-9651
-16411
-9659
-16611
-9707
-16907
-9715
-17123
-9715
-17339
-9691
-17651
-9691
-17787
-9715
-18131
-9707
-18299
-9683
-18523
-9755
-18819
-9883
101
-9907
-91
-9987
-387
-9923
-627
-9915
-859
-9987
-1075
-9971
-1315
-9899
-1475
-9899
-1819
-9995
-2067
-9947
-2259
-9923
-2435
-9923
-2787
-9995
-3035
-9971
-3235
-9939
-3507
-9875
-3723
-9923
-3923
-9987
-4211
-9931
-4363
-9915
-4659
-9915
-4939
-9971
-5067
-9971
-5315
-9987
-5587
-9971
-5875
-9987
-6091
-9995
-6371
-9875
-6523
-9995
-6763
-9923
-6995
-9907
-7355
-9995
-7475
-9995
-7707
-9947
-7979
-9995
-8195
-9995
-8547
-9867
-8747
-9907
-9003
-9947
-9251
-9979
-9507
-9931
-9731
-9875
-9891
-9931
-10139
-9931
-10467
-9971
-10611
-9907
-10875
-9963
-11139
-9899
-11307
-9963
-11619
-9987
-11843
-9867
-12059
-9899
-12283
-9931
-12523
-9979
-12867
-9979
-13075
-9907
-13323
-9947
-13491
-9891
-13787
-9947
-13995
-9995
-14315
-9931
-14547
-9971
-14795
-9963
-14971
-9931
-15195
-9875
-15387
-9995
-15643
-9867
-15939
-9875
-16115
-9883
-16459
-9891
-16619
-9987
-16859
-9939
-17187
-9987
-17435
-9995
-17579
-9915
-17907
-9955
-18059
-9939
-18347
-9971
-18539
-9987
-18867
-10131
85
-10139
-83
-10171
-307
-10131
-611
-10211
-867
-10195
-1019
-10203
-1291
-10139
-1507
-10195
-1835
-10187
-2011
-10227
-2203
-10187
-2555
-10203
-2675
-10131
-3011
-10139
-3211
-10203
-3483
-10203
-3667
-10227
-3915
-10179
-4139
-10139
-4347
-10131
-4707
-10187
-4883
-10131
-5179
-10139
-5331
-10139
-5659
-10227
-5835
-10219
-6067
-10219
-6387
-10219
-6587
-10131
-6859
-10171
-7043
-10227
-7307
-10131
-7547
-10219
-7707
-10163
-8067
-10219
-8211
-10131
-8427
-10187
-8747
-10235
-8987
-10219
-9235
-10123
-9427
-10187
-9643
-10235
-9907
-10227
-10123
-10139
-10459
-10179
-10627
-10187
-10947
-10187
-11115
-10227
-11379
-10203
-11651
-10123
-11827
-10219
-12155
-10227
-12339
-10211
-12563
-10163
-12851
-10203
-13091
-10139
-13235
-10211
-13563
-10219
-13723
-10131
-14075
-10179
-14291
-10219
-14499
-10163
-14699
-10219
-14931
-10107
-15275
-10163
-15459
-10211
-15739
-10235
-15955
-10211
-16187
-10227
-16387
-10163
-16603
-10179
-16883
-10187
-17195
-10211
-17435
-10139
-17595
-10107
-17883
-10163
-18043
-10155
-18299
-10187
-18635
-10115
-18843
-10419
133
-10443
-123
-10475
-267
-10451
-595
-10435
-763
-10443
-1035
-10451
-1339
-10475
-1467
-10419
-1763
-10419
-2051
-10427
-2259
-10451
-2467
-10411
-2771
-10467
-2979
-10419
-3251
-10427
-3435
-10411
-3715
-10459
-3931
-10467
-4235
-10467
-4355
-10443
-4707
-10475
-4827
-10427
-5083
-10459
-5435
-10451
-5555
-10427
-5843
-10467
-6131
-10419
-6283
-10475
-6531
-10451
-6835
-10443
-7067
-10459
-7355
-10435
-7531
-10459
-7779
-10459
-8019
-10435
-8307
-10459
-8515
-10459
-8715
-10411
-9019
-10419
-9275
-10459
-9483
-10459
-9747
-10435
-9867
-10467
-10235
-10427
-10347
-10467
-10691
-10443
-10851
-10411
-11083
-10435
-11307
-10427
-11611
-10475
-11915
-10427
-12075
-10443
-12355
-10475
-12507
-10443
-12747
-10467
-13083
-10459
-13331
-10467
-13563
-10467
-13731
-10411
-13995
-10451
-14187
-10459
-14451
-10475
-14691
-10411
-14995
-10451
-15147
-10427
-15483
-10443
-15755
-10427
-15907
-10467
-16203
-10427
-16419
-10459
-16635
-10467
-16859
-10411
-17083
-10427
-17307
-10467
-17675
-10459
-17827
-10411
-18043
-10443
-18307
-10451
-18555
-10443
-18867
