110
1773
438
-127
327
-319
416
-520
337
-793
460
-983
493
-1267
151
-1543
538
-1687
236
-1960
341
-2176
205
-2511
101
-2671
141
-2987
149
-3191
255
-3373
309
-3677
175
-3891
619
-4195
211
-4399
279
-4635
109
-4811
149
-5067
117
-5427
101
-5663
93
-5899
85
-6031
93
-6323
109
-6611
85
-6723
109
-7091
101
-7347
149
-7459
109
-7791
109
-7991
101
-8295
125
-8495
85
-8743
101
-8943
117
-9203
101
-9379
101
-9739
117
-9883
93
-10179
125
-10443
85
-10595
141
-10907
101
-11107
101
-11419
93
-11563
93
-11899
117
-12107
85
-12355
109
-12627
85
-12827
93
-13011
93
-13339
85
-13571
109
-13835
125
-14059
101
-14211
85
-14459
149
-14763
149
-14923
109
-15267
141
-15395
93
-15659
109
-15899
133
-16219
117
-16419
117
-16611
125
-16883
93
-17147
149
-17387
125
-17579
109
-17915
93
-18107
101
-18283
133
-18579
125
-18851
-95
436
-69
-17
-101
-261
-122
-564
-105
-757
-99
-963
-127
-1309
-79
-1491
-124
-1701
-135
-2004
-115
-2251
-101
-2397
-133
-2711
-37
-2971
-77
-3197
-123
-3409
-65
-3661
-27
-3849
-89
-4179
-125
-4415
-113
-4663
-115
-4863
-99
-5083
-127
-5411
-35
-5591
-147
-5907
-71
-6119
-127
-6271
-87
-6487
-131
-6775
-135
-7111
-43
-7287
-143
-7519
-103
-7739
-115
-7951
-59
-8235
-135
-8451
-99
-8751
-95
-9003
-27
-9243
-151
-9507
-115
-9731
-123
-9875
-155
-10123
-67
-10451
-131
-10595
-83
-10915
-131
-11171
-59
-11355
-35
-11627
-115
-11867
-139
-12115
-115
-12371
-91
-12507
-131
-12779
-107
-13083
-83
-13283
-99
-13563
-107
-13811
-83
-14027
-107
-14235
-139
-14531
-75
-14699
-147
-14915
-107
-15275
-155
-15411
-115
-15723
-67
-15955
-139
-16227
-91
-16451
-51
-16667
-67
-16835
-123
-17171
-51
-17363
-115
-17627
-99
-17859
-115
-18131
-131
-18307
-147
-18547
-83
-18827
-375
1341
-364
-72
-359
-306
-274
-496
-271
-831
-357
-1047
-328
-1321
-253
-1485
-257
-1769
-325
-1924
-284
-2194
-301
-2439
-267
-2663
-335
-2967
-343
-3129
-361
-3403
-343
-3695
-275
-3831
-301
-4195
-283
-4421
-243
-4601
-375
-4883
-307
-5063
-327
-5399
-327
-5623
-315
-5787
-351
-6067
-271
-6251
-327
-6503
-287
-6739
-271
-7055
-243
-7275
-347
-7459
-287
-7743
-319
-7999
-259
-8299
-379
-8531
-379
-8751
-387
-8915
-375
-9187
-363
-9515
-339
-9755
-355
-9963
-299
-10195
-323
-10419
-355
-10651
-387
-10827
-283
-11179
-347
-11379
-387
-11635
-395
-11867
-355
-12075
-395
-12379
-315
-12531
-395
-12827
-395
-13051
-315
-13323
-267
-13563
-291
-13755
-291
-14067
-299
-14211
-267
-14483
-395
-14763
-395
-14955
-379
-15203
-315
-15435
-387
-15683
-291
-15875
-323
-16203
-387
-16411
-331
-16603
-363
-16851
-387
-17123
-347
-17363
-307
-17555
-299
-17851
-347
-18091
-331
-18307
-267
-18587
-379
-18875
-515
1681
-577
-77
-611
-301
-486
-554
-609
-799
-552
-1021
-619
-1215
-543
-1427
-629
-1735
-536
-2001
-569
-2212
-629
-2475
-573
-2673
-607
-2919
-611
-3175
-531
-3455
-555
-3635
-559
-3887
-595
-4179
-593
-4387
-547
-4703
-543
-4847
-507
-5115
-587
-5375
-559
-5547
-591
-5815
-603
-6051
-587
-6315
-495
-6583
-515
-6775
-591
-7075
-587
-7295
-615
-7459
-527
-7695
-527
-7955
-607
-8159
-579
-8451
-607
-8663
-543
-9007
-595
-9219
-615
-9491
-579
-9683
-611
-9987
-507
-10139
-611
-10379
-603
-10715
-619
-10859
-595
-11147
-603
-11411
-579
-11659
-507
-11891
-611
-12059
-555
-12379
-635
-12531
-635
-12787
-523
-13115
-627
-13339
-619
-13555
-635
-13811
-611
-14035
-531
-14211
-587
-14555
-611
-14675
-595
-14979
-603
-15187
-603
-15483
-635
-15747
-603
-15875
-539
-16155
-531
-16395
-507
-16611
-587
-16955
-611
-17091
-563
-17395
-531
-17611
-619
-17795
-619
-18131
-579
-18331
-523
-18611
-595
-18827
-759
875
-828
-93
-851
-257
-748
-601
-761
-795
-768
-1001
-851
-1232
-849
-1550
-811
-1713
-791
-1946
-801
-2185
-767
-2415
-841
-2645
-853
-2945
-869
-3243
-765
-3369
-811
-3625
-783
-3889
-839
-4103
-751
-4447
-751
-4613
-875
-4875
-847
-5071
-815
-5371
-727
-5611
-795
-5839
-839
-6063
-851
-6259
-819
-6575
-863
-6783
-867
-6995
-843
-7291
-811
-7491
-827
-7795
-795
-8019
-755
-8243
-799
-8455
-855
-8727
-827
-8911
-827
-9191
-767
-9507
-819
-9675
-859
-9963
-875
-10195
-811
-10427
-771
-10595
-843
-10931
-851
-11139
-827
-11427
-819
-11643
-851
-11787
-795
-12051
-787
-12267
-827
-12539
-763
-12843
-835
-13107
-867
-13323
-755
-13579
-771
-13787
-867
-14019
-763
-14307
-843
-14443
-795
-14763
-795
-15019
-867
-15227
-819
-15395
-771
-15715
-859
-15891
-867
-16147
-851
-16435
-867
-16643
-859
-16955
-875
-17195
-859
-17395
-875
-17603
-827
-17867
-811
-18051
-859
-18395
-771
-18635
-835
-18843
-1059
320
-1033
-131
-1091
-315
-1027
-514
-993
-734
-1088
-1109
-1071
-1287
-967
-1532
-1022
-1687
-989
-1966
-1057
-2214
-999
-2493
-1021
-2653
-1069
-2937
-1103
-3195
-1039
-3417
-1045
-3605
-1071
-3893
-1013
-4073
-1083
-4409
-1033
-4655
-1087
-4895
-1035
-5115
-1039
-5335
-999
-5579
-1087
-5891
-987
-6143
-1027
-6315
-1099
-6579
-1003
-6791
-995
-7015
-1099
-7275
-1055
-7527
-1083
-7791
-1067
-8071
-1079
-8271
-1031
-8435
-1087
-8779
-1107
-8915
-1019
-9231
-1059
-9383
-1083
-9643
-1035
-9875
-1059
-10187
-1107
-10379
-1099
-10603
-1091
-10915
-1059
-11139
-1107
-11379
-1115
-11635
-1115
-11843
-1027
-12155
-1059
-12283
-1035
-12579
-1035
-12755
-1091
-13027
-1083
-13315
-1083
-13539
-1091
-13731
-1099
-14051
-1043
-14227
-1003
-14499
-1027
-14675
-1059
-14995
-1003
-15227
-1011
-15387
-1043
-15643
-1099
-15963
-1099
-16139
-1067
-16371
-1035
-16699
-1027
-16939
-1059
-17163
-1051
-17403
-1107
-17579
-1099
-17915
-1067
-18099
-1099
-18347
-1059
-18595
-1115
-18867
-1251
2053
-1214
-21
-1243
-311
-1313
-582
-1275
-751
-1238
-1007
-1305
-1241
-1264
-1509
-1315
-1779
-1267
-2038
-1231
-2227
-1289
-2441
-1271
-2657
-1275
-2925
-1289
-3177
-1199
-3357
-1271
-3649
-1305
-3957
-1277
-4107
-1317
-4409
-1287
-4655
-1267
-4875
-1207
-5147
-1263
-5363
-1299
-5595
-1323
-5839
-1247
-6075
-1283
-6279
-1283
-6607
-1323
-6791
-1339
-7059
-1263
-7215
-1299
-7575
-1215
-7719
-1323
-7991
-1295
-8215
-1195
-8535
-1275
-8719
-1335
-8975
-1263
-9239
-1299
-9459
-1347
-9675
-1259
-9899
-1307
-10115
-1283
-10443
-1315
-10683
-1235
-10915
-1251
-11067
-1355
-11307
-1291
-11547
-1235
-11787
-1315
-12083
-1339
-12363
-1291
-12555
-1315
-12875
-1275
-13027
-1331
-13259
-1251
-13539
-1235
-13739
-1347
-13963
-1347
-14283
-1307
-14555
-1275
-14771
-1291
-14931
-1355
-15163
-1299
-15467
-1347
-15659
-1315
-15939
-1355
-16219
-1331
-16459
-1339
-16691
-1331
-16883
-1323
-17147
-1227
-17307
-1331
-17675
-1299
-17819
-1235
-18083
-1331
-18315
-1275
-18515
-1299
-18819
-1563
467
-1583
-111
-1507
-331
-1573
-559
-1547
-763
-1509
-983
-1547
-1261
-1523
-1569
-1487
-1733
-1483
-2023
-1533
-2183
-1473
-2535
-1545
-2743
-1461
-2915
-1589
-3221
-1519
-3379
-1445
-3673
-1533
-3843
-1505
-4115
-1555
-4411
-1563
-4695
-1567
-4835
-1539
-5075
-1539
-5411
-1471
-5615
-1523
-5851
-1487
-6099
-1451
-6355
-1503
-6619
-1555
-6763
-1571
-7035
-1483
-7335
-1507
-7559
-1539
-7715
-1575
-7995
-1535
-8263
-1467
-8427
-1459
-8679
-1567
-8967
-1563
-9235
-1523
-9475
-1547
-9715
-1587
-9979
-1555
-10227
-1571
-10379
-1571
-10675
-1587
-10931
-1539
-11171
-1467
-11331
-1499
-11587
-1571
-11915
-1579
-12027
-1555
-12267
-1563
-12635
-1579
-12843
-1579
-13115
-1571
-13235
-1579
-13523
-1531
-13795
-1539
-13971
-1531
-14211
-1539
-14539
-1491
-14763
-1499
-14907
-1467
-15243
-1571
-15467
-1571
-15731
-1547
-15947
-1547
-16163
-1587
-16387
-1467
-16707
-1587
-16939
-1555
-17091
-1547
-17363
-1579
-17643
-1571
-17915
-1587
-18059
-1547
-18363
-1483
-18523
-1587
-18843
-1747
551
-1785
-97
-1803
-327
-1775
-527
-1713
-795
-1757
-1099
-1725
-1349
-1683
-1529
-1813
-1747
-1787
-1937
-1751
-2229
-1753
-2419
-1779
-2673
-1717
-2993
-1723
-3261
-1683
-3425
-1817
-3653
-1789
-3919
-1819
-4119
-1739
-4397
-1741
-4683
-1735
-4819
-1787
-5143
-1735
-5343
-1707
-5659
-1719
-5855
-1783
-6035
-1827
-6379
-1819
-6523
-1775
-6759
-1727
-7003
-1791
-7351
-1811
-7463
-1711
-7799
-1799
-7959
-1707
-8219
-1783
-8495
-1763
-8755
-1723
-8911
-1767
-9235
-1747
-9383
-1787
-9707
-1795
-9979
-1739
-10195
-1803
-10475
-1835
-10659
-1819
-10939
-1771
-11091
-1835
-11403
-1795
-11579
-1795
-11851
-1755
-12043
-1827
-12387
-1755
-12619
-1779
-12803
-1715
-13035
-1731
-13307
-1707
-13531
-1835
-13787
-1795
-13995
-1779
-14219
-1723
-14435
-1795
-14683
-1827
-14939
-1779
-15275
-1779
-15443
-1739
-15651
-1779
-15907
-1835
-16163
-1811
-16435
-1723
-16619
-1819
-16883
-1811
-17179
-1747
-17323
-1707
-17579
-1715
-17835
-1739
-18091
-1771
-18395
-1771
-18635
-1803
-18867
-1951
417
-2015
-59
-2051
-323
-2029
-551
-2019
-783
-2043
-983
-2061
-1325
-1939
-1551
-2011
-1715
-2039
-1941
-2013
-2191
-1955
-2463
-1993
-2711
-2057
-2971
-2023
-3267
-1947
-3481
-1989
-3671
-1975
-3967
-2053
-4131
-1997
-4385
-1927
-4663
-1947
-4955
-2043
-5067
-2047
-5363
-1955
-5599
-2055
-5791
-1931
-5995
-1983
-6327
-1959
-6563
-2055
-6775
-1943
-6999
-2007
-7255
-1947
-7475
-1971
-7743
-1995
-7995
-1987
-8175
-1943
-8415
-1987
-8655
-2011
-8983
-2039
-9219
-1955
-9431
-2059
-9699
-2067
-9955
-2067
-10163
-2011
-10347
-2035
-10715
-2011
-10947
-2035
-11147
-1947
-11347
-1955
-11563
-2067
-11819
-2059
-12139
-2051
-12275
-1979
-12555
-2059
-12803
-2035
-13115
-1947
-13291
-2075
-13539
-1987
-13755
-2003
-13947
-2051
-14283
-1979
-14555
-1995
-14755
-1947
-14963
-2035
-15179
-1947
-15467
-2035
-15651
-2043
-15939
-2011
-16227
-2067
-16475
-2059
-16699
-1971
-16827
-2019
-17091
-2059
-17379
-2011
-17675
-1947
-17835
-2011
-18115
-1979
-18339
-2027
-18603
-2051
-18867
-2219
569
-2263
-103
-2247
-391
-2289
-535
-2155
-841
-2303
-1049
-2219
-1285
-2253
-1493
-2207
-1729
-2191
-1981
-2225
-2299
-2307
-2473
-2211
-2717
-2307
-2895
-2301
-3149
-2253
-3437
-2185
-3707
-2211
-3927
-2167
-4117
-2299
-4459
-2241
-4627
-2267
-4823
-2255
-5063
-2275
-5323
-2207
-5531
-2307
-5883
-2251
-6143
-2231
-6307
-2267
-6495
-2299
-6807
-2227
-7067
-2191
-7231
-2299
-7519
-2199
-7751
-2303
-7935
-2247
-8207
-2275
-8547
-2211
-8787
-2187
-8891
-2299
-9231
-2287
-9483
-2299
-9755
-2307
-9899
-2267
-10123
-2307
-10435
-2291
-10635
-2243
-10867
-2251
-11123
-2259
-11403
-2299
-11563
-2195
-11907
-2275
-12051
-2315
-12267
-2299
-12619
-2291
-12867
-2203
-12987
-2307
-13307
-2315
-13507
-2315
-13763
-2243
-13963
-2227
-14251
-2275
-14435
-2283
-14683
-2307
-14963
-2291
-15163
-2211
-15427
-2259
-15731
-2195
-15891
-2307
-16219
-2259
-16443
-2307
-16659
-2259
-16867
-2291
-17163
-2315
-17395
-2187
-17611
-2299
-17811
-2251
-18147
-2251
-18347
-2283
-18635
-2299
-18851
-2495
715
-2465
-127
-2497
-339
-2541
-479
-2413
-743
-2419
-975
-2459
-1223
-2489
-1559
-2505
-1789
-2541
-2047
-2499
-2213
-2501
-2521
-2417
-2655
-2435
-3003
-2441
-3191
-2499
-3509
-2469
-3733
-2477
-3947
-2465
-4175
-2447
-4409
-2487
-4607
-2467
-4871
-2423
-5127
-2543
-5287
-2499
-5583
-2479
-5823
-2475
-6119
-2467
-6371
-2503
-6567
-2403
-6735
-2495
-6999
-2447
-7307
-2519
-7479
-2495
-7711
-2527
-8043
-2475
-8191
-2431
-8459
-2511
-8787
-2491
-8903
-2499
-9235
-2539
-9411
-2531
-9755
-2539
-9963
-2483
-10155
-2483
-10435
-2491
-10603
-2547
-10939
-2523
-11163
-2547
-11387
-2475
-11587
-2539
-11851
-2523
-12027
-2435
-12275
-2523
-12587
-2555
-12835
-2539
-13083
-2547
-13315
-2539
-13547
-2507
-13779
-2523
-13963
-2531
-14211
-2515
-14451
-2491
-14747
-2515
-15035
-2427
-15275
-2539
-15459
-2555
-15691
-2515
-15891
-2515
-16147
-2499
-16419
-2523
-16715
-2547
-16955
-2539
-17139
-2467
-17419
-2427
-17603
-2539
-17835
-2523
-18027
-2531
-18355
-2451
-18603
-2555
-18827
-2695
141
-2679
-47
-2755
-283
-2787
-635
-2719
-743
-2691
-967
-2779
-1223
-2747
-1571
-2775
-1795
-2735
-1951
-2787
-2235
-2787
-2499
-2747
-2703
-2739
-2939
-2711
-3147
-2763
-3379
-2691
-3675
-2783
-3903
-2663
-4181
-2667
-4359
-2751
-4675
-2779
-4815
-2719
-5067
-2707
-5307
-2771
-5667
-2707
-5867
-2767
-6079
-2767
-6355
-2699
-6571
-2703
-6795
-2771
-7007
-2723
-7283
-2747
-7543
-2735
-7803
-2675
-7919
-2679
-8247
-2707
-8427
-2787
-8731
-2675
-8979
-2699
-9239
-2683
-9491
-2795
-9755
-2787
-9987
-2699
-10227
-2771
-10419
-2787
-10595
-2763
-10851
-2771
-11091
-2795
-11395
-2699
-11635
-2779
-11907
-2763
-12051
-2755
-12331
-2779
-12619
-2739
-12859
-2755
-13035
-2715
-13307
-2755
-13595
-2747
-13795
-2779
-14011
-2691
-14315
-2731
-14507
-2763
-14755
-2747
-14979
-2771
-15179
-2739
-15419
-2699
-15683
-2755
-15923
-2715
-16171
-2731
-16427
-2763
-16627
-2787
-16867
-2771
-17083
-2699
-17427
-2763
-17579
-2691
-17819
-2763
-18099
-2699
-18323
-2691
-18515
-2683
-18851
-2927
141
-2935
-27
-2895
-319
-2891
-603
-3007
-779
-3019
-975
-2987
-1207
-2951
-1579
-2951
-1739
-2947
-2035
-3019
-2203
-2947
-2451
-2911
-2727
-2947
-2963
-3027
-3203
-2967
-3467
-2987
-3707
-2983
-3843
-2991
-4115
-2999
-4367
-2899
-4615
-3007
-4935
-2959
-5091
-2983
-5339
-2931
-5643
-2959
-5895
-2911
-6139
-2947
-6307
-2951
-6543
-2975
-6739
-2979
-7007
-3007
-7215
-2991
-7443
-2943
-7775
-2939
-8051
-2919
-8199
-2987
-8487
-3003
-8647
-3019
-8911
-2999
-9147
-2999
-9387
-3035
-9651
-3003
-9939
-3027
-10235
-3035
-10403
-3019
-10675
-2955
-10947
-3011
-11123
-3003
-11315
-3027
-11659
-2923
-11803
-3003
-12091
-3035
-12291
-3027
-12507
-2947
-12819
-3003
-13083
-3035
-13323
-2995
-13475
-2955
-13739
-2987
-13995
-2923
-14251
-2987
-14515
-3011
-14667
-2979
-14987
-3035
-15267
-3027
-15507
-2971
-15747
-2931
-15931
-2939
-16203
-3019
-16459
-2995
-16627
-2915
-16859
-3019
-17115
-3019
-17355
-2971
-17587
-2987
-17787
-2987
-18115
-2939
-18371
-3011
-18603
-2995
-18867
-3219
125
-3243
-71
-3159
-263
-3155
-627
-3235
-751
-3207
-1003
-3223
-1319
-3223
-1523
-3247
-1711
-3211
-2027
-3247
-2295
-3159
-2411
-3243
-2687
-3179
-2947
-3243
-3171
-3191
-3435
-3147
-3679
-3227
-3891
-3239
-4175
-3171
-4375
-3219
-4623
-3219
-4859
-3239
-5079
-3259
-5327
-3235
-5591
-3199
-5867
-3195
-6095
-3195
-6283
-3183
-6571
-3215
-6755
-3243
-7079
-3155
-7231
-3139
-7475
-3187
-7683
-3263
-7987
-3135
-8271
-3251
-8419
-3203
-8739
-3203
-8995
-3259
-9163
-3155
-9507
-3275
-9627
-3219
-9915
-3243
-10123
-3267
-10419
-3243
-10667
-3227
-10907
-3211
-11083
-3147
-11411
-3203
-11579
-3147
-11811
-3243
-12051
-3275
-12363
-3227
-12603
-3251
-12787
-3275
-13083
-3211
-13243
-3211
-13547
-3147
-13835
-3275
-13987
-3203
-14235
-3259
-14499
-3275
-14739
-3243
-14987
-3275
-15171
-3179
-15419
-3267
-15699
-3267
-15931
-3267
-16227
-3219
-16459
-3211
-16683
-3235
-16947
-3163
-17083
-3267
-17427
-3179
-17555
-3171
-17891
-3267
-18067
-3163
-18379
-3187
-18523
-3227
-18811
-3423
133
-3387
-43
-3419
-267
-3443
-567
-3491
-855
-3479
-987
-3499
-1323
-3495
-1551
-3391
-1815
-3431
-2055
-3399
-2279
-3467
-2439
-3491
-2707
-3507
-2907
-3411
-3207
-3395
-3463
-3431
-3651
-3419
-3959
-3407
-4099
-3511
-4363
-3491
-4563
-3411
-4931
-3411
-5167
-3495
-5327
-3499
-5571
-3471
-5883
-3427
-6019
-3443
-6311
-3435
-6595
-3499
-6767
-3427
-7011
-3467
-7275
-3403
-7467
-3507
-7751
-3459
-7947
-3435
-8299
-3427
-8507
-3475
-8747
-3419
-8899
-3431
-9175
-3371
-9395
-3467
-9715
-3387
-9875
-3483
-10195
-3459
-10387
-3491
-10587
-3451
-10907
-3483
-11083
-3459
-11371
-3427
-11635
-3467
-11811
-3507
-12059
-3387
-12307
-3475
-12627
-3515
-12779
-3451
-13115
-3443
-13291
-3475
-13467
-3403
-13787
-3515
-14019
-3459
-14307
-3491
-14459
-3419
-14795
-3459
-14987
-3483
-15179
-3443
-15443
-3475
-15715
-3451
-15883
-3467
-16227
-3475
-16459
-3427
-16707
-3475
-16883
-3491
-17115
-3483
-17363
-3507
-17619
-3395
-17883
-3427
-18155
-3451
-18355
-3395
-18579
-3443
-18819
-3703
141
-3671
-87
-3731
-339
-3727
-555
-3715
-779
-3715
-987
-3727
-1219
-3715
-1555
-3675
-1739
-3679
-1943
-3719
-2211
-3599
-2495
-3723
-2707
-3715
-2943
-3667
-3179
-3723
-3395
-3659
-3659
-3703
-3875
-3635
-4147
-3719
-4407
-3683
-4587
-3735
-4911
-3615
-5095
-3707
-5367
-3631
-5663
-3651
-5767
-3659
-6143
-3679
-6299
-3703
-6483
-3651
-6831
-3719
-7091
-3703
-7203
-3707
-7475
-3739
-7811
-3735
-7943
-3695
-8175
-3619
-8419
-3743
-8767
-3691
-8999
-3635
-9239
-3707
-9483
-3675
-9683
-3651
-9867
-3683
-10115
-3715
-10403
-3747
-10651
-3755
-10931
-3755
-11187
-3651
-11315
-3747
-11555
-3723
-11819
-3699
-12091
-3707
-12339
-3699
-12571
-3731
-12819
-3723
-13075
-3755
-13243
-3715
-13555
-3627
-13715
-3683
-14075
-3723
-14299
-3715
-14547
-3683
-14723
-3683
-14939
-3691
-15187
-3691
-15403
-3667
-15651
-3715
-15971
-3691
-16211
-3635
-16347
-3627
-16635
-3627
-16875
-3627
-17147
-3667
-17339
-3739
-17619
-3723
-17843
-3723
-18147
-3755
-18371
-3675
-18571
-3747
-18851
-3951
141
-3867
-39
-3851
-387
-3891
-571
-3903
-783
-3963
-1075
-3919
-1291
-3987
-1579
-3915
-1819
-3963
-1995
-3987
-2271
-3863
-2491
-3995
-2739
-3955
-3031
-3967
-3203
-3895
-3415
-3879
-3743
-3931
-3863
-3979
-4183
-3951
-4387
-3979
-4575
-3923
-4811
-3971
-5115
-3907
-5327
-3971
-5627
-3919
-5795
-3943
-6079
-3963
-6279
-3939
-6611
-3887
-6807
-3951
-7099
-3879
-7343
-3983
-7543
-3939
-7791
-3915
-8011
-3987
-8227
-3927
-8451
-3963
-8759
-3939
-8931
-3931
-9155
-3947
-9411
-3955
-9731
-3987
-9971
-3915
-10211
-3987
-10347
-3979
-10611
-3947
-10843
-3931
-11171
-3971
-11363
-3979
-11643
-3891
-11907
-3899
-12027
-3987
-12331
-3979
-12539
-3939
-12747
-3987
-13059
-3995
-13259
-3979
-13531
-3891
-13755
-3979
-13947
-3987
-14299
-3979
-14515
-3883
-14787
-3971
-14915
-3987
-15211
-3915
-15491
-3955
-15651
-3875
-15891
-3979
-16211
-3891
-16427
-3979
-16699
-3907
-16859
-3923
-17139
-3907
-17339
-3955
-17643
-3923
-17907
-3971
-18083
-3987
-18347
-3947
-18571
-3883
-18875
-4171
133
-4179
-115
-4191
-275
-4163
-527
-4203
-775
-4175
-963
-4151
-1299
-4215
-1507
-4151
-1727
-4183
-2039
-4191
-2235
-4179
-2451
-4215
-2663
-4147
-2995
-4187
-3135
-4155
-3495
-4211
-3635
-4167
-3879
-4171
-4235
-4151
-4383
-4179
-4583
-4107
-4839
-4191
-5123
-4087
-5359
-4219
-5563
-4179
-5835
-4223
-6015
-4199
-6335
-4191
-6499
-4167
-6799
-4207
-7075
-4127
-7219
-4191
-7543
-4127
-7795
-4143
-7939
-4203
-8291
-4107
-8443
-4171
-8763
-4087
-9003
-4163
-9191
-4179
-9375
-4211
-9739
-4187
-9955
-4163
-10171
-4147
-10347
-4227
-10683
-4179
-10883
-4171
-11147
-4131
-11315
-4179
-11571
-4139
-11851
-4155
-12139
-4235
-12291
-4235
-12571
-4227
-12779
-4219
-13107
-4139
-13291
-4179
-13547
-4203
-13715
-4123
-14067
-4195
-14291
-4235
-14539
-4219
-14763
-4211
-14915
-4139
-15203
-4195
-15515
-4235
-15723
-4179
-15867
-4163
-16155
-4227
-16363
-4131
-16659
-4235
-16899
-4219
-17187
-4211
-17387
-4187
-17595
-4131
-17867
-4227
-18099
-4203
-18371
-4163
-18531
-4227
-18867
-4407
117
-4415
1
-4471
-295
-4363
-523
-4423
-787
-4327
-975
-4447
-1267
-4387
-1543
-4435
-1783
-4407
-2019
-4435
-2187
-4331
-2435
-4363
-2723
-4443
-2903
-4423
-3143
-4451
-3479
-4367
-3643
-4463
-3903
-4431
-4099
-4399
-4427
-4407
-4567
-4387
-4895
-4387
-5155
-4459
-5371
-4407
-5631
-4411
-5883
-4415
-6023
-4419
-6395
-4387
-6579
-4443
-6791
-4387
-7083
-4435
-7259
-4331
-7563
-4375
-7759
-4407
-8011
-4407
-8279
-4439
-8427
-4399
-8779
-4419
-8915
-4459
-9147
-4407
-9439
-4443
-9731
-4467
-9883
-4459
-10123
-4475
-10467
-4475
-10659
-4419
-10835
-4403
-11083
-4435
-11395
-4459
-11675
-4475
-11811
-4459
-12075
-4475
-12355
-4387
-12563
-4371
-12763
-4467
-13059
-4467
-13227
-4379
-13547
-4379
-13723
-4451
-13971
-4467
-14219
-4355
-14547
-4467
-14787
-4459
-14955
-4467
-15227
-4475
-15427
-4443
-15715
-4427
-15867
-4435
-16219
-4427
-16475
-4363
-16715
-4371
-16851
-4395
-17139
-4363
-17323
-4451
-17635
-4435
-17883
-4411
-18027
-4443
-18339
-4475
-18571
-4443
-18835
-4643
117
-4679
-31
-4595
-311
-4703
-515
-4683
-859
-4667
-1103
-4623
-1307
-4655
-1551
-4607
-1679
-4571
-1991
-4627
-2215
-4711
-2495
-4667
-2675
-4687
-2963
-4647
-3147
-4667
-3483
-4599
-3623
-4647
-3899
-4615
-4091
-4611
-4391
-4623
-4627
-4591
-4879
-4603
-5055
-4711
-5319
-4667
-5631
-4687
-5859
-4647
-6075
-4627
-6251
-4611
-6555
-4683
-6779
-4687
-7095
-4691
-7271
-4607
-7483
-4663
-7683
-4699
-7943
-4631
-8275
-4699
-8523
-4715
-8659
-4623
-8983
-4659
-9259
-4627
-9443
-4699
-9739
-4707
-9899
-4683
-10171
-4595
-10427
-4643
-10667
-4667
-10835
-4691
-11107
-4675
-11387
-4699
-11659
-4619
-11899
-4611
-12083
-4667
-12387
-4715
-12531
-4667
-12747
-4635
-13091
-4611
-13339
-4619
-13531
-4627
-13747
-4699
-14075
-4603
-14291
-4667
-14499
-4587
-14763
-4603
-14907
-4715
-15155
-4683
-15411
-4683
-15635
-4659
-15995
-4587
-16219
-4675
-16475
-4675
-16587
-4667
-16851
-4667
-17067
-4643
-17427
-4603
-17635
-4715
-17851
-4699
-18059
-4715
-18267
-4707
-18603
-4691
-18851
-4827
109
-4955
-115
-4799
-391
-4943
-595
-4923
-779
-4915
-1055
-4883
-1299
-4919
-1559
-4903
-1707
-4911
-2075
-4915
-2179
-4919
-2475
-4843
-2707
-4911
-2995
-4911
-3219
-4915
-3503
-4939
-3663
-4915
-3967
-4891
-4131
-4903
-4435
-4915
-4575
-4943
-4819
-4895
-5167
-4923
-5303
-4927
-5567
-4823
-5819
-4927
-6019
-4911
-6331
-4923
-6531
-4851
-6795
-4899
-7095
-4871
-7291
-4843
-7499
-4879
-7807
-4907
-7955
-4939
-8183
-4831
-8399
-4859
-8659
-4807
-8979
-4903
-9211
-4887
-9391
-4899
-9691
-4851
-9955
-4875
-10107
-4835
-10427
-4947
-10667
-4835
-10939
-4891
-11123
-4947
-11411
-4891
-11579
-4843
-11915
-4875
-12083
-4915
-12339
-4939
-12619
-4835
-12803
-4851
-13019
-4907
-13339
-4955
-13507
-4843
-13707
-4931
-14075
-4875
-14251
-4923
-14475
-4955
-14715
-4923
-14907
-4907
-15187
-4915
-15467
-4955
-15755
-4891
-15915
-4875
-16131
-4915
-16443
-4955
-16635
-4939
-16883
-4955
-17179
-4907
-17387
-4899
-17587
-4899
-17795
-4899
-18035
-4955
-18275
-4859
-18563
-4891
-18827
-5095
93
-5123
1
-5143
-279
-5163
-547
-5151
-807
-5139
-987
-5103
-1259
-5155
-1591
-5123
-1735
-5167
-2035
-5143
-2287
-5075
-2507
-5127
-2727
-5131
-2991
-5155
-3203
-5151
-3475
-5171
-3739
-5139
-3887
-5131
-4095
-5171
-4423
-5123
-4587
-5055
-4827
-5131
-5159
-5091
-5331
-5163
-5559
-5179
-5843
-5155
-6143
-5163
-6387
-5123
-6615
-5187
-6731
-5179
-7051
-5063
-7339
-5139
-7519
-5175
-7759
-5067
-7979
-5139
-8191
-5115
-8519
-5107
-8703
-5159
-8991
-5099
-9163
-5067
-9371
-5179
-9683
-5195
-9979
-5171
-10131
-5195
-10395
-5139
-10675
-5187
-10843
-5163
-11131
-5123
-11315
-5107
-11675
-5171
-11875
-5171
-12139
-5147
-12299
-5195
-12571
-5139
-12763
-5147
-13107
-5155
-13251
-5107
-13475
-5115
-13747
-5171
-14059
-5195
-14259
-5163
-14443
-5195
-14795
-5107
-14963
-5179
-15251
-5155
-15435
-5099
-15659
-5107
-15907
-5075
-16115
-5115
-16467
-5195
-16651
-5163
-16843
-5155
-17099
-5163
-17355
-5083
-17595
-5123
-17883
-5163
-18115
-5195
-18315
-5155
-18603
-5147
-18867
-5339
141
-5403
-75
-5387
-395
-5435
-587
-5331
-751
-5411
-1115
-5395
-1279
-5427
-1539
-5403
-1811
-5419
-2011
-5307
-2231
-5379
-2475
-5403
-2795
-5315
-2915
-5379
-3187
-5435
-3475
-5419
-3731
-5371
-3959
-5387
-4159
-5363
-4467
-5323
-4587
-5419
-4867
-5435
-5155
-5411
-5331
-5435
-5611
-5419
-5907
-5347
-6131
-5411
-6355
-5427
-6627
-5411
-6867
-5427
-7003
-5331
-7275
-5379
-7567
-5387
-7763
-5323
-7975
-5379
-8215
-5387
-8531
-5307
-8659
-5419
-8995
-5427
-9187
-5427
-9411
-5363
-9755
-5347
-9923
-5323
-10227
-5363
-10435
-5427
-10643
-5411
-10923
-5387
-11107
-5419
-11403
-5355
-11659
-5379
-11875
-5403
-12091
-5307
-12275
-5395
-12555
-5411
-12843
-5419
-13091
-5411
-13235
-5347
-13515
-5387
-13731
-5387
-14011
-5403
-14243
-5435
-14451
-5395
-14699
-5427
-15019
-5307
-15259
-5411
-15467
-5435
-15699
-5435
-15931
-5403
-16211
-5427
-16435
-5435
-16667
-5347
-16947
-5403
-17123
-5371
-17339
-5395
-17579
-5363
-17867
-5387
-18147
-5339
-18379
-5403
-18531
-5403
-18827
-5659
141
-5643
-75
-5571
-395
-5603
-619
-5547
-859
-5619
-1019
-5627
-1267
-5667
-1499
-5651
-1723
-5571
-2075
-5635
-2243
-5595
-2547
-5651
-2723
-5611
-2955
-5563
-3227
-5603
-3467
-5635
-3731
-5667
-3947
-5659
-4171
-5603
-4443
-5579
-4603
-5635
-4915
-5571
-5195
-5659
-5331
-5659
-5587
-5667
-5891
-5635
-6115
-5659
-6363
-5675
-6603
-5595
-6867
-5675
-7115
-5659
-7291
-5651
-7507
-5627
-7747
-5667
-7987
-5659
-8235
-5659
-8443
-5675
-8707
-5627
-8955
-5547
-9195
-5579
-9507
-5571
-9643
-5579
-9891
-5627
-10235
-5659
-10427
-5579
-10707
-5611
-10835
-5611
-11099
-5619
-11347
-5659
-11603
-5667
-11883
-5667
-12139
-5595
-12291
-5635
-12555
-5579
-12779
-5659
-13091
-5651
-13275
-5659
-13467
-5547
-13803
-5587
-13947
-5571
-14251
-5643
-14491
-5603
-14787
-5611
-14963
-5643
-15195
-5555
-15443
-5643
-15747
-5643
-15867
-5675
-16123
-5635
-16435
-5603
-16651
-5667
-16835
-5611
-17179
-5651
-17411
-5675
-17555
-5619
-17827
-5595
-18075
-5643
-18291
-5675
-18555
-5635
-18867
-5787
109
-5867
-43
-5843
-275
-5883
-563
-5875
-795
-5899
-1051
-5843
-1251
-5859
-1555
-5907
-1827
-5819
-2043
-5835
-2227
-5787
-2539
-5859
-2795
-5915
-2947
-5827
-3227
-5811
-3427
-5787
-3755
-5907
-3939
-5899
-4171
-5795
-4459
-5915
-4611
-5843
-4939
-5819
-5179
-5899
-5427
-5907
-5643
-5867
-5795
-5867
-6155
-5843
-6355
-5851
-6507
-5835
-6795
-5835
-7115
-5843
-7267
-5859
-7475
-5899
-7803
-5843
-7987
-5875
-8307
-5843
-8539
-5915
-8795
-5851
-8939
-5867
-9227
-5875
-9395
-5883
-9659
-5883
-9979
-5843
-10163
-5867
-10347
-5859
-10691
-5915
-10899
-5803
-11115
-5827
-11411
-5851
-11603
-5835
-11891
-5915
-12083
-5915
-12323
-5803
-12571
-5787
-12819
-5899
-13067
-5803
-13323
-5907
-13563
-5915
-13707
-5875
-14059
-5867
-14307
-5811
-14467
-5875
-14763
-5787
-14947
-5883
-15155
-5875
-15419
-5891
-15659
-5907
-15867
-5915
-16171
-5851
-16459
-5867
-16683
-5851
-16891
-5915
-17099
-5891
-17435
-5915
-17595
-5827
-17859
-5891
-18083
-5803
-18339
-5803
-18507
-5891
-18867
-6131
125
-6131
-75
-6155
-387
-6155
-619
-6155
-787
-6051
-987
-6147
-1347
-6051
-1475
-6091
-1811
-6155
-1955
-6099
-2315
-6147
-2531
-6091
-2675
-6147
-3019
-6147
-3211
-6067
-3451
-6115
-3755
-6139
-3939
-6067
-4211
-6075
-4467
-6147
-4635
-6075
-4939
-6147
-5107
-6107
-5315
-6035
-5603
-6051
-5827
-6107
-6043
-6067
-6291
-6083
-6603
-6067
-6835
-6139
-6995
-6107
-7323
-6155
-7531
-6139
-7715
-6099
-8059
-6027
-8267
-6099
-8547
-6123
-8691
-6051
-8939
-6155
-9267
-6131
-9419
-6115
-9643
-6107
-9995
-6083
-10155
-6107
-10371
-6147
-10587
-6043
-10867
-6131
-11067
-6115
-11339
-6155
-11659
-6051
-11859
-6099
-12115
-6091
-12315
-6155
-12627
-6147
-12819
-6027
-12995
-6099
-13251
-6059
-13571
-6115
-13763
-6139
-13971
-6131
-14259
-6027
-14523
-6035
-14707
-6107
-15035
-6155
-15219
-6147
-15499
-6155
-15675
-6115
-15947
-6147
-16139
-6139
-16395
-6131
-16699
-6123
-16851
-6131
-17107
-6115
-17347
-6091
-17627
-6155
-17875
-6059
-18075
-6091
-18363
-6123
-18587
-6067
-18867
-6315
93
-6371
-75
-6371
-379
-6379
-555
-6363
-747
-6331
-1067
-6339
-1243
-6371
-1467
-6323
-1747
-6339
-1987
-6323
-2187
-6339
-2435
-6307
-2779
-6347
-2939
-6387
-3211
-6363
-3427
-6275
-3747
-6355
-3923
-6339
-4227
-6315
-4379
-6387
-4619
-6387
-4875
-6331
-5067
-6395
-5323
-6371
-5595
-6347
-5787
-6347
-6115
-6315
-6395
-6331
-6555
-6379
-6763
-6331
-7035
-6387
-7227
-6355
-7467
-6331
-7723
-6379
-8067
-6387
-8299
-6379
-8531
-6363
-8691
-6307
-8971
-6315
-9187
-6339
-9507
-6275
-9715
-6275
-9995
-6371
-10171
-6323
-10459
-6339
-10667
-6363
-10883
-6395
-11195
-6387
-11315
-6339
-11627
-6339
-11843
-6395
-12091
-6363
-12315
-6275
-12619
-6331
-12811
-6307
-13099
-6387
-13331
-6291
-13475
-6363
-13835
-6395
-14027
-6371
-14251
-6347
-14499
-6387
-14683
-6371
-14931
-6387
-15211
-6355
-15427
-6371
-15627
-6339
-15915
-6347
-16227
-6363
-16435
-6307
-16659
-6395
-16891
-6371
-17179
-6379
-17371
-6379
-17675
-6379
-17859
-6379
-18099
-6291
-18323
-6323
-18531
-6339
-18859
-6507
109
-6547
-83
-6627
-371
-6587
-523
-6563
-747
-6627
-1107
-6547
-1307
-6635
-1571
-6635
-1739
-6635
-2043
-6571
-2267
-6507
-2459
-6611
-2715
-6595
-2915
-6603
-3155
-6595
-3515
-6595
-3739
-6619
-3995
-6571
-4155
-6539
-4355
-6563
-4619
-6579
-4923
-6627
-5187
-6579
-5387
-6555
-5635
-6595
-5851
-6627
-6035
-6627
-6275
-6571
-6555
-6587
-6843
-6627
-7019
-6539
-7347
-6579
-7499
-6531
-7739
-6531
-8051
-6595
-8283
-6619
-8483
-6635
-8691
-6619
-9003
-6507
-9195
-6539
-9499
-6531
-9659
-6555
-9891
-6635
-10227
-6627
-10427
-6555
-10715
-6523
-10931
-6611
-11131
-6619
-11387
-6515
-11675
-6587
-11899
-6547
-12147
-6611
-12315
-6523
-12507
-6547
-12843
-6587
-13083
-6555
-13283
-6603
-13587
-6603
-13739
-6611
-14011
-6603
-14299
-6603
-14475
-6515
-14667
-6603
-15027
-6515
-15275
-6603
-15507
-6603
-15699
-6563
-15947
-6587
-16227
-6579
-16371
-6611
-16587
-6603
-16891
-6507
-17163
-6635
-17403
-6515
-17587
-6515
-17851
-6555
-18155
-6531
-18299
-6563
-18571
-6571
-18827
-6827
133
-6875
-147
-6851
-347
-6803
-603
-6867
-803
-6755
-1107
-6835
-1307
-6835
-1579
-6755
-1715
-6875
-1963
-6867
-2275
-6747
-2435
-6843
-2771
-6787
-2963
-6875
-3227
-6875
-3467
-6779
-3651
-6835
-3867
-6803
-4211
-6843
-4347
-6859
-4643
-6859
-4891
-6747
-5123
-6835
-5315
-6803
-5651
-6771
-5827
-6859
-6067
-6803
-6283
-6787
-6539
-6827
-6811
-6835
-6987
-6763
-7347
-6795
-7499
-6859
-7827
-6803
-8011
-6755
-8227
-6859
-8515
-6867
-8715
-6819
-8915
-6819
-9259
-6787
-9515
-6859
-9731
-6819
-9899
-6843
-10203
-6851
-10355
-6795
-10595
-6827
-10955
-6843
-11067
-6851
-11371
-6787
-11595
-6843
-11883
-6755
-12131
-6851
-12323
-6827
-12507
-6819
-12827
-6811
-13003
-6867
-13347
-6811
-13571
-6763
-13715
-6835
-13995
-6867
-14315
-6875
-14523
-6843
-14691
-6771
-15003
-6755
-15259
-6875
-15467
-6859
-15699
-6795
-15939
-6827
-16163
-6867
-16459
-6867
-16635
-6827
-16955
-6875
-17075
-6811
-17435
-6755
-17651
-6859
-17899
-6811
-18075
-6787
-18267
-6795
-18555
-6779
-18811
-7083
141
-7019
-131
-7099
-283
-7011
-507
-6987
-803
-7099
-1107
-7075
-1347
-6995
-1579
-7043
-1755
-7075
-2011
-7051
-2283
-7091
-2555
-7091
-2779
-7019
-3035
-7107
-3235
-7059
-3467
-7051
-3643
-7083
-3939
-7035
-4123
-7075
-4363
-7107
-4611
-7075
-4923
-7003
-5187
-7051
-5395
-7011
-5627
-7027
-5915
-7083
-6035
-7027
-6371
-7083
-6627
-7059
-6747
-7035
-7059
-7043
-7339
-6987
-7595
-7091
-7715
-7107
-7987
-7091
-8227
-7003
-8451
-7035
-8771
-7043
-9003
-7043
-9147
-7011
-9387
-7035
-9667
-7083
-9955
-7019
-10115
-7067
-10419
-7107
-10675
-7083
-10947
-7115
-11115
-7107
-11315
-7051
-11651
-7107
-11843
-7099
-12043
-7059
-12363
-7099
-12563
-6987
-12795
-7043
-13115
-7107
-13299
-7035
-13579
-6987
-13763
-7059
-14067
-7027
-14299
-7107
-14491
-7027
-14755
-7115
-14963
-7107
-15235
-7099
-15499
-7051
-15675
-7107
-15883
-7011
-16195
-7115
-16475
-7115
-16691
-7051
-16915
-7051
-17075
-7075
-17403
-7099
-17603
-7107
-17891
-7075
-18043
-7115
-18339
-7035
-18539
-7075
-18819
-7267
109
-7283
-107
-7259
-275
-7347
-563
-7275
-787
-7267
-1115
-7339
-1339
-7251
-1563
-7355
-1747
-7275
-1971
-7275
-2203
-7267
-2467
-7267
-2739
-7355
-2939
-7331
-3171
-7307
-3507
-7251
-3643
-7355
-3955
-7259
-4163
-7275
-4387
-7275
-4619
-7267
-4843
-7299
-5179
-7331
-5315
-7347
-5611
-7251
-5867
-7315
-6059
-7283
-6387
-7315
-6539
-7323
-6827
-7283
-7059
-7259
-7307
-7235
-7515
-7291
-7835
-7275
-8003
-7291
-8195
-7355
-8483
-7315
-8707
-7315
-8987
-7347
-9243
-7283
-9467
-7259
-9691
-7283
-9947
-7275
-10219
-7267
-10363
-7331
-10635
-7291
-10907
-7235
-11083
-7259
-11427
-7275
-11627
-7315
-11915
-7307
-12123
-7339
-12323
-7339
-12635
-7339
-12763
-7275
-13107
-7243
-13291
-7275
-13475
-7339
-13819
-7339
-14051
-7307
-14251
-7339
-14555
-7347
-14667
-7347
-14971
-7275
-15179
-7307
-15443
-7259
-15699
-7355
-15899
-7251
-16123
-7299
-16387
-7227
-16683
-7355
-16955
-7291
-17163
-7275
-17387
-7339
-17619
-7291
-17851
-7315
-18099
-7331
-18275
-7323
-18507
-7267
-18819
-7531
117
-7571
-147
-7571
-267
-7587
-579
-7563
-867
-7571
-1115
-7587
-1283
-7587
-1587
-7571
-1811
-7539
-2059
-7547
-2243
-7555
-2491
-7507
-2667
-7499
-2915
-7563
-3235
-7595
-3483
-7491
-3675
-7475
-3931
-7595
-4171
-7547
-4403
-7539
-4707
-7515
-4899
-7499
-5123
-7483
-5403
-7555
-5635
-7595
-5827
-7491
-6155
-7571
-6283
-7491
-6531
-7563
-6771
-7587
-6987
-7483
-7251
-7539
-7587
-7499
-7779
-7579
-7995
-7555
-8299
-7523
-8555
-7595
-8699
-7571
-8963
-7531
-9147
-7579
-9443
-7483
-9643
-7595
-9963
-7563
-10123
-7491
-10475
-7587
-10587
-7587
-10923
-7587
-11163
-7507
-11315
-7523
-11635
-7547
-11787
-7555
-12099
-7515
-12331
-7547
-12579
-7587
-12763
-7555
-13027
-7491
-13259
-7563
-13523
-7515
-13771
-7595
-14067
-7507
-14227
-7555
-14451
-7531
-14755
-7563
-15003
-7571
-15243
-7579
-15515
-7507
-15667
-7555
-15931
-7507
-16187
-7507
-16395
-7539
-16667
-7579
-16875
-7595
-17147
-7563
-17355
-7595
-17635
-7587
-17899
-7555
-18155
-7595
-18355
-7579
-18547
-7547
-18827
-7763
109
-7803
-35
-7771
-387
-7835
-619
-7707
-875
-7819
-1059
-7707
-1331
-7795
-1507
-7835
-1779
-7787
-1987
-7715
-2211
-7835
-2515
-7763
-2755
-7779
-2947
-7819
-3243
-7755
-3507
-7787
-3643
-7819
-3923
-7811
-4195
-7835
-4347
-7715
-4659
-7835
-4835
-7827
-5075
-7835
-5307
-7779
-5571
-7835
-5827
-7723
-6075
-7795
-6363
-7819
-6523
-7811
-6771
-7811
-6995
-7731
-7251
-7803
-7507
-7819
-7763
-7707
-7979
-7787
-8195
-7827
-8475
-7763
-8675
-7827
-9003
-7811
-9267
-7723
-9499
-7811
-9659
-7835
-9947
-7819
-10227
-7787
-10403
-7803
-10659
-7811
-10883
-7723
-11067
-7779
-11435
-7827
-11635
-7731
-11915
-7755
-12035
-7787
-12299
-7827
-12571
-7803
-12875
-7731
-13011
-7779
-13307
-7827
-13515
-7779
-13827
-7803
-13963
-7827
-14235
-7827
-14483
-7835
-14667
-7707
-15035
-7787
-15243
-7739
-15411
-7763
-15699
-7803
-15915
-7795
-16155
-7707
-16347
-7795
-16715
-7827
-16915
-7715
-17195
-7787
-17379
-7707
-17627
-7827
-17891
-7803
-18139
-7811
-18379
-7827
-18563
-7747
-18843
-8067
125
-8067
-51
-8027
-315
-8059
-531
-7947
-867
-8051
-995
-8019
-1283
-8051
-1507
-8075
-1795
-8059
-1963
-7947
-2275
-8067
-2435
-8059
-2747
-8059
-3003
-8019
-3235
-8043
-3507
-8075
-3643
-8011
-3891
-8075
-4131
-8075
-4379
-8043
-4699
-8003
-4939
-8067
-5067
-8027
-5403
-7987
-5587
-8035
-5835
-8027
-6059
-7979
-6291
-8043
-6523
-7995
-6803
-7979
-7083
-8043
-7323
-8019
-7499
-8067
-7779
-7971
-8003
-7987
-8227
-8043
-8499
-8067
-8731
-7987
-8995
-8011
-9195
-7987
-9491
-7987
-9723
-8043
-9907
-8043
-10219
-7963
-10347
-7971
-10651
-8067
-10883
-7979
-11131
-7963
-11379
-7963
-11603
-8043
-11899
-8051
-12027
-8019
-12363
-7995
-12611
-8043
-12827
-8027
-13091
-8035
-13339
-8019
-13555
-8011
-13747
-8059
-13963
-8059
-14275
-8019
-14451
-7947
-14787
-8075
-14907
-8035
-15227
-8019
-15395
-8011
-15731
-8035
-15883
-8003
-16163
-8059
-16355
-8051
-16643
-8027
-16939
-8019
-17187
-8051
-17371
-8027
-17651
-8051
-17875
-8043
-18139
-7979
-18347
-8027
-18611
-7947
-18819
-8283
133
-8259
-115
-8299
-355
-8243
-523
-8315
-779
-8307
-1043
-8187
-1339
-8259
-1531
-8211
-1755
-8267
-1955
-8219
-2307
-8251
-2491
-8211
-2739
-8315
-2963
-8283
-3243
-8283
-3491
-8267
-3643
-8259
-3875
-8259
-4227
-8299
-4451
-8315
-4643
-8187
-4915
-8307
-5131
-8259
-5331
-8251
-5571
-8299
-5835
-8187
-6123
-8283
-6299
-8307
-6603
-8251
-6787
-8235
-7091
-8275
-7259
-8267
-7579
-8283
-7819
-8227
-7963
-8307
-8195
-8291
-8475
-8187
-8747
-8267
-8907
-8211
-9147
-8227
-9403
-8195
-9675
-8291
-9891
-8267
-10115
-8291
-10411
-8219
-10691
-8259
-10939
-8235
-11107
-8203
-11403
-8315
-11595
-8283
-11899
-8275
-12091
-8291
-12267
-8195
-12579
-8315
-12803
-8211
-12995
-8291
-13267
-8299
-13587
-8187
-13819
-8235
-14059
-8267
-14243
-8315
-14539
-8251
-14739
-8283
-15003
-8235
-15251
-8291
-15403
-8211
-15747
-8195
-15923
-8187
-16131
-8315
-16411
-8307
-16667
-8275
-16883
-8291
-17083
-8259
-17371
-8275
-17595
-8315
-17843
-8219
-18043
-8291
-18379
-8251
-18555
-8315
-18827
-8451
101
-8539
-35
-8539
-363
-8427
-515
-8491
-755
-8483
-1027
-8539
-1259
-8483
-1563
-8507
-1835
-8547
-2027
-8483
-2243
-8523
-2483
-8507
-2747
-8547
-2939
-8555
-3235
-8459
-3403
-8499
-3707
-8475
-3995
-8507
-4235
-8555
-4411
-8475
-4667
-8539
-4859
-8507
-5123
-8547
-5371
-8555
-5675
-8491
-5883
-8515
-6043
-8475
-6299
-8531
-6515
-8483
-6787
-8539
-7035
-8451
-7355
-8507
-7555
-8507
-7723
-8531
-8075
-8547
-8211
-8531
-8531
-8547
-8675
-8531
-8923
-8443
-9147
-8467
-9507
-8555
-9707
-8427
-9875
-8507
-10179
-8531
-10347
-8547
-10667
-8507
-10899
-8523
-11163
-8443
-11419
-8539
-11595
-8515
-11867
-8427
-12067
-8475
-12331
-8443
-12571
-8451
-12843
-8547
-13083
-8475
-13251
-8475
-13587
-8547
-13715
-8483
-14011
-8523
-14315
-8443
-14507
-8459
-14739
-8523
-14979
-8451
-15171
-8547
-15403
-8547
-15731
-8499
-15955
-8523
-16123
-8555
-16411
-8451
-16595
-8475
-16899
-8483
-17139
-8555
-17427
-8515
-17603
-8427
-17915
-8539
-18139
-8483
-18347
-8491
-18579
-8491
-18811
-8683
141
-8763
-43
-8723
-323
-8723
-523
-8779
-859
-8739
-1107
-8779
-1235
-8771
-1563
-8795
-1763
-8739
-1971
-8779
-2243
-8771
-2475
-8787
-2779
-8723
-2987
-8715
-3219
-8691
-3403
-8787
-3667
-8731
-3987
-8731
-4211
-8667
-4355
-8795
-4595
-8787
-4923
-8771
-5147
-8779
-5323
-8787
-5675
-8795
-5843
-8763
-6067
-8787
-6307
-8771
-6507
-8755
-6819
-8691
-7067
-8699
-7339
-8755
-7531
-8707
-7819
-8715
-8067
-8763
-8251
-8739
-8539
-8715
-8795
-8675
-9035
-8771
-9163
-8707
-9475
-8755
-9739
-8779
-9995
-8779
-10163
-8699
-10379
-8715
-10715
-8755
-10955
-8779
-11171
-8691
-11363
-8795
-11547
-8707
-11859
-8667
-12035
-8771
-12363
-8723
-12531
-8739
-12811
-8787
-13011
-8731
-13331
-8707
-13531
-8691
-13795
-8723
-14075
-8691
-14275
-8707
-14531
-8787
-14795
-8739
-14971
-8691
-15155
-8787
-15451
-8699
-15683
-8747
-15883
-8795
-16211
-8723
-16395
-8755
-16707
-8747
-16859
-8731
-17171
-8667
-17403
-8707
-17547
-8763
-17819
-8747
-18131
-8795
-18283
-8787
-18627
-8739
-18843
-9027
85
-9035
-139
-9019
-291
-9019
-571
-8995
-787
-9019
-1083
-9019
-1267
-8963
-1563
-8971
-1787
-8971
-1987
-8955
-2227
-8955
-2531
-8971
-2675
-9019
-2979
-8947
-3195
-8963
-3395
-9003
-3723
-8923
-3971
-9035
-4179
-8995
-4387
-8995
-4667
-8947
-4843
-8995
-5171
-9035
-5371
-8987
-5579
-8971
-5795
-8947
-6027
-8995
-6339
-9003
-6507
-8963
-6771
-9011
-7059
-8923
-7291
-8971
-7539
-8931
-7715
-9003
-8043
-9027
-8251
-9027
-8539
-8955
-8691
-9035
-8995
-9027
-9259
-8923
-9435
-9003
-9739
-8971
-9995
-9003
-10187
-9027
-10387
-8987
-10611
-8907
-10883
-9035
-11091
-9011
-11403
-8971
-11643
-9019
-11867
-9027
-12067
-9027
-12379
-8987
-12595
-8987
-12843
-9019
-13027
-8979
-13331
-9035
-13491
-8955
-13747
-8931
-13963
-8915
-14203
-8955
-14507
-8939
-14715
-8979
-14955
-8971
-15275
-9027
-15467
-8971
-15683
-8955
-15891
-9011
-16107
-8971
-16387
-8995
-16627
-8971
-16859
-9027
-17075
-8939
-17379
-9011
-17563
-9027
-17875
-8915
-18067
-8963
-18339
-8963
-18571
-9011
-18827
-9155
93
-9259
-59
-9267
-395
-9259
-539
-9275
-771
-9179
-1043
-9219
-1315
-9155
-1539
-9179
-1811
-9251
-1963
-9219
-2219
-9171
-2483
-9243
-2747
-9235
-2923
-9243
-3259
-9155
-3387
-9251
-3747
-9267
-3923
-9163
-4203
-9235
-4451
-9267
-4683
-9267
-4883
-9243
-5179
-9267
-5307
-9195
-5675
-9267
-5859
-9195
-6091
-9243
-6371
-9259
-6611
-9155
-6771
-9171
-7003
-9187
-7283
-9243
-7491
-9267
-7795
-9267
-8059
-9155
-8267
-9195
-8531
-9243
-8683
-9275
-8995
-9243
-9155
-9211
-9403
-9275
-9627
-9211
-9915
-9275
-10123
-9195
-10379
-9259
-10635
-9187
-10835
-9147
-11163
-9195
-11307
-9179
-11619
-9211
-11859
-9267
-12099
-9267
-12323
-9243
-12603
-9155
-12851
-9259
-13059
-9235
-13307
-9163
-13531
-9211
-13771
-9179
-13963
-9179
-14227
-9275
-14539
-9235
-14779
-9267
-14947
-9195
-15211
-9227
-15475
-9259
-15715
-9179
-15891
-9163
-16203
-9267
-16379
-9243
-16587
-9171
-16907
-9163
-17115
-9235
-17339
-9187
-17555
-9243
-17891
-9235
-18067
-9275
-18379
-9155
-18515
-9275
-18867
-9411
125
-9387
-35
-9411
-299
-9419
-539
-9499
-779
-9483
-1019
-9435
-1323
-9451
-1475
-9419
-1819
-9491
-2027
-9475
-2275
-9507
-2507
-9459
-2747
-9515
-3019
-9483
-3203
-9475
-3403
-9451
-3731
-9475
-3899
-9483
-4195
-9435
-4427
-9427
-4635
-9427
-4843
-9475
-5155
-9499
-5323
-9427
-5579
-9419
-5851
-9515
-6075
-9475
-6307
-9451
-6611
-9499
-6851
-9403
-7107
-9467
-7243
-9443
-7467
-9435
-7787
-9499
-7979
-9507
-8203
-9483
-8539
-9507
-8763
-9475
-8995
-9403
-9163
-9483
-9403
-9515
-9715
-9419
-9875
-9395
-10163
-9411
-10411
-9515
-10611
-9515
-10843
-9491
-11099
-9515
-11323
-9387
-11611
-9435
-11907
-9459
-12043
-9403
-12299
-9491
-12531
-9411
-12755
-9387
-13051
-9395
-13275
-9443
-13571
-9507
-13739
-9459
-14067
-9515
-14315
-9515
-14531
-9387
-14787
-9403
-15027
-9475
-15235
-9411
-15387
-9387
-15691
-9411
-15883
-9387
-16203
-9515
-16411
-9499
-16643
-9475
-16899
-9451
-17139
-9419
-17339
-9467
-17611
-9507
-17795
-9475
-18027
-9435
-18323
-9427
-18627
-9435
-18875
-9667
101
-9723
-155
-9715
-283
-9747
-539
-9707
-771
-9667
-995
-9739
-1267
-9715
-1515
-9755
-1787
-9691
-1979
-9675
-2275
-9699
-2523
-9739
-2771
-9715
-2915
-9747
-3259
-9667
-3419
-9699
-3659
-9731
-3987
-9691
-4171
-9747
-4459
-9683
-4643
-9731
-4915
-9683
-5115
-9747
-5403
-9715
-5667
-9739
-5835
-9755
-6155
-9635
-6331
-9707
-6619
-9651
-6747
-9707
-7003
-9699
-7339
-9659
-7483
-9747
-7779
-9747
-7947
-9627
-8307
-9627
-8507
-9715
-8763
-9691
-8955
-9755
-9243
-9723
-9475
-9659
-9747
-9691
-9875
-9675
-10227
-9723
-10387
-9723
-10699
-9627
-10859
-9731
-11115
-9731
-11395
-9755
-11579
-9707
-11803
-9747
-12099
-9715
-12347
-9755
-12571
-9739
-12811
-9635
-13035
-9747
-13299
-9643
-13587
-9755
-13771
-9731
-14003
-9755
-14299
-9739
-14539
-9635
-14747
-9755
-14995
-9747
-15243
-9659
-15491
-9723
-15667
-9747
-15995
-9715
-16211
-9699
-16467
-9667
-16659
-9739
-16939
-9723
-17187
-9747
-17315
-9755
-17667
-9675
-17787
-9691
-18155
-9707
-18299
-9659
-18627
-9643
-18843
-9915
141
-9995
-91
-9915
-371
-9931
-635
-9867
-827
-9987
-1091
-9947
-1315
-9915
-1563
-9915
-1835
-9979
-1995
-9987
-2211
-9963
-2491
-9899
-2691
-9875
-3019
-9955
-3243
-9955
-3475
-9899
-3691
-9875
-3947
-9995
-4179
-9867
-4371
-9923
-4619
-9931
-4915
-9939
-5067
-9971
-5347
-9939
-5595
-9891
-5915
-9875
-6051
-9915
-6275
-9923
-6555
-9915
-6875
-9875
-7099
-9987
-7331
-9891
-7515
-9947
-7723
-9891
-8003
-9907
-8291
-9923
-8547
-9987
-8755
-9891
-8995
-9931
-9251
-9995
-9499
-9995
-9683
-9939
-9867
-9923
-10123
-9867
-10395
-9987
-10707
-9947
-10835
-9915
-11083
-9883
-11331
-9915
-11619
-9923
-11891
-9995
-12067
-9915
-12275
-9955
-12531
-9987
-12755
-9963
-12987
-9955
-13291
-9923
-13483
-9939
-13819
-9971
-14051
-9995
-14315
-9907
-14483
-9899
-14723
-9867
-14907
-9915
-15251
-9995
-15451
-9915
-15715
-9939
-15963
-9947
-16203
-9987
-16371
-9939
-16667
-9955
-16875
-9939
-17179
-9955
-17331
-9875
-17611
-9931
-17875
-9979
-18139
-9923
-18347
-9995
-18523
-9979
-18875
-10195
85
-10171
-147
-10203
-371
-10211
-579
-10219
-755
-10171
-1115
-10203
-1347
-10155
-1539
-10139
-1779
-10123
-2051
-10235
-2275
-10147
-2435
-10163
-2771
-10235
-2955
-10179
-3235
-10107
-3515
-10235
-3731
-10219
-3939
-10195
-4179
-10187
-4371
-10147
-4715
-10123
-4923
-10219
-5099
-10179
-5355
-10235
-5659
-10235
-5875
-10227
-6131
-10227
-6371
-10211
-6563
-10115
-6827
-10211
-7043
-10219
-7355
-10187
-7563
-10211
-7811
-10131
-8003
-10179
-8195
-10219
-8523
-10179
-8675
-10107
-8931
-10163
-9195
-10163
-9427
-10195
-9755
-10163
-9891
-10155
-10227
-10235
-10363
-10115
-10611
-10107
-10851
-10179
-11171
-10211
-11315
-10195
-11675
-10203
-11835
-10163
-12139
-10171
-12283
-10203
-12547
-10227
-12827
-10163
-13107
-10123
-13323
-10139
-13531
-10203
-13835
-10211
-14067
-10131
-14219
-10219
-14475
-10227
-14763
-10211
-14963
-10123
-15219
-10171
-15443
-10227
-15699
-10235
-15963
-10203
-16227
-10139
-16379
-10195
-16683
-10107
-16851
-10211
-17139
-10195
-17419
-10187
-17587
-10131
-17883
-10235
-18123
-10163
-18339
-10163
-18539
-10155
-18843
-10475
117
-10427
-91
-10459
-363
-10443
-635
-10459
-771
-10451
-1003
-10475
-1235
-10475
-1523
-10411
-1787
-10451
-1955
-10467
-2299
-10419
-2443
-10411
-2763
-10475
-2923
-10419
-3235
-10467
-3451
-10475
-3627
-10467
-3939
-10475
-4123
-10451
-4459
-10443
-4643
-10419
-4899
-10419
-5075
-10435
-5355
-10467
-5651
-10459
-5811
-10467
-6139
-10427
-6315
-10451
-6555
-10419
-6755
-10467
-7107
-10419
-7235
-10443
-7587
-10435
-7803
-10435
-8035
-10459
-8307
-10435
-8531
-10451
-8771
-10443
-8971
-10475
-9267
-10443
-9435
-10427
-9755
-10467
-9883
-10427
-10227
-10459
-10355
-10419
-10587
-10475
-10899
-10443
-11147
-10443
-11387
-10451
-11555
-10435
-11835
-10475
-12083
-10435
-12387
-10475
-12635
-10427
-12827
-10435
-13099
-10475
-13307
-10459
-13595
-10451
-13763
-10459
-13963
-10475
-14259
-10427
-14467
-10427
-14683
-10443
-14955
-10475
-15179
-10443
-15499
-10475
-15715
-10451
-15979
-10435
-16179
-10411
-16363
-10411
-16611
-10467
-16955
-10443
-17171
-10475
-17427
-10459
-17563
-10459
-17835
-10475
-18083
-10427
-18299
-10419
-18635
-10419
-18859
