109
587
216
-120
452
-319
565
-606
191
-774
179
-1054
226
-1201
374
-1515
417
-1815
150
-1977
204
-2197
97
-2551
343
-2737
141
-2955
255
-3203
239
-3411
409
-3605
311
-3871
407
-4111
95
-4339
435
-4647
109
-4839
117
-5071
85
-5411
101
-5655
117
-5811
125
-6015
125
-6251
93
-6507
101
-6767
117
-7115
117
-7283
101
-7531
85
-7823
141
-7979
117
-8223
93
-8539
101
-8679
93
-8995
125
-9263
125
-9411
109
-9723
101
-9955
85
-10227
125
-10395
141
-10603
141
-10907
141
-11067
93
-11363
93
-11635
93
-11899
117
-12043
141
-12315
125
-12523
101
-12771
93
-13011
93
-13355
109
-13579
141
-13763
125
-13955
133
-14315
85
-14459
141
-14691
93
-14947
101
-15227
125
-15419
125
-15699
141
-15979
101
-16163
149
-16475
125
-16603
149
-16827
125
-17187
93
-17307
101
-17643
133
-17907
149
-18155
141
-18339
125
-18531
125
-18851
-95
750
-71
-18
-93
-310
-93
-556
-88
-813
-53
-1059
-135
-1299
-74
-1496
-134
-1739
-67
-1982
-56
-2229
-47
-2479
-111
-2707
-93
-2907
-83
-3259
-123
-3439
-119
-3615
-53
-3831
-75
-4173
-31
-4423
-113
-4617
-87
-4851
-123
-5067
-107
-5363
-43
-5519
-131
-5835
-131
-6095
-99
-6315
-99
-6539
-115
-6783
-99
-7051
-99
-7327
-107
-7567
-139
-7755
5
-8031
-111
-8295
-43
-8435
-43
-8747
-75
-8883
-91
-9203
-139
-9507
-59
-9723
-147
-9931
-99
-10147
-139
-10451
-83
-10595
-27
-10843
-155
-11083
-27
-11395
-155
-11619
-67
-11843
-67
-12027
-91
-12323
-107
-12579
-91
-12819
-43
-13043
-75
-13315
-147
-13595
-75
-13723
-115
-14027
-139
-14203
-27
-14435
-67
-14739
-59
-14995
-147
-15195
-155
-15507
-67
-15627
-147
-15923
-99
-16131
-147
-16347
-43
-16659
-107
-16923
-43
-17075
-51
-17411
-115
-17627
-115
-17795
-131
-18147
-139
-18363
-107
-18611
-147
-18843
-375
766
-379
-87
-319
-269
-317
-524
-349
-851
-292
-998
-364
-1257
-285
-1504
-254
-1770
-353
-2036
-359
-2299
-389
-2461
-307
-2711
-271
-2939
-341
-3149
-379
-3413
-271
-3683
-263
-3979
-317
-4201
-289
-4419
-371
-4619
-379
-4899
-307
-5171
-371
-5403
-331
-5603
-371
-5783
-355
-6095
-299
-6363
-287
-6527
-367
-6787
-259
-7003
-391
-7303
-339
-7555
-259
-7699
-383
-7955
-259
-8283
-307
-8503
-267
-8659
-295
-9019
-359
-9199
-371
-9387
-267
-9715
-299
-9979
-331
-10179
-371
-10403
-283
-10675
-379
-10867
-379
-11187
-323
-11387
-379
-11659
-323
-11795
-323
-12043
-339
-12323
-315
-12635
-387
-12763
-355
-13059
-267
-13339
-379
-13467
-347
-13715
-395
-13947
-355
-14211
-267
-14555
-387
-14707
-363
-14955
-379
-15195
-379
-15491
-379
-15667
-355
-15875
-323
-16115
-355
-16347
-315
-16675
-395
-16955
-347
-17155
-291
-17419
-395
-17555
-387
-17891
-307
-18147
-371
-18363
-363
-18579
-291
-18867
-515
1193
-555
-141
-547
-263
-550
-544
-615
-789
-601
-975
-557
-1219
-594
-1529
-626
-1754
-586
-1935
-607
-2186
-591
-2527
-499
-2683
-575
-2977
-571
-3207
-529
-3431
-555
-3661
-563
-3887
-595
-4153
-511
-4393
-565
-4663
-575
-4943
-615
-5163
-519
-5363
-567
-5647
-531
-5847
-587
-6015
-523
-6263
-499
-6499
-507
-6779
-539
-7087
-519
-7243
-543
-7483
-595
-7727
-559
-7999
-631
-8227
-531
-8415
-555
-8659
-571
-8903
-563
-9215
-607
-9499
-635
-9739
-603
-9971
-611
-10107
-579
-10395
-547
-10683
-627
-10875
-603
-11067
-627
-11403
-515
-11627
-539
-11803
-603
-12035
-603
-12299
-627
-12555
-635
-12875
-555
-13011
-611
-13243
-547
-13539
-587
-13715
-595
-13971
-531
-14299
-579
-14459
-515
-14755
-619
-15003
-531
-15275
-547
-15403
-531
-15747
-635
-15947
-547
-16123
-579
-16371
-571
-16683
-539
-16827
-611
-17163
-587
-17435
-579
-17675
-531
-17891
-619
-18059
-619
-18315
-635
-18507
-523
-18819
-759
673
-833
-103
-811
-387
-761
-598
-767
-786
-721
-1011
-863
-1207
-781
-1570
-842
-1710
-757
-2024
-853
-2229
-773
-2425
-823
-2657
-727
-2907
-811
-3247
-755
-3391
-849
-3691
-775
-3911
-827
-4107
-859
-4475
-739
-4585
-855
-4883
-827
-5071
-787
-5387
-827
-5619
-867
-5843
-847
-6059
-835
-6287
-771
-6611
-771
-6819
-759
-6967
-827
-7207
-867
-7571
-815
-7783
-795
-7979
-807
-8279
-791
-8463
-835
-8719
-779
-8987
-851
-9139
-799
-9399
-811
-9723
-859
-9987
-795
-10227
-859
-10427
-795
-10603
-763
-10923
-827
-11067
-867
-11379
-851
-11587
-867
-11811
-763
-12131
-755
-12363
-795
-12547
-779
-12867
-835
-13027
-859
-13291
-859
-13491
-771
-13763
-787
-13987
-787
-14267
-787
-14539
-875
-14763
-867
-14963
-811
-15219
-851
-15515
-875
-15635
-827
-15979
-859
-16195
-835
-16395
-851
-16691
-811
-16867
-803
-17123
-875
-17331
-851
-17627
-859
-17859
-795
-18147
-787
-18315
-827
-18523
-819
-18819
-1059
731
-1003
-98
-1029
-364
-1039
-524
-1079
-814
-1063
-1075
-1059
-1308
-1027
-1518
-1097
-1725
-1097
-2023
-1071
-2267
-1067
-2429
-1075
-2659
-981
-3003
-1045
-3251
-1037
-3477
-1067
-3627
-991
-3897
-1059
-4197
-1087
-4391
-1029
-4689
-1103
-4951
-979
-5147
-1087
-5387
-971
-5627
-1051
-5871
-1019
-6011
-1051
-6315
-983
-6599
-971
-6775
-1083
-6983
-1111
-7239
-1075
-7479
-995
-7791
-983
-8007
-1091
-8263
-1103
-8507
-983
-8635
-1055
-8935
-991
-9175
-1107
-9387
-1115
-9683
-1091
-9955
-1107
-10179
-1043
-10371
-1059
-10651
-1091
-10859
-1091
-11123
-995
-11331
-1019
-11571
-1059
-11835
-1019
-12155
-1091
-12379
-1107
-12619
-987
-12859
-1067
-13003
-1027
-13315
-1011
-13555
-1075
-13747
-1011
-13987
-1059
-14203
-995
-14443
-1107
-14707
-1091
-15035
-1107
-15211
-1091
-15451
-1051
-15643
-1083
-15963
-1003
-16187
-1059
-16451
-1083
-16635
-995
-16923
-1067
-17123
-1027
-17355
-1051
-17555
-995
-17851
-1107
-18027
-1011
-18283
-1099
-18531
-1035
-18827
-1251
527
-1211
-103
-1291
-259
-1327
-573
-1341
-758
-1230
-1049
-1274
-1293
-1299
-1509
-1256
-1738
-1329
-2035
-1271
-2219
-1281
-2433
-1315
-2723
-1271
-2971
-1333
-3191
-1259
-3459
-1219
-3693
-1335
-3895
-1343
-4161
-1351
-4447
-1263
-4705
-1195
-4827
-1263
-5071
-1267
-5379
-1287
-5547
-1303
-5835
-1231
-6055
-1311
-6279
-1279
-6543
-1319
-6859
-1279
-7011
-1271
-7219
-1263
-7507
-1303
-7811
-1295
-8003
-1255
-8235
-1339
-8539
-1319
-8771
-1315
-8991
-1339
-9195
-1335
-9415
-1307
-9731
-1227
-9939
-1235
-10163
-1315
-10355
-1259
-10635
-1227
-10859
-1307
-11139
-1331
-11307
-1339
-11627
-1291
-11811
-1243
-12123
-1347
-12395
-1291
-12579
-1339
-12827
-1339
-13011
-1331
-13355
-1275
-13595
-1283
-13779
-1323
-13995
-1331
-14259
-1315
-14467
-1355
-14771
-1355
-15011
-1299
-15211
-1355
-15435
-1347
-15707
-1235
-15931
-1291
-16179
-1323
-16387
-1283
-16643
-1235
-16875
-1235
-17123
-1331
-17427
-1267
-17627
-1259
-17899
-1267
-18107
-1323
-18315
-1251
-18611
-1299
-18811
-1563
563
-1571
-123
-1539
-267
-1495
-493
-1505
-855
-1573
-1097
-1503
-1263
-1569
-1467
-1517
-1729
-1515
-2029
-1521
-2235
-1497
-2535
-1539
-2711
-1507
-2873
-1515
-3219
-1511
-3447
-1559
-3725
-1555
-3969
-1561
-4175
-1553
-4347
-1511
-4639
-1507
-4863
-1559
-5131
-1483
-5399
-1451
-5623
-1511
-5875
-1467
-6071
-1551
-6315
-1491
-6483
-1539
-6799
-1587
-7051
-1507
-7339
-1483
-7575
-1479
-7735
-1575
-7995
-1535
-8291
-1451
-8463
-1519
-8723
-1583
-8923
-1595
-9247
-1447
-9443
-1563
-9659
-1531
-9923
-1587
-10195
-1515
-10467
-1539
-10667
-1467
-10955
-1579
-11115
-1467
-11419
-1475
-11643
-1579
-11787
-1595
-12155
-1491
-12395
-1531
-12611
-1555
-12811
-1515
-13019
-1579
-13267
-1523
-13563
-1483
-13715
-1563
-14051
-1563
-14251
-1531
-14467
-1515
-14699
-1475
-14971
-1467
-15243
-1507
-15459
-1491
-15691
-1595
-15987
-1547
-16163
-1555
-16363
-1587
-16635
-1523
-16915
-1507
-17155
-1587
-17339
-1539
-17587
-1531
-17827
-1515
-18123
-1547
-18379
-1571
-18571
-1507
-18859
-1747
323
-1799
-115
-1815
-293
-1737
-611
-1711
-797
-1741
-989
-1771
-1309
-1725
-1483
-1819
-1727
-1729
-1907
-1817
-2293
-1809
-2415
-1813
-2643
-1813
-2977
-1815
-3161
-1763
-3379
-1795
-3607
-1739
-3953
-1767
-4139
-1745
-4333
-1805
-4679
-1795
-4891
-1751
-5095
-1675
-5375
-1791
-5631
-1779
-5839
-1771
-6039
-1787
-6367
-1759
-6523
-1739
-6787
-1787
-6999
-1803
-7347
-1723
-7519
-1771
-7747
-1695
-8055
-1731
-8227
-1823
-8491
-1759
-8663
-1775
-9027
-1751
-9187
-1767
-9383
-1827
-9667
-1731
-9875
-1835
-10139
-1755
-10387
-1779
-10611
-1763
-10923
-1763
-11075
-1747
-11347
-1835
-11651
-1835
-11851
-1715
-12123
-1819
-12323
-1795
-12555
-1715
-12747
-1723
-13091
-1739
-13339
-1731
-13523
-1755
-13723
-1715
-13963
-1803
-14227
-1803
-14475
-1795
-14771
-1811
-14963
-1835
-15211
-1827
-15419
-1795
-15699
-1747
-15979
-1835
-16171
-1787
-16435
-1715
-16707
-1835
-16907
-1811
-17187
-1779
-17363
-1763
-17643
-1787
-17915
-1771
-18083
-1731
-18339
-1811
-18595
-1835
-18859
-2051
911
-1947
-85
-2019
-309
-1931
-517
-2027
-783
-2075
-1019
-2069
-1325
-1955
-1535
-2045
-1727
-2035
-2047
-1921
-2239
-2023
-2391
-1963
-2685
-1999
-3029
-2027
-3261
-1957
-3413
-2033
-3655
-1963
-3855
-2023
-4151
-1995
-4447
-1995
-4673
-2043
-4855
-1975
-5063
-2007
-5367
-2023
-5515
-2035
-5763
-2003
-6011
-1963
-6251
-1939
-6527
-1979
-6743
-2055
-7071
-1991
-7343
-2003
-7475
-2071
-7679
-1975
-7971
-2035
-8219
-1967
-8499
-2027
-8747
-1979
-8991
-1995
-9203
-2059
-9447
-2019
-9691
-2035
-9971
-1995
-10195
-2003
-10427
-2059
-10595
-1947
-10947
-1955
-11179
-1987
-11355
-2027
-11675
-2019
-11803
-2019
-12083
-2067
-12347
-2019
-12571
-2011
-12755
-2043
-13019
-2067
-13227
-2035
-13563
-2067
-13787
-2067
-14043
-1995
-14243
-2035
-14443
-2019
-14731
-1979
-14907
-1955
-15227
-2043
-15467
-2051
-15635
-2027
-15915
-2051
-16187
-2011
-16371
-1947
-16715
-2027
-16907
-1963
-17115
-2059
-17379
-1955
-17595
-1971
-17827
-1995
-18035
-2019
-18395
-2075
-18587
-2043
-18859
-2263
1691
-2259
-107
-2241
-395
-2313
-503
-2223
-851
-2257
-1035
-2175
-1299
-2235
-1511
-2185
-1715
-2273
-2051
-2201
-2221
-2239
-2421
-2205
-2671
-2283
-2965
-2169
-3195
-2275
-3431
-2199
-3671
-2195
-3971
-2299
-4071
-2299
-4357
-2283
-4649
-2311
-4919
-2267
-5179
-2303
-5399
-2259
-5551
-2203
-5851
-2271
-6135
-2299
-6327
-2207
-6607
-2311
-6823
-2243
-7091
-2195
-7215
-2255
-7583
-2295
-7691
-2287
-8039
-2207
-8187
-2247
-8435
-2179
-8703
-2295
-8959
-2279
-9203
-2307
-9507
-2307
-9675
-2259
-9947
-2315
-10235
-2195
-10411
-2267
-10707
-2243
-10947
-2307
-11091
-2291
-11427
-2195
-11595
-2267
-11819
-2267
-12051
-2219
-12315
-2235
-12547
-2203
-12851
-2275
-13027
-2299
-13267
-2187
-13475
-2259
-13731
-2307
-13987
-2275
-14299
-2267
-14467
-2299
-14691
-2203
-14947
-2267
-15187
-2315
-15443
-2243
-15739
-2259
-15891
-2307
-16139
-2299
-16475
-2259
-16635
-2291
-16827
-2307
-17107
-2283
-17395
-2259
-17635
-2211
-17883
-2299
-18075
-2203
-18307
-2315
-18619
-2203
-18843
-2467
225
-2527
-63
-2535
-279
-2513
-571
-2407
-737
-2485
-1029
-2537
-1325
-2503
-1569
-2527
-1747
-2553
-2019
-2421
-2299
-2511
-2413
-2541
-2727
-2515
-2969
-2507
-3203
-2491
-3351
-2423
-3667
-2481
-3899
-2465
-4189
-2465
-4341
-2505
-4579
-2439
-4867
-2547
-5119
-2459
-5387
-2427
-5563
-2423
-5883
-2503
-6023
-2531
-6311
-2539
-6571
-2531
-6723
-2519
-6987
-2455
-7303
-2475
-7503
-2463
-7731
-2495
-8015
-2539
-8207
-2547
-8423
-2535
-8647
-2455
-8983
-2555
-9219
-2507
-9427
-2459
-9675
-2523
-9931
-2555
-10107
-2499
-10419
-2531
-10683
-2555
-10907
-2467
-11179
-2547
-11339
-2531
-11635
-2531
-11819
-2531
-12099
-2475
-12267
-2475
-12635
-2555
-12779
-2523
-13051
-2499
-13355
-2539
-13507
-2507
-13795
-2427
-13971
-2523
-14235
-2475
-14523
-2539
-14667
-2531
-14907
-2499
-15171
-2483
-15515
-2451
-15731
-2435
-15875
-2555
-16227
-2507
-16475
-2555
-16595
-2547
-16883
-2475
-17131
-2435
-17387
-2539
-17675
-2531
-17907
-2539
-18139
-2451
-18323
-2467
-18595
-2491
-18851
-2687
257
-2795
-83
-2727
-291
-2771
-543
-2719
-743
-2691
-1023
-2663
-1295
-2719
-1519
-2763
-1751
-2763
-2003
-2719
-2279
-2755
-2519
-2691
-2659
-2707
-2919
-2787
-3143
-2783
-3451
-2727
-3719
-2783
-3899
-2691
-4095
-2767
-4451
-2695
-4603
-2659
-4923
-2659
-5127
-2695
-5395
-2715
-5559
-2787
-5859
-2771
-6071
-2727
-6323
-2667
-6611
-2715
-6815
-2679
-7039
-2715
-7307
-2715
-7483
-2675
-7739
-2763
-8047
-2747
-8275
-2667
-8427
-2723
-8723
-2763
-8931
-2715
-9147
-2687
-9407
-2779
-9627
-2707
-9867
-2675
-10155
-2763
-10427
-2763
-10595
-2731
-10891
-2755
-11123
-2795
-11411
-2667
-11643
-2787
-11915
-2683
-12091
-2723
-12331
-2731
-12579
-2747
-12819
-2779
-13075
-2763
-13291
-2747
-13563
-2715
-13803
-2707
-14051
-2755
-14291
-2763
-14491
-2699
-14795
-2771
-14963
-2739
-15275
-2787
-15515
-2707
-15635
-2787
-15875
-2779
-16147
-2755
-16419
-2723
-16595
-2779
-16851
-2779
-17091
-2683
-17419
-2763
-17579
-2739
-17915
-2795
-18131
-2763
-18387
-2787
-18571
-2667
-18867
-2971
117
-2919
-15
-2895
-363
-3015
-579
-3019
-763
-2999
-1111
-2971
-1207
-2915
-1459
-2911
-1771
-2931
-2003
-3003
-2175
-2979
-2451
-2971
-2743
-2927
-3003
-3019
-3187
-2939
-3427
-2959
-3731
-3007
-3847
-3011
-4123
-2999
-4415
-2899
-4595
-2987
-4827
-3027
-5175
-2991
-5391
-2939
-5663
-2967
-5819
-2951
-6011
-3007
-6267
-3027
-6595
-2995
-6747
-2947
-7007
-2959
-7259
-3011
-7567
-2983
-7759
-2995
-7967
-2995
-8247
-2931
-8447
-2947
-8739
-3011
-8943
-3019
-9187
-2915
-9471
-2955
-9643
-3035
-9907
-2995
-10235
-2995
-10459
-2995
-10699
-2963
-10859
-2979
-11179
-3003
-11371
-3035
-11579
-2907
-11867
-2939
-12107
-3003
-12275
-2979
-12515
-3035
-12795
-3019
-13075
-2947
-13227
-2971
-13555
-3035
-13763
-2947
-13947
-2955
-14243
-3003
-14499
-2995
-14683
-2907
-14963
-3011
-15275
-2931
-15443
-2939
-15731
-2931
-15931
-2947
-16179
-3019
-16451
-2979
-16587
-2979
-16851
-2955
-17187
-3011
-17339
-2971
-17651
-2971
-17899
-3019
-18043
-3003
-18387
-3027
-18635
-2979
-18875
-3219
125
-3247
-71
-3199
-315
-3155
-627
-3219
-751
-3179
-1003
-3235
-1215
-3223
-1523
-3195
-1707
-3207
-1979
-3235
-2295
-3227
-2499
-3255
-2695
-3223
-2979
-3187
-3155
-3259
-3375
-3263
-3683
-3231
-3879
-3235
-4203
-3247
-4331
-3215
-4687
-3263
-4919
-3151
-5143
-3203
-5379
-3255
-5571
-3227
-5863
-3251
-6127
-3243
-6299
-3131
-6499
-3195
-6767
-3251
-7091
-3243
-7291
-3223
-7483
-3151
-7723
-3275
-7947
-3247
-8271
-3187
-8443
-3175
-8759
-3275
-8923
-3231
-9207
-3155
-9355
-3275
-9739
-3163
-9875
-3211
-10227
-3155
-10435
-3155
-10651
-3227
-10955
-3267
-11091
-3179
-11435
-3275
-11667
-3203
-11915
-3179
-12035
-3171
-12387
-3267
-12555
-3195
-12779
-3251
-13091
-3267
-13299
-3179
-13539
-3235
-13835
-3259
-14059
-3179
-14299
-3259
-14483
-3275
-14771
-3267
-14915
-3275
-15219
-3275
-15443
-3163
-15715
-3203
-15867
-3275
-16235
-3227
-16355
-3243
-16715
-3243
-16939
-3259
-17139
-3227
-17307
-3203
-17595
-3243
-17851
-3155
-18043
-3259
-18363
-3195
-18547
-3243
-18867
-3375
141
-3435
1
-3471
-251
-3443
-567
-3459
-867
-3515
-1115
-3443
-1319
-3471
-1487
-3455
-1811
-3439
-1987
-3435
-2279
-3395
-2435
-3439
-2667
-3435
-2991
-3459
-3139
-3451
-3371
-3435
-3623
-3411
-3875
-3495
-4131
-3475
-4399
-3419
-4603
-3443
-4883
-3391
-5083
-3491
-5303
-3459
-5551
-3475
-5867
-3427
-6067
-3451
-6375
-3491
-6591
-3427
-6775
-3515
-7035
-3371
-7299
-3427
-7559
-3475
-7691
-3439
-7939
-3379
-8279
-3507
-8491
-3431
-8767
-3475
-8939
-3475
-9267
-3499
-9491
-3491
-9643
-3459
-9979
-3491
-10171
-3491
-10435
-3443
-10699
-3475
-10827
-3411
-11075
-3403
-11371
-3443
-11627
-3395
-11819
-3515
-12035
-3475
-12339
-3435
-12539
-3475
-12755
-3443
-13035
-3467
-13243
-3467
-13539
-3427
-13739
-3427
-14075
-3467
-14267
-3467
-14531
-3475
-14699
-3499
-14995
-3427
-15163
-3515
-15483
-3515
-15699
-3411
-15955
-3451
-16115
-3515
-16467
-3451
-16651
-3403
-16859
-3435
-17123
-3451
-17411
-3427
-17595
-3515
-17851
-3507
-18091
-3459
-18355
-3443
-18611
-3411
-18843
-3711
149
-3651
-39
-3743
-331
-3727
-531
-3707
-755
-3723
-999
-3663
-1315
-3735
-1571
-3707
-1691
-3699
-1927
-3719
-2211
-3599
-2495
-3671
-2663
-3723
-2995
-3715
-3163
-3735
-3487
-3619
-3647
-3675
-3875
-3731
-4179
-3683
-4387
-3711
-4575
-3699
-4875
-3719
-5187
-3643
-5343
-3699
-5543
-3675
-5827
-3715
-6075
-3739
-6395
-3659
-6603
-3647
-6799
-3707
-7067
-3723
-7219
-3731
-7451
-3639
-7707
-3703
-7955
-3707
-8283
-3735
-8543
-3687
-8747
-3595
-9007
-3659
-9175
-3635
-9483
-3731
-9627
-3699
-9979
-3691
-10123
-3739
-10395
-3723
-10611
-3739
-10907
-3683
-11131
-3707
-11379
-3643
-11627
-3659
-11843
-3739
-12043
-3691
-12371
-3723
-12547
-3699
-12867
-3707
-13043
-3635
-13243
-3755
-13571
-3635
-13731
-3683
-13963
-3739
-14235
-3707
-14451
-3739
-14779
-3731
-14963
-3739
-15243
-3651
-15403
-3651
-15747
-3755
-15891
-3699
-16163
-3627
-16459
-3651
-16651
-3643
-16867
-3731
-17131
-3659
-17395
-3755
-17675
-3715
-17899
-3643
-18155
-3723
-18339
-3707
-18635
-3675
-18835
-3951
141
-3859
-91
-3855
-363
-3891
-571
-3979
-831
-3919
-1059
-3867
-1339
-3963
-1587
-3939
-1795
-3899
-2003
-3979
-2263
-3975
-2455
-3931
-2675
-3963
-3003
-3963
-3191
-3959
-3459
-3955
-3667
-3951
-3875
-3907
-4215
-3883
-4439
-3939
-4587
-3891
-4863
-3963
-5055
-3887
-5339
-3907
-5591
-3963
-5763
-3987
-6135
-3979
-6307
-3979
-6527
-3903
-6747
-3939
-7099
-3983
-7251
-3895
-7463
-3915
-7719
-3979
-7991
-3979
-8247
-3915
-8519
-3871
-8775
-3883
-9019
-3963
-9239
-3975
-9411
-3891
-9659
-3931
-9979
-3875
-10195
-3923
-10379
-3987
-10691
-3939
-10907
-3995
-11115
-3947
-11403
-3883
-11603
-3987
-11875
-3979
-12075
-3931
-12355
-3979
-12571
-3899
-12795
-3907
-13003
-3947
-13339
-3939
-13483
-3939
-13731
-3979
-13987
-3891
-14227
-3923
-14475
-3947
-14739
-3971
-14995
-3891
-15267
-3947
-15499
-3915
-15683
-3947
-15899
-3939
-16147
-3939
-16395
-3883
-16651
-3931
-16867
-3995
-17091
-3907
-17403
-3923
-17675
-3971
-17851
-3995
-18147
-3899
-18275
-3987
-18627
-3915
-18867
-4123
141
-4147
-91
-4223
-367
-4163
-527
-4123
-783
-4223
-1027
-4111
-1343
-4203
-1491
-4111
-1703
-4175
-2031
-4107
-2271
-4163
-2459
-4195
-2755
-4131
-3007
-4143
-3207
-4163
-3471
-4179
-3727
-4223
-3851
-4127
-4143
-4199
-4455
-4183
-4563
-4123
-4823
-4191
-5107
-4139
-5339
-4123
-5579
-4187
-5819
-4215
-6103
-4191
-6351
-4095
-6555
-4215
-6803
-4199
-7067
-4187
-7271
-4123
-7471
-4187
-7727
-4199
-8075
-4199
-8251
-4207
-8427
-4163
-8683
-4175
-8939
-4183
-9247
-4139
-9411
-4203
-9659
-4219
-9963
-4187
-10131
-4171
-10363
-4155
-10659
-4179
-10931
-4195
-11099
-4187
-11331
-4219
-11635
-4235
-11827
-4211
-12139
-4147
-12347
-4139
-12571
-4171
-12803
-4219
-13107
-4211
-13323
-4203
-13507
-4107
-13763
-4235
-14035
-4219
-14291
-4163
-14515
-4187
-14675
-4219
-14915
-4235
-15275
-4235
-15427
-4147
-15675
-4115
-15923
-4219
-16155
-4131
-16411
-4187
-16635
-4163
-16907
-4179
-17171
-4227
-17355
-4227
-17603
-4139
-17827
-4203
-18035
-4163
-18395
-4219
-18547
-4163
-18811
-4415
149
-4399
-23
-4399
-335
-4347
-571
-4431
-767
-4451
-1007
-4447
-1267
-4395
-1447
-4403
-1819
-4419
-1951
-4431
-2227
-4435
-2419
-4415
-2727
-4447
-2931
-4415
-3211
-4447
-3391
-4371
-3635
-4463
-3899
-4395
-4183
-4359
-4375
-4427
-4639
-4439
-4823
-4431
-5151
-4323
-5363
-4475
-5531
-4415
-5863
-4427
-6115
-4399
-6263
-4451
-6543
-4403
-6807
-4423
-7031
-4423
-7295
-4403
-7555
-4415
-7819
-4323
-8023
-4459
-8215
-4391
-8495
-4451
-8791
-4451
-8919
-4407
-9191
-4399
-9491
-4355
-9643
-4411
-9915
-4451
-10115
-4403
-10451
-4371
-10619
-4419
-10891
-4355
-11195
-4451
-11427
-4435
-11619
-4355
-11851
-4451
-12035
-4427
-12267
-4451
-12531
-4355
-12867
-4371
-13099
-4371
-13291
-4411
-13507
-4411
-13763
-4411
-14075
-4459
-14315
-4387
-14427
-4475
-14739
-4387
-14955
-4411
-15187
-4411
-15499
-4475
-15659
-4395
-15931
-4395
-16211
-4347
-16371
-4459
-16659
-4475
-16827
-4451
-17195
-4475
-17403
-4419
-17651
-4467
-17795
-4427
-18107
-4459
-18291
-4403
-18555
-4395
-18843
-4627
109
-4667
-71
-4615
-311
-4691
-511
-4667
-871
-4559
-1083
-4623
-1307
-4631
-1531
-4571
-1739
-4575
-2015
-4643
-2215
-4571
-2423
-4651
-2683
-4695
-2975
-4667
-3203
-4707
-3411
-4607
-3595
-4687
-3863
-4667
-4207
-4615
-4319
-4671
-4559
-4711
-4811
-4619
-5147
-4667
-5427
-4599
-5631
-4627
-5895
-4707
-6087
-4671
-6319
-4599
-6631
-4671
-6819
-4679
-6963
-4671
-7259
-4663
-7467
-4595
-7723
-4587
-8015
-4675
-8203
-4699
-8555
-4611
-8779
-4659
-8907
-4663
-9251
-4627
-9383
-4651
-9683
-4643
-9979
-4715
-10195
-4699
-10387
-4619
-10691
-4691
-10827
-4643
-11123
-4699
-11435
-4627
-11603
-4683
-11867
-4675
-12067
-4603
-12363
-4675
-12579
-4675
-12859
-4715
-12995
-4707
-13291
-4675
-13547
-4643
-13811
-4635
-14043
-4683
-14219
-4691
-14451
-4699
-14787
-4611
-14939
-4627
-15195
-4715
-15483
-4587
-15627
-4643
-15931
-4619
-16203
-4627
-16363
-4715
-16659
-4691
-16923
-4707
-17155
-4651
-17427
-4675
-17579
-4635
-17867
-4691
-18131
-4595
-18307
-4651
-18627
-4699
-18843
-4843
149
-4943
-95
-4903
-383
-4951
-599
-4935
-843
-4931
-1003
-4879
-1315
-4879
-1471
-4923
-1807
-4887
-2063
-4839
-2219
-4907
-2495
-4883
-2747
-4827
-2995
-4951
-3123
-4847
-3459
-4923
-3635
-4939
-3899
-4891
-4079
-4827
-4411
-4859
-4627
-4843
-4927
-4839
-5083
-4867
-5351
-4931
-5575
-4923
-5911
-4899
-6135
-4863
-6319
-4907
-6531
-4847
-6755
-4855
-7035
-4879
-7343
-4939
-7503
-4891
-7739
-4823
-8039
-4903
-8215
-4859
-8467
-4883
-8739
-4899
-8963
-4815
-9195
-4951
-9355
-4907
-9755
-4931
-9875
-4915
-10211
-4915
-10435
-4883
-10651
-4851
-10875
-4867
-11067
-4843
-11419
-4891
-11587
-4907
-11843
-4923
-12027
-4923
-12331
-4859
-12515
-4923
-12771
-4923
-13091
-4867
-13259
-4835
-13499
-4931
-13779
-4939
-14019
-4931
-14307
-4899
-14491
-4899
-14771
-4883
-15003
-4883
-15171
-4891
-15403
-4923
-15699
-4923
-15931
-4835
-16211
-4947
-16459
-4907
-16587
-4859
-16851
-4883
-17195
-4859
-17323
-4931
-17595
-4923
-17835
-4931
-18123
-4955
-18339
-4899
-18595
-4915
-18827
-5075
93
-5123
-107
-5155
-263
-5183
-535
-5123
-775
-5143
-991
-5115
-1291
-5151
-1571
-5059
-1723
-5071
-1991
-5103
-2299
-5123
-2499
-5067
-2771
-5127
-2987
-5139
-3187
-5131
-3387
-5147
-3659
-5171
-3891
-5099
-4103
-5167
-4423
-5123
-4611
-5091
-4931
-5151
-5139
-5159
-5311
-5187
-5655
-5191
-5831
-5111
-6015
-5135
-6347
-5099
-6519
-5191
-6815
-5111
-7071
-5083
-7207
-5159
-7547
-5071
-7811
-5135
-8011
-5155
-8203
-5163
-8415
-5099
-8771
-5111
-8955
-5179
-9219
-5071
-9507
-5195
-9659
-5171
-9867
-5091
-10123
-5179
-10363
-5067
-10587
-5155
-10931
-5187
-11107
-5147
-11315
-5115
-11635
-5147
-11915
-5139
-12051
-5195
-12371
-5155
-12515
-5123
-12755
-5163
-13011
-5075
-13291
-5075
-13475
-5171
-13763
-5131
-14059
-5083
-14203
-5163
-14483
-5155
-14723
-5131
-14931
-5083
-15203
-5139
-15403
-5067
-15667
-5123
-15923
-5195
-16187
-5195
-16451
-5171
-16707
-5179
-16867
-5075
-17075
-5099
-17371
-5163
-17555
-5171
-17891
-5115
-18155
-5187
-18387
-5195
-18579
-5083
-18875
-5323
149
-5403
-51
-5379
-347
-5403
-555
-5323
-823
-5347
-1027
-5315
-1323
-5331
-1507
-5355
-1727
-5427
-2067
-5395
-2207
-5347
-2463
-5419
-2691
-5347
-2887
-5339
-3263
-5339
-3363
-5427
-3699
-5371
-3959
-5403
-4147
-5387
-4395
-5379
-4635
-5347
-4887
-5315
-5047
-5331
-5359
-5435
-5611
-5435
-5787
-5411
-6027
-5339
-6339
-5411
-6619
-5347
-6811
-5427
-6987
-5339
-7251
-5403
-7523
-5435
-7723
-5395
-7967
-5371
-8231
-5323
-8487
-5387
-8775
-5427
-8931
-5403
-9243
-5419
-9419
-5395
-9739
-5307
-9931
-5435
-10139
-5427
-10443
-5347
-10699
-5387
-10955
-5379
-11131
-5347
-11323
-5435
-11603
-5427
-11875
-5371
-12123
-5395
-12331
-5371
-12603
-5435
-12819
-5403
-13107
-5363
-13259
-5387
-13555
-5395
-13787
-5435
-14027
-5371
-14243
-5419
-14443
-5379
-14739
-5411
-14907
-5387
-15211
-5419
-15435
-5411
-15739
-5395
-15923
-5435
-16211
-5403
-16467
-5403
-16587
-5427
-16851
-5403
-17131
-5331
-17323
-5347
-17563
-5427
-17899
-5323
-18115
-5355
-18355
-5403
-18547
-5315
-18875
-5627
133
-5603
-83
-5571
-395
-5547
-635
-5635
-771
-5675
-1043
-5571
-1251
-5675
-1547
-5611
-1835
-5595
-1947
-5635
-2243
-5603
-2475
-5635
-2731
-5611
-2955
-5603
-3251
-5643
-3427
-5651
-3635
-5675
-3875
-5619
-4195
-5603
-4443
-5659
-4627
-5667
-4891
-5675
-5123
-5651
-5363
-5659
-5587
-5619
-5899
-5619
-6139
-5571
-6283
-5667
-6611
-5667
-6851
-5675
-6995
-5643
-7291
-5627
-7595
-5643
-7779
-5675
-8043
-5643
-8291
-5571
-8451
-5587
-8739
-5675
-8963
-5659
-9259
-5547
-9443
-5659
-9659
-5643
-9979
-5595
-10131
-5667
-10443
-5627
-10691
-5635
-10875
-5619
-11139
-5603
-11403
-5619
-11643
-5659
-11819
-5659
-12027
-5555
-12347
-5627
-12595
-5651
-12827
-5611
-13011
-5667
-13323
-5611
-13531
-5667
-13771
-5547
-13979
-5579
-14267
-5667
-14507
-5651
-14795
-5555
-14971
-5595
-15259
-5587
-15403
-5675
-15651
-5603
-15979
-5659
-16171
-5643
-16475
-5675
-16587
-5547
-16923
-5667
-17099
-5643
-17403
-5643
-17675
-5603
-17835
-5619
-18131
-5603
-18267
-5667
-18619
-5635
-18859
-5883
93
-5819
-147
-5843
-275
-5883
-563
-5859
-811
-5899
-1051
-5843
-1251
-5851
-1531
-5819
-1787
-5875
-2043
-5867
-2219
-5827
-2475
-5811
-2755
-5915
-2947
-5915
-3187
-5867
-3507
-5787
-3755
-5891
-3955
-5907
-4139
-5795
-4459
-5907
-4627
-5915
-4875
-5819
-5179
-5915
-5403
-5915
-5659
-5827
-5915
-5875
-6035
-5875
-6307
-5811
-6595
-5795
-6795
-5795
-7107
-5907
-7259
-5787
-7587
-5907
-7827
-5819
-8035
-5915
-8291
-5875
-8435
-5835
-8675
-5851
-8995
-5859
-9195
-5827
-9483
-5851
-9755
-5891
-9947
-5787
-10139
-5899
-10363
-5811
-10627
-5851
-10947
-5795
-11091
-5883
-11371
-5811
-11619
-5843
-11891
-5907
-12083
-5891
-12379
-5915
-12635
-5891
-12867
-5835
-13099
-5867
-13283
-5787
-13531
-5915
-13715
-5891
-13955
-5803
-14251
-5915
-14507
-5891
-14795
-5891
-14931
-5827
-15259
-5907
-15483
-5851
-15747
-5795
-15867
-5851
-16179
-5891
-16379
-5851
-16595
-5899
-16947
-5899
-17163
-5835
-17435
-5859
-17643
-5899
-17907
-5819
-18043
-5795
-18323
-5883
-18619
-5827
-18867
-6147
149
-6107
-43
-6155
-387
-6083
-547
-6043
-819
-6051
-987
-6139
-1259
-6107
-1547
-6059
-1723
-6067
-1963
-6123
-2195
-6059
-2515
-6147
-2715
-6147
-3019
-6059
-3211
-6035
-3443
-6115
-3755
-6099
-3891
-6107
-4211
-6075
-4467
-6123
-4643
-6139
-4835
-6147
-5107
-6083
-5419
-6147
-5611
-6131
-5899
-6091
-6059
-6091
-6315
-6035
-6539
-6059
-6843
-6131
-6987
-6043
-7299
-6139
-7531
-6099
-7755
-6091
-7971
-6131
-8227
-6139
-8475
-6115
-8723
-6099
-8939
-6155
-9211
-6091
-9491
-6083
-9691
-6139
-9875
-6131
-10187
-6107
-10355
-6115
-10651
-6043
-10875
-6131
-11083
-6147
-11347
-6083
-11571
-6155
-11867
-6043
-12123
-6067
-12347
-6115
-12635
-6051
-12859
-6147
-13011
-6115
-13323
-6091
-13523
-6051
-13771
-6147
-13947
-6059
-14251
-6131
-14555
-6115
-14779
-6091
-14979
-6155
-15203
-6147
-15491
-6099
-15755
-6131
-15923
-6139
-16195
-6091
-16443
-6099
-16667
-6147
-16859
-6155
-17099
-6083
-17411
-6083
-17627
-6115
-17811
-6075
-18099
-6147
-18339
-6123
-18635
-6147
-18843
-6339
125
-6379
-75
-6291
-283
-6379
-515
-6283
-755
-6347
-1019
-6395
-1299
-6355
-1475
-6339
-1755
-6395
-1979
-6355
-2251
-6283
-2531
-6323
-2691
-6347
-2939
-6379
-3251
-6331
-3515
-6275
-3747
-6283
-3979
-6387
-4115
-6315
-4379
-6363
-4611
-6371
-4899
-6299
-5067
-6347
-5339
-6371
-5595
-6355
-5819
-6347
-6083
-6379
-6339
-6371
-6539
-6363
-6747
-6275
-7115
-6323
-7355
-6347
-7563
-6371
-7795
-6371
-8043
-6371
-8235
-6347
-8523
-6291
-8699
-6371
-9035
-6355
-9235
-6347
-9427
-6275
-9739
-6283
-9995
-6387
-10195
-6395
-10443
-6395
-10587
-6387
-10923
-6355
-11075
-6331
-11403
-6355
-11587
-6355
-11803
-6275
-12059
-6331
-12323
-6331
-12539
-6355
-12747
-6267
-13051
-6387
-13243
-6395
-13467
-6347
-13803
-6379
-14075
-6355
-14251
-6355
-14491
-6355
-14787
-6355
-14979
-6395
-15275
-6395
-15403
-6347
-15747
-6355
-15923
-6379
-16203
-6283
-16467
-6395
-16715
-6355
-16931
-6379
-17107
-6275
-17435
-6355
-17603
-6339
-17859
-6339
-18147
-6379
-18315
-6379
-18563
-6347
-18835
-6587
101
-6627
-139
-6611
-339
-6595
-595
-6523
-747
-6635
-1035
-6563
-1243
-6563
-1467
-6611
-1707
-6627
-2075
-6603
-2315
-6595
-2459
-6627
-2795
-6531
-3035
-6627
-3251
-6555
-3451
-6595
-3739
-6627
-3931
-6611
-4219
-6571
-4355
-6627
-4651
-6587
-4955
-6627
-5187
-6595
-5307
-6555
-5635
-6595
-5851
-6539
-6123
-6507
-6331
-6571
-6635
-6515
-6843
-6579
-7075
-6627
-7251
-6523
-7531
-6619
-7779
-6555
-8035
-6619
-8307
-6603
-8451
-6571
-8723
-6587
-8947
-6547
-9187
-6619
-9403
-6627
-9739
-6555
-9963
-6619
-10179
-6563
-10347
-6611
-10659
-6595
-10875
-6515
-11075
-6627
-11411
-6635
-11635
-6587
-11899
-6627
-12059
-6611
-12267
-6635
-12555
-6595
-12827
-6627
-13059
-6611
-13323
-6611
-13547
-6619
-13763
-6619
-13947
-6571
-14203
-6539
-14467
-6515
-14763
-6563
-14939
-6611
-15267
-6547
-15451
-6611
-15731
-6587
-15955
-6619
-16219
-6579
-16387
-6547
-16699
-6579
-16923
-6563
-17163
-6595
-17395
-6563
-17595
-6515
-17851
-6555
-18155
-6611
-18363
-6619
-18539
-6579
-18859
-6787
109
-6867
-35
-6851
-347
-6827
-563
-6747
-763
-6787
-1099
-6835
-1307
-6787
-1547
-6755
-1723
-6835
-1955
-6787
-2267
-6795
-2435
-6843
-2771
-6843
-2931
-6859
-3171
-6835
-3475
-6747
-3627
-6843
-3939
-6803
-4203
-6819
-4371
-6859
-4619
-6835
-4851
-6747
-5123
-6819
-5395
-6875
-5675
-6827
-5843
-6771
-6115
-6827
-6347
-6779
-6507
-6779
-6843
-6819
-7043
-6819
-7283
-6843
-7475
-6851
-7771
-6843
-8067
-6795
-8227
-6859
-8539
-6875
-8683
-6819
-8995
-6763
-9243
-6811
-9483
-6755
-9667
-6755
-9891
-6827
-10203
-6747
-10411
-6795
-10667
-6811
-10891
-6827
-11067
-6747
-11395
-6747
-11571
-6859
-11851
-6755
-12099
-6835
-12299
-6811
-12611
-6755
-12779
-6795
-13035
-6787
-13235
-6843
-13507
-6771
-13803
-6843
-14051
-6795
-14235
-6827
-14475
-6787
-14787
-6835
-14947
-6867
-15267
-6747
-15515
-6859
-15731
-6835
-15931
-6803
-16171
-6803
-16355
-6859
-16715
-6819
-16955
-6843
-17155
-6851
-17355
-6755
-17651
-6859
-17899
-6827
-18075
-6787
-18267
-6859
-18515
-6875
-18827
-7115
141
-6995
-67
-7107
-299
-7099
-523
-7051
-851
-7115
-1003
-7099
-1235
-7099
-1563
-7043
-1747
-7083
-1995
-7091
-2195
-7035
-2555
-7115
-2779
-7091
-2955
-7051
-3219
-6995
-3515
-7091
-3683
-7027
-3955
-7043
-4179
-7075
-4387
-7115
-4715
-7075
-4923
-7003
-5187
-7091
-5331
-7011
-5627
-7027
-5851
-7083
-6123
-7011
-6347
-7035
-6523
-7075
-6867
-7035
-7027
-7107
-7299
-7075
-7483
-7003
-7811
-7107
-8003
-7099
-8299
-7019
-8539
-7107
-8683
-7067
-8947
-7091
-9195
-7019
-9387
-7083
-9723
-7091
-9963
-7051
-10195
-7091
-10411
-7043
-10667
-7043
-10915
-7067
-11123
-7019
-11307
-7099
-11603
-7035
-11859
-7115
-12099
-7003
-12267
-7067
-12635
-7115
-12779
-7003
-13043
-7083
-13251
-6995
-13595
-7019
-13835
-7043
-13987
-7115
-14251
-7035
-14523
-7115
-14699
-7043
-14907
-7115
-15275
-7011
-15443
-7003
-15731
-7067
-15955
-7099
-16107
-7067
-16347
-7107
-16595
-7051
-16955
-7027
-17115
-7083
-17355
-7019
-17579
-7107
-17891
-7011
-18051
-7115
-18339
-7059
-18587
-7075
-18867
-7323
117
-7291
-139
-7227
-267
-7331
-635
-7299
-811
-7331
-1099
-7355
-1283
-7347
-1499
-7315
-1707
-7355
-1979
-7267
-2195
-7331
-2539
-7267
-2739
-7299
-2979
-7323
-3155
-7291
-3475
-7347
-3651
-7283
-3875
-7323
-4179
-7339
-4475
-7323
-4643
-7267
-4843
-7347
-5155
-7235
-5427
-7347
-5611
-7323
-5907
-7299
-6123
-7315
-6267
-7243
-6523
-7339
-6843
-7267
-7099
-7347
-7331
-7307
-7563
-7299
-7739
-7315
-8051
-7235
-8291
-7227
-8531
-7323
-8723
-7339
-9003
-7307
-9203
-7235
-9411
-7243
-9643
-7347
-9875
-7355
-10219
-7331
-10427
-7299
-10611
-7323
-10843
-7347
-11131
-7315
-11363
-7227
-11579
-7299
-11843
-7323
-12035
-7323
-12339
-7339
-12635
-7315
-12811
-7339
-13083
-7299
-13283
-7227
-13579
-7331
-13755
-7227
-13995
-7339
-14299
-7307
-14443
-7291
-14715
-7331
-14923
-7347
-15219
-7355
-15419
-7299
-15675
-7339
-15875
-7347
-16115
-7355
-16451
-7251
-16667
-7299
-16827
-7307
-17163
-7291
-17435
-7315
-17579
-7355
-17819
-7315
-18083
-7299
-18355
-7235
-18547
-7347
-18819
-7579
101
-7539
-115
-7595
-267
-7563
-627
-7531
-771
-7523
-995
-7507
-1355
-7587
-1555
-7475
-1779
-7563
-1995
-7571
-2251
-7595
-2491
-7507
-2667
-7579
-2907
-7531
-3275
-7547
-3491
-7507
-3643
-7547
-3987
-7595
-4171
-7571
-4395
-7531
-4691
-7515
-4915
-7475
-5091
-7587
-5435
-7531
-5571
-7515
-5915
-7587
-6099
-7555
-6299
-7483
-6563
-7523
-6835
-7579
-6987
-7547
-7243
-7523
-7563
-7579
-7795
-7595
-7947
-7587
-8291
-7531
-8555
-7595
-8715
-7595
-8955
-7499
-9179
-7563
-9403
-7499
-9715
-7587
-9979
-7571
-10211
-7507
-10427
-7587
-10611
-7563
-10851
-7571
-11179
-7571
-11339
-7491
-11635
-7579
-11843
-7587
-12123
-7531
-12275
-7523
-12611
-7563
-12811
-7587
-13075
-7579
-13307
-7475
-13595
-7579
-13739
-7555
-13987
-7563
-14243
-7547
-14435
-7571
-14707
-7515
-14987
-7595
-15171
-7571
-15427
-7547
-15707
-7499
-15987
-7531
-16171
-7507
-16395
-7499
-16659
-7595
-16851
-7475
-17179
-7587
-17371
-7483
-17675
-7587
-17811
-7571
-18091
-7515
-18275
-7595
-18571
-7531
-18819
-7771
109
-7803
-35
-7827
-299
-7811
-635
-7779
-755
-7819
-1059
-7731
-1355
-7827
-1595
-7811
-1715
-7819
-1995
-7787
-2299
-7827
-2435
-7763
-2755
-7755
-2963
-7795
-3203
-7771
-3483
-7795
-3755
-7731
-3923
-7811
-4195
-7803
-4379
-7827
-4667
-7803
-4827
-7755
-5139
-7795
-5331
-7763
-5611
-7771
-5803
-7787
-6027
-7811
-6331
-7707
-6515
-7819
-6747
-7827
-7075
-7795
-7243
-7819
-7507
-7819
-7811
-7827
-8043
-7819
-8267
-7771
-8499
-7819
-8715
-7779
-8995
-7779
-9211
-7771
-9419
-7835
-9675
-7835
-9867
-7755
-10155
-7811
-10459
-7787
-10619
-7779
-10851
-7715
-11123
-7779
-11315
-7819
-11611
-7795
-11795
-7779
-12123
-7795
-12355
-7803
-12627
-7811
-12803
-7811
-13019
-7739
-13291
-7811
-13531
-7779
-13771
-7779
-14043
-7771
-14195
-7835
-14499
-7795
-14667
-7795
-15035
-7827
-15203
-7835
-15443
-7707
-15755
-7827
-15883
-7723
-16219
-7795
-16467
-7795
-16683
-7803
-16907
-7827
-17139
-7787
-17379
-7771
-17675
-7827
-17819
-7835
-18059
-7787
-18275
-7731
-18547
-7787
-18867
-7955
133
-8067
-51
-8059
-307
-8051
-571
-7971
-755
-8051
-995
-8003
-1283
-8011
-1483
-8051
-1723
-8027
-1955
-7955
-2243
-8067
-2427
-8075
-2723
-8067
-3011
-8035
-3203
-8027
-3459
-8027
-3715
-7947
-3987
-8075
-4203
-8003
-4467
-7963
-4611
-8011
-4923
-8035
-5139
-8051
-5355
-7995
-5627
-8011
-5835
-8035
-6107
-8043
-6315
-8075
-6635
-7971
-6859
-7987
-6987
-8067
-7331
-8059
-7515
-7987
-7835
-7947
-8051
-8075
-8211
-7971
-8443
-8027
-8771
-7971
-8963
-8035
-9251
-7987
-9467
-8075
-9643
-8011
-9923
-8019
-10107
-7987
-10467
-7979
-10699
-8051
-10851
-8027
-11123
-7947
-11379
-8043
-11619
-8075
-11795
-8059
-12075
-8035
-12307
-8027
-12531
-8011
-12859
-7955
-12987
-7995
-13235
-8019
-13555
-7963
-13835
-8075
-14027
-8003
-14219
-8059
-14531
-7971
-14763
-7947
-14987
-8003
-15235
-8075
-15435
-8067
-15635
-8011
-15899
-7979
-16131
-8059
-16363
-7971
-16699
-8027
-16899
-8003
-17163
-8027
-17419
-8051
-17571
-8051
-17867
-8067
-18123
-7955
-18323
-7971
-18595
-7963
-18859
-8275
117
-8259
-115
-8251
-339
-8275
-571
-8283
-787
-8307
-1043
-8299
-1331
-8267
-1547
-8307
-1811
-8211
-1955
-8259
-2291
-8243
-2555
-8259
-2667
-8243
-3003
-8203
-3211
-8235
-3419
-8307
-3635
-8267
-3987
-8195
-4227
-8291
-4355
-8227
-4627
-8203
-4891
-8291
-5187
-8315
-5347
-8259
-5659
-8315
-5851
-8299
-6155
-8259
-6315
-8267
-6507
-8219
-6851
-8251
-7035
-8243
-7307
-8307
-7515
-8291
-7811
-8211
-8011
-8187
-8267
-8267
-8443
-8283
-8707
-8259
-9027
-8283
-9243
-8251
-9491
-8227
-9691
-8187
-9995
-8283
-10139
-8315
-10355
-8275
-10651
-8307
-10931
-8219
-11155
-8219
-11347
-8227
-11643
-8187
-11787
-8243
-12027
-8307
-12315
-8275
-12579
-8299
-12835
-8275
-13115
-8243
-13315
-8203
-13595
-8283
-13819
-8259
-14035
-8291
-14275
-8203
-14499
-8235
-14691
-8283
-15011
-8243
-15235
-8275
-15443
-8275
-15755
-8275
-15939
-8275
-16179
-8195
-16475
-8203
-16611
-8203
-16827
-8203
-17107
-8203
-17355
-8243
-17547
-8299
-17827
-8251
-18091
-8291
-18339
-8267
-18515
-8235
-18843
-8451
101
-8483
-91
-8491
-307
-8491
-515
-8507
-851
-8491
-995
-8547
-1355
-8515
-1587
-8483
-1771
-8531
-2035
-8547
-2219
-8531
-2459
-8507
-2747
-8467
-2987
-8507
-3267
-8459
-3403
-8531
-3651
-8531
-3971
-8467
-4203
-8523
-4347
-8523
-4667
-8467
-4827
-8475
-5163
-8539
-5411
-8499
-5627
-8443
-5883
-8499
-6099
-8531
-6307
-8467
-6603
-8427
-6771
-8499
-7083
-8499
-7251
-8531
-7539
-8507
-7795
-8499
-8051
-8475
-8211
-8483
-8467
-8459
-8787
-8491
-8955
-8539
-9163
-8539
-9491
-8539
-9683
-8555
-9939
-8531
-10107
-8555
-10387
-8459
-10643
-8435
-10843
-8499
-11099
-8555
-11323
-8427
-11651
-8499
-11867
-8459
-12099
-8459
-12379
-8467
-12619
-8507
-12851
-8467
-12987
-8531
-13275
-8491
-13587
-8547
-13755
-8499
-13979
-8491
-14299
-8483
-14475
-8539
-14771
-8547
-15003
-8515
-15195
-8555
-15443
-8435
-15683
-8483
-15931
-8491
-16203
-8435
-16435
-8475
-16651
-8515
-16939
-8507
-17123
-8491
-17427
-8515
-17603
-8515
-17907
-8515
-18107
-8467
-18387
-8475
-18563
-8499
-18811
-8683
141
-8755
-59
-8779
-283
-8795
-619
-8771
-787
-8787
-987
-8763
-1315
-8779
-1539
-8715
-1707
-8771
-2035
-8715
-2227
-8755
-2547
-8787
-2739
-8771
-2931
-8771
-3163
-8731
-3395
-8763
-3683
-8771
-3939
-8731
-4211
-8787
-4419
-8683
-4691
-8787
-4891
-8787
-5147
-8795
-5363
-8699
-5643
-8723
-5811
-8771
-6091
-8787
-6379
-8715
-6611
-8731
-6843
-8747
-7019
-8755
-7259
-8795
-7555
-8763
-7835
-8747
-7955
-8675
-8299
-8675
-8515
-8707
-8731
-8731
-8955
-8707
-9163
-8787
-9499
-8739
-9699
-8723
-9995
-8739
-10147
-8787
-10403
-8795
-10683
-8763
-10955
-8699
-11155
-8747
-11315
-8779
-11659
-8739
-11843
-8763
-12107
-8779
-12379
-8779
-12531
-8667
-12779
-8723
-13043
-8707
-13355
-8795
-13571
-8755
-13723
-8747
-14027
-8779
-14299
-8715
-14499
-8683
-14667
-8691
-14995
-8739
-15163
-8795
-15475
-8723
-15699
-8779
-15979
-8755
-16123
-8691
-16459
-8715
-16611
-8763
-16947
-8699
-17067
-8723
-17307
-8771
-17587
-8763
-17819
-8715
-18075
-8739
-18355
-8691
-18603
-8683
-18811
-9003
85
-8971
-147
-9019
-267
-8979
-571
-9027
-859
-9027
-1059
-9003
-1323
-9003
-1507
-8979
-1763
-8995
-2075
-8987
-2307
-8987
-2515
-8971
-2739
-9035
-2947
-9027
-3275
-9019
-3491
-8995
-3675
-9027
-3875
-9035
-4131
-9003
-4419
-8931
-4691
-9035
-4907
-8939
-5147
-9027
-5395
-8955
-5571
-8955
-5899
-8939
-6107
-8995
-6267
-9027
-6619
-8979
-6819
-9003
-7043
-8979
-7307
-8915
-7555
-8939
-7747
-8923
-8051
-8955
-8219
-9035
-8427
-8987
-8699
-8995
-8947
-8963
-9155
-8971
-9507
-8907
-9659
-8939
-9963
-8955
-10187
-9003
-10435
-9019
-10683
-8987
-10915
-9027
-11195
-9011
-11395
-8979
-11611
-9027
-11907
-8931
-12091
-8939
-12339
-9003
-12619
-9019
-12851
-9011
-13027
-9019
-13275
-8923
-13475
-8907
-13811
-9011
-13947
-8987
-14299
-9035
-14475
-8955
-14795
-8939
-14987
-8971
-15267
-9027
-15395
-8907
-15731
-8987
-15931
-9003
-16235
-9003
-16395
-8987
-16691
-9027
-16907
-9027
-17067
-9011
-17395
-9035
-17595
-9027
-17875
-8915
-18067
-8963
-18339
-8995
-18595
-8995
-18867
-9275
141
-9147
-35
-9235
-307
-9275
-539
-9195
-803
-9211
-1075
-9275
-1227
-9259
-1539
-9171
-1795
-9187
-2011
-9251
-2251
-9147
-2547
-9267
-2739
-9267
-3035
-9179
-3227
-9243
-3395
-9243
-3627
-9251
-3955
-9179
-4139
-9219
-4459
-9267
-4667
-9163
-4859
-9227
-5123
-9259
-5387
-9259
-5563
-9155
-5795
-9203
-6059
-9267
-6307
-9243
-6611
-9195
-6811
-9227
-7083
-9259
-7251
-9147
-7523
-9227
-7779
-9219
-7979
-9211
-8251
-9243
-8467
-9195
-8691
-9275
-9027
-9195
-9179
-9171
-9475
-9187
-9699
-9243
-9947
-9211
-10195
-9243
-10419
-9227
-10667
-9275
-10915
-9211
-11147
-9259
-11339
-9243
-11547
-9219
-11891
-9163
-12043
-9275
-12371
-9235
-12635
-9171
-12771
-9251
-13003
-9275
-13267
-9219
-13539
-9275
-13731
-9243
-14003
-9227
-14275
-9187
-14507
-9155
-14707
-9235
-14987
-9219
-15187
-9195
-15459
-9243
-15723
-9243
-15987
-9275
-16211
-9211
-16395
-9259
-16643
-9267
-16883
-9203
-17075
-9163
-17339
-9235
-17603
-9243
-17891
-9235
-18067
-9275
-18379
-9243
-18627
-9187
-18819
-9475
125
-9467
-51
-9443
-355
-9515
-579
-9491
-859
-9475
-1043
-9483
-1227
-9451
-1523
-9499
-1803
-9491
-2019
-9419
-2195
-9507
-2459
-9395
-2739
-9403
-2907
-9435
-3275
-9403
-3451
-9515
-3683
-9419
-3955
-9411
-4163
-9435
-4395
-9451
-4699
-9507
-4875
-9499
-5179
-9483
-5387
-9499
-5635
-9419
-5915
-9467
-6115
-9483
-6323
-9491
-6563
-9427
-6859
-9435
-7091
-9459
-7283
-9483
-7563
-9467
-7835
-9435
-8075
-9411
-8203
-9467
-8467
-9475
-8691
-9395
-9011
-9435
-9219
-9419
-9435
-9427
-9747
-9435
-9939
-9419
-10227
-9467
-10411
-9427
-10683
-9483
-10827
-9483
-11107
-9435
-11435
-9467
-11547
-9499
-11851
-9483
-12059
-9499
-12395
-9387
-12579
-9483
-12771
-9483
-13043
-9475
-13299
-9483
-13571
-9451
-13779
-9515
-13971
-9427
-14315
-9419
-14531
-9475
-14675
-9435
-14915
-9411
-15275
-9507
-15395
-9483
-15707
-9515
-15955
-9475
-16131
-9507
-16411
-9387
-16635
-9427
-16947
-9483
-17139
-9475
-17387
-9483
-17635
-9507
-17795
-9419
-18043
-9387
-18275
-9507
-18611
-9475
-18859
-9739
85
-9683
-75
-9755
-275
-9747
-627
-9755
-819
-9739
-995
-9731
-1283
-9747
-1555
-9715
-1763
-9747
-2067
-9635
-2235
-9731
-2427
-9723
-2699
-9731
-3011
-9683
-3235
-9731
-3427
-9731
-3755
-9675
-3963
-9723
-4211
-9731
-4451
-9683
-4675
-9723
-4931
-9627
-5171
-9731
-5387
-9723
-5643
-9635
-5827
-9683
-6067
-9691
-6387
-9675
-6619
-9731
-6811
-9731
-6987
-9651
-7307
-9747
-7539
-9635
-7763
-9755
-7995
-9691
-8299
-9683
-8539
-9667
-8779
-9755
-9019
-9699
-9219
-9731
-9507
-9651
-9667
-9723
-9947
-9747
-10163
-9739
-10451
-9643
-10627
-9691
-10859
-9731
-11171
-9747
-11427
-9675
-11603
-9651
-11891
-9651
-12027
-9739
-12379
-9723
-12611
-9627
-12811
-9699
-13059
-9643
-13315
-9747
-13483
-9731
-13731
-9747
-13971
-9707
-14219
-9715
-14499
-9731
-14739
-9667
-14955
-9675
-15147
-9643
-15467
-9747
-15691
-9715
-15899
-9707
-16139
-9699
-16475
-9747
-16643
-9635
-16883
-9739
-17163
-9755
-17347
-9667
-17635
-9659
-17899
-9707
-18043
-9691
-18387
-9675
-18571
-9659
-18819
-9867
85
-9995
-91
-9931
-323
-9899
-555
-9891
-867
-9923
-1051
-9939
-1315
-9891
-1579
-9995
-1819
-9987
-2019
-9907
-2235
-9987
-2443
-9931
-2723
-9907
-2995
-9915
-3171
-9995
-3403
-9995
-3667
-9939
-3995
-9875
-4235
-9923
-4467
-9939
-4691
-9955
-4883
-9875
-5091
-9987
-5363
-9875
-5667
-9883
-5787
-9963
-6075
-9947
-6347
-9867
-6539
-9867
-6779
-9867
-7067
-9963
-7307
-9971
-7507
-9955
-7755
-9883
-8059
-9979
-8211
-9987
-8467
-9867
-8787
-9987
-9019
-9923
-9187
-9995
-9427
-9947
-9635
-9931
-9883
-9979
-10139
-9891
-10347
-9947
-10699
-9939
-10851
-9995
-11179
-9963
-11363
-9987
-11555
-9995
-11851
-9995
-12067
-9955
-12355
-9931
-12507
-9979
-12843
-9963
-12987
-9987
-13251
-9923
-13571
-9875
-13779
-9955
-14027
-9987
-14219
-9939
-14555
-9907
-14699
-9995
-14947
-9923
-15251
-9995
-15427
-9955
-15715
-9995
-15931
-9907
-16147
-9867
-16427
-9899
-16691
-9971
-16883
-9899
-17195
-9915
-17355
-9923
-17595
-9955
-17835
-9995
-18035
-9899
-18275
-9979
-18595
-9891
-18875
-10179
117
-10219
-115
-10123
-395
-10171
-603
-10235
-787
-10227
-995
-10235
-1235
-10227
-1507
-10163
-1835
-10179
-2043
-10139
-2275
-10211
-2427
-10187
-2763
-10131
-2995
-10195
-3275
-10211
-3467
-10235
-3659
-10187
-3955
-10227
-4123
-10139
-4427
-10203
-4603
-10139
-4923
-10203
-5083
-10163
-5427
-10235
-5579
-10235
-5867
-10211
-6035
-10219
-6315
-10227
-6587
-10211
-6795
-10171
-7091
-10115
-7315
-10131
-7539
-10219
-7779
-10203
-7971
-10211
-8219
-10131
-8515
-10187
-8771
-10211
-8907
-10219
-9227
-10235
-9419
-10195
-9731
-10235
-9995
-10163
-10211
-10147
-10371
-10187
-10603
-10187
-10955
-10139
-11107
-10211
-11371
-10195
-11627
-10187
-11883
-10115
-12131
-10187
-12307
-10219
-12515
-10227
-12843
-10235
-13011
-10195
-13339
-10179
-13547
-10115
-13811
-10235
-14067
-10179
-14203
-10211
-14547
-10123
-14747
-10163
-15003
-10195
-15251
-10163
-15403
-10211
-15627
-10219
-15931
-10235
-16211
-10235
-16419
-10171
-16683
-10203
-16939
-10147
-17115
-10219
-17427
-10187
-17643
-10211
-17915
-10235
-18131
-10187
-18331
-10219
-18619
-10235
-18827
-10411
109
-10475
-131
-10411
-363
-10443
-571
-10459
-811
-10459
-1011
-10427
-1299
-10467
-1507
-10443
-1723
-10475
-1947
-10475
-2235
-10459
-2499
-10451
-2723
-10435
-2923
-10435
-3187
-10427
-3387
-10459
-3747
-10459
-3995
-10467
-4163
-10435
-4387
-10411
-4651
-10411
-4907
-10419
-5179
-10419
-5379
-10435
-5579
-10443
-5875
-10443
-6075
-10451
-6371
-10443
-6531
-10435
-6755
-10467
-6987
-10411
-7355
-10443
-7515
-10467
-7747
-10443
-8019
-10427
-8203
-10451
-8523
-10443
-8739
-10427
-8907
-10443
-9163
-10427
-9451
-10459
-9723
-10475
-9987
-10427
-10195
-10411
-10347
-10443
-10643
-10467
-10867
-10411
-11115
-10435
-11403
-10459
-11603
-10435
-11851
-10467
-12115
-10443
-12347
-10475
-12555
-10435
-12843
-10467
-13011
-10475
-13331
-10427
-13595
-10443
-13755
-10475
-14067
-10467
-14275
-10459
-14483
-10475
-14715
-10475
-15019
-10451
-15163
-10475
-15475
-10451
-15667
-10459
-15899
-10459
-16155
-10467
-16347
-10427
-16635
-10443
-16891
-10411
-17147
-10467
-17427
-10435
-17667
-10475
-17883
-10443
-18083
-10427
-18291
-10451
-18571
-10475
-18827
