109
1607
182
-123
457
-271
197
-534
879
-790
358
-971
358
-1290
285
-1566
162
-1699
214
-1994
373
-2261
157
-2459
175
-2747
221
-2947
339
-3113
177
-3409
247
-3717
197
-3937
169
-4083
629
-4331
297
-4707
93
-4895
125
-5119
109
-5423
141
-5595
85
-5851
101
-6091
149
-6263
109
-6567
149
-6791
101
-6983
117
-7327
101
-7551
85
-7727
101
-7975
133
-8183
85
-8515
101
-8639
109
-8915
93
-9151
109
-9367
141
-9747
93
-9955
85
-10227
125
-10395
141
-10603
141
-10907
133
-11115
109
-11347
149
-11667
149
-11811
125
-12123
109
-12387
117
-12539
101
-12803
117
-13099
85
-13227
85
-13547
133
-13731
85
-13995
85
-14243
109
-14451
85
-14715
101
-15003
85
-15267
109
-15387
117
-15683
125
-15947
85
-16211
93
-16459
109
-16699
101
-16923
93
-17171
141
-17403
101
-17603
125
-17883
117
-18059
85
-18299
109
-18635
125
-18859
-95
1035
-125
-73
-51
-307
-139
-558
-137
-818
-148
-987
-88
-1283
-121
-1550
-114
-1815
-77
-2055
-52
-2173
-43
-2487
-131
-2653
-113
-2891
-29
-3219
-103
-3447
-123
-3691
-7
-3947
-61
-4191
-15
-4363
-155
-4669
-87
-4855
-123
-5107
-51
-5303
-111
-5587
-131
-5827
-67
-6011
-91
-6327
-95
-6527
-35
-6835
-127
-7107
-15
-7323
-63
-7495
-147
-7723
-151
-7951
-123
-8255
-87
-8459
-127
-8783
-43
-8879
-67
-9115
-95
-9383
-155
-9667
-147
-9971
-67
-10123
-91
-10387
-147
-10715
-75
-10931
-131
-11107
-147
-11435
-123
-11547
-139
-11811
-35
-12035
-123
-12395
-27
-12603
-123
-12811
-107
-13003
-155
-13315
-131
-13499
-59
-13827
-131
-14043
-131
-14259
-147
-14531
-139
-14715
-75
-14923
-131
-15179
-131
-15467
-67
-15683
-51
-15875
-67
-16203
-27
-16435
-99
-16587
-139
-16843
-43
-17163
-107
-17379
-43
-17643
-155
-17843
-123
-18107
-131
-18275
-139
-18627
-155
-18827
-375
451
-252
-75
-339
-361
-270
-627
-339
-799
-336
-1073
-286
-1249
-329
-1514
-267
-1780
-326
-2004
-369
-2265
-369
-2491
-321
-2729
-379
-3001
-315
-3119
-353
-3399
-281
-3645
-337
-3967
-289
-4093
-387
-4315
-311
-4687
-359
-4915
-307
-5051
-235
-5339
-307
-5579
-339
-5887
-347
-6131
-299
-6307
-371
-6579
-387
-6731
-375
-7087
-387
-7275
-363
-7527
-275
-7711
-331
-8027
-311
-8211
-355
-8451
-327
-8735
-283
-9007
-291
-9163
-355
-9507
-339
-9643
-299
-9891
-267
-10147
-395
-10363
-299
-10715
-267
-10859
-363
-11195
-307
-11307
-371
-11587
-339
-11803
-371
-12131
-307
-12339
-275
-12555
-315
-12851
-315
-13051
-371
-13259
-363
-13563
-395
-13707
-347
-13987
-379
-14211
-323
-14515
-275
-14699
-307
-14931
-347
-15155
-267
-15451
-363
-15627
-371
-15923
-347
-16139
-331
-16435
-395
-16667
-291
-16899
-331
-17083
-347
-17435
-339
-17555
-379
-17803
-379
-18099
-347
-18331
-395
-18603
-395
-18835
-515
1510
-495
-21
-499
-307
-613
-566
-517
-826
-545
-1083
-589
-1216
-622
-1491
-618
-1765
-496
-1969
-617
-2247
-627
-2489
-607
-2727
-525
-2879
-595
-3141
-607
-3353
-525
-3647
-539
-3903
-525
-4135
-611
-4375
-571
-4609
-499
-4839
-595
-5047
-563
-5371
-571
-5611
-595
-5835
-547
-6079
-567
-6327
-555
-6511
-519
-6723
-579
-6971
-523
-7235
-631
-7559
-567
-7811
-559
-7947
-579
-8207
-507
-8487
-551
-8691
-591
-8991
-599
-9207
-535
-9435
-611
-9675
-611
-9907
-523
-10211
-627
-10427
-579
-10635
-579
-10867
-523
-11067
-619
-11411
-595
-11635
-539
-11803
-611
-12115
-555
-12395
-587
-12515
-539
-12763
-539
-13051
-627
-13251
-627
-13531
-539
-13771
-603
-14019
-603
-14275
-611
-14435
-627
-14763
-603
-15003
-611
-15203
-531
-15451
-595
-15755
-635
-15979
-587
-16131
-515
-16419
-627
-16627
-579
-16923
-635
-17155
-595
-17419
-547
-17571
-619
-17883
-563
-18107
-619
-18339
-579
-18515
-531
-18811
-759
366
-857
-88
-837
-389
-786
-573
-855
-719
-847
-1013
-775
-1202
-791
-1510
-853
-1710
-817
-1955
-794
-2260
-865
-2505
-777
-2693
-727
-2977
-785
-3247
-763
-3377
-821
-3655
-797
-3859
-833
-4215
-775
-4425
-767
-4691
-779
-4895
-807
-5123
-843
-5363
-815
-5539
-851
-5871
-831
-6075
-735
-6271
-751
-6583
-815
-6823
-827
-7083
-839
-7199
-871
-7583
-843
-7819
-839
-8023
-835
-8259
-723
-8483
-779
-8659
-751
-8895
-823
-9139
-763
-9499
-851
-9635
-859
-9875
-747
-10123
-819
-10363
-835
-10659
-771
-10827
-859
-11107
-851
-11395
-843
-11587
-859
-11899
-787
-12131
-811
-12339
-851
-12531
-747
-12771
-835
-13059
-795
-13227
-763
-13555
-827
-13723
-867
-14043
-779
-14307
-867
-14467
-859
-14723
-851
-14987
-795
-15155
-851
-15387
-867
-15651
-875
-15883
-875
-16163
-867
-16355
-851
-16587
-835
-16883
-859
-17123
-771
-17435
-795
-17579
-867
-17891
-859
-18091
-867
-18339
-803
-18547
-819
-18827
-1059
512
-1033
-105
-980
-257
-1078
-475
-1079
-801
-991
-995
-1098
-1273
-967
-1503
-1094
-1681
-1042
-1999
-1059
-2285
-1087
-2425
-1059
-2759
-1017
-2955
-1059
-3155
-1087
-3433
-1079
-3689
-1087
-3961
-975
-4121
-1065
-4433
-999
-4619
-1087
-4887
-955
-5127
-1111
-5403
-1095
-5567
-1027
-5779
-995
-6139
-1043
-6319
-1075
-6599
-1083
-6719
-1071
-7043
-1015
-7239
-1107
-7515
-1087
-7755
-1059
-7971
-999
-8243
-995
-8427
-1039
-8699
-1015
-8967
-1075
-9163
-1079
-9447
-1043
-9715
-1075
-9955
-1003
-10147
-1115
-10403
-1019
-10587
-1115
-10931
-1115
-11067
-1115
-11331
-1083
-11587
-1083
-11819
-995
-12075
-1083
-12355
-1059
-12523
-1011
-12747
-1051
-13035
-1003
-13299
-1035
-13571
-1091
-13803
-1075
-14059
-1051
-14299
-1043
-14531
-1083
-14795
-1035
-14979
-1091
-15243
-1083
-15475
-1107
-15755
-1027
-15939
-1091
-16187
-1027
-16427
-1083
-16715
-995
-16947
-1051
-17115
-1083
-17355
-1067
-17595
-1091
-17835
-987
-18043
-1075
-18339
-1027
-18547
-1083
-18827
-1251
467
-1191
-107
-1242
-301
-1310
-577
-1309
-853
-1293
-976
-1301
-1253
-1207
-1523
-1297
-1695
-1315
-1953
-1255
-2205
-1225
-2503
-1217
-2743
-1219
-2881
-1223
-3185
-1255
-3433
-1291
-3679
-1245
-3907
-1283
-4115
-1309
-4359
-1339
-4651
-1227
-4907
-1223
-5155
-1335
-5403
-1259
-5523
-1347
-5819
-1211
-6111
-1335
-6303
-1283
-6527
-1239
-6843
-1307
-7075
-1351
-7255
-1343
-7499
-1311
-7715
-1223
-7995
-1323
-8227
-1335
-8475
-1307
-8679
-1295
-8887
-1279
-9155
-1231
-9383
-1355
-9747
-1235
-9907
-1315
-10163
-1243
-10467
-1227
-10707
-1331
-10923
-1307
-11163
-1355
-11371
-1299
-11619
-1315
-11859
-1299
-12035
-1331
-12339
-1339
-12635
-1243
-12859
-1355
-13067
-1267
-13259
-1347
-13531
-1355
-13723
-1299
-14003
-1315
-14243
-1323
-14515
-1259
-14699
-1323
-14915
-1307
-15187
-1323
-15459
-1331
-15755
-1315
-15971
-1315
-16107
-1283
-16419
-1347
-16651
-1307
-16939
-1315
-17187
-1267
-17395
-1323
-17643
-1251
-17803
-1251
-18147
-1283
-18363
-1355
-18603
-1323
-18843
-1563
255
-1575
-117
-1557
-347
-1441
-525
-1519
-743
-1553
-1109
-1527
-1335
-1505
-1577
-1541
-1747
-1445
-1911
-1533
-2245
-1549
-2413
-1515
-2735
-1471
-2937
-1539
-3201
-1559
-3413
-1537
-3667
-1571
-3953
-1485
-4105
-1577
-4333
-1463
-4591
-1563
-4827
-1535
-5131
-1587
-5435
-1475
-5575
-1491
-5891
-1503
-6071
-1539
-6283
-1543
-6611
-1519
-6807
-1563
-7083
-1535
-7195
-1575
-7527
-1479
-7787
-1543
-8075
-1571
-8195
-1571
-8539
-1571
-8691
-1559
-8999
-1463
-9155
-1563
-9387
-1587
-9731
-1531
-9891
-1467
-10163
-1539
-10363
-1579
-10627
-1563
-10891
-1523
-11099
-1523
-11363
-1547
-11547
-1555
-11891
-1531
-12091
-1587
-12371
-1579
-12571
-1539
-12875
-1467
-13091
-1587
-13347
-1547
-13571
-1507
-13755
-1555
-13955
-1539
-14211
-1547
-14539
-1491
-14715
-1483
-14923
-1587
-15211
-1547
-15499
-1595
-15715
-1507
-15915
-1579
-16187
-1595
-16355
-1475
-16691
-1523
-16947
-1547
-17139
-1563
-17379
-1539
-17643
-1523
-17835
-1523
-18059
-1571
-18395
-1563
-18579
-1579
-18827
-1803
1349
-1799
-119
-1679
-273
-1793
-551
-1731
-801
-1727
-987
-1733
-1285
-1801
-1507
-1713
-1735
-1747
-1959
-1735
-2179
-1779
-2519
-1727
-2641
-1805
-2945
-1823
-3159
-1761
-3419
-1819
-3695
-1735
-3989
-1795
-4157
-1793
-4415
-1765
-4691
-1727
-4879
-1699
-5131
-1811
-5399
-1819
-5667
-1791
-5799
-1759
-6127
-1707
-6279
-1719
-6555
-1815
-6795
-1739
-6987
-1783
-7291
-1727
-7571
-1775
-7703
-1723
-7963
-1707
-8163
-1763
-8535
-1803
-8707
-1739
-8963
-1803
-9159
-1811
-9515
-1835
-9683
-1811
-9987
-1835
-10219
-1731
-10379
-1803
-10707
-1787
-10899
-1731
-11115
-1739
-11307
-1827
-11667
-1811
-11915
-1755
-12115
-1811
-12291
-1755
-12619
-1795
-12787
-1811
-13115
-1723
-13331
-1803
-13539
-1795
-13787
-1747
-13955
-1771
-14299
-1731
-14547
-1731
-14771
-1827
-14931
-1819
-15219
-1763
-15427
-1795
-15635
-1811
-15867
-1811
-16107
-1771
-16363
-1795
-16675
-1835
-16931
-1787
-17115
-1747
-17379
-1787
-17579
-1731
-17835
-1771
-18155
-1819
-18307
-1819
-18603
-1819
-18835
-2051
1245
-2023
-139
-2013
-303
-1939
-595
-2009
-755
-1953
-975
-1983
-1289
-1949
-1565
-2011
-1821
-2003
-1947
-2059
-2255
-2059
-2523
-2047
-2739
-2029
-2899
-1951
-3205
-2031
-3371
-2019
-3593
-2003
-3863
-2067
-4193
-2067
-4343
-1971
-4681
-2027
-4875
-2043
-5079
-2027
-5307
-2047
-5599
-1987
-5787
-1939
-6119
-2019
-6339
-1963
-6523
-1983
-6795
-1979
-7039
-1999
-7235
-1935
-7499
-2039
-7743
-2039
-7951
-2035
-8271
-1991
-8459
-2011
-8735
-2043
-8967
-1943
-9159
-2003
-9431
-2067
-9627
-1955
-9907
-2051
-10107
-1947
-10403
-1971
-10699
-1987
-10867
-1947
-11091
-1963
-11371
-2059
-11667
-2043
-11891
-2035
-12099
-2051
-12307
-2003
-12611
-1947
-12875
-2067
-13051
-2019
-13283
-2051
-13587
-2003
-13787
-2051
-13995
-1995
-14251
-1971
-14491
-1987
-14787
-1987
-14979
-1995
-15219
-2011
-15435
-2067
-15755
-2067
-15899
-2027
-16155
-2075
-16467
-2051
-16715
-2051
-16955
-1963
-17171
-2067
-17435
-1955
-17619
-2035
-17891
-1987
-18131
-1995
-18379
-2011
-18619
-1955
-18827
-2215
955
-2267
-7
-2215
-367
-2273
-553
-2287
-793
-2237
-1087
-2187
-1319
-2287
-1487
-2265
-1705
-2273
-2027
-2299
-2205
-2313
-2485
-2271
-2739
-2295
-2983
-2175
-3211
-2219
-3429
-2229
-3679
-2291
-3881
-2239
-4083
-2225
-4341
-2221
-4661
-2279
-4867
-2187
-5179
-2203
-5311
-2303
-5639
-2255
-5811
-2167
-6075
-2255
-6279
-2227
-6551
-2227
-6863
-2303
-6979
-2183
-7331
-2191
-7523
-2227
-7791
-2215
-8047
-2291
-8227
-2231
-8451
-2299
-8731
-2251
-8991
-2243
-9231
-2275
-9447
-2187
-9699
-2259
-9955
-2227
-10163
-2291
-10435
-2259
-10667
-2251
-10883
-2291
-11123
-2243
-11323
-2307
-11667
-2315
-11891
-2307
-12115
-2235
-12307
-2211
-12515
-2203
-12763
-2307
-13019
-2251
-13291
-2275
-13555
-2203
-13779
-2267
-14027
-2307
-14259
-2267
-14523
-2251
-14683
-2291
-15027
-2307
-15179
-2251
-15515
-2275
-15739
-2267
-15963
-2291
-16227
-2275
-16467
-2187
-16691
-2195
-16835
-2291
-17139
-2275
-17347
-2259
-17675
-2227
-17827
-2315
-18083
-2275
-18315
-2195
-18507
-2307
-18875
-2495
2069
-2511
-87
-2511
-339
-2525
-531
-2505
-795
-2509
-1035
-2429
-1207
-2467
-1553
-2435
-1741
-2515
-1961
-2495
-2221
-2507
-2525
-2507
-2683
-2417
-2959
-2497
-3239
-2495
-3477
-2519
-3693
-2531
-3921
-2515
-4111
-2539
-4465
-2509
-4629
-2519
-4855
-2435
-5187
-2515
-5299
-2527
-5583
-2463
-5815
-2523
-6067
-2419
-6235
-2507
-6499
-2459
-6839
-2487
-7007
-2531
-7251
-2475
-7547
-2411
-7835
-2423
-8059
-2439
-8291
-2479
-8555
-2443
-8667
-2535
-9003
-2531
-9235
-2443
-9427
-2427
-9667
-2467
-9923
-2483
-10235
-2523
-10355
-2475
-10611
-2443
-10931
-2531
-11139
-2499
-11307
-2555
-11555
-2499
-11899
-2491
-12099
-2555
-12347
-2555
-12563
-2539
-12843
-2475
-13019
-2523
-13251
-2539
-13587
-2467
-13803
-2507
-14003
-2531
-14235
-2475
-14547
-2467
-14795
-2515
-14907
-2547
-15163
-2515
-15475
-2515
-15659
-2547
-15995
-2451
-16235
-2515
-16427
-2547
-16635
-2507
-16883
-2523
-17107
-2507
-17323
-2547
-17555
-2547
-17819
-2523
-18067
-2531
-18331
-2483
-18587
-2547
-18859
-2711
125
-2683
-41
-2703
-315
-2667
-581
-2683
-743
-2691
-1027
-2675
-1227
-2791
-1479
-2755
-1703
-2695
-2059
-2771
-2271
-2763
-2519
-2707
-2679
-2783
-2967
-2695
-3127
-2667
-3479
-2771
-3619
-2707
-3891
-2763
-4191
-2695
-4363
-2719
-4639
-2707
-4923
-2679
-5163
-2671
-5399
-2739
-5531
-2755
-5911
-2755
-6107
-2771
-6343
-2739
-6611
-2775
-6735
-2691
-7035
-2795
-7235
-2703
-7503
-2787
-7755
-2747
-8071
-2655
-8191
-2687
-8471
-2743
-8735
-2751
-8939
-2759
-9183
-2771
-9455
-2771
-9691
-2747
-9963
-2779
-10171
-2755
-10395
-2731
-10619
-2699
-10931
-2691
-11099
-2707
-11315
-2787
-11651
-2787
-11803
-2795
-12139
-2675
-12355
-2683
-12555
-2787
-12811
-2771
-12995
-2755
-13251
-2715
-13531
-2779
-13827
-2755
-14051
-2731
-14219
-2763
-14491
-2787
-14715
-2747
-15019
-2739
-15155
-2787
-15419
-2755
-15675
-2683
-15987
-2763
-16211
-2731
-16475
-2739
-16611
-2699
-16955
-2771
-17075
-2699
-17427
-2771
-17563
-2675
-17803
-2755
-18059
-2795
-18387
-2683
-18587
-2667
-18867
-3019
125
-2967
-55
-2891
-307
-2879
-611
-2979
-803
-2975
-983
-2907
-1267
-2883
-1467
-2999
-1811
-2923
-1915
-3011
-2207
-2927
-2443
-2943
-2699
-2979
-2987
-3011
-3239
-3011
-3459
-2931
-3711
-2943
-3931
-3011
-4123
-2943
-4347
-2883
-4555
-2995
-4923
-2991
-5043
-2887
-5419
-2991
-5587
-2967
-5895
-2951
-6131
-2967
-6327
-2939
-6531
-2991
-6863
-2915
-7103
-2887
-7275
-2915
-7595
-2987
-7835
-2983
-7979
-2943
-8171
-3003
-8471
-3015
-8667
-3019
-9003
-2955
-9251
-2963
-9515
-2915
-9747
-2923
-9987
-2987
-10187
-2979
-10387
-2931
-10595
-2995
-10939
-3003
-11091
-2915
-11395
-2995
-11627
-3003
-11803
-2955
-12123
-2939
-12387
-3035
-12515
-3019
-12795
-3019
-13107
-2979
-13283
-2979
-13507
-2947
-13715
-2963
-13995
-3011
-14211
-3027
-14435
-2979
-14779
-3019
-14963
-2915
-15259
-2955
-15419
-2971
-15643
-2995
-15931
-3003
-16115
-3003
-16379
-2915
-16651
-2979
-16851
-2915
-17147
-2979
-17419
-3011
-17571
-3011
-17843
-2995
-18115
-3035
-18395
-2931
-18571
-2915
-18843
-3191
133
-3183
-39
-3243
-291
-3255
-623
-3251
-751
-3275
-967
-3139
-1267
-3207
-1539
-3223
-1767
-3175
-1991
-3143
-2283
-3219
-2407
-3175
-2795
-3223
-2995
-3235
-3135
-3183
-3367
-3239
-3755
-3239
-3911
-3243
-4191
-3171
-4419
-3155
-4599
-3215
-4927
-3155
-5123
-3139
-5363
-3255
-5595
-3155
-5827
-3179
-6055
-3251
-6359
-3215
-6503
-3179
-6851
-3199
-7031
-3223
-7259
-3203
-7507
-3127
-7803
-3175
-7943
-3219
-8207
-3151
-8407
-3231
-8775
-3247
-8967
-3183
-9243
-3223
-9491
-3163
-9755
-3267
-9891
-3251
-10195
-3155
-10387
-3187
-10635
-3195
-10899
-3227
-11131
-3211
-11419
-3195
-11611
-3251
-11787
-3267
-12059
-3163
-12283
-3251
-12603
-3227
-12851
-3267
-13019
-3243
-13307
-3243
-13467
-3243
-13731
-3195
-13971
-3219
-14307
-3251
-14475
-3179
-14731
-3147
-14971
-3235
-15219
-3203
-15483
-3163
-15747
-3251
-15947
-3251
-16163
-3275
-16411
-3187
-16659
-3147
-16947
-3259
-17155
-3227
-17427
-3171
-17627
-3275
-17915
-3227
-18043
-3171
-18347
-3219
-18627
-3275
-18811
-3443
133
-3383
-27
-3367
-283
-3383
-507
-3411
-815
-3459
-1067
-3475
-1275
-3459
-1519
-3411
-1767
-3447
-2023
-3511
-2243
-3427
-2407
-3483
-2719
-3499
-3003
-3471
-3187
-3463
-3419
-3475
-3755
-3375
-3935
-3419
-4199
-3491
-4443
-3487
-4603
-3487
-4939
-3487
-5155
-3507
-5375
-3503
-5619
-3403
-5887
-3415
-6007
-3491
-6263
-3479
-6523
-3487
-6775
-3491
-6979
-3435
-7267
-3443
-7579
-3475
-7779
-3415
-7951
-3467
-8219
-3487
-8519
-3399
-8651
-3355
-8907
-3451
-9239
-3379
-9447
-3419
-9755
-3499
-9931
-3491
-10219
-3435
-10451
-3507
-10691
-3427
-10931
-3451
-11147
-3419
-11315
-3507
-11651
-3451
-11899
-3443
-12115
-3395
-12331
-3427
-12531
-3515
-12819
-3427
-13051
-3451
-13235
-3467
-13587
-3499
-13723
-3427
-13995
-3395
-14307
-3515
-14539
-3515
-14763
-3451
-14995
-3499
-15243
-3467
-15483
-3403
-15683
-3467
-15995
-3419
-16139
-3475
-16443
-3491
-16619
-3491
-16923
-3483
-17187
-3459
-17315
-3475
-17555
-3459
-17915
-3451
-18059
-3451
-18339
-3491
-18555
-3443
-18835
-3699
109
-3699
-43
-3707
-367
-3703
-587
-3703
-823
-3739
-979
-3703
-1247
-3715
-1555
-3699
-1719
-3711
-2027
-3727
-2235
-3695
-2463
-3715
-2735
-3615
-2991
-3663
-3195
-3727
-3407
-3647
-3675
-3683
-3859
-3671
-4147
-3727
-4451
-3723
-4583
-3623
-4927
-3675
-5191
-3739
-5311
-3735
-5575
-3643
-5867
-3683
-6039
-3743
-6263
-3687
-6607
-3623
-6747
-3723
-7015
-3671
-7247
-3687
-7563
-3723
-7791
-3619
-7995
-3711
-8267
-3667
-8419
-3707
-8727
-3731
-8923
-3723
-9207
-3727
-9427
-3723
-9739
-3667
-9899
-3715
-10147
-3699
-10379
-3715
-10611
-3747
-10931
-3635
-11155
-3707
-11427
-3691
-11611
-3715
-11787
-3635
-12027
-3723
-12323
-3715
-12539
-3683
-12787
-3755
-13099
-3731
-13259
-3683
-13491
-3659
-13771
-3715
-13963
-3643
-14251
-3699
-14523
-3691
-14723
-3643
-14907
-3699
-15187
-3707
-15443
-3747
-15667
-3643
-15939
-3715
-16179
-3651
-16459
-3707
-16707
-3755
-16939
-3739
-17131
-3683
-17387
-3739
-17579
-3747
-17803
-3699
-18131
-3627
-18283
-3747
-18603
-3659
-18851
-3899
141
-3899
-95
-3971
-359
-3915
-567
-3943
-843
-3931
-1019
-3947
-1327
-3939
-1475
-3923
-1835
-3903
-1991
-3947
-2315
-3955
-2443
-3943
-2743
-3987
-2999
-3971
-3235
-3971
-3403
-3919
-3715
-3971
-3875
-3895
-4111
-3879
-4423
-3943
-4595
-3963
-4891
-3955
-5087
-3899
-5307
-3947
-5535
-3987
-5811
-3943
-6031
-3887
-6327
-3899
-6567
-3883
-6767
-3939
-6967
-3967
-7259
-3915
-7519
-3915
-7743
-3923
-7939
-3883
-8179
-3947
-8495
-3983
-8747
-3947
-8943
-3967
-9159
-3939
-9427
-3979
-9699
-3971
-9939
-3923
-10219
-3971
-10467
-3915
-10659
-3923
-10859
-3923
-11131
-3891
-11315
-3987
-11595
-3995
-11803
-3939
-12075
-3931
-12395
-3923
-12515
-3971
-12851
-3923
-13107
-3971
-13259
-3947
-13507
-3963
-13707
-3979
-13963
-3915
-14275
-3995
-14475
-3947
-14747
-3971
-14915
-3955
-15267
-3979
-15459
-3867
-15699
-3867
-15915
-3979
-16235
-3947
-16451
-3963
-16707
-3915
-16939
-3931
-17155
-3915
-17427
-3971
-17547
-3939
-17835
-3971
-18027
-3907
-18339
-3899
-18531
-3963
-18867
-4155
117
-4147
-75
-4183
-379
-4199
-511
-4187
-843
-4139
-1011
-4179
-1311
-4223
-1515
-4235
-1715
-4103
-2003
-4183
-2259
-4123
-2527
-4171
-2735
-4207
-3015
-4207
-3143
-4235
-3471
-4107
-3687
-4203
-3867
-4179
-4199
-4199
-4419
-4155
-4567
-4139
-4895
-4187
-5043
-4115
-5387
-4147
-5607
-4143
-5859
-4211
-6003
-4195
-6331
-4195
-6571
-4143
-6771
-4191
-7051
-4199
-7351
-4183
-7527
-4151
-7799
-4119
-7979
-4147
-8227
-4171
-8427
-4139
-8763
-4167
-8995
-4199
-9163
-4139
-9475
-4187
-9675
-4211
-9915
-4219
-10139
-4219
-10467
-4179
-10691
-4219
-10835
-4179
-11075
-4211
-11427
-4147
-11643
-4123
-11827
-4163
-12115
-4211
-12299
-4131
-12531
-4227
-12779
-4227
-13107
-4227
-13227
-4171
-13555
-4179
-13739
-4179
-14011
-4163
-14195
-4219
-14555
-4235
-14787
-4155
-14915
-4219
-15251
-4123
-15435
-4195
-15683
-4227
-15955
-4235
-16187
-4155
-16355
-4179
-16715
-4203
-16867
-4179
-17171
-4211
-17403
-4219
-17563
-4187
-17875
-4195
-18139
-4179
-18371
-4123
-18579
-4115
-18835
-4403
93
-4443
1
-4383
-303
-4339
-583
-4459
-779
-4435
-1051
-4447
-1287
-4427
-1507
-4451
-1811
-4347
-1951
-4423
-2239
-4379
-2491
-4431
-2763
-4355
-3011
-4471
-3187
-4467
-3411
-4391
-3603
-4451
-3843
-4467
-4231
-4367
-4407
-4415
-4619
-4375
-4931
-4383
-5155
-4363
-5383
-4451
-5655
-4459
-5855
-4375
-6007
-4455
-6267
-4367
-6611
-4395
-6859
-4455
-7043
-4411
-7287
-4427
-7499
-4363
-7731
-4335
-8003
-4379
-8231
-4431
-8459
-4463
-8763
-4415
-8947
-4395
-9147
-4439
-9379
-4467
-9747
-4347
-9947
-4395
-10131
-4419
-10451
-4443
-10619
-4467
-10955
-4443
-11067
-4467
-11315
-4363
-11587
-4363
-11859
-4467
-12027
-4387
-12387
-4475
-12563
-4443
-12803
-4403
-13075
-4363
-13339
-4475
-13483
-4459
-13747
-4475
-14011
-4371
-14283
-4395
-14459
-4459
-14755
-4467
-14915
-4443
-15227
-4451
-15515
-4395
-15715
-4363
-15939
-4443
-16155
-4459
-16435
-4451
-16667
-4395
-16939
-4379
-17195
-4419
-17379
-4459
-17635
-4419
-17803
-4443
-18123
-4451
-18267
-4467
-18547
-4459
-18819
-4679
141
-4647
-75
-4667
-363
-4679
-531
-4583
-755
-4635
-1083
-4623
-1243
-4655
-1495
-4643
-1787
-4679
-2047
-4639
-2231
-4683
-2487
-4687
-2755
-4699
-3023
-4703
-3163
-4627
-3419
-4607
-3615
-4587
-3935
-4683
-4107
-4699
-4439
-4627
-4651
-4599
-4831
-4695
-5107
-4639
-5423
-4683
-5611
-4615
-5875
-4611
-6015
-4635
-6347
-4631
-6559
-4691
-6795
-4579
-7083
-4691
-7327
-4627
-7551
-4603
-7763
-4651
-8019
-4651
-8271
-4667
-8475
-4595
-8755
-4691
-8935
-4627
-9239
-4643
-9383
-4707
-9683
-4715
-9995
-4715
-10123
-4635
-10451
-4603
-10707
-4691
-10923
-4595
-11099
-4627
-11307
-4603
-11643
-4691
-11843
-4659
-12131
-4707
-12323
-4691
-12587
-4683
-12843
-4635
-13099
-4699
-13307
-4643
-13475
-4715
-13787
-4651
-14067
-4611
-14227
-4667
-14507
-4595
-14779
-4699
-14987
-4619
-15219
-4627
-15403
-4651
-15627
-4715
-15939
-4675
-16227
-4619
-16403
-4603
-16715
-4707
-16939
-4707
-17107
-4667
-17387
-4683
-17579
-4699
-17803
-4715
-18147
-4635
-18299
-4675
-18531
-4699
-18867
-4855
101
-4907
-67
-4843
-291
-4911
-539
-4927
-811
-4939
-1011
-4831
-1335
-4815
-1507
-4903
-1747
-4947
-2035
-4867
-2243
-4947
-2459
-4863
-2659
-4831
-3015
-4923
-3223
-4819
-3483
-4843
-3723
-4927
-3911
-4811
-4203
-4919
-4335
-4859
-4647
-4899
-4895
-4827
-5059
-4875
-5387
-4931
-5579
-4815
-5783
-4835
-6067
-4871
-6243
-4915
-6507
-4923
-6819
-4927
-6967
-4859
-7303
-4895
-7463
-4915
-7731
-4919
-7959
-4895
-8287
-4843
-8443
-4863
-8699
-4899
-8935
-4923
-9207
-4883
-9483
-4875
-9675
-4891
-9867
-4907
-10203
-4875
-10363
-4843
-10635
-4907
-10915
-4923
-11075
-4827
-11339
-4931
-11667
-4891
-11787
-4931
-12043
-4835
-12331
-4827
-12611
-4955
-12819
-4843
-13035
-4915
-13227
-4931
-13507
-4883
-13707
-4947
-14075
-4867
-14299
-4875
-14555
-4931
-14699
-4883
-14979
-4923
-15235
-4947
-15499
-4835
-15627
-4939
-15899
-4883
-16179
-4851
-16475
-4851
-16715
-4955
-16947
-4939
-17131
-4835
-17347
-4835
-17579
-4939
-17819
-4915
-18043
-4923
-18387
-4923
-18523
-4947
-18843
-5159
93
-5111
5
-5131
-335
-5095
-483
-5135
-791
-5067
-1091
-5155
-1211
-5131
-1499
-5099
-1743
-5159
-1979
-5175
-2263
-5067
-2475
-5183
-2763
-5123
-3023
-5147
-3215
-5151
-3479
-5147
-3747
-5179
-3963
-5103
-4111
-5131
-4475
-5151
-4667
-5107
-4883
-5147
-5147
-5067
-5335
-5139
-5579
-5091
-5799
-5167
-6059
-5099
-6335
-5171
-6631
-5111
-6815
-5127
-6967
-5171
-7267
-5179
-7559
-5139
-7751
-5171
-8003
-5135
-8219
-5139
-8447
-5131
-8663
-5107
-8959
-5151
-9139
-5155
-9491
-5187
-9643
-5075
-9955
-5099
-10131
-5179
-10475
-5083
-10643
-5083
-10843
-5147
-11187
-5187
-11323
-5171
-11547
-5195
-11811
-5195
-12051
-5163
-12371
-5155
-12603
-5163
-12843
-5099
-13059
-5091
-13291
-5155
-13499
-5083
-13747
-5195
-13971
-5139
-14291
-5163
-14475
-5131
-14787
-5155
-15035
-5091
-15243
-5171
-15483
-5163
-15683
-5083
-15907
-5163
-16163
-5187
-16475
-5139
-16595
-5123
-16859
-5123
-17099
-5171
-17331
-5107
-17675
-5147
-17843
-5107
-18067
-5107
-18267
-5147
-18507
-5091
-18811
-5363
101
-5435
-83
-5419
-283
-5427
-635
-5427
-819
-5363
-1063
-5315
-1331
-5403
-1579
-5435
-1731
-5427
-2035
-5363
-2247
-5419
-2523
-5387
-2659
-5315
-2931
-5371
-3247
-5411
-3507
-5331
-3707
-5411
-3931
-5363
-4123
-5323
-4463
-5419
-4683
-5315
-4851
-5395
-5159
-5331
-5395
-5411
-5571
-5427
-5907
-5435
-6067
-5379
-6311
-5387
-6579
-5371
-6819
-5363
-7087
-5403
-7243
-5363
-7455
-5411
-7803
-5403
-8043
-5331
-8155
-5403
-8523
-5419
-8683
-5347
-8967
-5387
-9263
-5347
-9387
-5419
-9635
-5435
-9923
-5403
-10115
-5371
-10475
-5395
-10619
-5379
-10899
-5331
-11139
-5315
-11315
-5411
-11555
-5323
-11811
-5347
-12123
-5387
-12315
-5411
-12563
-5371
-12819
-5347
-13067
-5403
-13243
-5411
-13515
-5355
-13795
-5419
-14067
-5387
-14291
-5435
-14467
-5403
-14683
-5331
-14971
-5427
-15227
-5395
-15459
-5347
-15699
-5411
-15899
-5379
-16187
-5395
-16443
-5379
-16619
-5331
-16907
-5387
-17147
-5387
-17339
-5411
-17635
-5427
-17851
-5379
-18131
-5355
-18267
-5371
-18595
-5395
-18835
-5547
109
-5619
-83
-5555
-395
-5675
-635
-5635
-867
-5651
-1059
-5571
-1267
-5619
-1523
-5619
-1747
-5619
-2051
-5667
-2315
-5595
-2523
-5547
-2763
-5611
-2971
-5587
-3203
-5587
-3499
-5635
-3739
-5627
-3979
-5667
-4219
-5587
-4459
-5651
-4611
-5563
-4939
-5603
-5115
-5579
-5315
-5667
-5579
-5619
-5835
-5651
-6131
-5563
-6355
-5643
-6563
-5675
-6835
-5667
-7107
-5595
-7251
-5675
-7523
-5643
-7723
-5603
-8019
-5675
-8307
-5587
-8539
-5635
-8675
-5667
-8939
-5563
-9147
-5611
-9459
-5667
-9627
-5555
-9939
-5675
-10235
-5587
-10443
-5643
-10699
-5659
-10891
-5635
-11083
-5595
-11435
-5667
-11651
-5675
-11891
-5619
-12107
-5547
-12387
-5667
-12531
-5603
-12811
-5659
-13099
-5595
-13275
-5579
-13491
-5651
-13787
-5611
-14051
-5627
-14259
-5595
-14483
-5627
-14683
-5563
-14923
-5611
-15195
-5643
-15387
-5635
-15699
-5579
-15883
-5659
-16147
-5635
-16379
-5659
-16683
-5643
-16843
-5611
-17171
-5587
-17395
-5643
-17579
-5667
-17843
-5579
-18027
-5547
-18379
-5659
-18587
-5659
-18851
-5827
117
-5907
-99
-5827
-347
-5803
-587
-5891
-851
-5867
-1043
-5843
-1267
-5835
-1555
-5907
-1715
-5891
-2027
-5843
-2315
-5859
-2435
-5883
-2683
-5915
-2963
-5907
-3275
-5907
-3483
-5795
-3651
-5819
-3955
-5915
-4187
-5795
-4467
-5827
-4683
-5875
-4899
-5819
-5107
-5843
-5307
-5803
-5651
-5907
-5907
-5907
-6067
-5907
-6283
-5899
-6595
-5883
-6795
-5819
-7083
-5835
-7347
-5891
-7587
-5899
-7771
-5915
-8043
-5899
-8227
-5803
-8547
-5811
-8779
-5867
-8963
-5875
-9163
-5915
-9483
-5891
-9667
-5851
-9907
-5883
-10163
-5867
-10355
-5811
-10619
-5907
-10875
-5915
-11155
-5859
-11419
-5803
-11659
-5867
-11795
-5819
-12059
-5835
-12291
-5891
-12523
-5843
-12819
-5899
-13059
-5867
-13355
-5907
-13555
-5883
-13779
-5851
-13971
-5787
-14259
-5851
-14547
-5867
-14747
-5835
-15019
-5843
-15275
-5835
-15483
-5803
-15643
-5875
-15947
-5835
-16115
-5867
-16411
-5867
-16707
-5875
-16843
-5899
-17187
-5907
-17403
-5891
-17547
-5867
-17859
-5835
-18131
-5803
-18395
-5883
-18579
-5795
-18875
-6131
101
-6107
-35
-6051
-339
-6027
-595
-6123
-779
-6115
-1083
-6139
-1275
-6115
-1563
-6083
-1755
-6027
-2035
-6147
-2187
-6075
-2459
-6147
-2731
-6051
-2939
-6099
-3275
-6043
-3515
-6123
-3643
-6115
-3995
-6051
-4107
-6067
-4475
-6027
-4667
-6147
-4883
-6043
-5131
-6059
-5435
-6131
-5571
-6139
-5827
-6035
-6107
-6147
-6331
-6059
-6587
-6027
-6779
-6051
-7075
-6043
-7331
-6147
-7467
-6115
-7715
-6083
-7955
-6139
-8275
-6155
-8555
-6131
-8787
-6155
-8979
-6099
-9227
-6091
-9499
-6123
-9635
-6027
-9963
-6075
-10219
-6083
-10419
-6099
-10643
-6155
-10867
-6155
-11091
-6139
-11307
-6075
-11579
-6131
-11899
-6027
-12131
-6083
-12323
-6107
-12531
-6155
-12835
-6155
-13075
-6027
-13339
-6155
-13579
-6147
-13827
-6091
-14067
-6035
-14243
-6059
-14507
-6147
-14771
-6147
-14947
-6131
-15275
-6131
-15507
-6131
-15643
-6147
-15867
-6139
-16187
-6115
-16411
-6115
-16707
-6083
-16827
-6083
-17107
-6115
-17419
-6075
-17611
-6091
-17819
-6131
-18123
-6139
-18299
-6091
-18531
-6131
-18819
-6267
93
-6363
-83
-6371
-283
-6355
-627
-6371
-755
-6347
-1035
-6323
-1275
-6347
-1475
-6379
-1763
-6339
-1979
-6387
-2283
-6371
-2459
-6323
-2707
-6347
-2955
-6291
-3267
-6379
-3427
-6363
-3643
-6387
-3955
-6371
-4139
-6371
-4371
-6323
-4715
-6267
-4955
-6331
-5147
-6347
-5339
-6387
-5587
-6307
-5859
-6315
-6131
-6299
-6275
-6347
-6579
-6339
-6835
-6307
-7107
-6315
-7259
-6371
-7539
-6379
-7731
-6395
-7955
-6331
-8227
-6339
-8523
-6291
-8723
-6387
-8963
-6347
-9171
-6363
-9443
-6379
-9635
-6275
-9875
-6363
-10115
-6339
-10419
-6339
-10587
-6347
-10907
-6339
-11123
-6347
-11315
-6387
-11659
-6323
-11915
-6395
-12043
-6379
-12339
-6395
-12515
-6395
-12875
-6379
-13099
-6323
-13259
-6363
-13467
-6315
-13795
-6395
-14043
-6363
-14211
-6347
-14459
-6323
-14731
-6283
-14955
-6363
-15243
-6371
-15451
-6371
-15683
-6323
-15907
-6347
-16163
-6387
-16347
-6363
-16667
-6339
-16899
-6347
-17163
-6339
-17435
-6363
-17547
-6347
-17867
-6347
-18059
-6355
-18363
-6355
-18555
-6355
-18851
-6611
133
-6587
-99
-6619
-283
-6563
-547
-6611
-803
-6635
-1051
-6587
-1227
-6587
-1587
-6627
-1747
-6635
-2011
-6555
-2195
-6603
-2523
-6531
-2739
-6587
-2915
-6603
-3275
-6627
-3427
-6595
-3755
-6531
-3947
-6523
-4203
-6523
-4371
-6539
-4611
-6627
-4923
-6635
-5091
-6603
-5339
-6547
-5563
-6523
-5811
-6611
-6099
-6547
-6291
-6571
-6515
-6595
-6755
-6539
-7075
-6555
-7235
-6627
-7531
-6571
-7731
-6587
-8059
-6611
-8235
-6579
-8539
-6635
-8715
-6595
-9027
-6627
-9227
-6547
-9443
-6635
-9755
-6635
-9875
-6555
-10227
-6563
-10403
-6523
-10683
-6531
-10827
-6619
-11083
-6611
-11355
-6555
-11555
-6571
-11891
-6571
-12083
-6555
-12315
-6627
-12611
-6555
-12747
-6611
-13043
-6627
-13251
-6627
-13547
-6587
-13715
-6579
-13987
-6627
-14315
-6555
-14435
-6587
-14723
-6515
-14987
-6595
-15187
-6555
-15499
-6571
-15643
-6611
-15867
-6587
-16171
-6635
-16475
-6539
-16587
-6611
-16923
-6523
-17139
-6619
-17411
-6539
-17595
-6507
-17843
-6531
-18091
-6603
-18347
-6635
-18635
-6579
-18859
-6811
93
-6875
-59
-6859
-275
-6867
-587
-6875
-851
-6835
-1003
-6771
-1251
-6867
-1547
-6851
-1819
-6851
-1979
-6851
-2211
-6771
-2531
-6827
-2771
-6787
-2979
-6755
-3251
-6819
-3395
-6827
-3635
-6755
-3907
-6851
-4219
-6803
-4355
-6867
-4611
-6851
-4907
-6787
-5091
-6867
-5347
-6811
-5635
-6851
-5811
-6859
-6131
-6795
-6387
-6851
-6579
-6827
-6835
-6835
-7035
-6875
-7355
-6827
-7467
-6771
-7795
-6867
-7947
-6875
-8259
-6859
-8427
-6755
-8763
-6843
-8979
-6819
-9171
-6875
-9507
-6827
-9635
-6771
-9899
-6867
-10155
-6859
-10371
-6859
-10683
-6875
-10867
-6875
-11075
-6779
-11427
-6811
-11579
-6779
-11907
-6755
-12067
-6851
-12355
-6835
-12635
-6795
-12867
-6787
-13051
-6787
-13267
-6779
-13563
-6875
-13747
-6835
-14059
-6811
-14259
-6867
-14515
-6771
-14667
-6859
-14963
-6779
-15251
-6795
-15459
-6843
-15651
-6835
-15907
-6795
-16123
-6795
-16467
-6747
-16603
-6859
-16931
-6803
-17163
-6803
-17387
-6867
-17571
-6835
-17899
-6803
-18099
-6795
-18307
-6803
-18635
-6843
-18851
-7107
109
-7099
-59
-7059
-283
-7059
-619
-7115
-795
-7115
-1019
-7019
-1251
-7027
-1587
-7083
-1827
-6987
-1947
-6987
-2243
-7019
-2483
-7075
-2683
-7011
-2923
-7075
-3275
-7059
-3395
-7099
-3659
-7075
-3915
-7059
-4139
-7099
-4475
-7115
-4587
-7099
-4947
-7051
-5115
-7091
-5363
-7003
-5635
-7115
-5803
-7091
-6059
-7059
-6355
-7099
-6507
-7091
-6763
-7067
-7099
-7059
-7291
-7115
-7587
-7091
-7715
-6995
-8051
-7067
-8275
-6995
-8483
-7067
-8675
-7035
-8931
-7035
-9251
-7011
-9483
-7115
-9707
-7043
-9963
-7091
-10211
-7075
-10387
-7059
-10707
-7091
-10939
-7115
-11131
-7107
-11435
-7091
-11667
-7043
-11795
-7027
-12123
-7043
-12291
-7115
-12531
-7099
-12755
-7091
-13043
-7099
-13227
-7083
-13579
-7051
-13755
-7051
-13995
-7099
-14195
-7083
-14467
-7091
-14731
-7043
-14979
-7099
-15251
-7027
-15451
-7027
-15635
-7091
-15971
-7059
-16115
-7115
-16443
-7099
-16595
-7107
-16915
-7059
-17163
-7083
-17347
-7115
-17587
-7107
-17803
-7003
-18083
-7083
-18299
-7051
-18611
-7083
-18875
-7291
125
-7283
-107
-7259
-291
-7355
-571
-7355
-779
-7331
-1099
-7323
-1299
-7251
-1523
-7347
-1747
-7323
-2019
-7355
-2219
-7235
-2555
-7283
-2723
-7283
-2987
-7227
-3227
-7339
-3411
-7355
-3659
-7355
-3931
-7355
-4163
-7355
-4403
-7315
-4691
-7267
-4851
-7347
-5163
-7355
-5323
-7355
-5555
-7347
-5899
-7339
-6083
-7259
-6355
-7339
-6571
-7307
-6867
-7315
-7051
-7275
-7299
-7291
-7555
-7331
-7787
-7291
-8043
-7275
-8267
-7315
-8499
-7355
-8675
-7347
-8963
-7347
-9187
-7299
-9403
-7355
-9659
-7323
-9915
-7347
-10171
-7355
-10419
-7267
-10635
-7259
-10843
-7355
-11187
-7267
-11419
-7339
-11643
-7315
-11819
-7339
-12051
-7251
-12323
-7355
-12547
-7315
-12755
-7259
-13051
-7339
-13355
-7299
-13515
-7299
-13803
-7267
-14059
-7267
-14291
-7355
-14451
-7315
-14755
-7283
-14923
-7347
-15267
-7331
-15451
-7227
-15675
-7339
-15979
-7291
-16187
-7251
-16459
-7299
-16627
-7355
-16883
-7283
-17179
-7235
-17387
-7347
-17619
-7355
-17795
-7339
-18091
-7283
-18339
-7347
-18579
-7347
-18843
-7483
85
-7587
-155
-7563
-283
-7555
-611
-7523
-763
-7499
-987
-7579
-1267
-7539
-1555
-7587
-1715
-7539
-1995
-7555
-2299
-7571
-2451
-7555
-2683
-7523
-3003
-7555
-3195
-7491
-3507
-7587
-3627
-7595
-3987
-7547
-4219
-7539
-4435
-7571
-4699
-7515
-4891
-7579
-5147
-7539
-5363
-7475
-5675
-7587
-5851
-7571
-6035
-7579
-6371
-7579
-6603
-7555
-6827
-7547
-7051
-7507
-7283
-7467
-7499
-7571
-7819
-7595
-8003
-7595
-8187
-7523
-8547
-7531
-8699
-7579
-8955
-7563
-9211
-7539
-9395
-7563
-9635
-7507
-9907
-7595
-10227
-7571
-10387
-7547
-10635
-7483
-10891
-7531
-11179
-7507
-11419
-7579
-11675
-7563
-11795
-7499
-12147
-7499
-12275
-7595
-12547
-7547
-12859
-7523
-13083
-7555
-13259
-7491
-13539
-7587
-13779
-7555
-13955
-7595
-14195
-7507
-14483
-7467
-14731
-7579
-14971
-7563
-15235
-7507
-15395
-7595
-15715
-7555
-15875
-7483
-16195
-7467
-16403
-7587
-16675
-7547
-16915
-7563
-17179
-7499
-17419
-7531
-17555
-7595
-17899
-7595
-18155
-7483
-18307
-7483
-18619
-7547
-18819
-7731
149
-7803
-35
-7771
-387
-7835
-587
-7795
-875
-7819
-1027
-7827
-1275
-7755
-1539
-7835
-1707
-7779
-1995
-7763
-2187
-7795
-2523
-7763
-2771
-7771
-3011
-7819
-3195
-7771
-3499
-7715
-3643
-7755
-3883
-7731
-4195
-7795
-4387
-7771
-4699
-7747
-4875
-7819
-5155
-7779
-5427
-7715
-5563
-7811
-5883
-7819
-6059
-7811
-6307
-7755
-6515
-7827
-6747
-7835
-7003
-7835
-7235
-7771
-7571
-7835
-7811
-7787
-8059
-7771
-8299
-7723
-8531
-7795
-8755
-7755
-8923
-7827
-9259
-7771
-9403
-7835
-9707
-7827
-9987
-7715
-10155
-7779
-10403
-7803
-10619
-7811
-10843
-7755
-11075
-7707
-11339
-7707
-11635
-7747
-11899
-7771
-12059
-7835
-12331
-7835
-12531
-7739
-12835
-7755
-13059
-7787
-13315
-7747
-13579
-7787
-13707
-7819
-14035
-7715
-14291
-7803
-14531
-7771
-14795
-7795
-14979
-7739
-15211
-7835
-15419
-7835
-15731
-7763
-15867
-7819
-16171
-7787
-16355
-7795
-16619
-7779
-16939
-7787
-17115
-7819
-17411
-7731
-17579
-7771
-17827
-7827
-18131
-7779
-18355
-7795
-18635
-7803
-18859
-7963
141
-8067
-51
-7971
-267
-8067
-571
-7987
-819
-8059
-987
-8019
-1235
-7979
-1587
-7971
-1835
-8027
-1979
-8003
-2243
-8075
-2443
-7995
-2675
-8011
-2979
-8059
-3259
-8027
-3475
-8019
-3659
-8067
-3979
-8035
-4139
-8059
-4347
-7971
-4675
-7987
-4939
-8059
-5163
-8075
-5435
-8043
-5579
-8051
-5851
-7979
-6123
-8067
-6307
-7971
-6627
-8051
-6827
-7995
-7003
-7995
-7331
-7987
-7491
-7947
-7731
-7995
-8019
-8043
-8187
-8067
-8523
-8035
-8755
-7979
-8963
-8035
-9251
-8067
-9427
-8027
-9643
-7995
-9907
-8067
-10107
-8027
-10395
-8075
-10683
-8067
-10955
-8059
-11131
-8043
-11403
-7947
-11643
-7963
-11859
-8043
-12123
-8067
-12355
-8075
-12587
-7963
-12843
-7963
-13107
-8067
-13267
-8027
-13491
-8051
-13811
-8035
-14059
-8011
-14203
-8075
-14531
-8067
-14707
-7979
-15003
-7947
-15155
-8075
-15483
-8067
-15699
-8043
-15995
-7979
-16123
-8051
-16387
-7971
-16659
-8051
-16891
-7987
-17099
-8075
-17323
-7971
-17555
-8067
-17811
-7963
-18043
-7963
-18275
-7995
-18507
-7995
-18843
-8299
133
-8259
-51
-8203
-379
-8187
-627
-8307
-859
-8283
-987
-8283
-1315
-8307
-1571
-8251
-1827
-8251
-1979
-8267
-2275
-8291
-2451
-8211
-2755
-8315
-2931
-8259
-3275
-8195
-3507
-8315
-3683
-8275
-3915
-8235
-4211
-8211
-4347
-8299
-4699
-8283
-4939
-8291
-5195
-8211
-5371
-8275
-5619
-8291
-5811
-8283
-6035
-8227
-6267
-8243
-6635
-8315
-6771
-8291
-7067
-8227
-7299
-8275
-7507
-8307
-7739
-8291
-7987
-8203
-8307
-8227
-8555
-8283
-8779
-8211
-8915
-8315
-9179
-8195
-9515
-8315
-9659
-8235
-9987
-8283
-10147
-8307
-10387
-8203
-10667
-8275
-10931
-8299
-11067
-8235
-11435
-8315
-11659
-8291
-11875
-8283
-12059
-8315
-12283
-8251
-12619
-8307
-12763
-8299
-13003
-8291
-13339
-8251
-13595
-8259
-13771
-8307
-13947
-8259
-14227
-8259
-14539
-8275
-14691
-8219
-14915
-8227
-15179
-8195
-15395
-8227
-15699
-8203
-15931
-8259
-16195
-8259
-16459
-8259
-16675
-8251
-16955
-8227
-17083
-8203
-17411
-8283
-17571
-8195
-17899
-8243
-18027
-8307
-18339
-8299
-18619
-8227
-18835
-8483
85
-8427
-107
-8443
-363
-8547
-579
-8531
-795
-8515
-1011
-8475
-1299
-8427
-1515
-8507
-1715
-8499
-2059
-8459
-2251
-8475
-2499
-8507
-2763
-8499
-2915
-8523
-3187
-8459
-3419
-8539
-3651
-8491
-3931
-8459
-4227
-8499
-4347
-8523
-4619
-8427
-4835
-8459
-5091
-8555
-5403
-8499
-5627
-8451
-5803
-8499
-6139
-8523
-6339
-8491
-6523
-8475
-6811
-8499
-7035
-8515
-7339
-8547
-7571
-8523
-7707
-8531
-8035
-8555
-8259
-8475
-8555
-8539
-8763
-8523
-9019
-8547
-9267
-8467
-9491
-8531
-9667
-8555
-9955
-8475
-10219
-8491
-10347
-8467
-10659
-8539
-10867
-8459
-11083
-8467
-11315
-8435
-11635
-8427
-11819
-8531
-12075
-8539
-12291
-8475
-12539
-8499
-12803
-8467
-13083
-8483
-13331
-8507
-13595
-8427
-13795
-8451
-14075
-8483
-14227
-8523
-14531
-8547
-14795
-8555
-14995
-8491
-15187
-8451
-15507
-8435
-15723
-8491
-15883
-8539
-16115
-8515
-16459
-8435
-16651
-8555
-16899
-8427
-17179
-8491
-17395
-8491
-17571
-8491
-17787
-8483
-18035
-8459
-18267
-8547
-18635
-8451
-18811
-8747
109
-8771
-51
-8795
-347
-8683
-603
-8691
-859
-8699
-1051
-8795
-1355
-8731
-1563
-8787
-1747
-8779
-2011
-8787
-2315
-8675
-2531
-8787
-2755
-8779
-3003
-8739
-3203
-8723
-3395
-8715
-3643
-8731
-3883
-8771
-4123
-8755
-4395
-8763
-4611
-8771
-4939
-8723
-5187
-8739
-5347
-8739
-5635
-8763
-5883
-8787
-6115
-8691
-6371
-8771
-6627
-8723
-6763
-8771
-7011
-8723
-7227
-8771
-7507
-8779
-7787
-8763
-7987
-8771
-8299
-8723
-8555
-8707
-8715
-8683
-8923
-8771
-9195
-8667
-9459
-8795
-9747
-8723
-9867
-8723
-10227
-8707
-10379
-8715
-10715
-8763
-10931
-8731
-11123
-8795
-11323
-8675
-11619
-8763
-11867
-8691
-12091
-8795
-12363
-8787
-12531
-8675
-12851
-8699
-13083
-8787
-13307
-8779
-13523
-8763
-13811
-8763
-13947
-8707
-14187
-8691
-14555
-8771
-14763
-8779
-14947
-8739
-15227
-8723
-15475
-8747
-15731
-8763
-15867
-8731
-16107
-8779
-16443
-8675
-16699
-8787
-16915
-8795
-17083
-8779
-17355
-8787
-17603
-8723
-17883
-8683
-18155
-8795
-18379
-8787
-18515
-8715
-18875
-9027
101
-9035
-51
-9035
-275
-9011
-547
-8979
-779
-8947
-1051
-8955
-1355
-9019
-1571
-9003
-1763
-9019
-2067
-9027
-2243
-8963
-2443
-8907
-2755
-8939
-2923
-8955
-3227
-8907
-3451
-9003
-3691
-9011
-3931
-9019
-4131
-8947
-4467
-8931
-4659
-8963
-4835
-8995
-5195
-9035
-5371
-9035
-5587
-9019
-5915
-8987
-6091
-9003
-6275
-9003
-6507
-8987
-6771
-8963
-7027
-9019
-7275
-9003
-7587
-8979
-7771
-9027
-8075
-8971
-8203
-9003
-8539
-9035
-8779
-9011
-9003
-8947
-9187
-8947
-9451
-9035
-9651
-9011
-9907
-8907
-10219
-8955
-10403
-9019
-10691
-8987
-10859
-9027
-11147
-9003
-11347
-8963
-11563
-9027
-11891
-9011
-12147
-8987
-12379
-9027
-12619
-8931
-12827
-8987
-13107
-8939
-13331
-9011
-13571
-8955
-13803
-8987
-14035
-8971
-14283
-8995
-14435
-8955
-14675
-9035
-14987
-8931
-15267
-8931
-15427
-9035
-15739
-8995
-15883
-9035
-16179
-8947
-16355
-8947
-16587
-8979
-16867
-9019
-17179
-9035
-17339
-9027
-17619
-9003
-17867
-8979
-18147
-9019
-18331
-8931
-18555
-8931
-18811
-9155
133
-9179
-107
-9267
-331
-9259
-587
-9211
-771
-9275
-1019
-9235
-1299
-9211
-1539
-9259
-1771
-9243
-2067
-9187
-2195
-9211
-2443
-9147
-2739
-9235
-2971
-9219
-3243
-9171
-3467
-9259
-3683
-9275
-3931
-9179
-4171
-9243
-4443
-9275
-4635
-9179
-4931
-9211
-5131
-9171
-5435
-9235
-5635
-9203
-5899
-9203
-6139
-9251
-6371
-9267
-6507
-9259
-6835
-9275
-7091
-9267
-7251
-9267
-7523
-9267
-7779
-9267
-7963
-9227
-8203
-9203
-8523
-9259
-8699
-9251
-8979
-9275
-9155
-9227
-9491
-9227
-9699
-9219
-9963
-9275
-10155
-9219
-10411
-9267
-10675
-9275
-10923
-9147
-11163
-9211
-11411
-9219
-11603
-9211
-11915
-9155
-12051
-9203
-12315
-9195
-12587
-9267
-12851
-9187
-13107
-9243
-13299
-9219
-13595
-9187
-13763
-9203
-13979
-9251
-14251
-9219
-14531
-9211
-14667
-9243
-15027
-9243
-15267
-9219
-15507
-9235
-15747
-9275
-15987
-9171
-16227
-9179
-16427
-9267
-16627
-9275
-16923
-9147
-17083
-9275
-17387
-9179
-17675
-9267
-17899
-9187
-18043
-9219
-18323
-9147
-18619
-9179
-18819
-9427
125
-9443
-107
-9507
-371
-9499
-587
-9475
-755
-9475
-1043
-9483
-1315
-9491
-1563
-9459
-1763
-9419
-2051
-9499
-2195
-9507
-2451
-9475
-2795
-9411
-2987
-9411
-3219
-9491
-3403
-9491
-3699
-9515
-3979
-9467
-4195
-9475
-4371
-9499
-4619
-9507
-4843
-9475
-5099
-9387
-5379
-9387
-5619
-9499
-5835
-9427
-6067
-9395
-6323
-9451
-6555
-9435
-6811
-9467
-7011
-9499
-7347
-9467
-7539
-9467
-7723
-9491
-7955
-9491
-8187
-9395
-8491
-9507
-8755
-9483
-8987
-9387
-9155
-9475
-9419
-9403
-9723
-9403
-9971
-9443
-10163
-9507
-10363
-9483
-10635
-9515
-10843
-9515
-11147
-9467
-11339
-9459
-11643
-9483
-11803
-9459
-12147
-9515
-12307
-9435
-12555
-9475
-12867
-9443
-13067
-9507
-13275
-9507
-13563
-9411
-13755
-9411
-13947
-9387
-14307
-9475
-14539
-9395
-14739
-9499
-15035
-9467
-15211
-9443
-15395
-9387
-15691
-9387
-15963
-9395
-16139
-9475
-16395
-9483
-16611
-9507
-16923
-9459
-17163
-9459
-17435
-9443
-17579
-9507
-17795
-9475
-18027
-9467
-18371
-9387
-18579
-9419
-18859
-9731
149
-9651
-35
-9731
-363
-9739
-579
-9707
-755
-9651
-1115
-9643
-1243
-9739
-1571
-9691
-1707
-9723
-2019
-9699
-2291
-9683
-2555
-9707
-2731
-9683
-3019
-9627
-3179
-9659
-3419
-9707
-3635
-9715
-3867
-9667
-4219
-9731
-4403
-9723
-4715
-9747
-4915
-9635
-5163
-9691
-5323
-9707
-5571
-9707
-5891
-9755
-6075
-9707
-6347
-9747
-6627
-9683
-6859
-9731
-7083
-9707
-7355
-9731
-7563
-9715
-7747
-9683
-8059
-9699
-8251
-9627
-8443
-9723
-8747
-9715
-9035
-9747
-9259
-9739
-9499
-9643
-9627
-9715
-9995
-9747
-10187
-9723
-10355
-9731
-10643
-9723
-10827
-9683
-11163
-9747
-11331
-9731
-11547
-9675
-11915
-9699
-12067
-9723
-12363
-9675
-12587
-9707
-12819
-9755
-13027
-9691
-13315
-9675
-13507
-9675
-13723
-9739
-13947
-9627
-14251
-9715
-14555
-9723
-14779
-9651
-14979
-9691
-15155
-9659
-15403
-9747
-15755
-9731
-15867
-9723
-16179
-9691
-16411
-9691
-16707
-9659
-16859
-9747
-17075
-9747
-17347
-9739
-17595
-9627
-17803
-9691
-18075
-9755
-18267
-9723
-18611
-9723
-18859
-9867
149
-9947
-155
-9907
-355
-9875
-619
-9971
-875
-9947
-1107
-9891
-1347
-9875
-1539
-9995
-1747
-9899
-1979
-9995
-2203
-9955
-2555
-9899
-2699
-9971
-2939
-9931
-3267
-9939
-3507
-9939
-3731
-9995
-3891
-9867
-4163
-9987
-4459
-9955
-4627
-9899
-4947
-9987
-5067
-9931
-5355
-9971
-5675
-9867
-5875
-9931
-6035
-9931
-6355
-9995
-6635
-9987
-6811
-9907
-7067
-9923
-7275
-9971
-7571
-9899
-7803
-9907
-8067
-9995
-8227
-9907
-8499
-9931
-8763
-9955
-8963
-9875
-9267
-9907
-9435
-9963
-9651
-9979
-9987
-9955
-10123
-9979
-10395
-9963
-10683
-9899
-10931
-9915
-11163
-9875
-11403
-9947
-11651
-9891
-11811
-9995
-12131
-9867
-12299
-9955
-12579
-9939
-12875
-9891
-13027
-9931
-13275
-9955
-13547
-9963
-13779
-9979
-14027
-9907
-14195
-9995
-14515
-9939
-14779
-9939
-14995
-9939
-15219
-9867
-15491
-9939
-15651
-9915
-15923
-9987
-16155
-9995
-16371
-9899
-16675
-9899
-16899
-9947
-17075
-9915
-17387
-9995
-17627
-9987
-17867
-9931
-18091
-9971
-18387
-9995
-18523
-9955
-18875
-10171
149
-10235
-51
-10219
-379
-10171
-555
-10235
-843
-10187
-1107
-10171
-1235
-10107
-1467
-10235
-1803
-10219
-2035
-10235
-2291
-10211
-2443
-10187
-2795
-10211
-2923
-10227
-3195
-10227
-3507
-10123
-3691
-10219
-3939
-10163
-4123
-10179
-4395
-10107
-4651
-10131
-4931
-10203
-5083
-10235
-5395
-10187
-5635
-10195
-5787
-10115
-6043
-10147
-6379
-10195
-6531
-10179
-6859
-10195
-7035
-10147
-7347
-10219
-7531
-10235
-7723
-10187
-8019
-10203
-8195
-10131
-8555
-10211
-8795
-10219
-8947
-10203
-9195
-10171
-9459
-10227
-9675
-10163
-9947
-10235
-10131
-10195
-10443
-10155
-10691
-10203
-10923
-10235
-11155
-10147
-11371
-10195
-11603
-10227
-11907
-10171
-12147
-10171
-12291
-10227
-12507
-10107
-12867
-10211
-13043
-10219
-13227
-10203
-13571
-10115
-13723
-10211
-13995
-10171
-14299
-10219
-14499
-10219
-14699
-10163
-14979
-10203
-15267
-10211
-15387
-10187
-15627
-10195
-15867
-10107
-16155
-10131
-16419
-10139
-16635
-10227
-16899
-10179
-17131
-10195
-17427
-10211
-17571
-10155
-17819
-10235
-18051
-10179
-18323
-10235
-18619
-10115
-18867
-10475
93
-10443
-123
-10435
-371
-10427
-507
-10451
-779
-10411
-995
-10451
-1331
-10427
-1555
-10467
-1731
-10443
-2075
-10435
-2283
-10451
-2507
-10475
-2739
-10459
-3003
-10427
-3267
-10467
-3387
-10451
-3651
-10419
-3899
-10443
-4219
-10475
-4427
-10443
-4595
-10419
-4843
-10435
-5139
-10451
-5307
-10435
-5659
-10467
-5811
-10435
-6083
-10459
-6291
-10443
-6523
-10459
-6827
-10443
-7027
-10467
-7235
-10451
-7539
-10411
-7835
-10443
-7963
-10467
-8275
-10411
-8467
-10419
-8787
-10435
-8947
-10427
-9259
-10419
-9435
-10435
-9683
-10467
-9875
-10435
-10187
-10467
-10427
-10443
-10595
-10451
-10923
-10427
-11147
-10451
-11403
-10427
-11635
-10459
-11827
-10411
-12035
-10467
-12363
-10475
-12523
-10451
-12835
-10443
-13003
-10435
-13323
-10467
-13587
-10435
-13811
-10459
-13963
-10475
-14307
-10475
-14499
-10475
-14699
-10451
-14923
-10419
-15211
-10419
-15483
-10467
-15747
-10467
-15979
-10435
-16147
-10459
-16467
-10435
-16691
-10475
-16899
-10427
-17075
-10467
-17347
-10475
-17643
-10451
-17907
-10475
-18067
-10419
-18387
-10475
-18507
-10411
-18819
