93
238
147
-84
1293
-335
184
-609
336
-717
316
-1069
197
-1265
394
-1511
277
-1774
171
-1935
176
-2238
153
-2463
213
-2713
115
-2967
143
-3195
189
-3443
227
-3675
117
-3897
239
-4153
95
-4329
265
-4577
117
-4811
141
-5063
125
-5327
109
-5587
93
-5891
149
-6131
101
-6239
125
-6499
93
-6827
93
-7063
149
-7231
149
-7547
93
-7763
133
-7979
141
-8211
85
-8499
133
-8679
85
-8931
149
-9267
133
-9515
117
-9731
109
-9979
125
-10211
109
-10443
85
-10659
141
-10891
141
-11195
85
-11435
93
-11635
117
-11883
109
-12075
93
-12347
125
-12571
149
-12763
109
-13035
109
-13251
149
-13531
93
-13803
101
-14075
141
-14315
101
-14515
85
-14731
85
-14979
125
-15211
85
-15435
85
-15675
149
-15947
85
-16171
133
-16355
93
-16659
133
-16891
117
-17067
125
-17363
117
-17603
85
-17883
133
-18083
101
-18339
109
-18523
125
-18851
-95
231
-149
-79
-74
-317
-107
-513
-105
-841
-69
-1021
-107
-1229
-36
-1511
-114
-1679
-118
-1931
-95
-2226
-57
-2431
-111
-2753
-59
-2987
-87
-3241
-83
-3427
-105
-3679
-61
-3905
-111
-4119
-135
-4413
-125
-4669
-71
-4935
-47
-5123
-95
-5327
-123
-5631
-139
-5887
-155
-6131
-99
-6259
-39
-6499
-127
-6783
-143
-7027
-43
-7327
-51
-7523
-123
-7787
-123
-7967
-107
-8239
-123
-8475
-75
-8715
-99
-8975
-127
-9167
-115
-9439
-99
-9739
-91
-9955
-43
-10155
-91
-10387
-27
-10691
-155
-10827
-147
-11179
-67
-11403
-115
-11627
-107
-11907
-67
-12027
-107
-12395
-35
-12603
-147
-12811
-59
-13019
-83
-13331
-99
-13483
-43
-13787
-99
-14011
-75
-14203
-147
-14539
-59
-14739
-75
-15035
-139
-15211
-123
-15507
-115
-15755
-27
-15971
-83
-16131
-67
-16347
-155
-16691
-51
-16827
-99
-17099
-35
-17435
-131
-17659
-83
-17851
-123
-18147
-99
-18331
-75
-18547
-51
-18811
-271
132
-349
-21
-315
-295
-294
-510
-337
-801
-323
-1094
-287
-1223
-373
-1572
-348
-1743
-317
-1958
-367
-2263
-291
-2491
-339
-2713
-361
-2975
-345
-3179
-381
-3409
-265
-3639
-293
-3905
-247
-4161
-277
-4409
-271
-4647
-315
-4863
-379
-5075
-307
-5359
-271
-5635
-339
-5851
-315
-6059
-299
-6295
-395
-6539
-363
-6803
-319
-7027
-363
-7315
-315
-7491
-375
-7771
-371
-7943
-363
-8267
-343
-8483
-355
-8643
-339
-8947
-367
-9243
-355
-9499
-379
-9699
-387
-9931
-315
-10203
-355
-10387
-371
-10619
-379
-10899
-379
-11139
-387
-11363
-387
-11587
-371
-11891
-283
-12075
-387
-12379
-379
-12531
-371
-12867
-331
-13035
-363
-13315
-307
-13523
-395
-13723
-347
-14075
-315
-14251
-339
-14483
-395
-14715
-275
-14971
-299
-15211
-323
-15459
-307
-15755
-291
-15979
-395
-16107
-355
-16459
-387
-16643
-283
-16883
-267
-17107
-371
-17387
-315
-17563
-363
-17899
-275
-18139
-387
-18331
-323
-18587
-283
-18867
-599
1085
-553
-62
-582
-331
-583
-564
-547
-717
-515
-971
-544
-1204
-509
-1558
-536
-1730
-602
-1938
-535
-2287
-585
-2547
-575
-2779
-613
-2993
-527
-3147
-589
-3479
-531
-3623
-607
-3841
-581
-4151
-559
-4377
-625
-4655
-487
-4835
-587
-5139
-623
-5407
-599
-5635
-499
-5791
-567
-6135
-547
-6351
-591
-6607
-491
-6831
-547
-6967
-619
-7219
-599
-7571
-539
-7719
-551
-7983
-551
-8287
-555
-8499
-595
-8751
-591
-8915
-611
-9199
-583
-9507
-635
-9707
-595
-9963
-547
-10227
-587
-10427
-515
-10595
-563
-10939
-579
-11179
-571
-11363
-635
-11579
-531
-11899
-635
-12147
-523
-12387
-587
-12603
-595
-12755
-507
-13067
-579
-13243
-595
-13555
-611
-13787
-563
-13947
-531
-14219
-571
-14507
-619
-14723
-515
-14979
-523
-15147
-547
-15395
-611
-15643
-635
-15899
-595
-16211
-547
-16355
-563
-16707
-627
-16867
-627
-17067
-587
-17403
-635
-17595
-515
-17875
-587
-18091
-627
-18371
-611
-18547
-555
-18851
-831
219
-847
-39
-802
-281
-823
-624
-731
-810
-743
-987
-850
-1295
-758
-1509
-741
-1757
-771
-1941
-854
-2255
-765
-2425
-751
-2763
-735
-2951
-849
-3213
-813
-3377
-813
-3723
-869
-3889
-823
-4163
-807
-4427
-745
-4575
-819
-4899
-811
-5087
-859
-5415
-823
-5623
-751
-5795
-819
-6107
-827
-6267
-847
-6595
-823
-6803
-755
-6987
-799
-7343
-755
-7483
-747
-7715
-775
-7987
-863
-8267
-755
-8455
-779
-8683
-851
-8915
-811
-9263
-819
-9483
-819
-9699
-835
-9915
-867
-10115
-875
-10459
-787
-10587
-827
-10835
-851
-11107
-795
-11403
-755
-11571
-851
-11851
-771
-12139
-771
-12291
-867
-12627
-835
-12795
-867
-13115
-771
-13331
-771
-13547
-771
-13827
-859
-14011
-859
-14251
-803
-14555
-851
-14699
-755
-14915
-875
-15251
-835
-15483
-859
-15723
-843
-15995
-875
-16139
-803
-16363
-755
-16659
-803
-16867
-875
-17163
-875
-17323
-851
-17651
-763
-17803
-859
-18083
-819
-18379
-819
-18555
-755
-18867
-1003
502
-1087
-2
-1031
-310
-984
-540
-1020
-742
-1053
-1018
-1059
-1298
-1022
-1497
-1097
-1729
-1093
-2004
-1041
-2285
-1085
-2461
-993
-2747
-1075
-2999
-1079
-3111
-1085
-3485
-989
-3641
-1101
-3853
-987
-4089
-971
-4375
-1003
-4657
-1059
-4923
-1027
-5083
-1103
-5411
-987
-5595
-1091
-5815
-1007
-6027
-1027
-6291
-1051
-6571
-1059
-6755
-1059
-6995
-1067
-7215
-1035
-7547
-1075
-7819
-1091
-7951
-1055
-8271
-1083
-8415
-1079
-8715
-1051
-8983
-991
-9135
-1091
-9439
-1083
-9643
-995
-9963
-1043
-10171
-1003
-10467
-1067
-10643
-1003
-10899
-1091
-11123
-1051
-11435
-1035
-11571
-1011
-11835
-1107
-12155
-1043
-12363
-1107
-12563
-1067
-12779
-1067
-13027
-1083
-13243
-1059
-13579
-1011
-13723
-1067
-13971
-1003
-14299
-1091
-14507
-987
-14667
-1067
-14963
-1051
-15163
-1091
-15515
-1067
-15667
-1051
-15923
-1091
-16203
-1027
-16435
-1099
-16667
-1107
-16907
-1075
-17139
-1083
-17315
-1115
-17635
-1099
-17827
-1043
-18067
-1019
-18331
-1107
-18531
-1083
-18827
-1251
378
-1286
-37
-1302
-286
-1281
-511
-1247
-873
-1223
-1085
-1341
-1263
-1295
-1536
-1319
-1739
-1291
-1939
-1327
-2165
-1251
-2451
-1321
-2709
-1229
-2907
-1337
-3197
-1317
-3441
-1263
-3617
-1315
-3863
-1311
-4129
-1315
-4339
-1251
-4647
-1235
-4907
-1291
-5095
-1287
-5355
-1295
-5603
-1299
-5851
-1323
-6107
-1299
-6295
-1235
-6519
-1327
-6763
-1271
-7003
-1315
-7251
-1339
-7463
-1235
-7695
-1295
-7931
-1287
-8255
-1271
-8431
-1351
-8687
-1339
-8911
-1323
-9211
-1355
-9387
-1323
-9627
-1331
-9883
-1243
-10235
-1331
-10419
-1315
-10659
-1299
-10955
-1355
-11171
-1275
-11339
-1307
-11659
-1275
-11883
-1315
-12091
-1259
-12339
-1355
-12611
-1355
-12827
-1227
-13099
-1315
-13323
-1299
-13531
-1323
-13771
-1251
-13987
-1323
-14299
-1307
-14491
-1323
-14755
-1283
-14939
-1347
-15251
-1331
-15499
-1291
-15707
-1275
-15947
-1283
-16187
-1275
-16347
-1299
-16619
-1243
-16923
-1283
-17083
-1331
-17363
-1267
-17587
-1315
-17915
-1251
-18107
-1251
-18355
-1299
-18539
-1283
-18875
-1563
235
-1555
-109
-1475
-287
-1503
-545
-1539
-805
-1523
-1043
-1551
-1301
-1575
-1559
-1565
-1729
-1559
-2041
-1535
-2275
-1587
-2411
-1539
-2649
-1579
-2961
-1551
-3153
-1561
-3499
-1531
-3637
-1565
-3949
-1475
-4147
-1595
-4341
-1547
-4615
-1563
-4907
-1567
-5111
-1535
-5319
-1571
-5631
-1507
-5779
-1487
-6139
-1555
-6335
-1571
-6595
-1511
-6811
-1575
-7003
-1435
-7299
-1543
-7475
-1499
-7815
-1535
-7947
-1579
-8211
-1551
-8515
-1583
-8651
-1559
-8907
-1483
-9227
-1555
-9391
-1555
-9739
-1555
-9939
-1547
-10219
-1579
-10451
-1491
-10651
-1595
-10947
-1571
-11171
-1475
-11339
-1579
-11587
-1587
-11899
-1499
-12083
-1579
-12307
-1491
-12539
-1531
-12819
-1587
-13027
-1475
-13339
-1571
-13531
-1555
-13731
-1555
-13979
-1547
-14227
-1547
-14523
-1467
-14747
-1571
-15027
-1467
-15163
-1507
-15491
-1507
-15723
-1515
-15923
-1579
-16211
-1571
-16347
-1475
-16643
-1547
-16955
-1531
-17083
-1579
-17315
-1595
-17579
-1491
-17891
-1475
-18155
-1555
-18363
-1595
-18587
-1467
-18811
-1763
1293
-1775
-133
-1787
-327
-1771
-527
-1751
-729
-1747
-997
-1769
-1237
-1763
-1515
-1723
-1675
-1799
-1953
-1729
-2191
-1827
-2437
-1759
-2675
-1751
-2927
-1825
-3157
-1777
-3379
-1763
-3695
-1747
-3899
-1755
-4127
-1715
-4367
-1785
-4607
-1827
-4875
-1767
-5159
-1711
-5363
-1791
-5635
-1823
-5835
-1735
-6111
-1743
-6259
-1807
-6611
-1827
-6763
-1795
-6991
-1791
-7319
-1731
-7587
-1747
-7775
-1787
-7999
-1727
-8227
-1771
-8479
-1759
-8683
-1791
-8975
-1795
-9143
-1779
-9359
-1803
-9707
-1771
-9955
-1779
-10107
-1747
-10427
-1835
-10683
-1779
-10899
-1803
-11147
-1747
-11323
-1707
-11571
-1827
-11915
-1771
-12075
-1771
-12363
-1755
-12563
-1715
-12811
-1763
-13019
-1763
-13347
-1707
-13555
-1827
-13779
-1731
-14003
-1747
-14251
-1795
-14515
-1811
-14763
-1811
-14963
-1715
-15251
-1747
-15435
-1803
-15723
-1803
-15987
-1835
-16187
-1835
-16427
-1779
-16643
-1787
-16867
-1803
-17067
-1747
-17339
-1819
-17619
-1803
-17867
-1787
-18147
-1779
-18387
-1779
-18595
-1835
-18867
-1991
643
-2035
-127
-1943
-295
-2007
-557
-2037
-711
-1935
-1017
-1951
-1291
-1949
-1531
-1979
-1761
-2035
-1963
-2057
-2281
-1923
-2511
-2011
-2679
-2019
-3005
-2025
-3135
-2045
-3413
-2033
-3615
-2011
-3879
-2025
-4167
-2059
-4373
-2031
-4663
-2003
-4919
-1971
-5067
-1983
-5399
-1995
-5535
-1999
-5827
-1979
-6007
-2003
-6267
-2047
-6567
-2031
-6783
-2023
-7059
-2039
-7223
-2035
-7575
-2075
-7807
-2031
-8031
-1999
-8163
-1971
-8415
-1967
-8775
-2051
-8943
-2047
-9139
-2027
-9471
-1963
-9739
-2035
-9963
-2067
-10131
-1979
-10467
-2075
-10643
-2067
-10883
-2011
-11171
-2043
-11339
-2019
-11587
-2043
-11811
-1971
-12043
-1995
-12283
-2067
-12563
-1995
-12779
-1955
-13051
-2027
-13307
-2059
-13515
-2035
-13835
-2067
-14027
-1987
-14267
-2019
-14547
-1979
-14795
-2003
-14931
-2043
-15147
-2019
-15443
-2051
-15707
-1987
-15987
-1987
-16139
-1987
-16371
-2043
-16651
-2011
-16955
-2043
-17131
-2027
-17411
-2067
-17627
-2019
-17811
-1987
-18147
-2035
-18379
-1947
-18555
-2075
-18875
-2251
1443
-2237
-43
-2197
-343
-2183
-505
-2215
-867
-2279
-1089
-2295
-1321
-2245
-1503
-2241
-1763
-2195
-2003
-2259
-2305
-2301
-2553
-2287
-2667
-2263
-2987
-2213
-3187
-2289
-3433
-2267
-3679
-2191
-3931
-2271
-4107
-2207
-4389
-2233
-4567
-2287
-4911
-2195
-5179
-2283
-5291
-2283
-5515
-2239
-5875
-2295
-6119
-2175
-6279
-2243
-6539
-2251
-6779
-2271
-6987
-2223
-7303
-2183
-7575
-2283
-7795
-2235
-7943
-2175
-8243
-2235
-8479
-2283
-8775
-2231
-8947
-2191
-9171
-2263
-9439
-2235
-9627
-2307
-9891
-2315
-10219
-2291
-10475
-2219
-10699
-2291
-10915
-2291
-11171
-2227
-11363
-2267
-11627
-2235
-11811
-2291
-12075
-2315
-12363
-2283
-12563
-2291
-12755
-2275
-13099
-2307
-13331
-2315
-13539
-2227
-13803
-2299
-14011
-2219
-14227
-2275
-14547
-2267
-14779
-2219
-14939
-2291
-15179
-2283
-15387
-2307
-15675
-2291
-15947
-2227
-16123
-2219
-16347
-2251
-16611
-2275
-16843
-2307
-17107
-2227
-17435
-2283
-17579
-2283
-17787
-2219
-18099
-2267
-18299
-2299
-18635
-2211
-18867
-2531
145
-2535
-147
-2421
-331
-2499
-587
-2479
-757
-2525
-1027
-2455
-1329
-2551
-1471
-2507
-1705
-2543
-2035
-2497
-2255
-2537
-2443
-2519
-2671
-2431
-2933
-2527
-3267
-2499
-3423
-2453
-3625
-2497
-3851
-2397
-4189
-2543
-4319
-2551
-4635
-2515
-4811
-2423
-5123
-2539
-5311
-2507
-5527
-2515
-5907
-2467
-6071
-2427
-6331
-2467
-6591
-2527
-6823
-2527
-7011
-2543
-7311
-2467
-7475
-2435
-7815
-2487
-7927
-2471
-8223
-2499
-8511
-2535
-8635
-2499
-8907
-2483
-9251
-2495
-9483
-2515
-9707
-2467
-9875
-2475
-10195
-2467
-10427
-2555
-10587
-2539
-10835
-2483
-11147
-2555
-11435
-2459
-11627
-2491
-11835
-2547
-12115
-2531
-12275
-2531
-12563
-2491
-12851
-2539
-13059
-2459
-13323
-2467
-13563
-2531
-13827
-2499
-14075
-2547
-14211
-2475
-14427
-2435
-14739
-2499
-15011
-2491
-15195
-2483
-15475
-2467
-15699
-2443
-15915
-2467
-16235
-2547
-16387
-2499
-16603
-2499
-16827
-2547
-17067
-2531
-17427
-2523
-17667
-2523
-17915
-2531
-18035
-2499
-18275
-2499
-18587
-2547
-18819
-2775
141
-2675
-107
-2711
-311
-2679
-547
-2715
-795
-2779
-971
-2675
-1251
-2767
-1519
-2711
-1779
-2763
-2047
-2687
-2177
-2775
-2443
-2699
-2643
-2747
-2971
-2719
-3155
-2727
-3431
-2707
-3647
-2763
-3903
-2759
-4195
-2759
-4339
-2779
-4655
-2779
-4871
-2739
-5147
-2779
-5355
-2735
-5599
-2691
-5883
-2735
-6095
-2759
-6307
-2663
-6611
-2747
-6827
-2727
-7019
-2739
-7267
-2715
-7555
-2703
-7747
-2691
-8039
-2691
-8159
-2763
-8527
-2743
-8715
-2691
-8979
-2699
-9147
-2671
-9463
-2667
-9643
-2747
-9971
-2779
-10235
-2747
-10355
-2795
-10587
-2731
-10899
-2755
-11179
-2723
-11387
-2691
-11667
-2667
-11899
-2779
-12107
-2731
-12307
-2707
-12531
-2699
-12851
-2787
-13083
-2691
-13251
-2667
-13499
-2755
-13707
-2747
-14067
-2747
-14211
-2747
-14515
-2795
-14683
-2755
-14963
-2739
-15155
-2787
-15419
-2691
-15643
-2683
-15915
-2787
-16147
-2747
-16371
-2723
-16635
-2747
-16835
-2691
-17075
-2771
-17371
-2723
-17555
-2771
-17795
-2795
-18091
-2763
-18379
-2747
-18627
-2723
-18859
-3003
149
-2931
-103
-2991
-351
-3011
-627
-3023
-743
-2923
-1055
-2955
-1227
-2931
-1527
-2999
-1735
-3007
-2031
-2963
-2247
-3011
-2455
-3007
-2767
-3023
-2991
-3007
-3147
-2979
-3427
-2875
-3679
-3035
-3855
-2903
-4195
-2927
-4391
-2995
-4683
-3011
-4927
-2967
-5055
-2955
-5395
-2935
-5531
-3003
-5771
-2983
-6067
-2923
-6359
-2975
-6519
-2979
-6875
-3011
-7023
-2991
-7243
-2923
-7491
-2951
-7699
-2995
-7987
-2971
-8275
-2979
-8471
-2939
-8691
-2979
-8975
-2983
-9219
-2983
-9483
-2979
-9675
-3003
-9923
-2963
-10147
-2987
-10355
-2955
-10619
-2971
-10859
-3019
-11155
-2987
-11411
-2947
-11675
-3035
-11907
-2955
-12123
-3011
-12323
-3027
-12531
-3011
-12843
-3003
-13003
-2939
-13235
-2923
-13555
-3035
-13819
-2971
-14011
-3011
-14307
-2987
-14483
-2939
-14763
-2931
-15003
-3003
-15251
-3011
-15403
-3027
-15667
-2923
-15907
-3011
-16123
-3035
-16395
-3035
-16651
-3027
-16899
-2963
-17155
-3035
-17355
-3011
-17619
-3019
-17883
-2971
-18067
-2987
-18395
-3035
-18619
-2979
-18827
-3251
141
-3259
-87
-3207
-295
-3131
-475
-3191
-783
-3115
-1047
-3183
-1243
-3251
-1479
-3143
-1715
-3191
-2003
-3187
-2183
-3255
-2435
-3183
-2731
-3131
-2963
-3203
-3123
-3199
-3411
-3215
-3655
-3219
-3895
-3247
-4135
-3243
-4339
-3263
-4611
-3171
-4931
-3163
-5155
-3179
-5319
-3199
-5563
-3159
-5847
-3235
-6087
-3191
-6335
-3231
-6523
-3255
-6751
-3147
-6967
-3231
-7275
-3203
-7523
-3151
-7799
-3203
-7955
-3227
-8191
-3203
-8443
-3199
-8767
-3171
-8895
-3131
-9199
-3223
-9379
-3243
-9683
-3227
-9963
-3267
-10171
-3251
-10427
-3163
-10675
-3219
-10939
-3155
-11171
-3275
-11307
-3267
-11571
-3251
-11795
-3203
-12147
-3251
-12371
-3219
-12547
-3275
-12763
-3243
-13115
-3259
-13347
-3267
-13499
-3195
-13803
-3227
-13963
-3211
-14283
-3275
-14515
-3251
-14747
-3171
-15019
-3251
-15211
-3187
-15419
-3171
-15627
-3251
-15931
-3211
-16195
-3251
-16363
-3147
-16715
-3147
-16875
-3275
-17155
-3267
-17315
-3195
-17571
-3267
-17835
-3203
-18131
-3211
-18299
-3267
-18563
-3227
-18811
-3503
125
-3439
-51
-3383
-299
-3499
-575
-3387
-779
-3511
-1055
-3467
-1287
-3403
-1511
-3467
-1827
-3407
-1995
-3395
-2223
-3499
-2483
-3467
-2727
-3423
-2967
-3495
-3167
-3467
-3483
-3459
-3695
-3459
-3843
-3483
-4143
-3379
-4427
-3475
-4635
-3415
-4875
-3419
-5163
-3455
-5395
-3419
-5595
-3507
-5907
-3475
-6031
-3475
-6271
-3479
-6519
-3471
-6727
-3459
-7083
-3483
-7311
-3431
-7507
-3483
-7755
-3375
-8023
-3395
-8207
-3475
-8395
-3415
-8655
-3443
-8939
-3491
-9139
-3475
-9463
-3427
-9747
-3427
-9979
-3427
-10163
-3451
-10459
-3515
-10659
-3427
-10891
-3483
-11139
-3499
-11339
-3491
-11595
-3411
-11827
-3403
-12067
-3507
-12275
-3483
-12555
-3395
-12835
-3491
-13027
-3427
-13275
-3491
-13531
-3475
-13827
-3483
-13955
-3499
-14195
-3467
-14499
-3499
-14747
-3499
-15011
-3483
-15187
-3459
-15459
-3459
-15675
-3499
-15923
-3491
-16227
-3499
-16355
-3475
-16715
-3403
-16931
-3427
-17139
-3467
-17323
-3427
-17547
-3491
-17811
-3427
-18027
-3403
-18315
-3515
-18571
-3515
-18851
-3715
141
-3663
-67
-3663
-315
-3723
-587
-3739
-755
-3715
-1091
-3703
-1223
-3635
-1535
-3739
-1795
-3699
-2027
-3699
-2231
-3691
-2455
-3727
-2687
-3703
-2983
-3615
-3119
-3727
-3451
-3723
-3699
-3695
-3875
-3727
-4183
-3723
-4415
-3615
-4571
-3691
-4871
-3739
-5179
-3719
-5391
-3691
-5635
-3691
-5847
-3703
-6119
-3719
-6299
-3719
-6575
-3735
-6795
-3651
-7111
-3647
-7347
-3651
-7447
-3699
-7727
-3675
-8047
-3695
-8239
-3675
-8519
-3627
-8739
-3735
-8987
-3723
-9211
-3703
-9383
-3675
-9683
-3667
-9899
-3747
-10131
-3755
-10395
-3699
-10667
-3691
-10915
-3691
-11115
-3643
-11355
-3731
-11627
-3739
-11907
-3699
-12099
-3755
-12331
-3675
-12611
-3723
-12867
-3659
-13019
-3755
-13299
-3675
-13499
-3739
-13811
-3691
-14059
-3747
-14275
-3675
-14515
-3691
-14715
-3723
-14931
-3747
-15259
-3747
-15443
-3731
-15691
-3683
-15947
-3627
-16195
-3699
-16459
-3651
-16675
-3755
-16931
-3667
-17171
-3627
-17363
-3715
-17627
-3627
-17859
-3683
-18147
-3755
-18323
-3675
-18627
-3651
-18859
-3931
125
-3979
-43
-3987
-307
-3963
-539
-3879
-759
-3895
-1079
-3859
-1323
-3963
-1503
-3963
-1743
-3967
-2055
-3927
-2195
-3967
-2515
-3927
-2767
-3919
-2991
-3943
-3163
-3863
-3415
-3851
-3695
-3955
-3867
-3871
-4087
-3895
-4475
-3895
-4627
-3875
-4851
-3843
-5187
-3923
-5367
-3975
-5555
-3915
-5779
-3955
-6087
-3959
-6375
-3935
-6503
-3951
-6771
-3959
-7091
-3875
-7271
-3939
-7559
-3923
-7775
-3867
-7967
-3907
-8315
-3923
-8443
-3987
-8643
-3975
-8915
-3887
-9211
-3979
-9483
-3979
-9747
-3971
-9875
-3963
-10219
-3955
-10411
-3979
-10707
-3995
-10907
-3963
-11187
-3867
-11331
-3979
-11635
-3995
-11899
-3979
-12027
-3987
-12387
-3875
-12515
-3987
-12779
-3947
-12995
-3899
-13299
-3987
-13531
-3899
-13715
-3995
-14019
-3899
-14251
-3883
-14547
-3995
-14699
-3979
-15019
-3923
-15243
-3891
-15515
-3995
-15731
-3923
-15963
-3955
-16155
-3963
-16459
-3923
-16651
-3883
-16915
-3947
-17139
-3995
-17411
-3931
-17547
-3995
-17915
-3987
-18155
-3971
-18355
-3947
-18587
-3987
-18851
-4187
149
-4203
-83
-4159
-271
-4131
-515
-4231
-755
-4231
-1079
-4223
-1259
-4219
-1563
-4215
-1823
-4167
-2027
-4223
-2219
-4203
-2455
-4211
-2775
-4131
-2947
-4179
-3203
-4187
-3455
-4119
-3675
-4139
-3911
-4219
-4151
-4179
-4359
-4175
-4611
-4143
-4903
-4203
-5155
-4163
-5379
-4147
-5635
-4159
-5815
-4107
-6031
-4219
-6323
-4195
-6531
-4187
-6803
-4115
-7011
-4203
-7259
-4203
-7531
-4135
-7727
-4187
-8063
-4235
-8175
-4111
-8415
-4195
-8707
-4179
-8907
-4207
-9231
-4195
-9363
-4203
-9731
-4179
-9867
-4179
-10147
-4211
-10411
-4131
-10619
-4163
-10947
-4203
-11195
-4187
-11427
-4163
-11659
-4115
-11827
-4203
-12027
-4219
-12299
-4147
-12563
-4131
-12843
-4235
-13035
-4203
-13235
-4107
-13563
-4163
-13763
-4195
-14043
-4155
-14235
-4171
-14555
-4195
-14723
-4147
-14955
-4115
-15267
-4235
-15411
-4211
-15747
-4187
-15947
-4203
-16179
-4227
-16475
-4219
-16707
-4179
-16899
-4171
-17115
-4179
-17331
-4155
-17619
-4235
-17827
-4235
-18051
-4179
-18323
-4115
-18635
-4195
-18851
-4359
133
-4443
-95
-4371
-383
-4427
-611
-4451
-771
-4411
-1095
-4443
-1267
-4443
-1479
-4467
-1675
-4443
-1999
-4379
-2219
-4451
-2471
-4459
-2663
-4339
-3007
-4335
-3155
-4451
-3491
-4315
-3739
-4371
-3883
-4415
-4215
-4359
-4359
-4411
-4627
-4359
-4883
-4467
-5179
-4419
-5331
-4455
-5647
-4343
-5891
-4471
-6123
-4367
-6351
-4403
-6619
-4363
-6827
-4415
-6999
-4379
-7295
-4459
-7551
-4351
-7743
-4383
-8011
-4419
-8227
-4431
-8475
-4375
-8715
-4335
-8935
-4379
-9247
-4435
-9427
-4443
-9643
-4379
-9931
-4419
-10227
-4371
-10435
-4435
-10643
-4411
-10931
-4459
-11083
-4427
-11323
-4395
-11627
-4419
-11819
-4475
-12115
-4427
-12299
-4467
-12547
-4475
-12875
-4467
-13059
-4395
-13299
-4475
-13491
-4403
-13803
-4443
-13955
-4395
-14283
-4451
-14467
-4475
-14787
-4467
-15035
-4419
-15259
-4435
-15467
-4379
-15747
-4371
-15883
-4443
-16219
-4467
-16419
-4435
-16715
-4379
-16899
-4427
-17123
-4467
-17363
-4379
-17627
-4379
-17811
-4435
-18035
-4467
-18315
-4411
-18619
-4363
-18827
-4679
141
-4683
-63
-4611
-275
-4635
-591
-4619
-859
-4691
-987
-4587
-1211
-4675
-1559
-4711
-1767
-4679
-2011
-4615
-2187
-4707
-2427
-4675
-2763
-4683
-3015
-4675
-3191
-4643
-3427
-4591
-3655
-4683
-3879
-4659
-4215
-4571
-4399
-4643
-4631
-4655
-4891
-4667
-5143
-4687
-5427
-4687
-5555
-4587
-5891
-4683
-6059
-4683
-6383
-4627
-6583
-4671
-6863
-4563
-7071
-4623
-7319
-4659
-7491
-4667
-7707
-4651
-7979
-4679
-8287
-4603
-8523
-4663
-8643
-4703
-8943
-4659
-9131
-4671
-9399
-4699
-9715
-4643
-9963
-4691
-10107
-4611
-10355
-4595
-10611
-4683
-10843
-4595
-11179
-4643
-11387
-4683
-11635
-4659
-11867
-4603
-12131
-4651
-12307
-4635
-12619
-4699
-12803
-4691
-12995
-4619
-13283
-4619
-13555
-4627
-13739
-4699
-14067
-4619
-14291
-4643
-14459
-4683
-14739
-4635
-14971
-4707
-15155
-4587
-15435
-4691
-15635
-4659
-15979
-4683
-16155
-4691
-16435
-4675
-16651
-4603
-16875
-4715
-17187
-4643
-17419
-4715
-17643
-4643
-17891
-4675
-18027
-4627
-18347
-4611
-18563
-4667
-18843
-4879
141
-4923
-123
-4899
-267
-4915
-555
-4859
-795
-4927
-1007
-4799
-1231
-4867
-1487
-4911
-1715
-4911
-2043
-4835
-2183
-4951
-2495
-4895
-2647
-4919
-3007
-4907
-3155
-4843
-3419
-4863
-3679
-4839
-3859
-4803
-4171
-4915
-4391
-4951
-4631
-4907
-4935
-4883
-5127
-4923
-5327
-4907
-5607
-4907
-5843
-4847
-6095
-4859
-6367
-4903
-6619
-4899
-6847
-4827
-7071
-4815
-7259
-4947
-7535
-4895
-7719
-4887
-8003
-4907
-8231
-4839
-8451
-4863
-8747
-4887
-8947
-4867
-9243
-4855
-9435
-4907
-9747
-4907
-9979
-4859
-10171
-4923
-10435
-4883
-10715
-4915
-10843
-4867
-11115
-4955
-11379
-4939
-11619
-4875
-11899
-4899
-12147
-4915
-12379
-4931
-12547
-4843
-12803
-4931
-13011
-4907
-13307
-4955
-13523
-4891
-13795
-4883
-13955
-4851
-14251
-4859
-14467
-4915
-14699
-4907
-15011
-4931
-15163
-4955
-15483
-4891
-15643
-4955
-15939
-4875
-16227
-4891
-16363
-4867
-16683
-4851
-16947
-4883
-17107
-4955
-17419
-4947
-17667
-4867
-17915
-4955
-18067
-4915
-18323
-4923
-18507
-4867
-18843
-5151
141
-5075
-51
-5151
-315
-5083
-499
-5063
-815
-5059
-1059
-5111
-1223
-5103
-1563
-5079
-1799
-5099
-2067
-5143
-2223
-5119
-2467
-5159
-2671
-5163
-2879
-5175
-3147
-5099
-3467
-5107
-3667
-5079
-3991
-5055
-4119
-5171
-4403
-5143
-4647
-5123
-4895
-5059
-5163
-5155
-5299
-5139
-5543
-5163
-5895
-5131
-6047
-5163
-6311
-5087
-6495
-5115
-6767
-5127
-7003
-5091
-7327
-5155
-7487
-5183
-7687
-5115
-7955
-5083
-8179
-5107
-8407
-5087
-8707
-5091
-8911
-5151
-9263
-5111
-9415
-5171
-9755
-5179
-9899
-5139
-10219
-5091
-10379
-5155
-10659
-5195
-10843
-5155
-11163
-5155
-11427
-5083
-11643
-5155
-11907
-5083
-12083
-5171
-12291
-5155
-12635
-5083
-12787
-5187
-13099
-5195
-13243
-5131
-13595
-5147
-13731
-5187
-14011
-5179
-14235
-5163
-14475
-5187
-14755
-5171
-15011
-5099
-15251
-5115
-15419
-5195
-15731
-5091
-15875
-5171
-16147
-5123
-16395
-5099
-16715
-5163
-16939
-5163
-17115
-5187
-17307
-5123
-17571
-5163
-17787
-5179
-18059
-5187
-18379
-5171
-18515
-5107
-18819
-5363
141
-5411
-123
-5307
-311
-5403
-547
-5347
-859
-5403
-1115
-5427
-1283
-5379
-1435
-5411
-1811
-5427
-2051
-5339
-2255
-5419
-2507
-5347
-2751
-5395
-2995
-5411
-3275
-5411
-3403
-5427
-3651
-5403
-3995
-5379
-4175
-5315
-4403
-5435
-4715
-5307
-4887
-5411
-5163
-5323
-5391
-5331
-5587
-5427
-5787
-5403
-6059
-5371
-6347
-5435
-6603
-5395
-6803
-5411
-7115
-5419
-7283
-5363
-7535
-5395
-7723
-5403
-7955
-5339
-8159
-5363
-8495
-5411
-8715
-5347
-8979
-5435
-9275
-5403
-9387
-5363
-9683
-5411
-9971
-5435
-10227
-5339
-10443
-5419
-10603
-5427
-10827
-5339
-11131
-5411
-11427
-5435
-11563
-5387
-11851
-5387
-12115
-5371
-12339
-5339
-12555
-5411
-12835
-5339
-13035
-5419
-13323
-5403
-13563
-5347
-13763
-5379
-14043
-5411
-14203
-5339
-14443
-5387
-14699
-5427
-14963
-5371
-15251
-5363
-15515
-5331
-15755
-5419
-15931
-5379
-16147
-5363
-16419
-5347
-16595
-5435
-16955
-5379
-17083
-5395
-17435
-5347
-17579
-5411
-17891
-5427
-18027
-5387
-18387
-5363
-18595
-5419
-18875
-5635
109
-5667
-155
-5587
-283
-5643
-571
-5635
-859
-5643
-1099
-5587
-1259
-5659
-1507
-5587
-1811
-5619
-2067
-5659
-2227
-5571
-2475
-5667
-2739
-5619
-2915
-5611
-3275
-5675
-3459
-5651
-3667
-5603
-3923
-5643
-4163
-5627
-4467
-5635
-4691
-5619
-4867
-5603
-5091
-5563
-5411
-5675
-5659
-5675
-5811
-5603
-6107
-5627
-6299
-5651
-6595
-5587
-6811
-5659
-7027
-5667
-7267
-5547
-7563
-5643
-7755
-5587
-8003
-5651
-8243
-5627
-8475
-5571
-8755
-5587
-8955
-5675
-9195
-5651
-9443
-5611
-9723
-5635
-9867
-5635
-10203
-5675
-10355
-5627
-10659
-5675
-10875
-5611
-11067
-5595
-11355
-5643
-11675
-5675
-11875
-5675
-12075
-5619
-12267
-5587
-12547
-5611
-12803
-5611
-13107
-5611
-13299
-5667
-13539
-5619
-13731
-5611
-13971
-5611
-14203
-5667
-14483
-5603
-14731
-5651
-15011
-5587
-15275
-5635
-15451
-5571
-15731
-5675
-15979
-5659
-16227
-5619
-16419
-5595
-16651
-5611
-16923
-5675
-17171
-5571
-17387
-5667
-17611
-5595
-17859
-5627
-18123
-5651
-18275
-5619
-18579
-5627
-18827
-5915
93
-5891
-35
-5891
-355
-5907
-619
-5891
-747
-5915
-1083
-5843
-1275
-5787
-1523
-5899
-1827
-5811
-1987
-5851
-2251
-5787
-2507
-5851
-2763
-5899
-3003
-5827
-3147
-5827
-3403
-5891
-3627
-5795
-3899
-5827
-4187
-5851
-4347
-5859
-4595
-5907
-4883
-5867
-5155
-5827
-5395
-5803
-5603
-5867
-5851
-5883
-6051
-5859
-6355
-5859
-6619
-5859
-6811
-5843
-7027
-5907
-7243
-5883
-7539
-5859
-7723
-5867
-8035
-5843
-8211
-5891
-8531
-5883
-8667
-5859
-9011
-5859
-9235
-5867
-9475
-5851
-9659
-5891
-9867
-5891
-10131
-5835
-10347
-5899
-10699
-5795
-10923
-5867
-11139
-5915
-11315
-5915
-11659
-5851
-11907
-5843
-12107
-5811
-12267
-5899
-12571
-5915
-12779
-5787
-13091
-5915
-13315
-5899
-13515
-5891
-13787
-5867
-14051
-5907
-14227
-5867
-14539
-5843
-14771
-5803
-15011
-5795
-15179
-5875
-15499
-5915
-15667
-5851
-15971
-5803
-16195
-5835
-16403
-5843
-16699
-5843
-16939
-5867
-17075
-5907
-17379
-5827
-17635
-5787
-17875
-5827
-18139
-5907
-18339
-5835
-18539
-5835
-18875
-6155
101
-6123
-35
-6131
-323
-6131
-563
-6131
-835
-6051
-1051
-6067
-1235
-6147
-1547
-6075
-1811
-6155
-2035
-6051
-2211
-6139
-2467
-6035
-2675
-6035
-2995
-6075
-3267
-6115
-3443
-6147
-3659
-6099
-3867
-6083
-4155
-6155
-4347
-6147
-4675
-6147
-4947
-6083
-5155
-6123
-5395
-6067
-5635
-6067
-5899
-6075
-6043
-6155
-6267
-6091
-6619
-6107
-6819
-6099
-7067
-6099
-7315
-6099
-7571
-6043
-7723
-6027
-8067
-6043
-8259
-6083
-8451
-6075
-8755
-6035
-8931
-6147
-9235
-6075
-9515
-6059
-9667
-6083
-9915
-6139
-10171
-6059
-10443
-6099
-10603
-6075
-10843
-6091
-11107
-6147
-11307
-6075
-11635
-6131
-11843
-6091
-12091
-6043
-12363
-6051
-12611
-6147
-12763
-6155
-13107
-6155
-13235
-6059
-13507
-6123
-13811
-6067
-13963
-6051
-14243
-6067
-14443
-6147
-14699
-6123
-15003
-6083
-15147
-6131
-15515
-6131
-15683
-6139
-15915
-6155
-16187
-6139
-16467
-6131
-16595
-6115
-16891
-6107
-17083
-6139
-17427
-6051
-17667
-6139
-17899
-6099
-18155
-6139
-18307
-6059
-18539
-6131
-18875
-6339
101
-6267
-27
-6283
-387
-6387
-539
-6267
-851
-6323
-1035
-6355
-1291
-6283
-1595
-6395
-1763
-6363
-1955
-6371
-2283
-6267
-2547
-6355
-2699
-6387
-2923
-6307
-3259
-6331
-3499
-6387
-3683
-6387
-3971
-6347
-4115
-6347
-4419
-6307
-4707
-6371
-4907
-6299
-5131
-6307
-5339
-6347
-5579
-6347
-5787
-6299
-6155
-6291
-6299
-6355
-6579
-6339
-6851
-6355
-7027
-6387
-7291
-6355
-7531
-6299
-7787
-6331
-8035
-6379
-8195
-6323
-8491
-6395
-8771
-6283
-8971
-6267
-9267
-6395
-9507
-6323
-9707
-6331
-9891
-6395
-10195
-6379
-10355
-6347
-10659
-6379
-10955
-6395
-11123
-6387
-11379
-6395
-11579
-6323
-11803
-6387
-12035
-6379
-12275
-6387
-12563
-6363
-12843
-6267
-12995
-6291
-13355
-6387
-13467
-6323
-13707
-6267
-13987
-6395
-14211
-6395
-14507
-6283
-14691
-6283
-14979
-6379
-15203
-6387
-15491
-6395
-15707
-6395
-15867
-6331
-16107
-6347
-16467
-6339
-16635
-6387
-16867
-6395
-17107
-6363
-17331
-6363
-17659
-6363
-17899
-6339
-18099
-6315
-18283
-6363
-18635
-6323
-18843
-6555
101
-6627
-43
-6539
-283
-6523
-611
-6627
-867
-6587
-1019
-6579
-1347
-6587
-1475
-6555
-1755
-6539
-2003
-6619
-2251
-6595
-2515
-6547
-2755
-6531
-3027
-6627
-3147
-6523
-3499
-6523
-3635
-6635
-3931
-6611
-4163
-6627
-4379
-6515
-4619
-6611
-4883
-6635
-5083
-6587
-5331
-6611
-5659
-6611
-5907
-6587
-6059
-6555
-6315
-6507
-6523
-6619
-6795
-6507
-7035
-6531
-7235
-6611
-7563
-6523
-7795
-6579
-7995
-6579
-8187
-6603
-8435
-6531
-8771
-6515
-9027
-6539
-9195
-6611
-9475
-6587
-9659
-6627
-9875
-6507
-10219
-6635
-10411
-6555
-10683
-6635
-10843
-6595
-11155
-6531
-11387
-6587
-11651
-6523
-11803
-6627
-12075
-6619
-12347
-6611
-12539
-6603
-12835
-6571
-13027
-6523
-13315
-6547
-13555
-6603
-13763
-6619
-13963
-6555
-14307
-6627
-14427
-6603
-14787
-6635
-14971
-6603
-15243
-6635
-15515
-6635
-15643
-6611
-15987
-6587
-16107
-6579
-16371
-6619
-16643
-6555
-16915
-6603
-17155
-6595
-17307
-6579
-17595
-6563
-17859
-6603
-18099
-6579
-18267
-6603
-18555
-6571
-18827
-6867
117
-6803
-131
-6827
-307
-6875
-579
-6851
-763
-6867
-1115
-6787
-1291
-6747
-1547
-6819
-1715
-6867
-1955
-6843
-2227
-6827
-2435
-6843
-2731
-6819
-2931
-6811
-3179
-6795
-3483
-6827
-3667
-6835
-3971
-6859
-4171
-6851
-4347
-6763
-4691
-6843
-4899
-6819
-5075
-6771
-5315
-6843
-5675
-6803
-5899
-6851
-6043
-6819
-6331
-6811
-6531
-6835
-6851
-6811
-7099
-6843
-7275
-6835
-7491
-6771
-7739
-6827
-7979
-6771
-8235
-6859
-8547
-6747
-8739
-6859
-8931
-6771
-9155
-6859
-9491
-6827
-9715
-6851
-9915
-6763
-10107
-6819
-10379
-6779
-10651
-6803
-10875
-6875
-11179
-6843
-11339
-6835
-11579
-6875
-11899
-6803
-12115
-6747
-12395
-6803
-12555
-6843
-12867
-6835
-13019
-6803
-13267
-6795
-13571
-6779
-13819
-6827
-13971
-6859
-14315
-6835
-14443
-6819
-14747
-6851
-14915
-6755
-15251
-6811
-15483
-6827
-15683
-6763
-15947
-6875
-16187
-6867
-16467
-6859
-16635
-6867
-16939
-6875
-17091
-6859
-17363
-6867
-17579
-6835
-17835
-6803
-18027
-6747
-18331
-6795
-18555
-6867
-18875
-7051
149
-7051
-51
-6987
-371
-7083
-523
-7051
-803
-7115
-1035
-7051
-1267
-7083
-1547
-7083
-1707
-7099
-2003
-7035
-2259
-7051
-2547
-7075
-2699
-7091
-2955
-7107
-3155
-7099
-3491
-7075
-3707
-7099
-3915
-7075
-4227
-7059
-4443
-7075
-4699
-7027
-4939
-7091
-5187
-7099
-5307
-7099
-5587
-7035
-5891
-7115
-6155
-7075
-6283
-7099
-6611
-7019
-6747
-7107
-7115
-7083
-7275
-7091
-7547
-7027
-7739
-6995
-7979
-7019
-8267
-7083
-8547
-7075
-8723
-6987
-8963
-7027
-9187
-7075
-9451
-7059
-9731
-6995
-9907
-7091
-10203
-7067
-10451
-7075
-10675
-7027
-10907
-7067
-11147
-7043
-11307
-7067
-11675
-7115
-11891
-7091
-12139
-7107
-12331
-7011
-12515
-7115
-12795
-7051
-13107
-6987
-13243
-7011
-13499
-7067
-13803
-7035
-13987
-7107
-14219
-7011
-14491
-7107
-14691
-7067
-14955
-7091
-15211
-7059
-15395
-7099
-15683
-7067
-15947
-6995
-16187
-7091
-16459
-7011
-16683
-7083
-16851
-7019
-17107
-7107
-17411
-7051
-17547
-7067
-17835
-7107
-18139
-7075
-18299
-7019
-18611
-7099
-18843
-7347
125
-7339
-83
-7331
-307
-7347
-603
-7251
-811
-7243
-1099
-7331
-1243
-7283
-1483
-7243
-1715
-7331
-2027
-7331
-2211
-7235
-2459
-7267
-2731
-7347
-2923
-7323
-3219
-7235
-3515
-7243
-3635
-7339
-3907
-7251
-4195
-7267
-4355
-7259
-4683
-7299
-4947
-7315
-5179
-7323
-5419
-7339
-5587
-7259
-5843
-7315
-6083
-7331
-6299
-7291
-6523
-7339
-6795
-7339
-7043
-7227
-7251
-7355
-7571
-7323
-7771
-7275
-7995
-7259
-8251
-7315
-8491
-7339
-8739
-7299
-8915
-7291
-9219
-7315
-9403
-7307
-9675
-7347
-9971
-7267
-10235
-7323
-10355
-7299
-10667
-7275
-10907
-7339
-11179
-7355
-11323
-7291
-11547
-7283
-11819
-7355
-12155
-7339
-12395
-7323
-12587
-7275
-12811
-7355
-13091
-7299
-13339
-7307
-13563
-7323
-13827
-7291
-14059
-7347
-14315
-7347
-14491
-7243
-14787
-7323
-14995
-7235
-15163
-7283
-15483
-7331
-15739
-7339
-15995
-7299
-16147
-7315
-16451
-7355
-16675
-7347
-16843
-7227
-17195
-7299
-17387
-7315
-17555
-7227
-17915
-7251
-18043
-7355
-18339
-7323
-18555
-7235
-18819
-7483
133
-7475
-43
-7515
-379
-7579
-587
-7475
-851
-7555
-1107
-7579
-1347
-7587
-1555
-7571
-1795
-7587
-1971
-7531
-2267
-7531
-2483
-7587
-2771
-7579
-3011
-7491
-3155
-7555
-3515
-7531
-3707
-7595
-3883
-7587
-4203
-7523
-4355
-7499
-4587
-7515
-4923
-7587
-5115
-7595
-5331
-7531
-5651
-7555
-5907
-7547
-6027
-7555
-6275
-7555
-6635
-7571
-6763
-7539
-6987
-7579
-7299
-7571
-7539
-7483
-7723
-7531
-7947
-7595
-8283
-7587
-8459
-7547
-8691
-7539
-8923
-7595
-9163
-7563
-9475
-7515
-9627
-7563
-9971
-7555
-10171
-7595
-10459
-7539
-10587
-7579
-10827
-7563
-11155
-7571
-11411
-7555
-11675
-7555
-11867
-7531
-12043
-7523
-12275
-7555
-12523
-7507
-12795
-7563
-13003
-7571
-13315
-7579
-13547
-7531
-13779
-7571
-13947
-7547
-14299
-7539
-14475
-7571
-14739
-7595
-15035
-7531
-15147
-7587
-15451
-7507
-15683
-7491
-15931
-7587
-16131
-7531
-16403
-7571
-16627
-7595
-16835
-7515
-17099
-7587
-17395
-7547
-17587
-7539
-17915
-7515
-18115
-7595
-18371
-7467
-18563
-7523
-18859
-7827
85
-7835
-147
-7811
-363
-7763
-555
-7755
-795
-7827
-1115
-7771
-1347
-7803
-1515
-7707
-1755
-7811
-2019
-7795
-2211
-7811
-2483
-7835
-2667
-7787
-2979
-7707
-3155
-7795
-3499
-7779
-3755
-7755
-3923
-7827
-4179
-7811
-4395
-7755
-4643
-7771
-4899
-7835
-5075
-7747
-5371
-7731
-5595
-7827
-5827
-7803
-6035
-7811
-6267
-7811
-6539
-7731
-6755
-7835
-7115
-7747
-7323
-7731
-7547
-7723
-7763
-7827
-8035
-7803
-8307
-7707
-8435
-7739
-8755
-7827
-8971
-7819
-9203
-7779
-9403
-7835
-9699
-7835
-9923
-7771
-10187
-7803
-10419
-7795
-10659
-7707
-10843
-7771
-11075
-7707
-11371
-7795
-11587
-7787
-11891
-7747
-12027
-7827
-12395
-7835
-12619
-7779
-12747
-7763
-13075
-7731
-13275
-7819
-13555
-7787
-13771
-7771
-14043
-7811
-14195
-7787
-14467
-7795
-14699
-7755
-14931
-7811
-15203
-7707
-15427
-7795
-15699
-7763
-15875
-7795
-16227
-7803
-16411
-7755
-16627
-7707
-16931
-7811
-17195
-7835
-17427
-7771
-17603
-7787
-17819
-7739
-18035
-7731
-18267
-7755
-18595
-7811
-18811
-8027
141
-8067
-83
-8035
-307
-8003
-539
-8059
-795
-7971
-1115
-8003
-1315
-8075
-1595
-8035
-1811
-8051
-2059
-8059
-2219
-8019
-2443
-8011
-2667
-8043
-2971
-8003
-3155
-8027
-3499
-8075
-3627
-7995
-3867
-8035
-4227
-7971
-4459
-7995
-4699
-8043
-4899
-8075
-5099
-8043
-5395
-8003
-5635
-8059
-5851
-7963
-6147
-8035
-6363
-8043
-6587
-7963
-6763
-7987
-7067
-8027
-7299
-8003
-7547
-8059
-7811
-8067
-8059
-8059
-8283
-8075
-8475
-7979
-8739
-8067
-8915
-8067
-9251
-7979
-9467
-8051
-9739
-8043
-9987
-8027
-10155
-8027
-10451
-7987
-10627
-8035
-10835
-7979
-11147
-8059
-11427
-7995
-11667
-8075
-11907
-8067
-12131
-8043
-12347
-8019
-12547
-8011
-12803
-7963
-13083
-8051
-13291
-8067
-13587
-8035
-13795
-7979
-14027
-8067
-14307
-8075
-14523
-8035
-14795
-7971
-14955
-8003
-15171
-8035
-15467
-8027
-15627
-7987
-15883
-8019
-16155
-8059
-16467
-8003
-16683
-7979
-16875
-8075
-17163
-7987
-17331
-7995
-17667
-8075
-17859
-7955
-18155
-8059
-18363
-8067
-18627
-8019
-18875
-8299
141
-8267
-115
-8283
-363
-8219
-523
-8299
-843
-8299
-1107
-8315
-1347
-8243
-1515
-8227
-1795
-8267
-2035
-8227
-2251
-8227
-2451
-8307
-2755
-8235
-3003
-8315
-3163
-8219
-3459
-8283
-3691
-8275
-3947
-8259
-4179
-8315
-4379
-8211
-4619
-8211
-4931
-8275
-5123
-8315
-5371
-8259
-5635
-8291
-5787
-8195
-6067
-8283
-6379
-8315
-6539
-8187
-6787
-8267
-7075
-8275
-7347
-8259
-7595
-8243
-7715
-8219
-8027
-8251
-8275
-8307
-8483
-8315
-8779
-8195
-9027
-8251
-9259
-8251
-9483
-8283
-9723
-8307
-9955
-8211
-10139
-8299
-10427
-8227
-10675
-8251
-10891
-8291
-11123
-8195
-11307
-8227
-11587
-8235
-11875
-8291
-12043
-8283
-12291
-8275
-12539
-8283
-12787
-8219
-13019
-8315
-13251
-8187
-13467
-8227
-13755
-8259
-13947
-8187
-14219
-8243
-14435
-8219
-14755
-8235
-14963
-8227
-15227
-8315
-15403
-8235
-15691
-8315
-15907
-8299
-16139
-8219
-16443
-8291
-16667
-8267
-16947
-8299
-17147
-8315
-17371
-8283
-17579
-8187
-17899
-8211
-18027
-8211
-18267
-8267
-18587
-8283
-18827
-8451
125
-8515
-75
-8483
-275
-8539
-523
-8483
-795
-8435
-1107
-8499
-1307
-8483
-1579
-8523
-1771
-8435
-2003
-8467
-2291
-8499
-2523
-8555
-2683
-8443
-2971
-8555
-3235
-8467
-3507
-8555
-3691
-8555
-3995
-8499
-4235
-8555
-4419
-8499
-4635
-8475
-4891
-8515
-5075
-8475
-5363
-8459
-5563
-8451
-5843
-8555
-6051
-8459
-6299
-8475
-6563
-8531
-6755
-8555
-7027
-8515
-7339
-8507
-7475
-8523
-7811
-8427
-8003
-8523
-8283
-8515
-8523
-8531
-8731
-8475
-8979
-8491
-9163
-8523
-9395
-8555
-9739
-8443
-9971
-8507
-10171
-8507
-10443
-8531
-10603
-8483
-10907
-8555
-11195
-8555
-11379
-8539
-11619
-8491
-11803
-8515
-12123
-8547
-12347
-8467
-12515
-8475
-12819
-8555
-12987
-8427
-13355
-8443
-13587
-8523
-13787
-8555
-13987
-8499
-14315
-8435
-14435
-8555
-14731
-8547
-14987
-8523
-15211
-8459
-15387
-8475
-15755
-8507
-15867
-8507
-16155
-8539
-16395
-8435
-16603
-8483
-16891
-8547
-17083
-8531
-17339
-8523
-17659
-8531
-17899
-8555
-18027
-8539
-18323
-8491
-18507
-8547
-18827
-8715
149
-8667
-115
-8787
-371
-8723
-523
-8771
-875
-8723
-1051
-8675
-1227
-8763
-1547
-8755
-1787
-8691
-2011
-8675
-2283
-8691
-2427
-8731
-2755
-8779
-2979
-8795
-3179
-8755
-3387
-8755
-3731
-8779
-3947
-8795
-4171
-8683
-4411
-8755
-4683
-8787
-4867
-8763
-5147
-8731
-5339
-8771
-5667
-8763
-5899
-8755
-6155
-8771
-6363
-8715
-6619
-8771
-6755
-8675
-7043
-8747
-7323
-8715
-7587
-8715
-7723
-8731
-8059
-8675
-8243
-8771
-8555
-8763
-8691
-8747
-8987
-8795
-9179
-8779
-9491
-8715
-9739
-8739
-9883
-8691
-10115
-8675
-10451
-8771
-10715
-8755
-10891
-8763
-11091
-8675
-11419
-8675
-11643
-8675
-11803
-8739
-12123
-8739
-12331
-8691
-12515
-8707
-12747
-8779
-13011
-8707
-13347
-8795
-13475
-8787
-13803
-8795
-13979
-8691
-14283
-8683
-14499
-8771
-14707
-8707
-14995
-8683
-15195
-8755
-15475
-8667
-15627
-8755
-15939
-8779
-16123
-8667
-16459
-8675
-16595
-8755
-16955
-8787
-17123
-8755
-17331
-8795
-17643
-8675
-17851
-8675
-18131
-8779
-18275
-8739
-18507
-8747
-18811
-9003
117
-8979
-35
-8979
-331
-9035
-579
-8979
-851
-9035
-1027
-9035
-1315
-9035
-1507
-8979
-1763
-8955
-2075
-8955
-2275
-9019
-2435
-8947
-2747
-8931
-3003
-8931
-3195
-8907
-3427
-8987
-3643
-8939
-3947
-8915
-4115
-8955
-4435
-8971
-4619
-9027
-4947
-8955
-5115
-9011
-5307
-9027
-5563
-8907
-5811
-9027
-6115
-9011
-6387
-9019
-6555
-8979
-6867
-9035
-7051
-8971
-7331
-9035
-7539
-9019
-7819
-9011
-7955
-9027
-8251
-9027
-8491
-9027
-8795
-8963
-8963
-8931
-9275
-9027
-9451
-9003
-9699
-8995
-9875
-9027
-10235
-8995
-10459
-8955
-10691
-9003
-10891
-8915
-11179
-9035
-11371
-8995
-11667
-9003
-11835
-8971
-12035
-9019
-12379
-9011
-12507
-8995
-12747
-8987
-13099
-8955
-13307
-9011
-13579
-9035
-13763
-8963
-14019
-9027
-14275
-8923
-14459
-9011
-14739
-8931
-14987
-9035
-15235
-8955
-15387
-9003
-15651
-9011
-15947
-9035
-16115
-8931
-16347
-9019
-16691
-9035
-16915
-9011
-17091
-9027
-17355
-9027
-17667
-9035
-17819
-9003
-18059
-9035
-18299
-8979
-18555
-8979
-18875
-9275
109
-9267
-107
-9203
-339
-9155
-555
-9155
-827
-9211
-1035
-9227
-1243
-9267
-1547
-9243
-1731
-9211
-2035
-9163
-2203
-9259
-2539
-9251
-2763
-9275
-3003
-9259
-3211
-9243
-3419
-9195
-3707
-9187
-3939
-9227
-4179
-9171
-4467
-9163
-4595
-9243
-4891
-9235
-5107
-9163
-5395
-9147
-5563
-9219
-5843
-9227
-6147
-9259
-6315
-9259
-6635
-9227
-6859
-9211
-7091
-9179
-7339
-9251
-7499
-9243
-7787
-9251
-7955
-9203
-8227
-9211
-8475
-9163
-8755
-9171
-8907
-9163
-9171
-9235
-9475
-9243
-9667
-9227
-9947
-9259
-10107
-9243
-10347
-9219
-10683
-9147
-10827
-9227
-11171
-9267
-11315
-9219
-11595
-9147
-11859
-9243
-12051
-9227
-12291
-9275
-12603
-9195
-12755
-9211
-13091
-9235
-13243
-9179
-13531
-9227
-13827
-9187
-14051
-9147
-14195
-9219
-14547
-9171
-14771
-9243
-15011
-9275
-15267
-9275
-15483
-9227
-15731
-9235
-15915
-9195
-16131
-9147
-16451
-9187
-16643
-9211
-16827
-9227
-17195
-9211
-17379
-9251
-17555
-9275
-17859
-9275
-18123
-9195
-18291
-9163
-18611
-9227
-18835
-9507
101
-9459
-91
-9491
-339
-9459
-531
-9499
-795
-9459
-1043
-9507
-1355
-9467
-1539
-9507
-1811
-9435
-1963
-9443
-2267
-9459
-2435
-9403
-2763
-9427
-2979
-9515
-3147
-9443
-3427
-9459
-3731
-9459
-3915
-9451
-4131
-9499
-4395
-9443
-4699
-9475
-4907
-9395
-5139
-9419
-5427
-9483
-5587
-9515
-5811
-9443
-6059
-9491
-6387
-9403
-6635
-9443
-6795
-9499
-7027
-9499
-7315
-9499
-7579
-9483
-7707
-9443
-8043
-9411
-8291
-9435
-8491
-9387
-8675
-9507
-8963
-9515
-9203
-9507
-9459
-9475
-9675
-9443
-9947
-9515
-10147
-9507
-10411
-9499
-10595
-9459
-10923
-9515
-11107
-9499
-11331
-9467
-11627
-9435
-11811
-9467
-12043
-9475
-12331
-9435
-12563
-9395
-12859
-9499
-13091
-9515
-13339
-9419
-13467
-9475
-13803
-9499
-13955
-9459
-14275
-9451
-14475
-9483
-14795
-9411
-15019
-9491
-15203
-9411
-15419
-9507
-15643
-9459
-15907
-9475
-16235
-9387
-16379
-9467
-16707
-9427
-16931
-9507
-17155
-9499
-17411
-9403
-17563
-9507
-17795
-9475
-18027
-9507
-18307
-9403
-18531
-9443
-18851
-9643
149
-9755
-115
-9755
-387
-9739
-595
-9755
-819
-9707
-1019
-9723
-1355
-9699
-1499
-9723
-1827
-9651
-2059
-9715
-2251
-9755
-2499
-9723
-2795
-9627
-2907
-9675
-3187
-9723
-3515
-9723
-3707
-9651
-3891
-9691
-4155
-9715
-4403
-9691
-4627
-9715
-4891
-9755
-5179
-9651
-5379
-9675
-5651
-9731
-5787
-9731
-6091
-9755
-6379
-9755
-6579
-9747
-6803
-9715
-7059
-9723
-7355
-9715
-7475
-9651
-7707
-9707
-8067
-9723
-8251
-9723
-8443
-9651
-8779
-9731
-8971
-9715
-9195
-9699
-9483
-9699
-9723
-9755
-9979
-9691
-10131
-9659
-10467
-9755
-10707
-9643
-10883
-9659
-11115
-9715
-11379
-9739
-11595
-9683
-11851
-9675
-12123
-9739
-12323
-9643
-12531
-9755
-12827
-9755
-13083
-9739
-13347
-9691
-13547
-9707
-13739
-9755
-14059
-9691
-14227
-9747
-14523
-9651
-14699
-9747
-14987
-9715
-15147
-9667
-15467
-9715
-15659
-9627
-15955
-9723
-16139
-9683
-16371
-9683
-16627
-9651
-16859
-9699
-17139
-9675
-17419
-9627
-17603
-9659
-17883
-9667
-18067
-9651
-18363
-9707
-18619
-9675
-18819
-9979
101
-9899
-35
-9995
-387
-9987
-627
-9963
-867
-9979
-1019
-9891
-1259
-9947
-1483
-9995
-1795
-9979
-2035
-9939
-2243
-9987
-2443
-9987
-2763
-9915
-3027
-9979
-3259
-9979
-3451
-9883
-3699
-9915
-3899
-9883
-4163
-9883
-4459
-9995
-4587
-9939
-4851
-9923
-5075
-9883
-5307
-9875
-5587
-9891
-5803
-9979
-6147
-9979
-6339
-9955
-6635
-9931
-6803
-9963
-7115
-9995
-7243
-9995
-7467
-9923
-7819
-9955
-8027
-9955
-8195
-9891
-8547
-9963
-8675
-9963
-8947
-9947
-9195
-9955
-9491
-9883
-9675
-9899
-9995
-9971
-10235
-9987
-10451
-9939
-10675
-9979
-10947
-9987
-11091
-9883
-11379
-9955
-11587
-9971
-11835
-9931
-12083
-9939
-12299
-9955
-12515
-9939
-12875
-9883
-13083
-9995
-13243
-9907
-13467
-9915
-13763
-9979
-14027
-9931
-14251
-9987
-14427
-9931
-14795
-9979
-15003
-9987
-15275
-9883
-15443
-9939
-15667
-9899
-15891
-9947
-16187
-9963
-16395
-9995
-16627
-9971
-16835
-9955
-17107
-9915
-17427
-9931
-17555
-9995
-17899
-9995
-18123
-9931
-18267
-9931
-18587
-9995
-18875
-10219
117
-10107
-91
-10163
-387
-10115
-587
-10187
-835
-10179
-987
-10131
-1235
-10179
-1515
-10219
-1723
-10195
-2067
-10179
-2267
-10203
-2547
-10227
-2787
-10107
-2979
-10219
-3163
-10123
-3491
-10179
-3747
-10227
-3995
-10203
-4203
-10163
-4395
-10219
-4627
-10227
-4899
-10147
-5075
-10107
-5379
-10187
-5667
-10235
-5827
-10235
-6067
-10107
-6291
-10227
-6611
-10147
-6803
-10203
-7067
-10131
-7275
-10219
-7563
-10227
-7747
-10179
-8035
-10211
-8275
-10203
-8515
-10147
-8763
-10219
-9027
-10211
-9211
-10179
-9411
-10235
-9651
-10235
-9891
-10235
-10139
-10155
-10395
-10227
-10635
-10187
-10923
-10155
-11179
-10147
-11323
-10139
-11659
-10227
-11851
-10219
-12083
-10187
-12363
-10123
-12523
-10211
-12755
-10195
-13083
-10195
-13355
-10179
-13547
-10235
-13803
-10131
-14067
-10195
-14187
-10179
-14427
-10163
-14739
-10235
-14987
-10107
-15275
-10235
-15459
-10195
-15627
-10115
-15955
-10115
-16123
-10219
-16403
-10219
-16587
-10195
-16931
-10235
-17171
-10123
-17395
-10171
-17611
-10147
-17811
-10203
-18099
-10131
-18323
-10163
-18603
-10227
-18819
-10451
109
-10467
-107
-10427
-395
-10475
-555
-10467
-787
-10475
-1003
-10419
-1267
-10435
-1507
-10459
-1755
-10419
-2075
-10451
-2219
-10443
-2499
-10443
-2667
-10451
-3011
-10435
-3187
-10435
-3459
-10459
-3659
-10451
-3931
-10467
-4163
-10467
-4403
-10467
-4643
-10459
-4859
-10443
-5107
-10419
-5379
-10459
-5595
-10435
-5835
-10443
-6035
-10411
-6299
-10427
-6571
-10443
-6771
-10427
-7083
-10467
-7227
-10475
-7547
-10443
-7811
-10475
-8059
-10451
-8259
-10435
-8531
-10467
-8795
-10451
-8931
-10411
-9179
-10475
-9403
-10451
-9683
-10475
-9939
-10459
-10155
-10411
-10459
-10475
-10603
-10427
-10891
-10419
-11163
-10467
-11315
-10427
-11635
-10475
-11803
-10427
-12115
-10467
-12267
-10459
-12571
-10467
-12803
-10419
-12995
-10419
-13323
-10411
-13507
-10435
-13819
-10475
-14059
-10451
-14291
-10435
-14515
-10435
-14787
-10451
-14995
-10467
-15171
-10427
-15515
-10443
-15675
-10427
-15883
-10419
-16147
-10475
-16371
-10459
-16619
-10451
-16851
-10451
-17171
-10443
-17331
-10451
-17659
-10411
-17891
-10451
-18043
-10475
-18355
-10475
-18571
-10467
-18851
