94
1697
227
-117
172
-281
286
-580
305
-833
401
-951
293
-1263
228
-1519
187
-1681
499
-2067
318
-2284
165
-2479
377
-2733
265
-2991
185
-3239
125
-3409
347
-3683
159
-3927
453
-4199
221
-4347
137
-4607
117
-4907
125
-5183
141
-5411
85
-5539
141
-5863
93
-6075
93
-6291
149
-6615
141
-6867
85
-7019
93
-7235
149
-7435
101
-7775
101
-7951
117
-8275
149
-8427
85
-8651
101
-8975
93
-9175
93
-9411
125
-9739
133
-9931
85
-10147
109
-10475
117
-10667
109
-10843
85
-11115
117
-11379
141
-11603
85
-11915
101
-12099
85
-12355
101
-12627
133
-12811
93
-13011
109
-13275
85
-13523
109
-13803
117
-13979
93
-14291
133
-14547
133
-14699
93
-14923
101
-15155
125
-15467
85
-15675
93
-15947
141
-16115
101
-16347
109
-16675
85
-16891
101
-17091
93
-17387
117
-17563
101
-17915
149
-18107
149
-18347
125
-18619
125
-18851
-141
2047
-153
-51
-57
-274
-99
-501
-87
-723
-123
-983
-53
-1215
-33
-1529
-125
-1767
-101
-1963
-74
-2231
-7
-2539
-83
-2701
-107
-2941
-71
-3117
-71
-3449
-45
-3725
-39
-3919
-39
-4081
-47
-4465
-127
-4647
-123
-4895
-119
-5163
-67
-5283
-131
-5583
-83
-5851
-59
-6039
-127
-6267
-31
-6507
-119
-6787
-115
-7083
-39
-7299
-79
-7575
-147
-7707
-147
-8023
-27
-8163
-95
-8459
-131
-8739
-35
-8923
-35
-9187
-43
-9423
-123
-9627
-139
-9875
-131
-10211
-75
-10379
-139
-10699
-115
-10883
-59
-11147
-155
-11427
-147
-11643
-147
-11851
-123
-12115
-123
-12323
-107
-12603
-155
-12835
-67
-13051
-99
-13243
-123
-13523
-83
-13819
-43
-14059
-107
-14275
-59
-14427
-131
-14691
-155
-15011
-123
-15187
-139
-15459
-107
-15691
-75
-15979
-131
-16139
-139
-16451
-59
-16635
-147
-16835
-75
-17179
-147
-17427
-139
-17675
-115
-17811
-107
-18059
-27
-18283
-67
-18539
-59
-18811
-271
173
-351
-123
-243
-357
-331
-605
-337
-773
-291
-1003
-327
-1287
-305
-1531
-371
-1803
-317
-1945
-378
-2181
-275
-2483
-321
-2701
-365
-2957
-327
-3239
-361
-3381
-319
-3639
-331
-3885
-243
-4183
-271
-4441
-327
-4661
-319
-4907
-307
-5107
-347
-5419
-271
-5531
-295
-5899
-355
-6107
-355
-6259
-359
-6611
-347
-6815
-359
-7051
-263
-7335
-283
-7499
-379
-7759
-347
-7999
-343
-8267
-307
-8423
-367
-8691
-291
-8955
-363
-9179
-291
-9363
-387
-9651
-395
-9971
-395
-10203
-283
-10355
-347
-10707
-267
-10955
-315
-11107
-283
-11427
-355
-11579
-387
-11811
-379
-12027
-331
-12275
-379
-12627
-371
-12851
-355
-13003
-339
-13227
-395
-13507
-291
-13787
-307
-14059
-371
-14291
-379
-14555
-331
-14723
-275
-14923
-395
-15235
-371
-15419
-379
-15659
-275
-15891
-323
-16187
-371
-16443
-283
-16611
-395
-16859
-299
-17115
-307
-17395
-323
-17627
-363
-17851
-395
-18107
-299
-18379
-371
-18515
-347
-18843
-603
1591
-602
-2
-555
-261
-605
-606
-572
-739
-507
-994
-545
-1284
-510
-1426
-602
-1688
-563
-2039
-620
-2196
-577
-2479
-583
-2713
-607
-2977
-491
-3251
-571
-3475
-609
-3653
-579
-3887
-625
-4151
-595
-4469
-611
-4587
-543
-4895
-503
-5079
-607
-5395
-515
-5583
-571
-5811
-607
-6079
-587
-6371
-623
-6499
-583
-6827
-507
-6983
-503
-7315
-615
-7471
-563
-7795
-591
-8055
-491
-8251
-579
-8411
-539
-8739
-543
-9015
-631
-9143
-531
-9395
-507
-9643
-563
-9987
-523
-10211
-547
-10451
-571
-10603
-523
-10899
-531
-11131
-555
-11403
-611
-11627
-635
-11819
-571
-12059
-531
-12387
-515
-12571
-627
-12747
-587
-13091
-571
-13267
-555
-13523
-563
-13771
-619
-14075
-515
-14307
-579
-14547
-619
-14723
-555
-14931
-515
-15243
-523
-15475
-635
-15643
-523
-15987
-571
-16227
-603
-16347
-603
-16715
-579
-16827
-539
-17091
-555
-17427
-563
-17659
-507
-17867
-555
-18091
-507
-18379
-563
-18523
-555
-18875
-831
679
-807
-146
-751
-379
-765
-488
-771
-738
-797
-1007
-815
-1219
-842
-1573
-735
-1759
-831
-1956
-855
-2169
-771
-2423
-861
-2703
-715
-2949
-731
-3203
-753
-3509
-753
-3607
-779
-3915
-835
-4155
-841
-4443
-841
-4625
-811
-4935
-843
-5167
-831
-5427
-815
-5595
-803
-5787
-755
-6115
-807
-6307
-819
-6519
-843
-6747
-735
-6995
-751
-7267
-851
-7539
-747
-7791
-735
-8031
-855
-8195
-835
-8511
-823
-8755
-839
-9007
-767
-9135
-755
-9391
-819
-9715
-827
-9971
-771
-10155
-827
-10435
-811
-10683
-867
-10891
-851
-11195
-835
-11371
-867
-11547
-851
-11899
-795
-12131
-763
-12387
-803
-12579
-771
-12811
-827
-13099
-843
-13243
-875
-13595
-787
-13763
-875
-14043
-835
-14251
-835
-14515
-827
-14683
-763
-15003
-835
-15195
-771
-15427
-747
-15723
-843
-15899
-819
-16235
-787
-16435
-875
-16699
-795
-16939
-867
-17123
-835
-17371
-771
-17579
-859
-17907
-843
-18123
-875
-18323
-803
-18539
-875
-18835
-1099
867
-1019
-93
-1026
-310
-1014
-521
-1074
-767
-994
-1041
-999
-1329
-1031
-1589
-1077
-1757
-1076
-1939
-1103
-2175
-1001
-2455
-1097
-2665
-1049
-2989
-1033
-3193
-1099
-3479
-1097
-3641
-1101
-3899
-1067
-4185
-1029
-4351
-1055
-4603
-1007
-4823
-1071
-5091
-1047
-5279
-1055
-5551
-1011
-5907
-1011
-6079
-1043
-6247
-1103
-6607
-987
-6739
-1047
-7107
-1031
-7227
-1031
-7499
-1091
-7739
-1051
-8019
-987
-8247
-1099
-8467
-1083
-8775
-1043
-8967
-1055
-9151
-1099
-9475
-1051
-9747
-1003
-9907
-1067
-10219
-1019
-10459
-1091
-10619
-1115
-10939
-995
-11131
-1099
-11379
-1011
-11571
-1075
-11883
-1027
-12091
-1115
-12291
-1115
-12603
-1043
-12851
-1083
-13011
-1115
-13283
-1027
-13499
-1083
-13763
-1107
-13971
-1091
-14251
-1003
-14451
-1067
-14723
-1115
-15019
-1083
-15171
-1099
-15387
-1075
-15747
-1107
-15979
-1083
-16195
-1043
-16379
-995
-16691
-1115
-16955
-1107
-17171
-1115
-17339
-1035
-17547
-1059
-17859
-1051
-18107
-987
-18363
-1083
-18547
-1099
-18811
-1299
1275
-1319
-79
-1335
-233
-1257
-528
-1307
-782
-1325
-968
-1339
-1339
-1278
-1464
-1226
-1759
-1274
-2012
-1266
-2250
-1265
-2463
-1257
-2787
-1205
-3007
-1231
-3243
-1325
-3435
-1331
-3697
-1283
-3869
-1235
-4127
-1223
-4395
-1259
-4657
-1327
-4931
-1307
-5103
-1295
-5371
-1287
-5655
-1319
-5847
-1315
-6099
-1267
-6259
-1243
-6555
-1295
-6855
-1271
-7027
-1347
-7299
-1347
-7499
-1291
-7803
-1315
-8039
-1315
-8207
-1239
-8495
-1351
-8687
-1291
-9007
-1235
-9259
-1279
-9443
-1315
-9691
-1339
-9915
-1291
-10227
-1251
-10459
-1355
-10659
-1243
-10827
-1291
-11123
-1291
-11339
-1283
-11547
-1323
-11891
-1235
-12083
-1355
-12339
-1339
-12595
-1331
-12851
-1339
-13099
-1355
-13267
-1243
-13587
-1275
-13763
-1347
-13995
-1347
-14243
-1267
-14483
-1347
-14795
-1331
-15035
-1275
-15267
-1315
-15411
-1315
-15643
-1331
-15907
-1315
-16131
-1315
-16451
-1315
-16707
-1307
-16899
-1291
-17179
-1347
-17307
-1347
-17547
-1339
-17803
-1235
-18075
-1323
-18387
-1347
-18547
-1243
-18819
-1563
589
-1579
-27
-1595
-325
-1551
-517
-1525
-817
-1529
-1007
-1521
-1245
-1563
-1563
-1511
-1795
-1559
-1947
-1531
-2163
-1585
-2423
-1549
-2725
-1555
-2981
-1511
-3239
-1495
-3395
-1481
-3651
-1475
-3881
-1485
-4135
-1441
-4435
-1549
-4599
-1439
-4875
-1567
-5051
-1559
-5295
-1523
-5519
-1579
-5875
-1487
-6063
-1535
-6323
-1591
-6555
-1539
-6847
-1563
-6987
-1487
-7227
-1515
-7527
-1455
-7795
-1563
-8043
-1539
-8175
-1547
-8499
-1527
-8707
-1455
-9019
-1515
-9219
-1583
-9447
-1587
-9675
-1467
-9995
-1595
-10227
-1515
-10387
-1531
-10603
-1507
-10859
-1499
-11091
-1507
-11331
-1539
-11563
-1595
-11891
-1531
-12139
-1475
-12307
-1523
-12595
-1491
-12867
-1587
-13019
-1587
-13299
-1579
-13499
-1587
-13819
-1547
-14003
-1571
-14243
-1547
-14539
-1587
-14779
-1571
-14931
-1555
-15163
-1507
-15443
-1531
-15651
-1539
-15915
-1579
-16211
-1499
-16371
-1563
-16699
-1595
-16923
-1555
-17171
-1523
-17371
-1563
-17643
-1579
-17859
-1491
-18139
-1587
-18363
-1579
-18579
-1467
-18811
-1763
347
-1787
-57
-1821
-383
-1777
-567
-1761
-759
-1779
-967
-1763
-1241
-1777
-1545
-1721
-1803
-1797
-2003
-1707
-2211
-1683
-2449
-1819
-2687
-1753
-2903
-1795
-3171
-1731
-3413
-1781
-3663
-1779
-3957
-1767
-4159
-1745
-4399
-1785
-4601
-1779
-4847
-1771
-5155
-1771
-5395
-1795
-5579
-1743
-5787
-1799
-6059
-1807
-6247
-1711
-6619
-1791
-6787
-1787
-6971
-1703
-7319
-1775
-7575
-1783
-7759
-1807
-7951
-1775
-8243
-1747
-8447
-1755
-8659
-1835
-8907
-1803
-9255
-1711
-9507
-1811
-9739
-1819
-9971
-1715
-10163
-1827
-10427
-1827
-10675
-1715
-10915
-1803
-11171
-1771
-11379
-1787
-11627
-1787
-11891
-1787
-12035
-1827
-12275
-1715
-12539
-1819
-12843
-1795
-13091
-1811
-13291
-1787
-13523
-1819
-13819
-1731
-14003
-1731
-14195
-1739
-14515
-1835
-14699
-1779
-14987
-1771
-15195
-1811
-15427
-1819
-15635
-1763
-15883
-1803
-16235
-1827
-16387
-1827
-16683
-1811
-16931
-1803
-17179
-1835
-17379
-1739
-17619
-1779
-17795
-1835
-18027
-1835
-18331
-1803
-18531
-1771
-18843
-1991
1179
-2013
-33
-1953
-333
-1943
-619
-1997
-747
-2011
-1069
-2043
-1263
-1947
-1553
-1983
-1727
-1955
-1957
-2039
-2299
-1979
-2433
-1995
-2739
-2049
-2925
-2025
-3131
-2045
-3381
-2025
-3665
-1999
-3963
-1939
-4203
-1999
-4395
-2043
-4669
-2059
-4891
-2019
-5135
-1979
-5279
-1947
-5531
-2035
-5911
-2027
-6067
-1967
-6359
-2059
-6523
-2035
-6811
-2007
-6999
-2031
-7199
-1943
-7555
-2031
-7735
-2035
-7983
-1975
-8199
-2059
-8427
-2047
-8767
-1987
-8983
-2019
-9211
-2059
-9491
-1979
-9715
-2067
-9939
-1979
-10163
-1995
-10379
-2059
-10619
-2003
-10851
-1979
-11075
-1979
-11403
-2019
-11651
-2075
-11867
-2051
-12051
-2019
-12267
-2075
-12587
-2051
-12835
-1971
-13083
-2035
-13331
-2075
-13555
-1947
-13811
-2067
-14027
-1987
-14307
-2067
-14515
-2043
-14675
-2035
-15027
-1987
-15163
-2027
-15419
-2051
-15675
-2019
-15891
-2027
-16163
-2075
-16363
-2059
-16627
-2011
-16851
-2027
-17179
-2075
-17347
-2059
-17571
-1963
-17851
-2035
-18155
-2043
-18355
-2051
-18635
-2075
-18827
-2251
637
-2273
-73
-2275
-287
-2175
-547
-2175
-769
-2311
-975
-2283
-1281
-2301
-1457
-2283
-1747
-2231
-1967
-2217
-2183
-2289
-2411
-2295
-2705
-2295
-2931
-2191
-3211
-2205
-3495
-2247
-3627
-2205
-3867
-2253
-4145
-2161
-4443
-2187
-4691
-2235
-4939
-2255
-5183
-2195
-5403
-2247
-5651
-2263
-5807
-2275
-6039
-2255
-6335
-2223
-6587
-2239
-6787
-2235
-7035
-2183
-7259
-2183
-7563
-2223
-7795
-2275
-8059
-2243
-8271
-2271
-8531
-2235
-8683
-2279
-8927
-2191
-9175
-2251
-9391
-2195
-9643
-2211
-9995
-2299
-10163
-2315
-10363
-2195
-10587
-2315
-10939
-2235
-11163
-2203
-11395
-2227
-11651
-2299
-11907
-2299
-12147
-2291
-12307
-2187
-12627
-2283
-12867
-2227
-13091
-2275
-13267
-2315
-13539
-2267
-13707
-2227
-13955
-2275
-14187
-2195
-14491
-2315
-14747
-2299
-15027
-2307
-15275
-2259
-15515
-2259
-15659
-2291
-15947
-2307
-16235
-2299
-16387
-2307
-16651
-2315
-16955
-2283
-17171
-2219
-17331
-2251
-17579
-2243
-17843
-2267
-18035
-2267
-18371
-2195
-18555
-2195
-18867
-2531
1121
-2477
-75
-2551
-337
-2455
-623
-2473
-839
-2483
-1041
-2433
-1255
-2509
-1497
-2481
-1695
-2425
-2009
-2529
-2159
-2485
-2427
-2519
-2629
-2423
-2979
-2525
-3217
-2493
-3491
-2483
-3709
-2523
-3869
-2445
-4201
-2473
-4451
-2435
-4619
-2531
-4931
-2487
-5171
-2531
-5315
-2507
-5627
-2503
-5911
-2471
-6107
-2431
-6311
-2451
-6591
-2443
-6723
-2543
-7047
-2543
-7251
-2491
-7475
-2487
-7795
-2527
-7955
-2463
-8179
-2495
-8535
-2471
-8675
-2427
-8967
-2539
-9167
-2523
-9467
-2523
-9699
-2531
-9915
-2515
-10219
-2555
-10475
-2427
-10699
-2467
-10851
-2491
-11131
-2523
-11339
-2475
-11571
-2451
-11907
-2491
-12075
-2531
-12355
-2539
-12619
-2531
-12803
-2555
-13003
-2483
-13275
-2523
-13579
-2555
-13795
-2547
-14067
-2555
-14227
-2531
-14547
-2491
-14747
-2523
-14963
-2531
-15227
-2435
-15483
-2515
-15723
-2475
-15987
-2507
-16107
-2435
-16411
-2531
-16675
-2467
-16843
-2459
-17147
-2491
-17435
-2539
-17571
-2539
-17899
-2523
-18043
-2443
-18387
-2483
-18603
-2531
-18875
-2775
141
-2687
-57
-2683
-333
-2755
-567
-2687
-715
-2743
-1019
-2699
-1227
-2755
-1495
-2691
-1771
-2747
-2067
-2699
-2295
-2779
-2423
-2711
-2739
-2767
-2975
-2719
-3127
-2667
-3429
-2783
-3647
-2775
-3975
-2779
-4203
-2759
-4335
-2783
-4643
-2747
-4807
-2735
-5107
-2787
-5307
-2747
-5527
-2775
-5895
-2735
-6063
-2691
-6283
-2715
-6515
-2735
-6835
-2675
-6979
-2779
-7231
-2663
-7547
-2747
-7703
-2763
-8047
-2787
-8183
-2731
-8523
-2679
-8699
-2775
-8987
-2731
-9155
-2711
-9379
-2787
-9667
-2675
-9867
-2699
-10115
-2699
-10435
-2731
-10683
-2771
-10859
-2779
-11131
-2747
-11347
-2771
-11651
-2723
-11843
-2691
-12139
-2779
-12379
-2771
-12595
-2723
-12835
-2755
-13099
-2723
-13347
-2707
-13467
-2707
-13755
-2715
-13971
-2763
-14211
-2779
-14435
-2683
-14795
-2707
-15019
-2723
-15203
-2723
-15475
-2755
-15715
-2675
-15899
-2787
-16195
-2755
-16419
-2723
-16683
-2787
-16931
-2699
-17171
-2771
-17387
-2715
-17547
-2755
-17907
-2787
-18107
-2787
-18395
-2667
-18547
-2707
-18867
-2927
85
-2931
-127
-2943
-243
-3023
-579
-3003
-835
-2899
-963
-2943
-1331
-2971
-1567
-3023
-1707
-2991
-2043
-2971
-2203
-2943
-2459
-2955
-2755
-2947
-2967
-3015
-3211
-2971
-3479
-2927
-3647
-2987
-3903
-2971
-4223
-2951
-4411
-2947
-4571
-2983
-4927
-2911
-5155
-2999
-5423
-2991
-5531
-2955
-5839
-2947
-6019
-2899
-6271
-2987
-6511
-2919
-6787
-2943
-7043
-3015
-7227
-2971
-7531
-2947
-7783
-2895
-8019
-2967
-8227
-2939
-8419
-2951
-8667
-2935
-8935
-2939
-9163
-3035
-9371
-3011
-9747
-3035
-9883
-3011
-10147
-3035
-10371
-2995
-10619
-3019
-10931
-2979
-11179
-2931
-11403
-3003
-11571
-2947
-11827
-3003
-12035
-2979
-12387
-3027
-12571
-2995
-12787
-2995
-13115
-2931
-13299
-2915
-13491
-3003
-13715
-2995
-14003
-2987
-14235
-2979
-14443
-3035
-14755
-2963
-14923
-2947
-15171
-2947
-15403
-2995
-15739
-2939
-15875
-2955
-16155
-3011
-16427
-2995
-16619
-2963
-16907
-2979
-17187
-2995
-17403
-3035
-17603
-2963
-17787
-2963
-18155
-3035
-18315
-2995
-18635
-2979
-18827
-3167
141
-3203
-47
-3203
-379
-3131
-475
-3179
-779
-3203
-1027
-3151
-1243
-3219
-1495
-3259
-1775
-3199
-2071
-3187
-2175
-3235
-2479
-3235
-2667
-3191
-2955
-3179
-3215
-3143
-3383
-3155
-3687
-3163
-3891
-3231
-4115
-3203
-4415
-3243
-4663
-3251
-4819
-3223
-5063
-3155
-5407
-3191
-5523
-3187
-5891
-3155
-6051
-3239
-6367
-3235
-6587
-3243
-6739
-3219
-7011
-3223
-7267
-3183
-7455
-3183
-7743
-3227
-7927
-3219
-8259
-3199
-8527
-3211
-8731
-3155
-8987
-3223
-9151
-3191
-9507
-3275
-9707
-3267
-9891
-3211
-10235
-3267
-10379
-3179
-10675
-3243
-10891
-3171
-11075
-3275
-11363
-3275
-11603
-3275
-11843
-3203
-12099
-3227
-12267
-3219
-12523
-3211
-12755
-3251
-13043
-3275
-13347
-3243
-13483
-3227
-13763
-3187
-14027
-3163
-14219
-3227
-14475
-3187
-14747
-3251
-14931
-3203
-15235
-3211
-15435
-3251
-15715
-3251
-15947
-3235
-16219
-3211
-16443
-3155
-16699
-3251
-16899
-3179
-17091
-3267
-17339
-3163
-17547
-3155
-17811
-3275
-18099
-3267
-18283
-3219
-18531
-3227
-18811
-3503
149
-3447
-107
-3515
-295
-3451
-583
-3395
-779
-3447
-963
-3419
-1223
-3451
-1575
-3387
-1819
-3427
-1995
-3431
-2295
-3507
-2443
-3475
-2739
-3447
-3007
-3507
-3211
-3403
-3403
-3395
-3659
-3471
-3859
-3475
-4211
-3395
-4371
-3475
-4631
-3395
-4823
-3451
-5147
-3431
-5339
-3415
-5599
-3439
-5855
-3467
-6031
-3415
-6243
-3455
-6523
-3443
-6783
-3499
-6959
-3491
-7239
-3507
-7483
-3447
-7811
-3447
-7975
-3467
-8179
-3443
-8503
-3391
-8715
-3491
-8967
-3479
-9211
-3463
-9435
-3419
-9651
-3411
-9931
-3467
-10179
-3515
-10371
-3475
-10587
-3483
-10851
-3499
-11067
-3459
-11355
-3459
-11635
-3395
-11827
-3515
-12059
-3427
-12363
-3467
-12531
-3395
-12747
-3491
-13035
-3475
-13315
-3443
-13499
-3419
-13795
-3435
-13963
-3491
-14251
-3515
-14427
-3499
-14691
-3403
-14963
-3475
-15203
-3499
-15499
-3411
-15635
-3483
-15931
-3507
-16147
-3499
-16459
-3459
-16675
-3475
-16883
-3483
-17171
-3499
-17379
-3411
-17595
-3499
-17827
-3411
-18083
-3499
-18387
-3515
-18571
-3515
-18851
-3631
133
-3723
-7
-3611
-307
-3723
-587
-3703
-871
-3703
-1079
-3679
-1219
-3691
-1555
-3691
-1683
-3747
-1943
-3699
-2231
-3715
-2471
-3731
-2667
-3735
-3007
-3647
-3139
-3643
-3495
-3695
-3719
-3727
-3899
-3731
-4187
-3687
-4427
-3695
-4591
-3631
-4847
-3659
-5059
-3687
-5359
-3723
-5579
-3735
-5903
-3627
-6119
-3651
-6335
-3727
-6579
-3707
-6775
-3655
-6963
-3699
-7311
-3643
-7507
-3731
-7731
-3691
-8031
-3659
-8267
-3715
-8439
-3695
-8647
-3719
-8907
-3743
-9171
-3679
-9507
-3707
-9691
-3739
-9907
-3747
-10123
-3651
-10371
-3691
-10675
-3739
-10883
-3635
-11187
-3739
-11387
-3651
-11643
-3691
-11803
-3643
-12147
-3723
-12323
-3731
-12515
-3715
-12779
-3739
-13075
-3635
-13323
-3659
-13507
-3739
-13739
-3755
-13955
-3651
-14315
-3643
-14547
-3675
-14683
-3755
-14915
-3675
-15187
-3627
-15435
-3755
-15723
-3723
-15947
-3691
-16187
-3643
-16403
-3731
-16635
-3683
-16891
-3715
-17155
-3659
-17339
-3731
-17595
-3739
-17819
-3739
-18035
-3715
-18275
-3747
-18587
-3667
-18875
-3843
93
-3879
1
-3995
-291
-3967
-591
-3935
-827
-3919
-1035
-3919
-1219
-3971
-1527
-3931
-1731
-3971
-1959
-3923
-2263
-3951
-2451
-3995
-2699
-3979
-2935
-3911
-3147
-3963
-3475
-3855
-3695
-3867
-3875
-3923
-4223
-3879
-4359
-3875
-4603
-3931
-4807
-3843
-5115
-3959
-5411
-3955
-5635
-3907
-5783
-3923
-6131
-3895
-6375
-3919
-6555
-3927
-6851
-3943
-7063
-3911
-7243
-3903
-7583
-3943
-7787
-3951
-8035
-3963
-8187
-3975
-8427
-3887
-8659
-3915
-8931
-3899
-9267
-3971
-9391
-3899
-9627
-3971
-9971
-3995
-10235
-3995
-10387
-3987
-10635
-3995
-10875
-3947
-11187
-3979
-11403
-3987
-11603
-3963
-11899
-3955
-12107
-3891
-12395
-3955
-12611
-3987
-12843
-3955
-13043
-3947
-13307
-3987
-13579
-3931
-13715
-3883
-13995
-3923
-14259
-3867
-14459
-3891
-14731
-3875
-14939
-3891
-15219
-3931
-15395
-3987
-15667
-3907
-15963
-3891
-16203
-3987
-16379
-3955
-16587
-3923
-16867
-3979
-17107
-3995
-17363
-3891
-17667
-3947
-17851
-3979
-18027
-3995
-18283
-3883
-18611
-3987
-18859
-4211
125
-4215
-103
-4171
-379
-4123
-543
-4163
-795
-4219
-987
-4223
-1259
-4103
-1579
-4199
-1751
-4167
-2039
-4163
-2195
-4083
-2507
-4143
-2739
-4099
-2951
-4203
-3239
-4107
-3479
-4203
-3747
-4195
-3907
-4215
-4175
-4115
-4439
-4207
-4619
-4163
-4851
-4195
-5143
-4227
-5299
-4131
-5623
-4187
-5791
-4131
-6143
-4127
-6235
-4219
-6539
-4171
-6855
-4223
-6987
-4175
-7307
-4163
-7563
-4107
-7751
-4175
-8055
-4235
-8191
-4167
-8507
-4119
-8699
-4207
-8987
-4219
-9139
-4211
-9459
-4235
-9683
-4147
-9955
-4227
-10131
-4227
-10363
-4123
-10683
-4195
-10907
-4179
-11107
-4235
-11323
-4107
-11603
-4179
-11907
-4211
-12059
-4227
-12323
-4227
-12635
-4211
-12859
-4179
-13011
-4235
-13267
-4235
-13579
-4171
-13827
-4195
-13995
-4219
-14283
-4171
-14443
-4211
-14715
-4107
-14907
-4235
-15251
-4235
-15387
-4147
-15667
-4171
-15899
-4235
-16139
-4187
-16459
-4235
-16603
-4155
-16907
-4171
-17195
-4147
-17435
-4227
-17619
-4131
-17899
-4235
-18091
-4155
-18363
-4147
-18531
-4115
-18843
-4359
133
-4467
-71
-4427
-271
-4439
-607
-4399
-767
-4395
-1075
-4443
-1315
-4383
-1551
-4399
-1679
-4447
-2035
-4435
-2215
-4435
-2507
-4423
-2711
-4447
-2959
-4435
-3179
-4423
-3495
-4443
-3719
-4383
-3863
-4423
-4183
-4371
-4427
-4379
-4631
-4435
-4899
-4371
-5083
-4435
-5375
-4419
-5599
-4443
-5899
-4395
-6071
-4375
-6271
-4447
-6523
-4463
-6767
-4347
-7063
-4339
-7271
-4459
-7547
-4443
-7795
-4419
-7939
-4419
-8239
-4379
-8435
-4439
-8699
-4363
-8987
-4467
-9163
-4467
-9483
-4451
-9643
-4379
-9947
-4387
-10203
-4387
-10379
-4395
-10691
-4419
-10883
-4443
-11155
-4387
-11307
-4475
-11571
-4371
-11851
-4459
-12043
-4387
-12347
-4347
-12579
-4467
-12875
-4435
-13091
-4387
-13267
-4467
-13499
-4379
-13827
-4395
-14051
-4419
-14275
-4403
-14491
-4371
-14723
-4451
-15019
-4435
-15251
-4427
-15483
-4347
-15691
-4355
-15867
-4419
-16227
-4355
-16411
-4403
-16635
-4403
-16899
-4459
-17083
-4419
-17355
-4475
-17563
-4395
-17827
-4443
-18059
-4419
-18387
-4363
-18595
-4363
-18827
-4695
101
-4595
-79
-4663
-335
-4603
-607
-4655
-755
-4575
-1007
-4647
-1263
-4631
-1555
-4595
-1771
-4587
-1971
-4671
-2183
-4691
-2507
-4687
-2775
-4627
-3015
-4623
-3151
-4707
-3403
-4659
-3671
-4707
-3915
-4627
-4219
-4587
-4399
-4567
-4619
-4663
-4955
-4619
-5087
-4587
-5335
-4631
-5559
-4599
-5879
-4671
-6139
-4587
-6343
-4659
-6499
-4679
-6875
-4583
-7059
-4643
-7351
-4687
-7467
-4695
-7739
-4687
-7919
-4579
-8227
-4595
-8459
-4627
-8683
-4651
-8947
-4671
-9251
-4679
-9507
-4587
-9675
-4659
-9979
-4683
-10123
-4619
-10363
-4659
-10635
-4699
-10883
-4683
-11099
-4635
-11355
-4675
-11603
-4659
-11843
-4603
-12051
-4715
-12267
-4699
-12611
-4611
-12771
-4691
-13083
-4707
-13227
-4611
-13539
-4707
-13779
-4627
-14003
-4691
-14291
-4643
-14475
-4619
-14731
-4627
-14939
-4675
-15219
-4691
-15419
-4619
-15707
-4603
-15907
-4619
-16115
-4659
-16419
-4659
-16643
-4699
-16843
-4635
-17163
-4691
-17435
-4651
-17627
-4595
-17811
-4619
-18043
-4683
-18323
-4691
-18619
-4715
-18819
-4879
93
-4891
-23
-4947
-311
-4943
-611
-4907
-859
-4827
-1043
-4819
-1355
-4899
-1455
-4807
-1739
-4915
-2007
-4923
-2163
-4875
-2411
-4891
-2715
-4927
-3003
-4883
-3251
-4867
-3483
-4871
-3695
-4831
-3891
-4899
-4207
-4907
-4411
-4915
-4611
-4867
-4863
-4879
-5155
-4919
-5371
-4907
-5611
-4927
-5835
-4931
-6115
-4931
-6371
-4915
-6627
-4947
-6807
-4939
-6967
-4875
-7339
-4903
-7555
-4823
-7739
-4807
-7995
-4911
-8199
-4891
-8463
-4847
-8647
-4915
-8875
-4835
-9143
-4915
-9515
-4859
-9667
-4955
-9907
-4955
-10107
-4947
-10347
-4939
-10707
-4923
-10835
-4931
-11131
-4915
-11419
-4843
-11603
-4907
-11907
-4923
-12043
-4931
-12275
-4939
-12555
-4907
-12819
-4859
-13091
-4939
-13275
-4939
-13531
-4843
-13731
-4883
-14019
-4955
-14299
-4827
-14507
-4859
-14723
-4851
-14915
-4955
-15259
-4955
-15507
-4899
-15739
-4947
-15995
-4931
-16155
-4907
-16435
-4955
-16611
-4923
-16899
-4883
-17123
-4955
-17427
-4907
-17603
-4955
-17875
-4875
-18147
-4915
-18387
-4851
-18571
-4955
-18827
-5055
149
-5155
-135
-5171
-307
-5175
-563
-5111
-811
-5167
-995
-5107
-1243
-5195
-1499
-5171
-1703
-5155
-1971
-5119
-2251
-5167
-2507
-5067
-2739
-5167
-2907
-5071
-3203
-5139
-3391
-5063
-3735
-5143
-3859
-5175
-4163
-5159
-4355
-5115
-4579
-5143
-4843
-5043
-5151
-5091
-5395
-5135
-5559
-5111
-5783
-5191
-6095
-5147
-6363
-5139
-6595
-5163
-6767
-5163
-7003
-5127
-7311
-5167
-7551
-5083
-7699
-5167
-7995
-5163
-8207
-5083
-8463
-5119
-8715
-5115
-8999
-5167
-9127
-5099
-9399
-5139
-9667
-5179
-9883
-5075
-10211
-5131
-10467
-5091
-10675
-5195
-10875
-5195
-11115
-5187
-11395
-5187
-11619
-5147
-11859
-5155
-12027
-5155
-12355
-5091
-12507
-5131
-12835
-5091
-12995
-5099
-13323
-5131
-13531
-5163
-13779
-5099
-14011
-5171
-14211
-5147
-14443
-5075
-14731
-5147
-14907
-5187
-15251
-5163
-15459
-5195
-15691
-5187
-15891
-5139
-16219
-5163
-16467
-5115
-16603
-5179
-16883
-5099
-17091
-5131
-17427
-5115
-17603
-5187
-17891
-5187
-18099
-5171
-18395
-5171
-18603
-5107
-18819
-5435
149
-5411
-27
-5307
-251
-5427
-635
-5411
-843
-5435
-1051
-5315
-1267
-5427
-1563
-5395
-1831
-5395
-2035
-5371
-2295
-5315
-2483
-5427
-2731
-5323
-2899
-5395
-3131
-5379
-3367
-5411
-3699
-5419
-3899
-5387
-4207
-5315
-4375
-5403
-4619
-5427
-4939
-5435
-5075
-5411
-5379
-5379
-5627
-5395
-5803
-5379
-6019
-5331
-6303
-5403
-6587
-5427
-6787
-5427
-7035
-5411
-7307
-5411
-7483
-5371
-7743
-5307
-7979
-5387
-8239
-5371
-8511
-5419
-8795
-5379
-8915
-5323
-9251
-5315
-9463
-5411
-9707
-5427
-9947
-5387
-10139
-5435
-10363
-5411
-10595
-5419
-10915
-5315
-11107
-5435
-11347
-5435
-11611
-5331
-11835
-5411
-12027
-5427
-12387
-5347
-12619
-5427
-12755
-5427
-13043
-5419
-13251
-5371
-13555
-5379
-13811
-5323
-14067
-5395
-14203
-5427
-14523
-5379
-14691
-5419
-15011
-5371
-15179
-5395
-15451
-5435
-15683
-5379
-15931
-5379
-16107
-5347
-16451
-5323
-16659
-5411
-16955
-5419
-17195
-5371
-17363
-5435
-17611
-5347
-17787
-5387
-18027
-5371
-18283
-5435
-18611
-5307
-18827
-5643
109
-5675
-115
-5547
-291
-5675
-587
-5579
-859
-5643
-987
-5651
-1235
-5587
-1531
-5571
-1811
-5619
-2067
-5659
-2283
-5595
-2459
-5611
-2699
-5635
-2915
-5667
-3243
-5619
-3395
-5555
-3627
-5603
-3939
-5643
-4163
-5659
-4467
-5651
-4611
-5587
-4827
-5611
-5083
-5587
-5323
-5595
-5659
-5667
-5883
-5619
-6107
-5643
-6395
-5659
-6603
-5635
-6827
-5619
-7011
-5659
-7275
-5595
-7587
-5547
-7787
-5651
-8067
-5667
-8187
-5675
-8531
-5659
-8771
-5563
-9003
-5627
-9211
-5579
-9419
-5595
-9707
-5659
-9963
-5675
-10235
-5643
-10475
-5547
-10683
-5643
-10923
-5619
-11131
-5651
-11347
-5659
-11651
-5595
-11907
-5547
-12091
-5643
-12291
-5603
-12603
-5555
-12835
-5659
-12987
-5579
-13323
-5651
-13531
-5659
-13723
-5627
-14051
-5555
-14259
-5555
-14531
-5659
-14763
-5659
-14971
-5659
-15195
-5627
-15475
-5643
-15635
-5659
-15995
-5619
-16227
-5619
-16443
-5659
-16667
-5651
-16923
-5603
-17131
-5579
-17403
-5611
-17595
-5643
-17907
-5675
-18139
-5659
-18267
-5603
-18619
-5651
-18811
-5891
101
-5835
-59
-5891
-363
-5875
-587
-5851
-843
-5899
-1107
-5843
-1275
-5907
-1563
-5875
-1795
-5883
-2075
-5907
-2267
-5803
-2427
-5875
-2739
-5883
-2939
-5907
-3235
-5843
-3467
-5787
-3643
-5851
-3947
-5843
-4219
-5835
-4435
-5899
-4659
-5827
-4931
-5835
-5179
-5819
-5307
-5907
-5571
-5891
-5787
-5819
-6075
-5891
-6355
-5851
-6627
-5915
-6795
-5867
-7011
-5899
-7347
-5827
-7531
-5899
-7811
-5883
-7971
-5851
-8283
-5803
-8499
-5899
-8763
-5883
-8995
-5867
-9259
-5875
-9403
-5899
-9755
-5819
-9987
-5803
-10115
-5827
-10419
-5915
-10603
-5899
-10827
-5843
-11195
-5875
-11387
-5899
-11635
-5827
-11907
-5811
-12147
-5851
-12307
-5867
-12627
-5899
-12787
-5915
-13107
-5915
-13315
-5787
-13523
-5891
-13739
-5827
-14035
-5835
-14291
-5835
-14507
-5843
-14779
-5827
-15035
-5795
-15163
-5875
-15507
-5851
-15667
-5891
-15923
-5915
-16155
-5811
-16371
-5843
-16715
-5851
-16843
-5915
-17195
-5803
-17347
-5899
-17627
-5883
-17867
-5875
-18099
-5827
-18283
-5827
-18547
-5851
-18819
-6059
133
-6043
-35
-6027
-371
-6067
-603
-6027
-763
-6131
-1075
-6131
-1275
-6099
-1483
-6059
-1811
-6067
-2011
-6147
-2267
-6139
-2467
-6035
-2691
-6083
-3011
-6059
-3187
-6067
-3435
-6147
-3659
-6091
-3963
-6067
-4171
-6131
-4419
-6139
-4643
-6147
-4931
-6035
-5107
-6099
-5411
-6067
-5571
-6083
-5875
-6075
-6083
-6067
-6339
-6099
-6523
-6131
-6803
-6147
-7051
-6131
-7251
-6131
-7491
-6051
-7747
-6083
-7979
-6027
-8235
-6115
-8507
-6075
-8699
-6067
-9019
-6083
-9187
-6027
-9443
-6043
-9643
-6123
-9875
-6059
-10147
-6099
-10419
-6091
-10675
-6131
-10867
-6067
-11171
-6099
-11371
-6147
-11667
-6051
-11851
-6099
-12067
-6035
-12291
-6067
-12611
-6107
-12827
-6083
-13115
-6027
-13283
-6083
-13483
-6043
-13715
-6123
-14051
-6155
-14315
-6099
-14531
-6027
-14675
-6099
-15035
-6155
-15243
-6107
-15475
-6115
-15659
-6099
-15923
-6075
-16163
-6091
-16403
-6155
-16611
-6035
-16867
-6091
-17187
-6091
-17411
-6083
-17643
-6107
-17843
-6107
-18155
-6059
-18323
-6123
-18547
-6131
-18867
-6339
101
-6307
-83
-6371
-299
-6387
-563
-6339
-771
-6355
-1035
-6395
-1331
-6331
-1475
-6331
-1731
-6387
-1947
-6283
-2315
-6315
-2443
-6347
-2771
-6387
-2971
-6347
-3211
-6363
-3483
-6387
-3683
-6283
-3931
-6371
-4123
-6379
-4475
-6339
-4587
-6395
-4907
-6283
-5123
-6363
-5411
-6371
-5643
-6339
-5843
-6395
-6043
-6315
-6339
-6355
-6579
-6283
-6843
-6275
-7091
-6267
-7243
-6387
-7571
-6283
-7811
-6315
-7955
-6283
-8195
-6355
-8555
-6323
-8747
-6283
-9011
-6339
-9259
-6387
-9419
-6291
-9683
-6395
-9987
-6371
-10131
-6323
-10387
-6395
-10595
-6339
-10907
-6363
-11147
-6387
-11371
-6267
-11659
-6363
-11851
-6387
-12067
-6387
-12371
-6363
-12579
-6363
-12795
-6395
-13003
-6363
-13299
-6379
-13579
-6347
-13811
-6395
-14035
-6291
-14195
-6379
-14475
-6339
-14731
-6339
-14915
-6331
-15155
-6387
-15403
-6379
-15723
-6395
-15883
-6331
-16203
-6267
-16475
-6395
-16635
-6347
-16867
-6283
-17171
-6323
-17403
-6395
-17571
-6315
-17907
-6299
-18083
-6283
-18395
-6387
-18579
-6355
-18843
-6595
85
-6627
-83
-6611
-267
-6611
-539
-6507
-811
-6627
-1027
-6531
-1315
-6611
-1483
-6611
-1835
-6603
-1947
-6603
-2251
-6627
-2467
-6547
-2699
-6579
-2971
-6635
-3163
-6611
-3451
-6555
-3643
-6619
-3987
-6555
-4155
-6507
-4347
-6507
-4643
-6587
-4867
-6515
-5179
-6635
-5411
-6563
-5643
-6571
-5859
-6619
-6035
-6571
-6275
-6635
-6579
-6603
-6787
-6595
-7051
-6523
-7347
-6515
-7595
-6627
-7739
-6627
-7955
-6627
-8291
-6507
-8443
-6619
-8707
-6587
-9027
-6635
-9235
-6515
-9419
-6611
-9635
-6547
-9923
-6635
-10131
-6547
-10475
-6627
-10643
-6563
-10875
-6595
-11123
-6611
-11395
-6523
-11675
-6603
-11851
-6587
-12139
-6611
-12395
-6563
-12563
-6587
-12835
-6619
-13099
-6611
-13283
-6619
-13579
-6619
-13739
-6587
-13963
-6619
-14219
-6619
-14523
-6571
-14699
-6555
-14979
-6611
-15267
-6587
-15491
-6579
-15643
-6595
-15963
-6571
-16147
-6611
-16347
-6595
-16691
-6531
-16875
-6595
-17083
-6539
-17419
-6579
-17595
-6563
-17859
-6635
-18115
-6523
-18323
-6627
-18515
-6563
-18875
-6811
93
-6803
-131
-6827
-307
-6787
-539
-6827
-787
-6811
-1019
-6843
-1339
-6875
-1563
-6819
-1739
-6875
-1995
-6827
-2243
-6875
-2451
-6843
-2779
-6811
-2923
-6811
-3155
-6755
-3483
-6755
-3691
-6843
-3867
-6875
-4235
-6803
-4411
-6763
-4659
-6803
-4851
-6875
-5139
-6795
-5379
-6843
-5635
-6803
-5803
-6843
-6115
-6835
-6379
-6803
-6539
-6811
-6795
-6803
-7051
-6867
-7323
-6875
-7491
-6867
-7819
-6827
-8043
-6819
-8315
-6755
-8507
-6819
-8747
-6851
-9019
-6795
-9219
-6859
-9443
-6843
-9715
-6763
-9867
-6843
-10179
-6819
-10467
-6859
-10699
-6819
-10907
-6843
-11163
-6875
-11339
-6843
-11563
-6827
-11867
-6875
-12083
-6843
-12387
-6795
-12555
-6827
-12867
-6795
-12987
-6843
-13315
-6867
-13467
-6771
-13795
-6851
-13963
-6851
-14267
-6859
-14443
-6771
-14739
-6819
-14939
-6835
-15251
-6811
-15419
-6875
-15715
-6875
-15947
-6779
-16203
-6771
-16459
-6763
-16667
-6867
-16939
-6851
-17131
-6819
-17395
-6867
-17667
-6763
-17827
-6835
-18099
-6787
-18363
-6851
-18507
-6859
-18835
-7091
93
-7051
-51
-7019
-355
-7083
-611
-7059
-787
-7011
-987
-7091
-1259
-7107
-1539
-7107
-1707
-7083
-2011
-7107
-2259
-7003
-2443
-7075
-2699
-7059
-3003
-7019
-3211
-7027
-3459
-7035
-3627
-7027
-3955
-7107
-4211
-7099
-4419
-7051
-4683
-7059
-4907
-7107
-5123
-7091
-5307
-7075
-5675
-7067
-5891
-7059
-6035
-7059
-6283
-7107
-6547
-7051
-6851
-7107
-6995
-6995
-7267
-7003
-7587
-7091
-7827
-7019
-7995
-7027
-8203
-7059
-8459
-7107
-8675
-7091
-8947
-7099
-9267
-7051
-9435
-7091
-9715
-7075
-9931
-7067
-10163
-7027
-10379
-7035
-10643
-7051
-10883
-7003
-11107
-7051
-11363
-7115
-11611
-7019
-11883
-7099
-12131
-7051
-12307
-7051
-12571
-7075
-12835
-7059
-13067
-7107
-13299
-7019
-13571
-7075
-13819
-7075
-13963
-7099
-14275
-7115
-14443
-7107
-14739
-7083
-14939
-7035
-15179
-7051
-15395
-7091
-15635
-7107
-15947
-7067
-16219
-7027
-16459
-7083
-16643
-7099
-16931
-7107
-17155
-7091
-17339
-6987
-17675
-7107
-17811
-7099
-18155
-7107
-18331
-7115
-18523
-7115
-18867
-7243
117
-7347
-27
-7347
-291
-7355
-603
-7251
-787
-7315
-987
-7347
-1339
-7315
-1579
-7355
-1795
-7331
-2027
-7323
-2203
-7339
-2427
-7267
-2683
-7259
-2955
-7347
-3187
-7355
-3507
-7347
-3707
-7299
-3915
-7355
-4179
-7347
-4443
-7307
-4683
-7235
-4827
-7251
-5115
-7267
-5435
-7331
-5659
-7315
-5883
-7347
-6123
-7243
-6371
-7267
-6571
-7315
-6843
-7347
-7115
-7339
-7259
-7331
-7475
-7267
-7811
-7291
-7971
-7347
-8203
-7347
-8555
-7259
-8683
-7347
-9003
-7331
-9267
-7275
-9395
-7355
-9651
-7283
-9883
-7331
-10219
-7243
-10355
-7347
-10691
-7227
-10891
-7259
-11091
-7355
-11403
-7339
-11635
-7251
-11819
-7267
-12131
-7251
-12275
-7299
-12595
-7355
-12795
-7251
-13027
-7275
-13291
-7331
-13467
-7299
-13747
-7315
-14075
-7323
-14275
-7355
-14427
-7315
-14763
-7235
-15035
-7259
-15243
-7227
-15435
-7355
-15667
-7275
-15915
-7299
-16195
-7323
-16451
-7315
-16587
-7251
-16939
-7323
-17195
-7291
-17347
-7323
-17579
-7331
-17835
-7243
-18131
-7275
-18267
-7283
-18627
-7331
-18875
-7499
93
-7579
-99
-7571
-331
-7515
-547
-7547
-835
-7571
-1003
-7587
-1267
-7523
-1587
-7563
-1747
-7587
-2027
-7595
-2219
-7515
-2483
-7571
-2795
-7587
-2947
-7467
-3227
-7563
-3491
-7571
-3683
-7507
-3867
-7563
-4219
-7547
-4443
-7571
-4659
-7555
-4899
-7491
-5091
-7547
-5435
-7547
-5675
-7523
-5787
-7515
-6051
-7587
-6395
-7539
-6635
-7491
-6875
-7587
-7019
-7515
-7347
-7579
-7563
-7483
-7835
-7531
-8035
-7507
-8227
-7587
-8491
-7499
-8683
-7587
-8979
-7547
-9251
-7531
-9483
-7579
-9691
-7491
-9923
-7547
-10179
-7563
-10427
-7499
-10619
-7555
-10923
-7531
-11139
-7531
-11307
-7579
-11595
-7555
-11875
-7531
-12123
-7571
-12307
-7571
-12595
-7523
-12755
-7475
-12995
-7587
-13323
-7587
-13515
-7579
-13715
-7547
-14051
-7579
-14283
-7531
-14515
-7595
-14731
-7475
-15003
-7563
-15235
-7579
-15483
-7595
-15715
-7587
-15971
-7579
-16219
-7523
-16443
-7579
-16691
-7491
-16827
-7547
-17147
-7475
-17435
-7595
-17659
-7563
-17787
-7515
-18139
-7571
-18387
-7531
-18595
-7579
-18875
-7763
149
-7811
-99
-7811
-307
-7787
-587
-7803
-859
-7787
-1051
-7763
-1347
-7795
-1563
-7723
-1723
-7731
-1947
-7803
-2227
-7787
-2547
-7827
-2699
-7835
-2995
-7723
-3163
-7763
-3427
-7819
-3643
-7755
-3923
-7763
-4195
-7731
-4435
-7787
-4627
-7707
-4875
-7811
-5091
-7739
-5323
-7771
-5595
-7811
-5915
-7835
-6035
-7827
-6379
-7827
-6539
-7779
-6851
-7827
-7067
-7707
-7331
-7707
-7531
-7755
-7747
-7835
-7979
-7819
-8235
-7779
-8475
-7755
-8667
-7803
-8971
-7811
-9171
-7771
-9451
-7779
-9755
-7755
-9923
-7715
-10139
-7715
-10467
-7827
-10611
-7731
-10907
-7827
-11107
-7731
-11387
-7779
-11619
-7779
-11787
-7763
-12123
-7835
-12355
-7707
-12555
-7779
-12867
-7779
-13115
-7803
-13355
-7771
-13483
-7827
-13803
-7835
-14059
-7747
-14299
-7795
-14539
-7827
-14707
-7739
-14931
-7747
-15259
-7803
-15411
-7795
-15683
-7803
-15875
-7835
-16131
-7779
-16355
-7803
-16675
-7771
-16867
-7731
-17131
-7755
-17323
-7835
-17595
-7731
-17851
-7795
-18059
-7827
-18387
-7787
-18531
-7755
-18867
-8043
133
-8003
-35
-8075
-267
-7963
-571
-7947
-859
-7987
-1051
-8075
-1299
-8075
-1531
-7947
-1731
-8075
-1947
-8043
-2195
-8075
-2467
-7995
-2779
-8075
-2923
-8043
-3219
-8059
-3499
-8075
-3635
-8067
-3923
-8059
-4203
-8075
-4419
-7955
-4667
-8075
-4875
-8067
-5067
-8035
-5339
-7971
-5547
-8003
-5835
-8003
-6115
-8027
-6267
-8035
-6531
-8019
-6763
-8067
-7075
-8051
-7291
-8067
-7539
-8067
-7811
-8043
-8019
-8075
-8267
-8067
-8435
-7963
-8747
-8035
-8995
-7995
-9163
-8027
-9483
-7979
-9691
-8067
-9923
-8011
-10211
-8067
-10371
-7955
-10635
-8011
-10891
-7971
-11171
-8043
-11347
-7987
-11587
-8051
-11787
-7963
-12043
-8003
-12379
-7955
-12603
-8027
-12851
-8027
-13107
-8003
-13355
-8019
-13595
-7963
-13795
-8067
-13971
-8075
-14187
-8043
-14427
-8067
-14747
-8043
-14963
-8051
-15147
-8051
-15427
-8067
-15683
-8067
-15883
-8043
-16115
-8019
-16419
-8011
-16667
-8043
-16851
-8027
-17171
-8035
-17323
-7987
-17563
-8067
-17915
-8075
-18091
-7979
-18363
-8003
-18635
-7987
-18819
-8235
125
-8307
-59
-8219
-307
-8251
-611
-8187
-867
-8227
-1035
-8307
-1259
-8299
-1587
-8291
-1803
-8251
-1963
-8243
-2243
-8275
-2467
-8275
-2683
-8195
-2987
-8299
-3171
-8275
-3467
-8243
-3627
-8315
-3947
-8299
-4107
-8251
-4371
-8307
-4715
-8283
-4835
-8299
-5163
-8315
-5435
-8299
-5667
-8275
-5803
-8299
-6059
-8283
-6371
-8211
-6627
-8315
-6827
-8275
-7019
-8251
-7235
-8267
-7587
-8299
-7835
-8227
-7995
-8307
-8211
-8203
-8467
-8251
-8779
-8267
-9011
-8275
-9211
-8235
-9419
-8259
-9635
-8283
-9939
-8315
-10131
-8283
-10411
-8211
-10683
-8307
-10875
-8307
-11139
-8299
-11403
-8203
-11643
-8267
-11867
-8275
-12091
-8243
-12395
-8315
-12587
-8291
-12747
-8219
-13043
-8235
-13243
-8315
-13587
-8235
-13803
-8267
-13955
-8283
-14203
-8307
-14459
-8307
-14763
-8275
-14987
-8291
-15203
-8307
-15435
-8299
-15739
-8187
-15995
-8315
-16235
-8291
-16467
-8243
-16587
-8307
-16955
-8203
-17187
-8227
-17435
-8243
-17659
-8299
-17915
-8267
-18115
-8267
-18339
-8211
-18555
-8283
-18811
-8451
125
-8507
-131
-8475
-371
-8483
-531
-8555
-859
-8499
-1059
-8523
-1307
-8531
-1539
-8523
-1779
-8523
-1947
-8491
-2187
-8515
-2515
-8547
-2691
-8547
-3019
-8459
-3243
-8499
-3427
-8451
-3715
-8531
-3995
-8555
-4203
-8523
-4443
-8475
-4675
-8467
-4835
-8515
-5123
-8475
-5363
-8547
-5635
-8507
-5915
-8435
-6123
-8435
-6363
-8491
-6523
-8499
-6875
-8515
-7083
-8547
-7267
-8531
-7539
-8435
-7819
-8539
-7963
-8483
-8259
-8531
-8451
-8523
-8691
-8435
-8979
-8547
-9251
-8435
-9507
-8531
-9643
-8459
-9891
-8507
-10155
-8547
-10467
-8435
-10659
-8427
-10843
-8523
-11187
-8531
-11331
-8547
-11675
-8547
-11851
-8499
-12099
-8523
-12347
-8467
-12555
-8451
-12851
-8515
-13091
-8539
-13259
-8555
-13555
-8507
-13795
-8555
-14075
-8547
-14267
-8555
-14507
-8555
-14755
-8555
-14947
-8523
-15227
-8515
-15419
-8459
-15691
-8531
-15899
-8515
-16187
-8451
-16419
-8467
-16627
-8467
-16955
-8427
-17107
-8523
-17307
-8523
-17603
-8555
-17787
-8443
-18043
-8531
-18395
-8547
-18555
-8515
-18827
-8715
149
-8779
-35
-8691
-347
-8739
-547
-8683
-827
-8747
-1115
-8771
-1339
-8667
-1491
-8691
-1835
-8787
-2011
-8771
-2267
-8731
-2531
-8787
-2699
-8779
-3027
-8731
-3211
-8779
-3467
-8779
-3627
-8731
-3939
-8787
-4211
-8723
-4419
-8763
-4627
-8755
-4835
-8763
-5083
-8787
-5355
-8707
-5667
-8787
-5875
-8691
-6147
-8675
-6283
-8707
-6539
-8779
-6755
-8699
-7115
-8715
-7331
-8795
-7491
-8675
-7771
-8731
-8035
-8779
-8275
-8667
-8499
-8715
-8715
-8731
-8907
-8755
-9155
-8787
-9483
-8787
-9635
-8691
-9971
-8683
-10195
-8731
-10467
-8691
-10611
-8699
-10931
-8691
-11147
-8771
-11403
-8771
-11579
-8763
-11859
-8787
-12123
-8739
-12283
-8723
-12627
-8755
-12771
-8715
-13035
-8707
-13227
-8691
-13579
-8771
-13731
-8699
-13987
-8715
-14283
-8731
-14459
-8683
-14715
-8691
-14915
-8787
-15259
-8763
-15411
-8683
-15715
-8779
-15931
-8795
-16203
-8747
-16379
-8691
-16595
-8755
-16875
-8723
-17187
-8747
-17395
-8739
-17579
-8691
-17851
-8755
-18115
-8707
-18387
-8707
-18587
-8723
-18867
-8987
109
-8971
-91
-8939
-307
-9019
-619
-9003
-803
-9027
-1003
-8995
-1323
-8963
-1507
-9019
-1771
-9019
-1971
-9027
-2243
-8979
-2523
-8947
-2755
-8955
-2955
-9003
-3267
-8907
-3475
-9019
-3627
-8987
-3971
-8995
-4107
-9003
-4387
-9027
-4627
-8979
-4923
-8971
-5171
-8971
-5419
-9003
-5595
-8995
-5883
-9027
-6099
-8971
-6355
-9035
-6507
-9035
-6811
-8931
-7011
-8923
-7243
-9035
-7491
-9035
-7723
-8947
-8043
-8955
-8267
-9027
-8539
-9027
-8699
-8915
-8947
-8955
-9179
-8947
-9491
-8931
-9723
-9011
-9955
-8947
-10195
-8963
-10435
-8931
-10635
-9019
-10883
-8995
-11195
-9019
-11411
-9027
-11667
-9003
-11915
-9003
-12035
-8987
-12379
-9035
-12635
-9003
-12851
-8963
-13059
-9019
-13315
-9003
-13571
-9035
-13731
-9011
-14035
-8995
-14235
-8987
-14539
-8947
-14683
-8939
-14963
-8923
-15219
-9027
-15515
-8939
-15755
-8995
-15923
-8939
-16147
-8923
-16435
-9019
-16675
-8971
-16891
-9035
-17171
-9003
-17419
-8963
-17563
-8915
-17835
-8939
-18147
-9019
-18395
-8939
-18571
-9011
-18851
-9275
141
-9187
-131
-9211
-283
-9195
-515
-9227
-779
-9267
-1059
-9243
-1267
-9203
-1555
-9275
-1827
-9163
-2059
-9267
-2275
-9171
-2539
-9187
-2763
-9227
-3011
-9155
-3219
-9211
-3475
-9235
-3643
-9195
-3923
-9259
-4211
-9251
-4451
-9155
-4683
-9171
-4835
-9187
-5155
-9275
-5371
-9267
-5547
-9259
-5795
-9155
-6075
-9251
-6315
-9211
-6635
-9259
-6835
-9251
-7011
-9267
-7339
-9211
-7563
-9171
-7835
-9243
-8035
-9275
-8243
-9211
-8459
-9267
-8763
-9259
-9003
-9179
-9203
-9195
-9395
-9219
-9699
-9235
-9947
-9171
-10115
-9179
-10371
-9155
-10715
-9235
-10867
-9227
-11179
-9259
-11315
-9275
-11587
-9211
-11907
-9219
-12131
-9147
-12363
-9147
-12515
-9227
-12859
-9267
-13099
-9211
-13275
-9155
-13539
-9219
-13835
-9251
-14035
-9171
-14203
-9259
-14523
-9195
-14691
-9267
-14995
-9235
-15187
-9275
-15387
-9195
-15707
-9251
-15971
-9203
-16155
-9219
-16459
-9179
-16635
-9187
-16843
-9203
-17139
-9187
-17323
-9219
-17627
-9187
-17795
-9275
-18123
-9171
-18395
-9243
-18619
-9267
-18851
-9395
125
-9451
-147
-9443
-299
-9467
-539
-9499
-755
-9467
-1107
-9515
-1355
-9419
-1467
-9435
-1739
-9411
-2003
-9467
-2251
-9411
-2531
-9515
-2683
-9403
-3035
-9499
-3203
-9475
-3459
-9507
-3659
-9443
-3987
-9395
-4235
-9467
-4411
-9451
-4715
-9515
-4955
-9459
-5099
-9427
-5331
-9419
-5675
-9403
-5843
-9475
-6043
-9395
-6307
-9451
-6627
-9451
-6827
-9427
-7035
-9459
-7243
-9515
-7595
-9483
-7827
-9483
-8075
-9403
-8291
-9403
-8515
-9427
-8795
-9435
-8963
-9387
-9219
-9387
-9515
-9483
-9699
-9491
-9947
-9483
-10235
-9507
-10395
-9507
-10635
-9427
-10915
-9403
-11115
-9451
-11403
-9483
-11659
-9459
-11851
-9443
-12051
-9515
-12291
-9475
-12603
-9459
-12843
-9467
-13043
-9467
-13275
-9427
-13555
-9499
-13755
-9507
-14051
-9403
-14203
-9435
-14451
-9483
-14723
-9491
-15035
-9435
-15163
-9467
-15403
-9483
-15691
-9459
-15939
-9443
-16203
-9507
-16387
-9499
-16699
-9419
-16907
-9459
-17131
-9475
-17419
-9483
-17611
-9507
-17795
-9475
-18027
-9507
-18307
-9467
-18611
-9507
-18827
-9683
109
-9739
-51
-9707
-267
-9723
-531
-9755
-819
-9731
-1067
-9731
-1307
-9675
-1579
-9747
-1747
-9659
-1963
-9683
-2195
-9691
-2443
-9739
-2763
-9731
-2931
-9667
-3179
-9651
-3451
-9691
-3635
-9747
-3875
-9739
-4179
-9699
-4419
-9651
-4659
-9699
-4947
-9691
-5179
-9755
-5307
-9739
-5603
-9731
-5875
-9691
-6027
-9707
-6395
-9739
-6627
-9747
-6771
-9731
-7019
-9707
-7227
-9675
-7499
-9691
-7811
-9747
-8067
-9699
-8243
-9747
-8531
-9715
-8779
-9699
-8955
-9683
-9251
-9747
-9491
-9675
-9651
-9715
-9939
-9747
-10147
-9755
-10411
-9651
-10667
-9699
-10947
-9683
-11155
-9651
-11315
-9667
-11651
-9739
-11795
-9691
-12107
-9715
-12267
-9659
-12635
-9683
-12795
-9691
-13051
-9723
-13283
-9739
-13571
-9723
-13827
-9635
-14019
-9747
-14291
-9715
-14499
-9691
-14723
-9755
-14971
-9755
-15219
-9731
-15491
-9643
-15723
-9627
-15891
-9699
-16235
-9691
-16459
-9723
-16587
-9683
-16859
-9739
-17075
-9739
-17323
-9731
-17643
-9755
-17891
-9659
-18075
-9723
-18355
-9691
-18507
-9747
-18859
-9923
101
-9963
-147
-9915
-387
-9955
-635
-9907
-875
-9947
-987
-9979
-1299
-9875
-1555
-9971
-1827
-9907
-2027
-9875
-2267
-9931
-2451
-9939
-2707
-9883
-3003
-9931
-3195
-9899
-3387
-9915
-3635
-9891
-3923
-9899
-4131
-9963
-4347
-9915
-4667
-9995
-4883
-9995
-5091
-9915
-5323
-9947
-5643
-9931
-5899
-9939
-6107
-9891
-6339
-9923
-6627
-9971
-6787
-9867
-7107
-9883
-7307
-9899
-7563
-9971
-7819
-9939
-7955
-9915
-8211
-9947
-8539
-9947
-8667
-9979
-8971
-9899
-9179
-9979
-9483
-9995
-9635
-9995
-9963
-9955
-10187
-9915
-10443
-9915
-10595
-9971
-10867
-9923
-11155
-9963
-11331
-9923
-11659
-9867
-11883
-9995
-12107
-9891
-12267
-9995
-12555
-9963
-12875
-9963
-13059
-9995
-13307
-9939
-13499
-9923
-13779
-9867
-13971
-9987
-14291
-9955
-14427
-9931
-14731
-9979
-14915
-9875
-15243
-9947
-15507
-9867
-15627
-9995
-15875
-9971
-16131
-9907
-16347
-9939
-16659
-9971
-16827
-9963
-17107
-9923
-17307
-9899
-17563
-9899
-17883
-9867
-18075
-9987
-18299
-9899
-18507
-9891
-18843
-10163
125
-10203
-43
-10227
-355
-10147
-523
-10227
-875
-10123
-1107
-10179
-1227
-10235
-1523
-10203
-1827
-10115
-2011
-10211
-2203
-10195
-2459
-10219
-2691
-10187
-2915
-10123
-3251
-10203
-3427
-10179
-3699
-10211
-3883
-10211
-4107
-10195
-4451
-10211
-4619
-10203
-4843
-10195
-5187
-10235
-5379
-10203
-5547
-10179
-5827
-10203
-6083
-10123
-6371
-10171
-6515
-10203
-6827
-10227
-7027
-10219
-7267
-10227
-7475
-10155
-7787
-10203
-8067
-10131
-8267
-10163
-8547
-10163
-8779
-10131
-9019
-10235
-9211
-10123
-9411
-10195
-9667
-10155
-9899
-10123
-10195
-10179
-10475
-10131
-10595
-10139
-10851
-10211
-11179
-10187
-11363
-10227
-11571
-10235
-11795
-10171
-12027
-10187
-12395
-10171
-12539
-10115
-12819
-10115
-13091
-10227
-13259
-10203
-13579
-10227
-13747
-10187
-13955
-10227
-14275
-10227
-14459
-10163
-14691
-10211
-15027
-10115
-15179
-10187
-15443
-10163
-15627
-10227
-15979
-10147
-16155
-10147
-16435
-10163
-16683
-10211
-16835
-10123
-17123
-10219
-17419
-10139
-17579
-10139
-17819
-10179
-18051
-10147
-18283
-10211
-18579
-10179
-18827
-10459
101
-10435
-155
-10435
-347
-10467
-587
-10451
-859
-10459
-1043
-10427
-1323
-10411
-1547
-10443
-1723
-10443
-2051
-10475
-2251
-10443
-2427
-10459
-2699
-10459
-2931
-10443
-3219
-10467
-3419
-10435
-3667
-10467
-3955
-10475
-4163
-10467
-4435
-10475
-4587
-10443
-4843
-10475
-5091
-10411
-5347
-10475
-5611
-10475
-5811
-10467
-6155
-10427
-6291
-10467
-6531
-10459
-6851
-10451
-7083
-10427
-7291
-10411
-7483
-10459
-7731
-10435
-7955
-10443
-8307
-10435
-8459
-10451
-8763
-10435
-8907
-10451
-9227
-10443
-9507
-10411
-9659
-10427
-9915
-10435
-10235
-10419
-10395
-10427
-10627
-10419
-10955
-10427
-11139
-10427
-11355
-10411
-11555
-10467
-11891
-10419
-12043
-10443
-12379
-10427
-12531
-10451
-12843
-10443
-13035
-10411
-13323
-10475
-13531
-10427
-13827
-10467
-14019
-10475
-14211
-10435
-14491
-10411
-14699
-10459
-15011
-10451
-15259
-10411
-15419
-10427
-15731
-10467
-15923
-10467
-16171
-10467
-16403
-10435
-16683
-10459
-16859
-10459
-17083
-10411
-17435
-10475
-17635
-10443
-17915
-10459
-18043
-10411
-18291
-10459
-18587
-10451
-18851
