93
394
330
-117
250
-361
256
-590
184
-800
237
-1026
178
-1310
248
-1535
477
-1713
192
-1915
317
-2198
275
-2405
147
-2679
93
-2895
149
-3195
187
-3459
311
-3725
205
-3955
101
-4115
175
-4343
199
-4631
117
-4911
109
-5055
133
-5331
117
-5623
93
-5783
93
-6099
85
-6375
101
-6519
133
-6875
101
-6967
85
-7271
125
-7519
125
-7803
125
-8043
101
-8223
149
-8471
85
-8759
85
-8955
109
-9215
93
-9443
133
-9651
133
-9867
85
-10203
85
-10459
125
-10667
149
-10891
85
-11115
85
-11427
125
-11603
125
-11795
141
-12059
117
-12355
125
-12619
149
-12779
149
-13027
149
-13267
109
-13491
101
-13731
101
-14059
101
-14235
133
-14547
85
-14723
133
-14979
125
-15187
133
-15411
133
-15683
93
-15931
117
-16211
109
-16419
149
-16667
109
-16931
85
-17147
117
-17371
85
-17659
85
-17859
117
-18131
125
-18267
101
-18579
117
-18851
-143
556
-99
-31
-49
-339
-67
-564
-125
-823
-131
-1025
-93
-1328
-75
-1554
-28
-1731
-32
-1975
-26
-2273
-41
-2507
-115
-2709
-31
-2903
-69
-3221
-49
-3391
-29
-3743
-91
-3845
-41
-4153
-79
-4371
7
-4627
-95
-4847
-103
-5119
-131
-5323
-7
-5583
-87
-5763
-123
-6095
-59
-6267
-155
-6503
-119
-6759
-111
-7039
-91
-7307
-143
-7463
-87
-7755
-83
-8011
-119
-8187
-19
-8531
-31
-8775
-95
-8959
-47
-9183
-91
-9407
-155
-9723
-131
-9899
-75
-10115
-83
-10371
-147
-10691
-155
-10939
-27
-11123
-155
-11419
-131
-11555
-139
-11883
-107
-12075
-83
-12307
-155
-12507
-147
-12803
-155
-13019
-131
-13291
-43
-13515
-139
-13763
-75
-14003
-115
-14187
-139
-14523
-155
-14683
-35
-14987
-59
-15211
-131
-15411
-91
-15667
-115
-15939
-147
-16131
-27
-16475
-91
-16667
-35
-16955
-131
-17187
-99
-17307
-155
-17595
-91
-17851
-155
-18035
-59
-18371
-123
-18587
-75
-18867
-271
454
-251
-22
-338
-357
-329
-565
-367
-850
-361
-1095
-315
-1258
-366
-1479
-325
-1773
-280
-1946
-363
-2266
-351
-2539
-355
-2739
-379
-2999
-349
-3215
-335
-3389
-309
-3739
-353
-3899
-323
-4167
-309
-4351
-319
-4645
-387
-4815
-347
-5147
-299
-5411
-287
-5655
-323
-5787
-335
-6039
-355
-6327
-363
-6619
-247
-6803
-307
-7007
-299
-7331
-331
-7475
-347
-7735
-295
-7991
-391
-8235
-355
-8411
-263
-8723
-359
-8943
-315
-9159
-335
-9475
-387
-9683
-395
-9867
-395
-10171
-291
-10379
-307
-10715
-395
-10843
-339
-11195
-363
-11411
-291
-11547
-387
-11795
-299
-12147
-291
-12379
-323
-12539
-355
-12835
-315
-13011
-291
-13227
-323
-13563
-395
-13803
-355
-14051
-379
-14235
-315
-14467
-363
-14771
-275
-14915
-355
-15163
-299
-15475
-395
-15715
-339
-15907
-363
-16163
-323
-16379
-379
-16619
-363
-16867
-291
-17107
-283
-17435
-355
-17627
-347
-17907
-371
-18059
-347
-18371
-291
-18619
-275
-18859
-603
156
-527
-61
-565
-351
-603
-590
-575
-740
-548
-1081
-485
-1289
-579
-1567
-599
-1696
-613
-2042
-519
-2239
-615
-2533
-531
-2711
-595
-2937
-563
-3129
-587
-3417
-489
-3661
-535
-3889
-587
-4187
-583
-4381
-593
-4599
-579
-4827
-587
-5083
-619
-5359
-539
-5571
-619
-5855
-611
-6039
-615
-6383
-627
-6507
-583
-6839
-519
-6979
-491
-7267
-599
-7483
-531
-7699
-563
-7995
-603
-8211
-611
-8479
-615
-8719
-511
-8927
-563
-9243
-575
-9499
-563
-9699
-539
-9931
-563
-10107
-531
-10379
-571
-10595
-587
-10931
-547
-11163
-611
-11395
-523
-11587
-547
-11843
-619
-12075
-635
-12291
-555
-12611
-531
-12763
-619
-13019
-611
-13283
-547
-13563
-523
-13787
-563
-14035
-531
-14283
-571
-14555
-515
-14707
-611
-14907
-507
-15219
-595
-15427
-531
-15635
-635
-15867
-635
-16139
-603
-16347
-611
-16595
-515
-16923
-619
-17099
-619
-17427
-619
-17667
-595
-17835
-627
-18059
-555
-18315
-635
-18523
-515
-18851
-831
347
-861
-12
-851
-246
-857
-577
-820
-731
-808
-1081
-753
-1297
-847
-1515
-747
-1764
-783
-1945
-840
-2261
-843
-2423
-851
-2743
-813
-2987
-759
-3211
-839
-3375
-829
-3713
-759
-3971
-779
-4107
-793
-4409
-835
-4593
-791
-4859
-755
-5175
-775
-5399
-811
-5623
-739
-5815
-771
-6043
-843
-6363
-831
-6595
-751
-6731
-751
-7031
-843
-7307
-851
-7547
-759
-7831
-819
-7939
-835
-8171
-839
-8435
-851
-8683
-787
-8983
-807
-9199
-835
-9515
-859
-9731
-843
-9875
-843
-10163
-851
-10347
-771
-10683
-851
-10955
-835
-11067
-875
-11387
-851
-11571
-747
-11899
-835
-12123
-875
-12387
-875
-12523
-795
-12795
-811
-13059
-875
-13323
-875
-13523
-779
-13803
-859
-14011
-787
-14211
-803
-14515
-803
-14707
-851
-15011
-867
-15211
-787
-15499
-867
-15723
-763
-15947
-875
-16155
-875
-16387
-763
-16699
-827
-16947
-851
-17147
-835
-17371
-875
-17603
-859
-17827
-803
-18155
-859
-18267
-827
-18619
-827
-18819
-1043
399
-1101
-137
-1066
-317
-1055
-535
-1065
-806
-989
-1061
-1074
-1211
-1057
-1535
-1039
-1753
-1038
-1982
-1035
-2303
-1021
-2467
-1101
-2687
-963
-2915
-1075
-3151
-1103
-3377
-1075
-3663
-1075
-3925
-957
-4183
-1081
-4371
-1073
-4651
-1091
-4819
-987
-5151
-1039
-5287
-1031
-5595
-1083
-5791
-1011
-6079
-1067
-6375
-1071
-6587
-1039
-6751
-1055
-7059
-1083
-7279
-1055
-7483
-1051
-7771
-1067
-7955
-1031
-8215
-1019
-8439
-991
-8671
-1055
-9031
-1099
-9195
-1091
-9435
-1091
-9651
-1115
-9867
-1083
-10227
-1099
-10467
-1091
-10683
-1067
-10883
-995
-11187
-1083
-11371
-1019
-11659
-1059
-11803
-1043
-12083
-1067
-12371
-1027
-12571
-1059
-12867
-1075
-13099
-1083
-13275
-1051
-13571
-1035
-13715
-1091
-14027
-1091
-14307
-1099
-14427
-1067
-14755
-995
-14955
-1019
-15235
-1011
-15427
-995
-15651
-1099
-15875
-1091
-16187
-1011
-16459
-1083
-16667
-1043
-16931
-1091
-17187
-1075
-17419
-1107
-17619
-1051
-17787
-1099
-18035
-1107
-18323
-1019
-18611
-1115
-18851
-1297
321
-1319
-51
-1228
-365
-1198
-539
-1279
-765
-1276
-985
-1233
-1329
-1317
-1536
-1239
-1767
-1269
-2007
-1279
-2191
-1347
-2447
-1347
-2715
-1289
-2995
-1255
-3135
-1265
-3401
-1305
-3677
-1307
-3935
-1247
-4181
-1239
-4447
-1263
-4673
-1291
-4855
-1287
-5107
-1219
-5299
-1319
-5563
-1347
-5863
-1331
-6035
-1219
-6259
-1227
-6503
-1287
-6759
-1275
-7019
-1283
-7323
-1211
-7539
-1275
-7751
-1279
-7967
-1263
-8195
-1335
-8475
-1323
-8675
-1339
-8883
-1319
-9155
-1339
-9395
-1275
-9651
-1259
-9947
-1259
-10219
-1299
-10427
-1283
-10683
-1275
-10859
-1347
-11179
-1315
-11315
-1291
-11667
-1299
-11875
-1227
-12107
-1259
-12267
-1307
-12555
-1355
-12827
-1347
-13115
-1339
-13307
-1331
-13595
-1291
-13827
-1299
-14027
-1307
-14259
-1307
-14435
-1339
-14747
-1235
-14987
-1331
-15211
-1315
-15419
-1251
-15643
-1355
-15971
-1267
-16211
-1323
-16363
-1339
-16595
-1291
-16827
-1243
-17195
-1259
-17371
-1235
-17675
-1347
-17803
-1339
-18051
-1291
-18323
-1235
-18635
-1299
-18819
-1563
675
-1463
-63
-1547
-291
-1517
-507
-1521
-831
-1525
-1103
-1593
-1311
-1527
-1561
-1557
-1767
-1523
-1999
-1467
-2223
-1507
-2423
-1501
-2715
-1455
-2913
-1487
-3213
-1517
-3443
-1523
-3637
-1525
-3931
-1469
-4181
-1555
-4365
-1475
-4643
-1527
-4943
-1459
-5167
-1547
-5295
-1571
-5567
-1559
-5807
-1563
-6115
-1463
-6363
-1507
-6535
-1515
-6811
-1571
-6975
-1523
-7251
-1563
-7527
-1499
-7739
-1567
-7983
-1455
-8171
-1491
-8507
-1519
-8691
-1547
-8911
-1563
-9155
-1551
-9427
-1547
-9707
-1475
-9947
-1467
-10131
-1555
-10419
-1499
-10683
-1515
-10851
-1515
-11083
-1563
-11307
-1555
-11619
-1563
-11891
-1467
-12115
-1467
-12355
-1531
-12611
-1547
-12803
-1491
-13043
-1547
-13251
-1587
-13515
-1483
-13835
-1563
-14011
-1555
-14211
-1547
-14539
-1571
-14731
-1571
-14987
-1571
-15227
-1515
-15435
-1515
-15659
-1523
-15995
-1555
-16123
-1563
-16387
-1579
-16619
-1571
-16915
-1523
-17115
-1539
-17307
-1491
-17563
-1587
-17915
-1555
-18067
-1587
-18347
-1523
-18603
-1491
-18867
-1763
1527
-1735
-75
-1777
-367
-1783
-587
-1733
-715
-1717
-1099
-1743
-1251
-1801
-1467
-1807
-1755
-1791
-1945
-1773
-2243
-1705
-2469
-1797
-2703
-1719
-2907
-1819
-3189
-1775
-3465
-1819
-3725
-1775
-3943
-1797
-4171
-1779
-4373
-1809
-4573
-1811
-4907
-1763
-5135
-1767
-5303
-1807
-5531
-1783
-5907
-1751
-6039
-1771
-6299
-1723
-6555
-1739
-6739
-1763
-7015
-1735
-7243
-1699
-7543
-1751
-7707
-1731
-7987
-1811
-8299
-1811
-8499
-1803
-8711
-1827
-8971
-1771
-9227
-1831
-9491
-1795
-9731
-1819
-9987
-1811
-10131
-1819
-10379
-1835
-10659
-1707
-10931
-1755
-11147
-1819
-11411
-1835
-11595
-1707
-11827
-1827
-12155
-1835
-12379
-1819
-12595
-1819
-12787
-1811
-13075
-1755
-13323
-1803
-13475
-1715
-13739
-1763
-14075
-1747
-14283
-1715
-14507
-1731
-14731
-1731
-15027
-1715
-15275
-1731
-15387
-1755
-15635
-1731
-15979
-1731
-16235
-1795
-16427
-1779
-16643
-1835
-16875
-1763
-17195
-1779
-17387
-1835
-17563
-1811
-17843
-1779
-18043
-1835
-18363
-1707
-18579
-1763
-18843
-1991
923
-2049
-55
-2049
-351
-2023
-571
-1995
-765
-2019
-1043
-1973
-1271
-1983
-1519
-1999
-1697
-2033
-2021
-2005
-2201
-2043
-2443
-2039
-2725
-2023
-2991
-2019
-3129
-1987
-3441
-1977
-3737
-1927
-3971
-2059
-4179
-1997
-4427
-2063
-4613
-2055
-4871
-2039
-5099
-2027
-5291
-1947
-5603
-2067
-5915
-2039
-6019
-2075
-6263
-2015
-6603
-2051
-6723
-2015
-7047
-2063
-7335
-2055
-7527
-1987
-7775
-1915
-8003
-2015
-8191
-1983
-8455
-2019
-8755
-2067
-9019
-1939
-9183
-2011
-9399
-2043
-9651
-2019
-9947
-2035
-10235
-2059
-10355
-2067
-10611
-2027
-10851
-2019
-11123
-2059
-11323
-1987
-11651
-2075
-11795
-2075
-12043
-2043
-12387
-1971
-12507
-2051
-12819
-2075
-13011
-2019
-13259
-2059
-13483
-2035
-13723
-1995
-14035
-2043
-14315
-1995
-14499
-1955
-14715
-1979
-15027
-2043
-15147
-2035
-15483
-2067
-15747
-2003
-15931
-2043
-16139
-2035
-16419
-1995
-16691
-1987
-16835
-2075
-17083
-2075
-17363
-2003
-17595
-1987
-17867
-2019
-18139
-1995
-18299
-1963
-18555
-2003
-18851
-2251
127
-2273
-67
-2297
-313
-2183
-571
-2267
-745
-2257
-971
-2191
-1321
-2255
-1449
-2183
-1781
-2213
-2015
-2231
-2249
-2217
-2539
-2263
-2693
-2279
-2925
-2181
-3229
-2273
-3411
-2283
-3653
-2263
-3959
-2203
-4217
-2177
-4429
-2249
-4575
-2255
-4879
-2191
-5115
-2223
-5399
-2223
-5647
-2219
-5907
-2259
-6083
-2195
-6327
-2159
-6547
-2219
-6819
-2195
-7011
-2207
-7203
-2259
-7583
-2275
-7731
-2183
-7983
-2299
-8215
-2255
-8531
-2255
-8659
-2275
-9015
-2175
-9231
-2283
-9371
-2291
-9683
-2315
-9923
-2291
-10195
-2275
-10427
-2187
-10691
-2315
-10955
-2267
-11115
-2203
-11323
-2315
-11611
-2227
-11883
-2299
-12051
-2227
-12307
-2291
-12539
-2251
-12835
-2251
-13011
-2275
-13259
-2243
-13475
-2235
-13715
-2195
-14027
-2283
-14211
-2291
-14531
-2307
-14755
-2227
-14987
-2275
-15251
-2243
-15499
-2219
-15731
-2299
-15875
-2243
-16219
-2291
-16419
-2307
-16643
-2267
-16915
-2299
-17099
-2243
-17355
-2267
-17595
-2219
-17803
-2275
-18043
-2227
-18331
-2283
-18619
-2195
-18867
-2523
761
-2465
-73
-2467
-299
-2447
-539
-2479
-743
-2537
-1041
-2513
-1305
-2495
-1545
-2529
-1713
-2459
-2019
-2477
-2271
-2547
-2457
-2457
-2703
-2509
-2935
-2519
-3227
-2439
-3365
-2501
-3677
-2491
-3959
-2463
-4191
-2435
-4457
-2451
-4649
-2527
-4823
-2459
-5127
-2459
-5331
-2535
-5559
-2483
-5875
-2527
-6083
-2439
-6291
-2511
-6539
-2435
-6819
-2459
-7059
-2527
-7251
-2499
-7515
-2527
-7707
-2527
-8051
-2475
-8155
-2483
-8515
-2467
-8639
-2487
-8995
-2443
-9179
-2491
-9515
-2499
-9635
-2547
-9907
-2539
-10211
-2555
-10403
-2491
-10603
-2555
-10843
-2467
-11179
-2443
-11419
-2531
-11563
-2483
-11843
-2539
-12139
-2531
-12339
-2499
-12635
-2491
-12859
-2435
-13115
-2507
-13251
-2499
-13595
-2523
-13715
-2515
-14035
-2555
-14315
-2523
-14467
-2547
-14787
-2459
-14947
-2483
-15235
-2451
-15491
-2555
-15667
-2531
-15923
-2451
-16171
-2451
-16355
-2475
-16627
-2547
-16915
-2459
-17171
-2547
-17395
-2459
-17659
-2539
-17867
-2523
-18059
-2547
-18387
-2459
-18635
-2531
-18875
-2747
149
-2759
1
-2691
-271
-2755
-499
-2711
-791
-2787
-1019
-2715
-1331
-2731
-1579
-2747
-1695
-2763
-1947
-2779
-2271
-2691
-2435
-2767
-2715
-2747
-2959
-2771
-3119
-2719
-3371
-2755
-3647
-2711
-3839
-2723
-4175
-2691
-4331
-2715
-4591
-2739
-4867
-2711
-5163
-2715
-5355
-2675
-5623
-2659
-5883
-2683
-6063
-2731
-6363
-2735
-6483
-2755
-6743
-2703
-6995
-2775
-7203
-2735
-7535
-2751
-7759
-2691
-7995
-2703
-8203
-2771
-8407
-2699
-8691
-2791
-8995
-2747
-9171
-2687
-9399
-2795
-9731
-2715
-9867
-2787
-10123
-2747
-10467
-2707
-10699
-2723
-10955
-2795
-11187
-2795
-11347
-2683
-11611
-2779
-11803
-2707
-12083
-2731
-12347
-2715
-12627
-2731
-12755
-2731
-13099
-2787
-13355
-2707
-13531
-2699
-13787
-2763
-14003
-2779
-14267
-2787
-14459
-2795
-14731
-2787
-14971
-2779
-15155
-2731
-15395
-2707
-15747
-2707
-15931
-2787
-16227
-2715
-16363
-2707
-16651
-2787
-16931
-2683
-17147
-2763
-17419
-2779
-17675
-2795
-17875
-2731
-18075
-2707
-18323
-2715
-18587
-2707
-18867
-2939
117
-2959
-35
-2931
-323
-2891
-583
-2895
-751
-2971
-1003
-2955
-1335
-2899
-1559
-2971
-1723
-2947
-2027
-2891
-2263
-3015
-2531
-2915
-2699
-2995
-3003
-3015
-3239
-2999
-3387
-2907
-3619
-2999
-3887
-2975
-4103
-2907
-4367
-2899
-4599
-2895
-4855
-3011
-5083
-3011
-5359
-3023
-5627
-2967
-5871
-3019
-6107
-2903
-6263
-3003
-6611
-3031
-6867
-2995
-7095
-2947
-7215
-3027
-7527
-2891
-7747
-2911
-7959
-2991
-8187
-2923
-8547
-3015
-8771
-3003
-8979
-2939
-9243
-2979
-9387
-2979
-9707
-2971
-9883
-3035
-10139
-2923
-10467
-2963
-10667
-3035
-10875
-3019
-11139
-2963
-11435
-3035
-11619
-3035
-11875
-2931
-12051
-2939
-12291
-2987
-12555
-2979
-12811
-3011
-13043
-2971
-13339
-3035
-13475
-2963
-13771
-3035
-13987
-2979
-14195
-2915
-14515
-3003
-14731
-3003
-14947
-2995
-15259
-2939
-15475
-3011
-15715
-3011
-15955
-3035
-16155
-3027
-16411
-2971
-16603
-2931
-16891
-2995
-17171
-2955
-17323
-2995
-17555
-2923
-17867
-3035
-18107
-2963
-18315
-3035
-18579
-2979
-18827
-3219
133
-3239
-143
-3203
-355
-3195
-571
-3147
-871
-3175
-991
-3247
-1247
-3263
-1595
-3219
-1727
-3155
-2047
-3251
-2163
-3247
-2467
-3171
-2783
-3235
-3023
-3199
-3135
-3207
-3395
-3219
-3643
-3211
-3891
-3231
-4139
-3259
-4335
-3267
-4591
-3251
-4915
-3267
-5107
-3239
-5355
-3187
-5659
-3211
-5835
-3203
-6083
-3127
-6331
-3259
-6567
-3187
-6735
-3167
-7027
-3147
-7283
-3211
-7531
-3235
-7683
-3255
-8011
-3127
-8283
-3231
-8499
-3171
-8703
-3163
-8923
-3267
-9179
-3215
-9383
-3275
-9667
-3187
-9923
-3275
-10171
-3187
-10475
-3147
-10611
-3243
-10859
-3267
-11083
-3275
-11435
-3203
-11627
-3219
-11803
-3227
-12027
-3227
-12363
-3275
-12547
-3195
-12747
-3275
-13107
-3227
-13235
-3275
-13515
-3243
-13747
-3227
-13947
-3267
-14315
-3179
-14483
-3155
-14667
-3243
-14963
-3203
-15195
-3235
-15475
-3251
-15707
-3227
-15875
-3267
-16163
-3195
-16419
-3227
-16667
-3251
-16899
-3227
-17091
-3195
-17315
-3251
-17635
-3267
-17819
-3235
-18123
-3243
-18291
-3219
-18531
-3227
-18811
-3447
101
-3435
-87
-3451
-355
-3455
-475
-3479
-775
-3503
-1083
-3455
-1243
-3435
-1487
-3427
-1703
-3471
-2031
-3383
-2307
-3491
-2399
-3483
-2703
-3495
-2987
-3495
-3239
-3459
-3427
-3427
-3731
-3375
-3907
-3479
-4167
-3503
-4395
-3491
-4671
-3483
-4827
-3515
-5191
-3411
-5375
-3455
-5551
-3439
-5831
-3487
-6067
-3395
-6291
-3511
-6567
-3487
-6815
-3383
-7007
-3447
-7259
-3423
-7527
-3511
-7739
-3379
-7947
-3447
-8211
-3479
-8479
-3423
-8699
-3443
-8971
-3459
-9259
-3491
-9415
-3467
-9715
-3515
-9915
-3467
-10235
-3515
-10443
-3515
-10651
-3443
-10939
-3443
-11195
-3403
-11355
-3451
-11643
-3507
-11915
-3411
-12123
-3483
-12355
-3435
-12563
-3411
-12851
-3499
-13067
-3427
-13347
-3483
-13475
-3443
-13739
-3483
-14019
-3483
-14315
-3491
-14523
-3475
-14667
-3395
-14963
-3499
-15251
-3443
-15403
-3491
-15627
-3443
-15971
-3507
-16179
-3435
-16459
-3491
-16635
-3443
-16907
-3507
-17155
-3499
-17315
-3419
-17611
-3499
-17843
-3395
-18067
-3475
-18307
-3395
-18627
-3515
-18851
-3731
141
-3687
-123
-3731
-303
-3727
-543
-3631
-727
-3743
-991
-3687
-1295
-3651
-1579
-3667
-1743
-3683
-2063
-3675
-2311
-3731
-2479
-3743
-2775
-3731
-3019
-3671
-3187
-3643
-3375
-3659
-3659
-3727
-3871
-3643
-4167
-3699
-4435
-3747
-4575
-3651
-4795
-3679
-5175
-3719
-5383
-3715
-5647
-3683
-5831
-3691
-6027
-3651
-6355
-3735
-6603
-3743
-6835
-3659
-7051
-3635
-7259
-3743
-7523
-3611
-7787
-3751
-7995
-3739
-8211
-3735
-8515
-3691
-8775
-3707
-9007
-3659
-9215
-3663
-9459
-3715
-9699
-3739
-9955
-3691
-10115
-3651
-10475
-3659
-10667
-3651
-10907
-3739
-11171
-3755
-11387
-3731
-11619
-3659
-11843
-3707
-12043
-3739
-12323
-3747
-12555
-3755
-12763
-3723
-13019
-3683
-13251
-3739
-13467
-3739
-13771
-3675
-14019
-3651
-14219
-3747
-14499
-3739
-14675
-3627
-14995
-3739
-15243
-3755
-15499
-3715
-15723
-3699
-15987
-3707
-16163
-3707
-16403
-3635
-16603
-3699
-16875
-3643
-17179
-3731
-17379
-3731
-17659
-3699
-17907
-3731
-18027
-3667
-18267
-3643
-18563
-3667
-18875
-3843
93
-3975
-43
-3855
-271
-3907
-627
-3915
-783
-3915
-1075
-3923
-1259
-3975
-1519
-3903
-1759
-3919
-1963
-3947
-2283
-3943
-2511
-3963
-2727
-3967
-2927
-3955
-3187
-3863
-3475
-3899
-3731
-3891
-3867
-3995
-4227
-3983
-4435
-3947
-4619
-3951
-4855
-3899
-5095
-3931
-5415
-3967
-5515
-3931
-5755
-3903
-6123
-3955
-6323
-3887
-6507
-3887
-6859
-3947
-7043
-3883
-7355
-3927
-7471
-3971
-7691
-3903
-8015
-3939
-8227
-3911
-8475
-3935
-8743
-3919
-8987
-3935
-9175
-3935
-9471
-3915
-9651
-3995
-9947
-3899
-10211
-3979
-10427
-3867
-10691
-3899
-10827
-3939
-11195
-3915
-11347
-3987
-11635
-3955
-11795
-3987
-12107
-3987
-12275
-3987
-12531
-3987
-12811
-3867
-13075
-3875
-13275
-3931
-13539
-3915
-13779
-3979
-13979
-3931
-14211
-3963
-14547
-3883
-14691
-3899
-14971
-3995
-15203
-3963
-15515
-3883
-15659
-3955
-15899
-3867
-16211
-3979
-16427
-3995
-16635
-3947
-16899
-3971
-17139
-3963
-17379
-3955
-17547
-3955
-17859
-3947
-18131
-3987
-18315
-3891
-18603
-3987
-18859
-4131
85
-4199
-67
-4207
-275
-4223
-543
-4127
-723
-4083
-1011
-4203
-1327
-4211
-1519
-4135
-1739
-4155
-2059
-4167
-2191
-4219
-2499
-4203
-2703
-4127
-3027
-4131
-3179
-4167
-3439
-4207
-3687
-4135
-3891
-4199
-4127
-4167
-4399
-4127
-4591
-4107
-4891
-4155
-5087
-4163
-5347
-4147
-5539
-4199
-5775
-4199
-6087
-4163
-6255
-4211
-6491
-4151
-6823
-4155
-7007
-4187
-7215
-4223
-7503
-4199
-7747
-4187
-7959
-4119
-8175
-4207
-8523
-4087
-8767
-4195
-8903
-4139
-9263
-4211
-9443
-4235
-9747
-4179
-9915
-4195
-10203
-4155
-10347
-4107
-10667
-4163
-10947
-4155
-11139
-4163
-11403
-4195
-11587
-4219
-11875
-4147
-12147
-4187
-12347
-4107
-12571
-4219
-12867
-4187
-12987
-4227
-13251
-4219
-13475
-4203
-13835
-4203
-14027
-4227
-14267
-4203
-14427
-4147
-14699
-4139
-15027
-4155
-15203
-4179
-15459
-4195
-15739
-4187
-15939
-4131
-16187
-4107
-16347
-4163
-16715
-4163
-16899
-4227
-17131
-4227
-17395
-4155
-17579
-4203
-17819
-4115
-18027
-4179
-18283
-4203
-18611
-4235
-18819
-4443
141
-4403
-39
-4451
-363
-4371
-591
-4407
-795
-4463
-1019
-4411
-1207
-4439
-1507
-4383
-1827
-4395
-1991
-4451
-2283
-4347
-2423
-4399
-2755
-4455
-3023
-4399
-3239
-4411
-3459
-4367
-3623
-4439
-3923
-4439
-4131
-4439
-4415
-4403
-4567
-4423
-4859
-4435
-5123
-4351
-5407
-4447
-5607
-4339
-5875
-4419
-6023
-4447
-6367
-4455
-6579
-4383
-6763
-4391
-7071
-4327
-7299
-4351
-7535
-4463
-7679
-4379
-8003
-4431
-8227
-4403
-8495
-4367
-8723
-4459
-8947
-4383
-9195
-4399
-9499
-4379
-9635
-4435
-9867
-4427
-10123
-4427
-10411
-4451
-10603
-4355
-10827
-4427
-11139
-4355
-11411
-4475
-11547
-4403
-11867
-4419
-12043
-4459
-12283
-4475
-12579
-4419
-12787
-4371
-13091
-4475
-13291
-4443
-13491
-4347
-13715
-4395
-14011
-4459
-14187
-4363
-14507
-4435
-14787
-4451
-14995
-4467
-15195
-4355
-15507
-4459
-15723
-4411
-15931
-4427
-16107
-4355
-16419
-4387
-16651
-4411
-16915
-4403
-17091
-4403
-17355
-4427
-17651
-4467
-17843
-4459
-18115
-4347
-18275
-4363
-18555
-4371
-18867
-4555
125
-4615
-51
-4667
-355
-4619
-551
-4687
-775
-4715
-1007
-4579
-1319
-4623
-1483
-4707
-1759
-4603
-1971
-4623
-2235
-4607
-2475
-4615
-2635
-4643
-2899
-4695
-3163
-4627
-3447
-4667
-3707
-4679
-3919
-4699
-4147
-4687
-4391
-4575
-4655
-4595
-4819
-4671
-5059
-4639
-5351
-4615
-5607
-4663
-5899
-4687
-6127
-4635
-6395
-4683
-6567
-4687
-6783
-4643
-7019
-4699
-7319
-4603
-7515
-4655
-7767
-4679
-7991
-4619
-8191
-4715
-8399
-4587
-8723
-4623
-9003
-4679
-9171
-4619
-9439
-4643
-9683
-4611
-9875
-4675
-10179
-4611
-10443
-4635
-10619
-4627
-10843
-4611
-11091
-4699
-11363
-4715
-11595
-4651
-11883
-4691
-12059
-4667
-12347
-4667
-12555
-4683
-12779
-4603
-13115
-4635
-13243
-4619
-13499
-4691
-13771
-4707
-14059
-4675
-14315
-4675
-14523
-4691
-14779
-4691
-14987
-4587
-15275
-4699
-15499
-4715
-15707
-4707
-15963
-4715
-16155
-4691
-16379
-4691
-16707
-4595
-16947
-4587
-17091
-4643
-17411
-4715
-17643
-4691
-17907
-4667
-18043
-4707
-18371
-4595
-18571
-4659
-18859
-4875
101
-4879
-83
-4915
-271
-4923
-547
-4903
-823
-4843
-1059
-4943
-1267
-4851
-1515
-4871
-1803
-4847
-2019
-4903
-2255
-4923
-2435
-4883
-2679
-4943
-3011
-4899
-3175
-4903
-3467
-4815
-3715
-4851
-3871
-4939
-4107
-4827
-4367
-4919
-4615
-4827
-4867
-4887
-5147
-4895
-5383
-4847
-5575
-4879
-5787
-4815
-6035
-4935
-6271
-4895
-6491
-4895
-6815
-4823
-7059
-4879
-7227
-4899
-7555
-4839
-7699
-4803
-8031
-4883
-8231
-4891
-8519
-4879
-8743
-4843
-8999
-4887
-9203
-4927
-9371
-4875
-9643
-4939
-9971
-4923
-10203
-4947
-10363
-4875
-10595
-4883
-10915
-4827
-11163
-4955
-11435
-4947
-11595
-4851
-11851
-4899
-12155
-4915
-12379
-4955
-12603
-4955
-12859
-4955
-13067
-4923
-13323
-4891
-13475
-4939
-13827
-4923
-14059
-4875
-14211
-4891
-14451
-4923
-14787
-4899
-15011
-4867
-15147
-4947
-15499
-4899
-15739
-4851
-15875
-4827
-16203
-4955
-16467
-4931
-16643
-4931
-16843
-4947
-17179
-4947
-17371
-4931
-17587
-4827
-17867
-4843
-18107
-4955
-18355
-4955
-18515
-4883
-18859
-5155
149
-5107
-59
-5155
-303
-5155
-503
-5159
-735
-5123
-1063
-5147
-1219
-5155
-1443
-5151
-1751
-5091
-1959
-5163
-2235
-5175
-2507
-5067
-2683
-5147
-2907
-5179
-3175
-5115
-3495
-5043
-3739
-5155
-3863
-5123
-4187
-5175
-4347
-5163
-4631
-5119
-4903
-5163
-5167
-5187
-5355
-5167
-5619
-5135
-5819
-5099
-6059
-5099
-6311
-5179
-6587
-5079
-6843
-5123
-6971
-5155
-7255
-5151
-7547
-5123
-7719
-5163
-8031
-5067
-8227
-5119
-8443
-5163
-8667
-5139
-9027
-5095
-9163
-5155
-9411
-5099
-9627
-5195
-9899
-5123
-10147
-5123
-10387
-5171
-10587
-5107
-10955
-5123
-11083
-5163
-11427
-5123
-11651
-5091
-11875
-5195
-12147
-5163
-12275
-5139
-12515
-5163
-12851
-5139
-13091
-5179
-13299
-5163
-13531
-5131
-13763
-5155
-14059
-5139
-14275
-5171
-14475
-5107
-14779
-5123
-14963
-5195
-15235
-5131
-15491
-5179
-15675
-5083
-15907
-5179
-16155
-5123
-16411
-5099
-16627
-5195
-16915
-5195
-17115
-5179
-17307
-5195
-17659
-5115
-17787
-5139
-18027
-5179
-18291
-5139
-18555
-5083
-18811
-5315
141
-5411
-123
-5395
-259
-5363
-523
-5339
-811
-5395
-1075
-5387
-1211
-5427
-1531
-5323
-1759
-5419
-2067
-5403
-2219
-5355
-2495
-5347
-2655
-5395
-2939
-5419
-3203
-5411
-3443
-5411
-3707
-5363
-3887
-5411
-4163
-5315
-4391
-5331
-4687
-5315
-4875
-5435
-5171
-5419
-5403
-5363
-5547
-5379
-5771
-5371
-6023
-5403
-6307
-5355
-6523
-5395
-6759
-5403
-7043
-5427
-7283
-5363
-7587
-5379
-7827
-5411
-8027
-5371
-8199
-5379
-8519
-5403
-8739
-5331
-8983
-5307
-9219
-5435
-9491
-5411
-9707
-5419
-9947
-5427
-10163
-5323
-10467
-5315
-10691
-5387
-10883
-5435
-11163
-5411
-11339
-5331
-11651
-5427
-11875
-5403
-12123
-5323
-12299
-5427
-12635
-5435
-12795
-5395
-13019
-5363
-13267
-5363
-13483
-5307
-13795
-5379
-13955
-5347
-14211
-5395
-14499
-5371
-14763
-5363
-14931
-5411
-15211
-5379
-15459
-5435
-15739
-5323
-15875
-5355
-16131
-5331
-16363
-5435
-16651
-5427
-16835
-5387
-17075
-5387
-17403
-5323
-17651
-5403
-17915
-5355
-18091
-5395
-18299
-5411
-18611
-5355
-18843
-5587
149
-5611
-83
-5619
-275
-5619
-571
-5635
-771
-5611
-1091
-5555
-1299
-5659
-1595
-5651
-1835
-5651
-1987
-5611
-2235
-5659
-2467
-5555
-2667
-5667
-2971
-5643
-3267
-5667
-3515
-5667
-3627
-5555
-3963
-5667
-4107
-5635
-4411
-5571
-4675
-5611
-4843
-5651
-5171
-5547
-5371
-5627
-5587
-5667
-5875
-5611
-6091
-5611
-6331
-5659
-6523
-5651
-6835
-5635
-7075
-5627
-7267
-5611
-7595
-5603
-7819
-5675
-7995
-5579
-8219
-5579
-8451
-5635
-8747
-5587
-8971
-5587
-9275
-5587
-9499
-5587
-9675
-5675
-9891
-5667
-10139
-5659
-10371
-5555
-10667
-5619
-10923
-5675
-11091
-5587
-11395
-5659
-11611
-5619
-11867
-5667
-12139
-5675
-12299
-5635
-12539
-5627
-12787
-5611
-12995
-5643
-13347
-5635
-13539
-5675
-13827
-5555
-14059
-5643
-14299
-5603
-14427
-5547
-14731
-5667
-14915
-5667
-15251
-5579
-15435
-5627
-15723
-5547
-15979
-5635
-16211
-5667
-16403
-5587
-16683
-5555
-16907
-5643
-17179
-5675
-17427
-5611
-17659
-5627
-17819
-5675
-18027
-5643
-18355
-5659
-18547
-5635
-18867
-5915
149
-5795
-147
-5907
-307
-5907
-563
-5843
-827
-5795
-1027
-5843
-1227
-5883
-1595
-5835
-1787
-5883
-1995
-5875
-2243
-5915
-2451
-5867
-2763
-5875
-3027
-5803
-3211
-5907
-3499
-5867
-3627
-5907
-3939
-5875
-4219
-5851
-4371
-5843
-4603
-5899
-4875
-5819
-5195
-5811
-5435
-5851
-5571
-5827
-5867
-5907
-6107
-5907
-6275
-5859
-6579
-5883
-6843
-5811
-7019
-5803
-7315
-5835
-7515
-5859
-7827
-5819
-7955
-5907
-8275
-5907
-8547
-5907
-8723
-5875
-8907
-5843
-9155
-5859
-9451
-5891
-9699
-5891
-9939
-5867
-10139
-5907
-10419
-5875
-10659
-5867
-10851
-5787
-11123
-5803
-11371
-5915
-11659
-5859
-11899
-5899
-12115
-5843
-12275
-5883
-12515
-5907
-12795
-5915
-13067
-5899
-13307
-5851
-13571
-5835
-13811
-5883
-14051
-5867
-14267
-5827
-14531
-5843
-14715
-5907
-14963
-5851
-15195
-5859
-15507
-5891
-15731
-5907
-15995
-5827
-16235
-5915
-16467
-5795
-16699
-5907
-16859
-5907
-17123
-5883
-17435
-5867
-17555
-5819
-17867
-5899
-18075
-5811
-18331
-5851
-18539
-5795
-18843
-6107
117
-6059
-67
-6067
-291
-6051
-627
-6027
-787
-6051
-1091
-6147
-1227
-6155
-1483
-6091
-1715
-6131
-2027
-6099
-2259
-6091
-2435
-6035
-2747
-6083
-3027
-6131
-3243
-6139
-3403
-6051
-3651
-6043
-3947
-6051
-4235
-6131
-4435
-6107
-4683
-6067
-4875
-6051
-5067
-6123
-5387
-6131
-5563
-6075
-5851
-6083
-6155
-6147
-6267
-6075
-6603
-6083
-6811
-6115
-7099
-6147
-7315
-6147
-7579
-6123
-7747
-6075
-8067
-6155
-8227
-6139
-8555
-6155
-8675
-6083
-9003
-6131
-9187
-6035
-9427
-6107
-9707
-6083
-9867
-6035
-10227
-6131
-10371
-6131
-10707
-6027
-10859
-6131
-11107
-6107
-11435
-6067
-11595
-6155
-11851
-6091
-12027
-6091
-12331
-6123
-12579
-6115
-12859
-6155
-13035
-6115
-13323
-6115
-13539
-6123
-13739
-6083
-14011
-6139
-14315
-6067
-14507
-6123
-14755
-6035
-15027
-6075
-15243
-6059
-15467
-6123
-15691
-6155
-15891
-6131
-16163
-6139
-16475
-6067
-16659
-6043
-16867
-6091
-17123
-6139
-17435
-6075
-17667
-6139
-17883
-6139
-18139
-6147
-18267
-6067
-18603
-6155
-18867
-6395
93
-6363
-147
-6379
-323
-6315
-611
-6387
-835
-6395
-1035
-6275
-1331
-6283
-1491
-6323
-1723
-6331
-1963
-6379
-2235
-6387
-2555
-6347
-2699
-6299
-2907
-6315
-3251
-6315
-3467
-6387
-3699
-6315
-3947
-6355
-4171
-6371
-4427
-6363
-4603
-6283
-4883
-6331
-5171
-6387
-5363
-6355
-5611
-6323
-5819
-6371
-6131
-6275
-6371
-6347
-6619
-6299
-6827
-6371
-7011
-6275
-7299
-6299
-7579
-6379
-7723
-6307
-8019
-6363
-8203
-6387
-8451
-6387
-8747
-6291
-8923
-6267
-9227
-6283
-9491
-6363
-9731
-6371
-9963
-6339
-10163
-6331
-10379
-6363
-10659
-6323
-10875
-6387
-11147
-6347
-11379
-6323
-11643
-6323
-11875
-6339
-12067
-6395
-12275
-6379
-12579
-6299
-12755
-6315
-13051
-6363
-13235
-6339
-13523
-6395
-13739
-6283
-14003
-6347
-14275
-6283
-14451
-6347
-14723
-6371
-14907
-6267
-15163
-6395
-15419
-6267
-15667
-6315
-15883
-6323
-16163
-6395
-16467
-6347
-16603
-6331
-16867
-6395
-17115
-6395
-17323
-6347
-17563
-6339
-17843
-6339
-18067
-6371
-18355
-6387
-18635
-6299
-18843
-6507
85
-6627
-83
-6523
-291
-6547
-507
-6627
-779
-6587
-1011
-6531
-1331
-6587
-1499
-6531
-1835
-6611
-2011
-6587
-2283
-6619
-2555
-6611
-2755
-6547
-2971
-6635
-3275
-6515
-3491
-6635
-3675
-6515
-3971
-6627
-4155
-6539
-4379
-6547
-4699
-6531
-4851
-6507
-5115
-6563
-5419
-6587
-5611
-6627
-5795
-6627
-6099
-6547
-6363
-6515
-6579
-6547
-6867
-6571
-7051
-6579
-7251
-6579
-7579
-6555
-7811
-6507
-7987
-6571
-8299
-6563
-8507
-6627
-8723
-6635
-8971
-6619
-9219
-6603
-9515
-6595
-9715
-6547
-9979
-6587
-10147
-6595
-10379
-6635
-10707
-6627
-10843
-6579
-11123
-6523
-11347
-6571
-11555
-6563
-11915
-6563
-12051
-6611
-12315
-6531
-12579
-6563
-12755
-6571
-13099
-6563
-13227
-6547
-13539
-6587
-13803
-6595
-13963
-6635
-14187
-6579
-14539
-6627
-14699
-6547
-14963
-6547
-15187
-6587
-15435
-6531
-15699
-6595
-15987
-6611
-16147
-6635
-16427
-6523
-16667
-6619
-16851
-6531
-17139
-6555
-17355
-6531
-17603
-6563
-17851
-6635
-18043
-6619
-18331
-6555
-18635
-6531
-18867
-6779
93
-6859
-107
-6795
-275
-6755
-571
-6779
-827
-6843
-1043
-6803
-1243
-6827
-1563
-6755
-1739
-6803
-2067
-6867
-2211
-6747
-2483
-6843
-2795
-6755
-2915
-6851
-3147
-6755
-3475
-6875
-3643
-6867
-3923
-6859
-4211
-6803
-4379
-6787
-4691
-6779
-4923
-6819
-5195
-6803
-5411
-6779
-5603
-6795
-5859
-6851
-6075
-6835
-6307
-6835
-6515
-6755
-6843
-6851
-7043
-6859
-7251
-6779
-7563
-6875
-7747
-6795
-7987
-6819
-8267
-6747
-8443
-6851
-8771
-6875
-8979
-6827
-9171
-6819
-9499
-6843
-9651
-6835
-9947
-6787
-10155
-6819
-10387
-6859
-10643
-6795
-10891
-6851
-11115
-6755
-11403
-6875
-11611
-6867
-11915
-6835
-12091
-6803
-12387
-6843
-12587
-6811
-12787
-6859
-13043
-6859
-13331
-6859
-13595
-6875
-13819
-6811
-13995
-6819
-14227
-6867
-14459
-6851
-14675
-6859
-14955
-6867
-15243
-6803
-15403
-6867
-15731
-6867
-15995
-6755
-16211
-6755
-16379
-6851
-16699
-6827
-16859
-6779
-17131
-6851
-17347
-6827
-17555
-6835
-17843
-6835
-18099
-6779
-18387
-6803
-18611
-6867
-18875
-7043
93
-7051
-51
-7059
-267
-7107
-595
-7011
-803
-7067
-1115
-7019
-1243
-7067
-1475
-7091
-1779
-7067
-1963
-7083
-2211
-6987
-2459
-7075
-2699
-7043
-3019
-7003
-3227
-7027
-3459
-7083
-3659
-7075
-3955
-7107
-4211
-7043
-4451
-7091
-4691
-7019
-4899
-7115
-5163
-7035
-5403
-7043
-5595
-7003
-5843
-7059
-6107
-7059
-6379
-7099
-6571
-7099
-6859
-7003
-7107
-7107
-7299
-7059
-7507
-7067
-7755
-7083
-8067
-7091
-8243
-7027
-8531
-7051
-8795
-7059
-8923
-7075
-9219
-7083
-9491
-7083
-9627
-7019
-9891
-7083
-10211
-7059
-10371
-7011
-10619
-7003
-10875
-7051
-11107
-7107
-11379
-7051
-11651
-7067
-11859
-6995
-12083
-7011
-12299
-7107
-12547
-7067
-12875
-6995
-13099
-7099
-13267
-7043
-13563
-7051
-13723
-7011
-13987
-7067
-14267
-7107
-14459
-7019
-14779
-7107
-15019
-7091
-15259
-7043
-15387
-7051
-15739
-7027
-15963
-7059
-16203
-7059
-16371
-7035
-16619
-6987
-16891
-7067
-17123
-6995
-17339
-7043
-17571
-7051
-17787
-7059
-18035
-7099
-18387
-7059
-18507
-7003
-18851
-7331
101
-7347
-27
-7315
-331
-7315
-507
-7227
-867
-7299
-1003
-7299
-1347
-7283
-1507
-7307
-1779
-7275
-2019
-7347
-2283
-7267
-2467
-7267
-2683
-7307
-2971
-7347
-3155
-7299
-3467
-7243
-3683
-7291
-3987
-7323
-4227
-7315
-4427
-7283
-4587
-7299
-4939
-7347
-5163
-7259
-5419
-7323
-5587
-7315
-5915
-7315
-6099
-7323
-6323
-7243
-6507
-7347
-6827
-7283
-7027
-7299
-7355
-7235
-7571
-7299
-7755
-7227
-7963
-7291
-8203
-7291
-8483
-7331
-8715
-7323
-9035
-7347
-9219
-7323
-9419
-7259
-9755
-7275
-9931
-7355
-10107
-7267
-10459
-7339
-10611
-7299
-10835
-7347
-11187
-7347
-11379
-7355
-11579
-7323
-11811
-7235
-12067
-7315
-12355
-7283
-12563
-7307
-12819
-7339
-13035
-7355
-13251
-7347
-13499
-7315
-13795
-7259
-14051
-7235
-14203
-7283
-14531
-7331
-14763
-7283
-15019
-7227
-15235
-7283
-15451
-7251
-15723
-7259
-15867
-7355
-16219
-7283
-16443
-7355
-16715
-7275
-16899
-7235
-17107
-7307
-17363
-7355
-17651
-7227
-17867
-7243
-18131
-7339
-18363
-7275
-18603
-7339
-18875
-7467
133
-7587
-131
-7579
-363
-7539
-547
-7547
-851
-7475
-1083
-7555
-1275
-7563
-1563
-7563
-1747
-7539
-1955
-7515
-2259
-7587
-2499
-7491
-2779
-7595
-3003
-7539
-3251
-7491
-3499
-7507
-3715
-7523
-3931
-7475
-4227
-7523
-4475
-7587
-4643
-7587
-4947
-7547
-5083
-7491
-5339
-7483
-5555
-7491
-5899
-7563
-6107
-7523
-6379
-7595
-6539
-7547
-6843
-7571
-7003
-7579
-7235
-7595
-7587
-7539
-7763
-7555
-7955
-7515
-8307
-7563
-8435
-7507
-8731
-7571
-8931
-7571
-9211
-7483
-9475
-7571
-9731
-7491
-9915
-7555
-10195
-7539
-10427
-7507
-10611
-7475
-10899
-7515
-11083
-7595
-11411
-7587
-11667
-7563
-11827
-7555
-12139
-7595
-12283
-7547
-12619
-7499
-12779
-7507
-13051
-7523
-13347
-7587
-13571
-7563
-13763
-7539
-14051
-7563
-14299
-7571
-14451
-7595
-14715
-7499
-14963
-7491
-15203
-7507
-15491
-7467
-15651
-7595
-15883
-7563
-16171
-7587
-16355
-7579
-16595
-7547
-16827
-7579
-17099
-7539
-17339
-7515
-17587
-7563
-17787
-7571
-18099
-7587
-18283
-7539
-18635
-7475
-18851
-7763
149
-7811
-99
-7723
-315
-7819
-539
-7715
-843
-7795
-1083
-7795
-1235
-7827
-1491
-7835
-1771
-7739
-2011
-7803
-2195
-7707
-2555
-7827
-2715
-7835
-2955
-7827
-3195
-7787
-3483
-7811
-3635
-7723
-3963
-7803
-4195
-7803
-4467
-7827
-4715
-7803
-4947
-7723
-5179
-7803
-5419
-7707
-5587
-7795
-5811
-7707
-6115
-7835
-6323
-7739
-6555
-7803
-6859
-7827
-7107
-7811
-7283
-7787
-7515
-7835
-7827
-7707
-8003
-7731
-8299
-7787
-8555
-7819
-8771
-7715
-9019
-7763
-9163
-7739
-9499
-7803
-9635
-7763
-9971
-7827
-10195
-7803
-10467
-7819
-10699
-7803
-10875
-7779
-11115
-7819
-11411
-7811
-11555
-7739
-11883
-7779
-12067
-7715
-12355
-7835
-12507
-7835
-12875
-7787
-13027
-7827
-13291
-7803
-13475
-7819
-13771
-7835
-14051
-7827
-14267
-7747
-14507
-7819
-14675
-7835
-14923
-7795
-15171
-7795
-15403
-7715
-15691
-7779
-15987
-7803
-16211
-7811
-16387
-7755
-16699
-7723
-16939
-7827
-17195
-7795
-17395
-7755
-17667
-7795
-17827
-7795
-18139
-7763
-18275
-7811
-18539
-7731
-18867
-7995
85
-8003
-35
-8075
-283
-7971
-547
-8051
-859
-8019
-1075
-8067
-1259
-8067
-1491
-7979
-1755
-7995
-2011
-8075
-2275
-7963
-2531
-8067
-2699
-8027
-2907
-8019
-3211
-8067
-3499
-7947
-3659
-7987
-3883
-8059
-4219
-7987
-4379
-7947
-4715
-8067
-4899
-7979
-5115
-8019
-5411
-7963
-5619
-8035
-5843
-8011
-6027
-8011
-6371
-8011
-6587
-8067
-6819
-8067
-6987
-7979
-7227
-8019
-7515
-7963
-7755
-8075
-8075
-7979
-8291
-8003
-8459
-8067
-8795
-8011
-8907
-7987
-9227
-7955
-9499
-8011
-9707
-8067
-9995
-7963
-10203
-8011
-10387
-8067
-10587
-8059
-10947
-8067
-11083
-8027
-11411
-7947
-11643
-8011
-11875
-7971
-12155
-7955
-12395
-7995
-12539
-7955
-12803
-8067
-13019
-8051
-13267
-8043
-13555
-8067
-13811
-7979
-13955
-8035
-14291
-8043
-14427
-7987
-14731
-8059
-14907
-8003
-15275
-8075
-15387
-8043
-15627
-8075
-15915
-7995
-16203
-8035
-16419
-8067
-16707
-7979
-16851
-7963
-17099
-7995
-17307
-8059
-17667
-8011
-17867
-8043
-18035
-8035
-18267
-8043
-18619
-7971
-18859
-8235
125
-8187
-59
-8307
-339
-8291
-603
-8307
-843
-8275
-1059
-8291
-1243
-8211
-1531
-8299
-1795
-8315
-1955
-8195
-2187
-8211
-2523
-8187
-2763
-8275
-2947
-8267
-3243
-8299
-3427
-8307
-3643
-8251
-3979
-8275
-4107
-8291
-4371
-8275
-4691
-8267
-4891
-8251
-5147
-8235
-5339
-8307
-5579
-8267
-5899
-8187
-6107
-8283
-6315
-8235
-6523
-8267
-6827
-8275
-7027
-8291
-7235
-8227
-7515
-8267
-7827
-8203
-8059
-8283
-8291
-8267
-8499
-8259
-8683
-8243
-8979
-8251
-9267
-8275
-9427
-8299
-9731
-8243
-9939
-8195
-10115
-8219
-10459
-8219
-10691
-8307
-10923
-8307
-11147
-8291
-11363
-8195
-11635
-8259
-11811
-8315
-12155
-8203
-12323
-8251
-12619
-8243
-12843
-8291
-13051
-8251
-13323
-8251
-13571
-8235
-13795
-8211
-13979
-8211
-14315
-8259
-14547
-8259
-14787
-8299
-15003
-8227
-15163
-8307
-15451
-8315
-15627
-8187
-15979
-8275
-16227
-8227
-16395
-8251
-16675
-8307
-16883
-8187
-17099
-8299
-17315
-8203
-17547
-8235
-17883
-8315
-18027
-8259
-18371
-8267
-18547
-8227
-18827
-8451
125
-8507
-131
-8443
-363
-8427
-531
-8459
-875
-8435
-1059
-8547
-1347
-8547
-1555
-8523
-1811
-8491
-1971
-8459
-2259
-8443
-2531
-8483
-2707
-8427
-2987
-8555
-3163
-8547
-3459
-8483
-3731
-8499
-3931
-8539
-4123
-8507
-4459
-8555
-4667
-8499
-4883
-8499
-5083
-8531
-5315
-8531
-5595
-8475
-5803
-8507
-6043
-8515
-6299
-8539
-6547
-8459
-6779
-8499
-7099
-8531
-7243
-8491
-7579
-8523
-7715
-8491
-8075
-8515
-8243
-8555
-8507
-8539
-8707
-8547
-8995
-8451
-9155
-8435
-9435
-8435
-9699
-8523
-9931
-8531
-10107
-8451
-10451
-8555
-10707
-8523
-10923
-8491
-11099
-8491
-11395
-8555
-11627
-8515
-11851
-8539
-12091
-8547
-12371
-8515
-12515
-8515
-12859
-8475
-13115
-8507
-13283
-8523
-13499
-8539
-13715
-8459
-14067
-8515
-14267
-8499
-14499
-8507
-14723
-8499
-14923
-8539
-15251
-8499
-15459
-8443
-15667
-8483
-15979
-8467
-16195
-8547
-16403
-8523
-16595
-8499
-16827
-8491
-17067
-8547
-17411
-8443
-17659
-8491
-17819
-8443
-18147
-8531
-18379
-8547
-18603
-8443
-18811
-8739
85
-8747
-139
-8763
-307
-8779
-611
-8795
-787
-8739
-1059
-8787
-1315
-8787
-1571
-8739
-1803
-8667
-1947
-8795
-2227
-8763
-2531
-8795
-2683
-8755
-2995
-8763
-3251
-8683
-3395
-8787
-3675
-8731
-3923
-8779
-4147
-8731
-4403
-8699
-4667
-8723
-4851
-8763
-5179
-8731
-5363
-8755
-5611
-8723
-5891
-8747
-6155
-8787
-6283
-8755
-6515
-8771
-6875
-8707
-7035
-8747
-7323
-8731
-7467
-8763
-7755
-8739
-8003
-8771
-8235
-8739
-8523
-8779
-8675
-8707
-8907
-8739
-9187
-8755
-9491
-8691
-9691
-8683
-9939
-8771
-10235
-8763
-10395
-8763
-10699
-8787
-10891
-8707
-11131
-8691
-11419
-8787
-11579
-8795
-11891
-8715
-12043
-8795
-12363
-8731
-12627
-8763
-12755
-8699
-13075
-8755
-13323
-8771
-13499
-8787
-13819
-8723
-14019
-8779
-14227
-8755
-14443
-8763
-14675
-8787
-14923
-8683
-15227
-8747
-15435
-8755
-15723
-8755
-15979
-8787
-16147
-8731
-16427
-8779
-16715
-8787
-16931
-8723
-17179
-8675
-17355
-8787
-17635
-8723
-17787
-8739
-18115
-8731
-18331
-8699
-18635
-8723
-18867
-9035
125
-8955
-99
-8955
-299
-8971
-587
-8987
-755
-9027
-1043
-8987
-1307
-8947
-1563
-8907
-1795
-8979
-1987
-8955
-2195
-9011
-2499
-8963
-2787
-8947
-2931
-8987
-3251
-9019
-3515
-9019
-3707
-9011
-3979
-8955
-4179
-8931
-4355
-9019
-4635
-8947
-4827
-8987
-5195
-8987
-5371
-8939
-5587
-8963
-5811
-9019
-6059
-9035
-6371
-8987
-6531
-8907
-6763
-8963
-7035
-8931
-7355
-8979
-7507
-9019
-7827
-9003
-8067
-9035
-8307
-8995
-8451
-9011
-8755
-8955
-9019
-8971
-9219
-9003
-9419
-9019
-9683
-9027
-9867
-9027
-10187
-9019
-10395
-9003
-10699
-9003
-10883
-8963
-11187
-8947
-11323
-8907
-11595
-9003
-11867
-8915
-12107
-9035
-12307
-9019
-12523
-8923
-12747
-8987
-13035
-8955
-13315
-8987
-13595
-8939
-13771
-9035
-13995
-8979
-14195
-8963
-14459
-9027
-14683
-8995
-14915
-8955
-15203
-9027
-15507
-9011
-15731
-8955
-15915
-8955
-16227
-8907
-16371
-8931
-16627
-8955
-16923
-8979
-17163
-8971
-17427
-9019
-17595
-9011
-17827
-9003
-18043
-8995
-18291
-8939
-18555
-8955
-18867
-9219
141
-9227
-123
-9163
-267
-9211
-547
-9163
-875
-9147
-1083
-9259
-1251
-9259
-1579
-9235
-1811
-9187
-2027
-9275
-2211
-9243
-2483
-9267
-2723
-9235
-3011
-9227
-3259
-9251
-3467
-9259
-3699
-9203
-3915
-9251
-4123
-9251
-4371
-9259
-4627
-9195
-4875
-9227
-5067
-9155
-5371
-9227
-5579
-9259
-5907
-9147
-6147
-9235
-6299
-9251
-6531
-9187
-6795
-9155
-6987
-9147
-7283
-9227
-7547
-9195
-7731
-9171
-7947
-9243
-8203
-9275
-8427
-9219
-8667
-9211
-8947
-9211
-9155
-9267
-9507
-9259
-9715
-9251
-9875
-9179
-10187
-9227
-10371
-9203
-10691
-9171
-10891
-9251
-11091
-9251
-11347
-9267
-11667
-9267
-11883
-9155
-12091
-9243
-12323
-9203
-12619
-9235
-12867
-9275
-13043
-9275
-13299
-9163
-13483
-9219
-13787
-9275
-13995
-9251
-14291
-9267
-14475
-9211
-14755
-9267
-15035
-9227
-15251
-9163
-15435
-9211
-15707
-9235
-15883
-9179
-16187
-9259
-16379
-9275
-16603
-9235
-16907
-9235
-17067
-9275
-17435
-9275
-17571
-9155
-17915
-9275
-18051
-9171
-18395
-9235
-18595
-9251
-18859
-9499
141
-9507
-27
-9483
-363
-9427
-531
-9515
-795
-9459
-1051
-9499
-1227
-9395
-1547
-9467
-1731
-9475
-2043
-9491
-2243
-9387
-2467
-9507
-2683
-9451
-3019
-9499
-3219
-9427
-3499
-9403
-3723
-9499
-3971
-9419
-4219
-9451
-4395
-9507
-4603
-9491
-4915
-9483
-5179
-9499
-5355
-9499
-5635
-9515
-5843
-9467
-6123
-9483
-6307
-9451
-6563
-9411
-6875
-9451
-7083
-9451
-7251
-9403
-7475
-9435
-7779
-9467
-7971
-9507
-8251
-9507
-8475
-9459
-8715
-9403
-8979
-9491
-9243
-9483
-9467
-9451
-9747
-9427
-9923
-9507
-10187
-9499
-10371
-9435
-10635
-9507
-10915
-9435
-11155
-9459
-11307
-9515
-11547
-9387
-11867
-9507
-12147
-9419
-12395
-9427
-12587
-9419
-12843
-9483
-13011
-9451
-13243
-9427
-13467
-9443
-13819
-9459
-14043
-9515
-14243
-9515
-14523
-9443
-14715
-9459
-15003
-9515
-15227
-9459
-15491
-9403
-15723
-9491
-15883
-9395
-16139
-9451
-16379
-9507
-16715
-9507
-16835
-9515
-17195
-9475
-17427
-9515
-17603
-9507
-17795
-9475
-18027
-9499
-18355
-9387
-18563
-9395
-18819
-9691
85
-9739
-59
-9659
-283
-9739
-507
-9747
-859
-9739
-1075
-9755
-1251
-9627
-1523
-9755
-1787
-9691
-2067
-9731
-2235
-9683
-2555
-9699
-2771
-9747
-2971
-9675
-3211
-9723
-3403
-9659
-3707
-9731
-3947
-9747
-4131
-9755
-4379
-9691
-4595
-9667
-4931
-9683
-5083
-9691
-5339
-9747
-5619
-9747
-5883
-9699
-6155
-9667
-6331
-9723
-6507
-9675
-6803
-9707
-7003
-9755
-7251
-9643
-7499
-9723
-7747
-9651
-7995
-9683
-8307
-9699
-8451
-9643
-8731
-9723
-8963
-9651
-9163
-9691
-9419
-9747
-9667
-9699
-9883
-9675
-10235
-9699
-10371
-9739
-10619
-9739
-10827
-9699
-11067
-9731
-11315
-9723
-11659
-9627
-11811
-9667
-12035
-9707
-12347
-9739
-12547
-9699
-12771
-9723
-13107
-9691
-13315
-9683
-13491
-9691
-13747
-9747
-14075
-9739
-14251
-9691
-14435
-9691
-14723
-9739
-15027
-9699
-15179
-9651
-15515
-9667
-15659
-9699
-15955
-9691
-16139
-9675
-16419
-9699
-16659
-9675
-16843
-9667
-17123
-9723
-17307
-9683
-17587
-9699
-17803
-9731
-18035
-9723
-18355
-9731
-18531
-9667
-18851
-9907
109
-9979
-107
-9971
-299
-9995
-627
-9883
-803
-9963
-1099
-9963
-1235
-9947
-1555
-9971
-1763
-9955
-2019
-9931
-2227
-9971
-2459
-9987
-2699
-9907
-2979
-9971
-3187
-9867
-3387
-9891
-3643
-9963
-3971
-9987
-4107
-9923
-4443
-9947
-4595
-9915
-4827
-9995
-5075
-9995
-5363
-9963
-5635
-9939
-5867
-9867
-6099
-9939
-6315
-9963
-6523
-9971
-6851
-9963
-7115
-9939
-7355
-9867
-7475
-9947
-7811
-9979
-8003
-9931
-8275
-9987
-8555
-9955
-8779
-9955
-8987
-9923
-9267
-9923
-9419
-9995
-9667
-9947
-9923
-9947
-10147
-9971
-10371
-9963
-10603
-9995
-10923
-9971
-11131
-9987
-11315
-9971
-11555
-9907
-11915
-9939
-12099
-9971
-12267
-9963
-12531
-9867
-12763
-9979
-13035
-9971
-13259
-9939
-13579
-9955
-13795
-9963
-14011
-9939
-14259
-9915
-14427
-9955
-14675
-9955
-15035
-9875
-15235
-9915
-15443
-9867
-15707
-9995
-15955
-9899
-16187
-9939
-16427
-9979
-16595
-9963
-16931
-9891
-17091
-9883
-17419
-9907
-17619
-9899
-17915
-9891
-18043
-9931
-18355
-9971
-18563
-9995
-18851
-10235
117
-10211
-67
-10179
-307
-10123
-595
-10211
-835
-10203
-1107
-10171
-1315
-10163
-1571
-10131
-1755
-10203
-2011
-10147
-2243
-10235
-2531
-10155
-2763
-10187
-2995
-10195
-3219
-10163
-3491
-10211
-3739
-10163
-3891
-10235
-4179
-10171
-4467
-10227
-4675
-10235
-4883
-10203
-5163
-10131
-5371
-10115
-5579
-10211
-5811
-10171
-6035
-10187
-6339
-10235
-6595
-10123
-6851
-10179
-7075
-10203
-7259
-10195
-7499
-10147
-7731
-10211
-8027
-10227
-8251
-10115
-8515
-10219
-8675
-10139
-8963
-10227
-9187
-10203
-9395
-10235
-9691
-10195
-9971
-10227
-10171
-10187
-10427
-10211
-10603
-10171
-10931
-10171
-11083
-10211
-11395
-10219
-11587
-10123
-11907
-10123
-12123
-10219
-12283
-10139
-12547
-10171
-12867
-10227
-13019
-10107
-13291
-10107
-13515
-10235
-13747
-10219
-14035
-10211
-14211
-10211
-14507
-10171
-14723
-10235
-15035
-10211
-15275
-10115
-15387
-10235
-15691
-10219
-15915
-10187
-16163
-10163
-16419
-10115
-16619
-10139
-16883
-10155
-17123
-10235
-17371
-10155
-17563
-10227
-17803
-10163
-18131
-10131
-18267
-10227
-18547
-10235
-18835
-10435
117
-10467
-75
-10411
-267
-10467
-571
-10411
-827
-10467
-1075
-10419
-1331
-10467
-1531
-10443
-1803
-10459
-1979
-10427
-2219
-10475
-2507
-10443
-2675
-10427
-2939
-10427
-3227
-10467
-3483
-10459
-3739
-10427
-3971
-10467
-4211
-10451
-4379
-10451
-4667
-10475
-4891
-10459
-5163
-10475
-5339
-10419
-5667
-10459
-5851
-10475
-6099
-10443
-6347
-10435
-6555
-10459
-6819
-10467
-6995
-10411
-7307
-10443
-7531
-10435
-7803
-10467
-7979
-10459
-8195
-10475
-8539
-10443
-8747
-10451
-8995
-10467
-9243
-10467
-9483
-10435
-9739
-10443
-9915
-10427
-10235
-10427
-10355
-10451
-10619
-10467
-10931
-10419
-11067
-10419
-11331
-10467
-11603
-10427
-11843
-10411
-12059
-10475
-12307
-10443
-12611
-10451
-12851
-10435
-13091
-10459
-13227
-10427
-13491
-10419
-13787
-10451
-13995
-10443
-14267
-10427
-14483
-10451
-14731
-10419
-14907
-10459
-15203
-10451
-15403
-10427
-15659
-10443
-15979
-10467
-16171
-10443
-16443
-10435
-16707
-10435
-16859
-10475
-17067
-10451
-17347
-10419
-17547
-10459
-17819
-10451
-18067
-10459
-18331
-10475
-18555
-10467
-18851
