93
499
493
-125
404
-384
149
-493
276
-838
194
-978
290
-1262
335
-1580
215
-1714
641
-2035
543
-2257
97
-2409
187
-2729
137
-2951
155
-3245
367
-3455
279
-3633
389
-3915
165
-4135
141
-4345
157
-4697
93
-4803
125
-5051
117
-5371
101
-5551
133
-5783
149
-6083
101
-6367
101
-6615
149
-6743
117
-7035
117
-7311
85
-7535
101
-7763
93
-8043
133
-8239
141
-8527
85
-8767
101
-8967
149
-9127
117
-9403
117
-9635
125
-9867
125
-10195
93
-10379
85
-10635
117
-10851
85
-11115
85
-11427
85
-11595
125
-11787
85
-12107
125
-12395
109
-12547
117
-12827
133
-13115
93
-13339
141
-13587
149
-13787
85
-13987
85
-14195
101
-14427
101
-14755
141
-15027
125
-15203
125
-15427
149
-15675
85
-15899
141
-16235
133
-16427
93
-16659
133
-16939
125
-17195
109
-17371
109
-17603
85
-17883
141
-18131
141
-18331
101
-18507
117
-18851
-143
1084
-87
-105
-55
-347
-36
-567
-124
-827
-20
-990
-77
-1338
-46
-1565
-123
-1735
-131
-2036
-35
-2285
-135
-2423
-97
-2681
-97
-2915
-19
-3121
-149
-3427
-103
-3587
-93
-3883
-145
-4217
-115
-4403
-147
-4653
-139
-4907
-87
-5107
-147
-5339
-131
-5551
-147
-5795
-59
-6075
-87
-6363
-15
-6539
-55
-6827
-115
-7015
-51
-7227
-135
-7539
-15
-7767
-127
-7995
-99
-8247
-75
-8463
-91
-8683
-123
-8939
-135
-9211
-63
-9515
-91
-9755
-43
-9891
-155
-10187
-147
-10427
-99
-10603
-51
-10843
-115
-11115
-155
-11419
-99
-11547
-115
-11843
-83
-12059
-147
-12371
-147
-12603
-67
-12827
-27
-13059
-115
-13283
-35
-13579
-131
-13731
-115
-13947
-147
-14251
-99
-14443
-35
-14763
-147
-14995
-131
-15235
-139
-15411
-99
-15683
-51
-15907
-99
-16139
-123
-16403
-91
-16667
-139
-16883
-51
-17099
-147
-17419
-91
-17643
-155
-17795
-131
-18155
-155
-18363
-139
-18539
-35
-18835
-271
171
-371
-44
-281
-323
-335
-601
-291
-842
-365
-1112
-282
-1237
-381
-1466
-319
-1778
-258
-1943
-335
-2304
-301
-2483
-361
-2709
-249
-2971
-275
-3151
-287
-3415
-363
-3685
-347
-3963
-273
-4215
-285
-4367
-339
-4655
-271
-4847
-299
-5099
-371
-5423
-271
-5535
-287
-5875
-295
-6043
-315
-6347
-299
-6571
-371
-6771
-383
-7091
-295
-7211
-383
-7459
-331
-7707
-327
-7975
-359
-8199
-371
-8543
-303
-8739
-375
-8995
-351
-9195
-379
-9395
-315
-9659
-387
-9867
-331
-10235
-371
-10355
-299
-10587
-331
-10891
-283
-11155
-323
-11403
-371
-11675
-323
-11811
-355
-12115
-339
-12355
-331
-12635
-275
-12859
-347
-13083
-283
-13315
-387
-13555
-395
-13803
-395
-13995
-347
-14195
-371
-14427
-395
-14699
-331
-15027
-339
-15203
-291
-15435
-347
-15723
-395
-15947
-347
-16139
-395
-16467
-395
-16627
-395
-16883
-347
-17115
-355
-17379
-355
-17571
-323
-17859
-371
-18155
-291
-18331
-283
-18627
-323
-18843
-603
2007
-527
-27
-479
-377
-514
-504
-601
-799
-549
-975
-485
-1307
-570
-1505
-561
-1754
-565
-2009
-522
-2253
-619
-2531
-599
-2735
-607
-2919
-531
-3225
-591
-3491
-525
-3701
-581
-3899
-611
-4211
-557
-4435
-487
-4627
-499
-4887
-535
-5099
-607
-5371
-627
-5651
-591
-5759
-591
-6123
-519
-6271
-603
-6483
-563
-6847
-623
-6983
-499
-7339
-591
-7523
-631
-7787
-587
-8043
-595
-8311
-531
-8487
-583
-8783
-563
-8975
-563
-9167
-547
-9379
-523
-9739
-587
-9979
-619
-10163
-547
-10411
-571
-10691
-611
-10931
-555
-11083
-595
-11371
-587
-11643
-515
-11835
-555
-12115
-587
-12395
-627
-12563
-579
-12867
-619
-13027
-627
-13275
-595
-13579
-515
-13811
-627
-14011
-619
-14275
-587
-14491
-627
-14739
-627
-15027
-563
-15163
-571
-15499
-627
-15659
-619
-15971
-523
-16115
-635
-16379
-611
-16675
-579
-16859
-595
-17195
-627
-17347
-635
-17579
-587
-17819
-579
-18091
-515
-18339
-627
-18619
-611
-18867
-831
986
-803
-125
-837
-344
-863
-592
-812
-818
-839
-1051
-870
-1232
-807
-1511
-829
-1777
-818
-1915
-809
-2191
-749
-2439
-781
-2707
-787
-3029
-733
-3203
-771
-3365
-863
-3731
-809
-3895
-863
-4121
-841
-4355
-787
-4633
-851
-4915
-799
-5115
-819
-5367
-819
-5611
-779
-5887
-831
-6115
-755
-6235
-835
-6563
-863
-6811
-827
-7003
-763
-7271
-855
-7479
-823
-7727
-763
-8043
-827
-8255
-739
-8491
-787
-8791
-775
-9015
-811
-9195
-779
-9403
-867
-9699
-803
-9939
-827
-10123
-859
-10395
-835
-10667
-819
-10907
-843
-11131
-867
-11315
-755
-11651
-787
-11827
-851
-12131
-819
-12347
-843
-12531
-835
-12819
-875
-13115
-867
-13323
-851
-13467
-851
-13739
-875
-14051
-771
-14259
-803
-14475
-811
-14723
-819
-15027
-843
-15211
-803
-15483
-867
-15635
-851
-15979
-827
-16107
-819
-16475
-827
-16683
-867
-16907
-843
-17147
-835
-17395
-827
-17571
-827
-17915
-843
-18139
-843
-18275
-771
-18595
-811
-18811
-1003
617
-1103
-142
-1017
-374
-1045
-607
-1053
-855
-1016
-1087
-1035
-1242
-1001
-1582
-1099
-1717
-1061
-2035
-1083
-2255
-1025
-2493
-1027
-2685
-1079
-2931
-1027
-3153
-1081
-3375
-1051
-3717
-991
-3959
-1071
-4169
-1055
-4463
-1065
-4573
-1075
-4819
-1023
-5087
-1067
-5379
-991
-5591
-1011
-5895
-1015
-6087
-1083
-6319
-1067
-6495
-1063
-6735
-995
-7055
-999
-7259
-991
-7471
-1059
-7767
-1011
-7939
-1051
-8291
-1019
-8423
-1071
-8763
-1047
-9003
-1035
-9187
-1043
-9371
-1003
-9747
-1067
-9867
-1059
-10195
-1075
-10379
-1083
-10683
-1043
-10875
-1011
-11091
-1083
-11379
-995
-11587
-1099
-11827
-1035
-12051
-1083
-12355
-1011
-12523
-987
-12771
-995
-13115
-1099
-13251
-1075
-13467
-1115
-13731
-1003
-14011
-1043
-14283
-1075
-14475
-1115
-14691
-987
-14915
-1075
-15227
-1107
-15403
-1051
-15755
-1107
-15987
-1043
-16155
-1099
-16347
-1035
-16627
-1059
-16915
-1043
-17155
-1099
-17395
-1035
-17651
-1107
-17851
-1075
-18035
-1059
-18363
-1027
-18635
-1043
-18875
-1251
1990
-1335
-54
-1265
-331
-1239
-621
-1319
-825
-1345
-1015
-1279
-1233
-1325
-1540
-1306
-1789
-1335
-1953
-1279
-2229
-1319
-2449
-1289
-2673
-1317
-3013
-1245
-3205
-1347
-3449
-1307
-3707
-1331
-3943
-1315
-4101
-1309
-4449
-1335
-4701
-1315
-4899
-1223
-5083
-1299
-5387
-1291
-5639
-1219
-5771
-1319
-6059
-1211
-6267
-1227
-6587
-1263
-6799
-1291
-7039
-1255
-7219
-1251
-7587
-1279
-7767
-1219
-8039
-1235
-8275
-1275
-8507
-1239
-8699
-1263
-9011
-1279
-9199
-1323
-9403
-1251
-9667
-1283
-9971
-1315
-10179
-1339
-10459
-1283
-10715
-1315
-10931
-1307
-11083
-1347
-11339
-1339
-11555
-1339
-11907
-1267
-12155
-1355
-12387
-1331
-12635
-1315
-12867
-1307
-13099
-1275
-13355
-1251
-13531
-1323
-13803
-1315
-13987
-1267
-14235
-1235
-14539
-1307
-14715
-1275
-14923
-1267
-15267
-1331
-15515
-1347
-15627
-1315
-15923
-1315
-16195
-1323
-16451
-1315
-16643
-1291
-16851
-1251
-17083
-1331
-17323
-1331
-17635
-1315
-17835
-1315
-18123
-1275
-18323
-1227
-18579
-1267
-18875
-1571
625
-1587
-137
-1569
-343
-1547
-561
-1463
-727
-1457
-1045
-1579
-1275
-1499
-1563
-1543
-1801
-1469
-1979
-1545
-2211
-1539
-2457
-1555
-2727
-1511
-2965
-1521
-3225
-1587
-3399
-1455
-3621
-1535
-3865
-1573
-4181
-1579
-4445
-1551
-4615
-1511
-4923
-1511
-5103
-1579
-5303
-1559
-5623
-1515
-5895
-1495
-6087
-1471
-6255
-1555
-6571
-1527
-6831
-1559
-7011
-1475
-7323
-1471
-7519
-1531
-7703
-1543
-7983
-1507
-8191
-1519
-8491
-1479
-8679
-1499
-8979
-1539
-9251
-1491
-9483
-1555
-9643
-1547
-9915
-1587
-10139
-1531
-10379
-1491
-10635
-1555
-10955
-1563
-11115
-1595
-11363
-1563
-11595
-1515
-11843
-1507
-12131
-1475
-12363
-1579
-12555
-1579
-12795
-1499
-13099
-1595
-13235
-1467
-13491
-1539
-13755
-1539
-14003
-1507
-14251
-1539
-14539
-1475
-14755
-1547
-14915
-1523
-15163
-1483
-15443
-1491
-15715
-1571
-15963
-1587
-16227
-1595
-16411
-1507
-16651
-1539
-16883
-1595
-17171
-1467
-17331
-1579
-17547
-1555
-17811
-1563
-18107
-1587
-18299
-1571
-18627
-1467
-18867
-1763
1701
-1781
-51
-1743
-291
-1807
-601
-1779
-715
-1831
-1069
-1817
-1237
-1765
-1533
-1755
-1675
-1821
-2035
-1791
-2215
-1769
-2501
-1809
-2665
-1827
-2989
-1799
-3171
-1821
-3463
-1739
-3651
-1731
-3967
-1809
-4135
-1761
-4391
-1741
-4707
-1675
-4923
-1795
-5059
-1699
-5295
-1719
-5615
-1723
-5903
-1719
-6071
-1815
-6267
-1819
-6619
-1731
-6727
-1747
-7055
-1715
-7335
-1827
-7479
-1703
-7743
-1695
-7939
-1779
-8259
-1767
-8423
-1799
-8707
-1811
-9015
-1743
-9227
-1731
-9507
-1771
-9707
-1779
-9955
-1763
-10179
-1795
-10371
-1819
-10715
-1819
-10907
-1739
-11131
-1763
-11355
-1795
-11571
-1811
-11843
-1739
-12035
-1779
-12307
-1755
-12627
-1739
-12827
-1779
-12987
-1795
-13355
-1819
-13579
-1763
-13819
-1755
-14075
-1747
-14291
-1755
-14475
-1763
-14747
-1795
-14931
-1811
-15187
-1803
-15435
-1707
-15739
-1827
-15875
-1763
-16147
-1779
-16459
-1763
-16619
-1755
-16843
-1763
-17083
-1739
-17307
-1835
-17659
-1739
-17891
-1779
-18099
-1707
-18339
-1803
-18611
-1819
-18811
-1995
589
-1929
-139
-1931
-249
-2025
-571
-1975
-781
-1983
-1067
-2031
-1215
-2063
-1503
-1991
-1691
-1959
-2001
-2023
-2223
-2035
-2499
-2031
-2661
-1991
-2931
-2047
-3139
-2051
-3435
-2053
-3671
-2027
-3979
-2069
-4167
-1941
-4423
-1971
-4603
-1999
-4807
-2031
-5123
-1975
-5411
-1939
-5603
-1923
-5883
-2035
-6027
-1995
-6271
-2039
-6627
-2055
-6815
-2047
-6971
-2031
-7287
-2075
-7531
-1975
-7743
-1935
-8027
-1947
-8259
-1995
-8495
-2011
-8663
-2063
-8983
-1975
-9235
-2067
-9443
-2059
-9739
-2067
-9979
-1955
-10235
-1979
-10435
-2051
-10715
-2075
-10931
-1971
-11067
-2043
-11331
-1987
-11667
-1979
-11819
-1987
-12099
-2075
-12355
-2059
-12579
-1971
-12787
-2011
-13011
-2011
-13339
-2075
-13555
-2051
-13827
-1987
-13979
-1971
-14227
-2067
-14531
-2067
-14683
-1971
-14939
-1979
-15227
-1979
-15507
-2035
-15635
-2051
-15987
-1995
-16147
-2019
-16379
-2019
-16627
-2051
-16843
-1987
-17083
-2019
-17323
-1963
-17675
-2011
-17867
-2075
-18043
-2027
-18315
-2067
-18539
-2051
-18875
-2291
391
-2301
-25
-2201
-349
-2211
-489
-2195
-755
-2259
-981
-2237
-1249
-2207
-1575
-2247
-1691
-2291
-2003
-2235
-2207
-2299
-2399
-2205
-2685
-2285
-3011
-2225
-3209
-2217
-3447
-2245
-3673
-2195
-3869
-2251
-4143
-2299
-4399
-2203
-4667
-2183
-4943
-2303
-5135
-2163
-5343
-2223
-5623
-2263
-5795
-2259
-6051
-2223
-6251
-2275
-6563
-2239
-6863
-2191
-7075
-2271
-7331
-2283
-7555
-2199
-7815
-2239
-7983
-2311
-8183
-2243
-8491
-2247
-8675
-2207
-8927
-2243
-9227
-2159
-9423
-2251
-9659
-2299
-9955
-2283
-10227
-2243
-10451
-2299
-10715
-2235
-10915
-2195
-11067
-2243
-11435
-2195
-11659
-2195
-11811
-2203
-12123
-2211
-12275
-2275
-12515
-2283
-12835
-2275
-13107
-2251
-13347
-2307
-13515
-2211
-13747
-2283
-14067
-2299
-14259
-2187
-14531
-2275
-14739
-2315
-14979
-2291
-15211
-2291
-15427
-2275
-15715
-2315
-15923
-2259
-16147
-2235
-16411
-2299
-16707
-2235
-16875
-2291
-17067
-2299
-17419
-2299
-17675
-2307
-17907
-2299
-18091
-2283
-18291
-2211
-18611
-2195
-18867
-2491
1401
-2419
-83
-2511
-363
-2485
-583
-2529
-855
-2439
-995
-2477
-1327
-2451
-1519
-2479
-1715
-2497
-2009
-2495
-2273
-2415
-2463
-2495
-2699
-2539
-2997
-2469
-3159
-2529
-3423
-2459
-3675
-2505
-3907
-2483
-4113
-2499
-4343
-2539
-4557
-2507
-4927
-2463
-5147
-2539
-5299
-2447
-5603
-2439
-5835
-2519
-5999
-2523
-6299
-2531
-6631
-2435
-6867
-2495
-7027
-2471
-7243
-2475
-7507
-2491
-7787
-2527
-7967
-2547
-8187
-2487
-8515
-2455
-8691
-2539
-8995
-2467
-9219
-2475
-9423
-2523
-9731
-2555
-9971
-2475
-10187
-2443
-10435
-2555
-10651
-2475
-10859
-2467
-11155
-2499
-11387
-2555
-11659
-2555
-11875
-2547
-12091
-2539
-12347
-2443
-12619
-2499
-12763
-2491
-13091
-2499
-13331
-2467
-13555
-2491
-13779
-2531
-13971
-2499
-14315
-2427
-14523
-2475
-14747
-2499
-14915
-2523
-15267
-2547
-15507
-2443
-15643
-2539
-15907
-2531
-16179
-2435
-16451
-2531
-16699
-2483
-16827
-2507
-17075
-2499
-17411
-2555
-17571
-2523
-17883
-2459
-18027
-2499
-18275
-2507
-18627
-2531
-18875
-2727
141
-2695
-123
-2755
-375
-2787
-599
-2675
-755
-2715
-1055
-2691
-1315
-2795
-1591
-2739
-1747
-2755
-1959
-2739
-2227
-2767
-2431
-2679
-2707
-2783
-2999
-2659
-3159
-2723
-3439
-2775
-3643
-2707
-3851
-2759
-4115
-2723
-4343
-2747
-4595
-2739
-4879
-2695
-5059
-2691
-5431
-2667
-5667
-2751
-5859
-2643
-6079
-2699
-6331
-2763
-6595
-2763
-6819
-2747
-7111
-2747
-7211
-2759
-7515
-2731
-7807
-2755
-8027
-2743
-8171
-2771
-8515
-2671
-8723
-2771
-9019
-2763
-9191
-2731
-9359
-2787
-9651
-2707
-9883
-2787
-10123
-2707
-10451
-2699
-10651
-2715
-10867
-2739
-11179
-2675
-11347
-2787
-11627
-2731
-11835
-2763
-12091
-2787
-12371
-2715
-12627
-2747
-12787
-2731
-13115
-2779
-13227
-2787
-13523
-2739
-13795
-2707
-14019
-2795
-14307
-2787
-14539
-2747
-14771
-2787
-15019
-2763
-15195
-2763
-15515
-2739
-15627
-2683
-15931
-2795
-16131
-2771
-16419
-2779
-16619
-2787
-16931
-2771
-17083
-2691
-17427
-2795
-17675
-2731
-17867
-2699
-18043
-2755
-18283
-2675
-18595
-2707
-18867
-2947
141
-2955
-91
-3015
-303
-2891
-583
-2987
-807
-2907
-1011
-2987
-1335
-2927
-1567
-2911
-1747
-3023
-2031
-2979
-2283
-2951
-2447
-2967
-2651
-2911
-2971
-3019
-3131
-3003
-3359
-3007
-3667
-2971
-3891
-2915
-4151
-2995
-4431
-2979
-4599
-2955
-4819
-2987
-5043
-3011
-5323
-2963
-5643
-2951
-5899
-2899
-6019
-2895
-6303
-3035
-6571
-3011
-6779
-2963
-6995
-2967
-7231
-2991
-7491
-2947
-7707
-2995
-8059
-2995
-8283
-2915
-8495
-2971
-8747
-2971
-8927
-2991
-9139
-2995
-9459
-3003
-9715
-2923
-9883
-2923
-10123
-2947
-10395
-2995
-10691
-3019
-10835
-2955
-11107
-2931
-11419
-3019
-11555
-3019
-11915
-3027
-12091
-3035
-12291
-2987
-12603
-2931
-12803
-3019
-13083
-2971
-13315
-2915
-13507
-2995
-13723
-2987
-14027
-3035
-14187
-3019
-14483
-3035
-14779
-3035
-14939
-3019
-15275
-2955
-15411
-2995
-15683
-2915
-15875
-2915
-16155
-2995
-16355
-3003
-16651
-2947
-16939
-2995
-17155
-2947
-17307
-2971
-17571
-2987
-17859
-2971
-18107
-2971
-18387
-3035
-18579
-2979
-18827
-3195
101
-3247
-43
-3171
-319
-3171
-559
-3179
-747
-3239
-1047
-3187
-1331
-3211
-1571
-3275
-1719
-3199
-2047
-3227
-2159
-3243
-2547
-3231
-2703
-3259
-2911
-3195
-3263
-3215
-3483
-3203
-3735
-3247
-3935
-3239
-4131
-3251
-4343
-3203
-4579
-3195
-4831
-3215
-5119
-3239
-5315
-3223
-5615
-3191
-5859
-3271
-6031
-3235
-6375
-3195
-6551
-3215
-6747
-3223
-7055
-3247
-7323
-3219
-7539
-3163
-7783
-3135
-7975
-3239
-8223
-3203
-8523
-3219
-8715
-3247
-8883
-3251
-9179
-3179
-9499
-3235
-9731
-3275
-9947
-3203
-10187
-3267
-10459
-3275
-10603
-3219
-10827
-3171
-11083
-3259
-11427
-3203
-11603
-3275
-11859
-3211
-12059
-3267
-12331
-3219
-12635
-3227
-12827
-3275
-13083
-3211
-13347
-3251
-13547
-3267
-13715
-3275
-13979
-3195
-14283
-3179
-14523
-3251
-14723
-3211
-14907
-3267
-15179
-3235
-15499
-3267
-15755
-3155
-15939
-3275
-16195
-3227
-16451
-3275
-16651
-3275
-16955
-3267
-17123
-3187
-17435
-3235
-17563
-3243
-17891
-3171
-18083
-3155
-18379
-3259
-18635
-3227
-18811
-3419
149
-3367
-67
-3495
-319
-3423
-579
-3399
-763
-3383
-1091
-3439
-1319
-3427
-1455
-3379
-1727
-3399
-2067
-3395
-2275
-3415
-2523
-3391
-2715
-3483
-2919
-3483
-3247
-3447
-3383
-3475
-3683
-3435
-3915
-3379
-4151
-3447
-4407
-3475
-4583
-3491
-4855
-3487
-5151
-3451
-5355
-3491
-5543
-3451
-5899
-3383
-6111
-3463
-6351
-3463
-6619
-3455
-6819
-3391
-7095
-3435
-7347
-3455
-7551
-3443
-7683
-3507
-7959
-3455
-8191
-3487
-8503
-3475
-8667
-3451
-8991
-3483
-9179
-3443
-9515
-3467
-9739
-3499
-9947
-3459
-10123
-3507
-10363
-3443
-10691
-3483
-10955
-3451
-11163
-3443
-11411
-3499
-11579
-3443
-11859
-3491
-12139
-3459
-12275
-3427
-12523
-3467
-12819
-3427
-13035
-3451
-13227
-3491
-13507
-3419
-13835
-3427
-14003
-3491
-14315
-3491
-14523
-3475
-14747
-3387
-14955
-3467
-15155
-3403
-15499
-3475
-15667
-3467
-15971
-3467
-16115
-3403
-16451
-3491
-16587
-3459
-16907
-3467
-17155
-3459
-17419
-3443
-17619
-3507
-17875
-3499
-18035
-3451
-18291
-3467
-18635
-3515
-18851
-3691
133
-3643
-27
-3663
-271
-3731
-619
-3715
-799
-3743
-1043
-3679
-1251
-3703
-1483
-3619
-1811
-3723
-2035
-3743
-2287
-3667
-2535
-3743
-2775
-3719
-3011
-3747
-3151
-3715
-3419
-3731
-3679
-3723
-3871
-3755
-4231
-3751
-4415
-3711
-4611
-3647
-4831
-3663
-5107
-3651
-5403
-3699
-5571
-3711
-5799
-3739
-6051
-3635
-6327
-3631
-6527
-3703
-6723
-3679
-7027
-3675
-7263
-3755
-7579
-3627
-7787
-3635
-8027
-3723
-8199
-3731
-8491
-3703
-8727
-3687
-9011
-3639
-9251
-3615
-9415
-3747
-9699
-3683
-9971
-3643
-10123
-3627
-10371
-3755
-10699
-3675
-10939
-3723
-11179
-3627
-11363
-3627
-11579
-3651
-11907
-3691
-12115
-3659
-12387
-3755
-12507
-3715
-12779
-3755
-13083
-3691
-13339
-3747
-13491
-3683
-13755
-3731
-13995
-3691
-14187
-3691
-14507
-3699
-14667
-3747
-14963
-3731
-15187
-3755
-15387
-3723
-15723
-3747
-15899
-3739
-16123
-3739
-16427
-3739
-16675
-3699
-16939
-3739
-17107
-3755
-17379
-3731
-17643
-3747
-17883
-3683
-18131
-3755
-18275
-3643
-18563
-3667
-18875
-3903
117
-3903
-23
-3875
-255
-3931
-595
-3947
-723
-3971
-955
-3895
-1323
-3983
-1555
-3843
-1787
-3943
-2055
-3847
-2231
-3987
-2403
-3971
-2703
-3923
-3019
-3963
-3191
-3927
-3419
-3839
-3691
-3967
-3843
-3911
-4119
-3963
-4427
-3943
-4623
-3951
-4835
-3983
-5107
-3911
-5347
-3891
-5607
-3967
-5883
-3879
-6027
-3867
-6259
-3879
-6551
-3963
-6807
-3847
-7071
-3931
-7231
-3963
-7507
-3947
-7803
-3963
-8063
-3871
-8311
-3955
-8479
-3939
-8779
-3899
-9015
-3951
-9163
-3979
-9483
-3899
-9651
-3899
-9891
-3891
-10163
-3907
-10475
-3883
-10683
-3899
-10907
-3987
-11195
-3995
-11339
-3995
-11619
-3931
-11803
-3867
-12155
-3931
-12299
-3963
-12523
-3939
-12755
-3963
-12995
-3979
-13243
-3963
-13571
-3987
-13795
-3979
-14011
-3995
-14203
-3987
-14443
-3987
-14699
-3995
-15003
-3963
-15195
-3939
-15507
-3987
-15699
-3995
-15987
-3931
-16219
-3987
-16347
-3979
-16651
-3995
-16907
-3963
-17163
-3971
-17387
-3883
-17659
-3963
-17907
-3987
-18115
-3987
-18315
-3891
-18603
-3987
-18859
-4191
117
-4143
-47
-4203
-363
-4119
-555
-4147
-839
-4203
-995
-4191
-1339
-4191
-1507
-4203
-1715
-4095
-2019
-4099
-2219
-4179
-2423
-4187
-2647
-4123
-2975
-4211
-3143
-4135
-3391
-4171
-3755
-4171
-3871
-4123
-4107
-4163
-4375
-4183
-4603
-4123
-4835
-4199
-5179
-4203
-5355
-4155
-5555
-4215
-5779
-4131
-6091
-4119
-6319
-4147
-6627
-4099
-6755
-4163
-6955
-4147
-7251
-4083
-7515
-4143
-7755
-4215
-7955
-4151
-8171
-4151
-8451
-4203
-8655
-4187
-8951
-4075
-9195
-4139
-9391
-4211
-9643
-4235
-9979
-4123
-10211
-4123
-10411
-4171
-10715
-4179
-10883
-4235
-11195
-4163
-11435
-4227
-11595
-4219
-11795
-4235
-12043
-4147
-12283
-4235
-12571
-4195
-12763
-4235
-13051
-4219
-13275
-4235
-13595
-4155
-13835
-4235
-13979
-4107
-14219
-4227
-14475
-4235
-14763
-4219
-14979
-4187
-15211
-4147
-15443
-4203
-15627
-4235
-15947
-4131
-16147
-4203
-16467
-4235
-16587
-4123
-16843
-4219
-17091
-4187
-17395
-4155
-17571
-4195
-17851
-4163
-18123
-4179
-18283
-4203
-18611
-4235
-18819
-4419
93
-4339
-83
-4463
-247
-4423
-627
-4347
-779
-4427
-991
-4403
-1299
-4467
-1487
-4343
-1779
-4447
-1999
-4427
-2279
-4439
-2491
-4423
-2751
-4411
-2947
-4467
-3271
-4415
-3507
-4363
-3615
-4375
-3931
-4455
-4199
-4383
-4351
-4395
-4575
-4439
-4899
-4451
-5163
-4355
-5399
-4375
-5539
-4447
-5791
-4339
-6099
-4383
-6387
-4379
-6527
-4379
-6763
-4411
-7083
-4407
-7287
-4419
-7515
-4375
-7731
-4419
-7967
-4443
-8259
-4463
-8499
-4343
-8747
-4335
-9015
-4459
-9215
-4447
-9515
-4387
-9707
-4411
-9987
-4411
-10219
-4355
-10427
-4451
-10659
-4387
-10939
-4379
-11155
-4459
-11339
-4435
-11667
-4467
-11867
-4451
-12027
-4427
-12299
-4451
-12515
-4467
-12851
-4451
-13099
-4427
-13347
-4435
-13475
-4435
-13739
-4379
-14011
-4435
-14187
-4475
-14467
-4395
-14739
-4475
-15035
-4371
-15219
-4475
-15427
-4459
-15667
-4379
-15931
-4475
-16115
-4467
-16347
-4403
-16691
-4371
-16939
-4475
-17139
-4419
-17403
-4451
-17595
-4467
-17835
-4475
-18075
-4371
-18275
-4419
-18579
-4427
-18835
-4663
117
-4579
-23
-4659
-375
-4583
-523
-4639
-727
-4611
-1071
-4599
-1287
-4675
-1459
-4587
-1791
-4607
-1959
-4615
-2195
-4667
-2491
-4563
-2651
-4611
-2931
-4627
-3195
-4595
-3507
-4591
-3623
-4699
-3915
-4655
-4167
-4663
-4435
-4579
-4591
-4675
-4859
-4679
-5099
-4671
-5307
-4651
-5619
-4691
-5907
-4691
-6019
-4699
-6315
-4675
-6559
-4651
-6863
-4591
-7103
-4683
-7299
-4587
-7499
-4571
-7695
-4603
-7951
-4671
-8243
-4639
-8439
-4699
-8731
-4675
-8919
-4587
-9207
-4575
-9447
-4715
-9691
-4611
-9947
-4699
-10219
-4643
-10459
-4603
-10691
-4643
-10931
-4675
-11171
-4587
-11315
-4715
-11627
-4675
-11827
-4675
-12083
-4651
-12267
-4659
-12595
-4659
-12747
-4619
-13091
-4707
-13243
-4675
-13491
-4651
-13811
-4715
-14003
-4619
-14227
-4715
-14475
-4627
-14739
-4715
-14971
-4659
-15163
-4675
-15387
-4643
-15691
-4627
-15883
-4683
-16163
-4707
-16355
-4675
-16683
-4683
-16867
-4699
-17179
-4619
-17419
-4715
-17675
-4603
-17851
-4603
-18139
-4683
-18299
-4659
-18571
-4587
-18835
-4843
125
-4915
-59
-4903
-299
-4899
-583
-4943
-811
-4907
-1035
-4871
-1283
-4943
-1515
-4891
-1835
-4935
-2019
-4843
-2183
-4915
-2423
-4863
-2715
-4947
-3023
-4927
-3203
-4831
-3463
-4811
-3663
-4915
-3899
-4843
-4203
-4943
-4439
-4859
-4567
-4939
-4923
-4835
-5143
-4923
-5347
-4895
-5595
-4899
-5859
-4907
-6139
-4931
-6379
-4935
-6583
-4943
-6755
-4923
-7019
-4827
-7295
-4803
-7455
-4927
-7743
-4903
-8023
-4887
-8195
-4871
-8451
-4839
-8731
-4879
-8951
-4887
-9191
-4875
-9471
-4883
-9643
-4947
-9939
-4883
-10219
-4947
-10435
-4955
-10635
-4947
-10875
-4931
-11155
-4923
-11427
-4875
-11555
-4859
-11891
-4931
-12051
-4915
-12363
-4947
-12627
-4955
-12875
-4915
-13051
-4907
-13243
-4851
-13467
-4923
-13771
-4891
-13995
-4883
-14275
-4843
-14467
-4899
-14739
-4851
-14923
-4875
-15219
-4955
-15483
-4907
-15627
-4851
-15923
-4891
-16211
-4875
-16459
-4947
-16715
-4955
-16883
-4859
-17179
-4899
-17387
-4859
-17659
-4875
-17883
-4899
-18091
-4915
-18275
-4883
-18603
-4891
-18835
-5131
141
-5131
-135
-5159
-315
-5103
-595
-5163
-751
-5135
-1083
-5095
-1259
-5047
-1523
-5151
-1779
-5051
-1927
-5079
-2235
-5131
-2483
-5063
-2735
-5159
-2915
-5099
-3167
-5167
-3491
-5135
-3747
-5067
-3951
-5151
-4151
-5143
-4359
-5119
-4615
-5087
-4831
-5151
-5063
-5095
-5355
-5163
-5627
-5119
-5843
-5055
-6123
-5055
-6287
-5139
-6563
-5115
-6759
-5167
-7075
-5183
-7279
-5083
-7563
-5155
-7823
-5147
-7991
-5087
-8283
-5151
-8523
-5107
-8699
-5171
-8959
-5147
-9243
-5083
-9507
-5099
-9659
-5195
-9923
-5147
-10171
-5115
-10475
-5163
-10595
-5131
-10835
-5107
-11067
-5187
-11403
-5187
-11563
-5171
-11899
-5091
-12027
-5187
-12387
-5123
-12587
-5115
-12755
-5115
-12987
-5067
-13307
-5195
-13507
-5171
-13795
-5171
-14051
-5139
-14195
-5099
-14499
-5171
-14795
-5187
-15011
-5195
-15219
-5195
-15483
-5179
-15739
-5187
-15883
-5155
-16123
-5179
-16347
-5163
-16699
-5131
-16947
-5195
-17195
-5179
-17355
-5099
-17619
-5067
-17795
-5083
-18083
-5067
-18371
-5075
-18531
-5147
-18819
-5307
101
-5419
-155
-5331
-327
-5371
-595
-5355
-815
-5411
-1099
-5435
-1355
-5307
-1463
-5347
-1715
-5363
-1991
-5339
-2219
-5395
-2507
-5379
-2743
-5395
-2971
-5363
-3163
-5323
-3503
-5411
-3635
-5347
-3963
-5387
-4199
-5347
-4335
-5371
-4667
-5427
-4955
-5347
-5071
-5395
-5391
-5395
-5607
-5403
-5795
-5347
-6079
-5411
-6307
-5419
-6571
-5387
-6795
-5411
-7059
-5435
-7291
-5395
-7507
-5307
-7691
-5403
-8051
-5347
-8283
-5427
-8483
-5315
-8759
-5371
-8995
-5403
-9179
-5419
-9499
-5411
-9723
-5435
-9939
-5411
-10107
-5347
-10371
-5435
-10603
-5339
-10835
-5379
-11091
-5411
-11307
-5403
-11555
-5411
-11891
-5363
-12099
-5395
-12371
-5435
-12635
-5387
-12835
-5427
-13059
-5435
-13283
-5307
-13491
-5395
-13755
-5419
-13947
-5339
-14315
-5379
-14451
-5331
-14675
-5427
-15027
-5371
-15147
-5331
-15499
-5387
-15723
-5387
-15907
-5379
-16179
-5387
-16419
-5315
-16619
-5419
-16955
-5307
-17139
-5427
-17387
-5387
-17595
-5339
-17811
-5315
-18107
-5403
-18371
-5435
-18523
-5411
-18875
-5659
125
-5587
-131
-5579
-267
-5627
-555
-5611
-835
-5659
-1115
-5555
-1299
-5611
-1539
-5667
-1795
-5563
-1979
-5555
-2307
-5651
-2467
-5555
-2683
-5667
-3035
-5547
-3179
-5547
-3419
-5555
-3643
-5659
-3939
-5675
-4147
-5587
-4355
-5643
-4603
-5659
-4891
-5651
-5123
-5659
-5387
-5619
-5579
-5651
-5787
-5659
-6035
-5619
-6339
-5675
-6587
-5587
-6819
-5659
-7003
-5635
-7235
-5619
-7467
-5587
-7803
-5643
-7979
-5619
-8291
-5675
-8427
-5635
-8683
-5595
-8995
-5675
-9187
-5659
-9459
-5627
-9699
-5651
-9907
-5619
-10179
-5595
-10451
-5675
-10611
-5627
-10947
-5611
-11139
-5659
-11315
-5595
-11627
-5619
-11787
-5651
-12027
-5571
-12323
-5675
-12563
-5619
-12859
-5643
-13019
-5627
-13251
-5667
-13499
-5659
-13763
-5595
-13979
-5659
-14227
-5643
-14475
-5619
-14795
-5603
-14923
-5667
-15203
-5603
-15459
-5603
-15723
-5611
-15907
-5587
-16171
-5555
-16427
-5579
-16659
-5619
-16867
-5571
-17067
-5579
-17427
-5667
-17627
-5579
-17859
-5659
-18155
-5563
-18275
-5651
-18555
-5643
-18851
-5875
101
-5843
-75
-5811
-363
-5899
-547
-5859
-851
-5795
-1043
-5891
-1283
-5875
-1523
-5819
-1731
-5915
-1995
-5867
-2243
-5907
-2467
-5875
-2667
-5883
-2947
-5899
-3251
-5899
-3443
-5787
-3659
-5843
-3883
-5867
-4203
-5835
-4451
-5795
-4715
-5915
-4923
-5851
-5099
-5859
-5427
-5843
-5635
-5835
-5819
-5883
-6035
-5907
-6395
-5827
-6515
-5819
-6771
-5883
-7035
-5915
-7355
-5867
-7595
-5899
-7731
-5867
-7971
-5883
-8227
-5907
-8491
-5819
-8771
-5899
-8939
-5899
-9147
-5827
-9467
-5843
-9643
-5859
-9963
-5867
-10235
-5883
-10411
-5915
-10611
-5867
-10891
-5811
-11147
-5883
-11347
-5915
-11659
-5843
-11851
-5859
-12067
-5915
-12371
-5867
-12531
-5915
-12795
-5883
-13035
-5787
-13251
-5883
-13571
-5915
-13803
-5851
-13979
-5851
-14211
-5867
-14483
-5811
-14715
-5875
-14995
-5883
-15163
-5915
-15403
-5859
-15715
-5907
-15979
-5803
-16147
-5915
-16475
-5899
-16603
-5859
-16923
-5899
-17107
-5915
-17331
-5915
-17555
-5891
-17835
-5867
-18131
-5827
-18339
-5787
-18547
-5859
-18843
-6155
93
-6155
-75
-6027
-371
-6043
-563
-6067
-747
-6131
-1091
-6147
-1227
-6051
-1491
-6059
-1755
-6099
-2019
-6027
-2219
-6099
-2435
-6035
-2683
-6099
-2971
-6131
-3211
-6107
-3507
-6035
-3699
-6083
-3923
-6155
-4179
-6075
-4371
-6155
-4587
-6099
-4907
-6155
-5091
-6083
-5419
-6091
-5595
-6035
-5811
-6083
-6091
-6035
-6387
-6027
-6635
-6147
-6779
-6083
-7075
-6147
-7227
-6131
-7595
-6115
-7779
-6027
-8019
-6115
-8187
-6091
-8507
-6139
-8771
-6043
-9019
-6075
-9219
-6115
-9507
-6043
-9651
-6123
-9907
-6139
-10195
-6147
-10363
-6067
-10683
-6139
-10955
-6139
-11123
-6139
-11435
-6139
-11675
-6083
-11787
-6059
-12051
-6051
-12267
-6155
-12611
-6155
-12771
-6051
-13019
-6075
-13339
-6075
-13555
-6027
-13707
-6083
-13947
-6139
-14291
-6075
-14483
-6147
-14675
-6131
-14979
-6099
-15147
-6059
-15443
-6059
-15699
-6099
-15907
-6035
-16115
-6107
-16363
-6131
-16707
-6123
-16947
-6059
-17171
-6067
-17435
-6139
-17603
-6115
-17803
-6067
-18099
-6147
-18267
-6147
-18547
-6139
-18835
-6275
117
-6307
-123
-6291
-307
-6323
-507
-6323
-747
-6299
-987
-6379
-1235
-6355
-1587
-6363
-1835
-6315
-2067
-6331
-2291
-6307
-2523
-6355
-2787
-6315
-3019
-6395
-3259
-6387
-3515
-6387
-3699
-6355
-3891
-6355
-4187
-6395
-4347
-6339
-4651
-6307
-4851
-6395
-5179
-6371
-5403
-6291
-5627
-6355
-5827
-6363
-6099
-6355
-6291
-6387
-6547
-6323
-6827
-6347
-7075
-6339
-7331
-6395
-7531
-6379
-7779
-6307
-8067
-6347
-8259
-6275
-8427
-6363
-8779
-6363
-8995
-6395
-9235
-6323
-9515
-6387
-9715
-6379
-9995
-6363
-10195
-6299
-10355
-6395
-10667
-6395
-10907
-6339
-11091
-6347
-11339
-6331
-11651
-6363
-11915
-6291
-12115
-6275
-12275
-6387
-12555
-6275
-12803
-6395
-13051
-6347
-13267
-6283
-13547
-6323
-13715
-6347
-13971
-6387
-14211
-6387
-14499
-6299
-14795
-6275
-14987
-6347
-15275
-6339
-15507
-6331
-15739
-6307
-15915
-6363
-16171
-6307
-16395
-6395
-16651
-6387
-16867
-6291
-17147
-6387
-17315
-6323
-17579
-6379
-17851
-6307
-18059
-6363
-18363
-6371
-18523
-6307
-18819
-6555
125
-6619
-35
-6555
-371
-6627
-539
-6619
-835
-6515
-1019
-6507
-1299
-6619
-1523
-6523
-1731
-6627
-1971
-6515
-2315
-6547
-2459
-6531
-2683
-6547
-3003
-6555
-3251
-6595
-3427
-6611
-3731
-6587
-3955
-6587
-4179
-6595
-4475
-6563
-4627
-6587
-4827
-6595
-5131
-6603
-5387
-6547
-5579
-6627
-5803
-6531
-6059
-6571
-6283
-6579
-6571
-6579
-6875
-6531
-7099
-6539
-7339
-6611
-7515
-6627
-7803
-6587
-8003
-6595
-8299
-6595
-8451
-6635
-8723
-6547
-8987
-6603
-9211
-6539
-9411
-6515
-9651
-6603
-9979
-6611
-10171
-6611
-10435
-6595
-10603
-6635
-10867
-6579
-11195
-6539
-11355
-6555
-11659
-6579
-11843
-6595
-12123
-6555
-12275
-6603
-12587
-6611
-12755
-6627
-13011
-6603
-13355
-6619
-13555
-6563
-13731
-6635
-13971
-6563
-14299
-6547
-14459
-6619
-14787
-6635
-14907
-6627
-15259
-6627
-15451
-6587
-15691
-6619
-15899
-6595
-16219
-6571
-16467
-6563
-16619
-6619
-16947
-6571
-17107
-6515
-17427
-6563
-17667
-6547
-17859
-6619
-18123
-6563
-18283
-6627
-18507
-6571
-18811
-6779
117
-6875
-59
-6851
-267
-6867
-635
-6803
-819
-6819
-1059
-6803
-1299
-6851
-1563
-6771
-1747
-6827
-1987
-6787
-2307
-6787
-2475
-6843
-2795
-6851
-2963
-6787
-3203
-6835
-3427
-6827
-3635
-6771
-3947
-6835
-4171
-6771
-4347
-6875
-4611
-6819
-4835
-6779
-5075
-6779
-5347
-6827
-5635
-6795
-5875
-6803
-6123
-6779
-6387
-6819
-6515
-6859
-6787
-6819
-7067
-6867
-7243
-6803
-7547
-6875
-7755
-6755
-8067
-6771
-8307
-6763
-8531
-6771
-8771
-6867
-9027
-6835
-9275
-6827
-9451
-6795
-9755
-6795
-9899
-6867
-10227
-6763
-10347
-6843
-10667
-6779
-10939
-6835
-11091
-6875
-11331
-6787
-11603
-6867
-11859
-6811
-12155
-6803
-12331
-6835
-12579
-6779
-12875
-6755
-13003
-6827
-13315
-6851
-13467
-6795
-13811
-6867
-13987
-6779
-14203
-6875
-14483
-6867
-14747
-6843
-14947
-6851
-15179
-6795
-15483
-6811
-15627
-6819
-15971
-6867
-16163
-6835
-16467
-6859
-16635
-6835
-16859
-6859
-17179
-6867
-17339
-6867
-17675
-6819
-17827
-6835
-18115
-6755
-18371
-6747
-18587
-6827
-18843
-7027
101
-7051
-51
-7083
-291
-7011
-595
-6995
-851
-7091
-1107
-7003
-1307
-6987
-1467
-7043
-1715
-7091
-2011
-7107
-2315
-7051
-2443
-7011
-2755
-7043
-2995
-7099
-3187
-6987
-3507
-7107
-3755
-6987
-3939
-7107
-4203
-7003
-4363
-6995
-4627
-7051
-4891
-7035
-5147
-7107
-5427
-7099
-5651
-7107
-5835
-7091
-6139
-7091
-6299
-7099
-6563
-7059
-6771
-6995
-7067
-7115
-7323
-7091
-7579
-7003
-7723
-7011
-8027
-7107
-8291
-7067
-8531
-6995
-8763
-7115
-8907
-7091
-9243
-7003
-9515
-7075
-9635
-7067
-9995
-7075
-10163
-7075
-10395
-7107
-10595
-7107
-10859
-7099
-11163
-7099
-11347
-7099
-11659
-7099
-11835
-7051
-12123
-7035
-12339
-7099
-12507
-7107
-12747
-7107
-13075
-7107
-13291
-7099
-13571
-7075
-13771
-7019
-14051
-7067
-14315
-7115
-14531
-7099
-14691
-7083
-14907
-7083
-15267
-7003
-15515
-7091
-15715
-7067
-15907
-7027
-16195
-7083
-16419
-7083
-16699
-7059
-16827
-7067
-17075
-7027
-17411
-7099
-17571
-7099
-17867
-7075
-18123
-7035
-18363
-7019
-18539
-6987
-18819
-7331
101
-7347
-27
-7283
-323
-7251
-579
-7251
-787
-7251
-1011
-7291
-1251
-7355
-1491
-7331
-1755
-7291
-1995
-7267
-2235
-7347
-2523
-7339
-2667
-7291
-2979
-7315
-3211
-7299
-3475
-7243
-3707
-7339
-3875
-7355
-4195
-7331
-4467
-7331
-4715
-7227
-4835
-7235
-5083
-7291
-5435
-7331
-5579
-7347
-5843
-7355
-6099
-7315
-6331
-7243
-6635
-7291
-6747
-7339
-7011
-7331
-7299
-7339
-7523
-7235
-7779
-7339
-8003
-7347
-8315
-7299
-8451
-7355
-8699
-7323
-9011
-7355
-9219
-7259
-9475
-7331
-9635
-7259
-9995
-7315
-10131
-7267
-10387
-7259
-10707
-7307
-10907
-7331
-11067
-7243
-11379
-7307
-11603
-7291
-11859
-7299
-12155
-7355
-12283
-7307
-12571
-7355
-12803
-7355
-13075
-7355
-13331
-7347
-13523
-7355
-13731
-7243
-14051
-7331
-14219
-7331
-14539
-7347
-14707
-7331
-14971
-7323
-15251
-7339
-15483
-7291
-15643
-7259
-15875
-7235
-16107
-7267
-16347
-7347
-16587
-7347
-16939
-7275
-17067
-7283
-17347
-7283
-17675
-7307
-17875
-7243
-18131
-7235
-18267
-7235
-18603
-7331
-18819
-7467
133
-7587
-131
-7587
-363
-7571
-603
-7587
-827
-7475
-1067
-7531
-1307
-7579
-1547
-7507
-1787
-7475
-1979
-7555
-2315
-7587
-2539
-7595
-2787
-7563
-2995
-7571
-3211
-7563
-3507
-7483
-3707
-7587
-3955
-7587
-4219
-7499
-4379
-7579
-4635
-7523
-4923
-7563
-5139
-7475
-5363
-7555
-5571
-7531
-5795
-7531
-6123
-7595
-6275
-7515
-6563
-7531
-6835
-7571
-7083
-7571
-7347
-7467
-7539
-7579
-7731
-7595
-8043
-7483
-8291
-7587
-8555
-7547
-8715
-7555
-8987
-7547
-9219
-7587
-9395
-7531
-9659
-7467
-9923
-7499
-10147
-7475
-10443
-7491
-10699
-7475
-10915
-7499
-11147
-7571
-11427
-7555
-11651
-7547
-11843
-7587
-12091
-7579
-12267
-7563
-12587
-7475
-12779
-7475
-13083
-7507
-13299
-7579
-13547
-7587
-13795
-7523
-14027
-7539
-14211
-7475
-14547
-7587
-14715
-7539
-15011
-7563
-15147
-7595
-15435
-7579
-15699
-7595
-15939
-7475
-16115
-7555
-16419
-7539
-16667
-7531
-16835
-7507
-17075
-7579
-17379
-7587
-17595
-7563
-17787
-7547
-18043
-7595
-18283
-7595
-18627
-7467
-18843
-7763
149
-7811
-99
-7819
-315
-7803
-595
-7795
-819
-7819
-1075
-7835
-1267
-7803
-1475
-7795
-1803
-7779
-2011
-7739
-2315
-7739
-2435
-7763
-2763
-7723
-2923
-7827
-3227
-7739
-3467
-7779
-3699
-7755
-3891
-7787
-4235
-7739
-4363
-7723
-4667
-7811
-4955
-7795
-5171
-7747
-5347
-7827
-5643
-7835
-5819
-7707
-6067
-7835
-6275
-7827
-6635
-7827
-6819
-7835
-7059
-7779
-7299
-7723
-7595
-7819
-7731
-7755
-8027
-7803
-8267
-7763
-8555
-7795
-8795
-7747
-9019
-7771
-9179
-7827
-9419
-7787
-9755
-7835
-9971
-7771
-10187
-7779
-10427
-7755
-10595
-7787
-10827
-7779
-11131
-7835
-11379
-7811
-11643
-7747
-11795
-7739
-12075
-7803
-12283
-7787
-12507
-7787
-12843
-7715
-13043
-7739
-13299
-7787
-13491
-7707
-13803
-7835
-13947
-7787
-14299
-7827
-14499
-7787
-14707
-7835
-14907
-7787
-15243
-7771
-15419
-7739
-15699
-7819
-15899
-7795
-16163
-7803
-16403
-7747
-16667
-7755
-16947
-7811
-17115
-7763
-17331
-7795
-17627
-7723
-17883
-7787
-18115
-7787
-18291
-7771
-18571
-7835
-18843
-7995
85
-7971
-59
-7995
-355
-7955
-555
-7955
-819
-8075
-1011
-8059
-1227
-8051
-1571
-7979
-1811
-8043
-1947
-7955
-2267
-8043
-2483
-8067
-2771
-7979
-2947
-7955
-3163
-8019
-3419
-8067
-3667
-8067
-3883
-8027
-4219
-8075
-4459
-8067
-4667
-7971
-4931
-8051
-5195
-8059
-5363
-8043
-5643
-8027
-5859
-8027
-6147
-8067
-6339
-7987
-6547
-8019
-6827
-8035
-7083
-7987
-7323
-8075
-7555
-8059
-7819
-8067
-7987
-8043
-8267
-8043
-8451
-8003
-8779
-8051
-8971
-8075
-9275
-8043
-9387
-8027
-9643
-7987
-9907
-7979
-10195
-8003
-10467
-8043
-10651
-8059
-10955
-8059
-11099
-8019
-11315
-8003
-11659
-7987
-11883
-7947
-12155
-8051
-12379
-8059
-12515
-8059
-12811
-8067
-13107
-8027
-13259
-8075
-13523
-8051
-13707
-8035
-14035
-7995
-14187
-8035
-14467
-7947
-14691
-7955
-14931
-8067
-15267
-7971
-15451
-8027
-15747
-8075
-15995
-8003
-16227
-8043
-16475
-7955
-16675
-8075
-16907
-8051
-17115
-8019
-17419
-8059
-17603
-8059
-17891
-8051
-18051
-7963
-18283
-8043
-18515
-8075
-18875
-8235
125
-8227
-67
-8219
-363
-8187
-507
-8275
-819
-8259
-1115
-8283
-1243
-8307
-1523
-8291
-1739
-8315
-1947
-8307
-2291
-8227
-2491
-8283
-2699
-8235
-2987
-8267
-3219
-8219
-3515
-8235
-3659
-8251
-3987
-8243
-4203
-8211
-4363
-8187
-4587
-8299
-4899
-8211
-5171
-8291
-5419
-8235
-5587
-8283
-5803
-8283
-6099
-8243
-6323
-8315
-6595
-8187
-6803
-8251
-7019
-8275
-7323
-8307
-7515
-8235
-7707
-8307
-7979
-8299
-8259
-8251
-8523
-8315
-8675
-8315
-8931
-8315
-9147
-8299
-9387
-8275
-9659
-8307
-9947
-8227
-10123
-8251
-10427
-8243
-10603
-8243
-10859
-8315
-11179
-8315
-11435
-8315
-11603
-8243
-11851
-8275
-12147
-8219
-12307
-8243
-12523
-8307
-12859
-8307
-13115
-8251
-13251
-8259
-13595
-8315
-13723
-8291
-13955
-8315
-14307
-8283
-14491
-8283
-14779
-8243
-14947
-8219
-15211
-8307
-15435
-8187
-15699
-8307
-15979
-8187
-16123
-8187
-16347
-8251
-16627
-8283
-16851
-8267
-17179
-8195
-17387
-8291
-17667
-8299
-17787
-8315
-18147
-8211
-18315
-8203
-18515
-8259
-18827
-8451
125
-8507
-131
-8555
-347
-8547
-515
-8483
-779
-8427
-1083
-8451
-1323
-8499
-1563
-8459
-1835
-8435
-1971
-8451
-2251
-8555
-2555
-8427
-2779
-8435
-2955
-8555
-3163
-8531
-3427
-8459
-3675
-8459
-3995
-8547
-4155
-8491
-4475
-8531
-4643
-8515
-4907
-8523
-5115
-8459
-5395
-8443
-5555
-8475
-5867
-8547
-6131
-8531
-6339
-8531
-6547
-8539
-6851
-8555
-6995
-8491
-7331
-8515
-7507
-8483
-7803
-8515
-8059
-8531
-8259
-8451
-8531
-8547
-8779
-8499
-9027
-8483
-9235
-8531
-9419
-8483
-9731
-8475
-9891
-8499
-10187
-8555
-10451
-8459
-10675
-8531
-10923
-8435
-11195
-8531
-11331
-8547
-11659
-8531
-11883
-8515
-12107
-8427
-12323
-8515
-12547
-8539
-12827
-8435
-13011
-8491
-13275
-8539
-13467
-8555
-13779
-8555
-14043
-8443
-14195
-8531
-14435
-8499
-14667
-8499
-14955
-8499
-15235
-8531
-15483
-8435
-15699
-8547
-15947
-8515
-16115
-8547
-16419
-8523
-16659
-8435
-16907
-8491
-17099
-8539
-17355
-8435
-17651
-8467
-17843
-8507
-18035
-8507
-18379
-8515
-18507
-8467
-18851
-8739
85
-8707
-99
-8699
-299
-8755
-507
-8763
-867
-8731
-1083
-8779
-1259
-8723
-1467
-8787
-1739
-8731
-2027
-8731
-2203
-8707
-2531
-8795
-2707
-8771
-3027
-8691
-3275
-8787
-3419
-8691
-3675
-8691
-3995
-8787
-4163
-8795
-4371
-8755
-4595
-8755
-4883
-8691
-5187
-8771
-5427
-8763
-5651
-8699
-5819
-8699
-6027
-8771
-6299
-8739
-6595
-8739
-6843
-8739
-7075
-8779
-7347
-8707
-7587
-8771
-7715
-8771
-7979
-8787
-8259
-8707
-8523
-8779
-8675
-8707
-8963
-8707
-9163
-8755
-9491
-8763
-9707
-8707
-9939
-8779
-10227
-8739
-10387
-8715
-10619
-8763
-10955
-8691
-11179
-8715
-11347
-8755
-11587
-8787
-11803
-8715
-12083
-8795
-12331
-8715
-12603
-8755
-12803
-8675
-13083
-8747
-13235
-8707
-13531
-8683
-13835
-8723
-14035
-8707
-14315
-8795
-14539
-8707
-14771
-8675
-14979
-8707
-15211
-8723
-15507
-8787
-15675
-8691
-15915
-8787
-16179
-8763
-16363
-8731
-16715
-8683
-16931
-8739
-17131
-8691
-17411
-8779
-17603
-8747
-17915
-8763
-18075
-8731
-18331
-8699
-18571
-8755
-18811
-9035
125
-9003
-139
-8915
-331
-8979
-563
-9011
-763
-8987
-1011
-9019
-1315
-8971
-1491
-9003
-1715
-9027
-2051
-8923
-2307
-8963
-2435
-8971
-2787
-8963
-2923
-8995
-3267
-8907
-3427
-9035
-3691
-8987
-3979
-8923
-4147
-8907
-4459
-9003
-4643
-9003
-4883
-8907
-5091
-9011
-5379
-9035
-5555
-8995
-5883
-8915
-6115
-8987
-6291
-8995
-6539
-8979
-6859
-9019
-7075
-8915
-7227
-9011
-7499
-8971
-7819
-9011
-8035
-9019
-8299
-8963
-8475
-8939
-8787
-8947
-8931
-8939
-9187
-8971
-9395
-9027
-9651
-8987
-9931
-8955
-10171
-8987
-10475
-8931
-10715
-8971
-10947
-8955
-11187
-8955
-11379
-8987
-11651
-9027
-11787
-9035
-12091
-9003
-12363
-8931
-12539
-8923
-12779
-9035
-13035
-9019
-13355
-8915
-13579
-8995
-13723
-9011
-14027
-8987
-14267
-8971
-14459
-8971
-14755
-8995
-14931
-9027
-15235
-8955
-15499
-8955
-15643
-8963
-15971
-8907
-16171
-9027
-16395
-8979
-16651
-8955
-16883
-9003
-17155
-9027
-17315
-8939
-17635
-9035
-17867
-8971
-18115
-8939
-18331
-8923
-18595
-8955
-18851
-9211
133
-9243
-59
-9171
-275
-9275
-571
-9259
-755
-9259
-1075
-9147
-1251
-9147
-1595
-9243
-1763
-9147
-2075
-9259
-2291
-9243
-2427
-9203
-2723
-9235
-2995
-9219
-3195
-9195
-3395
-9235
-3627
-9211
-3955
-9251
-4219
-9259
-4451
-9219
-4619
-9243
-4923
-9267
-5187
-9275
-5371
-9171
-5563
-9259
-5811
-9195
-6147
-9211
-6315
-9235
-6531
-9163
-6763
-9275
-7019
-9227
-7315
-9171
-7507
-9275
-7723
-9203
-8067
-9227
-8267
-9267
-8475
-9195
-8723
-9251
-9035
-9227
-9179
-9163
-9403
-9259
-9627
-9275
-9971
-9147
-10123
-9203
-10451
-9243
-10643
-9235
-10859
-9227
-11075
-9275
-11411
-9179
-11563
-9163
-11907
-9195
-12155
-9227
-12363
-9259
-12627
-9171
-12811
-9235
-13011
-9171
-13323
-9187
-13571
-9195
-13763
-9275
-13963
-9211
-14307
-9227
-14555
-9147
-14723
-9259
-14947
-9243
-15235
-9163
-15491
-9235
-15715
-9179
-15875
-9251
-16227
-9155
-16379
-9219
-16595
-9251
-16923
-9203
-17171
-9179
-17307
-9195
-17571
-9203
-17843
-9275
-18107
-9267
-18387
-9147
-18515
-9219
-18867
-9467
117
-9443
-75
-9515
-267
-9419
-619
-9475
-835
-9483
-1059
-9491
-1243
-9443
-1531
-9499
-1731
-9491
-2035
-9491
-2251
-9515
-2483
-9395
-2739
-9387
-2987
-9483
-3275
-9483
-3467
-9459
-3651
-9475
-3939
-9515
-4115
-9499
-4427
-9419
-4683
-9475
-4875
-9403
-5171
-9515
-5387
-9435
-5659
-9427
-5915
-9451
-6075
-9411
-6275
-9491
-6547
-9387
-6747
-9419
-7019
-9451
-7235
-9491
-7483
-9491
-7755
-9467
-8011
-9403
-8259
-9499
-8523
-9443
-8683
-9387
-8971
-9419
-9275
-9467
-9395
-9427
-9747
-9507
-9979
-9507
-10179
-9395
-10451
-9499
-10611
-9467
-10859
-9475
-11115
-9459
-11403
-9483
-11667
-9387
-11915
-9427
-12115
-9451
-12371
-9427
-12555
-9499
-12843
-9459
-13075
-9443
-13291
-9419
-13595
-9499
-13795
-9387
-14035
-9443
-14251
-9443
-14499
-9443
-14675
-9475
-14923
-9427
-15251
-9427
-15451
-9475
-15699
-9435
-15939
-9427
-16195
-9475
-16363
-9515
-16635
-9467
-16867
-9483
-17179
-9507
-17315
-9419
-17619
-9507
-17795
-9475
-18027
-9411
-18267
-9507
-18579
-9411
-18859
-9643
109
-9739
-147
-9731
-299
-9715
-595
-9723
-867
-9627
-1051
-9707
-1275
-9715
-1595
-9659
-1763
-9643
-2043
-9691
-2251
-9747
-2507
-9691
-2747
-9699
-2963
-9731
-3187
-9707
-3459
-9627
-3691
-9739
-3931
-9675
-4115
-9675
-4467
-9691
-4603
-9667
-4891
-9723
-5179
-9627
-5363
-9683
-5555
-9739
-5835
-9739
-6083
-9659
-6331
-9659
-6547
-9691
-6779
-9707
-7059
-9731
-7283
-9715
-7547
-9627
-7739
-9731
-8003
-9707
-8211
-9755
-8443
-9691
-8667
-9755
-8987
-9739
-9227
-9755
-9435
-9731
-9627
-9739
-9931
-9627
-10235
-9651
-10443
-9723
-10651
-9691
-10827
-9699
-11139
-9659
-11435
-9731
-11627
-9667
-11795
-9675
-12091
-9707
-12331
-9659
-12507
-9699
-12811
-9699
-13075
-9747
-13323
-9715
-13539
-9739
-13811
-9723
-14043
-9675
-14195
-9667
-14491
-9691
-14747
-9731
-14963
-9643
-15195
-9755
-15507
-9731
-15723
-9683
-15987
-9747
-16195
-9643
-16403
-9675
-16595
-9683
-16899
-9707
-17115
-9643
-17371
-9691
-17651
-9643
-17859
-9731
-18035
-9723
-18355
-9715
-18515
-9755
-18811
-9971
109
-9883
-35
-9971
-267
-9963
-635
-9899
-859
-9931
-987
-9883
-1235
-9987
-1563
-9891
-1827
-9955
-1979
-9995
-2283
-9963
-2523
-9947
-2739
-9995
-3035
-9971
-3179
-9939
-3395
-9883
-3643
-9963
-3875
-9907
-4211
-9995
-4459
-9987
-4659
-9979
-4867
-9899
-5131
-9875
-5363
-9939
-5571
-9899
-5843
-9947
-6043
-9907
-6347
-9875
-6547
-9867
-6859
-9987
-7003
-9987
-7291
-9907
-7587
-9987
-7827
-9995
-7955
-9907
-8275
-9915
-8539
-9899
-8739
-9891
-9019
-9995
-9259
-9987
-9411
-9907
-9699
-9947
-9867
-9899
-10123
-9891
-10355
-9995
-10707
-9987
-10859
-9987
-11147
-9875
-11435
-9939
-11563
-9947
-11907
-9891
-12027
-9955
-12395
-9987
-12563
-9883
-12811
-9931
-13011
-9939
-13315
-9971
-13571
-9955
-13763
-9875
-14035
-9955
-14227
-9955
-14435
-9971
-14731
-9995
-14979
-9899
-15275
-9923
-15483
-9907
-15755
-9995
-15947
-9867
-16131
-9971
-16379
-9987
-16603
-9979
-16899
-9963
-17155
-9867
-17307
-9899
-17659
-9987
-17835
-9955
-18051
-9979
-18347
-9891
-18627
-9995
-18851
-10139
133
-10147
-131
-10123
-379
-10179
-563
-10171
-851
-10155
-995
-10171
-1267
-10203
-1539
-10195
-1739
-10179
-1971
-10107
-2219
-10139
-2507
-10139
-2667
-10211
-2931
-10227
-3211
-10203
-3491
-10131
-3739
-10123
-3899
-10219
-4171
-10203
-4355
-10107
-4619
-10187
-4899
-10187
-5075
-10107
-5419
-10203
-5659
-10115
-5915
-10219
-6083
-10115
-6379
-10219
-6635
-10219
-6875
-10179
-7003
-10131
-7331
-10155
-7571
-10235
-7747
-10211
-7987
-10227
-8235
-10211
-8459
-10195
-8683
-10219
-8979
-10139
-9171
-10131
-9443
-10147
-9683
-10219
-9907
-10211
-10179
-10147
-10467
-10227
-10619
-10139
-10931
-10187
-11179
-10139
-11379
-10211
-11643
-10163
-11899
-10107
-12067
-10139
-12267
-10227
-12595
-10211
-12787
-10163
-13083
-10203
-13259
-10107
-13555
-10107
-13819
-10163
-14035
-10155
-14259
-10227
-14555
-10211
-14675
-10123
-15027
-10195
-15163
-10187
-15467
-10195
-15707
-10211
-15979
-10187
-16171
-10147
-16419
-10235
-16699
-10203
-16827
-10131
-17115
-10187
-17395
-10211
-17635
-10171
-17867
-10163
-18099
-10211
-18395
-10195
-18627
-10179
-18811
-10435
85
-10467
-147
-10443
-387
-10467
-555
-10435
-763
-10475
-1003
-10419
-1283
-10451
-1467
-10451
-1747
-10467
-1955
-10411
-2211
-10451
-2443
-10451
-2739
-10475
-2947
-10475
-3251
-10443
-3451
-10451
-3699
-10419
-3947
-10451
-4179
-10475
-4395
-10459
-4715
-10451
-4835
-10427
-5155
-10459
-5411
-10443
-5635
-10475
-5835
-10411
-6147
-10459
-6395
-10411
-6611
-10419
-6771
-10427
-7115
-10451
-7323
-10475
-7475
-10451
-7795
-10443
-8067
-10467
-8187
-10467
-8451
-10451
-8771
-10411
-8923
-10459
-9155
-10459
-9443
-10459
-9651
-10475
-9995
-10459
-10179
-10451
-10395
-10451
-10611
-10435
-10851
-10435
-11147
-10451
-11347
-10419
-11611
-10435
-11875
-10467
-12139
-10475
-12275
-10451
-12587
-10427
-12811
-10411
-13043
-10419
-13291
-10451
-13539
-10459
-13755
-10435
-14067
-10427
-14195
-10459
-14507
-10435
-14739
-10427
-14987
-10459
-15267
-10435
-15499
-10427
-15715
-10475
-15931
-10419
-16155
-10475
-16403
-10475
-16691
-10419
-16851
-10427
-17147
-10443
-17395
-10451
-17587
-10475
-17867
-10443
-18147
-10427
-18363
-10459
-18539
-10475
-18851
