109
480
145
-119
128
-319
233
-605
132
-767
280
-1017
173
-1215
391
-1532
498
-1749
149
-1966
186
-2165
139
-2489
139
-2739
335
-2961
579
-3161
227
-3433
227
-3639
149
-3947
173
-4227
245
-4367
249
-4655
109
-4871
117
-5175
117
-5323
85
-5639
133
-5867
149
-6103
85
-6307
85
-6515
85
-6739
117
-7071
101
-7203
117
-7555
85
-7727
85
-8003
101
-8255
109
-8463
125
-8683
109
-8947
93
-9143
117
-9399
125
-9699
109
-9939
125
-10171
101
-10459
101
-10691
117
-10891
117
-11067
93
-11387
125
-11563
141
-11899
93
-12107
149
-12275
109
-12611
141
-12763
93
-13003
109
-13331
133
-13531
85
-13827
125
-14027
117
-14275
125
-14459
85
-14723
85
-14947
117
-15243
85
-15411
93
-15635
85
-15867
109
-16163
85
-16459
109
-16715
125
-16939
117
-17195
125
-17371
117
-17611
85
-17867
85
-18083
101
-18363
149
-18587
149
-18859
-115
845
-121
-102
-110
-357
-75
-543
-90
-817
-91
-995
-98
-1275
-68
-1466
-25
-1822
-19
-1997
-122
-2253
-137
-2451
-59
-2675
-9
-3007
-3
-3227
-105
-3447
-123
-3687
-83
-3939
-79
-4119
-131
-4407
-111
-4703
-131
-4835
-79
-5123
-67
-5403
-123
-5575
-139
-5835
-27
-6151
-23
-6395
-47
-6555
-99
-6851
-27
-7019
-127
-7283
-103
-7567
-71
-7683
-115
-8023
-103
-8199
-71
-8523
-143
-8699
-119
-8991
-119
-9163
-83
-9507
-155
-9651
-75
-9923
-147
-10115
-123
-10451
-75
-10587
-43
-10907
-115
-11115
-139
-11427
-131
-11603
-35
-11843
-83
-12131
-107
-12291
-35
-12627
-51
-12875
-99
-13011
-107
-13267
-115
-13539
-51
-13715
-131
-13971
-115
-14203
-99
-14467
-99
-14755
-123
-14947
-35
-15227
-147
-15419
-83
-15667
-123
-15979
-83
-16107
-139
-16475
-91
-16635
-51
-16931
-147
-17139
-131
-17307
-139
-17595
-147
-17795
-131
-18099
-115
-18283
-131
-18603
-51
-18827
-366
934
-263
-36
-301
-270
-345
-497
-262
-851
-298
-1051
-357
-1266
-367
-1491
-259
-1722
-297
-1962
-273
-2282
-313
-2447
-341
-2741
-345
-2923
-289
-3173
-293
-3459
-273
-3699
-355
-3857
-313
-4101
-341
-4459
-243
-4589
-375
-4847
-347
-5091
-283
-5371
-287
-5587
-379
-5759
-363
-6023
-299
-6275
-339
-6535
-271
-6803
-391
-7103
-259
-7275
-359
-7451
-271
-7819
-295
-7935
-383
-8179
-319
-8511
-327
-8739
-363
-8983
-375
-9163
-363
-9459
-339
-9667
-347
-9923
-355
-10107
-299
-10347
-395
-10707
-291
-10875
-331
-11195
-275
-11331
-307
-11555
-371
-11867
-323
-12123
-387
-12291
-315
-12619
-323
-12875
-387
-13091
-339
-13355
-371
-13571
-339
-13731
-371
-14067
-387
-14259
-331
-14427
-275
-14715
-339
-14979
-323
-15187
-331
-15459
-283
-15715
-355
-15931
-315
-16235
-371
-16395
-323
-16643
-267
-16939
-371
-17067
-331
-17323
-355
-17587
-307
-17827
-379
-18075
-387
-18363
-355
-18531
-355
-18875
-603
266
-548
-107
-563
-326
-533
-535
-511
-834
-579
-1047
-599
-1221
-517
-1566
-585
-1791
-572
-2052
-521
-2170
-567
-2539
-531
-2657
-495
-2887
-551
-3213
-541
-3431
-525
-3729
-523
-3917
-491
-4115
-611
-4409
-599
-4619
-595
-4847
-535
-5151
-623
-5315
-623
-5655
-527
-5803
-611
-6079
-547
-6339
-551
-6551
-579
-6739
-547
-7039
-583
-7351
-551
-7479
-527
-7727
-567
-7939
-567
-8219
-559
-8487
-491
-8699
-595
-8903
-503
-9247
-547
-9423
-571
-9699
-587
-9979
-611
-10203
-547
-10459
-547
-10683
-611
-10891
-635
-11123
-579
-11419
-587
-11579
-547
-11851
-619
-12123
-595
-12331
-587
-12627
-627
-12779
-619
-13115
-627
-13283
-627
-13483
-627
-13715
-619
-14075
-563
-14187
-611
-14443
-555
-14707
-627
-14963
-547
-15251
-627
-15515
-515
-15707
-635
-15947
-619
-16195
-627
-16347
-635
-16699
-531
-16851
-619
-17075
-611
-17395
-619
-17555
-539
-17811
-619
-18139
-603
-18331
-611
-18595
-603
-18859
-855
1075
-739
-31
-837
-365
-756
-575
-828
-723
-854
-1003
-741
-1251
-831
-1511
-845
-1759
-790
-2022
-822
-2185
-855
-2507
-755
-2761
-859
-2957
-791
-3215
-721
-3359
-777
-3603
-815
-3895
-867
-4119
-853
-4443
-745
-4619
-767
-4915
-863
-5103
-779
-5311
-763
-5623
-767
-5823
-775
-6083
-863
-6307
-867
-6515
-787
-6799
-763
-7063
-807
-7235
-771
-7595
-819
-7783
-755
-7995
-851
-8223
-787
-8447
-859
-8743
-779
-8959
-763
-9271
-843
-9427
-835
-9723
-867
-9955
-787
-10187
-851
-10459
-803
-10699
-787
-10859
-819
-11139
-803
-11387
-859
-11595
-827
-11795
-835
-12051
-819
-12315
-827
-12627
-843
-12787
-771
-13019
-771
-13339
-811
-13579
-851
-13803
-803
-14003
-851
-14251
-787
-14499
-851
-14755
-779
-14947
-859
-15171
-843
-15475
-867
-15691
-835
-15955
-819
-16123
-755
-16419
-763
-16715
-867
-16899
-827
-17067
-803
-17387
-747
-17611
-835
-17827
-867
-18115
-851
-18395
-859
-18563
-843
-18827
-1059
2047
-986
-62
-1030
-334
-1092
-490
-1004
-773
-1105
-1023
-1045
-1229
-967
-1543
-1026
-1806
-1087
-1979
-1065
-2295
-1067
-2535
-1025
-2771
-987
-2955
-1055
-3241
-1103
-3437
-1069
-3735
-989
-3961
-1079
-4161
-1037
-4393
-1097
-4683
-991
-4931
-991
-5043
-1103
-5419
-1039
-5551
-991
-5851
-1027
-6087
-1039
-6307
-1075
-6559
-1083
-6771
-1071
-7067
-1099
-7315
-1067
-7487
-1083
-7687
-995
-8063
-1099
-8167
-1099
-8407
-1031
-8751
-1055
-8931
-1079
-9211
-1091
-9387
-1083
-9643
-1083
-9899
-1099
-10147
-1067
-10379
-1091
-10715
-1051
-10883
-1043
-11115
-1043
-11387
-1011
-11667
-1003
-11795
-995
-12067
-995
-12355
-1027
-12523
-995
-12771
-1091
-13099
-1091
-13347
-1115
-13563
-1027
-13723
-1059
-14027
-1075
-14299
-1003
-14451
-1091
-14699
-1011
-14931
-1059
-15259
-1011
-15475
-1011
-15739
-1091
-15931
-1035
-16211
-1067
-16467
-1107
-16699
-1107
-16891
-987
-17091
-1051
-17339
-1099
-17627
-1075
-17819
-1075
-18147
-1091
-18275
-1059
-18635
-1027
-18843
-1331
1575
-1245
-45
-1265
-349
-1214
-544
-1329
-847
-1208
-1045
-1245
-1337
-1339
-1483
-1339
-1787
-1231
-2011
-1247
-2255
-1273
-2489
-1319
-2711
-1257
-2953
-1309
-3123
-1329
-3477
-1287
-3675
-1327
-3947
-1323
-4099
-1303
-4363
-1253
-4671
-1255
-4847
-1339
-5091
-1251
-5375
-1287
-5655
-1219
-5875
-1351
-6087
-1251
-6271
-1283
-6523
-1303
-6835
-1323
-6995
-1331
-7267
-1255
-7499
-1291
-7695
-1315
-7983
-1307
-8299
-1291
-8419
-1319
-8655
-1287
-9015
-1259
-9199
-1271
-9499
-1307
-9731
-1347
-9955
-1251
-10163
-1355
-10347
-1355
-10715
-1307
-10867
-1323
-11163
-1315
-11371
-1331
-11571
-1339
-11907
-1315
-12059
-1315
-12323
-1307
-12571
-1251
-12763
-1315
-12995
-1315
-13331
-1355
-13555
-1315
-13795
-1283
-13987
-1339
-14283
-1315
-14467
-1315
-14795
-1259
-14923
-1235
-15179
-1251
-15387
-1323
-15723
-1315
-15899
-1355
-16107
-1275
-16451
-1339
-16683
-1235
-16875
-1315
-17075
-1235
-17363
-1291
-17571
-1347
-17899
-1235
-18075
-1355
-18323
-1299
-18531
-1315
-18843
-1579
275
-1491
-25
-1453
-313
-1521
-607
-1477
-835
-1589
-1099
-1453
-1215
-1563
-1507
-1541
-1711
-1557
-1961
-1553
-2195
-1563
-2461
-1577
-2705
-1593
-2905
-1551
-3249
-1585
-3439
-1437
-3611
-1535
-3883
-1469
-4215
-1533
-4311
-1529
-4673
-1563
-4887
-1567
-5115
-1519
-5403
-1507
-5531
-1491
-5891
-1559
-6011
-1483
-6303
-1531
-6507
-1555
-6719
-1447
-7071
-1575
-7275
-1483
-7591
-1475
-7787
-1531
-7943
-1551
-8279
-1519
-8423
-1463
-8715
-1543
-8995
-1579
-9207
-1571
-9451
-1563
-9723
-1515
-9907
-1531
-10187
-1579
-10419
-1571
-10587
-1523
-10875
-1571
-11083
-1595
-11403
-1483
-11667
-1483
-11891
-1539
-12139
-1571
-12323
-1507
-12531
-1579
-12747
-1467
-13051
-1523
-13267
-1555
-13499
-1571
-13723
-1587
-14027
-1571
-14251
-1555
-14547
-1523
-14715
-1483
-14907
-1547
-15243
-1563
-15403
-1523
-15683
-1587
-15947
-1587
-16123
-1507
-16459
-1491
-16603
-1579
-16875
-1595
-17195
-1587
-17395
-1523
-17587
-1571
-17835
-1523
-18123
-1595
-18323
-1595
-18563
-1475
-18835
-1795
249
-1815
-41
-1781
-369
-1743
-571
-1789
-753
-1795
-1027
-1685
-1211
-1717
-1565
-1765
-1709
-1759
-2001
-1819
-2255
-1687
-2515
-1689
-2693
-1743
-2921
-1787
-3219
-1735
-3369
-1685
-3675
-1763
-3927
-1691
-4131
-1781
-4327
-1807
-4695
-1823
-4895
-1779
-5135
-1751
-5299
-1795
-5643
-1715
-5763
-1811
-6139
-1771
-6347
-1823
-6499
-1803
-6811
-1815
-7067
-1799
-7247
-1703
-7591
-1807
-7807
-1823
-7939
-1795
-8227
-1719
-8531
-1755
-8763
-1783
-8971
-1751
-9167
-1755
-9387
-1811
-9715
-1755
-9955
-1707
-10171
-1747
-10379
-1795
-10595
-1731
-10859
-1835
-11139
-1819
-11403
-1811
-11563
-1779
-11835
-1819
-12067
-1715
-12331
-1723
-12611
-1723
-12851
-1763
-13067
-1827
-13355
-1827
-13571
-1755
-13715
-1723
-13971
-1763
-14243
-1787
-14555
-1763
-14691
-1835
-14987
-1707
-15243
-1827
-15387
-1739
-15755
-1763
-15867
-1827
-16155
-1795
-16387
-1827
-16715
-1819
-16851
-1811
-17107
-1819
-17331
-1779
-17547
-1739
-17867
-1819
-18035
-1827
-18387
-1779
-18539
-1707
-18827
-1991
1037
-1999
-15
-1995
-277
-1991
-567
-2061
-787
-1967
-969
-2063
-1301
-2013
-1553
-1963
-1691
-1999
-1959
-1949
-2249
-2039
-2475
-2041
-2637
-1951
-2987
-2051
-3263
-2013
-3369
-1995
-3647
-2019
-3969
-2001
-4157
-1975
-4451
-2047
-4681
-2019
-4855
-1931
-5163
-2011
-5303
-2007
-5571
-2003
-5895
-2011
-6019
-1971
-6263
-1991
-6551
-1955
-6859
-1939
-6959
-2027
-7319
-1935
-7579
-2059
-7755
-1987
-8063
-1963
-8267
-2051
-8551
-2059
-8771
-1995
-8959
-2047
-9171
-2003
-9491
-1947
-9643
-2067
-9979
-1987
-10155
-2019
-10363
-2011
-10699
-2059
-10899
-1971
-11075
-2035
-11427
-1987
-11627
-2035
-11843
-2043
-12043
-2043
-12395
-2059
-12507
-2027
-12835
-1955
-13107
-1955
-13235
-1987
-13539
-2051
-13747
-2051
-14003
-2059
-14219
-2051
-14435
-2035
-14731
-2059
-14971
-2027
-15267
-2051
-15419
-2011
-15715
-1963
-15963
-2075
-16163
-2075
-16387
-2003
-16707
-2003
-16955
-2067
-17123
-2075
-17395
-2019
-17619
-1987
-17811
-1971
-18131
-1971
-18339
-2019
-18555
-2003
-18859
-2251
143
-2289
-19
-2295
-277
-2183
-579
-2303
-729
-2209
-987
-2181
-1275
-2283
-1559
-2237
-1691
-2295
-1983
-2227
-2281
-2191
-2481
-2251
-2769
-2231
-2875
-2265
-3195
-2245
-3475
-2293
-3707
-2231
-3917
-2241
-4105
-2247
-4417
-2233
-4583
-2223
-4899
-2251
-5099
-2223
-5375
-2235
-5583
-2251
-5819
-2267
-6019
-2283
-6355
-2231
-6603
-2223
-6823
-2279
-7011
-2279
-7251
-2303
-7531
-2311
-7747
-2207
-7963
-2271
-8199
-2223
-8447
-2183
-8663
-2283
-9011
-2247
-9223
-2283
-9375
-2291
-9739
-2267
-9875
-2307
-10139
-2275
-10371
-2251
-10635
-2283
-10955
-2235
-11187
-2275
-11395
-2299
-11587
-2243
-11867
-2283
-12091
-2219
-12371
-2187
-12531
-2219
-12803
-2315
-13107
-2283
-13259
-2291
-13587
-2211
-13731
-2307
-13963
-2187
-14275
-2251
-14523
-2259
-14763
-2243
-14907
-2259
-15179
-2211
-15507
-2243
-15683
-2267
-15979
-2227
-16203
-2211
-16355
-2275
-16635
-2259
-16843
-2299
-17115
-2283
-17419
-2315
-17563
-2275
-17819
-2291
-18107
-2243
-18355
-2219
-18515
-2219
-18867
-2551
757
-2527
-111
-2495
-289
-2505
-573
-2417
-727
-2505
-1025
-2487
-1221
-2531
-1503
-2467
-1687
-2509
-1943
-2401
-2175
-2433
-2461
-2527
-2689
-2547
-2967
-2531
-3201
-2439
-3421
-2507
-3729
-2495
-3961
-2551
-4139
-2461
-4365
-2477
-4595
-2491
-4887
-2451
-5131
-2435
-5347
-2499
-5651
-2551
-5883
-2463
-6139
-2531
-6363
-2443
-6579
-2503
-6779
-2531
-7011
-2543
-7243
-2487
-7467
-2519
-7783
-2523
-8007
-2443
-8235
-2531
-8419
-2451
-8743
-2555
-8947
-2443
-9191
-2483
-9455
-2427
-9683
-2475
-9995
-2475
-10123
-2443
-10443
-2483
-10691
-2531
-10915
-2459
-11163
-2523
-11427
-2531
-11603
-2483
-11835
-2555
-12139
-2435
-12331
-2459
-12523
-2467
-12819
-2451
-12995
-2531
-13291
-2459
-13563
-2515
-13787
-2555
-14035
-2539
-14315
-2539
-14475
-2459
-14723
-2531
-14979
-2459
-15203
-2507
-15395
-2515
-15723
-2523
-15979
-2539
-16139
-2483
-16363
-2483
-16707
-2499
-16843
-2491
-17195
-2499
-17403
-2443
-17595
-2507
-17787
-2483
-18115
-2483
-18307
-2555
-18571
-2555
-18827
-2687
421
-2691
-83
-2687
-299
-2643
-515
-2723
-787
-2695
-1051
-2691
-1263
-2691
-1451
-2683
-1777
-2743
-1951
-2787
-2255
-2763
-2427
-2679
-2635
-2719
-2971
-2675
-3239
-2779
-3447
-2759
-3699
-2759
-3923
-2727
-4139
-2723
-4451
-2779
-4595
-2763
-4807
-2775
-5131
-2751
-5367
-2763
-5615
-2755
-5863
-2755
-6111
-2767
-6291
-2687
-6611
-2671
-6759
-2779
-7055
-2719
-7259
-2675
-7555
-2719
-7739
-2727
-7959
-2735
-8227
-2783
-8511
-2759
-8783
-2735
-8915
-2787
-9143
-2691
-9483
-2747
-9747
-2787
-9963
-2715
-10219
-2715
-10467
-2787
-10587
-2755
-10931
-2787
-11123
-2723
-11411
-2763
-11643
-2763
-11843
-2787
-12139
-2691
-12395
-2723
-12507
-2691
-12835
-2795
-13043
-2771
-13227
-2715
-13563
-2755
-13795
-2763
-14003
-2699
-14243
-2715
-14531
-2787
-14683
-2739
-14947
-2779
-15219
-2795
-15387
-2771
-15635
-2779
-15963
-2683
-16131
-2787
-16411
-2723
-16627
-2755
-16843
-2683
-17075
-2779
-17427
-2707
-17675
-2771
-17795
-2763
-18035
-2723
-18347
-2771
-18635
-2699
-18827
-2975
125
-2983
-99
-3007
-375
-2963
-559
-2939
-779
-2939
-1071
-3019
-1239
-3027
-1483
-3027
-1803
-2995
-1999
-2975
-2199
-2959
-2439
-2963
-2763
-2927
-3007
-2955
-3131
-2963
-3391
-3031
-3695
-2947
-3995
-2995
-4135
-2895
-4383
-3011
-4647
-2971
-4923
-2943
-5067
-2995
-5295
-3023
-5547
-3015
-5799
-2987
-6131
-2923
-6387
-2979
-6503
-2975
-6875
-2991
-7047
-3031
-7219
-3011
-7571
-3003
-7699
-2919
-8015
-2915
-8283
-2947
-8471
-2967
-8699
-2971
-8891
-3019
-9211
-3019
-9443
-3035
-9691
-2923
-9971
-3019
-10123
-2955
-10371
-2971
-10619
-2939
-10915
-2987
-11195
-3035
-11419
-3035
-11619
-2995
-11867
-2955
-12155
-2939
-12307
-2987
-12547
-2939
-12779
-3027
-13107
-2995
-13291
-2979
-13483
-3035
-13787
-2955
-13963
-2995
-14251
-3011
-14435
-2907
-14699
-2947
-14923
-2947
-15203
-3027
-15507
-3035
-15627
-2931
-15939
-2923
-16131
-2963
-16411
-2995
-16715
-2979
-16875
-3019
-17179
-2931
-17411
-3011
-17563
-3019
-17899
-3011
-18131
-3027
-18315
-2995
-18507
-2987
-18835
-3239
109
-3171
-99
-3255
-335
-3251
-595
-3207
-715
-3147
-1035
-3235
-1231
-3155
-1523
-3219
-1815
-3183
-2043
-3211
-2303
-3247
-2475
-3167
-2675
-3179
-2963
-3243
-3219
-3235
-3443
-3207
-3723
-3235
-3923
-3223
-4115
-3235
-4379
-3151
-4643
-3259
-4839
-3247
-5071
-3187
-5303
-3235
-5559
-3235
-5863
-3135
-6035
-3151
-6359
-3155
-6559
-3243
-6811
-3255
-7083
-3227
-7227
-3203
-7471
-3259
-7739
-3207
-8039
-3259
-8187
-3247
-8399
-3159
-8715
-3203
-9015
-3243
-9151
-3203
-9475
-3227
-9715
-3251
-9979
-3195
-10203
-3275
-10347
-3211
-10659
-3147
-10827
-3171
-11187
-3243
-11363
-3195
-11651
-3275
-11915
-3251
-12051
-3235
-12315
-3211
-12547
-3187
-12811
-3275
-13035
-3227
-13299
-3251
-13571
-3227
-13715
-3171
-14011
-3147
-14243
-3211
-14523
-3259
-14787
-3163
-15035
-3155
-15251
-3179
-15475
-3203
-15683
-3235
-15987
-3227
-16211
-3171
-16387
-3147
-16659
-3219
-16867
-3163
-17195
-3163
-17315
-3195
-17635
-3203
-17867
-3251
-18139
-3259
-18307
-3195
-18539
-3171
-18835
-3475
149
-3499
-51
-3495
-303
-3475
-603
-3479
-747
-3427
-1075
-3491
-1319
-3415
-1591
-3475
-1771
-3375
-2071
-3487
-2211
-3383
-2531
-3451
-2691
-3451
-2931
-3479
-3171
-3507
-3511
-3387
-3679
-3411
-3863
-3435
-4167
-3439
-4395
-3387
-4711
-3427
-4919
-3503
-5055
-3451
-5287
-3411
-5571
-3495
-5851
-3475
-6091
-3443
-6311
-3415
-6483
-3499
-6783
-3391
-7043
-3407
-7307
-3439
-7443
-3495
-7795
-3491
-7943
-3479
-8219
-3435
-8479
-3431
-8743
-3363
-8923
-3495
-9255
-3511
-9407
-3419
-9747
-3515
-9995
-3403
-10203
-3507
-10459
-3483
-10667
-3515
-10859
-3411
-11123
-3515
-11315
-3467
-11635
-3515
-11891
-3395
-12075
-3411
-12307
-3411
-12627
-3499
-12811
-3419
-12987
-3435
-13355
-3499
-13467
-3475
-13835
-3507
-14059
-3491
-14243
-3475
-14539
-3467
-14715
-3483
-14931
-3499
-15243
-3475
-15491
-3491
-15723
-3483
-15923
-3427
-16179
-3491
-16347
-3435
-16683
-3459
-16859
-3491
-17083
-3411
-17347
-3475
-17659
-3459
-17803
-3427
-18027
-3387
-18283
-3427
-18531
-3435
-18827
-3647
133
-3655
-23
-3623
-295
-3707
-523
-3631
-791
-3727
-999
-3719
-1255
-3719
-1547
-3735
-1803
-3683
-2011
-3679
-2307
-3683
-2459
-3643
-2715
-3703
-3003
-3747
-3179
-3635
-3379
-3607
-3711
-3711
-3851
-3711
-4211
-3735
-4415
-3639
-4595
-3675
-4815
-3735
-5147
-3731
-5331
-3731
-5543
-3739
-5855
-3691
-6035
-3751
-6355
-3655
-6515
-3623
-6771
-3643
-7003
-3675
-7351
-3639
-7523
-3627
-7715
-3695
-7979
-3739
-8307
-3635
-8531
-3679
-8691
-3739
-8911
-3643
-9219
-3695
-9455
-3643
-9691
-3731
-9923
-3723
-10195
-3739
-10419
-3667
-10707
-3731
-10883
-3707
-11155
-3755
-11427
-3755
-11667
-3699
-11899
-3635
-12075
-3723
-12307
-3643
-12587
-3723
-12803
-3691
-13107
-3651
-13291
-3675
-13523
-3747
-13755
-3707
-14019
-3723
-14211
-3651
-14555
-3739
-14731
-3675
-14915
-3747
-15259
-3731
-15475
-3691
-15659
-3747
-15971
-3667
-16227
-3747
-16355
-3747
-16627
-3635
-16875
-3747
-17099
-3707
-17371
-3643
-17675
-3651
-17899
-3707
-18131
-3699
-18347
-3723
-18579
-3723
-18835
-3923
125
-3991
-7
-3971
-339
-3979
-607
-3979
-851
-3951
-1039
-3875
-1275
-3967
-1555
-3967
-1767
-3959
-2051
-3959
-2155
-3939
-2511
-3971
-2771
-3983
-2991
-3959
-3175
-3871
-3463
-3955
-3707
-3931
-3883
-3963
-4171
-3951
-4383
-3955
-4571
-3939
-4943
-3955
-5151
-3955
-5427
-3867
-5643
-3875
-5883
-3963
-6131
-3879
-6299
-3883
-6547
-3879
-6787
-3951
-7083
-3923
-7231
-3879
-7475
-3843
-7807
-3903
-7923
-3939
-8167
-3979
-8539
-3943
-8723
-3919
-8943
-3955
-9191
-3943
-9375
-3971
-9739
-3963
-9931
-3995
-10155
-3875
-10379
-3995
-10691
-3971
-10915
-3947
-11187
-3987
-11395
-3939
-11555
-3979
-11891
-3971
-12027
-3907
-12267
-3987
-12523
-3875
-12843
-3995
-13099
-3947
-13307
-3971
-13467
-3979
-13715
-3987
-14035
-3979
-14211
-3923
-14523
-3987
-14699
-3979
-14955
-3907
-15259
-3883
-15515
-3899
-15627
-3963
-15979
-3923
-16179
-3947
-16411
-3923
-16699
-3867
-16915
-3907
-17131
-3987
-17379
-3947
-17667
-3987
-17883
-3955
-18147
-3971
-18379
-3979
-18531
-3899
-18835
-4143
101
-4219
-59
-4099
-367
-4139
-595
-4143
-855
-4171
-1087
-4223
-1255
-4139
-1519
-4091
-1751
-4187
-1975
-4187
-2279
-4127
-2415
-4211
-2711
-4123
-2931
-4223
-3211
-4207
-3491
-4199
-3679
-4115
-3927
-4135
-4195
-4179
-4455
-4147
-4607
-4179
-4903
-4147
-5183
-4211
-5375
-4191
-5531
-4179
-5763
-4131
-6115
-4139
-6383
-4083
-6499
-4191
-6795
-4107
-7023
-4107
-7299
-4227
-7479
-4143
-7707
-4155
-7943
-4123
-8307
-4115
-8419
-4127
-8755
-4183
-8939
-4111
-9227
-4223
-9491
-4195
-9739
-4115
-9915
-4155
-10147
-4115
-10435
-4195
-10691
-4219
-10947
-4115
-11075
-4211
-11387
-4211
-11555
-4171
-11803
-4195
-12131
-4235
-12379
-4179
-12627
-4187
-12827
-4195
-13027
-4179
-13355
-4195
-13563
-4187
-13795
-4115
-14075
-4163
-14203
-4235
-14531
-4235
-14763
-4179
-14971
-4163
-15171
-4211
-15387
-4235
-15699
-4211
-15923
-4155
-16139
-4203
-16411
-4211
-16619
-4147
-16851
-4123
-17187
-4179
-17411
-4115
-17563
-4155
-17915
-4211
-18107
-4203
-18379
-4163
-18587
-4195
-18843
-4339
93
-4395
-123
-4383
-359
-4447
-587
-4403
-851
-4463
-1091
-4423
-1335
-4395
-1507
-4371
-1747
-4459
-2035
-4315
-2251
-4371
-2539
-4387
-2767
-4359
-2967
-4423
-3219
-4471
-3407
-4459
-3731
-4399
-3967
-4455
-4171
-4351
-4379
-4403
-4563
-4379
-4943
-4435
-5187
-4395
-5395
-4423
-5555
-4443
-5835
-4431
-6083
-4355
-6327
-4423
-6635
-4443
-6795
-4355
-6971
-4415
-7271
-4371
-7495
-4451
-7683
-4363
-8003
-4355
-8227
-4419
-8435
-4407
-8675
-4435
-9035
-4439
-9131
-4327
-9515
-4411
-9731
-4347
-9979
-4467
-10195
-4451
-10371
-4419
-10595
-4435
-10947
-4347
-11195
-4403
-11411
-4435
-11571
-4379
-11907
-4411
-12035
-4475
-12307
-4411
-12587
-4459
-12851
-4459
-13075
-4459
-13251
-4363
-13579
-4347
-13707
-4363
-14027
-4467
-14307
-4451
-14523
-4475
-14707
-4363
-14963
-4427
-15235
-4475
-15435
-4435
-15627
-4475
-15939
-4443
-16203
-4411
-16347
-4411
-16611
-4467
-16835
-4395
-17139
-4411
-17427
-4387
-17571
-4435
-17819
-4347
-18147
-4379
-18291
-4475
-18571
-4427
-18819
-4611
117
-4699
-75
-4675
-363
-4667
-551
-4703
-719
-4647
-1019
-4687
-1263
-4607
-1487
-4651
-1711
-4663
-1999
-4643
-2251
-4707
-2427
-4663
-2755
-4679
-2955
-4575
-3195
-4659
-3495
-4651
-3707
-4691
-3931
-4595
-4135
-4683
-4451
-4647
-4591
-4579
-4915
-4687
-5039
-4575
-5339
-4643
-5563
-4627
-5851
-4639
-6119
-4619
-6359
-4711
-6547
-4699
-6795
-4655
-6963
-4615
-7307
-4615
-7455
-4675
-7739
-4627
-7995
-4659
-8155
-4631
-8443
-4671
-8723
-4635
-8923
-4671
-9227
-4675
-9451
-4619
-9627
-4683
-9955
-4691
-10195
-4651
-10419
-4643
-10691
-4667
-10827
-4587
-11155
-4611
-11315
-4627
-11555
-4683
-11867
-4675
-12075
-4635
-12283
-4715
-12587
-4707
-12851
-4683
-13051
-4675
-13355
-4675
-13467
-4699
-13763
-4715
-14019
-4699
-14235
-4627
-14555
-4715
-14747
-4643
-14939
-4603
-15179
-4707
-15387
-4715
-15635
-4619
-15963
-4683
-16203
-4587
-16427
-4667
-16699
-4707
-16947
-4691
-17131
-4707
-17403
-4643
-17675
-4699
-17875
-4715
-18147
-4691
-18339
-4611
-18547
-4611
-18819
-4891
109
-4867
-43
-4931
-291
-4899
-559
-4839
-783
-4875
-1015
-4879
-1259
-4835
-1463
-4915
-1719
-4919
-2047
-4919
-2187
-4847
-2471
-4867
-2715
-4931
-3011
-4903
-3203
-4891
-3475
-4823
-3663
-4899
-3847
-4883
-4163
-4947
-4419
-4927
-4579
-4879
-4923
-4879
-5179
-4935
-5355
-4923
-5563
-4935
-5759
-4927
-6095
-4831
-6299
-4831
-6535
-4827
-6755
-4911
-7023
-4875
-7203
-4915
-7555
-4947
-7775
-4911
-8011
-4855
-8199
-4879
-8515
-4931
-8659
-4943
-8991
-4923
-9227
-4943
-9463
-4883
-9683
-4931
-9979
-4875
-10211
-4867
-10443
-4923
-10683
-4907
-10827
-4955
-11115
-4939
-11379
-4915
-11603
-4955
-11875
-4883
-12083
-4923
-12275
-4843
-12627
-4939
-12835
-4883
-13059
-4947
-13227
-4859
-13483
-4883
-13731
-4939
-13955
-4947
-14291
-4931
-14531
-4859
-14691
-4915
-14955
-4939
-15163
-4931
-15475
-4939
-15651
-4827
-15931
-4907
-16179
-4955
-16395
-4891
-16659
-4947
-16947
-4923
-17155
-4907
-17395
-4835
-17603
-4923
-17859
-4915
-18067
-4827
-18355
-4947
-18523
-4835
-18811
-5059
109
-5075
-135
-5067
-271
-5151
-499
-5139
-799
-5139
-1055
-5055
-1231
-5151
-1503
-5191
-1699
-5123
-2027
-5051
-2203
-5187
-2551
-5091
-2731
-5187
-2991
-5111
-3247
-5087
-3387
-5119
-3731
-5115
-3891
-5083
-4223
-5167
-4415
-5187
-4615
-5043
-4903
-5131
-5175
-5063
-5411
-5143
-5587
-5175
-5891
-5099
-6087
-5067
-6311
-5127
-6539
-5135
-6803
-5155
-7011
-5099
-7275
-5147
-7495
-5095
-7763
-5171
-7923
-5143
-8267
-5131
-8519
-5183
-8667
-5195
-9035
-5155
-9223
-5107
-9407
-5195
-9723
-5139
-9939
-5115
-10195
-5139
-10467
-5147
-10715
-5147
-10907
-5171
-11083
-5155
-11435
-5155
-11587
-5139
-11851
-5187
-12115
-5179
-12363
-5107
-12603
-5131
-12843
-5115
-13027
-5067
-13227
-5091
-13467
-5155
-13731
-5179
-14075
-5147
-14315
-5179
-14427
-5091
-14747
-5187
-14947
-5179
-15259
-5115
-15507
-5171
-15635
-5115
-15987
-5107
-16163
-5187
-16443
-5083
-16715
-5179
-16907
-5187
-17195
-5155
-17331
-5083
-17675
-5139
-17795
-5171
-18115
-5091
-18275
-5187
-18619
-5163
-18851
-5371
133
-5307
-99
-5411
-371
-5323
-499
-5363
-843
-5371
-1091
-5395
-1283
-5395
-1467
-5427
-1763
-5331
-2047
-5331
-2271
-5387
-2443
-5419
-2795
-5395
-2939
-5331
-3167
-5331
-3379
-5363
-3699
-5435
-3979
-5323
-4127
-5427
-4475
-5331
-4655
-5411
-4851
-5323
-5063
-5403
-5411
-5347
-5639
-5395
-5819
-5395
-6083
-5331
-6271
-5371
-6539
-5347
-6767
-5347
-6971
-5379
-7287
-5411
-7467
-5339
-7703
-5419
-8059
-5395
-8275
-5323
-8523
-5435
-8763
-5419
-8979
-5387
-9267
-5403
-9395
-5363
-9691
-5379
-9923
-5379
-10235
-5307
-10427
-5331
-10667
-5363
-10843
-5435
-11107
-5435
-11379
-5395
-11571
-5435
-11803
-5427
-12091
-5331
-12347
-5387
-12547
-5315
-12787
-5315
-13011
-5419
-13291
-5387
-13499
-5307
-13747
-5395
-13971
-5411
-14219
-5427
-14507
-5419
-14787
-5371
-14907
-5427
-15147
-5371
-15515
-5395
-15699
-5315
-15899
-5323
-16171
-5419
-16379
-5435
-16659
-5435
-16859
-5395
-17187
-5379
-17403
-5323
-17595
-5403
-17795
-5387
-18067
-5379
-18395
-5427
-18539
-5355
-18827
-5635
133
-5619
-51
-5635
-299
-5571
-523
-5667
-755
-5587
-1051
-5667
-1339
-5643
-1499
-5563
-1771
-5555
-2051
-5675
-2203
-5675
-2499
-5563
-2683
-5571
-2963
-5643
-3163
-5667
-3395
-5619
-3731
-5675
-3955
-5635
-4131
-5619
-4435
-5619
-4651
-5651
-4947
-5571
-5083
-5643
-5331
-5563
-5611
-5675
-5835
-5563
-6059
-5659
-6387
-5587
-6579
-5675
-6875
-5667
-7027
-5555
-7347
-5635
-7571
-5675
-7771
-5651
-8043
-5667
-8195
-5659
-8459
-5643
-8723
-5675
-8955
-5651
-9267
-5627
-9459
-5667
-9755
-5619
-9947
-5595
-10163
-5675
-10419
-5667
-10651
-5659
-10883
-5611
-11067
-5643
-11379
-5595
-11619
-5603
-11819
-5651
-12043
-5571
-12291
-5651
-12635
-5587
-12835
-5587
-13091
-5659
-13315
-5627
-13515
-5659
-13747
-5547
-14011
-5563
-14203
-5667
-14459
-5595
-14787
-5547
-14947
-5619
-15251
-5667
-15451
-5659
-15627
-5675
-15875
-5595
-16195
-5595
-16435
-5659
-16603
-5635
-16955
-5571
-17083
-5555
-17339
-5667
-17651
-5611
-17787
-5611
-18155
-5587
-18379
-5635
-18547
-5611
-18859
-5867
133
-5867
-139
-5811
-387
-5915
-555
-5891
-771
-5851
-1067
-5907
-1347
-5835
-1515
-5843
-1731
-5899
-1987
-5899
-2187
-5907
-2451
-5811
-2739
-5875
-3027
-5803
-3275
-5795
-3507
-5795
-3635
-5915
-3891
-5851
-4203
-5827
-4347
-5875
-4667
-5883
-4947
-5907
-5171
-5819
-5379
-5899
-5555
-5811
-5803
-5875
-6131
-5875
-6355
-5795
-6611
-5891
-6843
-5891
-7107
-5915
-7323
-5867
-7563
-5867
-7835
-5891
-7955
-5811
-8211
-5867
-8555
-5891
-8699
-5907
-8915
-5883
-9147
-5891
-9515
-5859
-9627
-5795
-9867
-5859
-10147
-5899
-10467
-5899
-10635
-5875
-10827
-5867
-11123
-5843
-11307
-5787
-11579
-5835
-11891
-5811
-12051
-5859
-12355
-5883
-12579
-5915
-12779
-5803
-13051
-5795
-13235
-5819
-13507
-5795
-13779
-5899
-14067
-5787
-14291
-5915
-14467
-5899
-14739
-5907
-14995
-5819
-15227
-5875
-15435
-5851
-15707
-5915
-15915
-5803
-16115
-5899
-16387
-5875
-16699
-5899
-16851
-5851
-17107
-5851
-17355
-5843
-17643
-5891
-17867
-5891
-18075
-5907
-18323
-5899
-18563
-5819
-18835
-6123
149
-6155
-59
-6051
-331
-6139
-587
-6139
-763
-6051
-1099
-6043
-1251
-6155
-1587
-6131
-1763
-6147
-2019
-6083
-2235
-6155
-2507
-6027
-2795
-6067
-2939
-6099
-3179
-6131
-3499
-6139
-3643
-6067
-3947
-6107
-4187
-6083
-4419
-6115
-4707
-6107
-4899
-6083
-5115
-6035
-5363
-6075
-5651
-6051
-5859
-6147
-6147
-6099
-6355
-6043
-6539
-6131
-6819
-6131
-7051
-6051
-7315
-6115
-7483
-6155
-7835
-6131
-8067
-6139
-8211
-6059
-8475
-6099
-8667
-6091
-9027
-6155
-9267
-6091
-9435
-6139
-9699
-6115
-9947
-6091
-10107
-6147
-10379
-6051
-10603
-6107
-10947
-6027
-11187
-6075
-11435
-6131
-11643
-6091
-11915
-6059
-12051
-6059
-12331
-6131
-12563
-6123
-12747
-6107
-13107
-6155
-13339
-6115
-13507
-6123
-13803
-6107
-14075
-6091
-14267
-6083
-14459
-6147
-14755
-6059
-14947
-6051
-15147
-6139
-15491
-6107
-15747
-6107
-15891
-6139
-16123
-6131
-16403
-6131
-16699
-6115
-16891
-6115
-17075
-6123
-17323
-6059
-17651
-6123
-17875
-6051
-18059
-6035
-18387
-6131
-18507
-6107
-18875
-6387
125
-6315
-155
-6355
-307
-6371
-627
-6339
-819
-6387
-1059
-6315
-1355
-6331
-1475
-6299
-1755
-6267
-2035
-6339
-2227
-6387
-2435
-6267
-2779
-6307
-2915
-6371
-3171
-6283
-3475
-6387
-3755
-6363
-3907
-6291
-4107
-6387
-4379
-6283
-4611
-6291
-4883
-6347
-5091
-6387
-5387
-6371
-5635
-6299
-5835
-6395
-6107
-6363
-6363
-6371
-6531
-6315
-6755
-6395
-7011
-6387
-7251
-6299
-7563
-6395
-7819
-6379
-8043
-6355
-8315
-6339
-8427
-6387
-8747
-6395
-8931
-6379
-9275
-6395
-9451
-6363
-9675
-6291
-9931
-6315
-10115
-6323
-10459
-6315
-10635
-6347
-10947
-6363
-11099
-6387
-11395
-6339
-11563
-6331
-11835
-6339
-12115
-6363
-12275
-6291
-12507
-6275
-12875
-6339
-13075
-6379
-13307
-6283
-13507
-6387
-13811
-6283
-14043
-6275
-14283
-6275
-14467
-6371
-14739
-6387
-14931
-6395
-15163
-6355
-15467
-6299
-15691
-6355
-15883
-6355
-16131
-6291
-16363
-6291
-16611
-6315
-16899
-6355
-17155
-6395
-17323
-6347
-17555
-6275
-17883
-6395
-18075
-6371
-18275
-6395
-18547
-6331
-18811
-6611
85
-6619
-35
-6587
-339
-6587
-627
-6635
-851
-6539
-1099
-6571
-1227
-6579
-1483
-6635
-1755
-6555
-2027
-6595
-2275
-6595
-2555
-6595
-2691
-6571
-2931
-6515
-3251
-6531
-3515
-6579
-3627
-6595
-3923
-6627
-4147
-6515
-4347
-6531
-4691
-6523
-4851
-6587
-5075
-6627
-5347
-6563
-5571
-6571
-5827
-6611
-6139
-6579
-6291
-6595
-6507
-6507
-6763
-6595
-7003
-6571
-7339
-6627
-7595
-6619
-7819
-6555
-8011
-6563
-8235
-6627
-8499
-6507
-8683
-6635
-8947
-6595
-9155
-6555
-9483
-6563
-9739
-6627
-9955
-6627
-10171
-6547
-10371
-6587
-10659
-6611
-10939
-6619
-11131
-6555
-11315
-6571
-11547
-6579
-11795
-6627
-12027
-6627
-12371
-6603
-12587
-6619
-12859
-6507
-13027
-6635
-13339
-6627
-13595
-6619
-13723
-6555
-14035
-6531
-14187
-6595
-14507
-6555
-14691
-6587
-14987
-6547
-15195
-6531
-15467
-6619
-15755
-6523
-15899
-6635
-16235
-6603
-16419
-6635
-16659
-6563
-16875
-6579
-17123
-6571
-17331
-6539
-17627
-6507
-17827
-6635
-18123
-6627
-18267
-6579
-18627
-6611
-18867
-6827
125
-6859
-27
-6875
-323
-6795
-571
-6819
-819
-6835
-1035
-6859
-1355
-6787
-1531
-6819
-1771
-6859
-1947
-6771
-2315
-6819
-2531
-6843
-2795
-6795
-2971
-6851
-3203
-6859
-3467
-6867
-3707
-6779
-3875
-6875
-4107
-6835
-4387
-6787
-4635
-6755
-4923
-6835
-5163
-6843
-5371
-6779
-5643
-6779
-5891
-6755
-6083
-6843
-6395
-6835
-6579
-6803
-6859
-6835
-7091
-6875
-7259
-6827
-7491
-6875
-7795
-6771
-8011
-6779
-8291
-6875
-8555
-6827
-8771
-6859
-8987
-6859
-9219
-6787
-9483
-6859
-9667
-6867
-9979
-6859
-10219
-6867
-10355
-6827
-10659
-6771
-10835
-6819
-11171
-6835
-11347
-6763
-11579
-6827
-11803
-6867
-12155
-6787
-12347
-6875
-12603
-6795
-12771
-6875
-13051
-6851
-13227
-6811
-13579
-6755
-13747
-6835
-14067
-6859
-14291
-6875
-14475
-6755
-14787
-6779
-14923
-6859
-15171
-6763
-15403
-6859
-15627
-6867
-15995
-6843
-16147
-6819
-16475
-6795
-16651
-6819
-16843
-6859
-17139
-6771
-17371
-6875
-17587
-6867
-17787
-6779
-18123
-6875
-18371
-6819
-18547
-6867
-18811
-6987
125
-7027
-147
-7091
-379
-7075
-531
-7083
-819
-7011
-1107
-7011
-1307
-7083
-1499
-7099
-1747
-7083
-1995
-7067
-2251
-7115
-2515
-7099
-2715
-6995
-2987
-7091
-3227
-7019
-3411
-7099
-3643
-7107
-3979
-7075
-4147
-7059
-4387
-7091
-4643
-7067
-4947
-7011
-5107
-7115
-5395
-7099
-5619
-7115
-5867
-7083
-6139
-7099
-6299
-7083
-6627
-7059
-6763
-7091
-7043
-7051
-7243
-7051
-7467
-7099
-7707
-7083
-7971
-7003
-8259
-7107
-8475
-7091
-8683
-7043
-8971
-7099
-9275
-7059
-9443
-7051
-9755
-7051
-9915
-7067
-10131
-7011
-10363
-7011
-10707
-7115
-10931
-7115
-11155
-7083
-11347
-7003
-11611
-7099
-11859
-7003
-12099
-7091
-12371
-7059
-12595
-7099
-12811
-7083
-13059
-7011
-13259
-7091
-13563
-7115
-13731
-7059
-14067
-7107
-14203
-7115
-14547
-7067
-14739
-7115
-14931
-6995
-15211
-7051
-15475
-7107
-15755
-6995
-15947
-6987
-16203
-7083
-16379
-7115
-16635
-7035
-16939
-7059
-17115
-7011
-17403
-7043
-17651
-7107
-17811
-7115
-18131
-7083
-18395
-7075
-18635
-7011
-18843
-7235
133
-7347
-91
-7299
-371
-7339
-515
-7347
-819
-7283
-1003
-7323
-1307
-7331
-1531
-7299
-1771
-7339
-2035
-7291
-2251
-7283
-2547
-7283
-2755
-7275
-2907
-7283
-3171
-7307
-3507
-7347
-3683
-7283
-3971
-7283
-4179
-7355
-4387
-7235
-4715
-7235
-4899
-7243
-5139
-7315
-5419
-7235
-5651
-7307
-5915
-7251
-6051
-7251
-6315
-7331
-6627
-7259
-6787
-7339
-7059
-7283
-7235
-7331
-7483
-7347
-7827
-7339
-7963
-7323
-8211
-7355
-8499
-7235
-8723
-7235
-8955
-7323
-9195
-7307
-9395
-7315
-9643
-7355
-9923
-7307
-10195
-7251
-10371
-7299
-10603
-7315
-10891
-7339
-11083
-7323
-11331
-7291
-11603
-7283
-11843
-7331
-12067
-7355
-12275
-7339
-12507
-7227
-12747
-7331
-13115
-7323
-13323
-7299
-13523
-7283
-13715
-7323
-13995
-7235
-14315
-7323
-14459
-7339
-14691
-7323
-14979
-7291
-15259
-7307
-15451
-7339
-15755
-7339
-15923
-7339
-16187
-7283
-16459
-7299
-16659
-7243
-16891
-7315
-17163
-7283
-17315
-7315
-17571
-7331
-17875
-7315
-18067
-7283
-18347
-7347
-18547
-7315
-18835
-7523
125
-7563
-147
-7547
-387
-7483
-507
-7491
-819
-7507
-987
-7587
-1243
-7515
-1579
-7595
-1819
-7555
-2035
-7475
-2195
-7587
-2539
-7587
-2675
-7595
-2947
-7483
-3171
-7571
-3515
-7587
-3715
-7587
-3963
-7587
-4147
-7515
-4411
-7579
-4643
-7467
-4891
-7483
-5123
-7547
-5395
-7491
-5547
-7507
-5907
-7595
-6067
-7571
-6323
-7475
-6587
-7491
-6843
-7563
-7067
-7475
-7275
-7491
-7571
-7507
-7819
-7595
-8003
-7571
-8219
-7579
-8523
-7491
-8707
-7499
-9035
-7507
-9219
-7475
-9451
-7587
-9755
-7595
-9891
-7595
-10219
-7523
-10419
-7579
-10715
-7571
-10899
-7483
-11179
-7515
-11347
-7563
-11643
-7595
-11795
-7531
-12107
-7523
-12283
-7587
-12587
-7475
-12795
-7595
-13019
-7539
-13299
-7547
-13571
-7539
-13827
-7579
-13995
-7571
-14227
-7547
-14507
-7587
-14667
-7555
-14915
-7563
-15227
-7531
-15499
-7555
-15683
-7563
-15931
-7563
-16171
-7563
-16459
-7507
-16699
-7563
-16939
-7579
-17187
-7563
-17331
-7587
-17571
-7523
-17843
-7483
-18115
-7539
-18307
-7507
-18563
-7483
-18827
-7795
133
-7763
-115
-7803
-283
-7835
-627
-7819
-843
-7795
-1019
-7819
-1315
-7819
-1555
-7795
-1747
-7803
-1955
-7803
-2283
-7835
-2507
-7763
-2707
-7827
-3003
-7795
-3275
-7723
-3483
-7707
-3691
-7747
-3979
-7747
-4235
-7731
-4459
-7763
-4643
-7779
-4939
-7731
-5091
-7795
-5419
-7811
-5555
-7779
-5851
-7747
-6147
-7835
-6283
-7835
-6635
-7835
-6747
-7779
-7003
-7779
-7355
-7811
-7555
-7747
-7811
-7795
-8067
-7811
-8211
-7795
-8467
-7795
-8707
-7827
-8963
-7763
-9251
-7747
-9499
-7811
-9635
-7819
-9939
-7779
-10179
-7803
-10387
-7819
-10619
-7819
-10923
-7803
-11107
-7835
-11323
-7803
-11595
-7715
-11795
-7739
-12155
-7803
-12395
-7835
-12539
-7739
-12827
-7827
-13083
-7739
-13259
-7755
-13547
-7803
-13739
-7803
-14035
-7739
-14275
-7779
-14483
-7707
-14755
-7819
-15035
-7827
-15219
-7763
-15459
-7827
-15659
-7811
-15915
-7787
-16171
-7803
-16443
-7779
-16691
-7819
-16947
-7827
-17115
-7835
-17307
-7731
-17587
-7811
-17875
-7763
-18123
-7723
-18355
-7739
-18531
-7779
-18811
-8075
133
-8059
-67
-8075
-283
-8027
-531
-7987
-811
-8051
-1075
-8027
-1243
-8067
-1547
-8075
-1811
-8035
-1955
-8011
-2291
-7963
-2435
-8059
-2707
-8051
-3003
-8019
-3235
-7971
-3411
-7995
-3683
-7955
-3963
-8059
-4227
-8019
-4419
-8019
-4659
-7955
-4939
-7995
-5091
-8059
-5403
-7987
-5571
-7995
-5891
-8035
-6107
-8051
-6307
-8003
-6563
-8067
-6795
-8027
-7027
-7947
-7275
-8067
-7515
-8067
-7731
-8075
-8019
-8067
-8203
-7995
-8459
-8019
-8795
-8051
-8947
-7995
-9227
-7995
-9403
-8003
-9667
-8027
-9963
-8051
-10131
-8035
-10467
-7947
-10667
-8011
-10915
-7947
-11083
-7987
-11315
-8003
-11667
-8051
-11803
-8067
-12091
-8051
-12355
-8059
-12595
-8019
-12859
-8051
-13019
-8059
-13315
-7995
-13571
-8011
-13787
-8067
-13963
-8003
-14227
-7995
-14459
-7971
-14683
-8067
-14979
-8067
-15203
-7987
-15499
-8051
-15699
-8011
-15955
-8019
-16131
-8051
-16387
-7971
-16691
-7971
-16947
-8059
-17195
-8067
-17363
-7987
-17643
-8035
-17915
-7955
-18107
-7963
-18395
-8035
-18603
-8027
-18843
-8235
125
-8251
-83
-8291
-363
-8299
-603
-8267
-747
-8259
-1051
-8267
-1275
-8315
-1491
-8267
-1803
-8243
-1963
-8267
-2259
-8211
-2555
-8235
-2787
-8235
-3035
-8195
-3195
-8259
-3507
-8315
-3723
-8219
-3971
-8315
-4203
-8219
-4363
-8227
-4651
-8259
-4851
-8307
-5179
-8211
-5427
-8307
-5587
-8203
-5811
-8299
-6139
-8195
-6379
-8299
-6635
-8283
-6795
-8283
-6995
-8211
-7259
-8243
-7531
-8315
-7827
-8251
-8067
-8291
-8259
-8283
-8443
-8267
-8715
-8219
-9003
-8243
-9187
-8227
-9507
-8235
-9675
-8315
-9995
-8203
-10179
-8283
-10427
-8203
-10707
-8299
-10867
-8275
-11195
-8243
-11419
-8315
-11635
-8211
-11915
-8259
-12027
-8187
-12363
-8211
-12595
-8243
-12819
-8203
-12987
-8307
-13267
-8195
-13547
-8195
-13747
-8275
-14011
-8195
-14283
-8235
-14427
-8195
-14763
-8315
-14939
-8299
-15235
-8243
-15387
-8267
-15675
-8315
-15987
-8251
-16211
-8283
-16403
-8275
-16691
-8243
-16899
-8267
-17147
-8259
-17419
-8307
-17619
-8299
-17795
-8251
-18035
-8315
-18355
-8203
-18547
-8251
-18843
-8483
117
-8507
-147
-8491
-331
-8499
-523
-8467
-875
-8515
-1107
-8523
-1331
-8555
-1467
-8539
-1787
-8451
-2027
-8515
-2299
-8499
-2427
-8539
-2667
-8427
-2915
-8491
-3275
-8555
-3507
-8531
-3723
-8507
-3963
-8515
-4131
-8555
-4387
-8443
-4587
-8523
-4843
-8483
-5139
-8523
-5427
-8427
-5555
-8539
-5859
-8459
-6139
-8435
-6323
-8499
-6507
-8555
-6755
-8443
-7035
-8427
-7227
-8459
-7555
-8451
-7779
-8507
-8075
-8483
-8315
-8459
-8523
-8451
-8699
-8435
-9027
-8459
-9203
-8555
-9491
-8427
-9747
-8499
-9939
-8515
-10211
-8491
-10435
-8531
-10619
-8499
-10939
-8555
-11155
-8491
-11427
-8491
-11667
-8483
-11867
-8515
-12091
-8467
-12291
-8539
-12611
-8451
-12875
-8427
-13091
-8547
-13227
-8459
-13563
-8547
-13723
-8491
-13979
-8499
-14267
-8507
-14499
-8523
-14779
-8459
-14955
-8427
-15243
-8523
-15435
-8491
-15747
-8459
-15899
-8491
-16195
-8555
-16459
-8427
-16651
-8547
-16835
-8539
-17067
-8555
-17411
-8531
-17643
-8475
-17827
-8475
-18123
-8475
-18387
-8507
-18547
-8435
-18859
-8771
109
-8731
-147
-8787
-387
-8795
-611
-8763
-779
-8747
-1075
-8795
-1307
-8779
-1475
-8723
-1811
-8731
-1987
-8739
-2203
-8739
-2547
-8739
-2707
-8683
-2971
-8747
-3267
-8699
-3395
-8755
-3715
-8755
-3947
-8787
-4123
-8755
-4403
-8795
-4683
-8747
-4955
-8779
-5195
-8683
-5411
-8723
-5547
-8787
-5859
-8675
-6131
-8747
-6355
-8731
-6571
-8731
-6803
-8779
-6987
-8787
-7323
-8715
-7547
-8771
-7707
-8667
-7995
-8691
-8187
-8795
-8435
-8715
-8723
-8699
-9027
-8763
-9163
-8699
-9427
-8795
-9651
-8691
-9883
-8763
-10235
-8795
-10451
-8787
-10683
-8731
-10939
-8699
-11171
-8763
-11355
-8755
-11667
-8795
-11835
-8731
-12147
-8723
-12291
-8731
-12539
-8795
-12787
-8787
-13027
-8755
-13275
-8779
-13491
-8747
-13715
-8795
-13955
-8683
-14203
-8715
-14515
-8699
-14707
-8787
-14915
-8795
-15147
-8683
-15467
-8739
-15643
-8795
-15883
-8771
-16131
-8755
-16347
-8787
-16715
-8683
-16955
-8667
-17115
-8715
-17323
-8707
-17643
-8795
-17907
-8707
-18131
-8779
-18323
-8739
-18635
-8675
-18859
-9019
125
-9019
-147
-8979
-347
-9035
-507
-8947
-819
-8947
-1035
-8923
-1291
-8963
-1523
-8939
-1811
-9035
-1995
-8947
-2259
-8915
-2451
-8995
-2683
-9019
-2963
-8979
-3187
-8979
-3403
-8947
-3667
-8987
-3947
-8923
-4115
-8979
-4467
-8995
-4659
-8963
-4955
-8939
-5099
-8971
-5347
-8971
-5563
-8947
-5803
-9027
-6091
-8979
-6291
-8995
-6587
-8963
-6827
-8987
-7115
-8979
-7299
-9035
-7571
-9027
-7835
-9003
-7987
-8955
-8195
-8971
-8507
-9027
-8675
-8963
-8939
-8987
-9171
-9019
-9483
-8947
-9739
-9011
-9979
-8995
-10155
-9019
-10419
-8907
-10619
-8963
-10883
-8995
-11083
-8979
-11419
-9003
-11675
-8955
-11867
-8907
-12155
-8979
-12363
-9019
-12611
-9027
-12763
-8955
-13083
-8915
-13331
-9027
-13563
-8963
-13755
-9011
-14019
-8923
-14243
-8923
-14427
-8955
-14755
-8923
-14915
-9003
-15235
-9019
-15483
-8923
-15747
-8963
-15867
-8963
-16211
-9035
-16411
-9035
-16667
-8923
-16883
-9019
-17163
-8971
-17371
-9003
-17547
-9027
-17827
-9035
-18067
-9035
-18371
-8995
-18635
-9011
-18867
-9179
109
-9267
-147
-9235
-275
-9275
-619
-9275
-867
-9275
-1099
-9147
-1307
-9227
-1563
-9163
-1795
-9227
-1987
-9251
-2235
-9219
-2515
-9203
-2763
-9235
-2915
-9147
-3243
-9219
-3411
-9243
-3707
-9235
-3939
-9267
-4235
-9155
-4355
-9251
-4627
-9243
-4899
-9275
-5075
-9251
-5315
-9235
-5603
-9227
-5891
-9211
-6043
-9163
-6291
-9235
-6619
-9251
-6867
-9259
-7083
-9219
-7331
-9227
-7507
-9235
-7787
-9211
-7971
-9171
-8219
-9179
-8427
-9267
-8691
-9179
-9003
-9259
-9227
-9219
-9387
-9251
-9699
-9235
-9955
-9203
-10147
-9235
-10403
-9187
-10715
-9195
-10859
-9179
-11131
-9267
-11355
-9171
-11659
-9171
-11859
-9243
-12083
-9179
-12347
-9243
-12531
-9251
-12755
-9267
-13035
-9227
-13227
-9243
-13587
-9259
-13819
-9155
-14067
-9187
-14307
-9163
-14531
-9243
-14739
-9275
-14923
-9267
-15243
-9275
-15411
-9203
-15707
-9203
-15979
-9147
-16131
-9251
-16419
-9235
-16707
-9187
-16947
-9251
-17147
-9155
-17339
-9147
-17611
-9227
-17883
-9243
-18115
-9155
-18299
-9219
-18579
-9243
-18851
-9491
149
-9499
-83
-9507
-355
-9475
-635
-9427
-875
-9499
-1091
-9491
-1267
-9491
-1547
-9499
-1747
-9419
-1979
-9435
-2235
-9507
-2451
-9403
-2747
-9419
-2923
-9515
-3243
-9419
-3395
-9467
-3707
-9491
-3979
-9491
-4235
-9515
-4419
-9459
-4603
-9443
-4835
-9451
-5171
-9427
-5363
-9515
-5635
-9419
-5915
-9515
-6115
-9467
-6379
-9475
-6627
-9459
-6747
-9435
-7059
-9451
-7307
-9387
-7483
-9435
-7779
-9507
-8051
-9499
-8259
-9515
-8435
-9443
-8683
-9427
-9027
-9483
-9267
-9395
-9427
-9507
-9675
-9459
-9955
-9387
-10227
-9507
-10355
-9435
-10683
-9499
-10859
-9475
-11091
-9419
-11355
-9427
-11603
-9395
-11787
-9475
-12035
-9499
-12339
-9507
-12507
-9451
-12859
-9451
-13115
-9411
-13235
-9459
-13483
-9435
-13723
-9499
-14043
-9467
-14259
-9507
-14483
-9467
-14771
-9411
-15011
-9515
-15227
-9483
-15459
-9483
-15651
-9507
-15907
-9507
-16211
-9451
-16355
-9475
-16715
-9459
-16851
-9467
-17067
-9451
-17427
-9491
-17651
-9499
-17883
-9507
-18131
-9507
-18363
-9443
-18555
-9403
-18875
-9707
141
-9643
-115
-9707
-267
-9731
-635
-9651
-851
-9667
-987
-9723
-1251
-9635
-1563
-9683
-1771
-9723
-1955
-9707
-2243
-9707
-2523
-9715
-2715
-9683
-2923
-9707
-3227
-9747
-3395
-9715
-3731
-9699
-3899
-9643
-4219
-9715
-4379
-9667
-4595
-9747
-4851
-9635
-5099
-9675
-5403
-9731
-5619
-9635
-5907
-9731
-6059
-9635
-6387
-9715
-6587
-9667
-6851
-9755
-6995
-9699
-7339
-9675
-7499
-9739
-7827
-9691
-7979
-9715
-8211
-9683
-8507
-9747
-8675
-9627
-8971
-9723
-9259
-9643
-9483
-9723
-9651
-9627
-9883
-9715
-10139
-9651
-10443
-9635
-10619
-9635
-10851
-9739
-11147
-9659
-11323
-9683
-11595
-9699
-11891
-9707
-12027
-9747
-12291
-9755
-12555
-9643
-12803
-9731
-13035
-9715
-13283
-9699
-13475
-9683
-13771
-9739
-14019
-9747
-14251
-9683
-14483
-9715
-14691
-9723
-14987
-9683
-15187
-9723
-15515
-9731
-15667
-9731
-15923
-9651
-16131
-9707
-16371
-9715
-16611
-9715
-16931
-9683
-17139
-9683
-17395
-9747
-17659
-9659
-17859
-9707
-18107
-9747
-18315
-9683
-18507
-9667
-18827
-9907
125
-9915
-27
-9955
-371
-9987
-523
-9995
-787
-9891
-1067
-9907
-1235
-9979
-1555
-9875
-1707
-9939
-2043
-9979
-2299
-9939
-2515
-9987
-2779
-9995
-2923
-9899
-3187
-9923
-3427
-9979
-3699
-9979
-3987
-9891
-4123
-9987
-4459
-9995
-4707
-9995
-4843
-9971
-5123
-9883
-5307
-9899
-5643
-9939
-5915
-9931
-6155
-9883
-6283
-9899
-6611
-9963
-6875
-9971
-7067
-9939
-7299
-9971
-7523
-9899
-7819
-9987
-8035
-9955
-8219
-9955
-8515
-9931
-8715
-9915
-8971
-9867
-9251
-9931
-9499
-9923
-9659
-9979
-9899
-9915
-10187
-9939
-10451
-9979
-10699
-9963
-10939
-9995
-11123
-9987
-11323
-9963
-11627
-9907
-11827
-9883
-12035
-9963
-12347
-9963
-12547
-9987
-12747
-9987
-13067
-9875
-13259
-9883
-13515
-9947
-13819
-9947
-14011
-9931
-14203
-9891
-14475
-9963
-14691
-9939
-15003
-9947
-15235
-9971
-15395
-9931
-15691
-9971
-15931
-9979
-16219
-9891
-16451
-9979
-16619
-9979
-16923
-9867
-17075
-9963
-17355
-9971
-17611
-9979
-17907
-9947
-18083
-9947
-18307
-9987
-18507
-9963
-18819
-10219
149
-10123
-99
-10123
-371
-10131
-619
-10163
-851
-10227
-1091
-10171
-1251
-10131
-1483
-10219
-1795
-10107
-1963
-10163
-2259
-10163
-2459
-10219
-2787
-10235
-2955
-10171
-3147
-10123
-3387
-10147
-3643
-10131
-3971
-10203
-4219
-10179
-4411
-10107
-4659
-10211
-4883
-10187
-5171
-10171
-5371
-10187
-5547
-10195
-5891
-10171
-6123
-10235
-6291
-10163
-6523
-10139
-6771
-10187
-7051
-10219
-7355
-10211
-7483
-10187
-7731
-10227
-8051
-10227
-8235
-10219
-8475
-10171
-8787
-10115
-8947
-10147
-9155
-10235
-9507
-10227
-9627
-10187
-9963
-10155
-10211
-10155
-10451
-10227
-10651
-10123
-10915
-10147
-11123
-10203
-11395
-10147
-11603
-10179
-11875
-10195
-12067
-10171
-12331
-10235
-12579
-10227
-12827
-10211
-13011
-10203
-13267
-10203
-13579
-10171
-13795
-10179
-14075
-10235
-14227
-10179
-14555
-10155
-14723
-10139
-15003
-10115
-15203
-10227
-15507
-10203
-15667
-10211
-15971
-10219
-16163
-10219
-16435
-10203
-16667
-10115
-16907
-10171
-17195
-10227
-17363
-10203
-17571
-10171
-17827
-10195
-18051
-10147
-18339
-10139
-18611
-10115
-18859
-10451
109
-10427
-67
-10451
-395
-10475
-571
-10467
-859
-10411
-987
-10451
-1355
-10475
-1563
-10467
-1819
-10467
-2003
-10459
-2267
-10459
-2555
-10443
-2667
-10411
-2923
-10443
-3155
-10411
-3467
-10419
-3667
-10459
-3907
-10467
-4235
-10475
-4387
-10475
-4587
-10451
-4851
-10427
-5139
-10459
-5403
-10451
-5651
-10475
-5819
-10435
-6059
-10451
-6291
-10459
-6515
-10443
-6787
-10427
-7099
-10467
-7243
-10411
-7475
-10467
-7739
-10411
-8051
-10459
-8219
-10411
-8491
-10451
-8699
-10475
-8995
-10451
-9179
-10459
-9491
-10443
-9747
-10459
-9955
-10467
-10131
-10411
-10387
-10435
-10675
-10419
-10931
-10427
-11155
-10411
-11419
-10427
-11547
-10451
-11811
-10475
-12083
-10419
-12395
-10467
-12515
-10467
-12875
-10435
-13035
-10411
-13307
-10443
-13587
-10451
-13747
-10411
-14075
-10467
-14275
-10411
-14459
-10475
-14675
-10411
-14947
-10411
-15259
-10443
-15395
-10467
-15667
-10411
-15931
-10459
-16163
-10435
-16411
-10443
-16659
-10435
-16891
-10419
-17171
-10475
-17379
-10467
-17555
-10459
-17867
-10467
-18115
-10411
-18371
-10443
-18531
-10459
-18827
