93
493
420
-35
345
-285
183
-599
189
-801
207
-983
230
-1279
417
-1517
590
-1707
220
-1986
217
-2229
293
-2429
233
-2691
181
-3013
169
-3179
133
-3385
183
-3677
207
-3957
351
-4133
193
-4393
419
-4663
101
-4907
117
-5067
117
-5371
101
-5635
117
-5867
109
-6063
85
-6263
133
-6491
149
-6835
109
-7115
149
-7327
149
-7539
141
-7715
141
-7923
85
-8251
133
-8503
125
-8767
125
-9011
93
-9195
101
-9415
133
-9627
101
-9987
85
-10211
85
-10363
149
-10587
117
-10867
85
-11179
125
-11355
133
-11595
85
-11827
149
-12043
141
-12267
133
-12523
133
-12747
133
-13059
101
-13339
141
-13587
109
-13707
93
-14035
101
-14219
101
-14491
85
-14747
109
-14939
141
-15179
141
-15491
85
-15699
101
-15947
141
-16203
85
-16387
117
-16659
149
-16835
85
-17131
93
-17435
101
-17603
149
-17875
141
-18091
93
-18283
125
-18523
141
-18851
-23
610
-26
-45
-81
-273
-77
-588
-66
-772
-74
-1000
-13
-1209
-21
-1514
-113
-1712
-57
-1990
-79
-2162
-89
-2439
-45
-2721
-23
-2979
-23
-3129
-91
-3491
-99
-3663
-41
-3857
-109
-4223
-63
-4441
-89
-4643
-135
-4815
-15
-5099
-99
-5331
-99
-5551
-135
-5799
-139
-6039
-27
-6315
-55
-6583
-103
-6739
-99
-7079
-31
-7339
-115
-7579
-75
-7699
-35
-7919
-119
-8219
-23
-8479
-11
-8675
-123
-8947
-51
-9183
-123
-9515
-131
-9651
-75
-9891
-99
-10171
-155
-10443
-115
-10611
-131
-10835
-59
-11139
-59
-11411
-131
-11643
-43
-11803
-139
-12147
-123
-12275
-51
-12531
-83
-12803
-115
-13099
-115
-13347
-123
-13579
-59
-13739
-123
-14003
-67
-14267
-123
-14427
-99
-14675
-27
-14971
-155
-15195
-123
-15395
-139
-15635
-99
-15979
-43
-16147
-67
-16443
-123
-16635
-139
-16883
-147
-17099
-155
-17395
-131
-17627
-59
-17843
-147
-18139
-27
-18299
-147
-18603
-27
-18819
-299
432
-351
-13
-291
-271
-362
-552
-282
-715
-327
-1040
-381
-1282
-366
-1479
-355
-1825
-379
-2027
-362
-2239
-347
-2437
-337
-2705
-297
-2969
-387
-3237
-227
-3457
-259
-3619
-333
-3925
-363
-4173
-351
-4367
-327
-4581
-315
-4871
-359
-5147
-387
-5307
-347
-5591
-271
-5911
-339
-6127
-395
-6315
-299
-6515
-355
-6847
-327
-7103
-287
-7255
-263
-7507
-291
-7699
-263
-7931
-331
-8171
-267
-8511
-307
-8691
-327
-8967
-299
-9219
-319
-9515
-275
-9675
-363
-9987
-347
-10155
-355
-10427
-331
-10691
-395
-10955
-379
-11115
-291
-11307
-323
-11619
-347
-11811
-299
-12091
-363
-12339
-371
-12619
-355
-12747
-347
-13075
-299
-13347
-395
-13491
-331
-13747
-355
-14019
-299
-14195
-371
-14443
-387
-14755
-275
-14979
-347
-15219
-379
-15443
-323
-15643
-379
-15867
-291
-16131
-339
-16347
-395
-16707
-395
-16883
-371
-17107
-379
-17323
-323
-17547
-395
-17843
-379
-18067
-347
-18387
-267
-18539
-291
-18835
-515
362
-506
-66
-567
-285
-501
-609
-557
-819
-593
-1049
-478
-1281
-607
-1539
-591
-1820
-543
-2021
-549
-2177
-593
-2467
-513
-2789
-603
-2967
-609
-3207
-493
-3401
-579
-3739
-563
-3935
-553
-4203
-607
-4441
-575
-4683
-499
-4851
-635
-5171
-595
-5367
-483
-5611
-495
-5847
-579
-6123
-531
-6271
-523
-6607
-511
-6811
-567
-7055
-627
-7263
-503
-7555
-483
-7703
-583
-8063
-615
-8155
-531
-8495
-535
-8751
-527
-8947
-587
-9171
-531
-9411
-547
-9731
-571
-9971
-595
-10107
-579
-10443
-627
-10619
-579
-10867
-627
-11155
-627
-11403
-563
-11563
-635
-11851
-555
-12091
-611
-12347
-587
-12563
-627
-12851
-579
-12995
-603
-13355
-635
-13555
-547
-13827
-515
-14019
-555
-14315
-579
-14443
-619
-14779
-603
-14995
-571
-15235
-571
-15507
-627
-15667
-547
-15867
-563
-16219
-579
-16363
-627
-16595
-579
-16931
-523
-17147
-635
-17371
-531
-17619
-555
-17843
-563
-18067
-571
-18347
-587
-18547
-539
-18859
-831
1236
-806
-143
-791
-371
-863
-533
-828
-822
-831
-1004
-732
-1319
-837
-1539
-837
-1721
-768
-1936
-863
-2283
-841
-2471
-829
-2771
-873
-3005
-769
-3247
-849
-3377
-799
-3737
-743
-3963
-823
-4207
-837
-4451
-801
-4709
-799
-4847
-755
-5103
-795
-5295
-779
-5631
-839
-5863
-863
-6035
-767
-6299
-831
-6575
-799
-6823
-847
-6995
-799
-7331
-843
-7499
-823
-7791
-763
-8019
-799
-8235
-867
-8483
-867
-8691
-815
-8887
-875
-9255
-779
-9483
-827
-9707
-819
-9955
-875
-10139
-859
-10427
-875
-10595
-835
-10891
-827
-11155
-819
-11331
-867
-11587
-795
-11875
-787
-12099
-851
-12331
-787
-12539
-875
-12747
-859
-13051
-747
-13283
-859
-13491
-875
-13731
-875
-14051
-827
-14275
-851
-14515
-875
-14795
-771
-14923
-835
-15243
-819
-15387
-819
-15651
-859
-15923
-875
-16203
-875
-16363
-867
-16715
-835
-16923
-819
-17147
-851
-17435
-859
-17611
-875
-17827
-835
-18115
-819
-18339
-875
-18523
-867
-18835
-1003
1258
-1068
-21
-1034
-262
-1095
-523
-978
-797
-1077
-979
-1073
-1241
-1051
-1561
-1079
-1709
-1083
-2023
-978
-2266
-1009
-2441
-1017
-2777
-1027
-2983
-993
-3175
-991
-3443
-1059
-3709
-1077
-3939
-991
-4173
-1067
-4471
-1107
-4581
-1023
-4871
-1015
-5099
-1015
-5311
-1023
-5631
-1011
-5847
-1091
-6019
-1007
-6379
-971
-6499
-1075
-6755
-967
-7035
-975
-7315
-1107
-7479
-1023
-7763
-1091
-8047
-1075
-8275
-995
-8507
-1007
-8763
-1015
-8963
-987
-9143
-1087
-9499
-1027
-9707
-1019
-9923
-1099
-10147
-1011
-10347
-1067
-10659
-1115
-10931
-1019
-11091
-1091
-11395
-1043
-11563
-1059
-11915
-1083
-12067
-1091
-12371
-1107
-12507
-1067
-12779
-987
-13011
-1027
-13355
-1099
-13555
-1075
-13739
-1115
-14027
-1043
-14195
-1043
-14515
-1027
-14747
-1067
-15035
-1107
-15179
-1099
-15403
-1083
-15715
-1051
-15979
-1091
-16131
-1011
-16459
-1107
-16675
-1027
-16843
-1115
-17147
-1115
-17419
-1091
-17555
-1107
-17891
-1107
-18139
-1099
-18347
-1035
-18619
-1035
-18843
-1251
646
-1327
-138
-1315
-351
-1280
-552
-1219
-773
-1285
-1054
-1276
-1252
-1343
-1555
-1271
-1719
-1232
-1990
-1250
-2191
-1315
-2417
-1315
-2643
-1347
-2979
-1289
-3237
-1253
-3433
-1289
-3691
-1199
-3931
-1275
-4187
-1261
-4441
-1223
-4599
-1323
-4835
-1335
-5155
-1267
-5291
-1263
-5643
-1275
-5859
-1307
-6079
-1223
-6279
-1235
-6559
-1211
-6787
-1283
-6995
-1319
-7283
-1311
-7515
-1271
-7755
-1335
-7943
-1319
-8291
-1307
-8523
-1295
-8683
-1235
-9003
-1219
-9243
-1259
-9507
-1251
-9731
-1235
-9899
-1355
-10219
-1283
-10467
-1283
-10659
-1331
-10939
-1291
-11075
-1307
-11331
-1331
-11627
-1347
-11883
-1355
-12067
-1331
-12283
-1251
-12619
-1275
-12867
-1315
-13091
-1283
-13235
-1331
-13467
-1275
-13715
-1243
-14011
-1315
-14195
-1267
-14443
-1307
-14795
-1347
-15011
-1315
-15195
-1291
-15395
-1227
-15675
-1251
-15907
-1251
-16147
-1283
-16347
-1331
-16603
-1323
-16907
-1347
-17123
-1315
-17379
-1347
-17667
-1283
-17795
-1331
-18027
-1315
-18355
-1315
-18587
-1235
-18875
-1539
197
-1489
-65
-1469
-363
-1485
-503
-1563
-845
-1539
-1079
-1497
-1291
-1583
-1451
-1585
-1703
-1537
-2021
-1565
-2287
-1485
-2451
-1477
-2697
-1501
-2939
-1471
-3187
-1567
-3467
-1521
-3735
-1493
-3935
-1501
-4105
-1577
-4395
-1553
-4637
-1567
-4947
-1479
-5135
-1559
-5315
-1507
-5627
-1571
-5867
-1523
-6091
-1507
-6263
-1567
-6531
-1579
-6807
-1551
-7023
-1455
-7263
-1571
-7547
-1519
-7715
-1515
-7931
-1571
-8223
-1543
-8435
-1499
-8755
-1571
-8931
-1523
-9243
-1523
-9411
-1595
-9651
-1587
-9867
-1587
-10139
-1483
-10443
-1539
-10587
-1523
-10939
-1563
-11195
-1475
-11411
-1515
-11667
-1539
-11787
-1523
-12035
-1595
-12291
-1523
-12627
-1563
-12747
-1595
-12995
-1595
-13235
-1579
-13483
-1579
-13763
-1571
-14075
-1547
-14235
-1499
-14459
-1467
-14715
-1507
-14963
-1587
-15259
-1555
-15499
-1507
-15707
-1587
-15963
-1587
-16227
-1507
-16347
-1571
-16715
-1579
-16867
-1507
-17107
-1571
-17403
-1539
-17603
-1595
-17915
-1595
-18051
-1555
-18355
-1483
-18531
-1595
-18859
-1795
671
-1829
-77
-1729
-319
-1795
-533
-1771
-759
-1807
-1083
-1813
-1289
-1755
-1557
-1771
-1783
-1819
-1927
-1777
-2265
-1799
-2519
-1719
-2695
-1723
-2951
-1825
-3199
-1721
-3405
-1791
-3657
-1727
-3947
-1779
-4149
-1765
-4423
-1779
-4687
-1811
-4863
-1759
-5067
-1767
-5339
-1799
-5635
-1783
-5883
-1799
-6035
-1767
-6291
-1783
-6571
-1731
-6763
-1747
-7083
-1835
-7279
-1783
-7483
-1795
-7759
-1803
-7987
-1835
-8215
-1811
-8483
-1787
-8783
-1803
-8907
-1811
-9255
-1791
-9399
-1819
-9635
-1795
-9987
-1827
-10179
-1811
-10475
-1811
-10619
-1819
-10827
-1827
-11131
-1779
-11427
-1795
-11651
-1771
-11883
-1803
-12051
-1819
-12379
-1835
-12555
-1755
-12819
-1779
-13011
-1755
-13315
-1739
-13523
-1755
-13795
-1787
-14027
-1811
-14195
-1779
-14443
-1827
-14755
-1795
-14979
-1827
-15187
-1787
-15427
-1731
-15715
-1771
-15915
-1715
-16163
-1811
-16427
-1811
-16683
-1835
-16827
-1835
-17179
-1827
-17323
-1771
-17667
-1803
-17787
-1835
-18067
-1827
-18347
-1779
-18579
-1795
-18867
-1995
869
-2003
-73
-2051
-319
-2011
-579
-1983
-787
-2009
-997
-2027
-1303
-2015
-1465
-1943
-1731
-2005
-2031
-1949
-2265
-1923
-2467
-2033
-2771
-1997
-2935
-2047
-3145
-1975
-3485
-1979
-3739
-2045
-3981
-1933
-4165
-2003
-4395
-2037
-4619
-1951
-4895
-1959
-5187
-2043
-5303
-2019
-5539
-1935
-5899
-2035
-6075
-2019
-6335
-2011
-6503
-1951
-6823
-1919
-7023
-1971
-7251
-2067
-7487
-2051
-7819
-2007
-8007
-2047
-8279
-1999
-8471
-1963
-8747
-2035
-8911
-2035
-9211
-2067
-9507
-2051
-9715
-2019
-9931
-2027
-10139
-2059
-10403
-2059
-10611
-2051
-10859
-2059
-11187
-1947
-11371
-1963
-11547
-2067
-11899
-1963
-12083
-2003
-12331
-1995
-12579
-2067
-12835
-1963
-13011
-1987
-13307
-1947
-13507
-1987
-13811
-2019
-13963
-1987
-14307
-2035
-14483
-2075
-14683
-2051
-15035
-2019
-15243
-2051
-15483
-2075
-15747
-2043
-15883
-2035
-16155
-1987
-16467
-1955
-16691
-2027
-16939
-2051
-17091
-1995
-17363
-1995
-17619
-2067
-17875
-1987
-18107
-1971
-18299
-2035
-18547
-1971
-18851
-2219
331
-2265
-115
-2185
-243
-2255
-613
-2265
-729
-2295
-1059
-2255
-1301
-2243
-1471
-2191
-1725
-2251
-2039
-2255
-2165
-2277
-2457
-2299
-2737
-2279
-2959
-2273
-3155
-2263
-3443
-2219
-3685
-2173
-3899
-2243
-4171
-2197
-4461
-2263
-4569
-2271
-4927
-2215
-5127
-2295
-5411
-2183
-5647
-2255
-5855
-2199
-6031
-2251
-6275
-2291
-6547
-2251
-6847
-2239
-7035
-2215
-7227
-2251
-7515
-2267
-7695
-2291
-7947
-2171
-8287
-2259
-8423
-2223
-8683
-2279
-8987
-2219
-9167
-2275
-9459
-2283
-9635
-2235
-9899
-2307
-10147
-2307
-10427
-2187
-10691
-2203
-10923
-2307
-11179
-2187
-11331
-2219
-11635
-2315
-11915
-2251
-12115
-2243
-12275
-2299
-12571
-2299
-12779
-2259
-13059
-2235
-13251
-2243
-13499
-2267
-13747
-2307
-14043
-2307
-14283
-2203
-14531
-2219
-14675
-2219
-15027
-2243
-15259
-2227
-15419
-2307
-15635
-2235
-15867
-2259
-16123
-2243
-16379
-2267
-16627
-2315
-16923
-2299
-17115
-2315
-17315
-2227
-17667
-2267
-17819
-2307
-18099
-2251
-18299
-2275
-18563
-2275
-18875
-2543
353
-2535
-127
-2461
-309
-2519
-521
-2513
-785
-2539
-989
-2417
-1283
-2495
-1523
-2533
-1799
-2507
-2007
-2503
-2215
-2441
-2413
-2471
-2739
-2497
-2949
-2497
-3251
-2525
-3507
-2421
-3735
-2505
-3933
-2531
-4133
-2457
-4429
-2503
-4617
-2543
-4875
-2499
-5067
-2483
-5363
-2427
-5571
-2511
-5879
-2463
-6127
-2511
-6387
-2491
-6511
-2467
-6751
-2503
-7003
-2463
-7339
-2535
-7459
-2539
-7755
-2507
-7943
-2511
-8179
-2459
-8543
-2435
-8755
-2427
-8911
-2487
-9163
-2459
-9459
-2499
-9739
-2515
-9987
-2515
-10139
-2451
-10403
-2555
-10611
-2555
-10947
-2531
-11155
-2539
-11379
-2475
-11651
-2539
-11883
-2491
-12075
-2467
-12387
-2475
-12555
-2499
-12747
-2443
-13019
-2523
-13355
-2499
-13483
-2451
-13707
-2443
-14043
-2547
-14195
-2427
-14515
-2483
-14691
-2483
-15019
-2459
-15227
-2515
-15507
-2491
-15659
-2547
-15891
-2531
-16211
-2523
-16395
-2539
-16619
-2499
-16835
-2467
-17131
-2459
-17387
-2531
-17611
-2435
-17915
-2499
-18083
-2515
-18275
-2443
-18627
-2451
-18875
-2775
149
-2715
-75
-2775
-355
-2671
-601
-2735
-839
-2695
-1103
-2675
-1287
-2751
-1483
-2751
-1727
-2779
-1987
-2655
-2259
-2695
-2435
-2699
-2767
-2747
-3003
-2707
-3127
-2647
-3465
-2763
-3659
-2687
-3951
-2719
-4139
-2755
-4371
-2651
-4591
-2719
-4847
-2735
-5167
-2707
-5355
-2683
-5671
-2683
-5847
-2695
-6075
-2743
-6319
-2739
-6535
-2767
-6731
-2771
-7071
-2695
-7283
-2723
-7555
-2703
-7703
-2667
-7923
-2791
-8263
-2655
-8443
-2667
-8767
-2695
-8911
-2727
-9187
-2667
-9463
-2707
-9707
-2771
-9923
-2747
-10227
-2763
-10379
-2755
-10595
-2763
-10851
-2763
-11067
-2731
-11435
-2683
-11659
-2771
-11851
-2763
-12059
-2675
-12323
-2675
-12515
-2747
-12779
-2755
-13083
-2691
-13235
-2691
-13571
-2763
-13795
-2787
-13963
-2739
-14315
-2667
-14547
-2763
-14795
-2731
-14971
-2779
-15187
-2763
-15427
-2667
-15731
-2747
-15907
-2731
-16219
-2675
-16419
-2715
-16643
-2731
-16931
-2787
-17123
-2763
-17339
-2755
-17667
-2691
-17907
-2715
-18107
-2787
-18331
-2691
-18539
-2699
-18859
-2931
85
-3035
-51
-3031
-359
-3027
-571
-2931
-747
-3027
-1095
-3023
-1299
-2927
-1575
-3007
-1751
-2899
-1951
-3003
-2215
-2935
-2491
-2883
-2743
-3011
-2899
-3019
-3139
-2979
-3391
-2919
-3611
-3011
-3923
-2931
-4159
-2995
-4459
-2939
-4711
-2923
-4903
-2927
-5143
-2975
-5323
-2979
-5575
-2967
-5811
-3011
-6031
-2991
-6351
-3003
-6495
-2951
-6843
-2971
-7047
-2907
-7203
-2895
-7495
-2991
-7739
-2947
-7971
-2887
-8171
-2955
-8531
-2943
-8639
-2939
-8923
-3023
-9239
-3035
-9483
-2963
-9715
-3035
-9939
-2995
-10123
-2963
-10355
-2963
-10683
-2971
-10843
-3003
-11187
-3011
-11315
-3035
-11579
-2947
-11907
-2971
-12059
-3011
-12323
-3011
-12515
-3003
-12755
-2979
-13083
-2915
-13339
-3003
-13555
-2915
-13747
-3011
-14027
-3019
-14243
-3027
-14547
-2963
-14683
-2995
-14947
-3027
-15147
-3027
-15459
-2995
-15659
-3027
-15923
-3035
-16163
-3019
-16419
-3019
-16691
-2963
-16851
-2979
-17083
-2987
-17323
-3027
-17619
-2987
-17843
-2987
-18139
-3011
-18339
-2931
-18515
-3019
-18859
-3239
101
-3187
-115
-3123
-267
-3243
-579
-3215
-747
-3155
-1027
-3263
-1299
-3203
-1539
-3239
-1683
-3155
-1991
-3171
-2219
-3259
-2483
-3151
-2691
-3239
-2975
-3179
-3195
-3159
-3451
-3163
-3715
-3247
-3907
-3219
-4187
-3211
-4359
-3271
-4607
-3203
-4883
-3259
-5055
-3183
-5295
-3179
-5619
-3183
-5911
-3199
-6067
-3239
-6323
-3247
-6595
-3271
-6787
-3131
-7015
-3231
-7259
-3267
-7467
-3171
-7787
-3239
-7959
-3243
-8267
-3243
-8451
-3263
-8723
-3235
-8995
-3255
-9207
-3187
-9507
-3267
-9707
-3211
-9867
-3147
-10235
-3251
-10419
-3219
-10707
-3275
-10899
-3235
-11107
-3275
-11339
-3147
-11587
-3227
-11907
-3259
-12075
-3235
-12395
-3171
-12555
-3251
-12835
-3211
-13115
-3219
-13275
-3203
-13491
-3259
-13787
-3267
-14043
-3267
-14259
-3195
-14491
-3227
-14795
-3275
-15019
-3235
-15147
-3259
-15467
-3275
-15715
-3219
-15891
-3171
-16203
-3259
-16467
-3251
-16619
-3227
-16923
-3267
-17171
-3275
-17403
-3163
-17635
-3155
-17835
-3211
-18155
-3275
-18371
-3147
-18603
-3227
-18811
-3491
149
-3499
-11
-3391
-271
-3479
-619
-3407
-787
-3487
-1055
-3475
-1343
-3479
-1507
-3395
-1683
-3367
-1943
-3427
-2291
-3379
-2503
-3479
-2727
-3483
-2947
-3479
-3255
-3415
-3467
-3511
-3711
-3491
-3859
-3355
-4231
-3467
-4431
-3415
-4583
-3435
-4875
-3391
-5151
-3423
-5331
-3479
-5587
-3399
-5879
-3439
-6027
-3463
-6283
-3459
-6507
-3483
-6863
-3407
-6955
-3443
-7275
-3423
-7447
-3511
-7799
-3487
-8007
-3431
-8279
-3407
-8503
-3367
-8691
-3487
-9007
-3491
-9215
-3443
-9391
-3483
-9635
-3499
-9971
-3507
-10107
-3483
-10419
-3499
-10643
-3451
-10947
-3411
-11195
-3403
-11363
-3451
-11555
-3467
-11819
-3515
-12099
-3411
-12315
-3491
-12555
-3411
-12867
-3499
-13027
-3467
-13267
-3515
-13483
-3475
-13715
-3427
-14003
-3443
-14187
-3427
-14459
-3515
-14771
-3483
-15019
-3435
-15259
-3515
-15403
-3411
-15667
-3435
-15883
-3387
-16211
-3419
-16363
-3491
-16683
-3515
-16955
-3515
-17107
-3475
-17411
-3427
-17603
-3515
-17803
-3395
-18107
-3515
-18387
-3475
-18571
-3499
-18851
-3667
149
-3627
-111
-3611
-379
-3747
-551
-3711
-811
-3691
-999
-3671
-1247
-3647
-1539
-3747
-1695
-3627
-1931
-3611
-2267
-3647
-2443
-3667
-2671
-3679
-2935
-3707
-3227
-3735
-3439
-3687
-3631
-3687
-3931
-3719
-4207
-3639
-4475
-3611
-4627
-3719
-4875
-3727
-5171
-3707
-5331
-3667
-5571
-3599
-5807
-3663
-6023
-3723
-6267
-3687
-6551
-3643
-6819
-3651
-7003
-3675
-7223
-3727
-7543
-3743
-7715
-3723
-7927
-3659
-8275
-3695
-8487
-3683
-8779
-3719
-8891
-3663
-9179
-3691
-9367
-3707
-9683
-3643
-9955
-3707
-10171
-3707
-10347
-3627
-10651
-3635
-10827
-3715
-11139
-3715
-11363
-3675
-11579
-3739
-11787
-3739
-12051
-3659
-12379
-3635
-12531
-3659
-12843
-3659
-13019
-3667
-13331
-3723
-13483
-3667
-13803
-3691
-14051
-3715
-14283
-3739
-14555
-3707
-14779
-3715
-14947
-3635
-15267
-3739
-15459
-3723
-15699
-3691
-15915
-3691
-16203
-3691
-16451
-3731
-16715
-3731
-16947
-3683
-17099
-3747
-17411
-3747
-17563
-3747
-17899
-3643
-18155
-3707
-18275
-3715
-18531
-3755
-18851
-3847
109
-3963
-7
-3939
-331
-3867
-619
-3959
-803
-3995
-1003
-3911
-1335
-3983
-1435
-3927
-1731
-3919
-2067
-3859
-2243
-3971
-2523
-3979
-2715
-3971
-2971
-3899
-3227
-3927
-3451
-3875
-3723
-3939
-3871
-3963
-4155
-3987
-4439
-3887
-4643
-3963
-4831
-3919
-5115
-3907
-5299
-3959
-5611
-3839
-5771
-3895
-6047
-3971
-6383
-3935
-6531
-3979
-6803
-3883
-7095
-3935
-7347
-3963
-7567
-3963
-7695
-3903
-7963
-3907
-8259
-3947
-8451
-3963
-8739
-3899
-8931
-3931
-9223
-3939
-9439
-3907
-9699
-3931
-9915
-3955
-10203
-3971
-10427
-3891
-10627
-3867
-10883
-3931
-11147
-3995
-11355
-3915
-11611
-3947
-11811
-3979
-12131
-3923
-12291
-3939
-12555
-3899
-12859
-3875
-12995
-3867
-13331
-3891
-13563
-3955
-13763
-3987
-14011
-3995
-14203
-3987
-14531
-3955
-14779
-3971
-14923
-3867
-15219
-3955
-15515
-3947
-15627
-3971
-15907
-3939
-16227
-3979
-16411
-3907
-16715
-3979
-16835
-3923
-17171
-3987
-17435
-3947
-17555
-3963
-17811
-3931
-18115
-3931
-18275
-3931
-18587
-3875
-18827
-4151
85
-4195
-107
-4183
-271
-4187
-503
-4171
-755
-4147
-983
-4179
-1339
-4127
-1559
-4187
-1779
-4203
-1991
-4207
-2267
-4111
-2503
-4123
-2747
-4131
-2967
-4099
-3195
-4155
-3439
-4215
-3727
-4099
-3883
-4191
-4119
-4219
-4463
-4227
-4639
-4199
-4915
-4203
-5123
-4143
-5327
-4191
-5567
-4163
-5831
-4159
-6039
-4203
-6343
-4159
-6515
-4179
-6851
-4147
-7107
-4207
-7311
-4187
-7531
-4159
-7795
-4095
-8039
-4131
-8159
-4171
-8499
-4159
-8743
-4163
-8979
-4231
-9167
-4111
-9423
-4155
-9691
-4235
-9883
-4187
-10139
-4227
-10395
-4179
-10619
-4115
-10915
-4123
-11195
-4203
-11331
-4195
-11667
-4147
-11875
-4139
-12091
-4227
-12283
-4195
-12635
-4203
-12811
-4211
-13051
-4139
-13331
-4123
-13467
-4147
-13747
-4115
-13963
-4227
-14299
-4195
-14427
-4235
-14707
-4203
-14931
-4187
-15259
-4179
-15395
-4195
-15675
-4163
-15955
-4203
-16219
-4179
-16435
-4139
-16619
-4227
-16891
-4171
-17107
-4227
-17387
-4203
-17563
-4187
-17907
-4163
-18027
-4235
-18283
-4211
-18507
-4227
-18819
-4371
117
-4431
-99
-4395
-303
-4371
-543
-4451
-871
-4427
-1035
-4431
-1295
-4467
-1515
-4383
-1747
-4443
-2039
-4459
-2203
-4455
-2443
-4407
-2779
-4419
-2947
-4439
-3167
-4351
-3451
-4431
-3643
-4391
-3935
-4411
-4187
-4431
-4427
-4459
-4659
-4435
-4835
-4443
-5147
-4435
-5351
-4343
-5575
-4395
-5843
-4367
-6047
-4459
-6331
-4355
-6555
-4415
-6775
-4419
-7087
-4347
-7267
-4387
-7491
-4471
-7787
-4379
-8003
-4471
-8187
-4435
-8503
-4371
-8787
-4463
-9007
-4407
-9227
-4407
-9431
-4443
-9667
-4355
-9883
-4451
-10163
-4419
-10395
-4387
-10619
-4355
-10947
-4403
-11171
-4443
-11339
-4379
-11595
-4475
-11891
-4427
-12083
-4467
-12323
-4427
-12627
-4475
-12875
-4411
-13091
-4475
-13227
-4427
-13579
-4387
-13787
-4467
-13963
-4363
-14227
-4475
-14475
-4387
-14779
-4371
-15011
-4435
-15259
-4419
-15459
-4395
-15667
-4411
-15891
-4411
-16147
-4379
-16363
-4467
-16595
-4379
-16899
-4411
-17155
-4443
-17355
-4371
-17643
-4459
-17811
-4467
-18155
-4387
-18307
-4379
-18563
-4363
-18811
-4583
125
-4671
-7
-4571
-259
-4667
-515
-4599
-847
-4675
-1035
-4611
-1311
-4691
-1531
-4571
-1715
-4603
-1987
-4611
-2275
-4707
-2407
-4691
-2707
-4563
-2911
-4635
-3235
-4651
-3451
-4591
-3643
-4583
-3939
-4707
-4195
-4675
-4315
-4663
-4671
-4615
-4907
-4683
-5167
-4627
-5299
-4687
-5627
-4651
-5815
-4639
-6131
-4687
-6319
-4707
-6571
-4563
-6731
-4587
-7011
-4655
-7315
-4683
-7551
-4647
-7791
-4631
-8039
-4671
-8195
-4591
-8463
-4615
-8683
-4635
-9007
-4611
-9147
-4659
-9491
-4707
-9699
-4619
-9875
-4699
-10235
-4587
-10467
-4595
-10651
-4651
-10827
-4619
-11083
-4699
-11331
-4651
-11627
-4699
-11843
-4643
-12035
-4659
-12291
-4651
-12507
-4603
-12867
-4595
-13011
-4643
-13243
-4635
-13467
-4715
-13827
-4667
-14051
-4651
-14267
-4691
-14435
-4659
-14675
-4715
-14923
-4611
-15211
-4651
-15499
-4651
-15731
-4667
-15987
-4707
-16203
-4643
-16403
-4691
-16683
-4595
-16939
-4643
-17099
-4659
-17419
-4707
-17603
-4595
-17843
-4651
-18155
-4627
-18387
-4659
-18619
-4627
-18843
-4835
117
-4899
-91
-4931
-299
-4907
-535
-4903
-863
-4935
-1043
-4859
-1339
-4911
-1515
-4939
-1683
-4843
-1931
-4915
-2219
-4891
-2483
-4931
-2751
-4955
-2891
-4803
-3175
-4875
-3483
-4843
-3651
-4903
-3911
-4831
-4203
-4927
-4455
-4899
-4595
-4875
-4843
-4955
-5159
-4827
-5319
-4939
-5571
-4887
-5807
-4923
-6111
-4911
-6335
-4923
-6603
-4831
-6787
-4855
-7031
-4931
-7295
-4907
-7543
-4839
-7759
-4859
-8027
-4883
-8267
-4927
-8483
-4855
-8667
-4931
-8971
-4827
-9167
-4899
-9483
-4867
-9643
-4939
-9867
-4955
-10155
-4851
-10363
-4875
-10675
-4923
-10947
-4955
-11067
-4923
-11419
-4827
-11651
-4875
-11915
-4947
-12083
-4835
-12323
-4843
-12515
-4891
-12843
-4947
-13075
-4891
-13259
-4875
-13515
-4939
-13779
-4907
-14035
-4939
-14251
-4955
-14515
-4947
-14787
-4859
-14955
-4923
-15187
-4923
-15411
-4931
-15755
-4931
-15955
-4931
-16187
-4883
-16355
-4915
-16667
-4843
-16907
-4899
-17179
-4955
-17363
-4867
-17579
-4915
-17899
-4947
-18123
-4899
-18315
-4939
-18635
-4891
-18835
-5155
93
-5167
-107
-5115
-367
-5115
-535
-5147
-819
-5167
-971
-5043
-1319
-5091
-1467
-5079
-1811
-5083
-2067
-5115
-2295
-5091
-2419
-5187
-2671
-5183
-2975
-5175
-3155
-5139
-3427
-5107
-3707
-5171
-3963
-5075
-4127
-5059
-4335
-5187
-4623
-5123
-4819
-5147
-5055
-5103
-5331
-5127
-5615
-5171
-5899
-5139
-6031
-5115
-6359
-5111
-6499
-5063
-6783
-5111
-7039
-5087
-7343
-5079
-7555
-5143
-7695
-5131
-7995
-5071
-8315
-5091
-8439
-5087
-8767
-5103
-9023
-5119
-9251
-5155
-9483
-5107
-9627
-5195
-9971
-5195
-10235
-5155
-10427
-5123
-10635
-5171
-10947
-5155
-11107
-5075
-11379
-5115
-11651
-5123
-11875
-5179
-12123
-5155
-12339
-5195
-12611
-5179
-12763
-5147
-13051
-5195
-13283
-5131
-13467
-5147
-13715
-5187
-14043
-5187
-14235
-5179
-14467
-5099
-14787
-5083
-14931
-5107
-15147
-5139
-15467
-5187
-15651
-5139
-15891
-5171
-16235
-5131
-16443
-5123
-16651
-5163
-16867
-5195
-17139
-5147
-17355
-5163
-17619
-5155
-17835
-5107
-18147
-5139
-18347
-5131
-18603
-5075
-18851
-5371
149
-5323
-19
-5411
-315
-5419
-595
-5419
-827
-5347
-1087
-5411
-1243
-5419
-1555
-5435
-1795
-5435
-1971
-5315
-2283
-5323
-2519
-5379
-2755
-5419
-2963
-5403
-3163
-5427
-3507
-5387
-3627
-5347
-3967
-5435
-4131
-5307
-4339
-5331
-4635
-5435
-4835
-5435
-5099
-5395
-5347
-5355
-5515
-5427
-5915
-5347
-6031
-5435
-6267
-5419
-6523
-5339
-6819
-5315
-7011
-5379
-7291
-5411
-7491
-5395
-7763
-5403
-8027
-5403
-8195
-5323
-8503
-5411
-8755
-5387
-8959
-5419
-9203
-5395
-9459
-5427
-9707
-5411
-9947
-5411
-10155
-5435
-10387
-5427
-10675
-5371
-10931
-5371
-11179
-5331
-11331
-5331
-11563
-5315
-11843
-5379
-12107
-5435
-12283
-5411
-12507
-5395
-12787
-5427
-13083
-5331
-13347
-5331
-13531
-5339
-13739
-5395
-13963
-5315
-14283
-5363
-14499
-5395
-14723
-5355
-14971
-5379
-15219
-5419
-15403
-5379
-15739
-5403
-15867
-5419
-16227
-5379
-16419
-5435
-16691
-5347
-16955
-5379
-17091
-5323
-17315
-5411
-17555
-5419
-17819
-5387
-18027
-5395
-18347
-5363
-18611
-5395
-18819
-5563
133
-5587
-147
-5587
-387
-5659
-531
-5659
-875
-5643
-1099
-5555
-1299
-5603
-1475
-5571
-1819
-5563
-1995
-5595
-2259
-5595
-2555
-5603
-2771
-5643
-2939
-5579
-3219
-5619
-3435
-5619
-3651
-5667
-3995
-5627
-4227
-5627
-4347
-5651
-4659
-5659
-4827
-5635
-5107
-5627
-5387
-5555
-5611
-5627
-5875
-5635
-6139
-5643
-6307
-5659
-6627
-5547
-6787
-5619
-7019
-5611
-7355
-5627
-7491
-5571
-7803
-5635
-8011
-5667
-8291
-5651
-8531
-5619
-8771
-5675
-9035
-5563
-9179
-5563
-9395
-5675
-9731
-5595
-9907
-5619
-10179
-5627
-10427
-5635
-10635
-5675
-10867
-5627
-11067
-5651
-11419
-5627
-11547
-5595
-11787
-5619
-12139
-5587
-12315
-5571
-12603
-5627
-12835
-5643
-13059
-5651
-13267
-5627
-13483
-5627
-13763
-5675
-14027
-5587
-14283
-5667
-14547
-5651
-14763
-5579
-15019
-5571
-15163
-5651
-15443
-5667
-15707
-5627
-15947
-5675
-16131
-5635
-16467
-5603
-16651
-5619
-16955
-5667
-17155
-5675
-17371
-5627
-17659
-5659
-17787
-5563
-18147
-5667
-18355
-5547
-18507
-5667
-18835
-5891
149
-5843
-99
-5811
-323
-5851
-515
-5827
-835
-5851
-1099
-5827
-1259
-5891
-1563
-5867
-1795
-5851
-2043
-5907
-2195
-5827
-2531
-5875
-2795
-5811
-2971
-5827
-3219
-5891
-3443
-5891
-3659
-5875
-3891
-5827
-4235
-5867
-4371
-5795
-4635
-5875
-4923
-5819
-5091
-5915
-5427
-5907
-5635
-5827
-5843
-5803
-6147
-5875
-6275
-5899
-6627
-5883
-6811
-5851
-7107
-5819
-7283
-5915
-7483
-5907
-7811
-5891
-7979
-5843
-8211
-5883
-8523
-5883
-8707
-5803
-8939
-5891
-9195
-5851
-9475
-5803
-9691
-5915
-9891
-5811
-10155
-5875
-10371
-5851
-10603
-5907
-10931
-5899
-11083
-5899
-11419
-5859
-11579
-5907
-11843
-5867
-12075
-5883
-12347
-5827
-12587
-5883
-12763
-5851
-13051
-5819
-13275
-5891
-13483
-5843
-13755
-5915
-13963
-5851
-14275
-5915
-14523
-5899
-14747
-5827
-14939
-5827
-15211
-5795
-15475
-5915
-15739
-5859
-15971
-5867
-16179
-5859
-16427
-5851
-16651
-5891
-16875
-5859
-17115
-5883
-17427
-5899
-17555
-5891
-17859
-5915
-18059
-5867
-18347
-5867
-18555
-5819
-18819
-6083
85
-6091
-155
-6083
-347
-6075
-611
-6027
-771
-6115
-1083
-6131
-1323
-6107
-1555
-6107
-1723
-6035
-1947
-6155
-2187
-6059
-2523
-6035
-2699
-6035
-2979
-6035
-3219
-6131
-3443
-6091
-3715
-6147
-3939
-6083
-4123
-6043
-4379
-6155
-4611
-6155
-4955
-6051
-5107
-6067
-5379
-6091
-5667
-6107
-5899
-6147
-6027
-6099
-6291
-6059
-6611
-6051
-6827
-6155
-7091
-6043
-7355
-6099
-7523
-6147
-7827
-6107
-8003
-6091
-8275
-6083
-8523
-6139
-8715
-6131
-8915
-6067
-9235
-6131
-9427
-6155
-9731
-6147
-9931
-6155
-10203
-6107
-10355
-6139
-10707
-6067
-10955
-6107
-11147
-6067
-11371
-6107
-11595
-6115
-11875
-6147
-12155
-6051
-12347
-6115
-12611
-6139
-12803
-6155
-13051
-6059
-13267
-6027
-13475
-6075
-13835
-6131
-14027
-6147
-14227
-6067
-14539
-6155
-14683
-6099
-14907
-6147
-15235
-6123
-15467
-6131
-15691
-6131
-15939
-6123
-16171
-6115
-16403
-6091
-16675
-6115
-16899
-6115
-17131
-6091
-17419
-6131
-17635
-6147
-17787
-6155
-18035
-6075
-18379
-6155
-18579
-6075
-18875
-6331
125
-6339
-155
-6395
-395
-6315
-507
-6315
-787
-6331
-995
-6355
-1355
-6347
-1579
-6395
-1723
-6363
-2011
-6339
-2195
-6331
-2507
-6283
-2675
-6331
-2987
-6387
-3275
-6275
-3475
-6395
-3683
-6379
-3995
-6371
-4123
-6379
-4451
-6379
-4603
-6299
-4867
-6363
-5155
-6387
-5435
-6347
-5547
-6355
-5787
-6323
-6067
-6323
-6299
-6363
-6555
-6299
-6795
-6355
-7051
-6331
-7347
-6331
-7595
-6379
-7819
-6323
-8035
-6323
-8267
-6347
-8451
-6395
-8699
-6339
-8987
-6347
-9155
-6275
-9411
-6339
-9635
-6387
-9915
-6323
-10171
-6395
-10451
-6379
-10635
-6355
-10843
-6371
-11083
-6315
-11315
-6283
-11635
-6395
-11859
-6267
-12155
-6347
-12395
-6283
-12563
-6267
-12771
-6395
-13099
-6347
-13291
-6387
-13539
-6299
-13763
-6347
-14027
-6283
-14227
-6339
-14499
-6267
-14763
-6339
-14971
-6371
-15243
-6387
-15475
-6371
-15707
-6379
-15907
-6291
-16227
-6355
-16395
-6387
-16595
-6315
-16859
-6291
-17139
-6347
-17323
-6387
-17659
-6307
-17835
-6395
-18051
-6395
-18291
-6387
-18507
-6387
-18811
-6547
109
-6603
-51
-6579
-379
-6603
-579
-6635
-819
-6603
-1051
-6579
-1275
-6587
-1507
-6611
-1763
-6563
-2067
-6627
-2243
-6555
-2547
-6563
-2715
-6627
-2979
-6555
-3235
-6595
-3443
-6555
-3723
-6619
-3955
-6611
-4163
-6595
-4467
-6635
-4667
-6595
-4891
-6611
-5107
-6531
-5379
-6587
-5635
-6515
-5787
-6563
-6027
-6611
-6395
-6627
-6619
-6539
-6827
-6587
-7003
-6635
-7259
-6611
-7467
-6611
-7747
-6555
-8059
-6619
-8291
-6523
-8539
-6547
-8747
-6555
-8931
-6611
-9203
-6611
-9507
-6603
-9731
-6627
-9987
-6531
-10123
-6579
-10355
-6515
-10659
-6603
-10947
-6579
-11107
-6595
-11379
-6627
-11675
-6571
-11819
-6635
-12155
-6611
-12355
-6579
-12635
-6515
-12787
-6507
-12995
-6571
-13323
-6507
-13539
-6539
-13763
-6547
-14011
-6571
-14187
-6595
-14459
-6635
-14747
-6531
-14907
-6619
-15171
-6579
-15427
-6555
-15675
-6515
-15939
-6603
-16187
-6579
-16451
-6531
-16683
-6547
-16907
-6603
-17147
-6531
-17403
-6595
-17547
-6579
-17859
-6603
-18043
-6579
-18291
-6507
-18563
-6635
-18875
-6763
149
-6859
-107
-6787
-283
-6787
-539
-6771
-787
-6859
-987
-6835
-1267
-6779
-1475
-6867
-1779
-6747
-2019
-6859
-2275
-6835
-2523
-6859
-2715
-6875
-2907
-6867
-3171
-6755
-3499
-6875
-3699
-6859
-3963
-6859
-4235
-6755
-4395
-6859
-4611
-6835
-4907
-6771
-5163
-6811
-5387
-6867
-5603
-6875
-5819
-6803
-6139
-6851
-6363
-6859
-6507
-6819
-6755
-6875
-6987
-6787
-7347
-6787
-7571
-6779
-7779
-6827
-7987
-6851
-8291
-6811
-8531
-6819
-8787
-6859
-8907
-6779
-9251
-6835
-9435
-6867
-9683
-6851
-9963
-6811
-10187
-6755
-10451
-6755
-10659
-6851
-10923
-6779
-11099
-6763
-11379
-6859
-11579
-6843
-11835
-6787
-12155
-6843
-12363
-6875
-12595
-6827
-12843
-6827
-13107
-6859
-13355
-6779
-13547
-6811
-13811
-6747
-13971
-6803
-14267
-6851
-14523
-6787
-14763
-6771
-14995
-6843
-15259
-6835
-15491
-6867
-15747
-6803
-15915
-6835
-16139
-6811
-16371
-6859
-16667
-6795
-16947
-6867
-17163
-6875
-17419
-6755
-17555
-6867
-17843
-6819
-18051
-6819
-18323
-6779
-18563
-6803
-18843
-7027
125
-7011
-75
-7115
-283
-7003
-571
-7043
-819
-7099
-987
-7075
-1339
-7051
-1491
-7019
-1827
-7091
-1955
-7099
-2283
-7091
-2483
-7011
-2771
-7083
-2971
-6987
-3203
-6987
-3515
-7027
-3707
-7051
-3907
-7107
-4219
-7067
-4443
-7067
-4691
-7075
-4955
-7107
-5163
-6987
-5331
-7107
-5651
-7067
-5915
-7043
-6059
-7115
-6275
-7091
-6619
-7099
-6771
-7115
-7107
-7011
-7259
-7075
-7467
-7115
-7779
-7035
-8067
-7107
-8187
-7099
-8467
-7043
-8699
-7115
-9003
-7115
-9267
-7027
-9403
-6987
-9731
-7099
-9995
-7067
-10147
-7035
-10443
-7083
-10715
-7091
-10931
-7075
-11187
-7027
-11331
-7027
-11667
-7003
-11787
-7067
-12147
-7099
-12331
-7003
-12595
-7011
-12867
-7091
-13043
-7115
-13307
-7011
-13515
-7107
-13731
-7099
-14003
-7011
-14235
-7027
-14427
-7059
-14683
-7059
-14995
-7027
-15203
-7091
-15387
-7115
-15659
-7099
-15875
-6995
-16123
-7107
-16411
-6987
-16707
-7075
-16923
-7115
-17099
-6995
-17419
-7051
-17659
-7115
-17859
-7059
-18115
-7091
-18395
-6995
-18627
-7027
-18859
-7331
101
-7347
-99
-7323
-323
-7331
-571
-7299
-843
-7315
-1099
-7267
-1275
-7315
-1563
-7323
-1771
-7339
-1979
-7347
-2299
-7267
-2547
-7235
-2683
-7331
-3027
-7331
-3219
-7299
-3483
-7331
-3731
-7323
-3891
-7347
-4235
-7307
-4459
-7275
-4611
-7323
-4827
-7243
-5139
-7275
-5395
-7275
-5571
-7339
-5899
-7355
-6115
-7267
-6371
-7283
-6579
-7347
-6755
-7323
-7003
-7267
-7347
-7331
-7571
-7339
-7707
-7347
-7979
-7347
-8267
-7339
-8443
-7355
-8739
-7331
-8979
-7243
-9251
-7347
-9507
-7347
-9675
-7331
-9939
-7275
-10107
-7235
-10467
-7299
-10675
-7307
-10875
-7355
-11091
-7339
-11411
-7299
-11659
-7339
-11915
-7331
-12147
-7323
-12379
-7307
-12627
-7235
-12795
-7291
-13059
-7283
-13259
-7267
-13555
-7315
-13795
-7315
-13947
-7275
-14203
-7283
-14459
-7355
-14779
-7299
-14995
-7299
-15203
-7267
-15507
-7331
-15739
-7347
-15931
-7323
-16131
-7243
-16371
-7315
-16699
-7331
-16867
-7291
-17075
-7323
-17307
-7331
-17643
-7307
-17899
-7355
-18043
-7355
-18371
-7299
-18539
-7299
-18859
-7467
133
-7587
-131
-7491
-387
-7547
-571
-7579
-875
-7531
-1051
-7587
-1355
-7491
-1579
-7587
-1835
-7515
-1995
-7571
-2259
-7531
-2539
-7467
-2707
-7491
-2939
-7499
-3259
-7595
-3395
-7563
-3755
-7523
-3979
-7555
-4107
-7515
-4347
-7555
-4675
-7523
-4939
-7571
-5179
-7595
-5411
-7579
-5643
-7595
-5899
-7555
-6099
-7587
-6275
-7491
-6515
-7539
-6843
-7571
-7107
-7563
-7355
-7467
-7563
-7579
-7755
-7571
-7979
-7515
-8291
-7531
-8451
-7531
-8723
-7595
-8923
-7483
-9147
-7555
-9419
-7555
-9675
-7483
-9923
-7587
-10227
-7579
-10419
-7547
-10611
-7595
-10939
-7539
-11123
-7579
-11363
-7571
-11571
-7595
-11907
-7587
-12123
-7555
-12315
-7531
-12635
-7595
-12795
-7595
-13067
-7571
-13243
-7563
-13491
-7539
-13739
-7531
-14011
-7547
-14259
-7491
-14427
-7507
-14715
-7515
-14955
-7579
-15179
-7491
-15507
-7555
-15691
-7547
-15979
-7587
-16227
-7475
-16475
-7539
-16707
-7587
-16827
-7523
-17163
-7571
-17339
-7547
-17635
-7539
-17827
-7491
-18035
-7539
-18363
-7547
-18627
-7475
-18819
-7763
149
-7835
-67
-7811
-275
-7811
-587
-7819
-859
-7747
-1115
-7731
-1323
-7763
-1547
-7763
-1811
-7731
-2019
-7795
-2203
-7835
-2435
-7803
-2755
-7803
-2955
-7827
-3251
-7795
-3483
-7819
-3651
-7795
-3987
-7739
-4139
-7787
-4467
-7795
-4643
-7803
-4947
-7835
-5179
-7763
-5331
-7819
-5587
-7835
-5819
-7819
-6107
-7779
-6387
-7803
-6539
-7771
-6875
-7779
-7107
-7755
-7283
-7835
-7507
-7723
-7787
-7771
-7987
-7811
-8227
-7763
-8539
-7803
-8787
-7723
-9011
-7795
-9163
-7827
-9507
-7803
-9643
-7779
-9907
-7827
-10227
-7827
-10371
-7811
-10643
-7755
-10955
-7819
-11123
-7779
-11427
-7731
-11675
-7827
-11875
-7795
-12147
-7787
-12275
-7787
-12587
-7739
-12795
-7763
-13099
-7819
-13251
-7747
-13579
-7835
-13787
-7803
-13963
-7787
-14195
-7779
-14499
-7835
-14771
-7755
-15003
-7731
-15219
-7723
-15515
-7763
-15707
-7707
-15875
-7747
-16203
-7803
-16427
-7811
-16587
-7779
-16851
-7747
-17091
-7755
-17363
-7723
-17659
-7811
-17795
-7771
-18123
-7779
-18371
-7819
-18571
-7811
-18851
-7995
85
-8059
-99
-8019
-315
-7971
-571
-8059
-859
-8075
-1099
-8059
-1307
-8011
-1467
-8027
-1771
-8043
-1963
-8027
-2299
-8027
-2531
-8067
-2787
-8011
-2995
-7979
-3243
-8035
-3435
-8059
-3651
-8051
-3875
-7971
-4187
-7995
-4379
-8019
-4707
-8019
-4891
-7987
-5171
-7947
-5435
-8011
-5627
-7971
-5891
-7963
-6131
-7971
-6339
-8003
-6563
-8067
-6787
-8067
-7075
-8067
-7299
-8027
-7571
-8019
-7811
-8027
-7947
-8051
-8283
-8075
-8539
-8075
-8755
-8003
-8987
-8067
-9251
-8019
-9451
-7955
-9755
-8067
-9955
-8043
-10235
-8075
-10419
-8011
-10643
-7979
-10931
-7955
-11139
-7971
-11419
-8067
-11547
-8011
-11827
-8051
-12155
-7987
-12387
-7995
-12587
-7971
-12747
-7955
-13011
-8075
-13251
-8035
-13539
-8051
-13779
-8067
-14027
-7995
-14267
-7979
-14539
-7987
-14707
-8067
-15035
-7963
-15147
-8051
-15483
-7987
-15691
-7955
-15939
-8075
-16123
-8011
-16387
-8043
-16667
-7955
-16899
-8059
-17067
-7963
-17323
-8075
-17547
-8067
-17899
-7979
-18107
-8011
-18315
-8011
-18579
-7955
-18811
-8187
141
-8251
-99
-8187
-395
-8291
-563
-8227
-747
-8211
-1011
-8195
-1275
-8195
-1595
-8243
-1723
-8315
-2035
-8299
-2259
-8235
-2467
-8299
-2787
-8267
-2995
-8259
-3195
-8219
-3403
-8227
-3675
-8315
-3899
-8195
-4227
-8259
-4467
-8251
-4619
-8315
-4915
-8299
-5155
-8299
-5419
-8251
-5595
-8275
-5859
-8243
-6067
-8307
-6355
-8235
-6611
-8211
-6835
-8203
-7051
-8299
-7315
-8283
-7523
-8315
-7723
-8187
-7995
-8291
-8243
-8283
-8523
-8299
-8755
-8315
-9027
-8243
-9243
-8307
-9499
-8315
-9715
-8219
-9963
-8203
-10155
-8275
-10451
-8219
-10619
-8307
-10947
-8251
-11163
-8227
-11427
-8243
-11651
-8203
-11835
-8283
-12035
-8227
-12355
-8315
-12547
-8275
-12843
-8283
-13107
-8267
-13323
-8315
-13483
-8219
-13707
-8219
-14059
-8195
-14283
-8283
-14451
-8187
-14787
-8211
-15003
-8275
-15251
-8211
-15387
-8283
-15635
-8299
-15875
-8243
-16195
-8283
-16379
-8227
-16635
-8315
-16947
-8275
-17155
-8315
-17323
-8259
-17619
-8283
-17859
-8243
-18051
-8235
-18283
-8307
-18531
-8299
-18875
-8507
125
-8499
-139
-8555
-299
-8515
-635
-8483
-779
-8547
-1067
-8507
-1259
-8515
-1467
-8555
-1771
-8499
-1955
-8475
-2203
-8523
-2427
-8515
-2771
-8523
-2979
-8547
-3235
-8515
-3419
-8443
-3707
-8475
-3963
-8539
-4211
-8547
-4419
-8515
-4667
-8515
-4835
-8555
-5091
-8531
-5315
-8531
-5611
-8523
-5883
-8443
-6075
-8523
-6283
-8507
-6531
-8507
-6779
-8499
-7003
-8531
-7275
-8531
-7579
-8523
-7747
-8427
-8003
-8491
-8291
-8555
-8555
-8507
-8747
-8531
-8947
-8451
-9203
-8491
-9491
-8451
-9755
-8539
-9883
-8523
-10115
-8491
-10411
-8451
-10707
-8523
-10915
-8435
-11195
-8539
-11411
-8491
-11635
-8531
-11835
-8483
-12099
-8459
-12315
-8547
-12595
-8499
-12795
-8467
-13091
-8507
-13227
-8555
-13475
-8459
-13827
-8475
-14075
-8555
-14259
-8515
-14443
-8515
-14755
-8475
-14947
-8507
-15227
-8531
-15403
-8523
-15747
-8451
-15947
-8531
-16107
-8435
-16347
-8483
-16603
-8523
-16827
-8491
-17179
-8491
-17315
-8547
-17563
-8451
-17843
-8515
-18035
-8515
-18267
-8467
-18531
-8475
-18859
-8715
93
-8779
-51
-8731
-267
-8667
-563
-8787
-811
-8699
-1027
-8755
-1347
-8779
-1563
-8787
-1779
-8795
-2075
-8699
-2283
-8699
-2507
-8795
-2667
-8755
-2923
-8771
-3259
-8763
-3435
-8795
-3627
-8787
-3907
-8691
-4131
-8731
-4347
-8795
-4675
-8755
-4899
-8747
-5187
-8715
-5435
-8691
-5563
-8795
-5875
-8699
-6131
-8739
-6395
-8755
-6635
-8755
-6763
-8723
-7067
-8771
-7251
-8795
-7555
-8715
-7763
-8771
-7995
-8755
-8243
-8779
-8443
-8787
-8723
-8787
-9027
-8755
-9155
-8715
-9515
-8715
-9691
-8755
-9891
-8771
-10107
-8755
-10427
-8795
-10611
-8699
-10875
-8723
-11099
-8731
-11395
-8715
-11635
-8675
-11851
-8795
-12059
-8779
-12339
-8755
-12515
-8747
-12835
-8795
-13003
-8675
-13347
-8747
-13539
-8771
-13779
-8691
-13963
-8787
-14243
-8795
-14443
-8731
-14755
-8771
-15011
-8691
-15259
-8763
-15427
-8763
-15691
-8763
-15987
-8699
-16211
-8691
-16347
-8755
-16635
-8707
-16931
-8795
-17115
-8699
-17395
-8763
-17603
-8779
-17835
-8707
-18155
-8771
-18331
-8787
-18515
-8715
-18867
-8963
85
-9027
-155
-8955
-387
-8907
-523
-9003
-787
-8907
-1067
-8971
-1251
-8995
-1563
-9035
-1795
-8979
-2003
-8955
-2195
-8963
-2451
-8995
-2795
-8971
-2955
-9011
-3147
-8939
-3395
-8979
-3659
-9027
-3987
-9019
-4155
-9019
-4395
-9019
-4595
-8939
-4883
-8979
-5155
-8963
-5355
-8931
-5659
-8955
-5915
-9019
-6115
-9035
-6315
-9035
-6531
-9035
-6859
-9019
-7003
-8995
-7251
-8947
-7539
-8995
-7707
-8915
-7955
-8979
-8307
-9027
-8491
-8931
-8779
-8987
-8931
-8939
-9203
-9003
-9419
-9011
-9691
-8979
-9947
-9027
-10179
-9011
-10459
-9035
-10619
-8931
-10915
-9019
-11083
-9027
-11355
-8971
-11555
-8979
-11827
-8939
-12147
-8995
-12307
-8995
-12635
-8987
-12787
-8947
-13035
-8963
-13235
-9035
-13475
-8923
-13811
-8987
-13955
-9035
-14315
-8971
-14443
-8939
-14755
-8963
-14995
-8939
-15275
-9035
-15491
-8947
-15747
-9027
-15947
-8963
-16139
-9019
-16395
-8915
-16619
-8907
-16899
-8979
-17099
-8915
-17403
-9003
-17571
-8979
-17891
-8931
-18051
-8963
-18291
-9003
-18579
-9035
-18819
-9219
109
-9227
-115
-9219
-347
-9187
-507
-9147
-867
-9243
-1051
-9187
-1331
-9163
-1571
-9259
-1731
-9227
-2011
-9195
-2203
-9243
-2499
-9179
-2675
-9171
-2923
-9219
-3211
-9235
-3475
-9275
-3707
-9259
-3979
-9267
-4147
-9275
-4459
-9155
-4643
-9187
-4955
-9227
-5107
-9267
-5387
-9267
-5619
-9147
-5803
-9155
-6083
-9243
-6363
-9243
-6531
-9259
-6835
-9235
-7027
-9219
-7235
-9219
-7523
-9187
-7715
-9243
-8043
-9251
-8243
-9211
-8435
-9259
-8755
-9187
-8923
-9275
-9211
-9275
-9403
-9267
-9747
-9203
-9931
-9227
-10155
-9227
-10387
-9187
-10651
-9235
-10947
-9267
-11131
-9243
-11411
-9155
-11659
-9267
-11795
-9275
-12115
-9243
-12307
-9243
-12627
-9267
-12747
-9179
-12987
-9259
-13235
-9211
-13507
-9179
-13747
-9147
-13947
-9163
-14251
-9267
-14523
-9195
-14731
-9211
-14979
-9275
-15235
-9179
-15419
-9227
-15659
-9211
-15875
-9251
-16235
-9259
-16395
-9275
-16659
-9259
-16851
-9267
-17179
-9227
-17419
-9171
-17667
-9235
-17899
-9227
-18035
-9251
-18283
-9275
-18563
-9259
-18875
-9491
141
-9459
-59
-9467
-395
-9419
-611
-9507
-835
-9483
-1051
-9483
-1347
-9459
-1563
-9491
-1731
-9499
-2003
-9475
-2291
-9491
-2499
-9411
-2763
-9499
-2995
-9443
-3219
-9451
-3499
-9483
-3683
-9491
-3947
-9395
-4195
-9475
-4379
-9475
-4635
-9499
-4907
-9483
-5147
-9483
-5371
-9515
-5611
-9475
-5819
-9491
-6115
-9475
-6291
-9427
-6563
-9435
-6811
-9411
-7059
-9443
-7299
-9507
-7507
-9499
-7835
-9475
-7947
-9515
-8211
-9387
-8555
-9459
-8763
-9499
-8947
-9451
-9219
-9483
-9475
-9515
-9699
-9515
-9899
-9491
-10235
-9451
-10435
-9443
-10683
-9467
-10915
-9499
-11083
-9459
-11363
-9507
-11587
-9467
-11803
-9427
-12035
-9427
-12283
-9427
-12619
-9435
-12867
-9499
-13099
-9403
-13283
-9515
-13523
-9419
-13747
-9443
-13955
-9395
-14211
-9403
-14443
-9419
-14699
-9459
-14947
-9499
-15251
-9427
-15427
-9491
-15731
-9443
-15995
-9419
-16147
-9451
-16419
-9443
-16675
-9491
-16827
-9395
-17083
-9419
-17387
-9419
-17579
-9507
-17795
-9467
-18027
-9499
-18387
-9387
-18587
-9467
-18867
-9643
101
-9667
-107
-9755
-307
-9667
-587
-9723
-747
-9691
-1099
-9723
-1275
-9651
-1483
-9691
-1771
-9699
-2003
-9739
-2211
-9691
-2427
-9755
-2699
-9643
-2915
-9691
-3259
-9699
-3467
-9747
-3715
-9675
-3867
-9675
-4211
-9699
-4347
-9755
-4675
-9747
-4915
-9707
-5171
-9715
-5411
-9723
-5627
-9755
-5907
-9699
-6107
-9675
-6331
-9707
-6539
-9747
-6875
-9675
-7027
-9755
-7267
-9731
-7547
-9675
-7715
-9755
-7971
-9707
-8243
-9707
-8507
-9691
-8675
-9707
-8987
-9683
-9147
-9715
-9451
-9747
-9635
-9691
-9963
-9707
-10203
-9723
-10395
-9675
-10611
-9699
-10915
-9739
-11179
-9739
-11339
-9675
-11547
-9747
-11907
-9755
-12051
-9683
-12363
-9747
-12611
-9699
-12827
-9667
-12995
-9747
-13307
-9659
-13523
-9635
-13723
-9691
-14035
-9707
-14203
-9755
-14443
-9699
-14739
-9699
-15019
-9675
-15203
-9675
-15443
-9675
-15635
-9755
-15931
-9715
-16107
-9683
-16395
-9739
-16587
-9675
-16827
-9715
-17115
-9715
-17395
-9755
-17611
-9747
-17867
-9683
-18035
-9635
-18395
-9747
-18507
-9691
-18843
-9947
101
-9995
-27
-9995
-347
-9955
-627
-9947
-747
-9995
-987
-9947
-1291
-9915
-1555
-9907
-1739
-9923
-2035
-9939
-2203
-9907
-2531
-9955
-2731
-9915
-2995
-9979
-3147
-9939
-3419
-9971
-3659
-9867
-3899
-9979
-4155
-9947
-4443
-9875
-4635
-9939
-4923
-9875
-5179
-9955
-5379
-9939
-5579
-9875
-5811
-9971
-6139
-9987
-6323
-9995
-6603
-9923
-6843
-9987
-7043
-9947
-7283
-9939
-7467
-9987
-7771
-9963
-8067
-9987
-8243
-9955
-8547
-9891
-8731
-9995
-8963
-9963
-9259
-9955
-9499
-9939
-9691
-9939
-9987
-9987
-10187
-9883
-10443
-9971
-10691
-9883
-10835
-9987
-11075
-9923
-11427
-9923
-11635
-9995
-11819
-9955
-12091
-9995
-12347
-9907
-12611
-9995
-12827
-9955
-13083
-9995
-13323
-9923
-13555
-9987
-13763
-9995
-14019
-9979
-14195
-9987
-14515
-9987
-14771
-9971
-14987
-9979
-15171
-9899
-15403
-9971
-15667
-9939
-15867
-9971
-16131
-9923
-16411
-9899
-16619
-9931
-16899
-9875
-17163
-9947
-17339
-9899
-17667
-9979
-17883
-9931
-18131
-9979
-18291
-9971
-18523
-9955
-18875
-10235
85
-10123
-107
-10155
-347
-10227
-611
-10235
-747
-10115
-1083
-10195
-1251
-10195
-1547
-10131
-1803
-10155
-1971
-10107
-2203
-10163
-2531
-10195
-2715
-10123
-2963
-10235
-3163
-10187
-3411
-10147
-3699
-10219
-3955
-10171
-4123
-10235
-4355
-10235
-4627
-10179
-4883
-10187
-5067
-10219
-5363
-10107
-5619
-10195
-5867
-10123
-6075
-10211
-6387
-10115
-6611
-10163
-6811
-10155
-7027
-10211
-7307
-10163
-7467
-10203
-7755
-10227
-8075
-10235
-8219
-10235
-8547
-10211
-8675
-10203
-8915
-10219
-9211
-10227
-9483
-10163
-9667
-10147
-9883
-10155
-10131
-10155
-10395
-10155
-10635
-10155
-10955
-10203
-11099
-10203
-11371
-10139
-11627
-10179
-11835
-10211
-12147
-10107
-12355
-10163
-12627
-10171
-12779
-10235
-12987
-10203
-13339
-10235
-13539
-10179
-13723
-10187
-13987
-10131
-14211
-10123
-14507
-10195
-14771
-10219
-14923
-10211
-15219
-10179
-15387
-10235
-15683
-10227
-15931
-10203
-16131
-10235
-16427
-10219
-16715
-10131
-16907
-10227
-17083
-10203
-17419
-10171
-17627
-10235
-17819
-10131
-18123
-10163
-18355
-10219
-18603
-10219
-18851
-10419
101
-10475
-35
-10435
-387
-10459
-507
-10435
-867
-10411
-1027
-10427
-1299
-10443
-1491
-10443
-1747
-10459
-2059
-10475
-2211
-10451
-2499
-10467
-2683
-10451
-3003
-10467
-3163
-10475
-3515
-10475
-3667
-10475
-3907
-10467
-4171
-10427
-4419
-10475
-4619
-10443
-4835
-10459
-5107
-10451
-5315
-10451
-5603
-10435
-5899
-10459
-6155
-10427
-6371
-10435
-6531
-10459
-6811
-10435
-7035
-10435
-7331
-10427
-7547
-10459
-7827
-10435
-7987
-10451
-8203
-10475
-8483
-10475
-8787
-10427
-8947
-10427
-9275
-10427
-9475
-10443
-9627
-10411
-9915
-10419
-10131
-10435
-10451
-10427
-10659
-10419
-10899
-10459
-11091
-10427
-11339
-10419
-11635
-10459
-11835
-10467
-12091
-10475
-12347
-10435
-12627
-10459
-12755
-10459
-13059
-10467
-13251
-10411
-13595
-10459
-13779
-10427
-14035
-10443
-14243
-10467
-14515
-10443
-14691
-10411
-14963
-10459
-15219
-10435
-15427
-10475
-15627
-10451
-15955
-10411
-16235
-10467
-16347
-10427
-16691
-10475
-16939
-10459
-17171
-10427
-17339
-10451
-17595
-10419
-17843
-10435
-18043
-10427
-18363
-10467
-18635
-10475
-18875
