93
493
319
-134
173
-375
188
-494
328
-781
305
-1075
708
-1341
328
-1541
278
-1751
459
-1945
445
-2288
175
-2489
215
-2643
381
-2989
315
-3219
477
-3467
207
-3621
207
-3927
349
-4169
281
-4357
145
-4633
93
-4867
85
-5143
101
-5319
117
-5623
125
-5847
109
-6127
109
-6335
101
-6599
133
-6867
101
-7031
109
-7283
109
-7519
101
-7699
109
-7987
109
-8247
109
-8523
125
-8655
117
-8971
125
-9227
93
-9443
93
-9731
109
-9891
85
-10211
85
-10363
149
-10587
117
-10867
117
-11147
109
-11403
109
-11627
85
-11835
141
-12123
85
-12395
93
-12507
125
-12795
93
-13019
109
-13267
101
-13539
141
-13755
93
-14027
101
-14219
93
-14443
149
-14763
93
-14979
85
-15211
85
-15491
93
-15723
85
-15939
117
-16115
117
-16459
149
-16627
101
-16859
149
-17195
85
-17387
117
-17595
133
-17875
101
-18139
85
-18355
85
-18571
141
-18851
-22
1910
-82
-106
-119
-231
8
-489
-36
-770
-37
-1011
-145
-1229
-65
-1565
-92
-1729
-99
-1943
-48
-2273
-109
-2425
-55
-2671
-151
-2895
-81
-3179
-105
-3461
-59
-3641
-143
-3959
3
-4163
-37
-4455
-23
-4683
-127
-4819
-35
-5119
-143
-5351
-95
-5567
-127
-5871
-63
-6027
-95
-6371
-31
-6567
-23
-6835
-119
-7023
-131
-7283
-155
-7475
-91
-7795
-15
-7971
-147
-8275
-131
-8499
-115
-8735
-119
-8923
-123
-9235
-119
-9415
-91
-9683
-155
-9931
-83
-10187
-155
-10443
-107
-10587
-147
-10955
-155
-11083
-99
-11435
-99
-11675
-115
-11827
-99
-12131
-107
-12283
-75
-12563
-59
-12859
-107
-13083
-99
-13291
-83
-13531
-147
-13755
-51
-14011
-43
-14259
-155
-14435
-43
-14739
-35
-14931
-59
-15147
-51
-15483
-147
-15723
-27
-15915
-91
-16195
-139
-16379
-83
-16691
-147
-16843
-123
-17155
-107
-17419
-123
-17667
-155
-17907
-51
-18115
-115
-18323
-99
-18539
-147
-18875
-351
299
-287
-41
-296
-263
-375
-571
-283
-718
-361
-1019
-368
-1315
-299
-1445
-320
-1736
-302
-1945
-303
-2161
-297
-2467
-353
-2765
-359
-2951
-321
-3151
-349
-3415
-303
-3683
-295
-3881
-333
-4171
-345
-4327
-311
-4593
-363
-4919
-259
-5163
-375
-5303
-355
-5623
-307
-5807
-379
-6059
-351
-6267
-375
-6531
-363
-6767
-299
-7011
-371
-7219
-271
-7519
-347
-7755
-379
-8015
-291
-8219
-351
-8459
-383
-8767
-311
-8979
-363
-9183
-363
-9435
-347
-9731
-315
-9915
-331
-10123
-355
-10427
-395
-10603
-355
-10843
-379
-11147
-395
-11411
-307
-11587
-299
-11859
-379
-12131
-299
-12331
-307
-12523
-379
-12803
-315
-13051
-371
-13347
-339
-13571
-363
-13827
-355
-14019
-371
-14299
-347
-14515
-347
-14667
-387
-14971
-387
-15195
-347
-15403
-387
-15747
-363
-15971
-387
-16235
-323
-16387
-315
-16691
-315
-16939
-323
-17099
-363
-17331
-371
-17651
-395
-17787
-299
-18051
-291
-18371
-387
-18603
-267
-18835
-515
334
-611
-35
-547
-331
-595
-544
-557
-820
-561
-946
-523
-1220
-491
-1457
-505
-1751
-576
-1955
-541
-2244
-611
-2457
-561
-2663
-485
-2957
-535
-3273
-591
-3507
-559
-3689
-555
-3941
-599
-4169
-601
-4341
-573
-4675
-527
-4891
-631
-5139
-595
-5391
-551
-5583
-527
-5863
-543
-6119
-551
-6291
-615
-6595
-539
-6731
-627
-6967
-607
-7235
-527
-7551
-559
-7823
-595
-7967
-507
-8183
-535
-8475
-611
-8743
-539
-8991
-523
-9215
-531
-9471
-603
-9699
-507
-9987
-611
-10115
-563
-10475
-619
-10707
-595
-10851
-555
-11083
-531
-11411
-619
-11643
-603
-11907
-635
-12115
-523
-12347
-587
-12587
-595
-12811
-579
-13011
-507
-13355
-619
-13539
-515
-13779
-635
-13971
-595
-14219
-547
-14515
-603
-14755
-507
-14987
-515
-15275
-595
-15451
-603
-15707
-603
-15867
-627
-16155
-611
-16459
-635
-16707
-547
-16835
-635
-17083
-635
-17419
-595
-17675
-619
-17843
-627
-18035
-515
-18315
-627
-18571
-595
-18867
-831
1234
-803
-147
-838
-366
-837
-538
-795
-823
-739
-1087
-854
-1207
-859
-1486
-746
-1704
-805
-2047
-817
-2235
-761
-2427
-859
-2703
-775
-3019
-749
-3207
-841
-3447
-773
-3747
-831
-3899
-847
-4191
-725
-4373
-807
-4703
-743
-4907
-743
-5175
-791
-5423
-783
-5639
-847
-5867
-819
-6047
-791
-6383
-759
-6523
-827
-6807
-779
-7047
-839
-7291
-775
-7495
-759
-7739
-811
-7939
-867
-8191
-847
-8427
-867
-8699
-791
-8995
-851
-9127
-747
-9491
-795
-9651
-875
-9923
-875
-10203
-835
-10459
-835
-10691
-859
-10859
-875
-11155
-827
-11307
-755
-11619
-811
-11795
-867
-12059
-795
-12275
-787
-12627
-859
-12779
-787
-13099
-787
-13331
-755
-13491
-859
-13835
-875
-13947
-819
-14283
-867
-14507
-867
-14739
-811
-14971
-859
-15259
-867
-15451
-851
-15747
-779
-15915
-771
-16155
-875
-16387
-779
-16643
-803
-16939
-851
-17147
-755
-17339
-875
-17643
-835
-17907
-811
-18059
-771
-18387
-819
-18587
-819
-18843
-1003
595
-1073
-89
-1047
-291
-1062
-493
-1072
-799
-1000
-991
-1057
-1265
-1058
-1577
-1093
-1754
-1066
-2001
-1012
-2207
-1063
-2409
-1087
-2699
-1019
-2977
-1007
-3239
-1075
-3363
-1023
-3689
-1003
-3957
-1097
-4107
-981
-4397
-1087
-4571
-1027
-4807
-987
-5083
-979
-5291
-1047
-5667
-1091
-5883
-1027
-6087
-1079
-6315
-1099
-6587
-1071
-6811
-1075
-7079
-1051
-7235
-1039
-7559
-1063
-7791
-1011
-8047
-1087
-8171
-975
-8443
-1007
-8695
-1019
-8947
-1087
-9219
-1043
-9499
-1051
-9643
-1091
-9939
-1107
-10139
-1083
-10475
-1115
-10643
-1115
-10875
-1011
-11075
-1099
-11323
-1019
-11611
-1115
-11891
-995
-12035
-1027
-12323
-1091
-12603
-1075
-12779
-1043
-13107
-1003
-13315
-1011
-13523
-1003
-13795
-1107
-13947
-1099
-14243
-1011
-14435
-1035
-14731
-1027
-14907
-1099
-15171
-1059
-15435
-1091
-15747
-1099
-15971
-1067
-16155
-1043
-16411
-1035
-16611
-1091
-16883
-1091
-17147
-1059
-17395
-1091
-17651
-1051
-17803
-1067
-18091
-1035
-18347
-1035
-18635
-1003
-18859
-1275
1244
-1265
-107
-1215
-281
-1221
-609
-1319
-746
-1295
-1060
-1198
-1323
-1317
-1438
-1293
-1789
-1258
-2063
-1221
-2259
-1313
-2469
-1311
-2715
-1197
-2915
-1263
-3199
-1261
-3349
-1227
-3621
-1331
-3973
-1209
-4123
-1337
-4329
-1337
-4565
-1331
-4843
-1323
-5147
-1207
-5295
-1215
-5599
-1327
-5863
-1259
-6003
-1239
-6263
-1303
-6563
-1299
-6755
-1307
-7091
-1259
-7259
-1267
-7555
-1319
-7755
-1311
-7987
-1267
-8211
-1299
-8423
-1207
-8719
-1347
-8999
-1259
-9175
-1355
-9499
-1355
-9675
-1315
-9987
-1283
-10227
-1259
-10371
-1283
-10627
-1267
-10891
-1291
-11179
-1299
-11387
-1355
-11547
-1307
-11883
-1339
-12051
-1331
-12331
-1243
-12523
-1315
-12851
-1347
-13003
-1283
-13227
-1331
-13571
-1227
-13779
-1259
-13995
-1235
-14219
-1339
-14531
-1307
-14787
-1347
-14979
-1323
-15267
-1243
-15427
-1243
-15731
-1235
-15979
-1275
-16171
-1331
-16443
-1291
-16627
-1339
-16907
-1259
-17139
-1307
-17331
-1323
-17603
-1291
-17915
-1291
-18067
-1339
-18275
-1307
-18539
-1299
-18843
-1539
197
-1503
-119
-1515
-313
-1495
-591
-1563
-827
-1497
-981
-1583
-1293
-1565
-1511
-1539
-1795
-1555
-1985
-1453
-2301
-1563
-2451
-1583
-2667
-1543
-2893
-1499
-3151
-1519
-3465
-1541
-3689
-1501
-3867
-1475
-4211
-1559
-4357
-1547
-4651
-1563
-4819
-1543
-5115
-1583
-5307
-1519
-5607
-1503
-5879
-1447
-5999
-1531
-6263
-1519
-6579
-1583
-6783
-1507
-7031
-1471
-7343
-1543
-7547
-1551
-7715
-1531
-7943
-1471
-8215
-1567
-8503
-1523
-8655
-1551
-8903
-1579
-9231
-1579
-9499
-1587
-9731
-1499
-9979
-1467
-10139
-1587
-10475
-1491
-10651
-1571
-10907
-1587
-11147
-1563
-11395
-1491
-11579
-1571
-11899
-1507
-12123
-1523
-12331
-1579
-12523
-1475
-12779
-1571
-13035
-1539
-13235
-1483
-13555
-1571
-13779
-1483
-14011
-1475
-14267
-1539
-14523
-1571
-14667
-1555
-14907
-1531
-15267
-1571
-15491
-1563
-15635
-1523
-15979
-1571
-16123
-1579
-16395
-1579
-16683
-1523
-16955
-1595
-17123
-1515
-17419
-1571
-17595
-1531
-17819
-1563
-18043
-1555
-18283
-1539
-18555
-1555
-18819
-1795
1137
-1781
-79
-1713
-335
-1815
-603
-1775
-741
-1783
-1051
-1757
-1209
-1675
-1507
-1769
-1765
-1817
-1945
-1685
-2211
-1793
-2443
-1773
-2767
-1735
-3011
-1811
-3197
-1729
-3487
-1757
-3645
-1743
-3875
-1809
-4207
-1725
-4387
-1825
-4699
-1795
-4899
-1723
-5107
-1755
-5287
-1815
-5571
-1731
-5843
-1763
-6019
-1827
-6367
-1811
-6555
-1803
-6823
-1751
-7099
-1811
-7235
-1731
-7567
-1735
-7723
-1743
-8067
-1799
-8223
-1751
-8439
-1719
-8683
-1823
-8919
-1743
-9163
-1787
-9471
-1835
-9691
-1755
-9883
-1827
-10115
-1739
-10435
-1715
-10707
-1747
-10843
-1835
-11187
-1763
-11419
-1747
-11563
-1803
-11915
-1779
-12115
-1787
-12363
-1827
-12507
-1715
-12779
-1723
-13107
-1827
-13355
-1787
-13579
-1811
-13779
-1803
-14027
-1715
-14267
-1795
-14467
-1827
-14715
-1795
-15027
-1835
-15163
-1827
-15507
-1763
-15739
-1755
-15915
-1787
-16171
-1827
-16347
-1779
-16683
-1779
-16923
-1803
-17091
-1731
-17395
-1787
-17547
-1827
-17835
-1787
-18091
-1731
-18291
-1795
-18539
-1715
-18859
-1995
2353
-1931
-83
-2019
-335
-1991
-589
-2045
-727
-2043
-1023
-1971
-1315
-1979
-1575
-2063
-1781
-1939
-2045
-1965
-2163
-2035
-2497
-2035
-2675
-1947
-2935
-2033
-3143
-1975
-3383
-1995
-3711
-1943
-3937
-2063
-4215
-2053
-4365
-2045
-4593
-1947
-4843
-1991
-5175
-2003
-5351
-2039
-5595
-2003
-5895
-1955
-6095
-2055
-6363
-1959
-6539
-2067
-6819
-2007
-7075
-1999
-7279
-2027
-7559
-2031
-7731
-2019
-8047
-1999
-8203
-2015
-8439
-2039
-8699
-1999
-9019
-1963
-9239
-2067
-9411
-2051
-9675
-1979
-9923
-2051
-10147
-2027
-10443
-2075
-10683
-2011
-10835
-1987
-11091
-2027
-11355
-2003
-11595
-2019
-11843
-2051
-12155
-2035
-12275
-1971
-12539
-2003
-12811
-1979
-13019
-2075
-13323
-2059
-13555
-2051
-13827
-2059
-14019
-1979
-14211
-2051
-14459
-2043
-14747
-2003
-14947
-2067
-15203
-2075
-15443
-1979
-15755
-2075
-15915
-2011
-16147
-2019
-16363
-2027
-16619
-2067
-16907
-1947
-17195
-2059
-17347
-2035
-17571
-1947
-17795
-2035
-18091
-1979
-18339
-2011
-18595
-1971
-18851
-2251
2225
-2201
-17
-2271
-261
-2211
-485
-2197
-833
-2275
-1043
-2211
-1293
-2261
-1539
-2263
-1777
-2185
-2037
-2293
-2267
-2283
-2535
-2251
-2773
-2287
-2979
-2315
-3155
-2283
-3477
-2261
-3669
-2215
-3895
-2193
-4193
-2231
-4319
-2175
-4687
-2231
-4899
-2223
-5187
-2259
-5283
-2255
-5631
-2211
-5811
-2255
-6147
-2195
-6355
-2251
-6579
-2283
-6779
-2247
-7019
-2219
-7203
-2223
-7479
-2287
-7799
-2191
-7947
-2283
-8219
-2283
-8547
-2275
-8767
-2187
-8899
-2299
-9231
-2199
-9395
-2267
-9635
-2243
-9995
-2235
-10115
-2299
-10347
-2211
-10699
-2211
-10843
-2211
-11195
-2275
-11331
-2299
-11675
-2267
-11907
-2251
-12035
-2299
-12331
-2187
-12587
-2315
-12803
-2219
-13003
-2299
-13243
-2195
-13587
-2315
-13811
-2235
-13947
-2283
-14267
-2243
-14467
-2243
-14771
-2291
-15019
-2307
-15211
-2291
-15459
-2275
-15651
-2243
-15963
-2195
-16187
-2251
-16395
-2235
-16643
-2211
-16907
-2299
-17195
-2251
-17307
-2291
-17547
-2235
-17899
-2251
-18075
-2243
-18331
-2315
-18595
-2259
-18843
-2523
131
-2543
-67
-2507
-373
-2495
-597
-2427
-729
-2423
-1037
-2443
-1313
-2431
-1515
-2511
-1693
-2407
-2045
-2517
-2167
-2487
-2463
-2423
-2699
-2463
-3027
-2489
-3251
-2503
-3377
-2477
-3627
-2517
-3943
-2539
-4211
-2495
-4347
-2469
-4579
-2507
-4915
-2515
-5163
-2475
-5379
-2543
-5627
-2523
-5843
-2471
-6119
-2547
-6267
-2451
-6519
-2459
-6735
-2471
-7083
-2491
-7303
-2459
-7591
-2483
-7787
-2435
-8043
-2555
-8191
-2447
-8459
-2547
-8735
-2543
-8959
-2483
-9159
-2491
-9507
-2547
-9659
-2483
-9963
-2443
-10139
-2443
-10395
-2539
-10651
-2443
-10931
-2443
-11123
-2555
-11427
-2531
-11651
-2531
-11899
-2427
-12067
-2475
-12387
-2547
-12595
-2507
-12867
-2451
-13059
-2531
-13251
-2523
-13499
-2507
-13731
-2547
-13995
-2499
-14251
-2555
-14499
-2547
-14787
-2515
-14995
-2483
-15243
-2531
-15411
-2555
-15635
-2459
-15963
-2555
-16235
-2555
-16419
-2531
-16667
-2491
-16851
-2467
-17075
-2475
-17435
-2491
-17659
-2523
-17851
-2459
-18099
-2547
-18267
-2443
-18627
-2499
-18867
-2731
133
-2703
-63
-2703
-307
-2715
-571
-2727
-787
-2731
-991
-2739
-1243
-2715
-1563
-2707
-1799
-2719
-1967
-2667
-2271
-2779
-2459
-2775
-2671
-2687
-2963
-2687
-3197
-2643
-3387
-2683
-3703
-2759
-3883
-2751
-4163
-2691
-4363
-2767
-4659
-2735
-4883
-2787
-5115
-2671
-5315
-2683
-5627
-2723
-5895
-2731
-6103
-2723
-6371
-2663
-6591
-2659
-6827
-2771
-7107
-2707
-7239
-2763
-7551
-2655
-7791
-2659
-7967
-2779
-8251
-2699
-8519
-2683
-8683
-2791
-8907
-2667
-9183
-2711
-9515
-2755
-9627
-2683
-9947
-2763
-10139
-2787
-10467
-2779
-10683
-2787
-10891
-2787
-11179
-2763
-11347
-2787
-11547
-2691
-11787
-2755
-12123
-2779
-12395
-2755
-12547
-2683
-12747
-2667
-13115
-2779
-13291
-2667
-13515
-2795
-13723
-2715
-13947
-2747
-14219
-2763
-14427
-2795
-14763
-2739
-14971
-2715
-15179
-2707
-15403
-2707
-15707
-2707
-15995
-2731
-16147
-2795
-16363
-2723
-16667
-2683
-16891
-2787
-17123
-2691
-17435
-2795
-17547
-2739
-17915
-2723
-18091
-2739
-18283
-2787
-18595
-2667
-18859
-2895
125
-3023
-103
-2875
-323
-3011
-575
-3003
-767
-2959
-1103
-3011
-1235
-2919
-1559
-3023
-1791
-2991
-1979
-2947
-2171
-2991
-2523
-2935
-2735
-2995
-2915
-3019
-3159
-2943
-3495
-2939
-3731
-2947
-3887
-3007
-4147
-3015
-4335
-2907
-4635
-2995
-4919
-2895
-5039
-2995
-5367
-2999
-5647
-2991
-5783
-3003
-6023
-3011
-6335
-3023
-6579
-2939
-6783
-2899
-6963
-2995
-7307
-2959
-7583
-2923
-7823
-2991
-7975
-2979
-8171
-2987
-8507
-2999
-8775
-2979
-8959
-2971
-9215
-2903
-9411
-3027
-9643
-3035
-9939
-2931
-10115
-2963
-10403
-3035
-10667
-2987
-10843
-2995
-11179
-2987
-11379
-3027
-11635
-3003
-11915
-2947
-12067
-2963
-12387
-2987
-12563
-2907
-12747
-2979
-12987
-2971
-13251
-3027
-13571
-3019
-13755
-2907
-13995
-2947
-14275
-3011
-14435
-3011
-14779
-3035
-14907
-2947
-15147
-2955
-15475
-3011
-15755
-3011
-15899
-2995
-16179
-2939
-16459
-2955
-16715
-3035
-16843
-2979
-17083
-3019
-17371
-3019
-17603
-2963
-17875
-3003
-18075
-3019
-18291
-3011
-18571
-2995
-18867
-3259
101
-3219
-19
-3171
-315
-3207
-531
-3235
-839
-3251
-1059
-3127
-1315
-3123
-1459
-3155
-1807
-3219
-2007
-3219
-2191
-3195
-2511
-3211
-2711
-3235
-3019
-3231
-3191
-3275
-3411
-3159
-3723
-3155
-3919
-3207
-4179
-3259
-4427
-3235
-4679
-3143
-4851
-3155
-5147
-3159
-5403
-3227
-5595
-3151
-5911
-3159
-6091
-3211
-6379
-3147
-6555
-3203
-6851
-3187
-7007
-3259
-7291
-3223
-7499
-3147
-7699
-3223
-7959
-3143
-8299
-3263
-8487
-3231
-8655
-3199
-8923
-3223
-9171
-3263
-9391
-3219
-9699
-3171
-9947
-3187
-10235
-3259
-10443
-3259
-10587
-3147
-10843
-3243
-11075
-3243
-11363
-3259
-11651
-3227
-11883
-3259
-12099
-3251
-12355
-3203
-12603
-3219
-12867
-3275
-13003
-3211
-13331
-3211
-13563
-3275
-13835
-3235
-13971
-3243
-14195
-3203
-14427
-3187
-14691
-3187
-14971
-3203
-15203
-3275
-15411
-3171
-15683
-3147
-15923
-3227
-16123
-3219
-16403
-3203
-16611
-3243
-16931
-3203
-17083
-3267
-17395
-3243
-17619
-3187
-17851
-3275
-18067
-3243
-18315
-3163
-18603
-3227
-18811
-3443
149
-3387
-35
-3459
-355
-3395
-615
-3375
-763
-3383
-1067
-3507
-1291
-3407
-1487
-3427
-1795
-3443
-1963
-3407
-2299
-3463
-2507
-3431
-2699
-3483
-2947
-3391
-3231
-3427
-3443
-3415
-3703
-3483
-3955
-3459
-4139
-3459
-4435
-3415
-4619
-3435
-4823
-3451
-5151
-3415
-5307
-3499
-5559
-3431
-5787
-3475
-6027
-3399
-6319
-3487
-6523
-3379
-6795
-3467
-7083
-3499
-7319
-3431
-7507
-3479
-7695
-3507
-8043
-3443
-8231
-3511
-8475
-3459
-8683
-3447
-8895
-3411
-9143
-3479
-9423
-3427
-9731
-3499
-9875
-3507
-10139
-3507
-10443
-3483
-10699
-3443
-10939
-3411
-11147
-3387
-11395
-3515
-11659
-3427
-11795
-3483
-12115
-3451
-12363
-3499
-12563
-3515
-12819
-3499
-13107
-3435
-13315
-3515
-13595
-3475
-13747
-3395
-14003
-3483
-14195
-3411
-14459
-3427
-14795
-3507
-14939
-3483
-15267
-3507
-15403
-3395
-15723
-3475
-15987
-3515
-16107
-3499
-16419
-3395
-16611
-3475
-16891
-3427
-17131
-3403
-17435
-3443
-17659
-3507
-17827
-3435
-18099
-3499
-18267
-3443
-18555
-3499
-18851
-3731
125
-3743
-119
-3727
-247
-3731
-511
-3635
-763
-3755
-987
-3699
-1243
-3631
-1539
-3687
-1763
-3643
-1959
-3691
-2303
-3743
-2527
-3667
-2791
-3715
-3015
-3663
-3259
-3711
-3383
-3695
-3715
-3623
-3915
-3683
-4155
-3683
-4411
-3607
-4599
-3743
-4875
-3755
-5143
-3675
-5371
-3679
-5619
-3691
-5803
-3695
-6039
-3755
-6371
-3719
-6619
-3727
-6855
-3675
-7027
-3619
-7343
-3715
-7503
-3711
-7743
-3643
-8019
-3719
-8315
-3663
-8511
-3691
-8711
-3739
-8971
-3735
-9235
-3715
-9391
-3755
-9667
-3691
-9923
-3667
-10195
-3675
-10467
-3715
-10619
-3699
-10899
-3635
-11147
-3699
-11331
-3651
-11611
-3723
-11859
-3659
-12155
-3715
-12323
-3755
-12603
-3755
-12827
-3691
-13003
-3723
-13275
-3643
-13499
-3723
-13835
-3755
-13947
-3683
-14315
-3755
-14507
-3683
-14707
-3747
-15019
-3755
-15219
-3739
-15387
-3675
-15747
-3747
-15987
-3723
-16155
-3659
-16395
-3715
-16611
-3731
-16859
-3675
-17131
-3683
-17427
-3723
-17571
-3715
-17851
-3747
-18051
-3739
-18379
-3731
-18563
-3755
-18851
-3935
117
-3975
-43
-3943
-247
-3899
-583
-3959
-827
-3931
-1075
-3847
-1307
-3903
-1523
-3987
-1715
-3991
-1951
-3939
-2275
-3907
-2543
-3927
-2707
-3947
-2959
-3951
-3239
-3955
-3451
-3867
-3747
-3915
-3843
-3919
-4219
-3867
-4407
-3963
-4647
-3879
-4919
-3911
-5151
-3975
-5275
-3867
-5555
-3911
-5855
-3931
-6015
-3919
-6351
-3867
-6567
-3859
-6847
-3943
-7091
-3987
-7307
-3955
-7547
-3951
-7783
-3963
-7959
-3955
-8315
-3915
-8503
-3967
-8723
-3951
-8919
-3891
-9127
-3931
-9411
-3931
-9755
-3963
-9995
-3979
-10219
-3995
-10443
-3979
-10651
-3939
-10907
-3931
-11179
-3947
-11379
-3923
-11603
-3987
-11899
-3987
-12147
-3963
-12339
-3963
-12627
-3979
-12843
-3931
-13051
-3923
-13331
-3931
-13595
-3899
-13739
-3955
-14027
-3947
-14235
-3883
-14531
-3907
-14739
-3947
-14947
-3899
-15267
-3883
-15507
-3891
-15731
-3923
-15867
-3939
-16203
-3987
-16427
-3939
-16707
-3915
-16931
-3979
-17171
-3891
-17315
-3947
-17595
-3955
-17875
-3995
-18051
-3995
-18387
-3891
-18603
-3875
-18827
-4111
117
-4223
-123
-4211
-251
-4203
-495
-4215
-727
-4223
-1091
-4159
-1307
-4127
-1527
-4215
-1771
-4179
-1975
-4131
-2195
-4207
-2415
-4131
-2731
-4115
-2967
-4159
-3167
-4199
-3419
-4231
-3723
-4179
-3951
-4123
-4111
-4215
-4387
-4115
-4567
-4199
-4891
-4119
-5167
-4119
-5399
-4203
-5587
-4223
-5875
-4187
-6031
-4143
-6307
-4179
-6567
-4227
-6787
-4207
-7027
-4159
-7239
-4163
-7539
-4211
-7791
-4227
-8031
-4167
-8247
-4155
-8523
-4195
-8751
-4223
-8931
-4207
-9219
-4151
-9411
-4219
-9643
-4195
-9947
-4227
-10115
-4155
-10467
-4187
-10699
-4211
-10899
-4139
-11067
-4211
-11387
-4219
-11675
-4203
-11899
-4187
-12107
-4179
-12283
-4187
-12619
-4123
-12851
-4179
-13099
-4203
-13355
-4123
-13523
-4131
-13755
-4227
-14035
-4163
-14299
-4195
-14491
-4195
-14731
-4195
-15011
-4219
-15179
-4147
-15435
-4123
-15635
-4211
-15939
-4195
-16107
-4179
-16459
-4195
-16651
-4179
-16875
-4235
-17179
-4219
-17355
-4187
-17627
-4195
-17811
-4163
-18155
-4107
-18323
-4147
-18627
-4211
-18843
-4367
149
-4379
-43
-4419
-355
-4415
-575
-4435
-787
-4391
-1055
-4427
-1243
-4463
-1523
-4451
-1707
-4395
-2027
-4355
-2187
-4383
-2507
-4415
-2767
-4335
-2895
-4383
-3143
-4471
-3463
-4379
-3691
-4351
-3879
-4379
-4091
-4323
-4407
-4435
-4655
-4387
-4899
-4443
-5163
-4395
-5387
-4367
-5559
-4395
-5815
-4351
-6143
-4435
-6271
-4419
-6531
-4391
-6743
-4379
-7035
-4415
-7287
-4423
-7543
-4431
-7791
-4463
-8047
-4415
-8251
-4403
-8435
-4439
-8787
-4371
-8983
-4447
-9131
-4403
-9391
-4419
-9659
-4403
-9907
-4459
-10187
-4347
-10379
-4467
-10627
-4411
-10907
-4411
-11067
-4475
-11331
-4403
-11643
-4435
-11835
-4435
-12115
-4371
-12395
-4475
-12563
-4435
-12795
-4459
-13059
-4475
-13243
-4419
-13475
-4371
-13827
-4435
-14075
-4411
-14259
-4363
-14491
-4459
-14763
-4451
-14939
-4451
-15211
-4371
-15515
-4411
-15635
-4371
-15867
-4443
-16171
-4411
-16395
-4467
-16683
-4347
-16835
-4451
-17139
-4347
-17419
-4387
-17555
-4387
-17795
-4411
-18083
-4363
-18323
-4411
-18619
-4363
-18811
-4671
93
-4595
-11
-4627
-279
-4651
-523
-4699
-775
-4707
-1003
-4687
-1263
-4619
-1563
-4691
-1743
-4607
-2043
-4603
-2227
-4683
-2411
-4691
-2771
-4635
-2891
-4703
-3255
-4631
-3463
-4623
-3659
-4695
-3855
-4647
-4167
-4671
-4367
-4659
-4647
-4651
-4867
-4663
-5163
-4687
-5435
-4659
-5659
-4715
-5863
-4711
-6015
-4647
-6331
-4619
-6531
-4683
-6799
-4591
-7059
-4699
-7263
-4671
-7567
-4567
-7751
-4583
-7915
-4627
-8279
-4651
-8483
-4683
-8727
-4671
-9003
-4659
-9191
-4671
-9447
-4675
-9635
-4707
-9995
-4595
-10219
-4691
-10387
-4699
-10595
-4611
-10899
-4667
-11091
-4627
-11323
-4699
-11675
-4635
-11915
-4619
-12131
-4603
-12283
-4707
-12563
-4683
-12803
-4691
-13035
-4699
-13227
-4699
-13467
-4715
-13819
-4587
-13947
-4587
-14307
-4683
-14515
-4651
-14795
-4715
-15019
-4651
-15243
-4643
-15403
-4651
-15739
-4611
-15987
-4715
-16227
-4691
-16419
-4707
-16643
-4667
-16851
-4683
-17091
-4587
-17403
-4691
-17555
-4587
-17827
-4691
-18027
-4619
-18387
-4635
-18555
-4611
-18867
-4883
133
-4863
-107
-4875
-379
-4867
-591
-4955
-827
-4927
-1087
-4931
-1311
-4843
-1479
-4847
-1763
-4911
-1923
-4883
-2163
-4875
-2403
-4907
-2771
-4955
-2911
-4911
-3179
-4823
-3427
-4951
-3639
-4807
-3859
-4939
-4131
-4935
-4455
-4867
-4555
-4931
-4827
-4915
-5039
-4907
-5355
-4803
-5551
-4903
-5835
-4939
-6091
-4919
-6307
-4931
-6499
-4927
-6835
-4911
-7099
-4843
-7271
-4851
-7487
-4923
-7731
-4931
-8035
-4879
-8291
-4875
-8519
-4859
-8723
-4815
-8999
-4867
-9223
-4875
-9371
-4915
-9683
-4827
-9995
-4867
-10211
-4851
-10411
-4939
-10659
-4955
-10955
-4931
-11115
-4955
-11307
-4931
-11563
-4867
-11819
-4931
-12083
-4955
-12387
-4947
-12523
-4955
-12779
-4827
-13091
-4931
-13283
-4867
-13483
-4955
-13787
-4931
-14035
-4947
-14187
-4947
-14427
-4835
-14691
-4843
-14979
-4883
-15227
-4947
-15403
-4947
-15699
-4923
-15875
-4947
-16227
-4883
-16379
-4891
-16627
-4947
-16883
-4843
-17163
-4875
-17387
-4931
-17547
-4931
-17883
-4923
-18131
-4915
-18363
-4955
-18619
-4923
-18851
-5151
141
-5083
-123
-5139
-355
-5155
-555
-5163
-843
-5067
-1011
-5127
-1335
-5151
-1535
-5171
-1787
-5051
-1959
-5147
-2203
-5159
-2435
-5127
-2675
-5163
-2995
-5091
-3243
-5079
-3379
-5155
-3743
-5111
-3859
-5187
-4215
-5075
-4447
-5063
-4595
-5111
-4875
-5159
-5067
-5067
-5307
-5107
-5587
-5163
-5827
-5083
-6127
-5139
-6347
-5111
-6515
-5111
-6779
-5075
-7087
-5151
-7295
-5123
-7535
-5159
-7755
-5095
-8023
-5063
-8287
-5195
-8499
-5195
-8711
-5123
-9003
-5195
-9163
-5183
-9379
-5099
-9707
-5147
-9955
-5075
-10219
-5091
-10435
-5195
-10699
-5155
-10907
-5187
-11123
-5195
-11315
-5115
-11643
-5187
-11843
-5155
-12083
-5075
-12315
-5123
-12611
-5083
-12771
-5075
-13107
-5083
-13259
-5171
-13499
-5083
-13739
-5139
-13987
-5139
-14275
-5187
-14483
-5195
-14715
-5099
-14971
-5139
-15267
-5195
-15483
-5179
-15635
-5163
-15971
-5083
-16219
-5099
-16363
-5131
-16603
-5163
-16947
-5123
-17091
-5115
-17307
-5147
-17555
-5195
-17851
-5187
-18067
-5107
-18371
-5195
-18547
-5115
-18827
-5427
149
-5339
-107
-5411
-315
-5371
-579
-5419
-843
-5435
-1115
-5411
-1251
-5395
-1531
-5323
-1819
-5395
-2039
-5387
-2279
-5355
-2439
-5323
-2767
-5395
-2955
-5379
-3259
-5435
-3451
-5403
-3627
-5435
-3939
-5371
-4155
-5331
-4351
-5403
-4595
-5411
-4907
-5419
-5067
-5411
-5371
-5411
-5603
-5427
-5875
-5331
-6075
-5323
-6299
-5419
-6627
-5411
-6819
-5363
-7011
-5427
-7251
-5411
-7499
-5379
-7799
-5371
-8059
-5411
-8195
-5371
-8435
-5435
-8715
-5419
-9019
-5339
-9139
-5435
-9387
-5307
-9739
-5323
-9907
-5435
-10163
-5403
-10347
-5435
-10715
-5395
-10947
-5371
-11115
-5339
-11315
-5331
-11611
-5315
-11875
-5435
-12107
-5379
-12267
-5379
-12571
-5347
-12763
-5355
-13027
-5379
-13323
-5363
-13467
-5427
-13811
-5347
-14067
-5331
-14203
-5387
-14547
-5435
-14787
-5403
-14931
-5387
-15171
-5347
-15491
-5411
-15675
-5435
-15963
-5315
-16147
-5419
-16403
-5403
-16683
-5379
-16907
-5371
-17115
-5323
-17395
-5339
-17611
-5371
-17875
-5347
-18091
-5403
-18395
-5395
-18555
-5371
-18843
-5643
141
-5643
-123
-5675
-299
-5635
-523
-5587
-875
-5603
-1107
-5555
-1299
-5667
-1523
-5667
-1707
-5643
-1987
-5667
-2307
-5563
-2427
-5627
-2771
-5651
-2979
-5659
-3155
-5603
-3443
-5555
-3659
-5667
-3915
-5643
-4147
-5619
-4451
-5563
-4627
-5643
-4899
-5579
-5195
-5571
-5403
-5603
-5619
-5611
-5843
-5603
-6067
-5643
-6275
-5555
-6547
-5635
-6851
-5659
-7075
-5611
-7299
-5667
-7491
-5571
-7747
-5571
-8019
-5587
-8211
-5587
-8547
-5587
-8763
-5555
-8907
-5619
-9275
-5571
-9451
-5659
-9651
-5555
-9939
-5667
-10227
-5643
-10411
-5611
-10643
-5563
-10939
-5603
-11099
-5635
-11403
-5659
-11603
-5643
-11795
-5611
-12051
-5619
-12387
-5571
-12515
-5659
-12867
-5667
-13035
-5675
-13355
-5547
-13579
-5571
-13803
-5563
-13971
-5571
-14203
-5667
-14443
-5643
-14699
-5667
-15011
-5659
-15171
-5547
-15387
-5579
-15667
-5651
-15891
-5595
-16195
-5651
-16443
-5659
-16715
-5651
-16875
-5579
-17179
-5643
-17355
-5643
-17611
-5619
-17907
-5659
-18115
-5579
-18355
-5579
-18531
-5667
-18851
-5859
117
-5875
-99
-5891
-363
-5819
-635
-5899
-867
-5795
-1011
-5843
-1315
-5867
-1523
-5867
-1723
-5915
-2011
-5795
-2235
-5827
-2531
-5867
-2739
-5835
-2915
-5891
-3235
-5867
-3427
-5835
-3683
-5915
-3915
-5795
-4131
-5835
-4467
-5827
-4635
-5883
-4875
-5899
-5171
-5859
-5371
-5915
-5587
-5891
-5883
-5915
-6059
-5867
-6355
-5899
-6603
-5867
-6859
-5867
-7075
-5867
-7283
-5811
-7539
-5875
-7819
-5891
-7963
-5891
-8259
-5883
-8523
-5787
-8763
-5915
-8907
-5899
-9163
-5795
-9467
-5883
-9755
-5851
-9995
-5915
-10187
-5875
-10411
-5915
-10699
-5899
-10835
-5835
-11115
-5787
-11379
-5851
-11667
-5867
-11891
-5867
-12043
-5859
-12379
-5843
-12547
-5867
-12755
-5867
-13115
-5867
-13331
-5811
-13579
-5851
-13835
-5883
-14019
-5819
-14187
-5835
-14443
-5899
-14755
-5907
-15011
-5883
-15163
-5787
-15411
-5899
-15755
-5907
-15995
-5843
-16155
-5875
-16475
-5867
-16691
-5899
-16827
-5843
-17131
-5891
-17427
-5803
-17651
-5907
-17859
-5843
-18123
-5811
-18283
-5899
-18555
-5867
-18819
-6083
85
-6139
-27
-6123
-275
-6075
-555
-6043
-827
-6035
-1043
-6067
-1331
-6051
-1491
-6147
-1763
-6155
-2019
-6155
-2251
-6107
-2483
-6099
-2787
-6067
-3011
-6075
-3211
-6139
-3475
-6091
-3707
-6123
-3899
-6147
-4179
-6043
-4411
-6139
-4587
-6139
-4915
-6139
-5123
-6051
-5371
-6123
-5547
-6091
-5811
-6067
-6075
-6035
-6355
-6147
-6619
-6099
-6795
-6059
-6987
-6043
-7243
-6131
-7587
-6139
-7819
-6139
-8011
-6155
-8219
-6075
-8467
-6139
-8739
-6155
-8955
-6107
-9179
-6123
-9403
-6123
-9643
-6075
-9915
-6075
-10147
-6131
-10451
-6027
-10667
-6091
-10955
-6099
-11195
-6147
-11323
-6155
-11555
-6067
-11899
-6155
-12091
-6155
-12387
-6139
-12531
-6147
-12835
-6067
-13107
-6139
-13251
-6147
-13475
-6155
-13715
-6155
-13987
-6115
-14227
-6131
-14451
-6147
-14715
-6139
-14979
-6123
-15163
-6123
-15443
-6139
-15675
-6107
-15971
-6147
-16171
-6131
-16427
-6075
-16715
-6147
-16883
-6155
-17131
-6123
-17379
-6059
-17627
-6147
-17795
-6155
-18051
-6067
-18315
-6035
-18515
-6027
-18811
-6323
93
-6339
-155
-6283
-395
-6387
-635
-6347
-755
-6355
-1027
-6363
-1259
-6379
-1491
-6371
-1779
-6347
-2059
-6355
-2235
-6387
-2491
-6371
-2707
-6323
-2979
-6331
-3227
-6379
-3515
-6339
-3691
-6395
-3955
-6347
-4107
-6371
-4355
-6275
-4619
-6275
-4867
-6355
-5131
-6347
-5339
-6267
-5635
-6395
-5843
-6379
-6131
-6331
-6275
-6283
-6523
-6395
-6787
-6315
-6987
-6347
-7275
-6387
-7491
-6291
-7739
-6331
-8011
-6355
-8227
-6379
-8523
-6267
-8707
-6323
-8971
-6323
-9155
-6275
-9395
-6355
-9635
-6395
-9931
-6331
-10227
-6387
-10355
-6371
-10715
-6275
-10931
-6331
-11187
-6307
-11379
-6371
-11611
-6363
-11907
-6371
-12139
-6347
-12363
-6307
-12515
-6267
-12827
-6395
-13043
-6395
-13355
-6379
-13571
-6371
-13739
-6363
-14003
-6267
-14187
-6371
-14451
-6331
-14675
-6395
-14907
-6307
-15227
-6387
-15419
-6363
-15635
-6371
-15963
-6395
-16219
-6371
-16427
-6339
-16595
-6395
-16859
-6315
-17179
-6291
-17315
-6387
-17667
-6299
-17899
-6355
-18155
-6387
-18299
-6395
-18523
-6371
-18859
-6619
149
-6635
-35
-6515
-339
-6523
-515
-6579
-811
-6539
-1083
-6619
-1227
-6531
-1555
-6531
-1779
-6547
-2059
-6595
-2291
-6635
-2523
-6603
-2723
-6619
-2963
-6635
-3259
-6595
-3395
-6627
-3643
-6587
-3907
-6611
-4163
-6603
-4355
-6619
-4715
-6563
-4827
-6635
-5139
-6563
-5307
-6619
-5659
-6555
-5795
-6611
-6107
-6555
-6363
-6563
-6571
-6611
-6875
-6587
-7099
-6603
-7283
-6579
-7547
-6571
-7723
-6571
-7955
-6627
-8267
-6571
-8435
-6627
-8731
-6635
-9035
-6595
-9179
-6587
-9507
-6523
-9739
-6547
-9963
-6595
-10155
-6611
-10379
-6587
-10699
-6595
-10867
-6571
-11107
-6547
-11427
-6515
-11651
-6587
-11795
-6587
-12131
-6635
-12299
-6587
-12555
-6595
-12787
-6627
-13075
-6627
-13267
-6547
-13579
-6531
-13779
-6635
-14051
-6531
-14251
-6611
-14475
-6603
-14707
-6571
-14923
-6539
-15155
-6515
-15515
-6547
-15699
-6619
-15995
-6531
-16195
-6547
-16363
-6635
-16667
-6587
-16827
-6579
-17075
-6531
-17403
-6595
-17547
-6603
-17859
-6627
-18099
-6587
-18355
-6507
-18635
-6579
-18819
-6763
93
-6851
-75
-6859
-379
-6803
-555
-6803
-843
-6867
-1059
-6747
-1267
-6859
-1467
-6795
-1795
-6875
-1987
-6851
-2227
-6843
-2483
-6859
-2715
-6779
-2987
-6827
-3147
-6755
-3515
-6851
-3675
-6795
-3947
-6859
-4219
-6779
-4451
-6811
-4699
-6843
-4955
-6819
-5099
-6851
-5323
-6787
-5635
-6867
-5859
-6835
-6131
-6803
-6323
-6811
-6611
-6819
-6875
-6859
-7035
-6875
-7227
-6843
-7571
-6827
-7747
-6867
-7947
-6859
-8187
-6819
-8499
-6859
-8699
-6851
-8979
-6795
-9195
-6843
-9507
-6843
-9739
-6747
-9947
-6747
-10163
-6811
-10451
-6875
-10603
-6835
-10899
-6803
-11139
-6811
-11419
-6811
-11675
-6747
-11843
-6843
-12091
-6747
-12355
-6763
-12571
-6827
-12787
-6843
-13035
-6843
-13267
-6859
-13475
-6835
-13827
-6819
-14035
-6835
-14195
-6875
-14515
-6875
-14691
-6867
-15011
-6843
-15227
-6779
-15507
-6803
-15723
-6875
-15907
-6819
-16219
-6803
-16435
-6843
-16659
-6827
-16875
-6851
-17155
-6867
-17419
-6755
-17555
-6803
-17843
-6755
-18099
-6787
-18283
-6851
-18595
-6787
-18859
-7027
125
-7107
-131
-7075
-371
-7027
-611
-7075
-851
-7043
-1035
-7043
-1315
-7115
-1571
-7099
-1803
-7107
-1963
-7027
-2267
-6995
-2523
-7011
-2771
-7083
-2947
-7091
-3251
-7027
-3515
-7083
-3691
-7027
-3891
-7059
-4187
-7099
-4435
-7043
-4707
-7075
-4899
-7003
-5083
-7051
-5363
-7003
-5619
-7051
-5875
-7107
-6139
-7011
-6315
-7091
-6523
-7083
-6835
-7091
-7059
-7075
-7251
-7115
-7587
-7027
-7715
-7091
-8059
-7027
-8187
-7059
-8523
-7027
-8691
-7035
-8979
-7107
-9243
-7091
-9475
-7003
-9627
-7011
-9971
-7115
-10211
-7075
-10403
-7059
-10675
-7003
-10891
-7067
-11171
-7011
-11307
-7019
-11635
-7083
-11899
-7059
-12075
-7059
-12387
-7043
-12523
-7115
-12867
-7059
-12995
-7003
-13291
-7091
-13571
-7099
-13771
-7099
-14051
-7035
-14267
-7107
-14491
-7091
-14763
-7091
-15035
-7051
-15211
-7051
-15499
-7027
-15699
-7075
-15915
-7027
-16219
-7083
-16347
-7011
-16587
-7067
-16859
-7083
-17163
-7011
-17307
-7075
-17563
-7107
-17867
-7091
-18115
-7043
-18315
-7011
-18547
-7059
-18875
-7331
101
-7275
-123
-7323
-363
-7323
-619
-7299
-763
-7315
-1099
-7283
-1259
-7259
-1579
-7355
-1803
-7291
-2027
-7315
-2227
-7339
-2443
-7275
-2731
-7347
-2907
-7267
-3243
-7347
-3467
-7323
-3747
-7283
-3939
-7323
-4115
-7347
-4443
-7331
-4619
-7315
-4947
-7331
-5195
-7315
-5355
-7331
-5555
-7323
-5819
-7347
-6155
-7259
-6355
-7243
-6579
-7339
-6771
-7275
-7091
-7339
-7251
-7355
-7491
-7291
-7819
-7323
-7979
-7299
-8259
-7275
-8475
-7331
-8723
-7355
-8963
-7259
-9187
-7275
-9483
-7339
-9683
-7251
-9987
-7307
-10219
-7235
-10411
-7339
-10595
-7227
-10867
-7283
-11099
-7339
-11411
-7243
-11555
-7355
-11795
-7283
-12155
-7307
-12355
-7339
-12603
-7323
-12795
-7355
-12987
-7331
-13227
-7315
-13547
-7275
-13779
-7355
-14051
-7315
-14203
-7299
-14499
-7251
-14707
-7347
-15035
-7291
-15251
-7355
-15459
-7291
-15651
-7315
-15963
-7323
-16211
-7315
-16443
-7291
-16683
-7299
-16875
-7331
-17123
-7283
-17331
-7331
-17643
-7307
-17827
-7299
-18067
-7355
-18395
-7227
-18539
-7243
-18819
-7467
133
-7587
-131
-7547
-363
-7523
-611
-7563
-843
-7531
-1051
-7595
-1283
-7539
-1475
-7555
-1803
-7595
-2011
-7539
-2227
-7555
-2499
-7555
-2755
-7579
-2931
-7491
-3259
-7595
-3395
-7515
-3675
-7547
-3987
-7555
-4107
-7579
-4451
-7539
-4707
-7555
-4827
-7539
-5147
-7547
-5435
-7587
-5675
-7491
-5899
-7587
-6131
-7531
-6339
-7555
-6539
-7571
-6843
-7531
-7027
-7547
-7267
-7531
-7515
-7547
-7779
-7499
-8011
-7555
-8299
-7531
-8523
-7547
-8683
-7523
-8971
-7547
-9227
-7491
-9475
-7523
-9675
-7467
-9979
-7555
-10123
-7587
-10443
-7555
-10699
-7507
-10867
-7571
-11123
-7483
-11395
-7483
-11659
-7491
-11803
-7483
-12107
-7491
-12371
-7571
-12571
-7499
-12811
-7579
-13043
-7515
-13291
-7547
-13563
-7483
-13803
-7547
-13963
-7491
-14259
-7531
-14459
-7547
-14771
-7475
-14995
-7587
-15243
-7539
-15475
-7579
-15683
-7507
-15947
-7555
-16203
-7595
-16355
-7587
-16603
-7475
-16883
-7547
-17147
-7563
-17379
-7483
-17587
-7539
-17819
-7531
-18075
-7523
-18323
-7547
-18547
-7523
-18835
-7763
149
-7835
-67
-7819
-363
-7723
-555
-7811
-859
-7747
-1115
-7835
-1235
-7779
-1475
-7835
-1795
-7739
-2075
-7835
-2195
-7835
-2475
-7771
-2667
-7835
-2947
-7835
-3251
-7803
-3443
-7755
-3627
-7707
-3867
-7771
-4235
-7747
-4387
-7819
-4627
-7803
-4947
-7707
-5107
-7827
-5323
-7827
-5563
-7803
-5899
-7819
-6139
-7811
-6347
-7763
-6507
-7771
-6827
-7819
-7035
-7795
-7259
-7739
-7539
-7819
-7731
-7819
-7987
-7747
-8195
-7779
-8451
-7803
-8667
-7747
-8987
-7763
-9147
-7811
-9387
-7795
-9699
-7771
-9963
-7755
-10203
-7795
-10355
-7803
-10651
-7803
-10899
-7747
-11163
-7827
-11379
-7795
-11555
-7779
-11859
-7835
-12099
-7771
-12315
-7723
-12571
-7787
-12747
-7811
-13011
-7747
-13323
-7827
-13491
-7779
-13723
-7827
-14011
-7811
-14219
-7819
-14443
-7763
-14779
-7787
-15027
-7715
-15243
-7739
-15403
-7811
-15715
-7779
-15867
-7795
-16227
-7747
-16411
-7819
-16611
-7779
-16923
-7835
-17139
-7715
-17331
-7811
-17547
-7747
-17899
-7787
-18123
-7811
-18275
-7827
-18555
-7747
-18859
-7995
85
-7955
-27
-7987
-379
-8051
-563
-8019
-859
-8075
-1099
-8075
-1259
-8067
-1547
-8003
-1771
-8051
-2051
-7995
-2307
-8075
-2523
-8003
-2731
-8027
-2971
-8067
-3203
-8067
-3507
-7971
-3707
-8059
-3867
-8027
-4235
-7963
-4395
-7971
-4619
-7947
-4843
-8051
-5115
-7947
-5363
-8067
-5547
-7979
-5795
-8051
-6123
-7963
-6355
-8059
-6635
-8043
-6779
-7971
-7043
-8043
-7355
-7947
-7523
-8019
-7779
-8067
-7979
-7955
-8275
-7947
-8523
-8051
-8731
-8051
-8931
-8075
-9243
-7995
-9435
-8059
-9651
-7987
-9899
-7995
-10211
-8059
-10363
-8011
-10603
-7987
-10835
-8067
-11123
-7995
-11339
-7995
-11571
-7987
-11907
-8019
-12107
-7955
-12299
-8075
-12619
-8059
-12827
-8067
-13043
-8043
-13227
-8075
-13563
-8075
-13795
-8051
-13947
-8051
-14315
-8027
-14483
-7995
-14699
-8059
-14915
-8059
-15147
-8075
-15491
-8019
-15739
-7971
-15915
-7955
-16195
-7995
-16467
-8051
-16651
-8027
-16939
-8027
-17139
-7955
-17371
-7955
-17547
-8043
-17859
-8051
-18075
-8075
-18387
-8043
-18523
-7963
-18851
-8187
141
-8251
-99
-8291
-387
-8291
-523
-8227
-747
-8315
-1051
-8243
-1275
-8211
-1563
-8267
-1739
-8315
-2035
-8291
-2243
-8299
-2547
-8267
-2795
-8299
-2979
-8283
-3219
-8243
-3507
-8307
-3723
-8243
-3899
-8195
-4163
-8251
-4443
-8219
-4619
-8299
-4859
-8315
-5115
-8227
-5371
-8259
-5619
-8291
-5803
-8187
-6027
-8275
-6395
-8211
-6579
-8283
-6787
-8259
-6995
-8299
-7307
-8315
-7571
-8307
-7811
-8251
-8067
-8243
-8235
-8307
-8523
-8315
-8747
-8251
-8995
-8227
-9203
-8307
-9427
-8275
-9635
-8291
-9899
-8275
-10227
-8283
-10363
-8227
-10675
-8243
-10899
-8307
-11083
-8195
-11363
-8227
-11667
-8259
-11819
-8315
-12067
-8227
-12371
-8243
-12507
-8275
-12779
-8299
-12995
-8259
-13299
-8195
-13523
-8299
-13731
-8291
-13955
-8299
-14219
-8211
-14547
-8243
-14787
-8307
-14907
-8195
-15251
-8259
-15499
-8219
-15659
-8315
-15899
-8267
-16219
-8299
-16387
-8187
-16643
-8291
-16827
-8275
-17091
-8219
-17331
-8275
-17555
-8211
-17795
-8275
-18043
-8195
-18315
-8315
-18507
-8307
-18859
-8483
117
-8547
-91
-8483
-283
-8507
-571
-8483
-779
-8427
-987
-8555
-1315
-8427
-1491
-8507
-1819
-8491
-1979
-8427
-2259
-8491
-2483
-8427
-2787
-8459
-2939
-8547
-3195
-8435
-3499
-8459
-3683
-8555
-3971
-8499
-4139
-8507
-4379
-8491
-4667
-8507
-4899
-8531
-5179
-8491
-5371
-8515
-5563
-8443
-5803
-8547
-6147
-8555
-6363
-8475
-6595
-8555
-6875
-8539
-7051
-8475
-7315
-8451
-7515
-8523
-7715
-8507
-7987
-8531
-8203
-8523
-8475
-8515
-8715
-8555
-8995
-8491
-9243
-8555
-9507
-8547
-9675
-8523
-9955
-8451
-10155
-8435
-10475
-8483
-10699
-8427
-10947
-8451
-11107
-8499
-11403
-8555
-11571
-8467
-11787
-8547
-12051
-8547
-12283
-8491
-12571
-8539
-12811
-8523
-13003
-8427
-13323
-8467
-13531
-8507
-13795
-8443
-14035
-8547
-14203
-8491
-14515
-8547
-14779
-8555
-14931
-8491
-15187
-8547
-15395
-8475
-15747
-8491
-15899
-8531
-16219
-8531
-16371
-8499
-16699
-8475
-16907
-8435
-17123
-8499
-17403
-8483
-17603
-8531
-17787
-8539
-18155
-8507
-18283
-8555
-18595
-8555
-18835
-8715
93
-8723
-35
-8755
-299
-8779
-611
-8747
-851
-8795
-1043
-8755
-1315
-8731
-1571
-8763
-1819
-8755
-1987
-8667
-2283
-8763
-2499
-8731
-2731
-8755
-3011
-8787
-3243
-8723
-3387
-8763
-3667
-8739
-3923
-8739
-4163
-8691
-4371
-8763
-4627
-8723
-4875
-8771
-5075
-8795
-5355
-8779
-5627
-8771
-5843
-8771
-6059
-8723
-6267
-8779
-6515
-8787
-6779
-8747
-7035
-8747
-7315
-8755
-7523
-8771
-7835
-8691
-8067
-8715
-8307
-8699
-8539
-8787
-8731
-8707
-8995
-8795
-9259
-8795
-9507
-8731
-9707
-8795
-9995
-8747
-10131
-8771
-10459
-8731
-10651
-8675
-10859
-8715
-11115
-8771
-11419
-8667
-11603
-8699
-11907
-8707
-12123
-8779
-12291
-8771
-12547
-8699
-12755
-8683
-13043
-8787
-13339
-8755
-13467
-8763
-13763
-8747
-13963
-8779
-14187
-8795
-14499
-8779
-14707
-8771
-14947
-8787
-15147
-8747
-15395
-8795
-15723
-8731
-15915
-8707
-16123
-8755
-16467
-8779
-16587
-8787
-16843
-8763
-17195
-8779
-17419
-8779
-17651
-8779
-17835
-8707
-18043
-8715
-18275
-8795
-18635
-8771
-18827
-8915
85
-8907
-99
-8923
-267
-9019
-627
-8979
-835
-8939
-1067
-8971
-1355
-9011
-1563
-8915
-1763
-9019
-1947
-9019
-2243
-8987
-2467
-9027
-2771
-8979
-2931
-9011
-3147
-8931
-3419
-8979
-3643
-8947
-3939
-8995
-4139
-8923
-4347
-8987
-4595
-8987
-4915
-8931
-5123
-9035
-5315
-8915
-5675
-9027
-5843
-9027
-6139
-9035
-6267
-8907
-6579
-9035
-6811
-8907
-7083
-8963
-7347
-9003
-7483
-9011
-7771
-9011
-7955
-8987
-8195
-9019
-8427
-8955
-8731
-9019
-9035
-8955
-9155
-9035
-9395
-9027
-9707
-8915
-9939
-8971
-10107
-9011
-10395
-8931
-10643
-8963
-10907
-9019
-11075
-9011
-11347
-8907
-11619
-8971
-11827
-8947
-12107
-9003
-12331
-9027
-12563
-8995
-12755
-9003
-13083
-9035
-13331
-9019
-13579
-8939
-13779
-8947
-13979
-9019
-14195
-9027
-14523
-9027
-14683
-8979
-15003
-9027
-15163
-9003
-15459
-9035
-15683
-9019
-15931
-8931
-16115
-8971
-16435
-9011
-16667
-8979
-16851
-9011
-17155
-9035
-17403
-8931
-17667
-8931
-17795
-9027
-18051
-8923
-18291
-9035
-18555
-9019
-18811
-9243
133
-9267
-139
-9251
-371
-9219
-507
-9147
-867
-9267
-1051
-9203
-1355
-9179
-1499
-9203
-1819
-9155
-2027
-9203
-2195
-9163
-2539
-9235
-2715
-9275
-2907
-9227
-3147
-9179
-3507
-9243
-3667
-9243
-3931
-9275
-4163
-9235
-4379
-9227
-4651
-9219
-4899
-9211
-5147
-9195
-5427
-9267
-5595
-9155
-5907
-9267
-6027
-9211
-6275
-9179
-6595
-9275
-6755
-9235
-7067
-9251
-7235
-9251
-7595
-9251
-7803
-9259
-7963
-9203
-8299
-9275
-8435
-9259
-8691
-9155
-8907
-9219
-9163
-9267
-9411
-9179
-9739
-9227
-9995
-9267
-10219
-9203
-10403
-9171
-10715
-9227
-10827
-9251
-11107
-9243
-11379
-9267
-11643
-9195
-11915
-9163
-12091
-9267
-12323
-9187
-12595
-9203
-12747
-9203
-13075
-9259
-13339
-9155
-13587
-9251
-13763
-9171
-14075
-9211
-14243
-9195
-14523
-9187
-14667
-9211
-14931
-9179
-15171
-9195
-15395
-9267
-15667
-9227
-15939
-9211
-16227
-9219
-16411
-9243
-16667
-9235
-16955
-9171
-17187
-9259
-17403
-9179
-17547
-9275
-17851
-9187
-18099
-9235
-18323
-9235
-18611
-9227
-18867
-9419
101
-9411
-155
-9507
-395
-9387
-547
-9411
-779
-9483
-1075
-9499
-1331
-9451
-1547
-9507
-1739
-9499
-2011
-9451
-2203
-9387
-2499
-9435
-2787
-9475
-2979
-9499
-3163
-9443
-3427
-9411
-3635
-9515
-3923
-9467
-4179
-9499
-4379
-9467
-4587
-9483
-4955
-9467
-5083
-9419
-5363
-9467
-5571
-9411
-5891
-9435
-6123
-9515
-6283
-9395
-6555
-9435
-6787
-9467
-7019
-9427
-7275
-9491
-7467
-9475
-7747
-9499
-8067
-9419
-8299
-9427
-8531
-9467
-8795
-9475
-9011
-9475
-9251
-9427
-9467
-9451
-9731
-9515
-9923
-9467
-10131
-9467
-10475
-9411
-10707
-9419
-10955
-9475
-11099
-9507
-11379
-9491
-11667
-9403
-11899
-9435
-12067
-9443
-12379
-9387
-12563
-9491
-12819
-9483
-12987
-9507
-13355
-9515
-13579
-9419
-13835
-9507
-13971
-9443
-14211
-9395
-14483
-9419
-14667
-9459
-15011
-9451
-15147
-9467
-15411
-9435
-15675
-9491
-15987
-9467
-16163
-9507
-16475
-9451
-16715
-9451
-16923
-9459
-17115
-9507
-17307
-9491
-17659
-9507
-17795
-9467
-18035
-9419
-18331
-9435
-18507
-9427
-18867
-9643
85
-9683
-35
-9723
-339
-9691
-579
-9691
-787
-9651
-987
-9667
-1267
-9715
-1555
-9723
-1731
-9667
-1987
-9691
-2259
-9667
-2539
-9683
-2699
-9755
-3003
-9747
-3267
-9667
-3475
-9715
-3691
-9731
-3883
-9739
-4187
-9635
-4355
-9731
-4683
-9659
-4835
-9739
-5187
-9739
-5331
-9627
-5667
-9739
-5883
-9755
-6051
-9731
-6291
-9747
-6515
-9755
-6787
-9747
-7107
-9651
-7235
-9691
-7475
-9739
-7779
-9691
-8067
-9651
-8203
-9699
-8443
-9675
-8787
-9707
-8979
-9683
-9211
-9755
-9475
-9659
-9731
-9739
-9891
-9707
-10123
-9723
-10451
-9699
-10635
-9715
-10843
-9659
-11187
-9635
-11371
-9651
-11563
-9723
-11803
-9643
-12083
-9651
-12299
-9755
-12635
-9691
-12771
-9699
-13091
-9707
-13251
-9691
-13507
-9723
-13723
-9739
-14011
-9643
-14187
-9755
-14507
-9739
-14675
-9651
-14987
-9683
-15195
-9707
-15411
-9731
-15747
-9715
-15931
-9635
-16131
-9739
-16395
-9723
-16587
-9699
-16891
-9731
-17091
-9755
-17395
-9723
-17555
-9635
-17859
-9643
-18099
-9699
-18339
-9715
-18603
-9747
-18867
-9891
125
-9907
-123
-9955
-267
-9907
-579
-9891
-835
-9939
-1011
-9979
-1323
-9923
-1507
-9931
-1787
-9963
-2051
-9923
-2315
-9987
-2515
-9931
-2731
-9963
-3019
-9899
-3187
-9995
-3419
-9907
-3643
-9979
-3963
-9899
-4203
-9987
-4347
-9867
-4635
-9979
-4939
-9891
-5099
-9971
-5331
-9867
-5675
-9947
-5907
-9899
-6139
-9907
-6395
-9979
-6539
-9971
-6771
-9979
-7035
-9883
-7315
-9875
-7467
-9947
-7707
-9939
-8043
-9939
-8283
-9955
-8523
-9931
-8755
-9875
-9027
-9971
-9275
-9899
-9515
-9955
-9747
-9947
-9899
-9963
-10179
-9907
-10459
-9939
-10587
-9947
-10851
-9923
-11195
-9947
-11411
-9995
-11595
-9979
-11883
-9947
-12155
-9963
-12379
-9915
-12555
-9987
-12859
-9883
-13011
-9939
-13259
-9899
-13587
-9995
-13755
-9955
-14075
-9867
-14251
-9979
-14507
-9939
-14739
-9907
-14963
-9995
-15251
-9987
-15467
-9987
-15627
-9899
-15907
-9939
-16123
-9923
-16395
-9987
-16651
-9971
-16843
-9963
-17171
-9867
-17339
-9883
-17651
-9947
-17827
-9963
-18035
-9971
-18267
-9979
-18603
-9987
-18819
-10139
149
-10235
-27
-10211
-339
-10155
-627
-10235
-875
-10123
-1035
-10235
-1283
-10235
-1507
-10211
-1819
-10187
-2075
-10147
-2195
-10115
-2483
-10171
-2675
-10219
-2971
-10171
-3219
-10235
-3451
-10115
-3659
-10203
-3915
-10211
-4187
-10211
-4347
-10131
-4707
-10187
-4875
-10195
-5131
-10235
-5411
-10235
-5619
-10227
-5899
-10147
-6051
-10203
-6331
-10235
-6531
-10179
-6859
-10163
-7051
-10155
-7243
-10187
-7587
-10219
-7819
-10163
-8059
-10171
-8267
-10155
-8515
-10163
-8667
-10163
-8955
-10219
-9275
-10155
-9435
-10187
-9643
-10227
-9875
-10171
-10187
-10195
-10411
-10163
-10635
-10219
-10867
-10227
-11139
-10123
-11427
-10211
-11627
-10235
-11827
-10155
-12147
-10187
-12355
-10203
-12611
-10219
-12779
-10195
-13099
-10147
-13307
-10171
-13531
-10235
-13739
-10147
-13979
-10115
-14283
-10227
-14483
-10163
-14707
-10235
-14923
-10219
-15267
-10155
-15467
-10203
-15683
-10195
-15891
-10203
-16211
-10219
-16387
-10131
-16643
-10235
-16907
-10227
-17195
-10219
-17323
-10219
-17571
-10227
-17915
-10227
-18155
-10123
-18355
-10147
-18547
-10203
-18811
-10435
133
-10427
-107
-10459
-379
-10435
-563
-10451
-819
-10459
-1019
-10411
-1235
-10443
-1539
-10459
-1707
-10435
-1987
-10435
-2195
-10475
-2427
-10459
-2739
-10467
-2907
-10459
-3219
-10419
-3475
-10467
-3635
-10459
-3915
-10419
-4139
-10459
-4387
-10459
-4675
-10435
-4907
-10443
-5187
-10451
-5395
-10467
-5667
-10475
-5851
-10467
-6123
-10475
-6371
-10451
-6563
-10435
-6851
-10451
-7115
-10467
-7251
-10435
-7539
-10467
-7755
-10451
-8011
-10451
-8203
-10427
-8483
-10419
-8699
-10467
-8963
-10427
-9179
-10411
-9459
-10451
-9747
-10475
-9915
-10435
-10227
-10435
-10347
-10467
-10707
-10435
-10923
-10435
-11195
-10443
-11347
-10419
-11603
-10459
-11819
-10459
-12059
-10419
-12307
-10451
-12515
-10411
-12771
-10467
-13067
-10411
-13331
-10435
-13579
-10451
-13803
-10419
-13963
-10467
-14203
-10467
-14547
-10411
-14755
-10411
-14939
-10467
-15275
-10451
-15435
-10443
-15659
-10451
-15931
-10427
-16171
-10411
-16451
-10475
-16611
-10427
-16915
-10459
-17139
-10475
-17363
-10451
-17659
-10443
-17843
-10467
-18035
-10427
-18363
-10411
-18515
-10435
-18851
