141
625
720
-139
253
-305
406
-609
159
-783
415
-1037
222
-1263
247
-1453
389
-1753
238
-1929
374
-2262
201
-2453
129
-2769
155
-2949
245
-3171
303
-3499
123
-3669
143
-3917
419
-4161
281
-4423
341
-4579
93
-4803
101
-5115
93
-5291
141
-5583
125
-5851
125
-6019
149
-6327
93
-6499
109
-6827
133
-7007
93
-7343
85
-7527
101
-7807
101
-8039
141
-8175
125
-8427
101
-8719
93
-8899
109
-9179
93
-9443
149
-9643
93
-9979
85
-10211
141
-10459
93
-10691
141
-10955
149
-11083
93
-11339
125
-11675
101
-11787
141
-12051
117
-12315
85
-12595
93
-12747
117
-13043
133
-13355
101
-13499
149
-13835
93
-13947
85
-14267
93
-14443
109
-14691
133
-14979
85
-15211
85
-15419
93
-15723
117
-15971
101
-16115
117
-16459
85
-16691
149
-16859
149
-17195
101
-17427
109
-17635
141
-17803
149
-18115
141
-18299
125
-18611
141
-18851
-19
753
-55
-37
-123
-329
-63
-532
-37
-749
-92
-1043
-34
-1307
-150
-1521
-93
-1727
-78
-1965
-79
-2219
-93
-2549
-85
-2661
-99
-2943
-135
-3199
-27
-3429
-35
-3657
-121
-3875
-51
-4103
-41
-4395
-91
-4679
-107
-4895
-123
-5107
-23
-5283
-83
-5635
-39
-5895
-71
-6067
-135
-6363
-123
-6627
-111
-6743
-43
-7015
-95
-7323
5
-7495
-143
-7723
-23
-7979
-123
-8203
-139
-8495
-51
-8771
-63
-8967
-143
-9211
-51
-9499
-83
-9683
-27
-9891
-99
-10171
-67
-10355
-147
-10691
-43
-10875
-131
-11171
-83
-11427
-75
-11611
-67
-11867
-147
-12123
-59
-12371
-107
-12563
-83
-12867
-75
-12987
-91
-13259
-83
-13531
-107
-13755
-59
-14035
-83
-14195
-35
-14467
-147
-14731
-35
-14987
-43
-15219
-115
-15443
-67
-15747
-99
-15883
-131
-16235
-139
-16379
-35
-16587
-155
-16939
-59
-17195
-155
-17355
-147
-17603
-51
-17915
-123
-18075
-107
-18363
-115
-18547
-147
-18875
-335
360
-325
-109
-361
-321
-312
-609
-303
-741
-241
-1059
-345
-1265
-251
-1552
-341
-1810
-321
-1926
-307
-2244
-375
-2531
-327
-2659
-363
-2965
-319
-3157
-347
-3391
-385
-3645
-275
-3875
-385
-4163
-333
-4393
-275
-4567
-315
-4867
-367
-5159
-387
-5303
-339
-5627
-295
-5879
-335
-6063
-367
-6343
-331
-6619
-299
-6739
-379
-7023
-307
-7263
-351
-7499
-367
-7723
-303
-8051
-351
-8287
-359
-8431
-367
-8759
-307
-8919
-303
-9135
-299
-9515
-395
-9723
-387
-9995
-395
-10107
-339
-10419
-299
-10627
-355
-10859
-331
-11195
-387
-11411
-307
-11587
-331
-11787
-275
-12099
-267
-12363
-355
-12635
-307
-12819
-323
-13099
-283
-13307
-339
-13571
-267
-13779
-363
-14019
-339
-14219
-323
-14523
-379
-14779
-267
-14987
-291
-15251
-355
-15435
-387
-15747
-363
-15875
-387
-16147
-379
-16459
-331
-16659
-315
-16859
-371
-17139
-283
-17387
-363
-17555
-387
-17899
-307
-18131
-395
-18395
-283
-18523
-371
-18859
-515
1068
-530
-79
-514
-346
-536
-538
-529
-806
-553
-1057
-546
-1335
-608
-1504
-550
-1801
-600
-2043
-603
-2259
-613
-2535
-537
-2755
-623
-2919
-529
-3135
-495
-3359
-487
-3597
-567
-3915
-591
-4217
-575
-4335
-489
-4571
-543
-4923
-519
-5155
-519
-5339
-619
-5599
-563
-5775
-531
-6087
-539
-6371
-591
-6571
-587
-6771
-567
-6995
-595
-7283
-567
-7567
-575
-7699
-527
-7991
-575
-8207
-595
-8507
-559
-8743
-595
-8927
-607
-9247
-607
-9395
-547
-9667
-619
-9899
-635
-10235
-579
-10475
-563
-10691
-563
-10875
-563
-11147
-539
-11411
-539
-11627
-619
-11915
-523
-12131
-563
-12379
-635
-12515
-579
-12787
-611
-12995
-555
-13331
-619
-13539
-635
-13803
-595
-14027
-619
-14251
-547
-14515
-523
-14667
-515
-15035
-531
-15171
-539
-15411
-571
-15659
-619
-15979
-587
-16195
-611
-16467
-635
-16699
-587
-16891
-539
-17187
-611
-17307
-571
-17595
-523
-17915
-635
-18115
-571
-18347
-547
-18611
-627
-18827
-783
232
-834
-63
-799
-386
-823
-550
-769
-825
-767
-1085
-754
-1235
-746
-1458
-842
-1748
-841
-1963
-818
-2285
-839
-2417
-739
-2755
-819
-2943
-719
-3243
-755
-3359
-787
-3699
-801
-3957
-811
-4129
-839
-4467
-841
-4595
-743
-4835
-843
-5123
-847
-5315
-735
-5563
-859
-5879
-855
-6087
-743
-6283
-851
-6611
-795
-6867
-743
-7027
-755
-7227
-763
-7475
-819
-7783
-715
-8051
-819
-8187
-827
-8507
-863
-8723
-811
-8951
-791
-9203
-787
-9439
-747
-9691
-795
-9987
-755
-10147
-787
-10379
-827
-10699
-851
-10883
-867
-11099
-827
-11315
-819
-11579
-859
-11907
-803
-12139
-851
-12331
-819
-12539
-867
-12779
-843
-13115
-867
-13307
-843
-13491
-859
-13827
-771
-13971
-867
-14243
-867
-14507
-755
-14691
-827
-14987
-851
-15275
-867
-15451
-779
-15747
-859
-15867
-787
-16179
-867
-16395
-755
-16715
-803
-16939
-779
-17123
-851
-17371
-819
-17571
-747
-17851
-875
-18043
-859
-18387
-819
-18523
-787
-18835
-1019
1432
-1047
-105
-1015
-349
-1088
-487
-1066
-796
-1041
-1081
-1005
-1311
-1045
-1462
-991
-1728
-1081
-1958
-1047
-2269
-1047
-2431
-1047
-2755
-1111
-2967
-1083
-3157
-1063
-3423
-1055
-3701
-991
-3857
-1063
-4155
-957
-4395
-1087
-4555
-1063
-4915
-1075
-5183
-987
-5315
-1067
-5587
-1075
-5843
-1083
-6067
-1055
-6339
-1087
-6575
-983
-6799
-1083
-7099
-1051
-7311
-975
-7515
-1083
-7775
-1023
-7975
-1091
-8287
-1075
-8523
-1107
-8715
-1031
-8959
-1099
-9203
-983
-9467
-1107
-9723
-1115
-9915
-1059
-10155
-1099
-10395
-1107
-10707
-1003
-10891
-1091
-11083
-1067
-11387
-987
-11547
-1083
-11875
-1003
-12043
-1035
-12355
-1083
-12619
-995
-12851
-1107
-13035
-1099
-13227
-1067
-13523
-1107
-13723
-1115
-13963
-1035
-14275
-1091
-14523
-1011
-14723
-1107
-14915
-1067
-15235
-1059
-15515
-1075
-15635
-1003
-15939
-1099
-16163
-1019
-16387
-1059
-16659
-995
-16923
-1115
-17107
-995
-17403
-1067
-17547
-1099
-17899
-1067
-18091
-1099
-18323
-1035
-18555
-1115
-18875
-1315
1214
-1307
-35
-1303
-359
-1310
-615
-1262
-747
-1293
-1077
-1294
-1218
-1315
-1566
-1268
-1800
-1197
-2023
-1343
-2171
-1315
-2547
-1297
-2737
-1251
-2913
-1261
-3185
-1353
-3381
-1251
-3731
-1305
-3857
-1219
-4183
-1343
-4341
-1245
-4587
-1315
-4895
-1239
-5095
-1327
-5307
-1319
-5627
-1303
-5775
-1327
-6011
-1331
-6395
-1283
-6507
-1319
-6739
-1243
-6987
-1227
-7243
-1283
-7527
-1259
-7691
-1351
-8031
-1239
-8243
-1275
-8459
-1347
-8719
-1259
-8939
-1287
-9123
-1227
-9467
-1299
-9723
-1299
-9915
-1275
-10219
-1323
-10459
-1251
-10659
-1347
-10867
-1243
-11195
-1299
-11387
-1331
-11611
-1291
-11867
-1259
-12075
-1251
-12347
-1275
-12539
-1235
-12851
-1291
-13011
-1355
-13307
-1331
-13571
-1299
-13819
-1307
-13947
-1355
-14211
-1339
-14467
-1355
-14795
-1355
-14907
-1347
-15211
-1347
-15483
-1331
-15731
-1307
-15915
-1315
-16139
-1307
-16363
-1291
-16627
-1331
-16835
-1235
-17091
-1331
-17427
-1283
-17587
-1259
-17907
-1355
-18027
-1315
-18315
-1243
-18627
-1315
-18875
-1539
197
-1557
-149
-1517
-275
-1491
-583
-1533
-863
-1469
-997
-1547
-1305
-1547
-1479
-1551
-1711
-1521
-2025
-1505
-2295
-1495
-2405
-1475
-2695
-1547
-2999
-1507
-3197
-1457
-3483
-1579
-3647
-1457
-3863
-1463
-4159
-1587
-4435
-1535
-4615
-1523
-4859
-1563
-5115
-1515
-5307
-1531
-5647
-1463
-5811
-1543
-6071
-1443
-6335
-1595
-6603
-1523
-6731
-1503
-6987
-1543
-7327
-1575
-7531
-1435
-7711
-1463
-7971
-1539
-8223
-1479
-8543
-1579
-8647
-1587
-8939
-1479
-9175
-1455
-9475
-1579
-9755
-1571
-9947
-1499
-10115
-1531
-10411
-1571
-10619
-1595
-10835
-1571
-11115
-1467
-11419
-1579
-11627
-1595
-11827
-1595
-12083
-1547
-12395
-1563
-12635
-1515
-12819
-1547
-13067
-1523
-13227
-1483
-13555
-1515
-13755
-1571
-14067
-1507
-14283
-1475
-14531
-1555
-14795
-1555
-14979
-1555
-15155
-1571
-15491
-1539
-15643
-1523
-15899
-1475
-16131
-1579
-16395
-1571
-16595
-1547
-16955
-1499
-17099
-1499
-17339
-1491
-17587
-1595
-17851
-1475
-18067
-1555
-18283
-1507
-18619
-1539
-18851
-1795
951
-1783
-63
-1749
-357
-1771
-501
-1695
-731
-1787
-1059
-1785
-1295
-1803
-1559
-1747
-1699
-1803
-1975
-1755
-2249
-1755
-2431
-1729
-2707
-1683
-2945
-1811
-3215
-1769
-3495
-1801
-3705
-1819
-3943
-1785
-4193
-1767
-4447
-1707
-4683
-1791
-4903
-1731
-5187
-1731
-5339
-1735
-5567
-1827
-5871
-1755
-6071
-1803
-6331
-1835
-6575
-1767
-6799
-1799
-7059
-1731
-7215
-1795
-7459
-1731
-7747
-1795
-8007
-1819
-8219
-1815
-8411
-1759
-8763
-1787
-8991
-1799
-9167
-1827
-9387
-1779
-9643
-1723
-9971
-1835
-10211
-1811
-10443
-1747
-10611
-1795
-10947
-1787
-11139
-1747
-11379
-1835
-11627
-1771
-11883
-1779
-12123
-1731
-12347
-1739
-12571
-1787
-12779
-1811
-13107
-1795
-13331
-1835
-13579
-1715
-13779
-1787
-13971
-1755
-14259
-1707
-14451
-1731
-14763
-1779
-14947
-1803
-15147
-1795
-15435
-1707
-15651
-1723
-15891
-1795
-16179
-1747
-16459
-1779
-16611
-1715
-16915
-1787
-17195
-1755
-17315
-1835
-17667
-1787
-17835
-1835
-18035
-1779
-18323
-1835
-18523
-1715
-18835
-1995
1181
-2063
-17
-1933
-317
-2015
-533
-2015
-843
-2053
-999
-2067
-1311
-1975
-1573
-2047
-1741
-1987
-1923
-2057
-2243
-2043
-2457
-2027
-2733
-1979
-2951
-1999
-3135
-2007
-3479
-1997
-3749
-1927
-3967
-1995
-4227
-1965
-4355
-2025
-4573
-2019
-4947
-2011
-5071
-2027
-5307
-1943
-5579
-1943
-5887
-2035
-6115
-2007
-6367
-2063
-6495
-2015
-6847
-1991
-6979
-1999
-7267
-2011
-7579
-2035
-7711
-2003
-8031
-2011
-8227
-2011
-8547
-1919
-8687
-2039
-8923
-2051
-9183
-2059
-9415
-2059
-9643
-2051
-9915
-1979
-10235
-2043
-10347
-2011
-10691
-2027
-10851
-2027
-11067
-1955
-11339
-2043
-11675
-1971
-11851
-1955
-12091
-2075
-12331
-1995
-12595
-2075
-12763
-2075
-13107
-2011
-13355
-2059
-13555
-2043
-13771
-2075
-13995
-2011
-14275
-1987
-14451
-1995
-14763
-1979
-14971
-2035
-15147
-2051
-15419
-1971
-15739
-2051
-15875
-2019
-16195
-2035
-16379
-2027
-16699
-2067
-16907
-2003
-17179
-2035
-17331
-2035
-17563
-2075
-17811
-2075
-18043
-1971
-18315
-1963
-18635
-2051
-18843
-2239
143
-2263
-109
-2287
-253
-2209
-491
-2179
-867
-2285
-1035
-2195
-1269
-2291
-1527
-2207
-1747
-2287
-2021
-2207
-2187
-2223
-2435
-2201
-2655
-2287
-3003
-2171
-3159
-2253
-3443
-2243
-3735
-2227
-3881
-2239
-4207
-2237
-4387
-2217
-4603
-2275
-4879
-2275
-5135
-2311
-5411
-2283
-5631
-2203
-5795
-2259
-6075
-2279
-6327
-2279
-6615
-2219
-6831
-2255
-7083
-2255
-7251
-2275
-7451
-2219
-7719
-2279
-7995
-2287
-8199
-2195
-8483
-2299
-8671
-2307
-8955
-2203
-9195
-2299
-9471
-2243
-9715
-2235
-9891
-2211
-10219
-2275
-10475
-2307
-10715
-2227
-10843
-2187
-11195
-2203
-11395
-2195
-11667
-2267
-11803
-2195
-12043
-2235
-12283
-2219
-12619
-2227
-12851
-2243
-13035
-2299
-13299
-2307
-13491
-2259
-13707
-2299
-13995
-2307
-14243
-2259
-14475
-2275
-14675
-2283
-14931
-2243
-15275
-2243
-15507
-2251
-15651
-2251
-15875
-2299
-16131
-2251
-16467
-2243
-16595
-2299
-16915
-2291
-17099
-2307
-17315
-2291
-17675
-2291
-17827
-2251
-18139
-2267
-18323
-2203
-18563
-2275
-18843
-2515
193
-2471
-13
-2417
-371
-2511
-589
-2503
-741
-2437
-1083
-2507
-1311
-2451
-1513
-2455
-1811
-2447
-1967
-2475
-2219
-2527
-2427
-2505
-2667
-2507
-2999
-2515
-3135
-2497
-3357
-2465
-3619
-2533
-3863
-2489
-4173
-2483
-4407
-2443
-4597
-2431
-4851
-2539
-5119
-2507
-5387
-2411
-5651
-2531
-5843
-2543
-6075
-2443
-6263
-2471
-6551
-2455
-6771
-2467
-7051
-2407
-7275
-2435
-7555
-2519
-7827
-2443
-8035
-2515
-8295
-2507
-8403
-2495
-8711
-2491
-8915
-2523
-9191
-2515
-9499
-2443
-9699
-2515
-9995
-2443
-10227
-2539
-10419
-2507
-10691
-2547
-10923
-2467
-11131
-2547
-11363
-2555
-11595
-2443
-11827
-2523
-12107
-2475
-12299
-2539
-12523
-2539
-12803
-2443
-13043
-2491
-13331
-2483
-13475
-2483
-13747
-2507
-14003
-2451
-14283
-2475
-14435
-2539
-14779
-2523
-14931
-2531
-15267
-2459
-15403
-2483
-15659
-2435
-15979
-2531
-16235
-2507
-16411
-2499
-16611
-2507
-16907
-2547
-17067
-2547
-17315
-2483
-17555
-2483
-17843
-2459
-18099
-2523
-18315
-2547
-18563
-2427
-18843
-2699
141
-2711
-39
-2707
-275
-2775
-619
-2783
-819
-2715
-1071
-2763
-1339
-2651
-1491
-2691
-1779
-2703
-1923
-2691
-2199
-2739
-2451
-2699
-2723
-2699
-2987
-2747
-3163
-2667
-3453
-2655
-3711
-2719
-3859
-2743
-4167
-2727
-4411
-2739
-4623
-2703
-4867
-2691
-5131
-2731
-5399
-2751
-5587
-2735
-5891
-2779
-6107
-2679
-6287
-2719
-6563
-2711
-6755
-2763
-7027
-2743
-7211
-2779
-7543
-2771
-7775
-2715
-7951
-2759
-8275
-2707
-8419
-2759
-8763
-2771
-8935
-2771
-9243
-2779
-9419
-2739
-9739
-2691
-9939
-2755
-10107
-2715
-10371
-2763
-10675
-2755
-10859
-2699
-11147
-2795
-11339
-2683
-11675
-2755
-11795
-2771
-12123
-2667
-12307
-2787
-12587
-2675
-12827
-2771
-12987
-2691
-13235
-2779
-13507
-2691
-13771
-2747
-14067
-2667
-14307
-2771
-14499
-2747
-14771
-2755
-14995
-2707
-15259
-2779
-15459
-2731
-15691
-2707
-15995
-2739
-16155
-2675
-16371
-2723
-16667
-2691
-16947
-2707
-17107
-2723
-17411
-2795
-17547
-2763
-17883
-2699
-18147
-2795
-18283
-2747
-18523
-2787
-18827
-2907
93
-2927
-59
-3011
-291
-3003
-499
-3007
-819
-2927
-1023
-2959
-1355
-2979
-1535
-2951
-1807
-3003
-2055
-2947
-2191
-2979
-2459
-2907
-2671
-3007
-2895
-2931
-3191
-2911
-3459
-2983
-3707
-2971
-3947
-2987
-4175
-3011
-4415
-2999
-4651
-3023
-4907
-2907
-5055
-2967
-5419
-3007
-5619
-2983
-5791
-3023
-6099
-2967
-6323
-2971
-6551
-2995
-6723
-2907
-7003
-2955
-7219
-2955
-7583
-2987
-7763
-3007
-7987
-2975
-8231
-3015
-8427
-2927
-8763
-3007
-8899
-2895
-9131
-2911
-9451
-2955
-9675
-2923
-9899
-2931
-10115
-2971
-10411
-2979
-10651
-3003
-10947
-2923
-11067
-2931
-11371
-2923
-11635
-2987
-11907
-2987
-12027
-3019
-12315
-2995
-12555
-2923
-12771
-2939
-13115
-2907
-13323
-2931
-13539
-2907
-13795
-2995
-14067
-3003
-14291
-2995
-14491
-3027
-14683
-2987
-15019
-3035
-15219
-3027
-15491
-2955
-15699
-3011
-15883
-2995
-16179
-3003
-16347
-2907
-16667
-3003
-16859
-2947
-17179
-2931
-17371
-2987
-17603
-3027
-17787
-2971
-18115
-3003
-18307
-2939
-18579
-2963
-18875
-3207
149
-3143
-91
-3167
-283
-3207
-531
-3211
-859
-3227
-1087
-3199
-1299
-3183
-1451
-3155
-1711
-3195
-2003
-3243
-2223
-3151
-2483
-3183
-2671
-3139
-2999
-3211
-3139
-3211
-3391
-3235
-3675
-3163
-3867
-3179
-4171
-3127
-4451
-3187
-4655
-3199
-4843
-3187
-5147
-3259
-5343
-3259
-5627
-3255
-5899
-3259
-6131
-3259
-6319
-3147
-6627
-3267
-6751
-3187
-7015
-3135
-7323
-3127
-7507
-3243
-7719
-3215
-7947
-3175
-8287
-3187
-8511
-3207
-8679
-3139
-9007
-3199
-9155
-3215
-9371
-3203
-9627
-3155
-9875
-3235
-10219
-3259
-10347
-3171
-10659
-3171
-10915
-3275
-11195
-3227
-11419
-3147
-11667
-3227
-11899
-3259
-12059
-3187
-12379
-3275
-12587
-3147
-12811
-3155
-13099
-3227
-13331
-3267
-13475
-3155
-13779
-3219
-14075
-3187
-14315
-3187
-14451
-3179
-14763
-3187
-14971
-3235
-15203
-3195
-15451
-3275
-15675
-3235
-15899
-3275
-16219
-3275
-16395
-3171
-16707
-3211
-16835
-3251
-17075
-3275
-17347
-3179
-17579
-3235
-17843
-3211
-18139
-3235
-18387
-3155
-18539
-3259
-18843
-3391
85
-3423
-83
-3375
-295
-3379
-607
-3507
-803
-3511
-1003
-3459
-1247
-3479
-1503
-3411
-1771
-3411
-2043
-3423
-2275
-3475
-2475
-3439
-2659
-3483
-2947
-3499
-3263
-3439
-3411
-3383
-3719
-3415
-3911
-3459
-4163
-3439
-4459
-3487
-4707
-3471
-4847
-3403
-5147
-3483
-5387
-3419
-5619
-3435
-5779
-3375
-6091
-3483
-6255
-3455
-6631
-3495
-6831
-3487
-7015
-3459
-7279
-3431
-7531
-3499
-7811
-3507
-7931
-3487
-8243
-3487
-8467
-3467
-8715
-3403
-8927
-3411
-9155
-3407
-9423
-3499
-9635
-3499
-9995
-3435
-10195
-3419
-10355
-3387
-10595
-3443
-10955
-3427
-11107
-3451
-11387
-3435
-11563
-3475
-11907
-3443
-12075
-3459
-12363
-3499
-12547
-3459
-12755
-3507
-13011
-3435
-13339
-3483
-13507
-3483
-13731
-3451
-14027
-3395
-14307
-3435
-14547
-3483
-14667
-3427
-14923
-3491
-15235
-3435
-15427
-3459
-15691
-3411
-15955
-3475
-16211
-3459
-16475
-3515
-16699
-3403
-16915
-3467
-17067
-3483
-17403
-3515
-17651
-3499
-17915
-3507
-18059
-3515
-18387
-3443
-18555
-3435
-18811
-3747
125
-3599
-115
-3731
-267
-3687
-559
-3667
-835
-3715
-1071
-3679
-1259
-3703
-1527
-3675
-1807
-3675
-2043
-3679
-2307
-3687
-2531
-3751
-2731
-3671
-2923
-3623
-3143
-3679
-3487
-3755
-3707
-3619
-3855
-3647
-4159
-3723
-4463
-3719
-4631
-3619
-4855
-3631
-5159
-3731
-5331
-3615
-5571
-3747
-5903
-3631
-6027
-3635
-6383
-3703
-6607
-3679
-6779
-3731
-6999
-3715
-7291
-3707
-7467
-3731
-7735
-3631
-8043
-3715
-8291
-3755
-8495
-3727
-8675
-3727
-8971
-3715
-9183
-3699
-9423
-3747
-9643
-3683
-9995
-3755
-10179
-3643
-10427
-3643
-10643
-3683
-10947
-3691
-11091
-3715
-11355
-3739
-11595
-3723
-11819
-3755
-12075
-3707
-12339
-3707
-12635
-3691
-12875
-3683
-13059
-3747
-13227
-3651
-13547
-3659
-13739
-3651
-14011
-3707
-14275
-3755
-14531
-3683
-14779
-3707
-15019
-3739
-15155
-3723
-15491
-3643
-15627
-3659
-15923
-3635
-16211
-3715
-16403
-3755
-16691
-3643
-16923
-3627
-17123
-3715
-17435
-3651
-17571
-3755
-17787
-3643
-18075
-3747
-18267
-3715
-18563
-3707
-18859
-3935
133
-3939
-15
-3947
-243
-3987
-543
-3943
-735
-3971
-1059
-3847
-1307
-3871
-1491
-3947
-1711
-3963
-1971
-3915
-2267
-3923
-2411
-3979
-2739
-3935
-2939
-3871
-3163
-3883
-3471
-3871
-3739
-3955
-3871
-3867
-4167
-3951
-4455
-3947
-4655
-3959
-4823
-3883
-5163
-3903
-5347
-3891
-5675
-3883
-5819
-3915
-6123
-3911
-6383
-3959
-6515
-3931
-6863
-3879
-7075
-3927
-7299
-3943
-7523
-3879
-7699
-3995
-7927
-3959
-8207
-3991
-8459
-3983
-8731
-3939
-8911
-3943
-9179
-3947
-9467
-3995
-9731
-3883
-9955
-3955
-10115
-3923
-10411
-3987
-10587
-3971
-10835
-3963
-11115
-3883
-11307
-3939
-11675
-3915
-11875
-3963
-12051
-3883
-12387
-3995
-12563
-3939
-12875
-3947
-13019
-3923
-13339
-3867
-13507
-3939
-13795
-3891
-13963
-3907
-14291
-3971
-14499
-3899
-14755
-3947
-14963
-3923
-15267
-3931
-15515
-3947
-15627
-3923
-15987
-3987
-16139
-3955
-16347
-3963
-16587
-3987
-16923
-3995
-17067
-3939
-17387
-3955
-17579
-3987
-17787
-3899
-18043
-3995
-18347
-3923
-18619
-3995
-18875
-4187
125
-4195
-51
-4211
-279
-4235
-531
-4159
-795
-4183
-1099
-4159
-1307
-4127
-1571
-4227
-1771
-4175
-1987
-4163
-2219
-4195
-2415
-4199
-2667
-4099
-2979
-4175
-3235
-4191
-3415
-4175
-3747
-4199
-3879
-4171
-4211
-4211
-4363
-4167
-4671
-4203
-4915
-4123
-5047
-4127
-5419
-4211
-5651
-4211
-5875
-4207
-6015
-4223
-6291
-4203
-6491
-4171
-6755
-4123
-7087
-4155
-7251
-4179
-7575
-4203
-7819
-4131
-8027
-4227
-8195
-4151
-8499
-4195
-8683
-4211
-8995
-4183
-9267
-4211
-9507
-4107
-9739
-4219
-9939
-4179
-10235
-4195
-10387
-4235
-10603
-4179
-10867
-4203
-11179
-4171
-11339
-4163
-11619
-4163
-11899
-4171
-12107
-4179
-12315
-4107
-12555
-4211
-12771
-4139
-13019
-4235
-13331
-4107
-13595
-4195
-13819
-4195
-13995
-4187
-14251
-4179
-14459
-4187
-14675
-4163
-14939
-4203
-15163
-4187
-15507
-4155
-15635
-4147
-15979
-4123
-16211
-4227
-16419
-4227
-16699
-4171
-16851
-4179
-17163
-4195
-17307
-4163
-17611
-4235
-17875
-4235
-18051
-4203
-18387
-4179
-18531
-4163
-18859
-4399
149
-4455
-123
-4403
-367
-4411
-579
-4411
-775
-4419
-963
-4427
-1243
-4371
-1475
-4355
-1791
-4391
-1959
-4435
-2251
-4451
-2471
-4467
-2751
-4379
-2899
-4443
-3151
-4419
-3467
-4375
-3671
-4391
-3931
-4371
-4099
-4323
-4419
-4435
-4623
-4335
-4843
-4419
-5175
-4343
-5427
-4451
-5603
-4379
-5819
-4451
-6087
-4443
-6275
-4395
-6507
-4431
-6859
-4379
-7003
-4443
-7251
-4371
-7439
-4331
-7767
-4391
-7943
-4427
-8183
-4447
-8523
-4407
-8659
-4343
-8891
-4427
-9211
-4395
-9483
-4371
-9755
-4371
-9995
-4419
-10107
-4451
-10355
-4419
-10603
-4411
-10835
-4475
-11107
-4459
-11403
-4443
-11643
-4467
-11907
-4467
-12059
-4411
-12275
-4443
-12547
-4467
-12827
-4435
-13083
-4427
-13291
-4371
-13587
-4387
-13763
-4355
-13995
-4451
-14259
-4443
-14475
-4443
-14771
-4379
-14979
-4467
-15267
-4363
-15443
-4443
-15675
-4443
-15995
-4411
-16107
-4435
-16379
-4411
-16627
-4427
-16955
-4427
-17139
-4443
-17315
-4403
-17563
-4411
-17835
-4475
-18131
-4363
-18315
-4435
-18619
-4363
-18811
-4651
141
-4687
-55
-4571
-387
-4707
-563
-4667
-775
-4627
-1087
-4687
-1263
-4619
-1471
-4627
-1779
-4671
-2043
-4655
-2207
-4667
-2467
-4619
-2687
-4603
-2991
-4659
-3155
-4583
-3439
-4615
-3671
-4671
-3899
-4695
-4131
-4699
-4387
-4611
-4643
-4707
-4887
-4635
-5095
-4615
-5355
-4651
-5619
-4615
-5895
-4579
-6035
-4631
-6295
-4635
-6515
-4635
-6803
-4679
-7087
-4623
-7227
-4699
-7547
-4679
-7719
-4655
-8039
-4627
-8199
-4715
-8483
-4699
-8699
-4683
-8955
-4575
-9115
-4583
-9383
-4683
-9699
-4643
-9947
-4587
-10187
-4611
-10459
-4707
-10635
-4659
-10867
-4699
-11147
-4675
-11419
-4715
-11595
-4587
-11899
-4715
-12059
-4683
-12323
-4691
-12619
-4715
-12779
-4715
-12995
-4691
-13283
-4659
-13587
-4595
-13763
-4691
-14027
-4691
-14235
-4715
-14467
-4715
-14683
-4691
-14963
-4651
-15243
-4715
-15451
-4667
-15747
-4699
-15867
-4691
-16187
-4715
-16363
-4707
-16691
-4699
-16859
-4707
-17139
-4675
-17371
-4611
-17571
-4603
-17899
-4683
-18099
-4667
-18379
-4683
-18619
-4595
-18859
-4911
109
-4859
-107
-4851
-371
-4887
-495
-4927
-739
-4931
-1035
-4859
-1303
-4951
-1531
-4883
-1795
-4903
-2027
-4855
-2303
-4919
-2495
-4811
-2755
-4923
-2987
-4831
-3227
-4919
-3399
-4915
-3623
-4811
-3887
-4831
-4191
-4935
-4467
-4843
-4683
-4943
-4851
-4879
-5071
-4883
-5391
-4907
-5639
-4823
-5815
-4919
-6123
-4851
-6299
-4827
-6595
-4911
-6811
-4903
-7059
-4927
-7299
-4891
-7435
-4859
-7767
-4911
-8055
-4851
-8227
-4811
-8483
-4883
-8739
-4935
-8939
-4927
-9175
-4863
-9499
-4843
-9755
-4955
-9867
-4867
-10115
-4875
-10395
-4915
-10627
-4883
-10899
-4907
-11155
-4867
-11387
-4899
-11651
-4891
-11875
-4875
-12067
-4915
-12379
-4923
-12571
-4883
-12843
-4939
-13051
-4859
-13291
-4867
-13483
-4827
-13723
-4931
-14035
-4939
-14307
-4843
-14515
-4859
-14779
-4891
-15011
-4859
-15235
-4899
-15483
-4923
-15659
-4907
-15955
-4875
-16235
-4939
-16371
-4947
-16715
-4875
-16907
-4931
-17075
-4843
-17323
-4939
-17675
-4851
-17843
-4947
-18147
-4947
-18387
-4939
-18603
-4955
-18827
-5155
101
-5131
-143
-5155
-367
-5155
-539
-5135
-771
-5115
-1091
-5119
-1259
-5087
-1467
-5079
-1763
-5175
-1947
-5131
-2247
-5151
-2507
-5083
-2731
-5175
-2995
-5079
-3167
-5155
-3411
-5127
-3727
-5167
-3871
-5183
-4091
-5071
-4455
-5147
-4599
-5143
-4851
-5107
-5167
-5111
-5287
-5143
-5631
-5067
-5787
-5063
-6051
-5135
-6283
-5063
-6539
-5155
-6795
-5155
-6979
-5179
-7227
-5051
-7535
-5043
-7703
-5163
-7979
-5179
-8267
-5059
-8491
-5091
-8731
-5091
-8907
-5159
-9255
-5131
-9463
-5139
-9747
-5099
-9891
-5147
-10235
-5115
-10467
-5195
-10627
-5155
-10827
-5179
-11075
-5171
-11331
-5139
-11675
-5091
-11859
-5179
-12131
-5171
-12387
-5171
-12635
-5115
-12835
-5067
-13083
-5099
-13259
-5171
-13499
-5155
-13835
-5123
-13947
-5099
-14203
-5107
-14475
-5131
-14699
-5115
-14963
-5139
-15259
-5195
-15467
-5179
-15691
-5147
-15923
-5163
-16123
-5083
-16347
-5163
-16715
-5187
-16939
-5195
-17075
-5179
-17379
-5171
-17659
-5155
-17787
-5155
-18059
-5083
-18331
-5155
-18507
-5147
-18827
-5307
141
-5339
-115
-5411
-315
-5435
-563
-5403
-803
-5411
-1083
-5411
-1251
-5379
-1543
-5427
-1707
-5395
-2047
-5371
-2215
-5379
-2523
-5363
-2723
-5427
-2979
-5403
-3211
-5315
-3459
-5411
-3643
-5331
-3907
-5435
-4187
-5315
-4391
-5411
-4627
-5339
-4915
-5387
-5067
-5307
-5319
-5371
-5555
-5339
-5859
-5403
-6107
-5371
-6363
-5355
-6583
-5435
-6787
-5435
-7115
-5419
-7291
-5435
-7507
-5419
-7827
-5315
-7927
-5331
-8163
-5379
-8443
-5427
-8779
-5363
-8923
-5339
-9139
-5395
-9423
-5315
-9715
-5427
-9987
-5435
-10139
-5419
-10355
-5371
-10603
-5395
-10907
-5419
-11099
-5403
-11371
-5339
-11595
-5403
-11851
-5395
-12131
-5403
-12299
-5435
-12539
-5427
-12851
-5403
-13051
-5363
-13355
-5427
-13555
-5355
-13827
-5331
-13971
-5427
-14251
-5403
-14523
-5427
-14787
-5355
-14987
-5355
-15179
-5323
-15459
-5427
-15683
-5387
-15907
-5419
-16219
-5379
-16387
-5403
-16659
-5339
-16835
-5403
-17147
-5419
-17307
-5395
-17635
-5419
-17843
-5323
-18123
-5411
-18395
-5411
-18619
-5331
-18835
-5579
141
-5643
-27
-5675
-299
-5651
-547
-5659
-867
-5635
-1091
-5555
-1299
-5587
-1507
-5619
-1787
-5643
-1987
-5627
-2251
-5611
-2459
-5595
-2779
-5603
-2939
-5635
-3179
-5619
-3443
-5563
-3627
-5659
-3939
-5675
-4227
-5595
-4347
-5587
-4611
-5659
-4947
-5619
-5195
-5675
-5435
-5667
-5627
-5675
-5787
-5619
-6147
-5659
-6283
-5563
-6571
-5595
-6803
-5635
-7107
-5643
-7243
-5619
-7587
-5563
-7787
-5603
-7979
-5675
-8235
-5643
-8427
-5627
-8747
-5587
-8915
-5667
-9235
-5619
-9435
-5643
-9651
-5603
-9939
-5619
-10187
-5659
-10459
-5571
-10667
-5667
-10875
-5675
-11099
-5651
-11427
-5675
-11675
-5643
-11795
-5659
-12027
-5667
-12307
-5555
-12627
-5635
-12867
-5659
-13091
-5643
-13315
-5659
-13523
-5603
-13707
-5627
-14027
-5643
-14187
-5659
-14451
-5555
-14667
-5603
-15019
-5579
-15227
-5603
-15459
-5667
-15627
-5627
-15867
-5643
-16107
-5675
-16347
-5635
-16707
-5611
-16899
-5643
-17171
-5667
-17331
-5555
-17563
-5635
-17907
-5675
-18115
-5587
-18315
-5563
-18547
-5555
-18811
-5819
149
-5875
-43
-5891
-363
-5875
-515
-5915
-827
-5891
-1099
-5843
-1291
-5819
-1491
-5875
-1811
-5915
-2011
-5835
-2243
-5819
-2547
-5907
-2771
-5851
-2939
-5795
-3227
-5915
-3467
-5907
-3755
-5811
-3907
-5891
-4235
-5907
-4363
-5915
-4619
-5907
-4875
-5891
-5139
-5907
-5339
-5843
-5651
-5827
-5787
-5907
-6099
-5867
-6355
-5819
-6611
-5891
-6867
-5915
-7059
-5787
-7315
-5811
-7483
-5827
-7803
-5875
-8035
-5875
-8195
-5859
-8515
-5859
-8779
-5907
-9003
-5835
-9179
-5811
-9419
-5843
-9731
-5859
-9995
-5851
-10195
-5907
-10379
-5915
-10699
-5843
-10835
-5819
-11083
-5803
-11395
-5835
-11547
-5915
-11859
-5899
-12155
-5883
-12283
-5787
-12571
-5867
-12859
-5867
-13051
-5835
-13347
-5907
-13515
-5827
-13771
-5907
-14035
-5819
-14283
-5795
-14443
-5915
-14739
-5907
-14923
-5803
-15163
-5867
-15419
-5787
-15707
-5859
-15931
-5843
-16227
-5867
-16379
-5827
-16699
-5899
-16867
-5883
-17131
-5883
-17363
-5851
-17587
-5907
-17899
-5875
-18123
-5883
-18323
-5835
-18547
-5875
-18867
-6075
141
-6139
-27
-6035
-275
-6139
-627
-6099
-819
-6123
-1107
-6139
-1355
-6059
-1499
-6155
-1835
-6051
-2011
-6147
-2203
-6083
-2475
-6099
-2787
-6131
-2987
-6083
-3211
-6131
-3443
-6099
-3699
-6051
-3971
-6083
-4123
-6027
-4467
-6123
-4691
-6035
-4843
-6139
-5179
-6067
-5403
-6075
-5635
-6091
-5819
-6099
-6091
-6099
-6275
-6075
-6611
-6059
-6771
-6147
-7043
-6035
-7339
-6131
-7475
-6051
-7763
-6115
-8035
-6131
-8299
-6147
-8523
-6027
-8675
-6131
-8971
-6091
-9267
-6147
-9403
-6139
-9731
-6027
-9923
-6107
-10179
-6035
-10435
-6139
-10683
-6067
-10843
-6147
-11075
-6115
-11363
-6091
-11627
-6051
-11875
-6131
-12139
-6155
-12267
-6083
-12579
-6107
-12771
-6027
-13003
-6083
-13323
-6115
-13547
-6147
-13795
-6131
-14043
-6147
-14203
-6051
-14515
-6091
-14787
-6035
-14955
-6099
-15219
-6147
-15451
-6059
-15691
-6139
-15963
-6043
-16115
-6139
-16355
-6155
-16643
-6035
-16899
-6155
-17155
-6115
-17315
-6075
-17675
-6083
-17787
-6075
-18107
-6115
-18267
-6043
-18603
-6123
-18811
-6283
93
-6339
-155
-6283
-299
-6323
-619
-6355
-811
-6307
-1027
-6379
-1291
-6395
-1467
-6363
-1771
-6315
-2075
-6267
-2227
-6395
-2539
-6371
-2707
-6339
-2907
-6371
-3235
-6363
-3515
-6395
-3715
-6323
-3891
-6291
-4171
-6275
-4395
-6315
-4595
-6275
-4867
-6347
-5067
-6291
-5387
-6339
-5675
-6283
-5803
-6395
-6139
-6267
-6307
-6379
-6611
-6283
-6771
-6299
-7043
-6387
-7283
-6291
-7515
-6315
-7787
-6307
-8067
-6387
-8299
-6355
-8459
-6363
-8675
-6339
-8915
-6395
-9251
-6267
-9435
-6371
-9699
-6371
-9947
-6387
-10179
-6275
-10427
-6315
-10707
-6331
-10851
-6395
-11139
-6371
-11435
-6339
-11619
-6363
-11899
-6267
-12099
-6267
-12315
-6387
-12507
-6363
-12827
-6363
-13051
-6283
-13235
-6355
-13595
-6339
-13747
-6355
-13987
-6379
-14315
-6275
-14499
-6363
-14763
-6307
-14915
-6291
-15147
-6355
-15467
-6379
-15675
-6355
-15979
-6387
-16187
-6307
-16435
-6299
-16595
-6275
-16923
-6355
-17179
-6347
-17355
-6315
-17579
-6387
-17915
-6355
-18099
-6347
-18299
-6387
-18523
-6339
-18827
-6579
125
-6635
-35
-6539
-307
-6619
-539
-6627
-867
-6539
-1083
-6555
-1283
-6627
-1595
-6587
-1731
-6611
-2051
-6627
-2251
-6523
-2531
-6579
-2771
-6539
-3011
-6587
-3259
-6595
-3395
-6595
-3659
-6563
-3891
-6611
-4147
-6531
-4443
-6619
-4715
-6579
-4899
-6627
-5163
-6571
-5315
-6515
-5651
-6515
-5907
-6579
-6123
-6579
-6267
-6571
-6595
-6563
-6755
-6595
-7075
-6531
-7267
-6611
-7563
-6635
-7835
-6563
-8035
-6539
-8211
-6571
-8515
-6539
-8755
-6539
-8971
-6595
-9171
-6579
-9411
-6603
-9715
-6619
-9899
-6563
-10211
-6523
-10443
-6603
-10699
-6619
-10939
-6563
-11075
-6627
-11395
-6611
-11579
-6555
-11819
-6571
-12115
-6523
-12307
-6539
-12555
-6611
-12827
-6635
-13083
-6571
-13235
-6611
-13595
-6571
-13771
-6547
-13947
-6587
-14235
-6555
-14547
-6587
-14699
-6523
-14915
-6563
-15187
-6515
-15459
-6523
-15723
-6627
-15907
-6619
-16235
-6571
-16451
-6635
-16683
-6555
-16891
-6555
-17075
-6531
-17403
-6595
-17547
-6603
-17859
-6595
-18027
-6571
-18339
-6603
-18627
-6547
-18843
-6835
93
-6827
-99
-6835
-275
-6867
-523
-6827
-843
-6867
-1059
-6811
-1267
-6859
-1587
-6795
-1747
-6803
-2019
-6763
-2219
-6795
-2443
-6859
-2715
-6851
-3011
-6795
-3267
-6755
-3515
-6747
-3643
-6851
-3891
-6843
-4235
-6803
-4419
-6771
-4707
-6803
-4931
-6787
-5099
-6811
-5419
-6787
-5635
-6779
-5851
-6835
-6115
-6859
-6283
-6875
-6635
-6851
-6867
-6875
-6987
-6835
-7243
-6867
-7483
-6827
-7779
-6787
-7995
-6851
-8291
-6835
-8555
-6859
-8691
-6771
-8947
-6867
-9243
-6859
-9515
-6827
-9747
-6867
-9931
-6859
-10187
-6755
-10459
-6859
-10699
-6867
-10955
-6763
-11187
-6771
-11331
-6835
-11603
-6867
-11899
-6763
-12123
-6779
-12331
-6795
-12619
-6747
-12819
-6755
-13067
-6851
-13291
-6859
-13571
-6859
-13707
-6835
-14075
-6779
-14283
-6843
-14515
-6827
-14787
-6867
-14923
-6867
-15163
-6795
-15403
-6867
-15635
-6819
-15907
-6851
-16171
-6819
-16403
-6787
-16643
-6779
-16875
-6867
-17155
-6867
-17419
-6755
-17555
-6835
-17843
-6827
-18067
-6787
-18283
-6779
-18571
-6843
-18867
-7035
109
-7035
-91
-7075
-371
-6987
-563
-7067
-771
-7043
-1035
-7099
-1323
-7059
-1499
-6995
-1803
-7099
-2075
-7091
-2203
-7043
-2507
-7011
-2771
-7091
-2939
-7027
-3187
-7027
-3515
-7043
-3675
-7083
-3963
-7059
-4187
-7019
-4355
-7059
-4627
-7107
-4955
-7035
-5083
-7091
-5347
-7027
-5619
-7059
-5843
-7107
-6139
-7051
-6331
-7099
-6531
-7043
-6851
-7059
-7099
-7075
-7259
-7051
-7547
-7083
-7715
-6995
-8067
-7067
-8275
-7059
-8451
-6995
-8715
-7019
-8979
-7027
-9243
-7091
-9443
-6995
-9651
-7115
-9923
-7051
-10203
-7035
-10387
-6995
-10651
-7075
-10859
-7075
-11091
-6995
-11331
-7099
-11555
-7107
-11827
-7051
-12075
-7059
-12355
-7115
-12555
-7043
-12875
-7083
-13099
-7011
-13243
-7107
-13571
-7115
-13755
-7107
-13971
-7067
-14291
-7115
-14483
-7107
-14795
-7115
-14939
-7019
-15275
-7027
-15419
-7115
-15643
-6995
-15939
-7059
-16211
-6995
-16475
-7027
-16635
-7115
-16947
-7051
-17083
-7035
-17387
-7075
-17563
-7107
-17867
-7059
-18107
-7043
-18315
-7091
-18619
-7107
-18875
-7267
117
-7275
-123
-7299
-267
-7347
-563
-7299
-763
-7315
-1099
-7275
-1355
-7315
-1531
-7275
-1739
-7347
-2035
-7275
-2243
-7299
-2427
-7355
-2667
-7347
-2939
-7299
-3267
-7347
-3467
-7291
-3675
-7283
-3939
-7323
-4115
-7227
-4347
-7323
-4675
-7315
-4955
-7291
-5187
-7323
-5371
-7267
-5579
-7347
-5843
-7299
-6131
-7227
-6363
-7291
-6563
-7355
-6787
-7251
-7099
-7355
-7243
-7323
-7523
-7283
-7731
-7267
-8075
-7307
-8259
-7259
-8539
-7339
-8683
-7307
-9003
-7347
-9211
-7315
-9411
-7259
-9627
-7339
-9955
-7299
-10235
-7355
-10379
-7275
-10643
-7339
-10939
-7275
-11171
-7299
-11395
-7283
-11571
-7355
-11851
-7259
-12027
-7355
-12283
-7339
-12539
-7339
-12763
-7259
-13051
-7315
-13331
-7323
-13579
-7347
-13747
-7267
-13979
-7275
-14195
-7235
-14499
-7355
-14715
-7291
-14987
-7339
-15259
-7267
-15451
-7243
-15659
-7283
-15963
-7331
-16211
-7347
-16411
-7347
-16619
-7347
-16931
-7243
-17179
-7355
-17379
-7331
-17643
-7307
-17827
-7299
-18067
-7355
-18395
-7347
-18555
-7299
-18851
-7507
101
-7587
-131
-7475
-355
-7483
-523
-7587
-867
-7531
-1051
-7579
-1299
-7579
-1515
-7515
-1795
-7563
-1947
-7539
-2267
-7507
-2523
-7555
-2755
-7515
-2915
-7579
-3195
-7507
-3395
-7563
-3699
-7547
-3987
-7587
-4123
-7563
-4347
-7539
-4699
-7595
-4835
-7579
-5139
-7491
-5371
-7547
-5555
-7555
-5867
-7523
-6083
-7547
-6331
-7571
-6611
-7595
-6851
-7547
-7027
-7587
-7323
-7483
-7555
-7491
-7707
-7563
-7971
-7595
-8291
-7587
-8499
-7547
-8715
-7571
-8947
-7515
-9155
-7595
-9475
-7555
-9699
-7499
-9979
-7491
-10139
-7587
-10379
-7571
-10675
-7499
-10955
-7563
-11123
-7571
-11355
-7555
-11579
-7515
-11891
-7515
-12051
-7483
-12307
-7515
-12555
-7563
-12851
-7555
-13067
-7563
-13251
-7539
-13491
-7579
-13707
-7563
-14067
-7595
-14307
-7555
-14555
-7467
-14795
-7555
-14907
-7491
-15259
-7539
-15387
-7523
-15715
-7467
-15971
-7523
-16203
-7491
-16387
-7507
-16619
-7507
-16923
-7571
-17123
-7571
-17403
-7571
-17643
-7571
-17891
-7531
-18075
-7523
-18323
-7491
-18611
-7595
-18827
-7755
93
-7835
-67
-7811
-371
-7723
-555
-7811
-859
-7747
-1115
-7835
-1267
-7763
-1531
-7755
-1723
-7835
-2027
-7771
-2315
-7835
-2475
-7747
-2715
-7747
-2963
-7779
-3227
-7787
-3403
-7819
-3643
-7819
-3875
-7771
-4107
-7803
-4419
-7819
-4707
-7827
-4827
-7723
-5083
-7795
-5435
-7835
-5571
-7747
-5915
-7771
-6027
-7835
-6339
-7835
-6603
-7827
-6819
-7835
-6987
-7739
-7315
-7739
-7475
-7819
-7723
-7827
-8043
-7731
-8251
-7835
-8483
-7803
-8675
-7811
-8971
-7707
-9155
-7803
-9475
-7835
-9683
-7787
-9931
-7795
-10187
-7819
-10427
-7803
-10651
-7811
-10891
-7787
-11131
-7779
-11403
-7763
-11595
-7755
-11827
-7795
-12027
-7819
-12267
-7771
-12515
-7763
-12787
-7723
-13027
-7747
-13331
-7731
-13563
-7779
-13763
-7779
-14019
-7747
-14187
-7779
-14499
-7787
-14699
-7827
-15003
-7795
-15163
-7827
-15427
-7827
-15659
-7819
-15971
-7787
-16171
-7755
-16395
-7827
-16715
-7835
-16835
-7739
-17179
-7715
-17331
-7827
-17675
-7723
-17827
-7819
-18107
-7779
-18267
-7787
-18515
-7795
-18835
-8035
141
-8059
-99
-8035
-387
-8059
-627
-8051
-819
-8075
-1099
-8075
-1323
-8075
-1499
-8035
-1771
-8051
-2035
-8067
-2235
-8075
-2523
-7995
-2763
-8051
-2987
-8003
-3163
-8067
-3507
-7979
-3667
-7963
-3987
-8027
-4235
-7995
-4443
-8067
-4707
-8011
-4883
-8075
-5107
-8003
-5387
-8019
-5619
-7987
-5843
-8075
-6107
-7963
-6291
-7995
-6627
-8059
-6827
-8019
-7035
-7947
-7315
-8019
-7475
-7971
-7803
-8051
-7995
-7947
-8227
-7987
-8483
-8051
-8715
-8075
-8963
-7955
-9171
-8067
-9467
-8059
-9675
-8067
-9907
-8067
-10123
-8067
-10467
-8035
-10619
-8019
-10867
-7971
-11187
-7971
-11379
-8003
-11587
-8051
-11803
-7987
-12107
-8011
-12275
-8051
-12539
-7947
-12875
-8027
-13075
-8075
-13315
-7947
-13523
-8027
-13723
-8019
-14067
-8059
-14227
-8059
-14459
-8051
-14779
-8003
-14963
-8019
-15155
-8059
-15515
-7955
-15643
-8059
-15915
-8011
-16211
-8059
-16403
-8011
-16619
-8051
-16891
-8027
-17139
-7955
-17371
-7955
-17547
-8043
-17859
-8075
-18107
-8051
-18387
-8043
-18595
-7979
-18835
-8211
117
-8243
-147
-8283
-267
-8291
-555
-8227
-747
-8315
-1051
-8307
-1259
-8235
-1547
-8315
-1827
-8275
-1987
-8219
-2283
-8299
-2547
-8235
-2731
-8307
-3027
-8283
-3219
-8267
-3507
-8291
-3755
-8299
-3883
-8195
-4163
-8307
-4467
-8299
-4627
-8291
-4907
-8283
-5155
-8315
-5363
-8307
-5547
-8195
-5899
-8219
-6083
-8307
-6371
-8299
-6571
-8267
-6795
-8211
-6995
-8251
-7347
-8235
-7507
-8283
-7835
-8227
-7963
-8291
-8315
-8259
-8507
-8187
-8747
-8315
-9003
-8315
-9219
-8235
-9387
-8299
-9659
-8267
-9915
-8203
-10187
-8299
-10355
-8307
-10659
-8291
-10955
-8307
-11083
-8283
-11435
-8299
-11635
-8243
-11803
-8283
-12139
-8203
-12347
-8219
-12603
-8259
-12795
-8315
-13067
-8219
-13243
-8275
-13595
-8243
-13835
-8227
-13963
-8227
-14211
-8195
-14515
-8251
-14731
-8243
-14939
-8235
-15211
-8195
-15459
-8203
-15651
-8259
-15875
-8235
-16155
-8219
-16363
-8251
-16651
-8283
-16827
-8291
-17139
-8219
-17331
-8275
-17555
-8307
-17843
-8195
-18067
-8203
-18275
-8267
-18531
-8211
-18843
-8435
85
-8451
-131
-8435
-267
-8499
-547
-8483
-779
-8507
-1107
-8427
-1299
-8531
-1475
-8507
-1731
-8507
-1979
-8515
-2203
-8491
-2483
-8499
-2739
-8523
-2987
-8547
-3219
-8435
-3499
-8499
-3747
-8555
-3875
-8547
-4219
-8555
-4403
-8483
-4619
-8475
-4923
-8427
-5155
-8515
-5435
-8531
-5547
-8531
-5915
-8475
-6075
-8515
-6379
-8459
-6595
-8523
-6771
-8427
-7083
-8483
-7339
-8483
-7555
-8507
-7771
-8443
-8003
-8531
-8243
-8515
-8467
-8475
-8755
-8499
-8907
-8523
-9235
-8467
-9443
-8539
-9739
-8507
-9955
-8523
-10171
-8499
-10419
-8531
-10667
-8531
-10867
-8539
-11115
-8539
-11419
-8555
-11627
-8491
-11907
-8507
-12139
-8555
-12331
-8547
-12627
-8427
-12779
-8515
-13027
-8555
-13267
-8531
-13515
-8539
-13803
-8539
-13971
-8531
-14195
-8427
-14467
-8547
-14739
-8467
-14907
-8459
-15195
-8475
-15507
-8515
-15747
-8539
-15867
-8539
-16155
-8507
-16459
-8555
-16611
-8475
-16851
-8483
-17163
-8499
-17403
-8483
-17603
-8531
-17787
-8539
-18155
-8499
-18275
-8523
-18507
-8555
-18835
-8715
93
-8755
-75
-8787
-323
-8787
-619
-8683
-867
-8779
-1075
-8747
-1275
-8683
-1515
-8771
-1771
-8683
-2019
-8763
-2283
-8763
-2499
-8715
-2771
-8715
-3027
-8787
-3163
-8763
-3411
-8699
-3643
-8731
-3971
-8739
-4163
-8763
-4403
-8739
-4667
-8763
-4851
-8771
-5131
-8675
-5427
-8771
-5627
-8683
-5803
-8667
-6083
-8699
-6395
-8683
-6635
-8787
-6747
-8715
-7115
-8715
-7259
-8779
-7547
-8731
-7747
-8691
-8051
-8731
-8299
-8763
-8435
-8747
-8763
-8787
-9035
-8723
-9251
-8691
-9419
-8667
-9747
-8779
-9915
-8691
-10179
-8739
-10379
-8731
-10643
-8731
-10883
-8731
-11107
-8715
-11323
-8779
-11547
-8747
-11819
-8755
-12083
-8787
-12347
-8747
-12531
-8715
-12787
-8771
-13075
-8763
-13243
-8771
-13571
-8787
-13771
-8739
-13979
-8771
-14219
-8723
-14555
-8779
-14779
-8795
-14955
-8795
-15251
-8771
-15515
-8787
-15715
-8675
-15923
-8731
-16115
-8763
-16355
-8771
-16691
-8731
-16851
-8795
-17091
-8787
-17427
-8779
-17651
-8691
-17867
-8707
-18043
-8683
-18307
-8771
-18531
-8683
-18843
-8955
125
-8963
-43
-8947
-371
-9011
-587
-9035
-803
-8907
-1027
-9019
-1283
-8907
-1547
-8963
-1755
-8939
-2059
-8971
-2235
-8987
-2467
-9019
-2683
-8995
-2915
-9027
-3251
-9035
-3427
-8963
-3675
-8923
-3899
-8947
-4107
-8987
-4363
-8963
-4651
-8995
-4851
-9003
-5163
-9035
-5315
-8971
-5659
-8947
-5811
-8979
-6027
-8995
-6291
-9035
-6635
-9027
-6843
-8947
-7051
-9019
-7251
-8987
-7507
-9019
-7771
-9035
-7995
-8987
-8227
-8987
-8515
-8931
-8747
-9019
-8923
-8971
-9195
-8963
-9507
-9003
-9715
-9035
-9907
-9011
-10235
-8979
-10443
-8955
-10651
-8971
-10867
-9011
-11075
-8979
-11331
-8995
-11579
-8987
-11835
-8987
-12067
-8939
-12307
-9019
-12563
-9027
-12795
-9035
-13107
-9027
-13339
-8987
-13595
-9027
-13723
-8979
-13947
-8987
-14211
-9019
-14443
-8995
-14771
-9019
-14915
-9027
-15155
-8971
-15451
-9003
-15667
-8939
-15899
-8955
-16163
-9019
-16371
-8987
-16603
-8907
-16923
-9035
-17067
-9035
-17403
-9027
-17611
-9035
-17835
-9011
-18139
-8923
-18291
-8963
-18627
-8971
-18851
-9267
109
-9171
-59
-9251
-387
-9227
-611
-9243
-819
-9203
-1027
-9235
-1291
-9267
-1483
-9259
-1835
-9195
-2043
-9187
-2259
-9163
-2539
-9195
-2707
-9163
-2971
-9227
-3147
-9179
-3507
-9195
-3731
-9155
-3931
-9259
-4171
-9267
-4363
-9155
-4595
-9195
-4907
-9163
-5155
-9211
-5427
-9187
-5611
-9259
-5835
-9219
-6051
-9259
-6275
-9219
-6595
-9275
-6763
-9259
-7051
-9195
-7323
-9171
-7515
-9243
-7771
-9267
-7987
-9227
-8259
-9267
-8491
-9219
-8779
-9187
-8987
-9179
-9187
-9195
-9395
-9267
-9643
-9227
-9955
-9187
-10179
-9227
-10387
-9275
-10651
-9147
-10939
-9187
-11139
-9171
-11411
-9259
-11563
-9195
-11827
-9275
-12131
-9203
-12387
-9235
-12587
-9235
-12747
-9259
-13115
-9203
-13307
-9155
-13531
-9275
-13763
-9275
-13995
-9235
-14195
-9203
-14515
-9227
-14771
-9211
-14907
-9187
-15171
-9267
-15443
-9259
-15651
-9187
-15971
-9259
-16211
-9227
-16419
-9275
-16691
-9211
-16923
-9267
-17131
-9235
-17331
-9179
-17547
-9275
-17851
-9187
-18075
-9235
-18323
-9179
-18523
-9179
-18835
-9515
133
-9483
-155
-9467
-355
-9515
-635
-9419
-835
-9411
-1059
-9387
-1299
-9475
-1523
-9483
-1779
-9419
-2075
-9467
-2235
-9411
-2443
-9395
-2731
-9467
-2971
-9435
-3275
-9483
-3491
-9507
-3667
-9515
-3923
-9515
-4155
-9443
-4379
-9483
-4667
-9435
-4875
-9427
-5139
-9491
-5315
-9459
-5611
-9499
-5875
-9451
-6147
-9491
-6363
-9499
-6579
-9459
-6787
-9507
-7035
-9403
-7235
-9507
-7507
-9387
-7723
-9499
-8059
-9427
-8251
-9467
-8459
-9515
-8723
-9395
-8947
-9443
-9155
-9515
-9411
-9507
-9739
-9459
-9971
-9467
-10171
-9483
-10395
-9459
-10643
-9507
-10931
-9451
-11187
-9443
-11403
-9499
-11619
-9499
-11819
-9475
-12075
-9507
-12395
-9491
-12507
-9387
-12795
-9499
-13035
-9515
-13291
-9499
-13587
-9427
-13771
-9507
-14051
-9499
-14203
-9387
-14451
-9483
-14683
-9499
-14907
-9395
-15267
-9467
-15427
-9459
-15683
-9475
-15939
-9491
-16115
-9499
-16411
-9435
-16675
-9507
-16955
-9507
-17131
-9507
-17307
-9491
-17659
-9507
-17795
-9507
-18083
-9515
-18363
-9507
-18563
-9435
-18859
-9739
101
-9755
-51
-9683
-267
-9723
-627
-9643
-835
-9731
-1099
-9667
-1227
-9715
-1507
-9699
-1827
-9691
-2075
-9699
-2187
-9723
-2531
-9627
-2707
-9691
-2907
-9635
-3163
-9675
-3475
-9683
-3675
-9627
-3979
-9731
-4131
-9627
-4467
-9659
-4715
-9643
-4891
-9755
-5083
-9699
-5411
-9659
-5651
-9667
-5835
-9707
-6107
-9747
-6379
-9731
-6627
-9659
-6747
-9643
-7035
-9627
-7307
-9651
-7539
-9667
-7715
-9659
-7955
-9643
-8251
-9651
-8547
-9683
-8747
-9739
-8971
-9683
-9163
-9755
-9467
-9627
-9667
-9683
-9971
-9755
-10219
-9683
-10347
-9755
-10683
-9755
-10851
-9667
-11083
-9627
-11347
-9659
-11651
-9731
-11787
-9723
-12043
-9747
-12379
-9739
-12603
-9699
-12803
-9699
-13019
-9747
-13299
-9699
-13555
-9723
-13795
-9739
-14043
-9731
-14267
-9691
-14507
-9715
-14795
-9715
-15019
-9739
-15259
-9755
-15411
-9715
-15675
-9739
-15875
-9731
-16187
-9659
-16451
-9667
-16595
-9683
-16835
-9723
-17187
-9707
-17395
-9675
-17595
-9675
-17787
-9635
-18107
-9643
-18267
-9635
-18619
-9691
-18867
-9963
117
-9987
-123
-9939
-379
-9899
-507
-9939
-779
-9891
-1051
-9963
-1259
-9923
-1547
-9875
-1779
-9947
-1963
-9979
-2275
-9971
-2483
-9963
-2667
-9891
-2979
-9963
-3195
-9971
-3387
-9867
-3675
-9955
-3907
-9891
-4235
-9931
-4347
-9979
-4619
-9867
-4883
-9867
-5163
-9899
-5331
-9867
-5555
-9971
-5891
-9907
-6123
-9995
-6299
-9883
-6539
-9883
-6827
-9955
-7083
-9883
-7243
-9955
-7587
-9963
-7803
-9995
-8043
-9907
-8267
-9955
-8555
-9875
-8739
-9907
-9003
-9931
-9179
-9947
-9403
-9987
-9675
-9963
-9971
-9915
-10155
-9939
-10395
-9931
-10659
-9987
-10955
-9883
-11067
-9987
-11323
-9875
-11571
-9939
-11827
-9963
-12075
-9995
-12371
-9883
-12531
-9979
-12843
-9899
-13035
-9907
-13251
-9915
-13475
-9971
-13715
-9939
-14067
-9939
-14235
-9995
-14475
-9915
-14747
-9875
-15035
-9915
-15211
-9899
-15515
-9883
-15715
-9931
-15923
-9939
-16203
-9971
-16411
-9923
-16651
-9915
-16851
-9947
-17099
-9955
-17347
-9931
-17555
-9995
-17907
-9939
-18067
-9955
-18355
-9883
-18587
-9955
-18843
-10163
141
-10139
-123
-10211
-283
-10115
-603
-10211
-875
-10131
-1099
-10187
-1235
-10235
-1547
-10131
-1779
-10155
-1971
-10187
-2267
-10155
-2467
-10139
-2787
-10123
-2931
-10163
-3195
-10203
-3451
-10147
-3715
-10147
-3899
-10195
-4235
-10235
-4355
-10163
-4715
-10187
-4891
-10187
-5107
-10219
-5371
-10131
-5611
-10187
-5891
-10211
-6115
-10219
-6283
-10107
-6579
-10147
-6867
-10227
-7091
-10147
-7227
-10211
-7483
-10155
-7787
-10115
-8035
-10227
-8275
-10203
-8451
-10163
-8699
-10187
-8995
-10107
-9259
-10235
-9403
-10235
-9739
-10195
-9907
-10227
-10107
-10115
-10475
-10203
-10635
-10163
-10843
-10195
-11067
-10155
-11347
-10195
-11587
-10187
-11859
-10163
-12123
-10179
-12283
-10139
-12515
-10227
-12803
-10107
-13075
-10203
-13267
-10195
-13571
-10203
-13771
-10115
-14075
-10147
-14315
-10195
-14475
-10227
-14779
-10171
-14979
-10179
-15267
-10227
-15491
-10171
-15651
-10139
-15971
-10187
-16219
-10147
-16347
-10235
-16643
-10227
-16931
-10195
-17147
-10155
-17355
-10235
-17627
-10195
-17811
-10179
-18075
-10187
-18267
-10203
-18547
-10211
-18875
-10419
125
-10435
-43
-10459
-267
-10443
-603
-10435
-803
-10467
-1067
-10467
-1323
-10467
-1595
-10459
-1707
-10459
-2067
-10451
-2267
-10467
-2499
-10427
-2755
-10411
-2931
-10419
-3219
-10467
-3467
-10419
-3707
-10459
-3963
-10451
-4171
-10451
-4355
-10443
-4611
-10411
-4931
-10411
-5171
-10467
-5387
-10419
-5643
-10475
-5803
-10427
-6123
-10443
-6291
-10475
-6627
-10475
-6747
-10419
-7003
-10419
-7355
-10475
-7547
-10419
-7803
-10419
-7979
-10451
-8219
-10451
-8427
-10451
-8739
-10443
-8987
-10451
-9275
-10467
-9435
-10427
-9723
-10475
-9931
-10419
-10195
-10443
-10355
-10443
-10603
-10443
-10851
-10419
-11163
-10451
-11379
-10419
-11547
-10443
-11867
-10435
-12115
-10427
-12355
-10475
-12635
-10419
-12747
-10419
-13027
-10475
-13259
-10467
-13539
-10459
-13755
-10459
-13979
-10451
-14283
-10427
-14427
-10475
-14683
-10459
-14963
-10443
-15195
-10411
-15411
-10427
-15731
-10427
-15923
-10467
-16115
-10435
-16427
-10419
-16643
-10435
-16859
-10467
-17107
-10475
-17427
-10435
-17571
-10459
-17899
-10427
-18051
-10435
-18363
-10427
-18627
-10419
-18843
