125
268
174
-135
201
-283
299
-582
268
-849
526
-960
292
-1255
274
-1529
153
-1776
239
-2042
582
-2257
367
-2517
219
-2699
137
-2947
101
-3159
217
-3431
207
-3723
225
-3867
119
-4149
269
-4439
147
-4615
85
-4891
133
-5147
117
-5287
101
-5583
149
-5907
93
-6119
93
-6255
125
-6511
109
-6843
101
-7079
85
-7207
149
-7439
101
-7771
149
-7939
117
-8259
93
-8395
93
-8699
125
-8995
101
-9127
85
-9407
125
-9755
117
-9931
85
-10131
93
-10459
85
-10587
93
-10843
109
-11195
149
-11363
133
-11579
117
-11891
141
-12091
125
-12363
85
-12539
101
-12867
141
-13091
109
-13347
101
-13547
125
-13707
85
-13971
85
-14291
85
-14539
141
-14691
149
-14955
125
-15211
93
-15507
149
-15683
117
-15971
101
-16115
117
-16459
149
-16699
117
-16859
125
-17147
85
-17395
85
-17611
109
-17819
93
-18059
93
-18395
133
-18619
109
-18867
-34
1231
-91
-95
-81
-297
-69
-582
-29
-773
-94
-1031
-141
-1296
-22
-1487
-63
-1791
-54
-1973
-121
-2213
-95
-2439
-27
-2709
-87
-2915
-117
-3213
-131
-3475
-99
-3691
-121
-3883
-11
-4179
-99
-4437
-125
-4677
-11
-4871
-127
-5163
-35
-5403
-107
-5615
-67
-5831
-115
-6047
-99
-6315
-147
-6575
-59
-6771
-43
-7087
-67
-7335
-51
-7463
-115
-7791
-131
-8011
-79
-8171
-39
-8519
-63
-8727
-75
-8975
-107
-9223
-127
-9491
-51
-9643
-139
-9995
-131
-10139
-131
-10435
-155
-10635
-67
-10931
-123
-11187
-123
-11323
-123
-11571
-123
-11883
-59
-12059
-147
-12395
-35
-12587
-83
-12859
-107
-13003
-35
-13307
-123
-13491
-131
-13731
-147
-14035
-155
-14315
-75
-14467
-83
-14683
-115
-15019
-91
-15171
-91
-15435
-67
-15707
-99
-15883
-131
-16235
-35
-16355
-123
-16603
-139
-16867
-155
-17171
-67
-17347
-99
-17595
-35
-17891
-155
-18155
-123
-18339
-147
-18603
-59
-18867
-335
399
-337
3
-311
-342
-290
-629
-266
-745
-277
-1090
-374
-1342
-329
-1550
-376
-1679
-286
-1974
-282
-2180
-359
-2471
-351
-2669
-295
-2939
-303
-3163
-359
-3383
-327
-3667
-279
-3899
-343
-4135
-253
-4375
-319
-4643
-275
-4883
-311
-5091
-391
-5427
-287
-5531
-351
-5855
-299
-6075
-267
-6335
-375
-6595
-387
-6731
-371
-7015
-283
-7275
-339
-7579
-323
-7739
-331
-7955
-359
-8207
-363
-8427
-299
-8723
-383
-8971
-379
-9123
-343
-9507
-299
-9699
-379
-9987
-307
-10123
-387
-10451
-355
-10699
-275
-10867
-379
-11171
-275
-11427
-379
-11659
-307
-11811
-371
-12115
-331
-12347
-291
-12523
-363
-12795
-371
-13091
-267
-13243
-339
-13531
-371
-13763
-355
-14011
-315
-14235
-291
-14475
-379
-14691
-395
-14947
-299
-15171
-363
-15459
-355
-15683
-307
-15955
-331
-16131
-323
-16459
-307
-16627
-339
-16955
-323
-17099
-275
-17435
-275
-17659
-299
-17803
-371
-18139
-283
-18371
-387
-18547
-387
-18875
-515
1058
-578
-13
-521
-335
-615
-578
-519
-713
-517
-977
-599
-1233
-597
-1585
-551
-1777
-523
-1993
-515
-2265
-633
-2425
-537
-2679
-557
-2895
-585
-3107
-517
-3429
-549
-3629
-541
-3925
-543
-4141
-619
-4421
-603
-4699
-519
-4867
-515
-5123
-527
-5371
-575
-5567
-535
-5791
-619
-6059
-595
-6371
-531
-6523
-547
-6739
-535
-7099
-563
-7239
-603
-7551
-515
-7743
-515
-8003
-579
-8191
-591
-8463
-615
-8683
-635
-9015
-627
-9191
-623
-9491
-555
-9691
-555
-9931
-579
-10179
-579
-10411
-635
-10619
-635
-10835
-635
-11179
-563
-11355
-539
-11547
-619
-11819
-603
-12027
-555
-12363
-539
-12531
-579
-12811
-635
-13091
-611
-13275
-627
-13507
-555
-13779
-635
-13979
-587
-14291
-555
-14531
-515
-14731
-507
-15011
-579
-15259
-555
-15411
-595
-15683
-611
-15947
-595
-16219
-635
-16411
-635
-16707
-587
-16907
-603
-17187
-587
-17379
-611
-17571
-515
-17915
-595
-18083
-515
-18315
-539
-18579
-595
-18835
-783
614
-821
-117
-813
-343
-718
-481
-836
-861
-818
-1054
-741
-1300
-829
-1451
-786
-1766
-779
-1949
-851
-2183
-803
-2437
-839
-2745
-805
-2981
-743
-3123
-803
-3423
-811
-3663
-819
-3903
-779
-4191
-839
-4331
-783
-4597
-839
-4871
-867
-5123
-783
-5379
-811
-5595
-823
-5799
-799
-6035
-831
-6319
-811
-6531
-819
-6739
-787
-7039
-831
-7347
-795
-7523
-863
-7811
-763
-7963
-839
-8299
-835
-8415
-791
-8715
-847
-9023
-767
-9251
-815
-9483
-843
-9675
-795
-9971
-803
-10179
-875
-10419
-875
-10587
-763
-10955
-811
-11115
-747
-11323
-819
-11579
-795
-11915
-771
-12043
-851
-12347
-867
-12619
-827
-12811
-867
-13043
-851
-13235
-859
-13515
-827
-13731
-771
-14027
-835
-14219
-867
-14507
-827
-14675
-819
-14939
-835
-15187
-795
-15515
-803
-15691
-771
-15923
-859
-16211
-811
-16427
-771
-16603
-803
-16867
-787
-17163
-835
-17395
-875
-17555
-827
-17875
-835
-18027
-835
-18315
-763
-18507
-827
-18875
-1067
520
-1055
-35
-964
-250
-1005
-569
-1075
-791
-1044
-1049
-1099
-1241
-1085
-1561
-1059
-1815
-1010
-1953
-1031
-2273
-991
-2451
-1007
-2707
-1017
-2897
-1071
-3139
-991
-3453
-1083
-3713
-1059
-3933
-1029
-4191
-1083
-4445
-1085
-4651
-1063
-4871
-1091
-5139
-1051
-5319
-995
-5647
-1075
-5867
-1003
-6027
-975
-6371
-1063
-6591
-1039
-6803
-1087
-6999
-979
-7327
-1111
-7459
-1091
-7691
-1055
-7971
-1051
-8199
-1063
-8423
-1019
-8659
-1027
-8907
-1015
-9243
-1103
-9395
-1011
-9755
-1067
-9907
-1043
-10131
-1083
-10427
-1107
-10683
-1027
-10915
-1115
-11099
-1083
-11395
-1091
-11635
-1107
-11795
-1043
-12051
-1035
-12315
-1107
-12619
-1059
-12795
-1099
-13027
-1035
-13283
-1011
-13571
-1083
-13755
-1099
-14051
-1059
-14259
-1059
-14475
-1091
-14683
-1091
-14915
-1099
-15163
-1035
-15427
-1099
-15699
-1027
-15891
-1115
-16219
-987
-16427
-1091
-16699
-1043
-16875
-1027
-17147
-1027
-17395
-1115
-17651
-1011
-17803
-1091
-18155
-1019
-18291
-1083
-18507
-1115
-18875
-1347
585
-1256
-8
-1310
-291
-1323
-557
-1335
-837
-1274
-1065
-1349
-1223
-1279
-1449
-1247
-1725
-1281
-1993
-1262
-2227
-1293
-2421
-1347
-2719
-1267
-2979
-1233
-3197
-1203
-3471
-1229
-3665
-1221
-3967
-1271
-4169
-1239
-4385
-1331
-4577
-1307
-4883
-1327
-5155
-1275
-5323
-1239
-5547
-1327
-5903
-1235
-6063
-1291
-6283
-1287
-6615
-1307
-6807
-1307
-6991
-1299
-7215
-1251
-7455
-1307
-7715
-1299
-7935
-1347
-8179
-1323
-8475
-1275
-8743
-1347
-8987
-1267
-9219
-1319
-9427
-1347
-9659
-1331
-9899
-1323
-10187
-1347
-10395
-1291
-10667
-1355
-10947
-1291
-11187
-1339
-11339
-1259
-11587
-1307
-11859
-1299
-12051
-1355
-12275
-1323
-12507
-1307
-12843
-1323
-13051
-1299
-13243
-1267
-13587
-1347
-13715
-1347
-13971
-1307
-14211
-1283
-14555
-1323
-14787
-1227
-14907
-1339
-15203
-1323
-15395
-1291
-15715
-1331
-15955
-1259
-16235
-1259
-16355
-1339
-16635
-1283
-16827
-1251
-17179
-1347
-17419
-1267
-17635
-1331
-17803
-1315
-18051
-1227
-18347
-1339
-18595
-1283
-18867
-1531
545
-1449
-49
-1539
-383
-1499
-575
-1459
-853
-1477
-1097
-1455
-1263
-1453
-1543
-1465
-1699
-1487
-1971
-1501
-2303
-1505
-2435
-1525
-2767
-1521
-2951
-1587
-3191
-1503
-3393
-1473
-3631
-1513
-3873
-1533
-4129
-1519
-4399
-1517
-4653
-1575
-4919
-1483
-5103
-1575
-5331
-1555
-5543
-1527
-5807
-1567
-6063
-1499
-6347
-1451
-6515
-1559
-6755
-1555
-7047
-1531
-7307
-1571
-7527
-1575
-7783
-1587
-7971
-1519
-8263
-1547
-8411
-1511
-8691
-1575
-9027
-1563
-9235
-1567
-9391
-1595
-9635
-1587
-9915
-1531
-10203
-1499
-10363
-1507
-10691
-1547
-10827
-1539
-11123
-1579
-11427
-1531
-11563
-1579
-11867
-1547
-12155
-1587
-12291
-1555
-12611
-1523
-12819
-1595
-13107
-1475
-13299
-1571
-13475
-1491
-13763
-1523
-14051
-1507
-14283
-1571
-14427
-1499
-14731
-1507
-14939
-1555
-15267
-1579
-15419
-1587
-15699
-1507
-15987
-1555
-16227
-1587
-16467
-1523
-16611
-1483
-16915
-1483
-17187
-1539
-17411
-1467
-17627
-1563
-17875
-1587
-18107
-1483
-18267
-1531
-18627
-1531
-18827
-1787
787
-1795
-93
-1793
-383
-1783
-587
-1707
-779
-1819
-1011
-1759
-1205
-1743
-1571
-1757
-1769
-1755
-1961
-1773
-2269
-1739
-2463
-1819
-2665
-1677
-2957
-1821
-3147
-1815
-3461
-1801
-3645
-1739
-3839
-1691
-4187
-1801
-4359
-1815
-4573
-1763
-4867
-1707
-5175
-1819
-5339
-1783
-5559
-1819
-5835
-1715
-6003
-1743
-6375
-1691
-6575
-1747
-6827
-1775
-6983
-1739
-7251
-1819
-7507
-1711
-7803
-1707
-8047
-1803
-8259
-1707
-8495
-1775
-8667
-1811
-9007
-1771
-9159
-1787
-9439
-1819
-9659
-1795
-9915
-1731
-10195
-1723
-10411
-1803
-10699
-1763
-10827
-1723
-11155
-1731
-11395
-1827
-11675
-1835
-11827
-1795
-12075
-1763
-12315
-1803
-12587
-1795
-12755
-1835
-12987
-1811
-13283
-1715
-13547
-1755
-13819
-1819
-13995
-1827
-14251
-1755
-14459
-1715
-14747
-1827
-15035
-1819
-15155
-1811
-15411
-1835
-15683
-1811
-15995
-1723
-16195
-1755
-16467
-1787
-16611
-1811
-16875
-1779
-17107
-1835
-17379
-1707
-17675
-1795
-17859
-1811
-18059
-1811
-18307
-1811
-18611
-1811
-18859
-1951
1289
-1983
-17
-2059
-343
-1967
-599
-2009
-771
-2027
-969
-2043
-1287
-1981
-1563
-1923
-1791
-1939
-2049
-2059
-2263
-1949
-2519
-2063
-2665
-1961
-3007
-2013
-3197
-2013
-3405
-1975
-3607
-2059
-3961
-2001
-4169
-2007
-4425
-1961
-4587
-2043
-4875
-2035
-5143
-2011
-5299
-2015
-5619
-1987
-5779
-1987
-6051
-2055
-6255
-2055
-6535
-2015
-6807
-1979
-7047
-2003
-7271
-1995
-7503
-2031
-7779
-2019
-7959
-2035
-8199
-2059
-8515
-2059
-8679
-1995
-8971
-1995
-9123
-2043
-9483
-2043
-9731
-2075
-9971
-2019
-10107
-2051
-10403
-2067
-10667
-1987
-10851
-2011
-11099
-2075
-11435
-2075
-11571
-2035
-11875
-2019
-12075
-2075
-12379
-2003
-12507
-1979
-12755
-2027
-13011
-1947
-13243
-2019
-13555
-1963
-13795
-1987
-13995
-2067
-14291
-2051
-14555
-2043
-14739
-2051
-14995
-2035
-15203
-1979
-15483
-2027
-15627
-2019
-15971
-2075
-16155
-2035
-16371
-2011
-16635
-2035
-16835
-2003
-17195
-2003
-17363
-2075
-17675
-2067
-17867
-2051
-18139
-1995
-18315
-2019
-18579
-1987
-18843
-2227
1095
-2277
-19
-2277
-249
-2227
-501
-2191
-785
-2281
-989
-2289
-1287
-2251
-1539
-2217
-1709
-2293
-2035
-2209
-2223
-2155
-2491
-2201
-2695
-2287
-2997
-2283
-3139
-2265
-3459
-2191
-3649
-2175
-3909
-2279
-4115
-2195
-4457
-2271
-4603
-2267
-4907
-2267
-5099
-2311
-5307
-2159
-5659
-2243
-5907
-2259
-6091
-2315
-6307
-2311
-6579
-2211
-6831
-2191
-7039
-2291
-7223
-2267
-7559
-2251
-7791
-2303
-8027
-2243
-8179
-2291
-8531
-2279
-8763
-2215
-9011
-2303
-9219
-2187
-9463
-2307
-9659
-2203
-9907
-2195
-10131
-2203
-10347
-2251
-10643
-2315
-10923
-2243
-11099
-2251
-11411
-2251
-11659
-2203
-11827
-2219
-12043
-2251
-12379
-2283
-12555
-2307
-12763
-2195
-13035
-2291
-13275
-2275
-13539
-2291
-13747
-2283
-14035
-2291
-14251
-2187
-14515
-2219
-14675
-2283
-14955
-2211
-15179
-2251
-15435
-2299
-15731
-2251
-15867
-2227
-16171
-2243
-16459
-2187
-16595
-2299
-16859
-2235
-17067
-2251
-17411
-2291
-17595
-2291
-17819
-2259
-18043
-2267
-18395
-2307
-18587
-2203
-18867
-2495
561
-2477
-83
-2515
-267
-2455
-529
-2555
-799
-2469
-1091
-2443
-1281
-2459
-1519
-2433
-1683
-2519
-2013
-2455
-2241
-2497
-2417
-2513
-2755
-2515
-2999
-2507
-3131
-2513
-3387
-2433
-3661
-2501
-3861
-2511
-4119
-2463
-4369
-2479
-4665
-2419
-4883
-2475
-5187
-2491
-5399
-2443
-5639
-2399
-5779
-2519
-6103
-2491
-6251
-2511
-6579
-2555
-6775
-2455
-7011
-2495
-7311
-2539
-7527
-2443
-7827
-2403
-8071
-2479
-8183
-2527
-8491
-2475
-8723
-2515
-8947
-2519
-9175
-2519
-9363
-2531
-9627
-2491
-9931
-2483
-10235
-2523
-10443
-2499
-10715
-2459
-10931
-2459
-11075
-2555
-11363
-2435
-11547
-2523
-11803
-2515
-12083
-2499
-12363
-2483
-12539
-2499
-12779
-2523
-12995
-2555
-13275
-2555
-13523
-2475
-13787
-2491
-13955
-2507
-14283
-2555
-14435
-2547
-14699
-2483
-14963
-2539
-15171
-2547
-15387
-2555
-15747
-2555
-15883
-2539
-16171
-2539
-16443
-2547
-16651
-2491
-16851
-2459
-17107
-2547
-17347
-2483
-17571
-2483
-17859
-2459
-18115
-2507
-18275
-2507
-18539
-2547
-18867
-2671
97
-2783
-71
-2771
-315
-2715
-579
-2791
-811
-2747
-1051
-2711
-1347
-2715
-1503
-2771
-1775
-2747
-1979
-2675
-2267
-2695
-2535
-2779
-2703
-2743
-3027
-2723
-3195
-2687
-3367
-2715
-3639
-2707
-3891
-2703
-4195
-2703
-4395
-2675
-4585
-2763
-4883
-2707
-5087
-2775
-5339
-2715
-5595
-2723
-5847
-2755
-6087
-2643
-6331
-2663
-6527
-2695
-6799
-2775
-7015
-2755
-7215
-2707
-7551
-2687
-7703
-2663
-8059
-2695
-8251
-2743
-8531
-2735
-8759
-2723
-8951
-2779
-9147
-2767
-9403
-2779
-9691
-2707
-9955
-2795
-10203
-2731
-10419
-2715
-10675
-2795
-10939
-2683
-11107
-2795
-11379
-2699
-11659
-2787
-11803
-2699
-12059
-2755
-12283
-2763
-12627
-2731
-12859
-2707
-13019
-2707
-13315
-2771
-13499
-2795
-13835
-2699
-13963
-2795
-14211
-2739
-14523
-2779
-14779
-2787
-14987
-2787
-15171
-2771
-15491
-2723
-15683
-2731
-15931
-2739
-16163
-2675
-16427
-2747
-16667
-2699
-16931
-2787
-17171
-2691
-17371
-2675
-17547
-2715
-17915
-2691
-18107
-2795
-18299
-2779
-18507
-2683
-18843
-2939
141
-2939
-23
-2979
-279
-2955
-559
-3007
-791
-2927
-1023
-3031
-1303
-3019
-1503
-2995
-1755
-2987
-1979
-3031
-2195
-2899
-2503
-2987
-2695
-2999
-2899
-2979
-3187
-2903
-3515
-3027
-3739
-2991
-3879
-2983
-4099
-2995
-4379
-3019
-4671
-2959
-4827
-2987
-5103
-2959
-5351
-3007
-5571
-2907
-5831
-2899
-6115
-2951
-6279
-2947
-6555
-2939
-6775
-2887
-7087
-2979
-7303
-2963
-7487
-2975
-7711
-2983
-8003
-2951
-8239
-3007
-8447
-2987
-8679
-2959
-8947
-2947
-9259
-2915
-9471
-2979
-9739
-2995
-9939
-2955
-10155
-3003
-10379
-2971
-10619
-2987
-10955
-3027
-11115
-3019
-11307
-2939
-11651
-2923
-11835
-3019
-12155
-2947
-12315
-2939
-12515
-3027
-12851
-2987
-13043
-3035
-13323
-2971
-13579
-3035
-13811
-2979
-14067
-2995
-14219
-2971
-14499
-2915
-14699
-2931
-14907
-3011
-15163
-3027
-15499
-2987
-15707
-3011
-15907
-2995
-16187
-3019
-16427
-2915
-16659
-3003
-16851
-3003
-17195
-2907
-17339
-3019
-17555
-3019
-17811
-2979
-18035
-2931
-18355
-2915
-18635
-2971
-18819
-3267
141
-3235
-39
-3251
-363
-3271
-579
-3235
-743
-3235
-1031
-3243
-1231
-3271
-1475
-3227
-1775
-3135
-1995
-3255
-2267
-3223
-2419
-3211
-2743
-3219
-3023
-3191
-3219
-3159
-3415
-3143
-3743
-3215
-3935
-3215
-4099
-3163
-4411
-3263
-4603
-3235
-4843
-3243
-5111
-3227
-5387
-3155
-5639
-3147
-5791
-3203
-6035
-3243
-6335
-3211
-6531
-3243
-6843
-3227
-6967
-3151
-7243
-3187
-7467
-3255
-7687
-3231
-8011
-3251
-8275
-3195
-8547
-3267
-8703
-3147
-8899
-3203
-9231
-3199
-9387
-3171
-9683
-3267
-9867
-3163
-10171
-3219
-10371
-3267
-10683
-3259
-10947
-3211
-11171
-3155
-11331
-3243
-11667
-3259
-11795
-3187
-12139
-3235
-12283
-3267
-12619
-3147
-12851
-3267
-13107
-3235
-13299
-3163
-13467
-3195
-13755
-3259
-13947
-3187
-14299
-3163
-14515
-3267
-14755
-3275
-15011
-3195
-15187
-3203
-15475
-3235
-15739
-3235
-15931
-3275
-16139
-3275
-16411
-3251
-16659
-3243
-16875
-3147
-17107
-3267
-17347
-3267
-17619
-3187
-17859
-3235
-18091
-3243
-18331
-3155
-18571
-3259
-18827
-3443
133
-3503
-39
-3507
-331
-3483
-531
-3395
-863
-3375
-1067
-3491
-1275
-3451
-1499
-3407
-1803
-3483
-1967
-3479
-2287
-3483
-2463
-3503
-2707
-3459
-2963
-3499
-3179
-3443
-3427
-3419
-3699
-3411
-3911
-3471
-4099
-3487
-4427
-3359
-4635
-3467
-4927
-3383
-5163
-3443
-5347
-3479
-5663
-3379
-5851
-3431
-6099
-3491
-6287
-3503
-6579
-3419
-6779
-3439
-6995
-3403
-7331
-3383
-7547
-3451
-7767
-3499
-7987
-3431
-8219
-3443
-8451
-3423
-8779
-3395
-8943
-3491
-9155
-3483
-9463
-3499
-9755
-3443
-9923
-3515
-10203
-3387
-10363
-3459
-10651
-3467
-10923
-3499
-11155
-3419
-11411
-3483
-11547
-3443
-11843
-3507
-12107
-3483
-12267
-3395
-12571
-3499
-12803
-3443
-13027
-3491
-13235
-3515
-13523
-3475
-13771
-3491
-13987
-3515
-14307
-3515
-14491
-3483
-14715
-3515
-14923
-3507
-15227
-3499
-15443
-3467
-15683
-3411
-15955
-3467
-16139
-3507
-16435
-3451
-16587
-3475
-16947
-3475
-17091
-3459
-17419
-3507
-17635
-3451
-17867
-3491
-18051
-3443
-18275
-3491
-18563
-3491
-18827
-3671
141
-3595
-31
-3711
-359
-3703
-563
-3723
-731
-3691
-1063
-3683
-1255
-3607
-1491
-3623
-1763
-3667
-1931
-3715
-2267
-3715
-2455
-3623
-2739
-3755
-2875
-3699
-3187
-3723
-3467
-3695
-3619
-3647
-3879
-3651
-4087
-3707
-4431
-3627
-4571
-3715
-4927
-3671
-5175
-3711
-5315
-3695
-5623
-3747
-5899
-3615
-6119
-3647
-6367
-3691
-6495
-3739
-6751
-3659
-7075
-3727
-7263
-3755
-7531
-3715
-7739
-3631
-7987
-3715
-8195
-3735
-8447
-3627
-8727
-3699
-8987
-3631
-9211
-3675
-9515
-3643
-9627
-3755
-9915
-3723
-10195
-3699
-10395
-3659
-10683
-3723
-10851
-3691
-11067
-3715
-11307
-3755
-11659
-3691
-11819
-3675
-12051
-3651
-12267
-3659
-12507
-3731
-12747
-3739
-12987
-3699
-13275
-3643
-13531
-3755
-13715
-3651
-13947
-3731
-14259
-3683
-14467
-3667
-14683
-3675
-14915
-3755
-15155
-3755
-15427
-3723
-15731
-3651
-15947
-3643
-16227
-3723
-16411
-3699
-16667
-3715
-16955
-3715
-17091
-3715
-17379
-3755
-17643
-3691
-17891
-3667
-18043
-3731
-18339
-3723
-18507
-3675
-18819
-3967
125
-3967
-119
-3907
-387
-3951
-487
-3855
-739
-3935
-1047
-3871
-1315
-3959
-1475
-3923
-1735
-3975
-2011
-3939
-2291
-3947
-2487
-3967
-2703
-3935
-2955
-3899
-3243
-3899
-3471
-3883
-3735
-3871
-3899
-3923
-4223
-3879
-4411
-3879
-4675
-3855
-4871
-3947
-5107
-3883
-5331
-3967
-5535
-3907
-5799
-3943
-6123
-3847
-6275
-3899
-6587
-3955
-6827
-3915
-7043
-3959
-7291
-3915
-7531
-3971
-7751
-3875
-7915
-3983
-8183
-3895
-8471
-3943
-8699
-3891
-8931
-3947
-9187
-3919
-9483
-3971
-9739
-3947
-9875
-3987
-10195
-3979
-10467
-3971
-10675
-3995
-10907
-3995
-11139
-3907
-11371
-3923
-11627
-3939
-11907
-3939
-12075
-3867
-12323
-3907
-12515
-3963
-12755
-3971
-13059
-3987
-13235
-3939
-13571
-3947
-13731
-3899
-14043
-3891
-14227
-3907
-14475
-3963
-14715
-3955
-14971
-3891
-15171
-3971
-15403
-3923
-15675
-3979
-15907
-3987
-16179
-3931
-16355
-3963
-16667
-3891
-16923
-3987
-17131
-3987
-17355
-3915
-17667
-3995
-17827
-3883
-18147
-3987
-18323
-3987
-18507
-3979
-18811
-4207
109
-4207
-31
-4207
-299
-4123
-527
-4207
-827
-4179
-959
-4199
-1223
-4187
-1527
-4211
-1715
-4175
-2003
-4123
-2259
-4227
-2551
-4191
-2711
-4083
-2971
-4167
-3247
-4171
-3379
-4115
-3659
-4171
-3867
-4127
-4087
-4207
-4375
-4187
-4627
-4211
-4951
-4187
-5135
-4119
-5391
-4203
-5627
-4107
-5855
-4215
-6047
-4211
-6251
-4171
-6587
-4179
-6819
-4215
-6967
-4223
-7283
-4151
-7583
-4199
-7795
-4211
-8035
-4083
-8215
-4179
-8395
-4175
-8663
-4183
-8979
-4159
-9163
-4187
-9471
-4163
-9691
-4235
-9891
-4203
-10147
-4195
-10387
-4155
-10675
-4179
-10875
-4131
-11091
-4235
-11427
-4219
-11555
-4195
-11811
-4235
-12035
-4179
-12331
-4195
-12595
-4203
-12779
-4147
-13091
-4235
-13355
-4123
-13515
-4179
-13707
-4155
-14027
-4211
-14299
-4203
-14451
-4219
-14739
-4131
-14971
-4123
-15211
-4203
-15451
-4227
-15707
-4203
-15875
-4115
-16211
-4227
-16403
-4179
-16659
-4187
-16915
-4163
-17179
-4195
-17379
-4187
-17627
-4203
-17819
-4179
-18155
-4131
-18331
-4211
-18579
-4147
-18843
-4375
109
-4439
-75
-4427
-279
-4419
-599
-4471
-739
-4347
-1083
-4463
-1343
-4411
-1483
-4463
-1739
-4435
-2023
-4423
-2291
-4387
-2539
-4427
-2695
-4363
-2919
-4399
-3147
-4379
-3431
-4351
-3703
-4355
-3915
-4339
-4151
-4411
-4335
-4407
-4691
-4439
-4875
-4419
-5071
-4423
-5423
-4451
-5571
-4447
-5771
-4415
-6115
-4371
-6307
-4359
-6571
-4435
-6815
-4431
-7015
-4463
-7307
-4367
-7563
-4391
-7807
-4467
-7951
-4379
-8283
-4431
-8463
-4367
-8731
-4467
-9031
-4427
-9135
-4323
-9431
-4459
-9643
-4435
-9947
-4411
-10123
-4411
-10347
-4435
-10611
-4475
-10875
-4419
-11115
-4467
-11355
-4459
-11587
-4443
-11843
-4435
-12027
-4475
-12347
-4363
-12531
-4419
-12875
-4443
-13107
-4347
-13299
-4475
-13475
-4371
-13787
-4403
-13955
-4379
-14219
-4443
-14443
-4419
-14779
-4467
-15003
-4363
-15187
-4379
-15451
-4371
-15643
-4459
-15979
-4435
-16163
-4475
-16387
-4459
-16627
-4395
-16827
-4427
-17075
-4467
-17347
-4443
-17675
-4411
-17851
-4459
-18139
-4451
-18323
-4451
-18563
-4387
-18851
-4611
125
-4659
-131
-4591
-371
-4635
-575
-4603
-819
-4603
-1003
-4683
-1279
-4627
-1471
-4651
-1711
-4587
-1963
-4667
-2219
-4619
-2483
-4635
-2739
-4675
-2911
-4711
-3227
-4571
-3471
-4603
-3687
-4691
-3883
-4563
-4115
-4683
-4363
-4639
-4703
-4583
-4803
-4691
-5123
-4655
-5363
-4671
-5619
-4659
-5795
-4683
-6099
-4691
-6371
-4607
-6547
-4683
-6811
-4639
-7079
-4579
-7227
-4619
-7571
-4691
-7763
-4619
-7947
-4659
-8231
-4635
-8543
-4707
-8755
-4651
-8983
-4639
-9139
-4603
-9515
-4611
-9699
-4651
-9899
-4715
-10115
-4651
-10411
-4659
-10683
-4651
-10827
-4651
-11131
-4611
-11387
-4611
-11627
-4691
-11835
-4651
-12099
-4667
-12379
-4611
-12507
-4715
-12819
-4675
-13019
-4603
-13323
-4603
-13587
-4675
-13835
-4699
-14059
-4683
-14195
-4691
-14467
-4667
-14691
-4643
-14955
-4691
-15179
-4667
-15387
-4635
-15723
-4603
-15883
-4635
-16211
-4707
-16371
-4683
-16699
-4715
-16867
-4651
-17155
-4659
-17371
-4715
-17603
-4683
-17811
-4715
-18107
-4707
-18379
-4635
-18507
-4635
-18843
-4891
149
-4863
-107
-4939
-355
-4935
-511
-4887
-743
-4851
-1067
-4827
-1343
-4835
-1467
-4911
-1807
-4899
-1931
-4843
-2163
-4899
-2415
-4943
-2755
-4947
-2915
-4851
-3131
-4935
-3479
-4839
-3671
-4875
-3879
-4819
-4179
-4931
-4475
-4907
-4643
-4899
-4875
-4895
-5095
-4851
-5423
-4823
-5615
-4831
-5799
-4931
-6015
-4863
-6255
-4847
-6567
-4875
-6775
-4811
-7031
-4883
-7203
-4939
-7475
-4927
-7791
-4923
-7967
-4907
-8279
-4851
-8483
-4911
-8739
-4827
-8939
-4931
-9139
-4927
-9471
-4875
-9723
-4955
-9931
-4907
-10115
-4939
-10387
-4947
-10715
-4931
-10939
-4923
-11179
-4883
-11379
-4851
-11563
-4827
-11787
-4867
-12035
-4939
-12299
-4947
-12603
-4939
-12843
-4907
-13091
-4859
-13235
-4955
-13547
-4843
-13763
-4899
-14003
-4859
-14219
-4955
-14459
-4875
-14779
-4851
-14923
-4939
-15187
-4955
-15499
-4931
-15739
-4931
-15931
-4843
-16211
-4955
-16411
-4899
-16635
-4931
-16907
-4915
-17179
-4923
-17355
-4907
-17611
-4899
-17811
-4955
-18035
-4923
-18275
-4843
-18587
-4883
-18819
-5127
85
-5159
-99
-5075
-347
-5107
-491
-5099
-751
-5083
-1103
-5103
-1235
-5083
-1527
-5079
-1815
-5059
-1923
-5083
-2211
-5147
-2547
-5135
-2755
-5175
-2971
-5051
-3191
-5151
-3423
-5051
-3679
-5091
-3883
-5071
-4163
-5143
-4451
-5147
-4711
-5099
-4879
-5155
-5091
-5087
-5339
-5135
-5559
-5075
-5899
-5131
-6075
-5163
-6331
-5123
-6563
-5139
-6747
-5131
-7003
-5043
-7347
-5155
-7475
-5087
-7815
-5151
-8023
-5107
-8303
-5159
-8447
-5127
-8703
-5155
-8979
-5103
-9175
-5151
-9403
-5107
-9667
-5195
-9883
-5139
-10219
-5171
-10451
-5155
-10635
-5131
-10891
-5155
-11107
-5163
-11435
-5107
-11563
-5195
-11835
-5195
-12107
-5155
-12267
-5187
-12603
-5155
-12795
-5075
-13059
-5179
-13299
-5099
-13571
-5131
-13731
-5107
-13963
-5099
-14203
-5099
-14459
-5123
-14667
-5099
-14963
-5187
-15203
-5187
-15475
-5123
-15731
-5131
-15979
-5179
-16123
-5139
-16451
-5131
-16675
-5195
-16931
-5195
-17131
-5123
-17323
-5171
-17571
-5163
-17843
-5179
-18075
-5155
-18315
-5187
-18555
-5179
-18811
-5307
141
-5307
-91
-5307
-307
-5387
-539
-5323
-819
-5427
-1035
-5427
-1235
-5403
-1579
-5435
-1787
-5395
-2047
-5363
-2251
-5435
-2531
-5379
-2731
-5331
-2999
-5411
-3203
-5355
-3459
-5355
-3627
-5331
-3939
-5355
-4175
-5379
-4427
-5427
-4667
-5411
-4955
-5411
-5107
-5323
-5335
-5307
-5543
-5387
-5847
-5307
-6123
-5435
-6307
-5395
-6547
-5403
-6819
-5427
-7115
-5419
-7323
-5419
-7507
-5435
-7787
-5395
-8035
-5411
-8243
-5339
-8487
-5339
-8763
-5339
-8999
-5355
-9151
-5315
-9367
-5403
-9715
-5411
-9891
-5371
-10131
-5403
-10363
-5419
-10627
-5419
-10923
-5419
-11123
-5403
-11371
-5403
-11659
-5419
-11883
-5411
-12059
-5331
-12323
-5379
-12515
-5331
-12851
-5427
-13011
-5395
-13339
-5363
-13475
-5411
-13715
-5427
-13963
-5403
-14211
-5395
-14475
-5411
-14763
-5427
-14907
-5331
-15163
-5411
-15499
-5435
-15715
-5419
-15923
-5435
-16139
-5395
-16411
-5395
-16587
-5411
-16875
-5379
-17131
-5371
-17323
-5427
-17555
-5339
-17851
-5371
-18051
-5307
-18363
-5371
-18611
-5315
-18867
-5579
85
-5643
-27
-5643
-291
-5595
-515
-5651
-763
-5603
-1115
-5587
-1243
-5619
-1579
-5667
-1723
-5643
-2003
-5587
-2299
-5659
-2555
-5659
-2795
-5603
-2915
-5651
-3275
-5603
-3443
-5619
-3667
-5571
-3915
-5603
-4155
-5619
-4411
-5619
-4587
-5619
-4931
-5619
-5139
-5651
-5419
-5627
-5571
-5627
-5867
-5587
-6059
-5675
-6267
-5571
-6579
-5563
-6787
-5675
-7115
-5619
-7355
-5595
-7547
-5635
-7763
-5651
-8027
-5611
-8187
-5627
-8555
-5675
-8771
-5635
-8923
-5659
-9267
-5611
-9451
-5643
-9635
-5603
-9867
-5603
-10155
-5579
-10459
-5627
-10587
-5571
-10835
-5659
-11091
-5627
-11387
-5659
-11555
-5595
-11891
-5643
-12083
-5675
-12275
-5675
-12619
-5611
-12835
-5595
-13107
-5571
-13331
-5579
-13531
-5667
-13819
-5667
-13995
-5563
-14259
-5675
-14515
-5659
-14771
-5651
-14907
-5563
-15195
-5611
-15443
-5603
-15675
-5651
-15915
-5587
-16211
-5611
-16427
-5659
-16587
-5563
-16907
-5619
-17147
-5571
-17403
-5587
-17627
-5643
-17851
-5619
-18059
-5635
-18363
-5619
-18563
-5675
-18811
-5803
141
-5875
-43
-5859
-339
-5811
-563
-5875
-827
-5851
-1107
-5867
-1299
-5915
-1539
-5891
-1723
-5915
-2027
-5811
-2219
-5835
-2483
-5811
-2747
-5907
-2947
-5795
-3235
-5907
-3507
-5891
-3667
-5883
-3947
-5843
-4219
-5867
-4355
-5875
-4611
-5811
-4947
-5899
-5099
-5891
-5411
-5851
-5563
-5827
-5859
-5891
-6027
-5867
-6395
-5907
-6515
-5835
-6819
-5907
-6987
-5843
-7275
-5907
-7531
-5811
-7763
-5843
-8035
-5795
-8267
-5859
-8483
-5811
-8771
-5859
-9003
-5891
-9275
-5875
-9459
-5819
-9683
-5859
-9907
-5875
-10211
-5787
-10379
-5819
-10699
-5875
-10851
-5899
-11107
-5787
-11395
-5819
-11627
-5915
-11843
-5851
-12075
-5915
-12387
-5803
-12611
-5891
-12787
-5803
-13003
-5899
-13323
-5915
-13483
-5811
-13771
-5859
-13979
-5819
-14307
-5835
-14451
-5891
-14747
-5883
-15019
-5915
-15163
-5787
-15507
-5859
-15699
-5811
-15963
-5803
-16195
-5875
-16459
-5899
-16595
-5811
-16851
-5851
-17131
-5811
-17315
-5811
-17603
-5859
-17843
-5803
-18035
-5867
-18395
-5803
-18603
-5907
-18843
-6067
109
-6139
-27
-6131
-283
-6035
-627
-6123
-763
-6035
-1051
-6147
-1299
-6043
-1571
-6035
-1763
-6147
-2075
-6131
-2235
-6139
-2507
-6131
-2675
-6147
-3003
-6139
-3219
-6131
-3515
-6075
-3683
-6139
-3939
-6083
-4147
-6123
-4347
-6115
-4635
-6035
-4899
-6099
-5067
-6115
-5419
-6147
-5643
-6155
-5827
-6139
-6099
-6099
-6347
-6051
-6619
-6051
-6835
-6155
-7035
-6035
-7259
-6131
-7531
-6131
-7803
-6051
-7995
-6139
-8195
-6051
-8539
-6155
-8771
-6051
-8955
-6083
-9227
-6027
-9483
-6091
-9659
-6091
-9971
-6083
-10219
-6155
-10355
-6083
-10659
-6099
-10955
-6131
-11139
-6115
-11395
-6115
-11555
-6099
-11891
-6027
-12059
-6043
-12347
-6131
-12531
-6083
-12867
-6131
-13051
-6155
-13227
-6091
-13571
-6131
-13723
-6035
-13955
-6059
-14307
-6147
-14435
-6059
-14715
-6115
-14955
-6051
-15187
-6091
-15403
-6139
-15699
-6107
-15979
-6043
-16155
-6147
-16459
-6123
-16643
-6083
-16859
-6075
-17099
-6035
-17339
-6051
-17635
-6051
-17827
-6139
-18099
-6155
-18331
-6115
-18507
-6059
-18811
-6283
93
-6339
-155
-6315
-323
-6331
-627
-6331
-803
-6307
-1027
-6315
-1315
-6347
-1523
-6371
-1747
-6379
-1947
-6371
-2267
-6395
-2539
-6387
-2667
-6395
-2963
-6363
-3155
-6387
-3499
-6331
-3635
-6371
-3891
-6395
-4131
-6371
-4379
-6379
-4707
-6355
-4907
-6371
-5131
-6355
-5307
-6339
-5675
-6275
-5915
-6379
-6155
-6275
-6339
-6307
-6611
-6363
-6779
-6267
-7067
-6363
-7275
-6291
-7579
-6339
-7731
-6387
-8059
-6363
-8203
-6371
-8467
-6371
-8731
-6355
-8907
-6331
-9243
-6355
-9411
-6315
-9667
-6331
-9923
-6355
-10123
-6267
-10371
-6339
-10707
-6371
-10907
-6387
-11067
-6283
-11339
-6387
-11555
-6395
-11835
-6291
-12131
-6339
-12315
-6379
-12595
-6291
-12787
-6363
-13107
-6275
-13323
-6387
-13515
-6387
-13787
-6307
-13947
-6395
-14275
-6323
-14531
-6371
-14707
-6355
-14915
-6379
-15219
-6307
-15403
-6283
-15643
-6331
-15995
-6275
-16131
-6379
-16355
-6387
-16635
-6379
-16955
-6395
-17123
-6379
-17331
-6379
-17651
-6291
-17803
-6355
-18107
-6371
-18307
-6387
-18587
-6315
-18859
-6579
125
-6635
-35
-6627
-291
-6515
-547
-6587
-803
-6595
-1083
-6627
-1283
-6619
-1563
-6619
-1827
-6563
-2027
-6587
-2187
-6595
-2539
-6523
-2731
-6619
-2971
-6547
-3275
-6595
-3411
-6627
-3643
-6611
-3947
-6523
-4211
-6611
-4411
-6555
-4707
-6555
-4931
-6579
-5147
-6555
-5331
-6507
-5611
-6595
-5819
-6515
-6155
-6555
-6371
-6555
-6515
-6603
-6843
-6587
-7059
-6595
-7331
-6619
-7515
-6515
-7763
-6547
-8075
-6571
-8219
-6531
-8531
-6635
-8787
-6603
-9011
-6539
-9171
-6515
-9499
-6515
-9715
-6507
-9907
-6595
-10219
-6619
-10467
-6611
-10627
-6611
-10939
-6611
-11107
-6555
-11379
-6635
-11587
-6563
-11787
-6611
-12051
-6627
-12283
-6571
-12635
-6579
-12843
-6531
-13099
-6627
-13331
-6523
-13539
-6531
-13731
-6635
-14051
-6555
-14315
-6603
-14555
-6571
-14787
-6587
-15019
-6587
-15227
-6579
-15483
-6603
-15699
-6587
-15979
-6587
-16147
-6635
-16475
-6579
-16611
-6635
-16875
-6611
-17179
-6507
-17427
-6627
-17619
-6611
-17875
-6619
-18147
-6547
-18331
-6579
-18595
-6635
-18875
-6875
141
-6827
-99
-6859
-379
-6875
-523
-6835
-819
-6803
-1027
-6827
-1291
-6819
-1483
-6851
-1803
-6867
-2051
-6811
-2227
-6867
-2483
-6859
-2723
-6867
-3019
-6803
-3227
-6835
-3507
-6859
-3707
-6819
-3971
-6795
-4123
-6835
-4443
-6755
-4611
-6747
-4843
-6795
-5139
-6811
-5427
-6827
-5635
-6779
-5859
-6859
-6131
-6803
-6347
-6755
-6523
-6771
-6827
-6803
-6987
-6835
-7331
-6811
-7531
-6811
-7827
-6811
-8011
-6795
-8283
-6867
-8467
-6875
-8667
-6835
-8979
-6827
-9259
-6867
-9459
-6811
-9699
-6875
-9867
-6859
-10123
-6795
-10363
-6859
-10675
-6835
-10931
-6843
-11147
-6851
-11411
-6843
-11675
-6771
-11859
-6867
-12035
-6843
-12275
-6819
-12523
-6755
-12827
-6811
-13043
-6859
-13283
-6843
-13539
-6747
-13731
-6787
-13987
-6747
-14315
-6779
-14523
-6851
-14739
-6867
-15035
-6859
-15259
-6851
-15491
-6787
-15755
-6795
-15891
-6827
-16235
-6795
-16355
-6867
-16603
-6867
-16939
-6851
-17123
-6835
-17379
-6835
-17619
-6779
-17875
-6859
-18043
-6827
-18371
-6835
-18563
-6827
-18867
-7035
125
-7107
-51
-7059
-379
-7051
-619
-7035
-835
-7107
-1043
-7003
-1235
-7107
-1507
-7075
-1787
-7075
-2051
-7083
-2275
-7067
-2427
-6995
-2771
-7019
-2995
-7067
-3235
-7003
-3467
-7083
-3683
-7115
-3891
-7075
-4147
-6995
-4379
-7075
-4675
-7075
-4915
-7043
-5179
-7011
-5331
-7075
-5635
-7115
-5907
-7107
-6147
-7051
-6267
-7115
-6635
-7003
-6787
-7051
-7099
-7011
-7307
-7107
-7491
-7075
-7795
-7107
-7947
-7083
-8291
-7019
-8499
-7107
-8771
-7107
-9019
-6995
-9211
-7115
-9499
-7091
-9715
-7051
-9931
-7107
-10147
-7019
-10475
-7075
-10595
-6987
-10867
-7091
-11075
-7099
-11315
-7019
-11627
-7083
-11803
-7075
-12043
-7059
-12275
-7115
-12635
-7027
-12747
-7099
-13107
-7115
-13355
-7067
-13475
-7099
-13755
-7027
-14003
-7043
-14259
-7107
-14451
-7099
-14723
-7067
-15027
-7115
-15211
-7107
-15491
-7099
-15731
-7067
-15907
-7043
-16195
-7003
-16459
-7043
-16715
-7107
-16955
-7083
-17099
-6995
-17307
-7035
-17595
-7059
-17899
-7091
-18027
-7027
-18331
-7019
-18531
-7099
-18843
-7275
125
-7275
-123
-7339
-315
-7299
-619
-7299
-771
-7275
-1019
-7291
-1275
-7291
-1531
-7355
-1803
-7307
-2067
-7355
-2259
-7331
-2499
-7235
-2699
-7315
-3027
-7283
-3267
-7347
-3475
-7243
-3707
-7355
-3963
-7339
-4235
-7315
-4475
-7227
-4699
-7259
-4851
-7251
-5075
-7347
-5411
-7243
-5675
-7339
-5835
-7243
-6075
-7347
-6331
-7331
-6611
-7347
-6787
-7291
-7011
-7315
-7267
-7251
-7467
-7283
-7787
-7355
-8075
-7275
-8219
-7347
-8467
-7259
-8675
-7323
-8971
-7339
-9187
-7227
-9507
-7259
-9635
-7339
-9947
-7259
-10115
-7299
-10355
-7339
-10715
-7259
-10923
-7355
-11155
-7243
-11379
-7347
-11571
-7235
-11907
-7331
-12123
-7251
-12339
-7283
-12555
-7299
-12851
-7347
-13059
-7355
-13347
-7283
-13483
-7283
-13787
-7275
-14043
-7347
-14211
-7283
-14483
-7307
-14715
-7235
-15019
-7355
-15179
-7323
-15483
-7251
-15651
-7323
-15899
-7299
-16171
-7275
-16347
-7283
-16635
-7227
-16843
-7307
-17115
-7355
-17331
-7323
-17619
-7227
-17915
-7235
-18155
-7355
-18371
-7259
-18507
-7331
-18859
-7587
125
-7587
-131
-7571
-339
-7595
-579
-7539
-875
-7531
-1003
-7555
-1315
-7587
-1499
-7491
-1715
-7571
-2011
-7539
-2283
-7531
-2531
-7563
-2715
-7483
-3035
-7547
-3267
-7571
-3387
-7595
-3715
-7499
-3971
-7587
-4235
-7579
-4387
-7531
-4627
-7531
-4843
-7531
-5091
-7515
-5395
-7555
-5547
-7555
-5787
-7563
-6067
-7523
-6395
-7587
-6619
-7539
-6803
-7499
-7075
-7531
-7235
-7483
-7475
-7571
-7811
-7587
-8067
-7555
-8291
-7483
-8483
-7555
-8771
-7579
-8923
-7475
-9171
-7555
-9435
-7547
-9699
-7555
-9899
-7563
-10195
-7555
-10411
-7523
-10587
-7491
-10859
-7555
-11123
-7579
-11307
-7491
-11675
-7467
-11907
-7579
-12155
-7595
-12307
-7515
-12579
-7563
-12763
-7523
-13011
-7547
-13355
-7507
-13595
-7467
-13795
-7475
-13971
-7499
-14315
-7467
-14515
-7539
-14787
-7571
-14931
-7515
-15187
-7555
-15499
-7531
-15627
-7587
-15995
-7595
-16131
-7587
-16379
-7563
-16659
-7523
-16899
-7507
-17131
-7507
-17379
-7587
-17651
-7507
-17835
-7539
-18075
-7579
-18339
-7515
-18507
-7523
-18835
-7739
109
-7779
-155
-7787
-371
-7739
-603
-7795
-851
-7819
-1035
-7795
-1259
-7827
-1587
-7787
-1827
-7835
-2027
-7771
-2307
-7803
-2539
-7747
-2691
-7827
-3035
-7803
-3179
-7763
-3435
-7723
-3747
-7835
-3979
-7763
-4235
-7827
-4443
-7827
-4603
-7803
-4947
-7787
-5067
-7771
-5427
-7811
-5659
-7811
-5891
-7731
-6147
-7835
-6283
-7787
-6531
-7739
-6875
-7787
-7011
-7811
-7339
-7707
-7563
-7763
-7787
-7827
-8067
-7827
-8211
-7811
-8499
-7819
-8763
-7723
-8907
-7795
-9211
-7779
-9507
-7715
-9635
-7811
-9907
-7715
-10107
-7779
-10411
-7739
-10627
-7811
-10859
-7763
-11195
-7763
-11315
-7723
-11667
-7731
-11907
-7835
-12059
-7795
-12387
-7803
-12579
-7811
-12779
-7819
-13107
-7819
-13291
-7771
-13539
-7795
-13787
-7731
-14027
-7723
-14203
-7715
-14547
-7827
-14691
-7763
-15003
-7763
-15171
-7787
-15419
-7739
-15651
-7747
-15947
-7731
-16171
-7755
-16355
-7787
-16643
-7835
-16907
-7755
-17139
-7803
-17411
-7763
-17651
-7723
-17883
-7723
-18155
-7819
-18387
-7795
-18611
-7731
-18851
-7995
85
-8067
-155
-8059
-315
-8051
-571
-8019
-867
-8075
-1107
-8035
-1307
-7947
-1507
-8019
-1787
-8059
-1955
-8027
-2267
-8067
-2499
-7947
-2723
-7987
-2947
-8075
-3211
-8051
-3395
-8019
-3739
-8019
-3891
-8067
-4107
-7971
-4347
-8043
-4707
-8027
-4907
-8027
-5083
-8011
-5387
-8051
-5651
-8043
-5851
-8027
-6059
-8003
-6299
-7971
-6603
-8059
-6811
-8075
-7059
-8011
-7307
-8075
-7579
-7995
-7787
-8035
-8059
-8043
-8227
-8035
-8483
-8027
-8683
-8075
-9011
-8075
-9163
-7987
-9387
-8019
-9651
-7979
-9891
-8051
-10139
-7971
-10443
-8019
-10651
-8059
-10859
-8035
-11091
-8011
-11395
-8059
-11603
-7987
-11875
-8059
-12099
-8043
-12331
-8003
-12555
-7955
-12771
-7995
-13067
-8059
-13291
-8011
-13523
-8019
-13811
-8059
-13979
-7947
-14283
-8051
-14435
-8019
-14675
-7995
-14923
-8019
-15155
-8067
-15419
-8011
-15755
-8003
-15931
-7963
-16147
-8027
-16435
-8075
-16635
-8027
-16851
-8059
-17171
-8059
-17371
-7955
-17547
-8043
-17859
-7979
-18147
-7971
-18331
-7987
-18579
-8043
-18827
-8299
109
-8275
-27
-8243
-323
-8315
-635
-8211
-803
-8299
-1027
-8211
-1323
-8219
-1507
-8251
-1779
-8203
-1979
-8211
-2299
-8243
-2459
-8315
-2667
-8219
-2995
-8211
-3203
-8251
-3467
-8291
-3635
-8307
-3931
-8227
-4235
-8315
-4395
-8267
-4603
-8259
-4867
-8299
-5187
-8259
-5379
-8291
-5571
-8227
-5915
-8243
-6059
-8243
-6291
-8267
-6531
-8307
-6763
-8283
-7003
-8291
-7323
-8307
-7467
-8299
-7819
-8315
-7971
-8283
-8259
-8267
-8491
-8275
-8675
-8315
-8987
-8203
-9179
-8299
-9491
-8299
-9731
-8315
-9907
-8291
-10211
-8195
-10475
-8227
-10651
-8283
-10939
-8251
-11067
-8283
-11307
-8203
-11667
-8251
-11859
-8267
-12027
-8187
-12299
-8283
-12587
-8315
-12787
-8251
-13003
-8267
-13259
-8299
-13467
-8187
-13715
-8299
-13979
-8299
-14283
-8315
-14467
-8267
-14755
-8291
-14963
-8187
-15211
-8235
-15459
-8211
-15691
-8259
-15915
-8275
-16123
-8299
-16379
-8251
-16603
-8259
-16907
-8243
-17107
-8267
-17307
-8307
-17675
-8243
-17843
-8259
-18099
-8235
-18267
-8203
-18547
-8283
-18811
-8467
149
-8547
-115
-8555
-395
-8443
-627
-8483
-755
-8499
-1075
-8459
-1307
-8507
-1491
-8523
-1723
-8547
-2067
-8523
-2283
-8475
-2467
-8451
-2707
-8531
-2955
-8531
-3251
-8435
-3507
-8547
-3667
-8475
-3883
-8547
-4131
-8451
-4403
-8547
-4707
-8539
-4899
-8523
-5155
-8555
-5387
-8483
-5579
-8443
-5803
-8539
-6027
-8547
-6379
-8547
-6611
-8467
-6819
-8555
-7075
-8531
-7259
-8483
-7467
-8475
-7715
-8515
-8043
-8547
-8299
-8507
-8427
-8467
-8715
-8507
-8947
-8491
-9187
-8451
-9427
-8499
-9627
-8523
-9963
-8523
-10187
-8443
-10411
-8507
-10715
-8467
-10859
-8443
-11099
-8547
-11435
-8443
-11555
-8491
-11891
-8515
-12115
-8491
-12387
-8499
-12595
-8531
-12795
-8435
-13051
-8523
-13251
-8523
-13547
-8523
-13763
-8539
-14051
-8515
-14235
-8523
-14467
-8531
-14787
-8555
-14963
-8499
-15227
-8459
-15459
-8507
-15651
-8507
-15915
-8467
-16227
-8523
-16347
-8499
-16627
-8475
-16891
-8499
-17187
-8539
-17395
-8483
-17603
-8539
-17819
-8539
-18059
-8531
-18339
-8523
-18611
-8539
-18835
-8755
133
-8739
-67
-8779
-283
-8795
-595
-8675
-779
-8755
-1067
-8771
-1355
-8763
-1539
-8763
-1731
-8691
-2019
-8787
-2235
-8763
-2515
-8691
-2691
-8755
-2979
-8787
-3171
-8715
-3403
-8691
-3643
-8739
-3963
-8739
-4179
-8731
-4347
-8763
-4587
-8763
-4907
-8715
-5163
-8771
-5411
-8795
-5635
-8763
-5795
-8723
-6067
-8715
-6387
-8731
-6539
-8699
-6867
-8707
-7115
-8787
-7227
-8707
-7475
-8795
-7755
-8755
-8051
-8675
-8243
-8739
-8515
-8771
-8715
-8739
-9003
-8699
-9171
-8787
-9387
-8771
-9675
-8667
-9979
-8787
-10139
-8787
-10355
-8715
-10675
-8787
-10867
-8771
-11187
-8795
-11371
-8731
-11635
-8683
-11803
-8763
-12043
-8699
-12387
-8755
-12539
-8715
-12867
-8731
-13059
-8779
-13283
-8731
-13475
-8795
-13715
-8699
-14067
-8763
-14243
-8787
-14515
-8683
-14795
-8723
-14915
-8755
-15251
-8739
-15403
-8707
-15659
-8795
-15955
-8755
-16203
-8675
-16371
-8715
-16715
-8779
-16867
-8787
-17083
-8787
-17435
-8779
-17651
-8739
-17819
-8779
-18131
-8795
-18267
-8795
-18547
-8747
-18875
-8923
133
-9035
-131
-8931
-363
-8995
-523
-9003
-803
-8931
-1107
-8979
-1307
-9027
-1587
-9019
-1747
-8939
-1987
-8907
-2219
-9027
-2491
-8931
-2723
-8963
-3027
-9011
-3155
-9011
-3443
-8907
-3651
-9019
-3995
-8963
-4147
-9011
-4443
-8963
-4683
-8995
-4883
-8931
-5147
-8939
-5347
-8995
-5547
-8995
-5827
-9003
-6107
-8963
-6315
-8907
-6619
-9027
-6819
-9011
-6987
-8915
-7307
-8979
-7499
-8995
-7771
-9003
-8019
-9003
-8187
-8963
-8539
-8995
-8675
-8971
-8923
-9011
-9203
-9011
-9515
-8915
-9715
-8955
-9883
-9035
-10187
-9035
-10347
-8931
-10587
-9019
-10915
-8955
-11107
-9035
-11347
-8947
-11563
-9011
-11899
-8931
-12067
-8915
-12299
-9035
-12635
-9027
-12763
-8907
-12987
-8915
-13323
-9035
-13547
-9003
-13763
-9019
-14019
-8923
-14187
-9003
-14427
-8995
-14795
-9027
-14987
-8939
-15147
-8955
-15419
-8923
-15747
-8995
-15955
-9035
-16123
-8923
-16403
-9027
-16659
-8939
-16947
-8955
-17075
-9035
-17331
-9011
-17579
-8987
-17803
-8979
-18043
-9035
-18283
-9027
-18507
-8995
-18835
-9267
125
-9267
-51
-9179
-379
-9195
-611
-9179
-779
-9243
-1083
-9251
-1251
-9219
-1515
-9227
-1771
-9267
-2027
-9211
-2299
-9227
-2531
-9187
-2763
-9275
-2931
-9219
-3147
-9227
-3451
-9235
-3667
-9155
-3939
-9259
-4123
-9243
-4379
-9187
-4611
-9267
-4835
-9243
-5115
-9267
-5331
-9275
-5547
-9195
-5787
-9259
-6139
-9267
-6315
-9211
-6579
-9243
-6771
-9251
-7059
-9219
-7235
-9211
-7523
-9179
-7811
-9227
-7947
-9251
-8251
-9163
-8531
-9179
-8739
-9259
-9019
-9211
-9259
-9259
-9443
-9275
-9627
-9275
-9987
-9187
-10187
-9235
-10475
-9259
-10611
-9259
-10891
-9235
-11083
-9171
-11371
-9163
-11619
-9187
-11819
-9267
-12027
-9235
-12307
-9195
-12507
-9187
-12787
-9227
-13035
-9147
-13235
-9171
-13483
-9163
-13827
-9251
-14067
-9179
-14187
-9243
-14475
-9211
-14747
-9187
-15003
-9251
-15187
-9227
-15419
-9259
-15755
-9203
-15987
-9227
-16179
-9219
-16443
-9147
-16619
-9179
-16851
-9147
-17115
-9235
-17331
-9179
-17547
-9275
-17851
-9187
-18139
-9171
-18315
-9259
-18571
-9243
-18843
-9475
109
-9499
-139
-9459
-355
-9499
-627
-9507
-771
-9435
-1043
-9515
-1291
-9459
-1587
-9443
-1723
-9491
-2067
-9499
-2227
-9515
-2515
-9419
-2763
-9491
-2939
-9419
-3147
-9507
-3507
-9483
-3755
-9451
-3867
-9483
-4155
-9491
-4411
-9459
-4691
-9443
-4931
-9515
-5107
-9459
-5427
-9459
-5675
-9483
-5843
-9443
-6075
-9491
-6275
-9507
-6539
-9459
-6859
-9491
-7107
-9499
-7259
-9507
-7475
-9491
-7795
-9507
-8035
-9515
-8187
-9411
-8491
-9467
-8699
-9515
-8907
-9459
-9187
-9491
-9483
-9443
-9659
-9387
-9867
-9459
-10195
-9467
-10363
-9515
-10611
-9467
-10859
-9499
-11131
-9427
-11411
-9411
-11603
-9483
-11811
-9515
-12115
-9491
-12299
-9475
-12635
-9515
-12811
-9435
-12987
-9515
-13267
-9467
-13595
-9403
-13827
-9499
-13963
-9475
-14283
-9459
-14499
-9459
-14731
-9507
-15027
-9491
-15227
-9491
-15491
-9459
-15683
-9411
-15947
-9403
-16115
-9467
-16387
-9395
-16595
-9483
-16891
-9491
-17171
-9507
-17307
-9491
-17659
-9507
-17795
-9491
-18123
-9403
-18355
-9395
-18595
-9443
-18859
-9635
109
-9651
-51
-9715
-283
-9739
-611
-9659
-747
-9731
-1107
-9691
-1243
-9715
-1507
-9755
-1763
-9691
-1995
-9667
-2235
-9739
-2443
-9667
-2747
-9667
-2987
-9747
-3155
-9707
-3491
-9627
-3691
-9747
-3931
-9683
-4187
-9739
-4347
-9715
-4683
-9755
-4875
-9691
-5083
-9723
-5395
-9755
-5651
-9667
-5899
-9627
-6155
-9747
-6331
-9723
-6547
-9715
-6755
-9731
-7083
-9691
-7299
-9739
-7547
-9683
-7723
-9643
-8067
-9683
-8283
-9747
-8539
-9683
-8723
-9659
-8931
-9747
-9259
-9707
-9499
-9731
-9659
-9747
-9875
-9723
-10171
-9723
-10371
-9667
-10691
-9747
-10955
-9659
-11075
-9739
-11427
-9747
-11635
-9715
-11835
-9707
-12083
-9683
-12395
-9707
-12619
-9643
-12763
-9691
-12987
-9715
-13307
-9747
-13475
-9739
-13739
-9675
-13963
-9731
-14283
-9707
-14483
-9635
-14691
-9683
-14995
-9739
-15219
-9723
-15443
-9675
-15691
-9699
-15971
-9723
-16179
-9691
-16379
-9739
-16667
-9627
-16947
-9691
-17171
-9755
-17315
-9635
-17603
-9723
-17827
-9643
-18059
-9707
-18275
-9747
-18571
-9739
-18875
-9987
93
-9907
-147
-9963
-331
-9867
-595
-9923
-779
-9939
-1091
-9947
-1331
-9891
-1587
-9899
-1707
-9899
-1971
-9899
-2187
-9995
-2427
-9891
-2715
-9963
-3027
-9875
-3235
-9955
-3443
-9915
-3747
-9907
-3947
-9995
-4139
-9971
-4467
-9995
-4643
-9971
-4875
-9915
-5083
-9963
-5395
-9939
-5595
-9947
-5803
-9939
-6107
-9987
-6307
-9955
-6539
-9971
-6755
-9995
-7011
-9963
-7331
-9955
-7579
-9979
-7771
-9883
-7995
-9875
-8291
-9971
-8555
-9883
-8755
-9987
-9011
-9987
-9219
-9899
-9507
-9995
-9643
-9875
-9875
-9923
-10227
-9947
-10347
-9939
-10587
-9931
-10947
-9963
-11075
-9899
-11411
-9995
-11667
-9931
-11867
-9979
-12099
-9915
-12363
-9979
-12611
-9891
-12835
-9947
-13067
-9939
-13259
-9883
-13539
-9931
-13707
-9995
-14019
-9963
-14283
-9995
-14539
-9963
-14779
-9995
-14979
-9891
-15267
-9963
-15499
-9971
-15755
-9979
-15939
-9955
-16123
-9867
-16379
-9979
-16611
-9987
-16939
-9947
-17131
-9979
-17339
-9979
-17627
-9995
-17787
-9987
-18075
-9947
-18267
-9987
-18571
-9899
-18851
-10115
125
-10227
-99
-10147
-283
-10123
-579
-10163
-779
-10203
-1107
-10131
-1315
-10187
-1507
-10123
-1739
-10131
-2035
-10147
-2283
-10219
-2539
-10131
-2723
-10227
-2931
-10171
-3275
-10171
-3475
-10147
-3707
-10235
-3955
-10211
-4163
-10139
-4459
-10155
-4619
-10227
-4835
-10235
-5171
-10139
-5411
-10235
-5643
-10131
-5915
-10163
-6067
-10235
-6363
-10107
-6547
-10171
-6819
-10227
-7059
-10107
-7315
-10171
-7467
-10171
-7827
-10155
-8051
-10211
-8315
-10195
-8539
-10235
-8715
-10187
-8923
-10163
-9211
-10219
-9451
-10211
-9643
-10235
-9955
-10211
-10187
-10211
-10371
-10235
-10627
-10195
-10931
-10235
-11147
-10227
-11323
-10227
-11627
-10171
-11891
-10163
-12115
-10219
-12395
-10187
-12563
-10195
-12755
-10107
-13011
-10227
-13283
-10219
-13555
-10147
-13771
-10155
-14043
-10195
-14315
-10147
-14491
-10235
-14715
-10211
-14915
-10235
-15235
-10219
-15451
-10227
-15675
-10211
-15891
-10147
-16155
-10235
-16403
-10219
-16635
-10203
-16931
-10147
-17179
-10179
-17387
-10219
-17571
-10147
-17891
-10163
-18035
-10163
-18339
-10195
-18539
-10235
-18843
-10419
117
-10459
-123
-10435
-379
-10419
-587
-10467
-811
-10419
-1035
-10419
-1275
-10435
-1523
-10427
-1707
-10467
-2011
-10475
-2219
-10475
-2483
-10475
-2779
-10435
-2963
-10475
-3275
-10451
-3443
-10459
-3635
-10451
-3947
-10459
-4115
-10459
-4355
-10475
-4675
-10451
-4891
-10443
-5179
-10435
-5371
-10427
-5627
-10459
-5835
-10467
-6067
-10443
-6315
-10419
-6627
-10435
-6867
-10475
-7011
-10467
-7251
-10411
-7475
-10475
-7811
-10443
-8059
-10435
-8299
-10419
-8499
-10475
-8683
-10443
-9035
-10443
-9195
-10435
-9491
-10427
-9699
-10419
-9875
-10427
-10131
-10459
-10459
-10475
-10715
-10475
-10947
-10419
-11131
-10443
-11403
-10443
-11547
-10427
-11915
-10427
-12091
-10475
-12355
-10451
-12563
-10459
-12875
-10475
-13051
-10451
-13315
-10435
-13515
-10467
-13739
-10467
-13955
-10459
-14259
-10427
-14539
-10467
-14707
-10411
-14979
-10451
-15171
-10435
-15507
-10475
-15635
-10459
-15971
-10451
-16187
-10459
-16419
-10443
-16611
-10451
-16859
-10467
-17123
-10467
-17419
-10427
-17659
-10435
-17883
-10427
-18075
-10459
-18307
-10443
-18571
-10459
-18843
