125
934
250
-34
489
-272
317
-575
207
-782
237
-991
306
-1286
173
-1520
335
-1715
768
-2019
317
-2286
351
-2517
167
-2689
337
-2907
293
-3235
279
-3459
321
-3737
125
-3943
399
-4087
325
-4357
215
-4687
101
-4871
101
-5179
125
-5351
85
-5547
141
-5819
93
-6119
133
-6371
125
-6579
125
-6795
85
-7067
85
-7291
85
-7563
85
-7803
93
-7963
85
-8163
117
-8483
93
-8771
85
-9011
85
-9175
133
-9439
141
-9731
109
-9995
85
-10155
133
-10403
149
-10659
117
-10939
93
-11139
125
-11347
109
-11587
109
-11867
101
-12035
133
-12395
85
-12579
141
-12795
125
-13027
101
-13307
85
-13571
101
-13787
101
-13971
133
-14291
93
-14451
133
-14691
93
-14955
101
-15243
109
-15435
149
-15683
117
-15971
101
-16115
117
-16459
125
-16659
101
-16931
93
-17171
125
-17387
133
-17595
117
-17803
141
-18131
101
-18371
125
-18531
101
-18827
-26
2019
-11
-78
-91
-301
-37
-603
-51
-739
-133
-1026
-62
-1294
-68
-1482
-122
-1738
-97
-1925
-102
-2305
-125
-2433
-33
-2691
-133
-2943
-115
-3217
1
-3457
-57
-3671
-135
-3923
-25
-4147
-107
-4457
-115
-4597
-51
-4863
-91
-5139
-59
-5339
-99
-5587
-111
-5835
-131
-6119
-127
-6339
-67
-6563
-135
-6771
-139
-7011
-131
-7295
-91
-7471
-143
-7751
-43
-8027
-79
-8255
-131
-8531
-27
-8683
-7
-8979
-87
-9131
-71
-9439
-99
-9675
-75
-9995
-99
-10107
-107
-10459
-43
-10667
-91
-10883
-27
-11067
-123
-11323
-123
-11571
-107
-11795
-91
-12099
-115
-12347
-99
-12627
-139
-12851
-115
-13019
-99
-13275
-27
-13563
-51
-13811
-43
-13947
-83
-14267
-83
-14547
-155
-14787
-107
-14915
-139
-15251
-131
-15435
-155
-15667
-99
-15883
-131
-16235
-59
-16435
-147
-16699
-115
-16827
-115
-17091
-139
-17427
-99
-17627
-147
-17787
-123
-18099
-75
-18267
-75
-18619
-51
-18827
-335
523
-394
-19
-251
-282
-279
-526
-299
-765
-327
-963
-258
-1295
-376
-1447
-381
-1677
-270
-1913
-365
-2267
-381
-2473
-241
-2667
-339
-2971
-349
-3227
-261
-3439
-331
-3741
-301
-3943
-361
-4181
-373
-4349
-329
-4651
-259
-4883
-343
-5143
-375
-5307
-355
-5631
-259
-5883
-339
-6023
-351
-6295
-283
-6483
-379
-6799
-295
-6995
-355
-7267
-327
-7455
-339
-7739
-355
-7983
-295
-8191
-319
-8535
-323
-8715
-343
-8959
-335
-9139
-371
-9423
-347
-9659
-323
-9867
-363
-10211
-339
-10363
-331
-10659
-347
-10899
-339
-11075
-387
-11411
-307
-11555
-371
-11827
-331
-12155
-347
-12379
-307
-12579
-395
-12803
-379
-13091
-339
-13275
-275
-13515
-387
-13739
-339
-14051
-363
-14243
-355
-14475
-355
-14715
-379
-14971
-267
-15227
-387
-15387
-299
-15747
-379
-15995
-355
-16227
-323
-16395
-363
-16691
-307
-16923
-371
-17131
-299
-17339
-339
-17563
-395
-17795
-379
-18147
-355
-18315
-371
-18563
-371
-18843
-515
301
-551
-84
-523
-298
-565
-499
-613
-765
-522
-1019
-605
-1243
-551
-1521
-563
-1731
-480
-1943
-511
-2255
-505
-2417
-501
-2673
-489
-2947
-557
-3165
-543
-3419
-583
-3599
-559
-3839
-583
-4135
-489
-4377
-505
-4627
-619
-4843
-627
-5087
-487
-5411
-591
-5555
-599
-5803
-627
-6075
-559
-6319
-579
-6539
-599
-6831
-583
-7023
-591
-7327
-531
-7495
-579
-7739
-607
-7931
-555
-8203
-567
-8535
-547
-8747
-595
-8947
-559
-9255
-619
-9403
-595
-9747
-595
-9963
-579
-10131
-579
-10427
-635
-10619
-635
-10907
-539
-11171
-627
-11403
-571
-11547
-603
-11795
-619
-12123
-619
-12275
-507
-12571
-619
-12819
-563
-13051
-587
-13267
-539
-13587
-507
-13827
-627
-13979
-635
-14291
-587
-14467
-555
-14667
-571
-14995
-547
-15267
-595
-15435
-603
-15635
-627
-15971
-539
-16227
-515
-16411
-579
-16667
-611
-16851
-603
-17179
-595
-17435
-635
-17563
-547
-17899
-611
-18067
-531
-18371
-523
-18579
-627
-18859
-783
756
-749
-127
-810
-259
-837
-621
-749
-743
-844
-993
-801
-1273
-835
-1558
-833
-1747
-826
-1971
-857
-2259
-847
-2469
-799
-2693
-855
-3003
-825
-3187
-763
-3471
-791
-3739
-835
-3863
-849
-4143
-775
-4435
-831
-4577
-807
-4927
-803
-5039
-835
-5303
-807
-5547
-815
-5879
-747
-6019
-871
-6331
-831
-6623
-847
-6799
-851
-6955
-827
-7311
-843
-7579
-807
-7811
-799
-8007
-731
-8243
-743
-8435
-815
-8651
-819
-8887
-863
-9155
-739
-9411
-843
-9699
-811
-9971
-867
-10123
-755
-10403
-819
-10699
-875
-10915
-787
-11147
-843
-11347
-835
-11627
-795
-11795
-867
-12027
-851
-12331
-867
-12539
-811
-12875
-787
-13035
-875
-13275
-843
-13531
-843
-13803
-867
-13947
-779
-14187
-827
-14523
-771
-14723
-851
-14931
-787
-15219
-747
-15515
-875
-15723
-843
-15947
-803
-16211
-859
-16467
-859
-16691
-819
-16883
-875
-17171
-795
-17419
-795
-17587
-771
-17891
-803
-18099
-819
-18355
-827
-18571
-803
-18819
-1067
396
-1110
-75
-1050
-351
-1093
-570
-1025
-795
-981
-1050
-1089
-1239
-994
-1495
-1019
-1706
-1100
-1975
-1063
-2198
-1007
-2475
-1051
-2711
-1075
-2897
-1071
-3147
-1053
-3447
-1069
-3723
-1039
-3841
-1007
-4187
-1051
-4447
-1075
-4573
-975
-4871
-1115
-5159
-963
-5419
-1055
-5603
-1115
-5807
-979
-6051
-967
-6311
-1111
-6475
-1079
-6755
-1015
-7027
-1003
-7243
-1083
-7503
-1039
-7731
-1095
-8035
-1051
-8251
-1071
-8523
-1079
-8755
-1059
-8951
-1015
-9227
-1075
-9483
-1115
-9755
-1115
-9891
-1043
-10235
-995
-10387
-1027
-10707
-1115
-10859
-1003
-11067
-1019
-11419
-1115
-11619
-1083
-11907
-1099
-12147
-1115
-12299
-1099
-12515
-1115
-12755
-1083
-13075
-1003
-13323
-1059
-13555
-1107
-13819
-1059
-14019
-1027
-14195
-1115
-14467
-1107
-14675
-1115
-15011
-1003
-15203
-1003
-15411
-1091
-15707
-1067
-15931
-1059
-16203
-1083
-16475
-1091
-16643
-1107
-16907
-1043
-17147
-1027
-17395
-1083
-17611
-1099
-17811
-1075
-18035
-1051
-18395
-1019
-18563
-1083
-18875
-1347
1267
-1263
-77
-1317
-235
-1247
-559
-1335
-763
-1289
-995
-1259
-1236
-1255
-1465
-1260
-1706
-1192
-1934
-1351
-2273
-1309
-2483
-1355
-2743
-1293
-2905
-1307
-3179
-1247
-3483
-1329
-3663
-1291
-3951
-1281
-4227
-1289
-4351
-1263
-4641
-1263
-4827
-1211
-5159
-1267
-5343
-1307
-5527
-1331
-5791
-1287
-6027
-1303
-6275
-1275
-6567
-1303
-6739
-1287
-7071
-1271
-7343
-1235
-7583
-1263
-7727
-1259
-8059
-1291
-8227
-1307
-8499
-1323
-8699
-1251
-8967
-1339
-9219
-1295
-9463
-1347
-9667
-1347
-9931
-1331
-10179
-1267
-10459
-1315
-10651
-1251
-10891
-1267
-11067
-1275
-11371
-1339
-11627
-1251
-11827
-1331
-12067
-1267
-12379
-1323
-12619
-1299
-12875
-1267
-12987
-1243
-13339
-1283
-13483
-1283
-13715
-1235
-13987
-1347
-14219
-1243
-14443
-1339
-14731
-1355
-14923
-1339
-15219
-1283
-15507
-1291
-15707
-1299
-15899
-1331
-16171
-1339
-16427
-1227
-16667
-1339
-16923
-1331
-17179
-1347
-17371
-1307
-17579
-1291
-17859
-1323
-18139
-1251
-18331
-1307
-18523
-1355
-18875
-1531
187
-1451
-27
-1473
-329
-1555
-619
-1585
-791
-1547
-1017
-1547
-1255
-1451
-1543
-1507
-1755
-1447
-1941
-1561
-2287
-1523
-2465
-1519
-2731
-1457
-2989
-1559
-3155
-1549
-3383
-1471
-3639
-1523
-3927
-1447
-4153
-1539
-4397
-1539
-4619
-1475
-4827
-1531
-5139
-1559
-5327
-1523
-5535
-1523
-5775
-1515
-6075
-1571
-6251
-1539
-6587
-1455
-6795
-1511
-6999
-1523
-7295
-1451
-7459
-1567
-7771
-1535
-7927
-1539
-8235
-1567
-8515
-1543
-8763
-1443
-8979
-1535
-9203
-1571
-9407
-1587
-9683
-1571
-9955
-1579
-10179
-1507
-10363
-1507
-10635
-1571
-10939
-1531
-11171
-1515
-11331
-1499
-11659
-1555
-11827
-1595
-12099
-1483
-12291
-1499
-12635
-1555
-12747
-1587
-13083
-1491
-13299
-1555
-13491
-1507
-13747
-1475
-14027
-1507
-14283
-1491
-14459
-1595
-14787
-1547
-14947
-1571
-15267
-1571
-15387
-1563
-15755
-1499
-15995
-1507
-16123
-1507
-16435
-1491
-16587
-1539
-16955
-1483
-17091
-1467
-17395
-1579
-17659
-1539
-17891
-1587
-18083
-1467
-18299
-1571
-18611
-1499
-18851
-1787
651
-1755
-65
-1759
-307
-1691
-543
-1683
-715
-1823
-999
-1779
-1305
-1759
-1471
-1693
-1755
-1735
-2025
-1747
-2251
-1801
-2433
-1803
-2677
-1701
-2937
-1831
-3149
-1755
-3397
-1777
-3723
-1721
-3881
-1677
-4171
-1771
-4411
-1805
-4671
-1787
-4847
-1759
-5127
-1739
-5379
-1835
-5619
-1827
-5887
-1771
-5995
-1759
-6323
-1787
-6527
-1767
-6763
-1703
-7007
-1707
-7247
-1699
-7587
-1775
-7747
-1755
-8067
-1803
-8183
-1739
-8543
-1751
-8699
-1743
-8907
-1715
-9183
-1775
-9483
-1771
-9699
-1827
-9899
-1827
-10123
-1771
-10427
-1835
-10691
-1731
-10843
-1715
-11075
-1819
-11403
-1835
-11667
-1715
-11907
-1779
-12155
-1779
-12387
-1739
-12523
-1827
-12787
-1835
-13051
-1811
-13355
-1739
-13499
-1755
-13819
-1739
-13979
-1819
-14227
-1755
-14443
-1795
-14787
-1763
-14915
-1763
-15163
-1819
-15427
-1795
-15627
-1747
-15971
-1795
-16139
-1795
-16355
-1715
-16683
-1803
-16939
-1803
-17067
-1707
-17355
-1803
-17627
-1731
-17851
-1787
-18115
-1819
-18331
-1803
-18539
-1795
-18867
-2067
1023
-1967
-39
-2023
-357
-2053
-589
-2049
-743
-1907
-1099
-2039
-1261
-1987
-1483
-2065
-1785
-2047
-1971
-2049
-2163
-1995
-2497
-2075
-2721
-1965
-2973
-2027
-3167
-1987
-3487
-2027
-3681
-1949
-3947
-1923
-4217
-2009
-4421
-1969
-4711
-1935
-4923
-2011
-5043
-1979
-5383
-2067
-5651
-1967
-5887
-2047
-6091
-2031
-6355
-2059
-6587
-2055
-6715
-2051
-7111
-2007
-7299
-1947
-7591
-2035
-7747
-1975
-7971
-2035
-8191
-2031
-8459
-1987
-8711
-1967
-9007
-1939
-9247
-1943
-9387
-1963
-9627
-2051
-9931
-2043
-10107
-2043
-10443
-2059
-10587
-2051
-10835
-1947
-11139
-2027
-11363
-2003
-11619
-2003
-11811
-2059
-12035
-2075
-12347
-2051
-12555
-2075
-12843
-1995
-13115
-1987
-13283
-1947
-13571
-1955
-13763
-1971
-14035
-2035
-14251
-2043
-14507
-2035
-14747
-2027
-14931
-1971
-15235
-1947
-15499
-1947
-15723
-1955
-15875
-2035
-16163
-2075
-16379
-2011
-16635
-2059
-16851
-2003
-17067
-2003
-17411
-2051
-17675
-1947
-17907
-2067
-18139
-2067
-18379
-1987
-18571
-2051
-18843
-2227
1245
-2231
-109
-2233
-301
-2231
-499
-2171
-867
-2219
-1053
-2209
-1305
-2275
-1499
-2229
-1795
-2257
-2007
-2285
-2227
-2267
-2463
-2225
-2735
-2283
-2961
-2277
-3195
-2233
-3405
-2269
-3685
-2167
-3937
-2263
-4123
-2285
-4403
-2267
-4607
-2295
-4903
-2251
-5123
-2235
-5287
-2299
-5543
-2267
-5891
-2267
-6079
-2291
-6323
-2187
-6487
-2223
-6767
-2267
-7035
-2279
-7235
-2239
-7571
-2295
-7763
-2235
-7955
-2219
-8163
-2199
-8447
-2227
-8795
-2239
-8959
-2239
-9227
-2235
-9407
-2219
-9643
-2187
-9939
-2195
-10139
-2243
-10371
-2315
-10667
-2299
-10875
-2251
-11163
-2291
-11387
-2299
-11587
-2243
-11851
-2259
-12067
-2211
-12267
-2187
-12603
-2219
-12819
-2227
-13083
-2267
-13275
-2307
-13523
-2283
-13755
-2227
-14075
-2307
-14219
-2243
-14507
-2219
-14707
-2235
-14995
-2187
-15219
-2299
-15515
-2219
-15627
-2307
-15971
-2259
-16163
-2251
-16371
-2219
-16587
-2267
-16955
-2315
-17131
-2315
-17419
-2283
-17667
-2315
-17795
-2243
-18027
-2219
-18267
-2275
-18507
-2195
-18867
-2507
315
-2523
-27
-2495
-361
-2515
-515
-2411
-751
-2485
-987
-2521
-1329
-2505
-1431
-2529
-1707
-2429
-1927
-2517
-2185
-2483
-2439
-2547
-2663
-2539
-3013
-2431
-3209
-2433
-3483
-2499
-3639
-2493
-3927
-2453
-4165
-2479
-4439
-2497
-4701
-2495
-4891
-2487
-5075
-2531
-5399
-2427
-5603
-2507
-5775
-2403
-6083
-2407
-6235
-2491
-6563
-2515
-6755
-2527
-7007
-2451
-7239
-2455
-7503
-2399
-7691
-2455
-8035
-2467
-8179
-2503
-8419
-2555
-8707
-2475
-8967
-2551
-9247
-2471
-9507
-2467
-9739
-2427
-9875
-2491
-10211
-2555
-10443
-2539
-10603
-2483
-10835
-2443
-11099
-2547
-11371
-2531
-11651
-2555
-11787
-2507
-12043
-2467
-12371
-2523
-12587
-2547
-12819
-2547
-13011
-2475
-13331
-2475
-13531
-2547
-13819
-2483
-13979
-2459
-14195
-2547
-14459
-2483
-14795
-2443
-15019
-2531
-15163
-2467
-15435
-2499
-15747
-2499
-15883
-2523
-16163
-2539
-16451
-2539
-16619
-2451
-16899
-2531
-17123
-2427
-17323
-2483
-17651
-2475
-17891
-2435
-18091
-2451
-18299
-2547
-18531
-2539
-18819
-2747
141
-2719
1
-2687
-337
-2719
-519
-2751
-763
-2779
-1083
-2699
-1271
-2735
-1483
-2703
-1699
-2695
-1979
-2671
-2217
-2783
-2415
-2671
-2727
-2755
-3023
-2679
-3221
-2735
-3407
-2707
-3683
-2707
-3871
-2687
-4115
-2755
-4371
-2735
-4607
-2771
-4839
-2751
-5147
-2767
-5395
-2707
-5559
-2767
-5811
-2739
-6091
-2687
-6291
-2771
-6635
-2719
-6795
-2755
-7059
-2703
-7315
-2727
-7523
-2731
-7743
-2751
-8051
-2663
-8203
-2767
-8503
-2771
-8731
-2743
-9003
-2679
-9183
-2779
-9515
-2771
-9715
-2691
-9979
-2731
-10147
-2787
-10435
-2779
-10715
-2731
-10955
-2779
-11083
-2755
-11403
-2731
-11579
-2771
-11803
-2771
-12107
-2795
-12331
-2779
-12611
-2771
-12867
-2739
-13099
-2771
-13251
-2707
-13467
-2715
-13835
-2691
-14019
-2763
-14307
-2747
-14539
-2787
-14675
-2787
-14947
-2779
-15211
-2771
-15491
-2707
-15755
-2707
-15971
-2787
-16187
-2755
-16403
-2787
-16707
-2795
-16947
-2731
-17075
-2787
-17339
-2779
-17619
-2731
-17787
-2779
-18027
-2675
-18283
-2723
-18523
-2739
-18819
-2947
117
-2987
-71
-3015
-267
-3011
-603
-2955
-863
-2939
-1059
-3007
-1239
-2951
-1463
-2919
-1791
-2935
-1955
-2967
-2283
-3003
-2475
-2919
-2791
-3003
-2887
-2907
-3199
-2995
-3375
-2911
-3675
-2935
-3907
-3023
-4195
-2983
-4443
-3035
-4579
-2907
-4903
-2951
-5115
-2891
-5315
-2971
-5527
-2919
-5851
-2955
-6099
-2971
-6287
-2927
-6551
-3015
-6779
-2931
-6979
-3011
-7231
-3023
-7515
-2979
-7803
-2955
-8035
-2963
-8183
-2911
-8523
-2979
-8655
-2967
-8887
-2979
-9191
-2979
-9451
-2947
-9731
-3011
-9955
-3027
-10235
-2987
-10443
-3035
-10683
-2915
-10835
-2979
-11187
-3019
-11435
-2971
-11675
-3027
-11803
-3035
-12123
-2939
-12291
-2907
-12563
-3035
-12795
-3019
-13075
-2963
-13323
-3027
-13515
-3035
-13731
-2979
-13987
-2963
-14259
-3011
-14523
-2963
-14755
-3027
-15027
-2987
-15171
-3019
-15475
-3011
-15715
-2963
-15931
-2963
-16171
-3011
-16371
-2947
-16707
-2907
-16851
-2979
-17147
-3019
-17387
-2963
-17571
-2987
-17819
-3003
-18123
-2963
-18387
-3011
-18627
-2947
-18843
-3167
149
-3219
-75
-3267
-255
-3235
-595
-3147
-787
-3211
-1031
-3131
-1331
-3251
-1467
-3247
-1707
-3167
-2007
-3231
-2251
-3231
-2507
-3155
-2667
-3247
-2931
-3199
-3275
-3187
-3355
-3235
-3731
-3255
-3899
-3175
-4083
-3195
-4395
-3239
-4627
-3219
-4811
-3239
-5175
-3243
-5359
-3219
-5559
-3175
-5779
-3235
-6083
-3207
-6371
-3247
-6571
-3163
-6755
-3203
-7011
-3219
-7247
-3219
-7539
-3227
-7823
-3131
-8051
-3191
-8207
-3243
-8479
-3251
-8711
-3151
-8931
-3243
-9247
-3251
-9455
-3267
-9627
-3259
-9907
-3163
-10187
-3179
-10395
-3203
-10635
-3259
-10923
-3195
-11155
-3243
-11323
-3195
-11651
-3219
-11859
-3259
-12059
-3163
-12339
-3251
-12587
-3219
-12771
-3235
-13091
-3195
-13259
-3251
-13483
-3179
-13771
-3147
-13979
-3259
-14283
-3235
-14491
-3267
-14675
-3235
-14963
-3227
-15203
-3251
-15467
-3171
-15643
-3179
-15931
-3219
-16195
-3235
-16435
-3211
-16691
-3227
-16867
-3219
-17083
-3243
-17435
-3227
-17571
-3179
-17803
-3179
-18099
-3251
-18331
-3163
-18587
-3251
-18851
-3443
85
-3423
-71
-3415
-351
-3435
-599
-3479
-727
-3451
-1083
-3515
-1311
-3375
-1547
-3455
-1811
-3379
-1919
-3367
-2159
-3483
-2475
-3475
-2763
-3471
-2931
-3419
-3131
-3455
-3467
-3499
-3743
-3467
-3943
-3459
-4095
-3487
-4455
-3475
-4607
-3463
-4939
-3399
-5175
-3431
-5307
-3475
-5611
-3491
-5827
-3423
-6135
-3363
-6367
-3403
-6571
-3487
-6851
-3447
-7067
-3471
-7251
-3451
-7479
-3375
-7775
-3471
-7967
-3499
-8239
-3463
-8427
-3399
-8695
-3415
-8999
-3387
-9227
-3511
-9375
-3451
-9755
-3467
-9915
-3459
-10147
-3515
-10451
-3395
-10715
-3451
-10915
-3411
-11131
-3515
-11307
-3443
-11635
-3491
-11795
-3443
-12139
-3435
-12347
-3507
-12579
-3475
-12875
-3491
-13107
-3443
-13315
-3411
-13547
-3459
-13835
-3411
-14003
-3491
-14187
-3499
-14507
-3443
-14675
-3491
-14987
-3491
-15259
-3427
-15419
-3443
-15691
-3483
-15939
-3411
-16171
-3411
-16347
-3419
-16715
-3427
-16843
-3411
-17179
-3483
-17315
-3387
-17675
-3427
-17851
-3507
-18091
-3419
-18363
-3491
-18587
-3483
-18851
-3639
125
-3731
-71
-3651
-371
-3691
-591
-3711
-743
-3699
-1027
-3679
-1319
-3623
-1483
-3707
-1771
-3691
-2051
-3651
-2267
-3719
-2435
-3695
-2695
-3735
-2899
-3747
-3163
-3719
-3451
-3711
-3739
-3707
-3943
-3715
-4175
-3711
-4431
-3623
-4579
-3715
-4891
-3683
-5163
-3723
-5387
-3635
-5619
-3747
-5911
-3695
-6027
-3623
-6255
-3703
-6551
-3707
-6715
-3647
-7079
-3639
-7275
-3683
-7515
-3675
-7815
-3683
-7963
-3659
-8199
-3679
-8423
-3719
-8755
-3615
-8943
-3667
-9195
-3679
-9435
-3747
-9643
-3635
-9907
-3715
-10235
-3715
-10347
-3715
-10683
-3723
-10915
-3667
-11147
-3651
-11315
-3651
-11603
-3635
-11795
-3731
-12083
-3699
-12339
-3651
-12635
-3699
-12787
-3691
-13115
-3715
-13267
-3739
-13587
-3699
-13723
-3731
-14011
-3667
-14235
-3707
-14483
-3707
-14731
-3739
-14907
-3739
-15243
-3643
-15499
-3731
-15667
-3659
-15987
-3723
-16211
-3667
-16419
-3659
-16699
-3739
-16955
-3667
-17091
-3675
-17427
-3755
-17603
-3723
-17915
-3667
-18059
-3739
-18339
-3755
-18515
-3747
-18859
-3859
109
-3923
-123
-3939
-331
-3983
-503
-3891
-819
-3895
-975
-3935
-1295
-3975
-1443
-3959
-1759
-3915
-2031
-3875
-2239
-3903
-2411
-3971
-2755
-3975
-2943
-3859
-3135
-3875
-3419
-3911
-3711
-3951
-3915
-3915
-4195
-3863
-4419
-3991
-4647
-3971
-4871
-3899
-5123
-3927
-5403
-3907
-5611
-3955
-5871
-3895
-6019
-3959
-6327
-3891
-6611
-3959
-6835
-3963
-7091
-3883
-7331
-3923
-7471
-3935
-7767
-3935
-7999
-3947
-8295
-3859
-8535
-3983
-8755
-3899
-8927
-3963
-9267
-3967
-9451
-3915
-9739
-3923
-9899
-3987
-10195
-3971
-10411
-3939
-10667
-3979
-10867
-3915
-11195
-3987
-11379
-3915
-11555
-3979
-11867
-3931
-12139
-3979
-12339
-3955
-12635
-3915
-12763
-3979
-13091
-3987
-13323
-3915
-13475
-3939
-13723
-3955
-14075
-3891
-14307
-3875
-14515
-3931
-14787
-3947
-14931
-3979
-15251
-3891
-15387
-3923
-15659
-3987
-15875
-3939
-16219
-3931
-16419
-3923
-16683
-3963
-16859
-3939
-17179
-3955
-17331
-3955
-17659
-3979
-17859
-3995
-18107
-3899
-18283
-3947
-18515
-3987
-18811
-4151
109
-4211
-39
-4179
-275
-4223
-535
-4127
-839
-4099
-1059
-4215
-1247
-4115
-1579
-4107
-1779
-4179
-1975
-4139
-2203
-4167
-2523
-4139
-2687
-4215
-2903
-4183
-3175
-4087
-3439
-4191
-3703
-4131
-3839
-4215
-4171
-4171
-4419
-4083
-4671
-4159
-4879
-4179
-5183
-4187
-5331
-4167
-5523
-4191
-5791
-4195
-6031
-4191
-6387
-4123
-6495
-4191
-6835
-4211
-6995
-4199
-7231
-4115
-7463
-4179
-7707
-4207
-8059
-4175
-8171
-4183
-8439
-4155
-8703
-4167
-8995
-4199
-9247
-4175
-9423
-4203
-9683
-4211
-9899
-4131
-10179
-4163
-10411
-4235
-10643
-4219
-10875
-4211
-11091
-4227
-11347
-4171
-11667
-4227
-11819
-4163
-12107
-4147
-12315
-4203
-12635
-4227
-12771
-4163
-13067
-4227
-13355
-4227
-13483
-4211
-13795
-4171
-14051
-4131
-14275
-4155
-14555
-4227
-14795
-4171
-14939
-4235
-15259
-4163
-15403
-4131
-15715
-4195
-15971
-4203
-16163
-4235
-16387
-4211
-16627
-4171
-16923
-4227
-17179
-4171
-17331
-4179
-17611
-4227
-17819
-4195
-18067
-4203
-18363
-4115
-18579
-4123
-18811
-4399
101
-4379
-151
-4339
-367
-4395
-531
-4439
-743
-4451
-1015
-4435
-1311
-4451
-1563
-4375
-1779
-4419
-2015
-4467
-2239
-4467
-2547
-4391
-2763
-4359
-2891
-4471
-3255
-4447
-3451
-4423
-3631
-4371
-3931
-4387
-4151
-4379
-4431
-4331
-4611
-4443
-4911
-4399
-5083
-4355
-5291
-4387
-5559
-4431
-5807
-4387
-6095
-4367
-6351
-4327
-6495
-4447
-6847
-4439
-7095
-4367
-7307
-4439
-7459
-4379
-7791
-4359
-8043
-4319
-8279
-4387
-8447
-4427
-8691
-4467
-8895
-4331
-9151
-4375
-9383
-4475
-9739
-4419
-9987
-4475
-10179
-4443
-10419
-4395
-10587
-4387
-10915
-4427
-11163
-4419
-11323
-4355
-11587
-4451
-11795
-4363
-12107
-4451
-12355
-4411
-12563
-4355
-12779
-4427
-13027
-4403
-13227
-4371
-13499
-4467
-13787
-4475
-14051
-4467
-14211
-4435
-14491
-4475
-14699
-4411
-14931
-4467
-15179
-4475
-15459
-4403
-15643
-4435
-15971
-4411
-16115
-4475
-16395
-4419
-16619
-4467
-16851
-4419
-17195
-4475
-17323
-4459
-17651
-4411
-17811
-4459
-18139
-4371
-18299
-4435
-18619
-4387
-18851
-4687
85
-4603
-151
-4571
-291
-4695
-583
-4699
-803
-4571
-1091
-4695
-1335
-4707
-1591
-4699
-1799
-4587
-1975
-4655
-2255
-4631
-2451
-4579
-2663
-4691
-2991
-4659
-3191
-4687
-3487
-4667
-3707
-4687
-3879
-4687
-4131
-4627
-4371
-4631
-4671
-4627
-4891
-4675
-5171
-4587
-5367
-4695
-5619
-4663
-5839
-4703
-6075
-4687
-6347
-4675
-6575
-4603
-6775
-4639
-7015
-4647
-7335
-4563
-7571
-4615
-7707
-4627
-7951
-4687
-8275
-4627
-8511
-4619
-8691
-4667
-8927
-4691
-9183
-4679
-9371
-4691
-9747
-4691
-9955
-4659
-10227
-4619
-10347
-4667
-10715
-4595
-10947
-4627
-11155
-4691
-11387
-4643
-11643
-4659
-11915
-4683
-12051
-4659
-12331
-4651
-12539
-4611
-12843
-4603
-12995
-4611
-13251
-4715
-13571
-4683
-13771
-4659
-14051
-4659
-14307
-4707
-14475
-4691
-14739
-4715
-14963
-4651
-15203
-4635
-15459
-4627
-15747
-4651
-15923
-4699
-16163
-4603
-16427
-4683
-16611
-4699
-16915
-4675
-17099
-4635
-17395
-4699
-17547
-4611
-17915
-4707
-18083
-4683
-18299
-4699
-18571
-4635
-18875
-4907
117
-4851
-51
-4915
-267
-4935
-515
-4919
-847
-4931
-1087
-4883
-1271
-4907
-1515
-4859
-1767
-4931
-1955
-4867
-2307
-4867
-2439
-4819
-2747
-4875
-2911
-4875
-3143
-4907
-3399
-4907
-3679
-4891
-3875
-4823
-4223
-4931
-4323
-4867
-4599
-4919
-4847
-4915
-5103
-4887
-5411
-4867
-5639
-4931
-5779
-4915
-6115
-4915
-6259
-4887
-6603
-4911
-6799
-4907
-7035
-4899
-7223
-4899
-7519
-4847
-7679
-4823
-7979
-4939
-8235
-4819
-8447
-4867
-8651
-4927
-8939
-4835
-9159
-4915
-9375
-4859
-9731
-4867
-9987
-4939
-10163
-4931
-10459
-4883
-10595
-4891
-10883
-4939
-11099
-4851
-11363
-4955
-11579
-4939
-11883
-4851
-12075
-4843
-12283
-4931
-12571
-4907
-12763
-4867
-13043
-4915
-13339
-4867
-13523
-4867
-13739
-4947
-13955
-4915
-14259
-4915
-14539
-4923
-14755
-4939
-14931
-4835
-15171
-4875
-15507
-4883
-15627
-4923
-15891
-4883
-16227
-4915
-16379
-4931
-16587
-4915
-16835
-4883
-17131
-4899
-17363
-4955
-17571
-4843
-17795
-4875
-18139
-4867
-18339
-4827
-18531
-4851
-18859
-5051
125
-5115
-19
-5119
-295
-5123
-515
-5179
-847
-5163
-1071
-5067
-1267
-5175
-1591
-5075
-1823
-5043
-1947
-5131
-2251
-5123
-2431
-5099
-2743
-5131
-2951
-5167
-3223
-5063
-3487
-5075
-3731
-5087
-3895
-5091
-4115
-5151
-4351
-5139
-4679
-5107
-4859
-5075
-5059
-5191
-5371
-5163
-5635
-5087
-5791
-5127
-6139
-5087
-6283
-5111
-6535
-5159
-6839
-5063
-6999
-5083
-7235
-5111
-7519
-5179
-7695
-5171
-8059
-5083
-8215
-5167
-8415
-5079
-8731
-5135
-8919
-5195
-9163
-5111
-9431
-5131
-9627
-5139
-9955
-5107
-10123
-5163
-10435
-5107
-10611
-5179
-10827
-5171
-11099
-5067
-11323
-5195
-11587
-5163
-11899
-5187
-12107
-5155
-12291
-5179
-12587
-5099
-12819
-5083
-13051
-5147
-13331
-5067
-13507
-5139
-13803
-5187
-13979
-5195
-14307
-5099
-14531
-5083
-14771
-5171
-14915
-5075
-15187
-5147
-15427
-5139
-15739
-5115
-15875
-5179
-16219
-5075
-16443
-5155
-16675
-5115
-16827
-5179
-17083
-5171
-17347
-5131
-17659
-5139
-17827
-5067
-18099
-5131
-18347
-5131
-18635
-5115
-18859
-5307
141
-5339
-103
-5419
-267
-5331
-551
-5427
-795
-5387
-1031
-5427
-1339
-5435
-1579
-5411
-1827
-5387
-2031
-5435
-2235
-5339
-2431
-5315
-2711
-5435
-2971
-5331
-3131
-5395
-3443
-5371
-3655
-5387
-3879
-5355
-4103
-5395
-4451
-5355
-4611
-5435
-4835
-5411
-5107
-5411
-5339
-5395
-5611
-5307
-5899
-5419
-6059
-5395
-6275
-5411
-6539
-5419
-6755
-5323
-7099
-5379
-7271
-5387
-7559
-5379
-7803
-5387
-7971
-5371
-8299
-5403
-8483
-5435
-8691
-5435
-8995
-5371
-9147
-5339
-9451
-5379
-9691
-5435
-9891
-5323
-10203
-5307
-10427
-5435
-10611
-5387
-10899
-5435
-11179
-5371
-11395
-5427
-11619
-5363
-11787
-5339
-12155
-5427
-12283
-5411
-12507
-5323
-12843
-5363
-13075
-5395
-13315
-5379
-13579
-5435
-13731
-5419
-14035
-5347
-14211
-5323
-14515
-5435
-14683
-5307
-14923
-5379
-15235
-5427
-15499
-5427
-15675
-5403
-15971
-5323
-16131
-5339
-16467
-5435
-16675
-5403
-16947
-5427
-17067
-5419
-17403
-5323
-17603
-5379
-17835
-5411
-18155
-5355
-18387
-5363
-18619
-5419
-18827
-5611
149
-5643
-27
-5643
-291
-5635
-595
-5619
-843
-5635
-1099
-5643
-1283
-5667
-1515
-5619
-1723
-5627
-2019
-5643
-2315
-5595
-2459
-5659
-2795
-5675
-2923
-5619
-3155
-5603
-3427
-5595
-3675
-5667
-3931
-5627
-4187
-5651
-4475
-5659
-4643
-5595
-4867
-5651
-5091
-5547
-5435
-5555
-5547
-5667
-5859
-5635
-6131
-5563
-6275
-5595
-6579
-5659
-6795
-5659
-7107
-5667
-7251
-5667
-7579
-5659
-7747
-5547
-8027
-5603
-8211
-5635
-8499
-5563
-8779
-5587
-8915
-5627
-9203
-5595
-9475
-5547
-9635
-5667
-9995
-5555
-10139
-5627
-10363
-5611
-10619
-5627
-10827
-5675
-11187
-5547
-11355
-5643
-11667
-5651
-11859
-5555
-12059
-5563
-12299
-5643
-12579
-5675
-12851
-5555
-13043
-5635
-13299
-5651
-13531
-5627
-13747
-5619
-13987
-5635
-14243
-5675
-14443
-5659
-14675
-5667
-15027
-5643
-15227
-5627
-15475
-5603
-15715
-5651
-15867
-5651
-16211
-5675
-16475
-5611
-16635
-5675
-16955
-5667
-17075
-5659
-17347
-5627
-17595
-5659
-17803
-5675
-18107
-5595
-18307
-5651
-18571
-5651
-18835
-5907
101
-5891
-115
-5907
-291
-5883
-555
-5851
-875
-5875
-1019
-5875
-1243
-5843
-1475
-5891
-1707
-5875
-2019
-5843
-2187
-5787
-2491
-5907
-2691
-5787
-2947
-5915
-3227
-5907
-3507
-5883
-3707
-5907
-3867
-5907
-4235
-5907
-4395
-5883
-4699
-5811
-4867
-5891
-5187
-5907
-5395
-5795
-5643
-5907
-5899
-5843
-6043
-5795
-6331
-5867
-6563
-5891
-6851
-5803
-7019
-5803
-7267
-5859
-7475
-5827
-7803
-5891
-8067
-5915
-8243
-5859
-8435
-5851
-8731
-5811
-8979
-5899
-9203
-5803
-9515
-5899
-9691
-5803
-9875
-5819
-10211
-5899
-10379
-5915
-10707
-5803
-10851
-5875
-11083
-5907
-11347
-5899
-11547
-5907
-11811
-5899
-12067
-5843
-12387
-5859
-12563
-5851
-12875
-5819
-13083
-5891
-13355
-5811
-13587
-5875
-13795
-5859
-13995
-5875
-14291
-5835
-14451
-5867
-14739
-5915
-14995
-5915
-15267
-5795
-15483
-5875
-15675
-5915
-15907
-5883
-16179
-5875
-16411
-5835
-16619
-5843
-16955
-5891
-17131
-5875
-17419
-5915
-17651
-5907
-17835
-5811
-18155
-5907
-18283
-5819
-18595
-5835
-18811
-6139
117
-6139
-27
-6155
-387
-6059
-531
-6115
-763
-6035
-1067
-6067
-1275
-6035
-1539
-6099
-1787
-6083
-2011
-6027
-2307
-6083
-2555
-6051
-2731
-6139
-3035
-6083
-3155
-6131
-3443
-6099
-3739
-6067
-3947
-6139
-4195
-6083
-4379
-6075
-4699
-6067
-4891
-6147
-5083
-6107
-5347
-6099
-5547
-6155
-5859
-6043
-6099
-6083
-6355
-6083
-6619
-6051
-6795
-6155
-7051
-6147
-7267
-6107
-7571
-6115
-7771
-6131
-8075
-6123
-8251
-6091
-8515
-6027
-8771
-6083
-8923
-6043
-9163
-6035
-9499
-6083
-9651
-6091
-9931
-6147
-10147
-6131
-10467
-6155
-10651
-6147
-10899
-6067
-11075
-6051
-11347
-6091
-11547
-6091
-11843
-6043
-12035
-6123
-12379
-6123
-12507
-6147
-12763
-6099
-13059
-6091
-13323
-6123
-13587
-6155
-13723
-6083
-13963
-6131
-14195
-6155
-14523
-6043
-14771
-6099
-14979
-6131
-15179
-6107
-15475
-6123
-15731
-6083
-15939
-6035
-16131
-6027
-16475
-6051
-16635
-6091
-16851
-6139
-17147
-6155
-17387
-6091
-17587
-6107
-17859
-6155
-18075
-6115
-18307
-6107
-18635
-6155
-18851
-6283
93
-6339
-155
-6355
-307
-6331
-611
-6395
-795
-6283
-1011
-6291
-1355
-6395
-1539
-6323
-1731
-6387
-2035
-6379
-2251
-6267
-2491
-6323
-2779
-6395
-3019
-6363
-3227
-6339
-3491
-6347
-3699
-6395
-3963
-6371
-4187
-6395
-4363
-6395
-4611
-6283
-4851
-6315
-5099
-6355
-5411
-6339
-5659
-6275
-5915
-6363
-6115
-6267
-6283
-6379
-6571
-6395
-6851
-6323
-7011
-6371
-7331
-6339
-7475
-6371
-7779
-6307
-7979
-6379
-8243
-6291
-8515
-6299
-8691
-6355
-8947
-6371
-9275
-6339
-9499
-6387
-9651
-6355
-9907
-6291
-10147
-6363
-10427
-6387
-10627
-6371
-10851
-6371
-11131
-6395
-11323
-6387
-11635
-6315
-11835
-6355
-12075
-6387
-12323
-6267
-12627
-6323
-12851
-6355
-13067
-6355
-13275
-6395
-13595
-6387
-13731
-6395
-13947
-6291
-14235
-6307
-14483
-6339
-14667
-6331
-15019
-6371
-15259
-6363
-15459
-6299
-15683
-6355
-15947
-6291
-16131
-6387
-16363
-6387
-16619
-6363
-16835
-6379
-17171
-6347
-17315
-6387
-17667
-6347
-17907
-6355
-18107
-6379
-18379
-6323
-18523
-6283
-18867
-6579
125
-6635
-35
-6515
-339
-6595
-627
-6507
-779
-6523
-1011
-6579
-1299
-6611
-1587
-6611
-1723
-6595
-2011
-6531
-2187
-6635
-2523
-6555
-2731
-6531
-3035
-6627
-3195
-6627
-3411
-6611
-3731
-6635
-3867
-6523
-4211
-6531
-4403
-6555
-4659
-6579
-4843
-6563
-5083
-6563
-5339
-6547
-5611
-6611
-5875
-6571
-6083
-6627
-6363
-6619
-6547
-6555
-6819
-6515
-7051
-6531
-7243
-6611
-7523
-6555
-7715
-6547
-7955
-6515
-8219
-6563
-8507
-6507
-8779
-6595
-8923
-6579
-9155
-6539
-9515
-6547
-9659
-6627
-9867
-6547
-10187
-6603
-10443
-6547
-10627
-6603
-10835
-6603
-11075
-6619
-11363
-6547
-11563
-6515
-11795
-6595
-12131
-6507
-12363
-6595
-12603
-6611
-12867
-6627
-12995
-6531
-13307
-6523
-13507
-6555
-13803
-6523
-14075
-6587
-14251
-6547
-14547
-6627
-14787
-6595
-15003
-6619
-15275
-6555
-15491
-6619
-15699
-6595
-15923
-6587
-16123
-6563
-16467
-6571
-16715
-6539
-16883
-6635
-17147
-6523
-17355
-6635
-17563
-6619
-17883
-6571
-18123
-6627
-18363
-6627
-18507
-6603
-18827
-6827
93
-6827
-99
-6859
-363
-6827
-539
-6787
-827
-6835
-1035
-6859
-1315
-6827
-1499
-6779
-1755
-6779
-2067
-6819
-2227
-6811
-2451
-6859
-2723
-6811
-2923
-6875
-3155
-6787
-3515
-6811
-3755
-6867
-3947
-6867
-4195
-6771
-4411
-6875
-4715
-6787
-4883
-6779
-5171
-6827
-5411
-6787
-5603
-6819
-5811
-6755
-6059
-6859
-6355
-6859
-6531
-6827
-6835
-6795
-7003
-6859
-7251
-6859
-7563
-6835
-7835
-6851
-7979
-6811
-8259
-6827
-8507
-6795
-8731
-6875
-9035
-6787
-9219
-6811
-9411
-6771
-9707
-6851
-9915
-6827
-10147
-6875
-10435
-6835
-10707
-6851
-10931
-6851
-11147
-6851
-11323
-6827
-11627
-6819
-11867
-6843
-12147
-6787
-12315
-6867
-12579
-6859
-12827
-6795
-13075
-6827
-13339
-6851
-13483
-6875
-13835
-6867
-14027
-6779
-14227
-6803
-14435
-6867
-14795
-6851
-14907
-6771
-15171
-6787
-15403
-6779
-15667
-6867
-15955
-6843
-16107
-6835
-16379
-6803
-16587
-6811
-16875
-6795
-17171
-6867
-17411
-6755
-17667
-6795
-17827
-6875
-18091
-6827
-18283
-6867
-18523
-6843
-18859
-7027
93
-6995
-75
-7059
-275
-7075
-555
-7107
-843
-7107
-1043
-7083
-1307
-7099
-1467
-7083
-1819
-6987
-2059
-7091
-2251
-7091
-2539
-7011
-2771
-7107
-2971
-7067
-3155
-7083
-3491
-7115
-3699
-7091
-3875
-7059
-4115
-7043
-4387
-7059
-4715
-7075
-4955
-7083
-5179
-7043
-5411
-7099
-5547
-7067
-5875
-6995
-6131
-7091
-6323
-7035
-6507
-7043
-6771
-7019
-7043
-7099
-7355
-7059
-7523
-7075
-7819
-7115
-8075
-7083
-8235
-7003
-8475
-7115
-8795
-7035
-9035
-7067
-9155
-7059
-9387
-6987
-9651
-7067
-9907
-7107
-10171
-6987
-10451
-6987
-10651
-6987
-10827
-7027
-11155
-6987
-11403
-7107
-11611
-7083
-11803
-7043
-12147
-7115
-12283
-7107
-12531
-7043
-12803
-7115
-13091
-7059
-13323
-7091
-13499
-7011
-13747
-7027
-14059
-7051
-14259
-7051
-14507
-7027
-14715
-7107
-14955
-7011
-15155
-7099
-15507
-7035
-15667
-7067
-15899
-6987
-16211
-7075
-16355
-6987
-16667
-7067
-16827
-7107
-17123
-7035
-17339
-7043
-17571
-7059
-17899
-7099
-18155
-7059
-18291
-7043
-18507
-7019
-18875
-7331
117
-7299
-59
-7355
-275
-7323
-523
-7235
-811
-7347
-1027
-7331
-1243
-7339
-1539
-7275
-1707
-7307
-2003
-7339
-2307
-7267
-2507
-7283
-2715
-7315
-2923
-7243
-3187
-7227
-3395
-7267
-3675
-7355
-3939
-7347
-4235
-7323
-4435
-7243
-4595
-7307
-4939
-7291
-5083
-7283
-5371
-7347
-5667
-7291
-5915
-7307
-6043
-7347
-6339
-7355
-6579
-7315
-6803
-7315
-7043
-7291
-7251
-7323
-7467
-7259
-7787
-7355
-8043
-7275
-8291
-7355
-8539
-7267
-8787
-7339
-8979
-7267
-9179
-7323
-9499
-7347
-9659
-7355
-9875
-7283
-10139
-7267
-10363
-7339
-10603
-7235
-10931
-7323
-11147
-7331
-11355
-7331
-11555
-7291
-11811
-7331
-12083
-7259
-12339
-7347
-12555
-7307
-12747
-7355
-13083
-7283
-13251
-7339
-13531
-7307
-13723
-7235
-13979
-7243
-14307
-7267
-14459
-7259
-14667
-7331
-14939
-7275
-15251
-7267
-15387
-7291
-15755
-7299
-15883
-7315
-16203
-7275
-16427
-7355
-16675
-7299
-16827
-7323
-17107
-7291
-17307
-7339
-17579
-7339
-17835
-7267
-18099
-7251
-18307
-7331
-18611
-7283
-18835
-7579
101
-7587
-131
-7507
-339
-7515
-587
-7539
-851
-7483
-1027
-7515
-1243
-7491
-1539
-7483
-1771
-7563
-2003
-7531
-2243
-7547
-2483
-7467
-2723
-7571
-2955
-7507
-3211
-7595
-3395
-7491
-3731
-7555
-3899
-7555
-4123
-7587
-4347
-7595
-4691
-7587
-4947
-7579
-5075
-7547
-5435
-7579
-5651
-7579
-5835
-7595
-6115
-7515
-6267
-7547
-6619
-7595
-6771
-7539
-7003
-7579
-7291
-7571
-7507
-7571
-7835
-7547
-8067
-7499
-8187
-7531
-8483
-7523
-8667
-7579
-8923
-7475
-9195
-7579
-9411
-7547
-9715
-7515
-9947
-7547
-10123
-7563
-10355
-7587
-10707
-7595
-10875
-7587
-11179
-7507
-11403
-7555
-11643
-7595
-11819
-7587
-12107
-7563
-12299
-7499
-12571
-7515
-12811
-7571
-13051
-7595
-13331
-7483
-13587
-7539
-13803
-7571
-14027
-7499
-14315
-7555
-14515
-7555
-14739
-7571
-14955
-7579
-15147
-7531
-15467
-7539
-15635
-7595
-15891
-7587
-16187
-7579
-16411
-7547
-16627
-7475
-16851
-7571
-17115
-7523
-17339
-7555
-17619
-7571
-17859
-7507
-18051
-7563
-18379
-7547
-18603
-7571
-18851
-7755
141
-7715
-67
-7715
-371
-7811
-547
-7723
-835
-7739
-1099
-7787
-1347
-7795
-1563
-7787
-1795
-7707
-1979
-7795
-2315
-7835
-2539
-7715
-2747
-7795
-2963
-7779
-3155
-7803
-3459
-7795
-3691
-7795
-3931
-7803
-4107
-7763
-4347
-7763
-4603
-7803
-4867
-7779
-5067
-7795
-5387
-7819
-5619
-7715
-5899
-7795
-6051
-7731
-6331
-7755
-6507
-7835
-6803
-7827
-7083
-7835
-7243
-7739
-7571
-7835
-7835
-7707
-8011
-7731
-8251
-7763
-8435
-7771
-8675
-7707
-9027
-7779
-9195
-7811
-9443
-7835
-9643
-7731
-9883
-7723
-10179
-7779
-10443
-7835
-10667
-7739
-10955
-7755
-11179
-7795
-11315
-7739
-11587
-7779
-11875
-7707
-12075
-7723
-12347
-7827
-12571
-7811
-12803
-7731
-13003
-7731
-13331
-7795
-13491
-7787
-13779
-7819
-13963
-7763
-14219
-7787
-14531
-7723
-14707
-7795
-14923
-7835
-15227
-7835
-15451
-7819
-15659
-7835
-15875
-7755
-16203
-7763
-16459
-7835
-16619
-7835
-16843
-7819
-17067
-7819
-17347
-7787
-17635
-7819
-17915
-7795
-18067
-7739
-18323
-7731
-18547
-7779
-18827
-8035
109
-8027
-43
-8059
-363
-8075
-611
-8067
-875
-8035
-1035
-8075
-1291
-8027
-1579
-8043
-1819
-7955
-2051
-8051
-2219
-7995
-2539
-8019
-2667
-8019
-2987
-7947
-3235
-8067
-3451
-8043
-3635
-8019
-3907
-7995
-4123
-8067
-4363
-8075
-4611
-8043
-4867
-8035
-5107
-8067
-5427
-8059
-5555
-8003
-5803
-8067
-6147
-8075
-6315
-8019
-6627
-8043
-6763
-7987
-7107
-8067
-7243
-7979
-7467
-7963
-7707
-8003
-8011
-8035
-8299
-8043
-8443
-8051
-8755
-7971
-8971
-7995
-9251
-7955
-9483
-7987
-9731
-8075
-9875
-7963
-10219
-8019
-10395
-7971
-10699
-7963
-10883
-8043
-11075
-8075
-11355
-8027
-11619
-8067
-11851
-7995
-12123
-8051
-12315
-8075
-12531
-7995
-12747
-8043
-13035
-8011
-13323
-8027
-13475
-7963
-13731
-8051
-14075
-7963
-14267
-8067
-14435
-8075
-14747
-8019
-14963
-8051
-15163
-8059
-15467
-8035
-15627
-8059
-15875
-8051
-16147
-8019
-16419
-8067
-16691
-8011
-16867
-8067
-17075
-8003
-17387
-8011
-17571
-8011
-17811
-8059
-18083
-8003
-18283
-8043
-18619
-8051
-18875
-8299
109
-8267
-131
-8291
-379
-8259
-635
-8235
-763
-8283
-1091
-8235
-1243
-8307
-1555
-8227
-1819
-8259
-1979
-8307
-2307
-8251
-2515
-8275
-2691
-8243
-2987
-8299
-3155
-8211
-3411
-8291
-3747
-8219
-3883
-8227
-4211
-8267
-4387
-8275
-4635
-8235
-4883
-8219
-5147
-8259
-5379
-8307
-5587
-8211
-5915
-8235
-6043
-8187
-6395
-8283
-6619
-8275
-6787
-8299
-7059
-8195
-7227
-8251
-7547
-8259
-7795
-8283
-8043
-8291
-8219
-8275
-8483
-8235
-8691
-8315
-8995
-8291
-9187
-8307
-9507
-8307
-9707
-8211
-9995
-8283
-10227
-8267
-10379
-8299
-10683
-8243
-10835
-8275
-11163
-8219
-11435
-8259
-11651
-8251
-11883
-8283
-12027
-8227
-12307
-8291
-12603
-8227
-12779
-8235
-13051
-8227
-13259
-8211
-13595
-8203
-13715
-8203
-13955
-8315
-14291
-8219
-14475
-8267
-14691
-8251
-14931
-8291
-15275
-8259
-15419
-8299
-15731
-8227
-15971
-8267
-16187
-8291
-16371
-8307
-16659
-8219
-16851
-8307
-17099
-8307
-17419
-8267
-17635
-8299
-17835
-8291
-18075
-8299
-18363
-8307
-18635
-8283
-18875
-8531
93
-8539
-107
-8507
-355
-8499
-627
-8459
-795
-8523
-1107
-8531
-1259
-8427
-1483
-8483
-1779
-8443
-1995
-8475
-2259
-8491
-2499
-8427
-2787
-8555
-2947
-8531
-3187
-8483
-3483
-8555
-3691
-8539
-3883
-8515
-4195
-8531
-4435
-8547
-4611
-8539
-4923
-8451
-5091
-8467
-5315
-8475
-5611
-8547
-5827
-8515
-6067
-8555
-6283
-8459
-6611
-8427
-6867
-8475
-7027
-8451
-7307
-8539
-7515
-8547
-7747
-8491
-7987
-8523
-8187
-8523
-8459
-8475
-8739
-8507
-9027
-8507
-9267
-8483
-9483
-8555
-9731
-8547
-9979
-8547
-10211
-8515
-10475
-8459
-10619
-8539
-10939
-8467
-11123
-8555
-11387
-8555
-11659
-8443
-11803
-8435
-12091
-8539
-12275
-8499
-12587
-8451
-12747
-8483
-13091
-8435
-13259
-8443
-13563
-8499
-13835
-8547
-14011
-8539
-14299
-8483
-14555
-8499
-14755
-8531
-14995
-8499
-15235
-8499
-15427
-8499
-15755
-8515
-15915
-8499
-16107
-8451
-16355
-8507
-16643
-8555
-16947
-8531
-17195
-8491
-17387
-8483
-17635
-8539
-17867
-8443
-18067
-8499
-18283
-8443
-18619
-8451
-18843
-8699
149
-8667
-107
-8787
-387
-8763
-515
-8715
-779
-8739
-1067
-8731
-1307
-8715
-1587
-8683
-1739
-8731
-2027
-8771
-2195
-8699
-2451
-8699
-2763
-8763
-2931
-8795
-3243
-8795
-3515
-8763
-3739
-8723
-3939
-8795
-4115
-8691
-4387
-8731
-4619
-8787
-4939
-8795
-5139
-8787
-5331
-8787
-5555
-8691
-5859
-8779
-6083
-8739
-6315
-8771
-6587
-8731
-6843
-8779
-7003
-8779
-7307
-8715
-7507
-8707
-7787
-8715
-8035
-8763
-8315
-8683
-8475
-8771
-8731
-8787
-9035
-8699
-9227
-8795
-9427
-8747
-9683
-8723
-9907
-8723
-10163
-8739
-10467
-8755
-10651
-8755
-10859
-8723
-11123
-8787
-11371
-8699
-11579
-8755
-11891
-8763
-12091
-8723
-12291
-8739
-12595
-8739
-12787
-8731
-12987
-8795
-13299
-8779
-13563
-8747
-13803
-8723
-13947
-8771
-14283
-8787
-14507
-8771
-14675
-8779
-14955
-8771
-15243
-8699
-15451
-8683
-15707
-8691
-15891
-8763
-16227
-8771
-16395
-8763
-16659
-8667
-16827
-8787
-17083
-8763
-17371
-8771
-17595
-8699
-17827
-8779
-18147
-8699
-18331
-8787
-18555
-8667
-18827
-8915
109
-8995
-131
-8947
-283
-9035
-563
-8987
-867
-9019
-987
-9035
-1331
-8987
-1499
-8947
-1819
-8987
-1963
-8987
-2251
-9027
-2483
-8971
-2683
-9003
-3035
-9027
-3275
-9003
-3499
-9019
-3659
-9027
-3971
-8987
-4115
-8971
-4475
-8979
-4635
-9003
-4931
-8939
-5187
-9027
-5403
-8963
-5611
-8971
-5835
-8915
-6043
-9035
-6371
-8923
-6571
-8947
-6819
-9019
-7043
-9019
-7355
-9035
-7579
-8907
-7707
-8907
-7979
-9003
-8299
-8971
-8523
-9027
-8667
-8995
-9035
-8923
-9203
-9035
-9467
-9003
-9683
-9019
-9875
-8947
-10179
-8931
-10475
-8907
-10651
-9035
-10883
-9035
-11067
-8939
-11427
-8987
-11595
-8971
-11811
-8963
-12067
-9019
-12315
-8979
-12563
-9027
-12811
-8915
-13035
-8955
-13307
-9003
-13595
-9027
-13827
-8971
-13971
-8915
-14307
-8947
-14507
-9003
-14795
-8939
-14923
-8963
-15227
-9011
-15451
-9027
-15627
-9027
-15883
-8995
-16203
-8987
-16387
-9003
-16595
-8971
-16843
-9035
-17083
-9011
-17371
-9003
-17563
-8955
-17883
-9003
-18059
-9035
-18315
-8955
-18635
-9035
-18819
-9235
141
-9195
-155
-9235
-371
-9243
-595
-9203
-819
-9203
-1067
-9203
-1331
-9275
-1579
-9203
-1739
-9155
-1979
-9243
-2227
-9187
-2539
-9259
-2779
-9171
-2971
-9275
-3155
-9235
-3467
-9219
-3635
-9155
-3979
-9275
-4107
-9195
-4435
-9179
-4675
-9275
-4931
-9259
-5163
-9251
-5435
-9155
-5587
-9163
-5835
-9187
-6091
-9203
-6371
-9195
-6619
-9267
-6771
-9251
-7115
-9259
-7323
-9203
-7515
-9171
-7763
-9147
-8075
-9211
-8187
-9219
-8475
-9219
-8675
-9203
-8963
-9219
-9227
-9211
-9387
-9275
-9747
-9187
-9899
-9259
-10203
-9227
-10403
-9187
-10691
-9195
-10883
-9219
-11107
-9259
-11379
-9227
-11563
-9259
-11899
-9243
-12043
-9179
-12395
-9259
-12579
-9259
-12851
-9235
-13027
-9235
-13227
-9219
-13491
-9211
-13723
-9179
-14059
-9219
-14251
-9211
-14499
-9195
-14731
-9219
-14995
-9219
-15259
-9251
-15491
-9187
-15715
-9235
-15891
-9171
-16235
-9203
-16427
-9235
-16699
-9211
-16931
-9235
-17067
-9211
-17323
-9219
-17611
-9275
-17851
-9187
-18139
-9243
-18379
-9147
-18579
-9235
-18811
-9435
133
-9467
-51
-9515
-395
-9419
-611
-9443
-875
-9443
-1019
-9467
-1339
-9515
-1547
-9507
-1779
-9395
-2051
-9459
-2203
-9491
-2547
-9419
-2715
-9467
-3003
-9507
-3235
-9419
-3419
-9419
-3755
-9403
-3875
-9467
-4115
-9387
-4435
-9467
-4667
-9499
-4955
-9507
-5195
-9419
-5315
-9491
-5667
-9499
-5795
-9491
-6107
-9419
-6331
-9443
-6579
-9427
-6755
-9491
-7027
-9475
-7323
-9403
-7587
-9515
-7795
-9435
-8075
-9387
-8307
-9427
-8507
-9507
-8787
-9395
-9035
-9387
-9211
-9459
-9451
-9467
-9699
-9515
-9883
-9491
-10187
-9451
-10355
-9387
-10691
-9499
-10835
-9459
-11163
-9395
-11307
-9491
-11563
-9507
-11891
-9419
-12083
-9507
-12275
-9499
-12555
-9515
-12811
-9483
-13051
-9411
-13307
-9507
-13483
-9499
-13755
-9443
-13987
-9459
-14219
-9515
-14443
-9427
-14707
-9507
-14979
-9443
-15259
-9443
-15483
-9507
-15715
-9491
-15979
-9475
-16195
-9411
-16395
-9507
-16603
-9419
-16875
-9387
-17123
-9507
-17323
-9507
-17555
-9507
-17795
-9467
-18155
-9475
-18291
-9435
-18507
-9403
-18843
-9723
85
-9707
-27
-9683
-267
-9755
-515
-9667
-835
-9659
-1091
-9707
-1267
-9731
-1555
-9683
-1819
-9715
-2067
-9723
-2267
-9739
-2515
-9723
-2699
-9635
-2931
-9683
-3195
-9683
-3499
-9659
-3739
-9635
-3963
-9747
-4187
-9643
-4363
-9715
-4659
-9691
-4899
-9683
-5147
-9691
-5435
-9667
-5611
-9747
-5795
-9707
-6139
-9675
-6395
-9651
-6507
-9755
-6755
-9691
-7107
-9739
-7227
-9715
-7595
-9651
-7747
-9731
-8019
-9707
-8235
-9659
-8523
-9651
-8683
-9755
-8931
-9691
-9155
-9691
-9515
-9723
-9667
-9755
-9979
-9747
-10139
-9675
-10363
-9683
-10603
-9683
-10899
-9715
-11099
-9675
-11331
-9675
-11643
-9731
-11811
-9659
-12147
-9747
-12379
-9739
-12587
-9659
-12851
-9747
-13059
-9699
-13347
-9715
-13531
-9715
-13819
-9739
-14011
-9731
-14187
-9683
-14443
-9683
-14755
-9699
-14915
-9707
-15235
-9651
-15507
-9731
-15683
-9715
-15931
-9723
-16219
-9659
-16379
-9731
-16627
-9707
-16947
-9755
-17179
-9667
-17387
-9627
-17675
-9747
-17899
-9651
-18051
-9699
-18347
-9715
-18507
-9651
-18843
-9883
141
-9939
-51
-9899
-379
-9915
-603
-9963
-803
-9987
-1011
-9899
-1315
-9987
-1483
-9891
-1731
-9971
-2011
-9979
-2219
-9923
-2531
-9891
-2667
-9915
-2971
-9939
-3219
-9947
-3419
-9899
-3643
-9915
-3947
-9947
-4107
-9939
-4371
-9979
-4699
-9899
-4923
-9955
-5171
-9907
-5427
-9931
-5675
-9939
-5787
-9931
-6123
-9939
-6387
-9907
-6523
-9995
-6811
-9971
-7027
-9939
-7267
-9939
-7595
-9931
-7827
-9979
-8011
-9979
-8235
-9995
-8507
-9987
-8747
-9979
-8955
-9963
-9179
-9971
-9435
-9907
-9723
-9995
-9931
-9931
-10107
-9907
-10435
-9891
-10611
-9867
-10843
-9899
-11107
-9963
-11411
-9947
-11603
-9939
-11835
-9963
-12139
-9971
-12267
-9947
-12635
-9899
-12827
-9915
-13051
-9979
-13339
-9939
-13539
-9915
-13827
-9971
-14011
-9971
-14275
-9979
-14499
-9947
-14691
-9979
-14987
-9915
-15163
-9995
-15499
-9971
-15755
-9987
-15867
-9931
-16235
-9963
-16371
-9947
-16707
-9987
-16883
-9971
-17131
-9947
-17371
-9971
-17659
-9979
-17915
-9963
-18123
-9947
-18379
-9931
-18539
-9867
-18851
-10163
133
-10219
-99
-10131
-315
-10195
-603
-10123
-843
-10115
-1115
-10179
-1267
-10235
-1523
-10211
-1723
-10171
-1979
-10147
-2259
-10187
-2467
-10123
-2747
-10203
-3035
-10235
-3267
-10179
-3411
-10235
-3739
-10235
-3955
-10211
-4211
-10171
-4467
-10123
-4715
-10147
-4939
-10203
-5147
-10203
-5347
-10155
-5659
-10227
-5899
-10211
-6067
-10115
-6395
-10227
-6587
-10203
-6787
-10187
-7099
-10107
-7267
-10107
-7499
-10139
-7723
-10139
-8035
-10227
-8267
-10187
-8459
-10203
-8755
-10227
-8995
-10107
-9219
-10203
-9435
-10147
-9635
-10115
-9891
-10235
-10155
-10163
-10387
-10219
-10587
-10235
-10931
-10235
-11163
-10235
-11379
-10235
-11571
-10155
-11859
-10235
-12043
-10179
-12275
-10131
-12539
-10187
-12859
-10211
-13083
-10115
-13355
-10107
-13571
-10195
-13795
-10163
-13963
-10195
-14203
-10235
-14547
-10203
-14747
-10195
-14995
-10163
-15203
-10235
-15427
-10227
-15715
-10123
-15947
-10179
-16123
-10195
-16403
-10235
-16691
-10147
-16827
-10187
-17067
-10147
-17379
-10219
-17667
-10139
-17875
-10211
-18123
-10179
-18363
-10179
-18523
-10195
-18827
-10443
141
-10411
-75
-10411
-379
-10475
-595
-10435
-771
-10443
-1027
-10459
-1347
-10443
-1547
-10475
-1763
-10451
-1979
-10435
-2299
-10451
-2467
-10467
-2707
-10443
-2923
-10443
-3187
-10451
-3427
-10475
-3651
-10427
-3995
-10475
-4115
-10411
-4435
-10467
-4675
-10451
-4923
-10435
-5155
-10467
-5355
-10459
-5579
-10475
-5843
-10443
-6115
-10411
-6275
-10467
-6507
-10427
-6795
-10427
-7107
-10427
-7331
-10443
-7555
-10467
-7715
-10443
-7979
-10459
-8243
-10411
-8451
-10451
-8667
-10427
-8939
-10459
-9235
-10475
-9451
-10467
-9707
-10411
-9955
-10419
-10139
-10451
-10411
-10451
-10699
-10419
-10843
-10467
-11107
-10475
-11403
-10451
-11563
-10451
-11907
-10435
-12107
-10467
-12339
-10451
-12587
-10467
-12811
-10467
-12995
-10411
-13227
-10467
-13571
-10467
-13771
-10459
-13955
-10435
-14235
-10435
-14483
-10467
-14675
-10443
-14915
-10451
-15187
-10475
-15411
-10427
-15651
-10427
-15931
-10427
-16147
-10435
-16443
-10427
-16675
-10475
-16891
-10427
-17171
-10443
-17395
-10459
-17595
-10475
-17907
-10443
-18115
-10443
-18347
-10419
-18523
-10459
-18811
