85
546
200
-78
380
-297
339
-576
284
-755
447
-1011
284
-1313
595
-1531
352
-1721
170
-2021
521
-2232
133
-2499
157
-2721
139
-2943
313
-3205
179
-3491
197
-3625
161
-3881
149
-4175
265
-4351
171
-4587
125
-4923
85
-5131
149
-5327
101
-5627
125
-5859
125
-6123
109
-6287
85
-6491
141
-6863
149
-7043
109
-7263
85
-7503
149
-7803
133
-8043
101
-8235
101
-8519
109
-8659
85
-8987
93
-9187
133
-9507
101
-9659
85
-9907
85
-10211
117
-10475
85
-10675
109
-10827
117
-11179
125
-11347
109
-11587
109
-11867
101
-12035
133
-12395
85
-12571
133
-12819
85
-13075
117
-13243
93
-13515
109
-13763
141
-13979
125
-14307
133
-14459
141
-14787
149
-15027
133
-15187
125
-15403
85
-15715
141
-15907
101
-16235
133
-16347
85
-16715
141
-16875
93
-17171
85
-17355
149
-17579
101
-17899
117
-18051
133
-18315
109
-18635
101
-18827
-143
941
-93
-45
-99
-309
-97
-561
-124
-825
-21
-1023
-49
-1273
-107
-1468
-126
-1741
-111
-1939
-57
-2157
-61
-2427
-147
-2763
-17
-2923
-71
-3179
-81
-3451
-139
-3651
-83
-3921
-63
-4207
-123
-4407
-119
-4611
-143
-4843
-23
-5095
-79
-5403
-75
-5591
-39
-5879
-75
-6075
-127
-6363
-119
-6595
-11
-6811
-95
-7023
-127
-7275
-3
-7543
-75
-7799
-27
-7959
-87
-8251
-111
-8459
-139
-8703
-27
-8923
-131
-9235
-71
-9399
-27
-9755
-115
-9995
-147
-10211
-115
-10395
-115
-10659
-147
-10947
-131
-11187
-123
-11323
-123
-11571
-107
-11795
-91
-12099
-115
-12291
-139
-12627
-123
-12867
-139
-13051
-115
-13251
-107
-13547
-115
-13795
-43
-14067
-115
-14219
-155
-14539
-139
-14683
-107
-15035
-27
-15163
-43
-15411
-99
-15699
-155
-15955
-75
-16203
-123
-16395
-147
-16691
-75
-16867
-83
-17147
-147
-17411
-139
-17603
-155
-17827
-147
-18107
-43
-18331
-123
-18595
-115
-18859
-335
246
-302
-115
-273
-257
-359
-537
-277
-769
-345
-983
-359
-1237
-277
-1471
-382
-1683
-367
-1980
-278
-2274
-365
-2501
-363
-2665
-269
-2929
-275
-3171
-283
-3485
-319
-3695
-373
-3959
-363
-4125
-323
-4411
-313
-4607
-307
-4895
-371
-5183
-387
-5327
-379
-5639
-359
-5815
-303
-6043
-323
-6271
-251
-6571
-303
-6843
-319
-7059
-267
-7263
-263
-7587
-371
-7803
-375
-7959
-319
-8315
-351
-8547
-335
-8727
-363
-8923
-371
-9163
-347
-9399
-275
-9659
-363
-9875
-291
-10131
-395
-10347
-347
-10659
-315
-10875
-379
-11067
-387
-11411
-307
-11555
-371
-11827
-331
-12155
-387
-12291
-363
-12635
-323
-12779
-331
-13051
-387
-13299
-331
-13491
-379
-13715
-307
-13987
-323
-14211
-363
-14499
-355
-14763
-315
-14971
-347
-15163
-355
-15491
-355
-15691
-299
-15883
-387
-16235
-371
-16371
-355
-16635
-355
-16907
-363
-17179
-307
-17363
-371
-17603
-395
-17859
-275
-18123
-395
-18291
-387
-18539
-323
-18859
-591
437
-617
-123
-610
-359
-558
-497
-613
-765
-617
-1033
-508
-1267
-473
-1473
-551
-1798
-511
-1933
-491
-2151
-577
-2481
-599
-2775
-593
-2927
-523
-3195
-585
-3467
-565
-3615
-477
-3885
-575
-4081
-605
-4423
-575
-4627
-539
-4915
-607
-5131
-491
-5379
-579
-5551
-527
-5867
-611
-6131
-559
-6331
-527
-6503
-523
-6759
-499
-7031
-623
-7267
-551
-7507
-587
-7775
-627
-8059
-579
-8239
-543
-8439
-575
-8731
-603
-8887
-503
-9247
-583
-9455
-539
-9699
-603
-9875
-619
-10227
-603
-10435
-587
-10691
-627
-10867
-555
-11075
-531
-11323
-555
-11603
-603
-11795
-619
-12123
-595
-12395
-563
-12619
-627
-12771
-611
-13099
-563
-13235
-635
-13491
-619
-13803
-547
-13987
-587
-14267
-579
-14499
-635
-14747
-555
-15003
-555
-15259
-627
-15507
-619
-15715
-515
-15971
-635
-16171
-571
-16403
-627
-16611
-627
-16883
-611
-17179
-555
-17339
-563
-17627
-571
-17787
-635
-18139
-635
-18299
-539
-18603
-579
-18851
-783
640
-850
-35
-747
-328
-828
-498
-749
-747
-755
-985
-835
-1253
-835
-1558
-793
-1761
-759
-2011
-771
-2265
-777
-2465
-799
-2627
-851
-2889
-787
-3151
-813
-3415
-853
-3629
-843
-3975
-767
-4163
-819
-4403
-769
-4619
-867
-4831
-827
-5167
-811
-5351
-835
-5647
-799
-5843
-795
-6115
-823
-6335
-839
-6503
-731
-6815
-819
-6991
-807
-7315
-815
-7455
-839
-7719
-819
-7959
-799
-8235
-771
-8443
-747
-8655
-743
-9003
-835
-9235
-763
-9483
-859
-9683
-875
-9995
-827
-10155
-835
-10451
-875
-10619
-835
-10947
-851
-11123
-763
-11307
-811
-11563
-795
-11795
-851
-12075
-819
-12363
-819
-12563
-851
-12867
-771
-13003
-755
-13235
-859
-13523
-859
-13787
-875
-13979
-867
-14187
-827
-14555
-795
-14787
-827
-14931
-875
-15235
-755
-15443
-811
-15755
-755
-15907
-875
-16171
-843
-16443
-843
-16715
-819
-16947
-867
-17091
-875
-17387
-867
-17547
-859
-17883
-875
-18123
-763
-18299
-867
-18579
-859
-18875
-1107
1237
-1038
-103
-1009
-265
-1061
-607
-1014
-818
-992
-1043
-1112
-1229
-1001
-1507
-1075
-1737
-1055
-2020
-1033
-2290
-1075
-2427
-1049
-2689
-1043
-2979
-1089
-3127
-1067
-3357
-1047
-3743
-1037
-3887
-1075
-4141
-979
-4331
-1035
-4585
-1079
-4931
-1095
-5099
-1003
-5311
-995
-5543
-1059
-5779
-987
-6127
-987
-6379
-1019
-6603
-1083
-6787
-999
-7099
-1043
-7223
-1039
-7543
-1003
-7787
-1063
-7939
-1087
-8291
-1071
-8515
-1071
-8655
-1043
-8899
-1007
-9175
-1051
-9387
-1003
-9699
-1075
-9899
-1059
-10139
-1083
-10403
-1115
-10691
-1115
-10939
-1067
-11179
-1099
-11371
-1027
-11603
-1043
-11899
-1019
-12043
-987
-12379
-1059
-12563
-987
-12859
-1027
-13075
-1019
-13323
-995
-13523
-1107
-13827
-1107
-14003
-1083
-14235
-1099
-14507
-1019
-14747
-1043
-14931
-1067
-15211
-995
-15459
-1027
-15635
-987
-15963
-1091
-16219
-1091
-16387
-1043
-16619
-1099
-16955
-1099
-17075
-1091
-17347
-1067
-17635
-1115
-17867
-1107
-18091
-995
-18291
-1067
-18587
-1067
-18819
-1275
1268
-1274
-106
-1217
-313
-1315
-579
-1335
-769
-1235
-1016
-1341
-1253
-1219
-1521
-1269
-1687
-1218
-1983
-1218
-2238
-1251
-2463
-1335
-2759
-1287
-2973
-1259
-3223
-1343
-3401
-1317
-3701
-1281
-3877
-1215
-4143
-1303
-4379
-1275
-4597
-1315
-4915
-1307
-5143
-1291
-5347
-1283
-5647
-1239
-5899
-1327
-6103
-1311
-6251
-1211
-6599
-1339
-6787
-1311
-7063
-1267
-7243
-1323
-7531
-1327
-7747
-1227
-7975
-1247
-8287
-1231
-8503
-1287
-8683
-1311
-9019
-1251
-9191
-1227
-9403
-1355
-9715
-1339
-9915
-1339
-10139
-1339
-10427
-1291
-10587
-1339
-10899
-1259
-11123
-1339
-11347
-1355
-11659
-1347
-11851
-1235
-12147
-1331
-12267
-1267
-12627
-1291
-12859
-1355
-13019
-1291
-13323
-1347
-13467
-1283
-13779
-1283
-14051
-1339
-14259
-1315
-14459
-1243
-14747
-1299
-15035
-1331
-15147
-1355
-15395
-1315
-15731
-1339
-15971
-1347
-16187
-1307
-16443
-1339
-16603
-1347
-16947
-1299
-17163
-1243
-17363
-1235
-17619
-1331
-17795
-1307
-18139
-1331
-18379
-1331
-18595
-1235
-18867
-1571
789
-1541
-99
-1521
-337
-1569
-587
-1451
-815
-1551
-1079
-1581
-1277
-1555
-1471
-1525
-1731
-1507
-2013
-1553
-2289
-1561
-2511
-1535
-2733
-1549
-2981
-1445
-3137
-1479
-3503
-1543
-3631
-1555
-3939
-1575
-4161
-1553
-4409
-1511
-4573
-1547
-4823
-1515
-5187
-1471
-5323
-1483
-5539
-1539
-5875
-1483
-5999
-1555
-6311
-1591
-6519
-1531
-6823
-1515
-6999
-1539
-7255
-1471
-7559
-1483
-7703
-1499
-7987
-1575
-8211
-1507
-8507
-1543
-8691
-1507
-8987
-1547
-9235
-1539
-9515
-1475
-9683
-1595
-9883
-1555
-10115
-1563
-10419
-1587
-10619
-1579
-10939
-1467
-11179
-1579
-11395
-1587
-11563
-1547
-11843
-1515
-12075
-1523
-12395
-1507
-12531
-1571
-12755
-1515
-13107
-1555
-13275
-1587
-13547
-1595
-13803
-1515
-14019
-1483
-14235
-1483
-14459
-1571
-14755
-1587
-15027
-1467
-15259
-1523
-15467
-1571
-15675
-1467
-15963
-1555
-16219
-1547
-16371
-1475
-16715
-1563
-16867
-1595
-17131
-1523
-17363
-1555
-17555
-1563
-17795
-1475
-18051
-1539
-18291
-1595
-18619
-1467
-18859
-1787
649
-1791
-141
-1759
-271
-1713
-499
-1785
-723
-1815
-1055
-1815
-1277
-1803
-1527
-1805
-1799
-1747
-1959
-1827
-2197
-1743
-2507
-1775
-2757
-1759
-3023
-1827
-3135
-1761
-3467
-1765
-3671
-1727
-3933
-1787
-4135
-1793
-4383
-1795
-4681
-1811
-4939
-1787
-5143
-1731
-5303
-1751
-5635
-1803
-5839
-1779
-6091
-1823
-6319
-1731
-6543
-1719
-6735
-1711
-6991
-1807
-7243
-1827
-7439
-1727
-7743
-1763
-7963
-1787
-8195
-1819
-8455
-1735
-8763
-1779
-8979
-1707
-9123
-1743
-9455
-1787
-9691
-1739
-9891
-1771
-10147
-1827
-10451
-1787
-10675
-1779
-10891
-1755
-11139
-1811
-11323
-1811
-11595
-1819
-11787
-1779
-12147
-1731
-12395
-1771
-12539
-1835
-12779
-1803
-13059
-1747
-13235
-1747
-13539
-1827
-13723
-1795
-14051
-1811
-14227
-1707
-14427
-1771
-14787
-1811
-14971
-1803
-15163
-1763
-15427
-1787
-15691
-1819
-15883
-1731
-16235
-1779
-16451
-1779
-16611
-1795
-16939
-1835
-17131
-1771
-17379
-1827
-17611
-1747
-17803
-1835
-18027
-1811
-18307
-1779
-18587
-1811
-18835
-2067
1001
-1973
-51
-2023
-351
-2061
-615
-2045
-749
-2025
-1079
-1977
-1255
-1995
-1489
-2031
-1711
-1999
-2021
-1953
-2217
-1971
-2523
-1949
-2771
-1973
-2943
-2037
-3227
-1975
-3463
-2019
-3731
-1967
-3959
-2041
-4151
-2017
-4375
-1983
-4587
-2015
-4831
-1987
-5163
-1955
-5323
-2019
-5587
-2007
-5787
-2035
-6119
-2051
-6331
-2031
-6515
-1999
-6791
-1963
-7035
-2011
-7219
-2015
-7575
-1971
-7703
-2039
-7943
-2055
-8255
-1971
-8527
-2003
-8755
-2023
-8939
-2035
-9115
-2035
-9407
-2075
-9723
-2067
-9979
-2027
-10203
-2043
-10443
-2051
-10619
-2059
-10915
-1979
-11179
-1995
-11339
-2067
-11587
-2027
-11899
-2067
-12035
-2027
-12379
-2011
-12555
-1979
-12779
-2035
-12987
-2027
-13243
-2011
-13563
-2043
-13811
-2027
-14043
-1987
-14219
-2003
-14459
-2019
-14691
-1987
-15011
-2067
-15235
-1971
-15419
-2059
-15739
-2035
-15987
-1987
-16107
-2043
-16395
-1947
-16587
-2075
-16955
-2075
-17131
-2019
-17331
-1987
-17611
-2035
-17803
-1995
-18099
-2051
-18363
-2027
-18595
-2035
-18867
-2231
123
-2219
-111
-2207
-279
-2229
-503
-2183
-863
-2315
-1043
-2253
-1317
-2273
-1501
-2243
-1723
-2203
-2035
-2281
-2227
-2267
-2459
-2267
-2747
-2285
-3001
-2177
-3189
-2157
-3391
-2237
-3675
-2207
-3835
-2195
-4131
-2257
-4337
-2273
-4587
-2263
-4867
-2199
-5099
-2263
-5375
-2275
-5607
-2243
-5767
-2287
-6095
-2275
-6303
-2291
-6511
-2295
-6791
-2223
-7043
-2191
-7307
-2279
-7499
-2203
-7739
-2267
-7955
-2267
-8271
-2287
-8499
-2283
-8687
-2299
-8999
-2299
-9207
-2203
-9415
-2299
-9635
-2259
-9995
-2219
-10227
-2219
-10451
-2259
-10667
-2275
-10843
-2275
-11147
-2267
-11307
-2219
-11555
-2299
-11811
-2195
-12099
-2259
-12339
-2243
-12595
-2195
-12747
-2275
-13099
-2283
-13347
-2283
-13555
-2195
-13803
-2283
-14027
-2283
-14187
-2243
-14451
-2291
-14723
-2283
-14963
-2299
-15211
-2227
-15427
-2243
-15723
-2283
-15883
-2211
-16211
-2291
-16371
-2211
-16667
-2259
-16923
-2307
-17067
-2315
-17323
-2251
-17667
-2219
-17803
-2251
-18139
-2243
-18299
-2299
-18603
-2195
-18867
-2511
463
-2541
5
-2483
-375
-2517
-519
-2467
-875
-2455
-1085
-2425
-1333
-2527
-1507
-2539
-1819
-2435
-2011
-2543
-2225
-2425
-2477
-2465
-2739
-2523
-3021
-2519
-3193
-2435
-3455
-2423
-3725
-2433
-3931
-2429
-4151
-2519
-4429
-2523
-4677
-2531
-4851
-2467
-5171
-2511
-5331
-2475
-5567
-2507
-5875
-2443
-6095
-2527
-6251
-2407
-6587
-2531
-6871
-2523
-6987
-2511
-7275
-2447
-7495
-2439
-7755
-2491
-8075
-2459
-8203
-2495
-8503
-2519
-8771
-2411
-8883
-2515
-9179
-2527
-9391
-2475
-9651
-2443
-9995
-2555
-10123
-2475
-10347
-2507
-10683
-2547
-10923
-2555
-11147
-2459
-11363
-2467
-11611
-2523
-11843
-2523
-12051
-2475
-12371
-2475
-12619
-2459
-12795
-2555
-13019
-2539
-13307
-2515
-13531
-2499
-13771
-2499
-13995
-2507
-14315
-2483
-14499
-2427
-14691
-2443
-15019
-2555
-15187
-2531
-15451
-2523
-15723
-2467
-15891
-2539
-16219
-2459
-16387
-2467
-16699
-2475
-16907
-2547
-17099
-2451
-17315
-2427
-17659
-2531
-17851
-2427
-18139
-2443
-18291
-2531
-18587
-2539
-18819
-2747
141
-2707
-27
-2687
-343
-2723
-515
-2759
-735
-2707
-971
-2699
-1275
-2735
-1487
-2703
-1827
-2743
-2039
-2759
-2219
-2695
-2451
-2747
-2767
-2771
-3011
-2755
-3275
-2751
-3399
-2703
-3687
-2783
-3907
-2695
-4175
-2751
-4463
-2751
-4575
-2779
-4911
-2711
-5163
-2723
-5331
-2775
-5643
-2755
-5787
-2719
-6087
-2691
-6331
-2743
-6547
-2707
-6847
-2755
-7071
-2755
-7287
-2687
-7567
-2751
-7723
-2735
-8015
-2763
-8227
-2727
-8523
-2743
-8675
-2747
-8931
-2795
-9235
-2779
-9403
-2739
-9715
-2691
-9931
-2787
-10171
-2779
-10379
-2771
-10643
-2779
-10955
-2675
-11139
-2755
-11419
-2683
-11659
-2675
-11899
-2771
-12067
-2747
-12267
-2683
-12571
-2723
-12867
-2779
-13091
-2755
-13331
-2715
-13539
-2739
-13763
-2771
-13947
-2715
-14251
-2723
-14467
-2787
-14795
-2787
-14987
-2763
-15171
-2763
-15459
-2787
-15643
-2723
-15899
-2707
-16187
-2739
-16363
-2731
-16675
-2747
-16923
-2763
-17091
-2795
-17379
-2723
-17563
-2747
-17891
-2787
-18115
-2779
-18307
-2715
-18587
-2739
-18819
-2931
117
-2995
-83
-3015
-263
-3011
-607
-3011
-735
-3023
-1047
-3007
-1243
-3003
-1567
-2947
-1779
-2959
-1963
-3019
-2259
-2887
-2539
-3007
-2735
-2991
-2915
-2999
-3211
-3007
-3423
-2951
-3691
-2991
-3959
-2967
-4107
-3019
-4447
-3015
-4579
-2991
-4851
-2971
-5163
-2919
-5343
-2927
-5603
-2943
-5887
-3019
-6123
-2935
-6259
-3007
-6527
-2983
-6735
-2915
-7087
-2983
-7315
-2879
-7559
-3019
-7739
-2955
-7995
-3011
-8219
-2983
-8483
-2983
-8763
-3011
-8979
-2995
-9187
-3003
-9455
-3019
-9755
-2995
-9939
-3003
-10139
-2923
-10467
-2915
-10707
-2923
-10883
-3035
-11091
-3011
-11427
-2923
-11611
-2955
-11795
-2995
-12099
-3011
-12363
-3019
-12611
-2979
-12819
-2987
-13067
-2915
-13235
-2915
-13483
-3027
-13835
-3027
-13979
-3035
-14275
-2939
-14483
-2915
-14795
-2955
-15011
-2947
-15227
-3019
-15499
-2995
-15731
-2995
-15931
-3003
-16227
-2915
-16395
-2915
-16619
-3019
-16899
-2963
-17115
-2947
-17395
-2987
-17595
-3035
-17907
-2995
-18099
-2931
-18371
-3035
-18611
-2947
-18843
-3147
149
-3239
-39
-3243
-275
-3139
-559
-3243
-803
-3235
-987
-3231
-1351
-3159
-1531
-3235
-1807
-3195
-2051
-3219
-2299
-3259
-2499
-3155
-2683
-3207
-2923
-3167
-3155
-3219
-3479
-3223
-3727
-3235
-3891
-3223
-4147
-3235
-4411
-3255
-4691
-3231
-4891
-3219
-5067
-3239
-5395
-3139
-5547
-3203
-5859
-3179
-6083
-3231
-6327
-3227
-6487
-3235
-6755
-3171
-6999
-3191
-7215
-3199
-7575
-3151
-7763
-3199
-8003
-3235
-8283
-3235
-8487
-3163
-8759
-3195
-8959
-3139
-9227
-3235
-9435
-3195
-9755
-3179
-9979
-3235
-10139
-3251
-10395
-3179
-10627
-3155
-10923
-3251
-11187
-3219
-11411
-3163
-11579
-3243
-11843
-3179
-12099
-3259
-12307
-3267
-12627
-3235
-12827
-3251
-12987
-3211
-13299
-3267
-13571
-3219
-13739
-3227
-14059
-3171
-14307
-3235
-14523
-3267
-14699
-3235
-15011
-3275
-15163
-3179
-15395
-3227
-15675
-3267
-15875
-3211
-16155
-3267
-16435
-3275
-16619
-3211
-16899
-3187
-17075
-3219
-17331
-3171
-17627
-3219
-17859
-3251
-18067
-3219
-18339
-3155
-18531
-3163
-18851
-3443
85
-3459
-91
-3451
-315
-3451
-603
-3371
-771
-3475
-1075
-3515
-1315
-3359
-1539
-3475
-1799
-3407
-1931
-3495
-2203
-3447
-2503
-3467
-2735
-3483
-2947
-3475
-3247
-3495
-3435
-3359
-3727
-3467
-3863
-3391
-4211
-3459
-4435
-3471
-4631
-3415
-4887
-3503
-5131
-3491
-5307
-3431
-5639
-3479
-5771
-3451
-6043
-3403
-6335
-3459
-6611
-3431
-6803
-3415
-6991
-3487
-7239
-3495
-7475
-3479
-7815
-3459
-7963
-3479
-8255
-3491
-8451
-3363
-8691
-3423
-9011
-3479
-9271
-3443
-9423
-3491
-9643
-3419
-9939
-3419
-10219
-3507
-10395
-3507
-10659
-3411
-10843
-3491
-11163
-3499
-11411
-3507
-11675
-3483
-11843
-3499
-12147
-3419
-12387
-3435
-12515
-3499
-12771
-3427
-13059
-3451
-13259
-3475
-13531
-3427
-13771
-3427
-14019
-3443
-14195
-3499
-14483
-3499
-14731
-3395
-14987
-3499
-15227
-3459
-15507
-3491
-15627
-3483
-15891
-3507
-16235
-3419
-16427
-3515
-16699
-3507
-16827
-3427
-17179
-3427
-17411
-3475
-17611
-3475
-17867
-3395
-18059
-3395
-18355
-3419
-18627
-3419
-18827
-3639
125
-3735
1
-3711
-331
-3751
-499
-3735
-735
-3707
-1111
-3679
-1323
-3639
-1539
-3707
-1767
-3671
-2047
-3699
-2219
-3687
-2435
-3683
-2767
-3755
-2891
-3711
-3151
-3647
-3483
-3703
-3707
-3731
-3927
-3679
-4131
-3711
-4451
-3699
-4599
-3699
-4843
-3691
-5163
-3723
-5379
-3711
-5563
-3747
-5803
-3623
-6123
-3739
-6347
-3739
-6567
-3691
-6827
-3711
-6963
-3619
-7251
-3723
-7583
-3635
-7747
-3679
-7943
-3675
-8279
-3699
-8499
-3667
-8755
-3667
-9011
-3723
-9223
-3679
-9507
-3643
-9643
-3731
-9875
-3739
-10155
-3707
-10395
-3723
-10627
-3691
-10931
-3691
-11115
-3667
-11355
-3747
-11627
-3707
-11891
-3667
-12115
-3651
-12283
-3739
-12523
-3715
-12803
-3723
-13091
-3755
-13315
-3723
-13571
-3643
-13739
-3731
-13995
-3755
-14219
-3691
-14539
-3739
-14675
-3755
-14963
-3667
-15155
-3627
-15395
-3755
-15691
-3707
-15971
-3635
-16227
-3747
-16387
-3643
-16691
-3755
-16851
-3643
-17171
-3723
-17371
-3723
-17675
-3683
-17907
-3651
-18123
-3683
-18275
-3699
-18579
-3723
-18811
-3939
125
-3915
5
-3935
-235
-3903
-503
-3879
-787
-3855
-1003
-3927
-1271
-3915
-1571
-3915
-1707
-3979
-1979
-3911
-2271
-3883
-2507
-3907
-2711
-3947
-2943
-3995
-3275
-3911
-3391
-3983
-3723
-3891
-3951
-3891
-4127
-3927
-4407
-3855
-4639
-3967
-4907
-3943
-5087
-3939
-5387
-3907
-5591
-3979
-5811
-3959
-6027
-3955
-6275
-3931
-6547
-3979
-6847
-3891
-7015
-3911
-7315
-3943
-7535
-3971
-7807
-3955
-8035
-3887
-8227
-3979
-8411
-3939
-8759
-3883
-8931
-3891
-9151
-3943
-9443
-3955
-9707
-3907
-9883
-3875
-10211
-3963
-10467
-3915
-10627
-3931
-10859
-3979
-11155
-3963
-11395
-3995
-11611
-3891
-11803
-3939
-12147
-3939
-12371
-3891
-12523
-3939
-12835
-3875
-13107
-3923
-13315
-3995
-13507
-3931
-13811
-3995
-13987
-3923
-14283
-3915
-14443
-3907
-14707
-3923
-15019
-3963
-15259
-3931
-15507
-3979
-15643
-3987
-15939
-3939
-16163
-3987
-16403
-3979
-16603
-3883
-16923
-3907
-17091
-3955
-17427
-3931
-17627
-3939
-17851
-3995
-18107
-3955
-18299
-3987
-18611
-3955
-18867
-4203
109
-4163
-131
-4191
-343
-4147
-631
-4103
-827
-4227
-1019
-4203
-1271
-4155
-1459
-4151
-1735
-4103
-2039
-4163
-2195
-4147
-2415
-4207
-2739
-4103
-2987
-4087
-3207
-4199
-3419
-4227
-3599
-4211
-3891
-4147
-4139
-4179
-4343
-4107
-4695
-4223
-4907
-4171
-5087
-4191
-5283
-4111
-5567
-4187
-5767
-4179
-6011
-4155
-6351
-4227
-6491
-4139
-6807
-4115
-7063
-4083
-7279
-4179
-7567
-4111
-7767
-4211
-8019
-4151
-8171
-4179
-8443
-4211
-8703
-4227
-8931
-4143
-9239
-4211
-9447
-4131
-9747
-4235
-9931
-4211
-10187
-4147
-10347
-4219
-10675
-4147
-10827
-4195
-11179
-4139
-11419
-4123
-11595
-4179
-11851
-4187
-12091
-4147
-12291
-4211
-12603
-4187
-12819
-4219
-13107
-4195
-13235
-4163
-13491
-4235
-13779
-4235
-13987
-4147
-14243
-4163
-14539
-4235
-14755
-4171
-14955
-4195
-15163
-4219
-15443
-4139
-15667
-4219
-15947
-4179
-16163
-4211
-16435
-4115
-16627
-4115
-16859
-4219
-17155
-4227
-17435
-4203
-17635
-4195
-17827
-4235
-18139
-4155
-18267
-4227
-18595
-4139
-18819
-4403
109
-4439
-147
-4455
-323
-4403
-611
-4467
-795
-4431
-1075
-4355
-1315
-4399
-1519
-4359
-1811
-4475
-2051
-4447
-2195
-4467
-2479
-4415
-2735
-4447
-2947
-4459
-3243
-4355
-3379
-4443
-3699
-4415
-3895
-4331
-4151
-4423
-4443
-4443
-4663
-4387
-4819
-4387
-5075
-4375
-5347
-4363
-5579
-4347
-5819
-4439
-6035
-4387
-6347
-4367
-6539
-4439
-6839
-4439
-7083
-4467
-7279
-4455
-7563
-4403
-7755
-4451
-7987
-4427
-8215
-4411
-8539
-4391
-8771
-4451
-8947
-4419
-9207
-4403
-9499
-4451
-9667
-4379
-9947
-4427
-10187
-4435
-10395
-4475
-10651
-4435
-10827
-4355
-11195
-4443
-11307
-4451
-11643
-4363
-11875
-4403
-12115
-4379
-12347
-4475
-12635
-4363
-12867
-4435
-13043
-4435
-13251
-4467
-13491
-4467
-13795
-4451
-13995
-4467
-14291
-4363
-14467
-4379
-14723
-4355
-14939
-4475
-15251
-4363
-15499
-4411
-15675
-4347
-15979
-4475
-16211
-4355
-16427
-4435
-16611
-4403
-16931
-4475
-17195
-4435
-17371
-4411
-17635
-4419
-17907
-4467
-18131
-4347
-18291
-4435
-18507
-4355
-18859
-4599
125
-4679
-55
-4599
-299
-4675
-571
-4623
-835
-4643
-1047
-4575
-1295
-4607
-1567
-4623
-1755
-4695
-2031
-4623
-2231
-4679
-2527
-4575
-2783
-4567
-2895
-4647
-3255
-4639
-3391
-4599
-3723
-4643
-3959
-4687
-4159
-4635
-4383
-4631
-4667
-4695
-4919
-4691
-5179
-4591
-5407
-4671
-5551
-4643
-5799
-4659
-6103
-4691
-6363
-4655
-6519
-4583
-6867
-4683
-7079
-4615
-7275
-4703
-7455
-4591
-7691
-4671
-8043
-4583
-8211
-4695
-8467
-4655
-8771
-4659
-8939
-4671
-9231
-4575
-9415
-4675
-9715
-4659
-9947
-4675
-10179
-4651
-10387
-4715
-10595
-4683
-10947
-4675
-11195
-4651
-11435
-4691
-11555
-4643
-11851
-4691
-12099
-4627
-12387
-4587
-12595
-4651
-12771
-4675
-12987
-4659
-13355
-4627
-13483
-4643
-13715
-4707
-13971
-4667
-14259
-4707
-14531
-4595
-14723
-4603
-15027
-4611
-15171
-4691
-15483
-4651
-15627
-4683
-15907
-4619
-16219
-4627
-16371
-4595
-16699
-4683
-16931
-4675
-17067
-4611
-17371
-4691
-17587
-4691
-17883
-4715
-18075
-4659
-18379
-4715
-18635
-4675
-18867
-4887
149
-4891
-115
-4887
-359
-4911
-599
-4899
-831
-4871
-999
-4907
-1299
-4883
-1535
-4931
-1771
-4863
-1991
-4851
-2235
-4891
-2463
-4839
-2643
-4927
-2943
-4883
-3187
-4891
-3395
-4895
-3667
-4831
-3879
-4823
-4127
-4847
-4355
-4915
-4687
-4927
-4819
-4895
-5147
-4811
-5403
-4847
-5595
-4887
-5859
-4883
-6091
-4915
-6347
-4919
-6587
-4919
-6759
-4915
-6971
-4923
-7291
-4843
-7531
-4827
-7763
-4935
-8015
-4927
-8255
-4947
-8507
-4859
-8695
-4807
-8955
-4879
-9255
-4839
-9427
-4939
-9755
-4891
-9955
-4843
-10155
-4899
-10403
-4947
-10675
-4931
-10867
-4883
-11131
-4843
-11379
-4851
-11643
-4955
-11787
-4939
-12067
-4915
-12299
-4939
-12587
-4947
-12763
-4931
-13115
-4931
-13323
-4907
-13491
-4915
-13787
-4851
-13947
-4851
-14235
-4939
-14475
-4891
-14683
-4939
-14931
-4875
-15155
-4939
-15395
-4915
-15715
-4891
-15883
-4947
-16235
-4827
-16371
-4875
-16707
-4915
-16947
-4939
-17091
-4835
-17331
-4875
-17547
-4875
-17787
-4907
-18067
-4947
-18331
-4875
-18603
-4931
-18851
-5139
93
-5171
-83
-5099
-255
-5147
-519
-5147
-827
-5123
-1019
-5087
-1243
-5063
-1559
-5063
-1771
-5047
-1955
-5059
-2287
-5131
-2531
-5171
-2707
-5059
-2923
-5159
-3139
-5163
-3443
-5127
-3627
-5155
-3935
-5135
-4183
-5143
-4359
-5063
-4667
-5127
-4843
-5071
-5071
-5159
-5387
-5155
-5651
-5183
-5791
-5175
-6027
-5131
-6367
-5063
-6491
-5111
-6819
-5095
-7055
-5155
-7299
-5107
-7483
-5123
-7815
-5159
-7923
-5159
-8215
-5187
-8455
-5131
-8675
-5179
-8931
-5155
-9223
-5095
-9499
-5139
-9667
-5171
-9891
-5171
-10179
-5187
-10347
-5163
-10635
-5179
-10891
-5195
-11107
-5139
-11315
-5091
-11555
-5099
-11811
-5139
-12155
-5187
-12395
-5131
-12547
-5187
-12867
-5123
-12987
-5163
-13227
-5155
-13491
-5147
-13803
-5131
-14027
-5195
-14283
-5091
-14491
-5139
-14747
-5099
-14923
-5195
-15211
-5147
-15395
-5195
-15699
-5195
-15939
-5155
-16123
-5091
-16395
-5107
-16651
-5107
-16947
-5163
-17171
-5179
-17331
-5171
-17619
-5155
-17843
-5179
-18131
-5187
-18355
-5163
-18611
-5091
-18827
-5403
93
-5347
-135
-5379
-379
-5355
-555
-5307
-787
-5339
-1039
-5347
-1303
-5387
-1475
-5323
-1783
-5419
-1971
-5315
-2295
-5331
-2531
-5315
-2731
-5387
-2883
-5379
-3179
-5339
-3435
-5387
-3631
-5403
-3939
-5419
-4147
-5395
-4459
-5355
-4627
-5355
-4811
-5427
-5067
-5379
-5391
-5339
-5547
-5403
-5795
-5355
-6103
-5355
-6271
-5427
-6523
-5427
-6827
-5427
-7059
-5387
-7239
-5435
-7483
-5427
-7763
-5403
-7987
-5307
-8219
-5419
-8539
-5419
-8667
-5379
-9011
-5435
-9195
-5379
-9363
-5435
-9723
-5323
-9883
-5347
-10107
-5427
-10475
-5371
-10715
-5403
-10827
-5379
-11163
-5435
-11435
-5355
-11563
-5395
-11907
-5387
-12083
-5387
-12299
-5371
-12531
-5307
-12795
-5387
-13003
-5395
-13323
-5435
-13507
-5395
-13795
-5427
-14043
-5307
-14259
-5363
-14435
-5395
-14691
-5403
-14907
-5435
-15171
-5323
-15427
-5387
-15659
-5363
-15971
-5403
-16147
-5387
-16347
-5331
-16699
-5331
-16867
-5435
-17139
-5395
-17435
-5355
-17627
-5363
-17819
-5371
-18059
-5395
-18267
-5331
-18627
-5403
-18835
-5675
101
-5651
-43
-5675
-347
-5667
-571
-5555
-875
-5635
-1107
-5675
-1299
-5611
-1547
-5619
-1731
-5627
-2027
-5595
-2299
-5659
-2555
-5619
-2715
-5675
-2923
-5635
-3155
-5571
-3387
-5579
-3643
-5659
-3995
-5675
-4163
-5651
-4371
-5579
-4603
-5563
-4835
-5555
-5179
-5563
-5355
-5555
-5555
-5643
-5891
-5651
-6155
-5635
-6291
-5643
-6611
-5651
-6875
-5667
-7059
-5643
-7299
-5667
-7571
-5659
-7827
-5643
-8011
-5603
-8275
-5579
-8451
-5651
-8771
-5547
-8987
-5611
-9267
-5659
-9467
-5659
-9643
-5651
-9891
-5675
-10163
-5603
-10467
-5571
-10611
-5643
-10947
-5571
-11155
-5643
-11379
-5659
-11563
-5675
-11795
-5675
-12067
-5571
-12347
-5619
-12579
-5603
-12747
-5675
-13019
-5659
-13299
-5587
-13555
-5619
-13795
-5659
-14035
-5563
-14299
-5627
-14515
-5603
-14787
-5619
-14947
-5603
-15203
-5627
-15451
-5571
-15731
-5667
-15899
-5595
-16195
-5643
-16387
-5627
-16699
-5635
-16939
-5611
-17147
-5675
-17307
-5619
-17643
-5643
-17803
-5635
-18083
-5651
-18339
-5659
-18523
-5635
-18875
-5907
93
-5891
-115
-5891
-323
-5859
-627
-5859
-763
-5875
-1083
-5859
-1307
-5795
-1579
-5915
-1835
-5867
-2075
-5915
-2251
-5827
-2523
-5891
-2675
-5851
-2979
-5915
-3243
-5843
-3411
-5811
-3707
-5883
-3907
-5907
-4155
-5875
-4435
-5907
-4643
-5915
-4835
-5915
-5115
-5787
-5387
-5891
-5619
-5899
-5899
-5899
-6107
-5795
-6331
-5891
-6539
-5819
-6803
-5795
-7051
-5915
-7307
-5883
-7587
-5851
-7771
-5827
-7947
-5915
-8227
-5915
-8499
-5867
-8667
-5907
-8947
-5883
-9163
-5851
-9459
-5915
-9683
-5907
-9979
-5835
-10211
-5875
-10435
-5875
-10699
-5819
-10931
-5915
-11107
-5883
-11379
-5827
-11619
-5891
-11803
-5899
-12099
-5875
-12379
-5891
-12547
-5795
-12819
-5907
-13019
-5859
-13323
-5851
-13563
-5803
-13755
-5899
-13987
-5827
-14299
-5899
-14435
-5875
-14763
-5859
-14923
-5907
-15243
-5803
-15459
-5899
-15707
-5915
-15947
-5827
-16115
-5899
-16355
-5907
-16715
-5851
-16923
-5915
-17179
-5867
-17371
-5827
-17547
-5787
-17819
-5803
-18123
-5819
-18307
-5899
-18595
-5795
-18859
-6075
93
-6083
-35
-6139
-291
-6131
-507
-6123
-779
-6035
-1059
-6067
-1299
-6147
-1539
-6115
-1771
-6107
-1955
-6027
-2195
-6139
-2491
-6115
-2667
-6035
-2955
-6091
-3243
-6131
-3451
-6155
-3731
-6051
-3923
-6099
-4227
-6147
-4371
-6051
-4683
-6099
-4867
-6147
-5163
-6067
-5355
-6035
-5603
-6123
-5827
-6115
-6035
-6139
-6267
-6099
-6579
-6075
-6819
-6155
-7091
-6083
-7275
-6131
-7563
-6131
-7731
-6075
-8003
-6123
-8299
-6083
-8523
-6123
-8723
-6155
-9019
-6155
-9155
-6123
-9411
-6051
-9747
-6059
-9971
-6115
-10171
-6107
-10451
-6107
-10699
-6091
-10891
-6067
-11147
-6075
-11387
-6139
-11547
-6123
-11819
-6123
-12035
-6075
-12299
-6083
-12627
-6131
-12819
-6067
-13043
-6035
-13315
-6155
-13595
-6155
-13723
-6139
-13955
-6155
-14283
-6115
-14523
-6075
-14723
-6131
-14915
-6131
-15155
-6115
-15515
-6091
-15643
-6099
-15907
-6139
-16211
-6091
-16403
-6091
-16659
-6115
-16835
-6155
-17099
-6139
-17387
-6075
-17635
-6043
-17835
-6107
-18131
-6099
-18323
-6035
-18531
-6147
-18851
-6355
117
-6307
-139
-6387
-283
-6355
-523
-6307
-835
-6371
-1107
-6371
-1291
-6283
-1515
-6339
-1787
-6371
-1995
-6331
-2187
-6315
-2499
-6291
-2683
-6363
-3027
-6395
-3267
-6339
-3499
-6363
-3691
-6371
-3955
-6371
-4219
-6395
-4459
-6379
-4595
-6371
-4931
-6387
-5155
-6387
-5419
-6267
-5579
-6395
-5867
-6283
-6027
-6323
-6267
-6387
-6507
-6347
-6755
-6331
-7043
-6347
-7251
-6283
-7531
-6275
-7723
-6299
-8051
-6387
-8291
-6395
-8515
-6379
-8779
-6355
-9019
-6307
-9219
-6331
-9475
-6315
-9715
-6371
-9931
-6323
-10195
-6387
-10435
-6363
-10611
-6307
-10939
-6299
-11099
-6323
-11315
-6379
-11643
-6371
-11803
-6291
-12075
-6323
-12323
-6395
-12579
-6355
-12763
-6283
-13059
-6339
-13331
-6363
-13491
-6355
-13835
-6299
-13979
-6379
-14203
-6323
-14475
-6323
-14715
-6371
-14979
-6387
-15163
-6395
-15411
-6307
-15659
-6347
-15883
-6267
-16147
-6363
-16459
-6363
-16659
-6371
-16931
-6307
-17099
-6339
-17371
-6363
-17587
-6355
-17915
-6323
-18043
-6291
-18315
-6323
-18635
-6387
-18819
-6579
125
-6635
-35
-6539
-339
-6587
-619
-6627
-755
-6539
-987
-6619
-1307
-6627
-1579
-6507
-1731
-6571
-2019
-6627
-2187
-6555
-2555
-6635
-2667
-6611
-3027
-6547
-3195
-6627
-3419
-6635
-3691
-6603
-3875
-6611
-4171
-6563
-4355
-6539
-4603
-6539
-4867
-6555
-5195
-6611
-5435
-6627
-5555
-6611
-5795
-6627
-6099
-6523
-6291
-6539
-6571
-6627
-6851
-6595
-7115
-6619
-7323
-6611
-7579
-6547
-7771
-6603
-8043
-6547
-8299
-6611
-8531
-6579
-8739
-6627
-9035
-6627
-9187
-6595
-9443
-6627
-9747
-6563
-9979
-6595
-10131
-6579
-10395
-6603
-10715
-6611
-10915
-6595
-11123
-6595
-11371
-6523
-11571
-6547
-11907
-6547
-12035
-6571
-12291
-6635
-12627
-6555
-12827
-6515
-13091
-6635
-13299
-6563
-13523
-6619
-13707
-6507
-13995
-6627
-14299
-6611
-14483
-6603
-14763
-6611
-15003
-6635
-15155
-6611
-15459
-6571
-15627
-6563
-15995
-6587
-16147
-6619
-16435
-6579
-16627
-6635
-16867
-6611
-17115
-6547
-17363
-6603
-17595
-6595
-17875
-6627
-18051
-6547
-18347
-6571
-18563
-6523
-18851
-6827
93
-6795
-99
-6779
-331
-6835
-515
-6875
-771
-6859
-1075
-6867
-1315
-6835
-1539
-6819
-1835
-6843
-1963
-6875
-2267
-6843
-2547
-6859
-2731
-6875
-2979
-6763
-3195
-6771
-3387
-6843
-3651
-6867
-3955
-6779
-4179
-6851
-4363
-6811
-4595
-6835
-4931
-6771
-5075
-6795
-5355
-6827
-5595
-6819
-5899
-6795
-6075
-6747
-6307
-6859
-6507
-6779
-6827
-6875
-7027
-6859
-7315
-6867
-7507
-6835
-7835
-6747
-8051
-6835
-8275
-6875
-8523
-6875
-8795
-6859
-8995
-6859
-9251
-6755
-9515
-6843
-9675
-6835
-9979
-6819
-10155
-6859
-10395
-6763
-10659
-6843
-10955
-6803
-11187
-6787
-11347
-6795
-11611
-6843
-11907
-6875
-12091
-6851
-12331
-6819
-12531
-6779
-12755
-6835
-12995
-6803
-13235
-6747
-13507
-6747
-13811
-6779
-14011
-6747
-14235
-6835
-14483
-6851
-14707
-6843
-15019
-6859
-15203
-6771
-15499
-6835
-15651
-6795
-15923
-6859
-16203
-6747
-16475
-6827
-16643
-6859
-16883
-6835
-17147
-6851
-17307
-6763
-17667
-6803
-17827
-6859
-18059
-6835
-18339
-6779
-18611
-6819
-18875
-7027
93
-6995
-75
-7099
-355
-7091
-515
-7059
-867
-7099
-1019
-7051
-1267
-7083
-1523
-7091
-1835
-7107
-1979
-7043
-2227
-7051
-2515
-7011
-2779
-7099
-2955
-7099
-3155
-7075
-3467
-7115
-3643
-7115
-3995
-7115
-4171
-7059
-4475
-7115
-4643
-7107
-4915
-7051
-5163
-7083
-5307
-7107
-5667
-7115
-5795
-7091
-6139
-7043
-6291
-7035
-6619
-7051
-6827
-7115
-7011
-7091
-7283
-7099
-7483
-7075
-7731
-7075
-7995
-7003
-8299
-6987
-8475
-7115
-8795
-7083
-8995
-7051
-9259
-7059
-9483
-7019
-9723
-7027
-9899
-7043
-10203
-7107
-10347
-7011
-10595
-7027
-10923
-7043
-11171
-7075
-11435
-7011
-11611
-7099
-11883
-7011
-12043
-7115
-12339
-7043
-12611
-7115
-12787
-7043
-13107
-7115
-13315
-7091
-13467
-7035
-13795
-7107
-14011
-7107
-14195
-7051
-14483
-7035
-14715
-7059
-14907
-7067
-15227
-7075
-15491
-7075
-15667
-7075
-15987
-7099
-16131
-7003
-16475
-7027
-16611
-7027
-16923
-7051
-17147
-7051
-17435
-7059
-17547
-7107
-17827
-7107
-18139
-7035
-18355
-7059
-18595
-7099
-18867
-7331
117
-7299
-59
-7315
-347
-7243
-619
-7307
-747
-7323
-1091
-7299
-1267
-7355
-1539
-7243
-1779
-7331
-2043
-7243
-2315
-7331
-2435
-7227
-2707
-7331
-2955
-7291
-3195
-7235
-3507
-7339
-3667
-7283
-3971
-7259
-4107
-7307
-4443
-7339
-4611
-7347
-4883
-7275
-5083
-7331
-5339
-7331
-5675
-7307
-5859
-7347
-6059
-7251
-6275
-7307
-6563
-7299
-6811
-7291
-7091
-7347
-7355
-7355
-7507
-7243
-7811
-7347
-8027
-7355
-8259
-7323
-8483
-7315
-8747
-7227
-8923
-7307
-9179
-7323
-9499
-7291
-9683
-7331
-9979
-7283
-10147
-7331
-10435
-7347
-10619
-7291
-10931
-7243
-11147
-7235
-11339
-7267
-11651
-7331
-11803
-7355
-12139
-7267
-12315
-7331
-12547
-7331
-12787
-7315
-13075
-7355
-13339
-7291
-13555
-7339
-13795
-7323
-13971
-7307
-14235
-7355
-14555
-7307
-14771
-7339
-14939
-7307
-15275
-7299
-15403
-7339
-15691
-7331
-15907
-7307
-16195
-7283
-16467
-7339
-16667
-7275
-16827
-7267
-17083
-7323
-17323
-7355
-17555
-7283
-17899
-7267
-18099
-7315
-18315
-7331
-18539
-7355
-18835
-7579
101
-7587
-131
-7523
-355
-7587
-531
-7515
-755
-7587
-995
-7563
-1339
-7499
-1539
-7587
-1771
-7595
-1971
-7579
-2211
-7515
-2507
-7491
-2675
-7579
-2963
-7499
-3147
-7539
-3387
-7499
-3675
-7587
-3955
-7563
-4131
-7579
-4355
-7499
-4707
-7555
-4891
-7483
-5139
-7555
-5363
-7595
-5595
-7571
-5803
-7579
-6043
-7515
-6299
-7507
-6627
-7563
-6787
-7579
-7011
-7587
-7275
-7515
-7499
-7595
-7723
-7555
-8003
-7539
-8307
-7571
-8523
-7555
-8763
-7475
-9027
-7563
-9187
-7579
-9499
-7587
-9667
-7571
-9899
-7579
-10147
-7547
-10379
-7475
-10707
-7595
-10915
-7507
-11187
-7555
-11435
-7563
-11611
-7587
-11835
-7523
-12115
-7563
-12371
-7523
-12563
-7547
-12835
-7491
-13027
-7507
-13243
-7507
-13579
-7539
-13771
-7547
-13987
-7483
-14219
-7507
-14515
-7531
-14707
-7467
-15011
-7563
-15187
-7547
-15507
-7587
-15675
-7475
-15947
-7531
-16139
-7531
-16371
-7531
-16683
-7475
-16835
-7547
-17115
-7539
-17419
-7539
-17643
-7539
-17851
-7523
-18139
-7555
-18355
-7531
-18539
-7563
-18859
-7755
141
-7755
-59
-7795
-283
-7819
-619
-7747
-779
-7811
-1083
-7803
-1331
-7787
-1547
-7811
-1723
-7795
-2003
-7779
-2291
-7835
-2547
-7763
-2675
-7723
-2987
-7827
-3163
-7787
-3515
-7795
-3643
-7827
-3963
-7803
-4115
-7771
-4371
-7715
-4707
-7835
-4843
-7755
-5139
-7803
-5379
-7803
-5611
-7779
-5883
-7835
-6115
-7819
-6395
-7835
-6539
-7803
-6787
-7747
-7107
-7747
-7259
-7795
-7539
-7787
-7819
-7787
-7955
-7731
-8267
-7787
-8515
-7803
-8699
-7787
-9011
-7811
-9179
-7819
-9491
-7763
-9747
-7755
-9947
-7803
-10115
-7779
-10379
-7779
-10619
-7827
-10899
-7835
-11195
-7811
-11331
-7795
-11635
-7835
-11827
-7771
-12091
-7771
-12395
-7819
-12635
-7819
-12851
-7715
-13035
-7755
-13323
-7827
-13555
-7739
-13739
-7835
-14035
-7771
-14243
-7787
-14491
-7795
-14755
-7803
-14947
-7827
-15155
-7731
-15467
-7755
-15635
-7795
-15923
-7715
-16171
-7723
-16411
-7707
-16603
-7819
-16891
-7803
-17099
-7803
-17323
-7811
-17555
-7819
-17915
-7747
-18075
-7819
-18323
-7795
-18571
-7731
-18859
-8035
109
-8043
-59
-7947
-283
-8075
-635
-8067
-827
-8075
-1059
-8067
-1339
-8027
-1531
-8027
-1739
-8019
-2043
-8035
-2299
-8075
-2547
-8027
-2691
-8003
-2963
-7947
-3203
-8075
-3507
-8003
-3699
-8067
-3979
-7987
-4155
-8043
-4427
-8011
-4667
-8075
-4843
-8003
-5123
-7995
-5339
-8043
-5627
-8035
-5803
-8035
-6099
-8059
-6363
-8043
-6619
-7963
-6803
-8051
-7035
-7963
-7243
-8003
-7467
-8059
-7723
-8067
-7963
-8011
-8315
-8035
-8491
-8075
-8731
-8051
-9035
-7963
-9187
-8059
-9419
-7979
-9731
-8051
-9995
-8035
-10131
-7979
-10459
-7955
-10611
-7995
-10867
-8003
-11067
-8043
-11347
-7955
-11643
-8003
-11803
-8043
-12139
-8059
-12355
-8027
-12595
-7955
-12763
-8067
-13099
-8011
-13315
-7963
-13507
-8035
-13803
-8075
-14067
-8027
-14291
-7979
-14451
-8035
-14707
-7971
-15019
-8035
-15163
-8075
-15387
-7995
-15755
-8003
-15939
-8035
-16131
-8059
-16395
-8011
-16595
-8003
-16939
-8003
-17123
-7971
-17339
-8019
-17555
-7947
-17899
-8035
-18107
-8035
-18323
-8051
-18507
-8051
-18867
-8299
109
-8267
-131
-8315
-387
-8203
-563
-8275
-835
-8307
-1011
-8291
-1227
-8307
-1595
-8195
-1787
-8203
-2043
-8243
-2203
-8315
-2531
-8259
-2723
-8275
-2979
-8315
-3163
-8211
-3411
-8291
-3643
-8307
-3979
-8243
-4219
-8195
-4459
-8235
-4691
-8291
-4843
-8187
-5099
-8299
-5323
-8283
-5547
-8291
-5867
-8315
-6059
-8187
-6283
-8251
-6595
-8315
-6811
-8187
-7075
-8299
-7251
-8195
-7539
-8283
-7755
-8291
-8043
-8315
-8187
-8283
-8547
-8251
-8691
-8219
-8987
-8299
-9267
-8203
-9467
-8235
-9747
-8267
-9963
-8315
-10227
-8227
-10467
-8315
-10699
-8283
-10915
-8299
-11155
-8227
-11411
-8275
-11675
-8315
-11843
-8275
-12131
-8235
-12307
-8291
-12523
-8187
-12859
-8267
-13019
-8227
-13291
-8299
-13595
-8283
-13835
-8275
-13971
-8275
-14227
-8195
-14507
-8243
-14779
-8275
-14947
-8235
-15275
-8251
-15387
-8211
-15755
-8315
-15979
-8195
-16187
-8291
-16451
-8187
-16651
-8195
-16915
-8315
-17123
-8315
-17435
-8307
-17611
-8227
-17915
-8315
-18043
-8195
-18379
-8267
-18531
-8307
-18859
-8531
93
-8515
-131
-8427
-355
-8475
-627
-8531
-859
-8515
-1011
-8515
-1259
-8491
-1587
-8483
-1763
-8475
-2043
-8451
-2227
-8491
-2547
-8467
-2699
-8539
-3019
-8531
-3195
-8555
-3395
-8539
-3675
-8467
-3971
-8483
-4171
-8539
-4475
-8491
-4587
-8435
-4827
-8515
-5171
-8523
-5395
-8507
-5667
-8531
-5867
-8555
-6139
-8507
-6371
-8451
-6627
-8451
-6755
-8507
-7011
-8523
-7243
-8435
-7579
-8451
-7803
-8483
-8043
-8515
-8291
-8427
-8539
-8475
-8755
-8555
-8931
-8507
-9163
-8443
-9395
-8547
-9691
-8555
-9923
-8555
-10187
-8547
-10403
-8459
-10683
-8547
-10947
-8539
-11195
-8539
-11355
-8539
-11547
-8555
-11795
-8483
-12099
-8531
-12267
-8491
-12523
-8467
-12835
-8499
-13027
-8443
-13347
-8507
-13587
-8491
-13795
-8491
-14019
-8539
-14195
-8443
-14507
-8523
-14675
-8491
-14931
-8547
-15147
-8539
-15395
-8435
-15723
-8555
-15963
-8523
-16171
-8531
-16387
-8507
-16691
-8507
-16859
-8531
-17171
-8555
-17435
-8467
-17643
-8539
-17867
-8499
-18035
-8539
-18331
-8531
-18595
-8555
-18867
-8683
133
-8779
-139
-8795
-331
-8739
-627
-8795
-747
-8771
-1011
-8675
-1339
-8771
-1571
-8715
-1795
-8763
-1987
-8667
-2275
-8723
-2427
-8731
-2755
-8763
-2931
-8795
-3251
-8707
-3515
-8795
-3675
-8779
-3947
-8755
-4163
-8763
-4419
-8763
-4667
-8779
-4883
-8739
-5171
-8779
-5363
-8795
-5619
-8683
-5915
-8691
-6115
-8755
-6395
-8739
-6507
-8771
-6803
-8787
-7091
-8667
-7243
-8683
-7555
-8771
-7827
-8667
-8019
-8747
-8187
-8795
-8547
-8779
-8723
-8795
-8971
-8755
-9147
-8771
-9507
-8699
-9739
-8755
-9883
-8787
-10219
-8739
-10363
-8747
-10675
-8667
-10883
-8699
-11179
-8779
-11435
-8707
-11611
-8699
-11819
-8771
-12131
-8787
-12355
-8715
-12555
-8779
-12803
-8787
-13099
-8747
-13307
-8779
-13595
-8795
-13779
-8771
-13947
-8739
-14307
-8683
-14555
-8795
-14795
-8779
-15019
-8771
-15243
-8779
-15491
-8691
-15627
-8795
-15907
-8771
-16227
-8795
-16355
-8683
-16691
-8763
-16851
-8683
-17091
-8795
-17371
-8699
-17571
-8707
-17915
-8699
-18027
-8675
-18307
-8747
-18563
-8787
-18875
-9011
101
-8907
-75
-8987
-283
-8979
-507
-9027
-755
-9035
-1027
-9027
-1315
-8947
-1499
-8963
-1835
-8979
-1979
-8971
-2299
-8987
-2531
-8923
-2707
-9003
-2907
-9011
-3163
-8971
-3427
-8971
-3643
-9027
-3979
-9035
-4131
-9003
-4395
-9027
-4683
-8971
-4915
-9011
-5163
-9003
-5331
-8947
-5571
-8939
-5787
-8963
-6067
-8987
-6379
-8955
-6635
-8907
-6835
-8979
-7027
-9035
-7275
-8907
-7499
-9019
-7755
-8979
-7963
-8963
-8259
-9003
-8555
-9019
-8739
-8939
-9035
-8963
-9195
-9011
-9515
-9011
-9723
-9035
-9955
-8987
-10147
-8923
-10395
-8955
-10667
-9011
-10843
-9035
-11179
-8963
-11307
-8987
-11603
-8923
-11875
-9019
-12027
-9003
-12395
-9035
-12507
-9003
-12859
-9003
-13003
-8979
-13251
-8907
-13499
-8963
-13795
-9027
-13963
-9019
-14283
-9019
-14547
-9035
-14731
-8931
-14939
-9019
-15219
-8931
-15467
-8931
-15731
-9027
-15947
-8995
-16235
-9035
-16427
-8987
-16667
-9019
-16851
-8995
-17139
-8987
-17355
-9027
-17651
-8955
-17883
-9003
-18059
-9011
-18331
-8915
-18587
-8947
-18875
-9227
85
-9147
-67
-9147
-275
-9155
-579
-9259
-819
-9259
-1083
-9179
-1339
-9243
-1483
-9171
-1707
-9251
-1971
-9267
-2251
-9187
-2483
-9243
-2739
-9235
-2915
-9227
-3259
-9171
-3459
-9267
-3667
-9267
-3931
-9187
-4171
-9155
-4387
-9203
-4659
-9227
-4875
-9251
-5187
-9155
-5403
-9259
-5675
-9267
-5819
-9267
-6027
-9251
-6339
-9275
-6635
-9219
-6803
-9267
-7051
-9171
-7227
-9227
-7531
-9163
-7755
-9259
-8067
-9163
-8267
-9267
-8435
-9243
-8795
-9187
-8923
-9203
-9267
-9219
-9515
-9171
-9691
-9267
-9987
-9267
-10211
-9171
-10475
-9251
-10611
-9267
-10843
-9251
-11099
-9211
-11403
-9243
-11563
-9275
-11827
-9243
-12115
-9275
-12299
-9195
-12507
-9227
-12819
-9259
-13019
-9155
-13275
-9155
-13531
-9243
-13763
-9195
-13987
-9259
-14275
-9163
-14467
-9211
-14683
-9275
-14987
-9251
-15195
-9267
-15459
-9219
-15755
-9275
-15979
-9155
-16163
-9235
-16443
-9259
-16683
-9275
-16867
-9171
-17075
-9251
-17371
-9219
-17611
-9275
-17851
-9187
-18139
-9243
-18379
-9171
-18507
-9235
-18851
-9483
85
-9427
-91
-9451
-315
-9475
-635
-9443
-867
-9435
-1003
-9483
-1339
-9507
-1483
-9515
-1715
-9435
-2035
-9459
-2187
-9507
-2451
-9483
-2699
-9483
-2923
-9459
-3203
-9499
-3499
-9483
-3747
-9467
-3995
-9483
-4123
-9507
-4459
-9427
-4659
-9443
-4835
-9427
-5163
-9387
-5387
-9435
-5619
-9403
-5851
-9475
-6139
-9451
-6323
-9451
-6547
-9475
-6763
-9483
-7083
-9435
-7307
-9419
-7555
-9483
-7779
-9395
-7987
-9387
-8187
-9507
-8523
-9435
-8795
-9403
-8923
-9459
-9203
-9451
-9403
-9483
-9731
-9403
-9955
-9507
-10131
-9403
-10435
-9443
-10659
-9451
-10939
-9435
-11115
-9499
-11339
-9475
-11627
-9459
-11819
-9515
-12155
-9451
-12339
-9499
-12515
-9459
-12859
-9443
-13019
-9411
-13227
-9475
-13555
-9411
-13715
-9515
-14059
-9459
-14219
-9427
-14507
-9451
-14723
-9475
-14947
-9411
-15235
-9435
-15491
-9483
-15755
-9443
-15955
-9427
-16131
-9515
-16379
-9435
-16707
-9451
-16867
-9483
-17163
-9507
-17323
-9419
-17571
-9507
-17795
-9467
-18155
-9475
-18291
-9499
-18563
-9483
-18851
-9667
85
-9691
-35
-9723
-371
-9739
-611
-9659
-747
-9715
-1075
-9691
-1331
-9643
-1523
-9723
-1731
-9723
-2003
-9691
-2187
-9747
-2427
-9755
-2787
-9691
-2987
-9683
-3155
-9739
-3403
-9747
-3723
-9723
-3931
-9635
-4211
-9715
-4395
-9739
-4635
-9755
-4827
-9651
-5099
-9747
-5371
-9635
-5587
-9755
-5859
-9691
-6075
-9739
-6283
-9627
-6563
-9747
-6803
-9755
-7035
-9699
-7291
-9683
-7475
-9755
-7819
-9747
-7995
-9723
-8307
-9739
-8427
-9635
-8723
-9627
-8947
-9747
-9179
-9691
-9435
-9691
-9699
-9683
-9907
-9739
-10163
-9691
-10371
-9739
-10587
-9659
-10923
-9715
-11179
-9755
-11419
-9715
-11611
-9707
-11875
-9667
-12131
-9755
-12307
-9667
-12523
-9683
-12771
-9643
-13059
-9723
-13299
-9723
-13483
-9707
-13827
-9715
-14011
-9651
-14283
-9707
-14539
-9675
-14707
-9731
-14995
-9747
-15235
-9723
-15395
-9691
-15699
-9699
-15883
-9715
-16179
-9643
-16435
-9659
-16715
-9627
-16867
-9739
-17155
-9659
-17315
-9747
-17571
-9723
-17899
-9651
-18051
-9715
-18339
-9755
-18515
-9651
-18835
-9971
93
-9987
-131
-9971
-315
-9979
-619
-9963
-819
-9955
-1067
-9963
-1339
-9867
-1531
-9931
-1819
-9923
-2019
-9899
-2307
-9995
-2475
-9987
-2795
-9979
-2907
-9867
-3243
-9979
-3443
-9907
-3699
-9995
-3947
-9891
-4179
-9875
-4387
-9947
-4619
-9867
-4899
-9923
-5115
-9995
-5363
-9995
-5547
-9963
-5891
-9995
-6043
-9995
-6299
-9995
-6571
-9995
-6835
-9947
-6987
-9971
-7291
-9979
-7587
-9891
-7707
-9971
-8019
-9875
-8227
-9947
-8531
-9971
-8683
-9963
-8947
-9995
-9147
-9971
-9451
-9971
-9715
-9899
-9891
-9995
-10163
-9987
-10459
-9947
-10643
-9899
-10915
-9883
-11099
-9987
-11331
-9915
-11547
-9987
-11883
-9963
-12123
-9891
-12323
-9923
-12627
-9995
-12859
-9987
-13083
-9987
-13291
-9931
-13595
-9923
-13779
-9971
-14043
-9883
-14307
-9947
-14539
-9899
-14675
-9979
-14931
-9979
-15243
-9995
-15467
-9931
-15755
-9867
-15971
-9971
-16139
-9979
-16347
-9963
-16587
-9939
-16947
-9963
-17139
-9955
-17371
-9963
-17627
-9971
-17899
-9995
-18123
-9875
-18363
-9883
-18547
-9947
-18859
-10227
141
-10195
-139
-10203
-331
-10235
-531
-10171
-779
-10211
-995
-10187
-1347
-10235
-1539
-10203
-1755
-10131
-2027
-10107
-2219
-10227
-2523
-10211
-2723
-10211
-2963
-10235
-3155
-10139
-3491
-10235
-3723
-10171
-3995
-10115
-4179
-10227
-4427
-10163
-4635
-10179
-4931
-10187
-5099
-10227
-5411
-10195
-5595
-10107
-5883
-10163
-6075
-10235
-6363
-10139
-6515
-10163
-6803
-10235
-7043
-10211
-7331
-10227
-7467
-10203
-7739
-10211
-7947
-10123
-8243
-10155
-8467
-10227
-8675
-10155
-8939
-10163
-9203
-10195
-9483
-10203
-9651
-10235
-9899
-10171
-10187
-10123
-10467
-10171
-10611
-10203
-10875
-10235
-11195
-10187
-11435
-10227
-11555
-10235
-11819
-10219
-12091
-10195
-12307
-10219
-12627
-10155
-12803
-10139
-12987
-10187
-13275
-10123
-13547
-10163
-13787
-10163
-13971
-10227
-14307
-10211
-14459
-10131
-14747
-10123
-14907
-10227
-15219
-10115
-15491
-10211
-15659
-10203
-15931
-10171
-16139
-10115
-16467
-10131
-16715
-10211
-16843
-10195
-17139
-10235
-17411
-10219
-17595
-10203
-17899
-10179
-18099
-10227
-18267
-10123
-18563
-10203
-18851
-10435
109
-10467
-123
-10419
-387
-10475
-531
-10467
-827
-10443
-1059
-10443
-1235
-10427
-1491
-10451
-1723
-10427
-2067
-10427
-2291
-10443
-2443
-10451
-2731
-10459
-2939
-10411
-3179
-10459
-3475
-10467
-3643
-10459
-3883
-10411
-4187
-10427
-4443
-10451
-4611
-10451
-4947
-10419
-5147
-10475
-5347
-10411
-5635
-10427
-5867
-10459
-6123
-10411
-6331
-10475
-6571
-10467
-6843
-10443
-7107
-10443
-7291
-10475
-7579
-10475
-7771
-10459
-7963
-10443
-8259
-10459
-8435
-10443
-8763
-10451
-8939
-10467
-9147
-10427
-9387
-10451
-9715
-10443
-9971
-10459
-10171
-10411
-10475
-10427
-10595
-10459
-10891
-10411
-11195
-10451
-11339
-10451
-11667
-10475
-11787
-10451
-12091
-10467
-12339
-10467
-12627
-10475
-12795
-10467
-13019
-10467
-13315
-10451
-13555
-10467
-13731
-10467
-14043
-10451
-14299
-10475
-14515
-10459
-14707
-10475
-15011
-10411
-15155
-10459
-15427
-10419
-15715
-10411
-15923
-10411
-16211
-10459
-16475
-10467
-16683
-10459
-16931
-10475
-17107
-10475
-17347
-10411
-17611
-10467
-17899
-10459
-18035
-10435
-18363
-10467
-18595
-10459
-18859
